1;-0.00036359;0.000116065;9.94843e-05;-0.00036359;0.000116065;9.94843e-05;0.0349769;0.0347456;0.0352595;0.0349768;0.0347455;0.0352594;0.808667;0.808665;0.808666;0.808667;0.808665;0.808666;0;0;0;0;0;0;
2;0.00107396;0.00233224;-0.00119821;-0.00507247;-0.00484009;-0.00648848;0.165593;0.171382;0.153666;0.167559;0.187759;0.0991677;0.472391;0.472401;0.472365;0.472399;0.472406;0.472323;1;1;1;1;1;1;
3;-0.00421003;-0.0018631;-0.00946705;-0.00609785;-0.0038539;-0.00928737;0.0967963;0.102791;0.0939667;0.104077;0.127423;0.0789228;0.275892;0.275899;0.275878;0.275905;0.275908;0.275849;0.678226;1;1;0.908158;0.745919;0.882567;
4;-0.00182338;0.00386924;-0.00489421;-0.00419573;-0.00161578;-0.00605904;0.0565047;0.066007;0.0548574;0.0608139;0.0743975;0.0461221;0.161125;0.161134;0.161121;0.161135;0.161141;0.161102;0.864941;1;1;0.950049;1;1;
5;0.00629066;0.00246956;-0.00198222;-0.00332634;-6.75965e-05;-0.00472528;0.0327469;0.0402304;0.0335404;0.035775;0.0446878;0.0283251;0.0941;0.0941074;0.0940989;0.094106;0.0941118;0.0940874;1;1;1;1;1;1;
6;0.00569177;0.000335258;-5.04307e-05;-0.000917301;0.00111372;-0.00461859;0.020765;0.0371444;0.0340504;0.0242927;0.0395002;0.0332335;0.0549564;0.0549618;0.0549568;0.0549603;0.0549649;0.0549501;1;1;1;1;1;1;
7;0.00515908;0.00108127;0.00121369;-0.00169787;0.00495655;-0.0049473;0.0193747;0.036681;0.02779;0.0233659;0.0353491;0.0315636;0.0320963;0.0321007;0.0320976;0.0320987;0.0321026;0.0320939;1;1;1;0.706821;1;1;
8;0.0048486;-0.000501717;0.00155716;-0.00192828;0.00420485;-0.00478413;0.0187871;0.0360199;0.0247506;0.0251054;0.0338325;0.0347794;0.018746;0.0187493;0.0187476;0.018747;0.0187508;0.0187457;1;1;1;1;1;1;
9;0.00337029;0.000273034;-0.000289803;0.00021803;0.00377289;-0.00333261;0.0154409;0.0362544;0.0223029;0.029959;0.0287497;0.0368705;0.0109496;0.0109519;0.0109512;0.0109505;0.010953;0.0109503;1;1;1;0.815901;1;1;
10;0.00107333;0.00214126;-0.00510294;0.00102279;0.00130868;-0.00105125;0.0143659;0.0372572;0.0221169;0.0277976;0.0385065;0.0336355;0.0063967;0.00639816;0.00639797;0.00639703;0.00696343;0.00639737;1;0.847971;1;0.748553;1;1;
11;-0.00301893;0.00489672;-0.00662631;0.00424344;-0.00288116;0.00303183;0.0106351;0.0375661;0.0142397;0.0318004;0.0347596;0.0391154;0.00373791;0.00373838;0.00373909;0.00373731;0.0134163;0.00373792;1;0.974198;1;0.517157;1;1;
12;-0.0100624;0.0111596;-0.0121697;0.010778;-0.00998173;0.0100701;0.0110529;0.041947;0.0137313;0.0363969;0.0289269;0.0439425;0.00218549;0.00218517;0.00316707;0.00218418;0.00923594;0.00218518;1;0.973219;1;0.579349;1;1;
13;-0.021334;0.0219753;-0.0225654;0.0217524;-0.0212866;0.0213386;0.0106081;0.0422007;0.0125064;0.0367434;0.0274996;0.044274;0.00226723;0.00127815;0.00298955;0.00127712;0.00885448;0.00127835;1;0.918513;1;0.578676;1;1;
14;-0.037955;0.03833;-0.0386748;0.0381999;-0.0379272;0.0379578;0.0136984;0.0409444;0.0149812;0.0335725;0.0292357;0.0417587;0.00232247;0.00193439;0.00216473;0.000747515;0.00730108;0.00134952;1;0.915026;1;0.602225;1;1;
15;-0.0602466;0.0604659;-0.0606674;0.0603898;-0.0602284;0.0602478;0.0222675;0.0359758;0.0246161;0.021542;0.0337491;0.0314255;0.00193673;0.00532752;0.00224213;0.000623076;0.00426663;0.00288281;1;0.854108;1;0.833391;1;1;
16;-0.0866999;0.086828;-0.0869456;0.0867837;-0.0866876;0.0866997;0.0453555;0.0268786;0.0426321;0.00114957;0.0432743;0.0173492;0.00113256;0.0122903;0.00131074;0.0028033;0.0024927;0.0077748;1;1;1;0.987401;1;1;
17;-0.113098;0.113173;-0.113241;0.113147;-0.113091;0.113097;0.0593661;0.00242679;0.0577759;-0.0322011;0.0581489;-0.0227151;0.000661951;0.0198192;0.00076584;0.0048135;0.00145529;0.0171961;0.517234;1;0.693599;1;0;1;
18;-0.132789;0.132833;-0.132872;0.132818;-0.132785;0.132788;0.0962345;-0.0503194;0.0953059;-0.080367;0.0955237;-0.0748203;0.000386212;0.0307285;0.000446905;0.00558783;0.000849489;0.0278785;0;1;0;0.99159;0;1;
19;-0.138305;0.157985;-0.138354;0.138322;-0.138303;0.138304;0.143984;-0.110026;0.143441;-0.134714;0.143569;-0.131467;0.000225125;0.0391804;0.000260596;0.00334323;0.000495673;0.0224045;0;1;0;1;0;1;
20;-0.123563;0.135057;-0.123591;0.123572;-0.123561;0.123561;0.18621;-0.157824;0.185894;-0.180794;0.185968;-0.178893;0.0001311;0.022887;0.000151793;0.00243149;0.000289022;0.0150476;0;1;0;1;0;1;
21;-0.084383;0.0910974;-0.0843997;0.0843886;-0.0843823;0.0843819;0.215068;-0.164726;0.214883;-0.211903;0.214926;-0.208587;7.60614e-05;0.0151803;8.8127e-05;0.0014209;0.000168326;0.00879065;0;1;0;1;0;1;
22;-0.0173034;0.0212256;-0.0173132;0.0173067;-0.0173029;0.0173027;0.230618;-0.179973;0.23051;-0.228767;0.230535;-0.212369;4.39344e-05;0.00886836;5.09661e-05;0.000830466;9.7781e-05;0.00513497;0;1;0;1;0;1;
23;0.0725462;-0.070255;0.0725405;-0.072544;0.0725467;-0.0725469;0.22965;-0.170866;0.228562;-0.213214;0.230064;-0.206925;2.51924e-05;0.00517888;2.92708e-05;0.000484798;5.65585e-05;0.00299919;0;1;0;1;0;1;
24;0.159619;-0.158281;0.159616;-0.159618;0.15962;-0.15962;0.222816;-0.135033;0.219653;-0.18156;0.223058;-0.183054;1.4228e-05;0.00302443;1.66344e-05;-0.00816478;3.24803e-05;0.000346625;0;1;0;1;0;1;
25;0.22249;-0.22171;0.222488;-0.22249;0.222491;-0.222491;0.203368;-0.0929311;0.201521;-0.135762;0.20351;-0.14863;7.87471e-06;-0.00488067;9.25616e-06;-0.00476808;1.84069e-05;-0.00406054;0;1;0;1;0;1;
26;0.261128;-0.260673;0.261126;-0.261127;0.261128;-0.261129;0.173101;-0.0421496;0.172023;-0.0777634;0.173184;-0.105953;4.1725e-06;0.0157963;4.96889e-06;-0.00278352;1.022e-05;-0.00237108;0;1;0;1;0;1;
27;0.282492;-0.282228;0.282492;-0.282494;0.282493;-0.282494;0.131553;0.010858;0.130922;-0.00745606;0.1316;-0.0589644;0.00331031;0.0209825;2.45337e-06;-0.00763799;5.59693e-06;-0.00138458;0.487543;1;0;1;0;1;
28;0.292153;-0.292;0.292154;-0.292156;0.292154;-0.292156;0.0749111;0.0487298;0.0745381;0.041457;0.0749343;-0.031842;0.0125554;0.0122564;0.00510205;0.00472709;0.00409667;0.0043314;1;1;1;1;0.611614;1;
29;0.292697;-0.296661;0.292216;-0.29607;0.291819;-0.297486;-0.000528831;0.0727392;-0.000741956;0.0684927;-0.000508852;0.0256889;0.00836614;0.00715752;0.0159289;0.00276083;0.0297007;0.00253084;1;0;1;0.313234;1;1;
30;0.283745;-0.286061;0.283465;-0.285716;0.28583;-0.286543;-0.0853788;0.127551;-0.0854918;0.125071;-0.0853501;0.100074;0.00597852;0.00417959;0.023073;0.00161193;0.0490368;0.00147758;1;0;1;0;1;0;
31;0.263364;-0.264716;0.2632;-0.264515;0.264581;-0.264998;-0.156217;0.180847;-0.156276;0.179399;-0.156189;0.164801;0.00349365;0.00244045;0.0134786;0.000940942;0.0286442;0.000862529;1;0;1;0;1;0;
32;0.231803;-0.232593;0.231708;-0.232475;0.232514;-0.232757;-0.203289;0.217675;-0.203319;0.216829;-0.199461;0.208304;0.00204186;0.00142474;0.00787327;0.000549027;0.0167321;0.000503268;1;0;1;0;1;0;
33;0.189545;-0.190007;0.18949;-0.189938;0.18996;-0.190103;-0.231018;0.239421;-0.231031;0.238927;-0.205234;0.233949;0.00119321;0.00083151;0.00459855;0.000320133;0.00977204;0.000293426;1;0;1;0;1;0;
34;0.133929;-0.134199;0.133897;-0.134158;0.134172;-0.134255;-0.245634;0.250543;-0.229105;0.250255;-0.205977;0.247347;0.000696904;0.000485036;0.00268525;0.00018645;0.0057059;0.000170851;1;0;1;0;1;0;
35;0.0591826;-0.0593399;0.0591638;-0.0593164;0.0593249;-0.0593727;-0.241927;0.250025;-0.223484;0.249672;-0.19759;0.249228;0.000406344;0.000282693;0.00156798;0.000108379;0.00333073;9.92515e-05;1;0;1;0;1;0;
36;-0.0359188;0.0358271;-0.0359297;0.0358407;-0.0358352;0.0358078;-0.220821;0.226623;-0.212174;0.23583;-0.177105;0.235746;-3.15375e-05;0.000164517;0.000915615;6.27698e-05;0.00194447;5.74394e-05;1;0;1;0;1;0;
37;-0.132208;0.132154;-0.132214;0.132162;-0.132159;0.132143;-0.18518;0.204093;-0.190742;0.210796;-0.151169;0.20413;-0.00664115;9.55681e-05;-0.00348583;3.63269e-05;0.00434333;3.32576e-05;1;0;1;0;1;0;
38;-0.205021;0.20499;-0.205024;0.204994;-0.204993;0.204983;-0.140679;0.197154;-0.160507;0.201068;-0.0986276;0.167575;-0.00387751;5.52784e-05;-0.0020352;2.06421e-05;0.00708568;1.88089e-05;1;0;1;0;1;0;
39;-0.250955;0.250937;-0.250957;0.250939;-0.25094;0.250933;-0.0864457;0.175088;-0.118618;0.177374;-0.0504045;0.157814;0.0079286;3.17672e-05;-0.00118785;1.16222e-05;0.0175514;1.05725e-05;1;0;1;0;1;0;
40;-0.277084;0.277072;-0.277085;0.277072;-0.277075;0.27707;-0.0203269;0.139976;-0.0572604;0.141314;-0.00888455;0.129888;0.0191896;1.81173e-05;-0.0109772;0.00826752;0.018291;5.77435e-06;1;0;1;0.680589;1;0;
41;-0.289952;0.289945;-0.289952;0.289943;-0.289949;0.289944;0.0382739;0.089798;0.0307557;0.0905869;0.0325008;0.0839061;0.0210587;1.06515e-05;-0.0131883;0.0127858;0.0106843;3.01423e-06;1;0.200275;1;1;1;0;
42;-0.293162;0.293028;-0.293162;0.293156;-0.29316;0.293157;0.0542848;0.0205189;0.0586569;0.020978;0.0509125;0.017076;0.0122993;0.0201711;-0.00769964;0.0131348;0.00623977;0.00668518;0.747958;1;1;1;0.439102;1;
43;-0.287143;0.279011;-0.287143;0.287139;-0.287142;0.287139;0.106999;-0.0632966;0.109553;-0.0630434;0.10503;-0.0653135;0.0071823;0.0373554;-0.00449668;0.00905151;0.00364368;0.0200538;0;1;0;0.725955;0;1;
44;-0.270065;0.265317;-0.270065;0.270062;-0.270064;0.270062;0.165082;-0.139545;0.166573;-0.13941;0.163932;-0.140726;0.0041941;0.0305313;-0.00262645;0.00528836;0.00212745;0.0193317;0;1;0;0.626572;0;1;
45;-0.241493;0.238721;-0.241493;0.241491;-0.241493;0.241491;0.207742;-0.191722;0.208613;-0.192748;0.20707;-0.19351;0.0024489;0.0178348;-0.00153427;0.00309012;0.00124195;0.0112928;0;1;0;0.639135;0;1;
46;-0.202303;0.200684;-0.202303;0.202302;-0.202303;0.202302;0.233802;-0.208832;0.234311;-0.225045;0.23341;-0.225485;0.00142966;0.0104165;-0.000896488;0.0018052;0.000724777;0.00659589;0;1;0;1;0;1;
47;-0.150865;0.14992;-0.150865;0.150864;-0.150865;0.150864;0.247823;-0.21324;0.24812;-0.242708;0.247594;-0.23143;0.000834408;0.00608149;-0.000524043;0.00105382;0.000422713;0.00385174;0;1;0;1;0;1;
48;-0.0819839;0.0814329;-0.0819839;0.0819836;-0.0819841;0.0819836;0.252481;-0.203545;0.250259;-0.2456;0.250628;-0.225401;0.000486757;0.00354992;-0.000306562;-0.00111907;0.000246307;0.00224904;0;1;0;1;0;1;
49;0.00835588;-0.00867653;0.00835587;-0.00835598;0.00835557;-0.00835611;0.240784;-0.188324;0.238621;-0.230184;0.23607;-0.216146;0.000283735;0.00207176;-0.000179572;-0.000654634;0.000143272;0.00131331;0;1;0;1;0;1;
50;0.107335;-0.107521;0.107335;-0.107335;0.107334;-0.107335;0.214347;-0.157704;0.211832;-0.203239;0.212684;-0.199134;0.000165182;0.00120913;-0.000105386;-0.00942381;8.31188e-05;0.000705919;0;1;0;1;0;1;
51;0.187852;-0.187961;0.187852;-0.187853;0.187852;-0.187853;0.206965;-0.124565;0.189168;-0.158265;0.206576;-0.168499;9.6e-05;0.000706145;-6.18738e-05;-0.00550429;4.8049e-05;-0.00643348;0;1;0;1;0;1;
52;0.240617;-0.240681;0.240617;-0.240618;0.240616;-0.240617;0.186108;-0.0700984;0.175715;-0.104565;0.185881;-0.129483;5.55911e-05;0.00481767;-3.66713e-05;-0.00474561;2.75369e-05;-0.00375634;0;1;0;1;0;1;
53;0.27144;-0.271479;0.27144;-0.271442;0.27144;-0.271441;0.153108;-0.0105539;0.147039;-0.0381898;0.152976;-0.0748517;3.2127e-05;0.0175609;-2.18413e-05;0.0142288;1.56313e-05;-0.00219308;0.210741;1;0;1;0;1;
54;0.287466;-0.287491;0.287467;-0.287469;0.287467;-0.287468;0.106614;0.0376366;0.103065;0.0169603;0.106531;0.0183849;0.00419029;0.0218313;0.000650055;0.0174084;8.846e-06;0.0174112;1;1;0.446914;1;0.05465;1;
55;0.293158;-0.293173;0.293158;-0.29316;0.293158;-0.293159;0.0423038;0.0637325;0.0402344;0.0555446;0.0422611;0.0773413;0.00705475;0.0127505;0.0140147;0.0101676;0.0250161;0.0101701;1;0.841495;1;0.570365;1;1;
56;0.289812;-0.289821;0.289813;-0.289814;0.291982;-0.289814;-0.0394358;0.101363;-0.0406346;0.096581;-0.0394463;0.109311;0.00831105;0.00744586;0.0200278;0.00593741;0.0298751;0.00593953;1;0;1;0;1;0.362683;
57;0.275954;-0.27596;0.275955;-0.275956;0.277223;-0.275956;-0.120375;0.156541;-0.121064;0.153749;-0.120366;0.161183;0.00485549;0.00434794;0.0169193;0.00346704;0.0376914;0.00346821;1;0;1;0;1;0;
58;0.250435;-0.250439;0.250436;-0.250436;0.251177;-0.250437;-0.180383;0.201505;-0.180779;0.199875;-0.180367;0.204216;0.00283716;0.00253873;0.00988369;0.00202429;0.0220166;0.00202498;1;0;1;0;1;0;
59;0.214178;-0.214181;0.214179;-0.214179;0.214611;-0.214179;-0.217849;0.230186;-0.218076;0.229234;-0.203788;0.23177;0.00165791;0.00148211;0.00577324;0.00118168;0.01286;0.00118211;1;0;1;0;1;0;
60;0.166495;-0.166497;0.166496;-0.166496;0.166748;-0.166496;-0.238972;0.246178;-0.23135;0.245622;-0.20926;0.247103;0.000968437;0.000864994;0.00337162;0.000689592;0.00750967;0.000689835;1;0;1;0;1;0;
61;0.103062;-0.103062;0.103062;-0.103062;0.10321;-0.103062;-0.248718;0.253353;-0.227245;0.253029;-0.204594;0.253893;0.000565078;0.000504574;0.00196875;0.000402216;0.0043838;0.000402341;1;0;1;0;1;0;
62;0.0184143;-0.0184143;0.0184145;-0.0184143;0.0185012;-0.0184144;-0.235208;0.239661;-0.219716;0.243318;-0.192052;0.2437;0.000328939;0.000294096;0.00114961;0.000234377;-0.00149622;0.000234437;1;0;1;0;1;0;
63;-0.0808901;0.0808906;-0.0808899;0.0808901;-0.0808393;0.0808901;-0.211174;0.21722;-0.206678;0.227086;-0.169874;0.226547;-0.00431693;0.00017119;0.000236602;0.00013638;-0.00718367;0.000136411;1;0;1;0;1;0;
64;-0.168493;0.168493;-0.168493;0.168493;-0.168463;0.168493;-0.166278;0.188514;-0.183057;0.219123;-0.127613;0.218808;-0.00411198;9.94206e-05;-0.0113331;7.91616e-05;-0.00419569;7.91979e-05;1;0;1;0;1;0;
65;-0.228616;0.228615;-0.228615;0.228615;-0.228599;0.228615;-0.122855;0.180361;-0.141542;0.198236;-0.0804455;0.198052;-0.0024007;5.75582e-05;-0.00661819;4.57799e-05;0.000195374;4.57948e-05;1;0;1;0;1;0;
66;-0.264694;0.264692;-0.264692;0.264691;-0.264683;0.264691;-0.0712583;0.155971;-0.0890083;0.16641;-0.0409447;0.166303;-0.0167525;3.31766e-05;-0.00386415;2.62511e-05;0.00011541;2.62782e-05;1;0;1;0;1;0;
67;-0.28422;0.284216;-0.284217;0.284217;-0.284212;0.284216;0.0089231;0.116642;-0.0249752;0.122739;0.0365244;0.122676;0.00260514;1.89478e-05;0.00978833;1.4915e-05;-0.00354426;1.4957e-05;1;0;1;0;1;0;
68;-0.292491;0.291872;-0.29249;0.292488;-0.292486;0.292488;0.0664943;0.0594707;0.0510454;0.063029;0.0574117;0.0629936;0.0221879;0.0237362;0.00853522;0.00453845;0.00649623;0.0110774;1;1;1;0.922763;1;1;
69;-0.292415;0.28519;-0.292349;0.286738;-0.292803;0.286842;0.0909316;-0.0173525;0.0819104;-0.0152872;0.0856271;-0.0152996;0.0129575;0.0332737;0.00498494;0.00753902;0.00379341;0.0204233;0;1;0.538393;0.912404;0;1;
70;-0.281366;0.277147;-0.281328;0.278051;-0.281593;0.278112;0.143489;-0.100501;0.138221;-0.0993109;0.140391;-0.0993081;0.00756668;0.0449805;0.00291074;0.00575692;0.00221494;0.0180673;0;1;0;0.722381;0;1;
71;-0.258826;0.256361;-0.258803;0.256889;-0.258958;0.256925;0.191902;-0.166784;0.188825;-0.1661;0.190093;-0.166092;0.00441844;0.0262744;0.0016994;0.00382785;0.00129308;0.0105546;0;1;0;0.850395;0;1;
72;-0.225357;0.223917;-0.225344;0.224225;-0.225434;0.224246;0.224393;-0.197921;0.222597;-0.209323;0.223337;-0.209314;0.00257991;0.0153472;0.000992011;0.00223661;0.000754666;0.00616499;0;1;0;0.944471;0;1;
73;-0.181033;0.180192;-0.181025;0.180372;-0.181078;0.180384;0.243166;-0.202784;0.242116;-0.234363;0.242549;-0.233497;0.00150612;0.00896362;0.000578799;0.00130669;0.000440192;0.00360046;0;1;0;1;0;1;
74;-0.122519;0.122028;-0.122515;0.122133;-0.122545;0.12214;0.252324;-0.204367;0.251711;-0.247004;0.251964;-0.230535;0.000879048;0.00523403;0.00033749;0.000762998;0.000256508;0.00210215;0;1;0;1;0;1;
75;-0.0439236;0.043637;-0.043921;0.0436984;-0.043939;0.0437024;0.248016;-0.194596;0.246946;-0.239313;0.247192;-0.223043;0.000512836;0.00305569;0.000196552;0.000444774;0.000149238;0.00122719;0;1;0;1;0;1;
76;0.0534334;-0.0536003;0.0534349;-0.0535648;0.0534244;-0.0535626;0.232823;-0.172414;0.232518;-0.216054;0.223452;-0.210698;0.000298967;0.00178451;0.000114257;-0.00131496;8.66008e-05;0.00071647;0;1;0;1;0;1;
77;0.146915;-0.147013;0.146916;-0.146992;0.14691;-0.146991;0.226023;-0.139585;0.225036;-0.179588;0.199379;-0.189929;0.000174102;0.00104263;6.62332e-05;-0.00666888;5.00462e-05;-0.00655991;0;1;0;1;0;1;
78;0.214773;-0.214831;0.214773;-0.214818;0.21477;-0.214817;0.207056;-0.0939665;0.206479;-0.129352;0.191496;-0.154159;0.000101196;0.00618685;3.81893e-05;-0.00389384;2.87289e-05;-0.00383046;0;1;0;1;0;1;
79;0.256701;-0.256737;0.256701;-0.256729;0.256699;-0.256727;0.177377;-0.0413821;0.17704;-0.0734779;0.16829;-0.108928;5.86409e-05;0.011709;2.18501e-05;0.00689349;1.62972e-05;-0.00223616;0;1;0;1;0;1;
80;0.280129;-0.280152;0.28013;-0.280148;0.280129;-0.280145;0.136803;0.00931829;0.136604;-0.00146512;0.131494;-0.0362131;0.0055576;0.0219497;1.23273e-05;0.0290019;9.10701e-06;0.00339289;0.848725;1;0;1;0;1;
81;0.291148;-0.291163;0.291149;-0.291161;0.291148;-0.291158;0.0817534;0.0511056;0.0816326;0.0481493;0.0786488;0.0529333;0.0138477;0.0183787;0.00941306;0.0235689;0.00930749;0.0211944;1;1;1;0.931595;0.444345;1;
82;0.292811;-0.292821;0.291445;-0.292819;0.291231;-0.293981;0.00804221;0.0695542;0.00797371;0.0678277;0.00623521;0.0706257;0.0125002;0.0107333;0.0192042;0.0137646;0.0446471;0.01238;1;0.206331;1;0;1;1;
83;0.28502;-0.285026;0.284221;-0.285025;0.284096;-0.285704;-0.0769546;0.122274;-0.0769849;0.121265;-0.0724186;0.1229;0.0103793;0.00626787;0.0250941;0.00803797;0.0601691;0.00722949;1;0;1;0;1;0;
84;0.265888;-0.265892;0.265422;-0.265892;0.265349;-0.266288;-0.150064;0.176533;-0.150074;0.175945;-0.147401;0.176899;0.00859986;0.00365999;0.0175521;0.00469374;0.0386791;0.00422154;1;0;1;0;1;0;
85;0.235439;-0.235442;0.235167;-0.235442;0.235124;-0.235673;-0.199478;0.214938;-0.199478;0.214594;-0.197913;0.215152;0.0057972;0.00213691;0.0102533;0.0027407;0.022592;0.00246494;1;0;1;0;1;0;
86;0.194343;-0.194344;0.194184;-0.194344;0.194159;-0.194479;-0.228875;0.237906;-0.228871;0.237705;-0.216998;0.23803;0.00338697;0.00124738;0.00598905;0.00160011;0.0131925;0.00143907;1;0;1;0;1;0;
87;0.140326;-0.140327;0.140233;-0.140327;0.140219;-0.140406;-0.244601;0.249876;-0.229508;0.249759;-0.211344;0.249949;0.00197818;0.000727882;0.0034975;0.000933965;0.00770157;0.000839924;1;0;1;0;1;0;
88;0.0677849;-0.0677852;0.0677309;-0.0677852;0.0677228;-0.0678314;-0.243512;0.251067;-0.223561;0.250598;-0.198842;0.250604;0.00115461;0.000424503;0.00204239;0.000544925;0.00449556;0.000489992;1;0;1;0;1;0;
89;-0.025706;0.0257061;-0.0257375;0.0257059;-0.0257418;0.0256789;-0.225663;0.230251;-0.214126;0.236756;-0.182719;0.238054;-0.00559983;0.000247331;0.00119282;0.000317725;-0.00265902;0.000285631;1;0;1;0;1;0;
90;-0.123251;0.123251;-0.123269;0.123251;-0.123272;0.123235;-0.193565;0.207239;-0.196607;0.20474;-0.158333;0.21319;-0.00327088;0.000143894;-0.0020105;0.000185238;-0.00499393;0.000166516;1;0;1;0;1;0;
91;-0.198942;0.198942;-0.198953;0.198942;-0.198955;0.198933;-0.144257;0.171314;-0.165917;0.175661;-0.107155;0.204119;-0.00259235;8.34618e-05;-0.00387825;0.000107604;-0.00963392;9.66613e-05;1;0;1;0;1;0;
92;-0.247327;0.247327;-0.247333;0.247327;-0.247336;0.247321;-0.0920374;0.161981;-0.127226;0.16452;-0.0528729;0.181139;0.00395103;4.82546e-05;-0.00226493;6.24819e-05;3.17823e-05;5.60467e-05;1;0;1;0;1;0;
93;-0.275124;0.275124;-0.275128;0.275123;-0.275131;0.275121;-0.0157864;0.134851;-0.0967079;0.136335;-0.00805241;0.146039;0.0204908;2.77738e-05;-0.00132273;0.00559688;0.0271846;3.22999e-05;1;0;1;0.718991;1;0;
94;-0.289122;0.289121;-0.289124;0.289118;-0.289127;0.289119;0.0247319;0.0902697;-0.0384732;0.0911471;0.0280654;0.0968035;0.0158415;1.58639e-05;-0.000771061;0.0207681;0.0170492;1.84762e-05;1;0;1;1;1;0;
95;-0.293239;0.293224;-0.293241;0.293237;-0.293242;0.293238;0.042477;0.0252654;0.00499631;0.0257818;0.0447944;0.0290805;0.00925372;0.019105;0.00500984;0.0239305;0.00995799;0.0061112;1;0.956816;1;1;0.929949;1;
96;-0.288223;0.286142;-0.288225;0.288222;-0.288226;0.280389;0.0961286;-0.0538586;0.0742419;-0.0562618;0.0974818;-0.054328;0.00540371;0.0507066;0.00292594;0.018672;0.00581506;0.0347471;0;1;0.628393;0.854936;0;1;
97;-0.27234;0.277923;-0.272341;0.272339;-0.272342;0.267561;0.156986;-0.123707;0.144204;-0.133702;0.157776;-0.132558;0.00315536;0.0577133;0.00170835;0.0109066;0.00339558;0.0474211;0;1;0;0.649042;0;1;
98;-0.244882;0.248144;-0.244883;0.244881;-0.244883;0.242089;0.202624;-0.177628;0.19516;-0.189026;0.203086;-0.188348;0.00184235;0.03565;0.000997254;0.00637036;0.00198253;0.0276993;0;1;0;0.846493;0;1;
