1;-0.000363588;0.000116064;9.94838e-05;-0.000363588;0.000116064;9.94838e-05;0.0349769;0.0347456;0.0352595;0.0349769;0.0347456;0.0352594;0.808667;0.808665;0.808666;0.808667;0.808665;0.808666;0;0;0;0;0;0;
2;-0.00078625;0.000173076;0.00063201;-0.0020838;0.000425672;-0.000195559;0.110228;0.12156;0.113451;0.118187;0.127173;0.122838;0.472339;0.472356;0.47234;0.47235;0.472359;0.472352;1;1;1;1;1;1;
3;-0.00437588;0.000301919;0.0013001;-0.00456538;0.00290837;0.00149664;0.0713196;0.0797888;0.0734528;0.0733591;0.0823011;0.0746721;0.275856;0.275862;0.275855;0.275862;0.275862;0.275861;0;0;0;0;0;0;
4;-0.000559153;0.000756095;0.00173068;-0.00323212;0.00039719;-0.000753227;0.139355;0.148004;0.144054;0.155508;0.162402;0.154412;0.161121;0.161128;0.161121;0.161124;0.161129;0.161123;0.769804;0.528887;0.962661;0.5703;0.429256;1;
5;0.000861682;0.000309115;0.0013555;-0.00207553;-1.34983e-05;-0.00115674;0.15653;0.160422;0.160658;0.158968;0.159579;0.158242;0.153417;0.15955;0.15432;0.137891;0.145682;0.137381;0.727639;0.511597;0.912628;0.558901;0.4891;1;
6;0.00160664;7.00643e-05;0.00118558;-0.00138285;-0.000257679;-0.00142083;0.152044;0.156676;0.156149;0.157801;0.158159;0.157141;0.154958;0.159903;0.155947;0.139884;0.147557;0.139238;0.747276;0.473544;0.93174;0.554703;0.435118;1;
7;0.00189676;0.000349833;0.00146482;-0.00118351;-3.71429e-05;-0.00125037;0.146319;0.152025;0.150736;0.161773;0.16111;0.161185;0.150185;0.153611;0.150869;0.143464;0.152126;0.142642;0.77947;0.476206;0.965558;0.543921;0.428382;1;
8;0.0018118;0.000146966;0.00130445;-0.00133038;-0.000282373;-0.00147266;0.144351;0.151669;0.14892;0.163322;0.161299;0.162687;0.148582;0.149858;0.149154;0.142256;0.152295;0.141417;0.79824;0.451017;0.982159;0.539232;0.454088;1;
9;0.00198411;0.000364508;0.00146187;-0.000995083;8.46464e-05;-0.00112892;0.143854;0.153185;0.148302;0.16279;0.158625;0.16205;0.150188;0.148735;0.15075;0.138565;0.151084;0.138071;0.80181;0.40534;0.993012;0.529774;0.489572;1;
10;0.00129915;-0.00024442;0.000827732;-0.000856945;0.000171533;-0.000944109;0.141881;0.153518;0.146313;0.163189;0.15651;0.162649;0.151334;0.146495;0.151054;0.136051;0.151848;0.136215;0.805988;0.36154;1;0.517754;0.523053;1;
11;0.000388179;-0.000890531;2.73183e-05;2.41458e-05;0.00100958;2.83649e-05;0.138482;0.152907;0.143196;0.165092;0.156246;0.164614;0.1519;0.142621;0.149362;0.134079;0.153171;0.136109;0.812677;0.320952;1;0.511534;0.546771;0.942789;
12;-0.001116;-0.00207152;-0.00145977;0.00138346;0.00206592;0.00139368;0.135799;0.152499;0.140843;0.166341;0.156045;0.166403;0.152781;0.139241;0.146904;0.131734;0.153688;0.136086;0.805392;0.284144;1;0.517234;0.569144;0.870137;
13;-0.00325741;-0.00376085;-0.00369584;0.00379302;0.0038746;0.00370349;0.134596;0.152094;0.140394;0.16598;0.155458;0.167191;0.154702;0.137991;0.143303;0.128468;0.152575;0.136111;0.769044;0.388503;1;0.537921;0.578863;0.789883;
14;-0.00640451;-0.00620343;-0.00698224;0.00718717;0.00634612;0.00695737;0.136207;0.150821;0.142399;0.163344;0.154992;0.164417;0.155931;0.139747;0.137465;0.125232;0.149438;0.139654;0.701467;0.417537;1;0.583057;0.54185;0.734222;
15;-0.0102108;-0.00909993;-0.0110898;0.011509;0.00925575;0.0110014;0.151103;0.154992;0.153799;0.14946;0.146962;0.147821;0.145659;0.139131;0.123688;0.130877;0.151358;0.156622;0.583823;0.42087;1;0.659265;0.594123;0.68335;
16;-0.0144585;-0.0117644;-0.0153166;0.0180871;0.0146954;0.0175463;0.160378;0.144132;0.161678;0.142376;0.157765;0.142592;0.147584;0.160565;0.116268;0.123279;0.126826;0.157738;0.183289;0.613561;1;0.799043;0.418952;0.857407;
17;-0.0527857;0.00434775;-0.00303259;0.0720282;-0.0538826;0.0715522;0.161969;0.137446;0.201635;0.0787809;0.129885;0.107799;0.0897421;0.214991;0.0868988;0.128423;0.0740688;0.183273;0.613526;0.401102;1;0.526715;0.411421;1;
18;-0.0975648;0.00539685;-0.00336716;0.108806;-0.098207;0.105986;0.178512;0.127731;0.240592;0.0247554;0.137417;0.0766106;0.0524126;0.27299;0.0660165;0.135425;0.0432554;0.199199;0.478168;0.57472;0.982145;0.671892;0;1;
19;-0.117229;-0.00250427;-0.0110005;0.119322;-0.11811;0.112083;0.215854;0.129885;0.277609;-0.0188345;0.168034;0.0376963;0.0306118;0.310637;0.0568478;0.1448;0.0252604;0.212784;0.459418;0.648791;0.818832;0.604809;0;1;
20;-0.0962859;0.0341187;-0.0429508;0.066907;-0.111769;0.0661173;0.255313;0.129587;0.275515;-0.0407204;0.200255;-0.0341404;0.0178762;0.369522;0.0332025;0.158393;0.0147514;0.179893;0.587502;0.724445;0.74849;0.542031;0;1;
21;-0.0804674;0.0518594;-0.0373063;0.0512947;-0.0774954;0.0508343;0.261221;0.123473;0.26951;-0.0399332;0.22327;-0.0316899;-0.0244946;0.351663;0.0193919;0.189769;0.00861423;0.171715;0.617197;0.774313;0.810025;0.541211;0;1;
22;-0.0945891;0.0313705;0.0101887;-0.00200921;-0.0132811;-0.00229605;0.265442;0.124129;0.266127;-0.0406793;0.235408;-0.0469523;-0.0184694;0.367037;0.0113269;0.182235;0.00503006;0.146274;0.833882;0.642382;0.385224;0.546964;0;1;
23;-0.114838;0.00517149;0.0886018;-0.0788389;0.0748951;-0.0840013;0.264033;0.126102;0.25488;-0.0313839;0.229279;-0.0587344;-0.024163;0.365011;0.00661482;0.18983;0.00293692;0.128173;1;0.500249;0.431244;0.425322;0;1;
24;-0.101948;-0.00956565;0.168994;-0.14245;0.160991;-0.166312;0.257597;0.109959;0.23755;-0.00388884;0.210495;-0.0708366;-0.033615;0.343935;0.0254377;0.184273;0.00171458;0.0926662;1;1;0;0.350479;0;1;
25;0.0102749;0.00921131;0.227966;-0.177461;0.223291;-0.226399;0.228671;0.109693;0.211973;0.00763091;0.196173;-0.113389;-0.0205229;0.266965;0.0148549;0.175424;0.0010008;-0.00650624;1;0.0679931;0;0.476177;0;1;
26;0.0131506;-0.0706631;0.264325;-0.202453;0.261595;-0.263409;0.190934;0.0742046;0.178126;0.0474185;0.168899;-0.0840814;-0.0108656;0.198226;0.00867453;0.163986;0.000584043;-0.0361958;1;0.288764;0;0.424114;0;1;
27;0.0258336;-0.104061;0.28436;-0.2158;0.282766;-0.283822;0.146005;0.0629628;0.134486;0.0951089;0.129098;-0.0469362;-0.00840366;0.135016;0.00506573;0.159632;0.000340584;-0.06079;1;0.059199;0;0.472459;0;1;
28;0.142246;-0.18795;0.293245;-0.210583;0.324015;-0.295418;0.116484;0.0386902;0.0766168;0.104707;0.0734743;-0.102542;0.0665097;0.0788488;0.00295803;0.102608;0.0098505;-0.14071;1;0;0;0.0983685;0.576705;1;
29;0.191049;-0.231876;0.297042;-0.243758;0.301007;-0.246926;0.0237543;0.066875;0.000460526;0.109649;0.046364;-0.0156225;0.0483066;0.0460465;0.00172689;0.0599233;0.14616;-0.151098;1;0;0;0;0;1;
30;0.166309;-0.248227;0.286284;-0.255166;0.25013;-0.247858;-0.0711846;0.124126;-0.0848047;0.149106;0.0402044;0.0759353;0.0429165;0.0268908;-0.0111456;0.0349943;0.221085;-0.126813;1;0;0.555827;0;0.617443;1;
31;0.1419;-0.242621;0.264844;-0.246674;0.212196;-0.261979;-0.138399;0.178847;-0.155879;0.193436;0.0495252;0.142378;0.0699126;0.0157038;0.0105175;0.020436;0.259555;-0.131768;1;0;0.936531;0;1;1;
32;0.146856;-0.219689;0.232665;-0.222057;0.116773;-0.231655;-0.132081;0.216507;-0.101689;0.225026;-0.000626785;0.195207;0.108301;0.0091706;0.108148;0.011934;0.188007;-0.0769561;1;0;1;0;1;0;
33;0.0990022;-0.182472;0.19005;-0.183853;0.075422;-0.189458;-0.133559;0.238739;-0.113146;0.243714;-0.0017993;0.2263;0.0985359;0.00535475;0.105191;0.00696907;0.187062;-0.044942;0.869424;0;1;0;1;0;
34;0.0317753;-0.129798;0.134223;-0.130605;0.0594397;-0.133878;-0.14161;0.250144;-0.148517;0.25305;0.0179293;0.24288;0.078559;0.00312672;0.0619676;0.00406926;0.208086;-0.0262465;1;0;1;0;1;0;
35;-0.0288893;-0.0567702;0.0593626;-0.0572412;0.015678;-0.0591529;-0.107952;0.247288;-0.126958;0.249661;-0.0109585;0.249566;0.11063;0.0018254;0.0874872;0.00237593;0.165005;-0.0153283;1;0;1;0;1;0;
36;-0.112617;0.0373279;-0.0357979;0.0370527;-0.0613252;0.0359363;-0.108392;0.230876;-0.141508;0.235219;0.00902873;0.234752;0.0872328;0.00106535;0.0639691;0.00138714;0.176712;-0.00895203;1;0;1;0;1;0;
37;-0.196551;0.133031;-0.132119;0.13287;-0.147041;0.132218;-0.0794781;0.203717;-0.1232;0.201244;0.0164361;0.200147;0.0951708;0.000621676;0.0705143;0.000809492;0.151044;-0.00522852;1;0;1;0;1;0;
38;-0.264356;0.205502;-0.204955;0.205408;-0.213677;0.205027;-0.0401336;0.187163;-0.0960256;0.194521;0.0248955;0.193626;0.0920279;0.000362527;0.0640478;0.000472424;0.13479;-0.00305373;1;0;0.720711;0;1;0;
39;-0.30772;0.251236;-0.25091;0.247703;-0.256004;0.250958;-0.0125766;0.169253;-0.0689739;0.173552;0.0435902;0.173028;0.0827307;0.000211213;0.043562;-0.000597176;0.119208;-0.00178384;1;0;0.807573;0.175148;1;0;
40;-0.322212;0.277247;-0.272351;0.265479;-0.267254;0.277085;0.0323847;0.136568;-0.0298123;0.139082;0.0393703;0.138772;0.0885861;0.000122909;0.0254432;-0.0143611;0.0845528;-0.00104214;1;0;1;0.646766;1;0;
41;-0.320269;0.291182;-0.267993;0.259439;-0.282969;0.289952;0.0628247;0.0878087;0.0187416;0.0892848;0.052425;0.0890947;0.0692403;0.010519;-0.0103568;0.0268359;0.0493863;-0.00060894;0.776301;0.109909;1;0.902777;0.911868;0;
42;-0.312477;0.263716;-0.278508;0.265548;-0.288587;0.300966;0.081596;0.0470591;0.0463217;0.0245547;0.0625471;0.0201057;0.0404371;0.0954415;-0.0145834;0.0552;0.0288405;0.0380128;0.155401;0.742423;1;0.868806;0;1;
43;-0.298422;0.220677;-0.290952;0.244764;-0.284471;0.282758;0.122949;0.0391308;0.102353;-0.0604124;0.111824;-0.0635398;0.0236146;0.153875;-0.00952706;0.0971195;0.0168424;0.0706824;0;1;0.68409;0.584386;0;1;
44;-0.276652;0.168232;-0.272289;0.218711;-0.268505;0.258359;0.174397;0.0403826;0.162369;-0.117998;0.1679;-0.120676;0.0137904;0.210296;-0.00556416;0.0924373;0.00983554;0.0649403;0;1;0;0.386996;0;1;
45;-0.24534;0.148943;-0.242792;0.187985;-0.240582;0.22738;0.213182;0.0219338;0.206157;-0.123816;0.209387;-0.127485;0.00805298;0.208872;-0.00324994;0.110822;0.00574346;0.0786996;0;1;0;0.499175;0;1;
46;-0.204549;0.0797772;-0.203061;0.17003;-0.201771;0.194058;0.236979;0.013639;0.232877;-0.1342;0.234763;-0.122298;0.00470252;0.201689;-0.00189833;0.100568;0.00335351;0.0923362;0;1;0;0.47021;0;1;
47;-0.152176;0.0331614;-0.151308;0.129585;-0.150554;0.146054;0.249678;0.0139345;0.247283;-0.137501;0.248384;-0.128931;0.00274568;0.201546;-0.00110912;0.088698;0.00195789;0.08476;0;1;0;0.553869;0;1;
48;-0.08275;0.0132423;-0.0822426;0.0691366;-0.0818028;0.0791863;0.248967;0.000866692;0.248961;-0.118059;0.249826;-0.130651;0.00160301;0.187743;-0.000648164;0.098661;0.0011428;0.0818137;0;1;0;0.609045;0;1;
49;0.00790852;-0.0485017;0.00820478;-0.0158736;0.0084616;-0.00997465;0.236522;0.009859;0.239049;-0.112343;0.237887;-0.137711;0.000935677;0.182611;-0.000379015;0.0891462;0.000666767;0.0690212;0;1;0;0.690976;0;1;
50;0.107073;-0.130777;0.107246;-0.111736;0.107396;-0.108268;0.216802;0.0162679;0.213023;-0.0914702;0.213364;-0.125966;0.000545941;0.165876;-0.000221848;0.0895492;0.000388829;0.0708633;0;1;0;0.817012;0;1;
51;0.1877;-0.201538;0.187801;-0.190428;0.187889;-0.18839;0.208981;0.0277441;0.206774;-0.0587937;0.203148;-0.102799;0.000318442;0.145834;-0.000129946;0.0873209;0.000226535;0.0685976;0;1;0;0.915931;0;1;
52;0.240528;-0.248605;0.240587;-0.242119;0.240638;-0.240929;0.187286;0.0476004;0.185997;-0.0278169;0.183879;-0.0777906;0.000185532;0.126891;-7.63211e-05;0.0740249;0.000131742;0.0536894;0;1;0;1;0;1;
53;0.264632;-0.269565;0.271422;-0.268047;0.271452;-0.271626;0.153796;0.0531936;0.153043;0.0134812;0.151807;-0.0409062;-0.0108305;0.0926456;-4.49762e-05;0.0755073;7.64673e-05;0.0348733;0.606019;1;0;1;0;1;
54;0.266908;-0.285885;0.287456;-0.282234;0.287474;-0.287348;0.107015;0.0536622;0.106571;0.0598267;0.105849;0.000250525;-0.00891691;0.0545712;-2.66666e-05;0.0746519;4.4248e-05;0.0203631;1;1;0;0.754324;0;1;
55;0.268155;-0.293136;0.293641;-0.288027;0.278976;-0.289985;0.0425457;0.0603367;0.0422774;0.0716295;0.0476795;0.0249606;0.0476563;0.0318695;0.0302887;0.0435995;0.0779494;0.00869551;1;0.270192;1;0.340466;0.666229;1;
56;0.251592;-0.2898;0.278947;-0.286816;0.238509;-0.29886;-0.0392821;0.0993794;-0.0394388;0.105975;0.0426393;0.0787252;0.085195;0.0186113;0.0612898;0.0254614;0.132746;0.0135634;1;0;1;0.0222879;0.758143;0.890392;
57;0.214782;-0.275948;0.237783;-0.274205;0.174019;-0.281238;-0.110537;0.155382;-0.113762;0.159234;0.038313;0.143321;0.0937605;0.0108686;0.0647231;0.0148689;0.195659;0.00792061;0.842356;0;1;0;0.955373;0;
58;0.169733;-0.250431;0.194562;-0.249414;0.150522;-0.253521;-0.118615;0.200829;-0.140314;0.203078;0.0212107;0.193785;0.100616;0.00634676;0.0773984;0.00868289;0.209879;0.00462508;1;0;1;0;0.912202;0;
59;0.158859;-0.214176;0.178401;-0.213582;0.105271;-0.21598;-0.130729;0.229791;-0.124804;0.231105;0.0120934;0.225678;0.10662;0.0037059;0.084701;0.00507028;0.199996;0.00270064;1;0;1;0;1;0;
60;0.13361;-0.166494;0.145603;-0.166147;0.0487314;-0.167548;-0.141718;0.245948;-0.131354;0.246715;0.0152853;0.243545;0.0870303;0.00216364;0.0851399;0.00296054;0.20383;0.00157667;1;0;1;0;0.962348;0;
61;0.0838474;-0.103061;0.0908674;-0.102858;0.0342494;-0.103676;-0.126226;0.253219;-0.131745;0.253667;0.00548829;0.251816;0.0973355;0.00126298;0.0816645;0.0017284;0.188536;0.000920251;1;0;1;0;0.988471;0;
62;0.00718232;-0.0184136;0.0113026;-0.018295;-0.0217737;-0.0187728;-0.118407;0.240236;-0.136918;0.241692;0.00758039;0.243697;0.0895101;0.000736949;0.0747311;0.00100892;0.182166;0.000536953;1;0;1;0;1;0;
63;-0.0874575;0.080891;-0.0850352;0.0809601;-0.104358;0.080681;-0.102665;0.222618;-0.127385;0.222252;0.0133958;0.221348;0.0824396;0.000429839;0.0695123;0.000588696;0.172503;0.000313057;1;0;1;0;1;0;
64;-0.17233;0.168493;-0.170909;0.168534;-0.182194;0.168371;-0.0694348;0.186246;-0.104181;0.188041;0.0158607;0.184456;0.082013;0.000250519;0.0723622;0.000343555;0.157585;0.000182498;1;0;1;0;0.948453;0;
65;-0.230853;0.228616;-0.230027;0.228639;-0.236613;0.228544;-0.0443638;0.178293;-0.0820374;0.179098;0.0432982;0.177202;0.0675731;0.000145739;0.0567206;0.000200087;0.137163;0.000106087;1;0;1;0;1;0;
66;-0.260857;0.264692;-0.265521;0.259967;-0.261726;0.26465;-0.00158405;0.154764;-0.0480272;0.155233;0.0494274;0.154126;0.0686544;8.46705e-05;0.0437535;-0.013075;0.102006;6.15379e-05;1;0;1;0.246705;0.936774;0;
67;-0.275795;0.284217;-0.284701;0.261052;-0.279905;0.284192;0.0383138;0.115937;-0.00828557;0.116213;0.0520056;0.115565;0.0676217;4.90143e-05;0.0255527;-0.0131083;0.0681839;3.55449e-05;1;0;1;0.749358;0.901107;0;
68;-0.282752;0.28953;-0.28984;0.258092;-0.288006;0.290614;0.06961;0.0590581;0.0418541;0.0592239;0.0639254;0.0588361;0.0498687;0.0323176;-0.0224932;0.0370093;0.0398213;0.0146541;0.43627;0.601333;1;1;0.547208;0.455831;
69;-0.285999;0.247164;-0.304173;0.264665;-0.289068;0.294016;0.0927507;0.0358333;0.0765479;-0.0174988;0.0894307;-0.0177265;0.0291226;0.109851;-0.0136195;0.0642303;0.023255;0.0628113;0;0.816329;1;0.833858;0;1;
70;-0.27762;0.197765;-0.288233;0.234952;-0.279412;0.264677;0.144551;0.0361065;0.13509;-0.100589;0.142612;-0.0993973;0.0170071;0.176348;-0.00803743;0.090769;0.0135805;0.0641148;0;1;0.38946;0.590452;0;1;
71;-0.256638;0.159606;-0.262836;0.180916;-0.257684;0.212845;0.192523;0.0197838;0.186997;-0.121455;0.19139;-0.135079;0.00993153;0.204598;-0.00469436;0.0927536;0.00793057;0.0653916;0;1;0;0.653001;0;1;
72;-0.224079;0.114678;-0.227698;0.144992;-0.22469;0.173914;0.224756;0.00410093;0.221529;-0.127611;0.224094;-0.132194;0.00579956;0.191816;-0.00274189;0.105184;0.00463082;0.0832046;0;1;0;0.685195;0;1;
73;-0.180286;0.0695094;-0.1824;0.12467;-0.180643;0.150989;0.243377;0.00823339;0.241493;-0.139833;0.242991;-0.136415;0.0033864;0.19685;-0.00160169;0.0894656;0.00270378;0.0785368;0;1;0;0.719039;0;1;
74;-0.122083;0.0491966;-0.123318;0.0861805;-0.122292;0.10498;0.252448;0.000640336;0.251347;-0.130749;0.252222;-0.136461;0.00197713;0.184749;-0.000935909;0.0967253;0.00157843;0.0770668;0;1;0;0.744047;0;1;
75;-0.0436689;0.00110009;-0.0443899;0.0226904;-0.0437909;0.0336917;0.247165;-0.00207701;0.247444;-0.120266;0.246935;-0.138575;0.00115419;0.176915;-0.000547019;0.0910662;0.000921162;0.0714556;0;1;0;0.804464;0;1;
76;0.0535821;-0.0784416;0.053161;-0.0658453;0.053511;-0.0593966;0.229708;0.00572694;0.2277;-0.110844;0.228211;-0.136257;0.000673531;0.169795;-0.000319967;0.081421;0.000537392;0.0656753;0;1;0;0.904517;0;1;
77;0.147002;-0.161516;0.146756;-0.154173;0.146961;-0.150387;0.198709;0.0145081;0.199605;-0.082052;0.196144;-0.116979;0.000392901;0.141996;-0.000187297;0.0859262;0.000313233;0.0743361;0;1;0;0.943858;0;1;
78;0.214823;-0.223295;0.21468;-0.219015;0.2148;-0.216795;0.191105;0.0285456;0.191628;-0.0525259;0.162195;-0.0911087;0.000229057;0.131712;-0.000109774;0.0740651;0.000182553;0.0599358;0;1;0;1;0;1;
79;0.256731;-0.261674;0.256647;-0.259179;0.256717;-0.257879;0.168062;0.0462083;0.168367;-0.0169926;0.151178;-0.064218;0.000133332;0.104046;-6.45458e-05;0.063144;0.000106029;0.0488908;0.0262475;1;0;1;0;0.97186;
80;0.267291;-0.280326;0.280098;-0.278262;0.280139;-0.28082;0.131363;0.0440252;0.131539;0.0276899;0.121501;-0.019689;-0.00991176;0.0680143;-3.80784e-05;0.0690094;6.14969e-05;0.0285556;0.707975;1;0;0.911879;0;1;
81;0.261756;-0.291264;0.291131;-0.288869;0.288781;-0.289988;0.0785767;0.057203;0.0786714;0.0594224;0.0728122;0.0263945;0.0337801;0.0397247;-2.2526e-05;0.0518617;0.0147512;-0.0143042;1;0.687115;0;0.564529;0.399487;1;
82;0.271308;-0.293066;0.298813;-0.291481;0.249698;-0.306372;0.00619583;0.071265;0.00624445;0.0744101;0.0391561;0.0596284;0.0614893;0.0231976;0.0449449;0.0302868;0.0977254;-0.016963;1;0;1;0.0380699;0.743907;1;
83;0.252178;-0.285169;0.283893;-0.284243;0.209517;-0.29294;-0.0780199;0.123273;-0.0779907;0.12511;0.0381213;0.116479;0.0934829;0.013547;0.0634501;0.0176869;0.163248;-0.0099057;0.76226;0;1;0;1;0.619493;
84;0.211145;-0.265976;0.24705;-0.265435;0.169709;-0.270514;-0.121502;0.177117;-0.129925;0.17819;0.0324814;0.173149;0.0979466;0.00791106;0.0611432;0.0103285;0.207156;-0.00578535;0.717318;0;1;0;1;0;
85;0.195269;-0.235491;0.223555;-0.235175;0.131545;-0.238141;-0.129699;0.215279;-0.128406;0.215905;0.0160408;0.212962;0.105038;0.0046195;0.0792271;0.00603137;0.204124;-0.00337909;0.863045;0;1;0;1;0;
86;0.170881;-0.194373;0.1874;-0.194188;0.0801362;-0.195921;-0.13471;0.238104;-0.129508;0.23847;0.00945135;0.236752;0.0959641;0.00269716;0.0856809;0.00352183;0.20012;-0.00197379;0.840522;0;1;0;1;0;
87;0.126616;-0.140343;0.136276;-0.140236;0.0213929;-0.141247;-0.139889;0.249992;-0.131193;0.250206;0.00863701;0.249202;0.0852663;0.00157456;0.0827171;0.00205624;0.195747;-0.00115321;0.911178;0;1;0;1;0;
88;0.0597675;-0.0677951;0.0654287;-0.0677318;-0.00167585;-0.0683226;-0.123579;0.248119;-0.135352;0.249206;0.00117814;0.249044;0.0954344;0.000918933;0.0779394;0.00120031;0.180133;-0.000673939;0.980006;0;0.964437;0;1;0;
89;-0.0303987;0.0257003;-0.0270717;0.0257373;-0.066271;0.0253923;-0.113486;0.233221;-0.140468;0.235131;0.00745585;0.236544;0.086254;0.000536053;0.0695402;0.000700511;0.175108;-0.000394062;1;0;0.849843;0;1;0;
90;-0.125996;0.123248;-0.124042;0.123269;-0.146938;0.123068;-0.0879517;0.207953;-0.123984;0.213281;0.0133654;0.205301;0.0859432;0.000312498;0.0687139;0.000408609;0.157854;-0.000230634;1;0;1;0;1;0;
91;-0.200539;0.198941;-0.199406;0.198953;-0.212773;0.198835;-0.059507;0.195865;-0.104019;0.204173;0.0295281;0.193176;0.0786728;0.000181988;0.0624706;0.000238224;0.142389;-0.000135039;1;0;0.91264;0;1;0;
92;-0.24825;0.247326;-0.247602;0.247333;-0.255402;0.247264;-0.0245671;0.176318;-0.0758389;0.18117;0.0462975;0.174748;0.0696164;0.00010575;0.0493267;0.000138669;0.117742;-7.93327e-05;1;0;0.871947;0;1;0;
93;-0.269028;0.275123;-0.275288;0.268726;-0.276578;0.275087;0.0185967;0.143224;-0.0358834;0.146057;0.0507718;0.142307;0.0679741;6.13091e-05;0.0288115;-0.00738545;0.0830034;-4.6736e-05;1;0;0.960162;0.29684;1;0;
94;-0.279804;0.289121;-0.289216;0.276638;-0.28997;0.2891;0.0659584;0.0951595;0.00425467;0.0968202;0.0457293;0.0946239;0.0685617;3.54097e-05;0.0168213;-0.004607;0.0484828;-2.76774e-05;0.875;0;1;0.572114;0.779165;0;
95;-0.287529;0.275366;-0.293163;0.267747;-0.304628;0.291949;0.0795339;0.0454976;0.0299721;0.0290985;0.0559164;0.0278072;0.0400409;0.0778503;0.00893827;0.0576418;0.0283127;0.0336;0.178856;0.652867;1;0.684368;0.139223;1;
96;-0.284889;0.225634;-0.298551;0.250654;-0.294875;0.275407;0.11777;0.0393965;0.0888298;-0.0543133;0.103977;-0.0550673;0.0233833;0.142263;0.0153207;0.0853228;0.0165342;0.0585764;0;1;0.636629;0.378996;0;1;
97;-0.270393;0.168304;-0.278372;0.210961;-0.276225;0.228899;0.169624;0.0346722;0.152723;-0.115279;0.161569;-0.125141;0.0136553;0.192141;0.00894686;0.0983131;0.00965552;0.0679158;0;1;0;0.454683;0;1;
98;-0.243744;0.142145;-0.248404;0.165283;-0.24715;0.186864;0.210005;0.01509;0.200135;-0.120437;0.205301;-0.142714;0.00797415;0.204978;0.00522442;0.102966;0.00563831;0.0776518;0;1;0;0.412477;0;1;
