1;-0.000363587;0.000116064;9.94836e-05;-0.000363587;0.000116064;9.94837e-05;0.0349769;0.0347455;0.0352594;0.0349769;0.0347456;0.0352595;0.808667;0.808665;0.808666;0.808667;0.808665;0.808666;0;0;0;0;0;0;
2;5.27685e-05;-9.94158e-05;0.00045631;-0.000297073;0.000625444;-0.000114226;0.163124;0.165299;0.167524;0.167374;0.166123;0.168211;0.472448;0.472449;0.472453;0.472448;0.472449;0.472453;1;1;1;1;1;1;
3;0.000316249;-0.000566585;0.000492809;-0.000106919;0.00178673;-6.8944e-05;0.0953558;0.0992789;0.0988739;0.0976668;0.098978;0.0982039;0.275928;0.275928;0.27593;0.275927;0.275928;0.275931;0.69951;0.556409;0.718281;0.390896;0.587486;0.780907;
4;0.000819555;-0.000965716;0.000922595;-0.000697173;0.00166807;-0.000675025;0.0556661;0.0580116;0.0577206;0.0570686;0.0577824;0.0573838;0.161147;0.161148;0.161149;0.161146;0.161148;0.16115;0.76219;0.608528;0.837432;0.454644;0.624137;0.865314;
5;0.0013548;-0.00144013;0.00141494;-0.00128326;0.0018503;-0.00127036;0.0322585;0.0341393;0.0334586;0.0335877;0.0334952;0.0337728;0.0941133;0.0941137;0.0941141;0.0941123;0.0941143;0.0941147;0.744813;0.604344;0.873763;0.471926;0.814647;0.813261;
6;0.00189863;-0.00194844;0.00193373;-0.0018568;0.00218799;-0.00184928;0.0300698;0.0336183;0.0350558;0.0311683;0.0346539;0.0361536;0.0549646;0.0549649;0.0549655;0.0549639;0.0549655;0.0549656;0.557765;0.593093;0.8991;0.481027;0.868869;1;
7;0.00235212;-0.00238118;0.00237261;-0.00232765;0.00252111;-0.00232327;0.0256719;0.0293915;0.029461;0.0288336;0.0296532;0.0326108;0.0321019;0.0321019;0.0321027;0.0321012;0.0321029;0.0321025;0.85432;0.554806;0.75459;0.473803;0.854632;1;
8;0.00250725;-0.00252418;0.0025192;-0.00249291;0.00260592;-0.00249036;0.0238947;0.0287768;0.0277881;0.0296968;0.0293693;0.0335615;0.0187502;0.0187497;0.018751;0.0187493;0.0187512;0.0187505;1;0.647547;0.969012;0.478108;0.87958;1;
9;0.00200264;-0.0020125;0.0020096;-0.00199422;0.00206026;-0.00199274;0.0233806;0.0297692;0.0270984;0.0319532;0.0300727;0.0368206;0.0109528;0.0109518;0.0109537;0.0109517;0.010954;0.0109527;1;0.654461;1;0.466948;0.888434;1;
10;0.000274303;-0.000280028;0.000278355;-0.000269341;0.000307956;-0.000268491;0.0218445;0.0292961;0.0236222;0.0332686;0.0286453;0.0383482;0.00639934;0.00639743;0.00640005;0.00639768;0.00640061;0.00639868;1;0.63158;1;0.448247;0.878986;0.918182;
11;-0.00348583;0.0034825;-0.00348349;0.00348876;-0.0034662;0.00348923;0.0188997;0.0292761;0.0221153;0.0352822;0.0288722;0.0397947;0.00374026;0.0037374;0.00625915;0.00373805;0.00702727;0.00373902;1;0.594275;1;0.436692;0.905662;1;
12;-0.0103354;0.0103335;-0.0103341;0.0103372;-0.010324;0.0103375;0.0177077;0.0288444;0.020059;0.0368431;0.0285471;0.0413085;0.0048511;0.00218368;0.00630564;0.00218472;0.00844393;0.00218562;1;0.559378;1;0.427811;0.895021;1;
13;-0.0214939;0.0214928;-0.0214931;0.021495;-0.0214872;0.0214951;0.0182864;0.0287308;0.0191077;0.0377285;0.0287272;0.0422045;0.00603844;0.00127615;0.00643984;0.00127746;0.00860362;0.00127841;1;0.539796;1;0.41782;0.798206;1;
14;-0.0380488;0.0380481;-0.0380484;0.0380495;-0.0380449;0.0380495;0.0191262;0.0278061;0.0207674;0.0351629;0.0285164;0.0399682;0.00515121;0.000746524;0.00547774;0.000747817;0.00744601;0.000748782;0.902068;0.606358;1;0.432299;0.583365;1;
15;-0.0603018;0.0603014;-0.0603016;0.0603023;-0.0602995;0.0603023;0.0244391;0.0273216;0.0280797;0.02692;0.0277867;0.0308973;0.0030109;0.0052155;0.00326436;0.00119695;0.00435127;0.0028165;1;0.787836;0.946939;0.482769;0.637481;1;
16;-0.0867324;0.0867314;-0.0867323;0.0867328;-0.0867312;0.0867328;0.0425628;0.029702;0.0465166;0.01248;0.0324274;0.0182392;0.00175962;0.0140452;0.00190822;0.00734504;0.00254162;0.00844709;0.758818;0.984268;0.535666;0.598723;0.352238;1;
17;-0.113117;0.113116;-0.113117;0.113118;-0.113117;0.113118;0.0577336;0.0161696;0.0600441;-0.0255836;0.0518144;-0.0222177;0.00102731;0.0269919;0.00111487;0.00862786;0.00148394;0.0101659;0.169944;1;0.358759;0.563534;0;1;
18;-0.1328;0.130707;-0.1328;0.1328;-0.1328;0.1328;0.0952811;-0.052107;0.0966305;-0.0765023;0.0918244;-0.0745313;0.000599586;0.0304573;0.000650738;0.00504103;0.000866239;0.0124988;0;1;0;0.672395;0;1;
19;-0.138311;0.13709;-0.138311;0.138311;-0.138311;0.138311;0.143427;-0.118201;0.144215;-0.132458;0.141408;-0.131301;0.00034978;0.017792;0.000379651;0.00294563;0.00050545;0.0112159;0;1;0;0.514502;0;1;
20;-0.123566;0.122853;-0.123566;0.123566;-0.123566;0.123566;0.185885;-0.171142;0.186345;-0.179477;0.184706;-0.178798;0.000203843;0.0103929;0.000221279;0.00172121;0.000294727;0.00655149;0;1;0;0.518238;0;1;
21;-0.084385;0.0839691;-0.084385;0.0843852;-0.0843852;0.0843849;0.214878;-0.193337;0.215147;-0.211134;0.21419;-0.210734;0.000118596;0.00607002;0.000128774;0.0010056;0.000171629;0.00382633;0;0.858068;0;0.680378;0;1;
22;-0.0173043;0.0170622;-0.0173044;0.0173045;-0.0173048;0.0173043;0.230507;-0.187063;0.230664;-0.228318;0.230105;-0.218379;6.87401e-05;0.00354525;7.46799e-05;0.000587308;9.97262e-05;0.0022343;0;1;0;0.74179;0;1;
23;0.0725461;-0.0726864;0.072546;-0.0725459;0.0725451;-0.072546;0.22861;-0.164115;0.228779;-0.208745;0.228893;-0.207764;3.9622e-05;0.00207117;4.30776e-05;0.000342919;5.77231e-05;0.00130472;0;1;0;0.537946;0;1;
24;0.159619;-0.1597;0.159619;-0.159619;0.159618;-0.159619;0.192911;-0.133367;0.190048;-0.168483;0.194822;-0.17896;2.28031e-05;0.00607001;2.48009e-05;0.000200881;3.31706e-05;0.000762353;0;1;0;0.687485;0;1;
25;0.222491;-0.222538;0.222491;-0.222491;0.22249;-0.222491;0.147886;-0.072807;0.159662;-0.123393;0.185973;-0.143016;1.2842e-05;0.0254207;1.38732e-05;0.00376418;1.88786e-05;0.000445949;0;1;0;0.871184;0;1;
26;0.261128;-0.261155;0.261128;-0.261128;0.261127;-0.261128;0.131188;-0.0111158;0.147577;-0.0657082;0.162943;-0.101205;7.10375e-06;0.0384233;7.67152e-06;0.0151537;1.05356e-05;0.00387686;0;1;0;0.837432;0;0.98482;
27;0.282493;-0.282509;0.282493;-0.282493;0.282492;-0.282493;0.107076;0.0380467;0.116646;-0.0050634;0.125619;-0.0304903;7.83001e-05;0.0373113;4.09726e-06;0.0200485;5.72811e-06;0.00418185;0.298669;1;0;1;0;0.88582;
28;0.292154;-0.292164;0.292154;-0.292155;0.292154;-0.292155;0.0606149;0.0590242;0.0662029;0.0652757;0.0714431;0.063886;0.00913638;0.0217947;0.0218568;0.0317755;0.022649;0.0506804;0.761994;0.578245;0.871115;0.61547;0.464449;1;
29;0.29273;-0.293933;0.292778;-0.292894;0.29239;-0.292731;-0.00888003;0.0787504;-0.00560632;0.0824013;-0.00254258;0.0815905;0.00576498;0.0127276;0.0221592;0.0185564;0.0270249;0.0295972;0.529901;0;1;0;1;0;
30;0.283765;-0.284468;0.283793;-0.283861;0.283567;-0.283765;-0.090256;0.131061;-0.0883344;0.133193;-0.0865413;0.13272;0.00336817;0.00743248;0.0180266;0.0108364;0.0345593;0.0172842;0.50293;0;1;0;1;0;
31;0.263376;-0.263786;0.263392;-0.263432;0.26326;-0.263376;-0.159066;0.182898;-0.157937;0.184143;-0.156886;0.183866;0.00196791;0.0043401;0.0105302;0.00632801;0.0201864;0.0100935;0.599717;0;1;0;1;0;
32;0.23181;-0.23205;0.23182;-0.231843;0.231743;-0.23181;-0.204954;0.218873;-0.204289;0.2196;-0.203672;0.219438;0.00114961;0.00253412;0.0061505;0.00369504;0.0117901;0.00589408;0.701329;0;1;0;1;0;
33;0.18955;-0.18969;0.189555;-0.189569;0.18951;-0.18955;-0.231991;0.24012;-0.231599;0.240545;-0.205625;0.240451;0.000671236;0.00147939;0.00359166;0.00215739;0.00688513;0.00344161;0.826645;0;1;0;1;0;
34;0.133932;-0.134013;0.133935;-0.133943;0.133909;-0.133932;-0.246203;0.250951;-0.229387;0.251199;-0.202755;0.251144;0.000391626;0.000863408;0.00209702;0.00125936;0.00402064;0.00200933;0.961758;0;1;0;1;0;
35;0.0591839;-0.0592316;0.0591859;-0.0591904;0.0591708;-0.0591839;-0.23899;0.250067;-0.224284;0.248711;-0.192744;0.249112;0.000228197;0.000503671;0.00122433;0.000734908;0.00234794;0.00117289;1;0;1;0;0.976156;0;
36;-0.0359182;0.0358903;-0.035917;0.0359144;-0.0359255;0.0359182;-0.219418;0.225754;-0.212625;0.23612;-0.170433;0.236031;0.000133053;0.000293582;0.000714899;0.00042864;0.00137183;0.000684418;1;0;1;0;1;0;
37;-0.132208;0.132191;-0.132207;0.132205;-0.132212;0.132208;-0.184;0.20163;-0.191632;0.199921;-0.145993;0.20024;7.80407e-05;0.000170921;0.00041783;0.000249943;0.0011013;0.00039931;0.785853;0;1;0;1;0;
38;-0.20502;0.205011;-0.20502;0.205019;-0.205023;0.20502;-0.133356;0.168713;-0.155711;0.176398;-0.0805365;0.172654;0.00134623;9.93149e-05;0.000244788;0.000145389;0.0230339;0.000232589;1;0;1;0;1;0;
39;-0.250955;0.250949;-0.250954;0.250954;-0.250956;0.250955;-0.0840374;0.158479;-0.114464;0.162967;-0.0269808;0.16078;0.0139063;5.75368e-05;0.00207867;8.44832e-05;0.0274154;0.000135407;1;0;0.953928;0;1;0;
40;-0.277083;0.27708;-0.277083;0.277082;-0.277085;0.277083;-0.00642959;0.130276;-0.0568161;0.132897;0.0347128;0.13162;0.0347556;3.31466e-05;0.00348444;0.00223684;0.0548452;7.86781e-05;1;0;0.856804;0.35089;1;0;
41;-0.289952;0.289949;-0.289951;0.28995;-0.289953;0.289951;0.0468606;0.0841327;0.0481742;0.0856697;0.0603793;0.0849197;0.0284916;1.8987e-05;0.0333825;0.0111892;0.0320364;0.0125004;1;0.0545663;1;0.684109;0.993102;0.602837;
42;-0.293161;0.29316;-0.293161;0.29316;-0.293162;0.293161;0.0682985;0.0205589;0.0779672;0.018103;0.0677777;0.0176734;0.0166393;0.0295049;0.0194961;0.00653689;0.018709;0.0225154;0;0.98197;0.46617;0.510877;0;1;
43;-0.287142;0.287142;-0.287142;0.287142;-0.287143;0.287142;0.115183;-0.063275;0.120829;-0.0647235;0.114879;-0.0649638;0.00971688;0.0336839;0.0113852;0.00381923;0.0109256;0.0252979;0;1;0;0.404295;0;1;
44;-0.270064;0.270064;-0.270064;0.270064;-0.270065;0.270064;0.169861;-0.139535;0.173159;-0.140392;0.169684;-0.140525;0.00567423;0.0196759;0.0066485;0.00223159;0.00638007;0.0147774;0;0.967581;0;0.527832;0;1;
45;-0.241493;0.241493;-0.241493;0.241492;-0.241493;0.241493;0.210533;-0.192812;0.212459;-0.193322;0.210429;-0.193394;0.00331327;0.0114924;0.00388223;0.00130386;0.00372546;0.00863131;0;1;0;0.61219;0;1;
46;-0.202303;0.202303;-0.202303;0.202303;-0.202303;0.202303;0.235433;-0.209785;0.236557;-0.22538;0.235372;-0.225418;0.00193445;0.00671142;0.00226672;0.000761517;0.00217513;0.00504071;0;1;0;0.514961;0;1;
47;-0.150865;0.150865;-0.150865;0.150864;-0.150865;0.150865;0.248775;-0.205582;0.249432;-0.242904;0.24874;-0.229491;0.00112917;0.00391911;0.00132321;0.000444469;0.00126972;0.00294327;0;1;0;0.526589;0;1;
48;-0.0819839;0.0819843;-0.0819839;0.0819838;-0.081984;0.081984;0.251124;-0.196652;0.251861;-0.242314;0.251392;-0.225997;0.0006589;0.0022885;0.000772191;0.00025908;0.000740964;0.00171851;0;1;0;0.65409;0;0.985706;
49;0.00835588;-0.00835522;0.00835587;-0.00835589;0.00835572;-0.00835576;0.240214;-0.178987;0.2403;-0.226396;0.233258;-0.215833;0.000384235;0.00133682;0.000450423;0.000151029;0.000432157;0.00100341;0;1;0;0.857501;0;1;
50;0.107335;-0.107334;0.107335;-0.107335;0.107334;-0.107334;0.211159;-0.148106;0.212187;-0.198979;0.210528;-0.201165;0.000223879;0.000781609;0.000262519;8.83556e-05;0.000251829;0.000586187;0;1;0;0.818173;0;1;
51;0.187852;-0.187852;0.187852;-0.187852;0.187852;-0.187852;0.174895;-0.104023;0.174517;-0.153153;0.173469;-0.165548;0.000130258;0.00908984;0.000152799;-0.000767257;0.000146513;0.000343042;0;1;0;0.743333;0;1;
52;0.240617;-0.240617;0.240617;-0.240617;0.240617;-0.240616;0.16105;-0.0524475;0.140934;-0.0936256;0.136183;-0.126245;7.56612e-05;0.027577;8.8999e-05;0.00715081;8.51132e-05;0.00194098;0;1;0;0.783744;0;1;
53;0.27144;-0.271441;0.27144;-0.27144;0.27144;-0.27144;0.138475;0.0252917;0.126727;-0.028088;0.123952;-0.0763499;4.37791e-05;0.0416606;5.14714e-05;0.0270901;4.92471e-05;0.00514295;0;1;0;0.663874;0;0.913026;
54;0.287466;-0.287468;0.287466;-0.287467;0.287467;-0.287467;0.0980679;0.057169;0.0912022;0.0380843;0.0895819;0.0232402;0.00691341;0.0292458;2.96943e-05;0.0279304;2.83308e-05;0.0159114;0.945385;0.868321;0;1;0;1;
55;0.293158;-0.293159;0.293158;-0.293159;0.293158;-0.293158;0.0373129;0.0635276;0.0333087;0.0723823;0.035427;0.0766338;0.0109282;0.01708;0.0250828;0.0163118;0.0343969;0.00929438;0.82542;0.0881053;1;0.145044;1;0.627691;
56;0.289813;-0.289813;0.289813;-0.289813;0.289813;-0.289813;-0.0423515;0.101243;-0.0446787;0.106414;-0.0434379;0.108897;0.00638368;0.00997426;0.0215672;0.00952561;0.0309039;0.00542745;0.576072;0;1;0;1;0;
57;0.275955;-0.275955;0.275955;-0.275955;0.275955;-0.275955;-0.122077;0.156471;-0.123428;0.159491;-0.1227;0.160941;0.00372937;0.00582451;0.0125992;0.00556251;0.018053;0.00316921;0.6411;0;1;0;1;0;
58;0.250436;-0.250436;0.250436;-0.250436;0.250436;-0.250436;-0.181378;0.201465;-0.182161;0.203228;-0.181732;0.204075;0.00217868;0.00340104;0.00735967;0.00324801;0.0105457;0.00185034;0.679434;0;1;0;1;0;
59;0.214178;-0.214179;0.214179;-0.214179;0.214178;-0.214179;-0.218431;0.230163;-0.218884;0.231193;-0.211151;0.231687;0.00127273;0.0019857;0.00429829;0.00189632;0.00615997;0.00108012;0.68784;0;1;0;1;0;
60;0.166496;-0.166496;0.166496;-0.166496;0.166496;-0.166496;-0.239312;0.246165;-0.230293;0.246766;-0.207295;0.247055;0.000743229;0.00115911;0.00250974;0.0011069;0.00359696;0.000630241;1;0;1;0;1;0;
61;0.103062;-0.103062;0.103062;-0.103062;0.103062;-0.103062;-0.245591;0.253345;-0.226276;0.253696;-0.199934;0.253865;0.00043372;0.000676359;0.0014653;0.000645891;0.00210022;0.000367507;1;0;1;0;1;0;
62;0.0184138;-0.0184143;0.018414;-0.0184139;0.0184147;-0.0184139;-0.231591;0.238263;-0.219216;0.244709;-0.185216;0.244336;0.000253046;0.000394425;0.000855502;0.000376654;0.00122658;0.000214077;1;0;1;0;1;0;
63;-0.0808908;0.0808903;-0.0808907;0.0808908;-0.0808896;0.0808908;-0.204196;0.21785;-0.20327;0.226303;-0.157793;0.226532;0.000147787;0.000229814;0.000499692;0.00021943;0.000717174;0.000124475;0.994583;0;1;0;1;0;
64;-0.168493;0.168493;-0.168493;0.168493;-0.168492;0.168493;-0.165467;0.186343;-0.178127;0.217948;-0.119391;0.218172;8.7113e-05;0.00013368;0.000292437;0.000127655;0.0101939;7.21805e-05;1;0;1;0;1;0;
65;-0.228615;0.228615;-0.228615;0.228615;-0.228615;0.228615;-0.109437;0.147668;-0.138956;0.19755;-0.0608301;0.197681;0.0109836;7.75737e-05;0.000171711;7.40731e-05;0.019223;4.16542e-05;1;0;0.870375;0;1;0;
66;-0.264692;0.264691;-0.264691;0.264691;-0.264692;0.264691;-0.0509907;0.136879;-0.0979713;0.16601;0.00311859;0.166086;0.0121169;4.48595e-05;-0.00625943;4.27991e-05;0.0300977;2.38827e-05;1;0;0.960166;0;1;0;
67;-0.284217;0.284216;-0.284216;0.284216;-0.284218;0.284216;0.0324905;0.105492;-0.0278335;0.122507;0.0321943;0.122549;0.031734;2.57624e-05;-0.00365505;0.0134213;0.0270069;1.35541e-05;1;0;1;0.322906;1;0;
68;-0.292489;0.292489;-0.292489;0.292488;-0.29249;0.292489;0.0561685;0.0529596;0.0595927;0.0628949;0.0722376;0.0629202;0.0185358;0.0230799;0.0286593;0.0122049;0.0157763;0.0330535;0.755477;0.734387;1;0.381498;0.71009;1;
69;-0.291686;0.291685;-0.291686;0.291685;-0.291687;0.291686;0.0849009;-0.0211542;0.0869007;-0.015367;0.0942851;-0.0153412;0.0108244;0.0296805;0.0167366;0.00712946;0.00921288;0.0193105;0;1;0;0.482745;0;1;
70;-0.280941;0.280941;-0.280941;0.28094;-0.280941;0.280941;0.139967;-0.102726;0.141135;-0.0993582;0.145447;-0.0993345;0.00632105;0.0216514;0.0097737;0.00416504;0.00537987;0.0144552;0;0.980456;0;0.472032;0;1;
71;-0.258577;0.258577;-0.258577;0.258577;-0.258577;0.258577;0.189846;-0.168085;0.190528;-0.166129;0.193046;-0.166109;0.00369103;0.0126476;0.00570735;0.00243323;0.00314138;0.00844405;0;1;0;0.427803;0;1;
72;-0.225212;0.225212;-0.225211;0.225211;-0.225212;0.225211;0.223192;-0.210131;0.22359;-0.209341;0.225061;-0.209324;0.00215506;0.00738691;0.00333258;0.00142128;0.00183406;0.00493189;0;1;0;0.373094;0;1;
73;-0.180948;0.180948;-0.180948;0.180948;-0.180948;0.180948;0.242464;-0.205068;0.242697;-0.234374;0.243556;-0.233655;0.00125803;0.00431359;0.0019457;0.000829839;0.00107055;0.00287984;0;1;0;0.37506;0;1;
74;-0.12247;0.12247;-0.12247;0.12247;-0.12247;0.12247;0.251915;-0.201162;0.25205;-0.247189;0.252552;-0.228997;0.000734143;0.00251883;0.00113573;0.000484211;0.000624648;0.0016813;0;1;0;0.528598;0;1;
75;-0.0438946;0.0438951;-0.0438946;0.0438946;-0.0438948;0.0438947;0.247297;-0.189899;0.247285;-0.236749;0.246106;-0.223297;0.000428189;0.00147097;0.000662708;0.000282302;0.000364229;0.000981545;0;1;0;0.454147;0;1;
76;0.0534503;-0.0534495;0.0534503;-0.0534503;0.0534501;-0.0534502;0.232844;-0.166593;0.232688;-0.213982;0.221565;-0.209224;0.000249519;0.000859782;0.000386471;0.000164689;0.000212162;0.000573147;0;1;0;0.83343;0;1;
77;0.146925;-0.146925;0.146925;-0.146925;0.146925;-0.146925;0.208753;-0.1373;0.207225;-0.175625;0.197562;-0.185585;0.000145358;0.00523738;0.000225339;9.65887e-05;-0.00134727;0.000335097;0;1;0;0.917968;0;1;
78;0.214778;-0.214778;0.214778;-0.214778;0.214778;-0.214778;0.19697;-0.0751409;0.196078;-0.127191;0.160871;-0.147275;8.42831e-05;0.0218175;0.000130964;0.00281281;-0.000787304;0.000196503;0;1;0;0.539786;0;1;
79;0.256704;-0.256705;0.256704;-0.256704;0.256704;-0.256704;0.171487;-0.0196515;0.170966;-0.0726262;0.150405;-0.106887;4.8785e-05;0.040273;7.60458e-05;0.0119758;-0.000460247;0.00516356;0;1;0;0.802494;0;1;
80;0.280131;-0.280133;0.280131;-0.280132;0.280131;-0.280132;0.133362;0.0429252;0.133057;0.000303563;0.121049;-0.0420217;0.00969167;0.0527281;4.40237e-05;0.027452;-0.000269243;0.00301703;0.391434;1;0;0.885443;0;1;
81;0.29115;-0.291151;0.29115;-0.291151;0.29115;-0.29115;0.079742;0.0674095;0.0795616;0.0559654;0.0725483;0.0619488;0.0144854;0.0307994;0.0250871;0.0197864;0.00657029;0.0339029;0.912874;0.90662;1;0.675665;0.482096;1;
82;0.292813;-0.292814;0.292813;-0.292813;0.292813;-0.292813;0.0068637;0.0790743;0.00676756;0.0723916;0.00434436;0.0758864;0.00846173;0.0179864;0.0227111;0.0115552;0.0280564;0.0197994;0.567482;0;1;0;1;0.287089;
83;0.285021;-0.285022;0.285021;-0.285021;0.285021;-0.285021;-0.0776446;0.127833;-0.0776905;0.123931;-0.0791017;0.125972;0.0049433;0.0105036;0.0193119;0.00674777;0.0369359;0.0115624;0.618437;0;1;0;1;0;
84;0.265889;-0.26589;0.265889;-0.265889;0.265889;-0.265889;-0.150469;0.17978;-0.150489;0.177501;-0.151309;0.178693;0.002888;0.0061336;0.0112811;0.00394026;0.0215747;0.00675198;0.65935;0;1;0;1;0;
85;0.23544;-0.23544;0.23544;-0.23544;0.235441;-0.23544;-0.199716;0.216834;-0.199722;0.215503;-0.200197;0.216199;0.00168712;0.00358151;0.00658921;0.00230063;0.012601;0.00394266;0.699971;0;1;0;0.968834;0;
86;0.194343;-0.194344;0.194344;-0.194343;0.194344;-0.194344;-0.229015;0.239013;-0.229014;0.238236;-0.206884;0.238642;0.000985274;0.00209106;0.00384799;0.00134307;0.0073587;0.002302;0.743428;0;1;0;1;0;
87;0.140326;-0.140326;0.140326;-0.140326;0.140327;-0.140326;-0.244683;0.250523;-0.229641;0.250069;-0.203901;0.250306;0.000575115;0.00122062;0.00224673;0.000783806;0.00429714;0.00134381;0.780117;0;1;0;1;0;
88;0.0677848;-0.0677849;0.0677849;-0.0677848;0.0677853;-0.0677849;-0.239795;0.25126;-0.225075;0.249729;-0.194206;0.249978;0.000335381;0.000712279;0.00131177;0.000457199;0.00250933;0.000784231;0.828827;0;1;0;1;0;
89;-0.0257064;0.0257062;-0.0257062;0.0257064;-0.0257057;0.0257063;-0.222176;0.228828;-0.214081;0.237766;-0.173785;0.237867;0.000195661;0.000415405;0.000765951;0.000266456;0.00146594;0.000457442;0.925689;0;1;0;1;0;
90;-0.123251;0.123251;-0.123251;0.123251;-0.123251;0.123251;-0.188806;0.204902;-0.194289;0.204665;-0.14957;0.204065;0.000114562;0.000242031;0.000447594;0.000155127;0.000857319;0.000266625;1;0;0.880552;0;1;0;
91;-0.198942;0.198942;-0.198942;0.198942;-0.198942;0.198942;-0.143029;0.170377;-0.157166;0.168267;-0.0941526;0.163705;0.00260252;0.000140807;0.000262152;9.00869e-05;0.0129296;0.000155195;1;0;1;0;1;0;
92;-0.247327;0.247327;-0.247327;0.247327;-0.247327;0.247327;-0.0844228;0.161434;-0.11798;0.157985;-0.0366777;0.128303;0.0092653;8.18066e-05;0.00257078;5.21771e-05;0.02804;9.04519e-05;1;0;1;0;1;0;
93;-0.275124;0.275124;-0.275124;0.275124;-0.275125;0.275124;-0.0135107;0.134531;-0.0626631;0.132517;0.0324814;0.115182;0.0345722;4.73058e-05;0.00688295;0.00216198;0.0397144;-0.000233726;0.996483;0;0.899491;0.0832346;1;0;
94;-0.289121;0.289121;-0.289121;0.28912;-0.289122;0.289121;0.0421921;0.090083;0.0358928;0.0889122;0.0589873;0.0787853;0.0300554;2.71963e-05;0.0302568;0.0102415;0.0296824;0.00942622;1;0;1;0.571281;1;0.582746;
95;-0.293239;0.293238;-0.293238;0.293238;-0.293239;0.293238;0.0784145;0.0292885;0.0791266;0.0244715;0.053337;0.018565;0.0175526;0.0393906;0.017671;0.00651044;0.0173344;0.0279422;0;1;0.479219;0.349332;0.107551;1;
96;-0.288223;0.288223;-0.288223;0.288223;-0.288224;0.288223;0.117116;-0.0542018;0.117532;-0.0570297;0.102471;-0.0604684;0.0102502;0.0313096;0.0103193;0.00458309;0.0101229;0.0186514;0;1;0;0.39161;0;1;
97;-0.27234;0.27234;-0.27234;0.27234;-0.272341;0.27234;0.169242;-0.132488;0.169485;-0.134151;0.16069;-0.136151;0.00598567;0.0182895;0.00602604;0.00267775;0.0059113;0.010896;0;1;0;0.432745;0;1;
98;-0.244882;0.244882;-0.244882;0.244882;-0.244882;0.244882;0.209782;-0.188307;0.209924;-0.189288;0.204787;-0.19045;0.00349514;0.010683;0.00351872;0.00156445;0.00345171;0.00636463;0;1;0;0.45934;0;1;
