1;-0.000363588;0.000116065;9.9484e-05;-0.000363588;0.000116065;9.94839e-05;0.0349769;0.0347456;0.0352594;0.0349769;0.0347455;0.0352594;0.808667;0.808665;0.808666;0.808667;0.808665;0.808666;0;0;0;0;0;0;
2;0.00414113;0.00461569;0.00468811;-0.00327628;-0.00280687;-0.00286203;0.171521;0.171974;0.173193;0.161855;0.162391;0.163404;0.472457;0.472459;0.472462;0.472457;0.472458;0.472462;1;1;1;1;1;1;
3;0.00478361;0.0029365;0.00430247;-0.00392174;-0.00329772;-0.00430397;0.100258;0.101218;0.101236;0.0944438;0.095775;0.0953491;0.275932;0.275934;0.275935;0.275932;0.275932;0.275935;0.625068;0.542866;0.742586;0.420944;0.393041;1;
4;0.00342844;0.00108007;0.00314743;-0.00292506;-0.00129103;-0.00314831;0.0585285;0.0591436;0.0590999;0.0551868;0.055911;0.0557162;0.161149;0.161151;0.161152;0.161149;0.16115;0.161151;0.690826;0.584246;0.828172;0.462003;0.761461;1;
5;0.00287836;-0.000245426;0.00271423;-0.00258435;0.000122242;-0.00271475;0.0339298;0.0348002;0.0342642;0.0338373;0.0331969;0.0327987;0.094114;0.0941151;0.0941158;0.0941138;0.0941148;0.0941155;0.700171;0.583824;0.858544;0.577196;0.688569;0.642815;
6;0.00289882;-0.00125072;0.00293087;-0.00239451;0.00117889;-0.00288783;0.0285871;0.0323323;0.034192;0.02986;0.0323094;0.0354245;0.0549649;0.0549656;0.0549663;0.0549647;0.0549659;0.054966;0.714201;0.572898;0.870122;0.462952;0.579404;0.849545;
7;0.00323999;-0.00197372;0.00313007;-0.00264167;0.00193179;-0.00292978;0.0249275;0.028918;0.029568;0.0286263;0.0297832;0.0332063;0.032102;0.0321022;0.0321032;0.0321016;0.0321029;0.0321027;0.728372;0.559243;1;0.46263;0.85302;0.828518;
8;0.00302576;-0.00228623;0.00296155;-0.00258864;0.00226176;-0.00284457;0.0234674;0.0277749;0.0264602;0.0291789;0.0294193;0.0320694;0.0187502;0.0187498;0.0187512;0.0187495;0.0187512;0.0187504;0.753968;0.55113;1;0.458646;0.814669;0.820898;
9;0.00230545;-0.00187353;0.00226793;-0.00205013;0.00185926;-0.0021996;0.0225975;0.0289817;0.0267504;0.0322938;0.0307776;0.0363965;0.0109528;0.0109518;0.0109538;0.0109517;0.010954;0.0109526;0.770643;0.529181;0.713445;0.452145;0.922068;0.822347;
10;0.000451133;-0.000198864;0.000429209;-0.000301984;0.000190591;-0.000389288;0.0209734;0.0291545;0.0250849;0.0341228;0.0307641;0.0381684;0.00639924;0.0063974;0.00640012;0.00639771;0.00640065;0.00639853;0.892816;0.488838;0.934435;0.434792;0.923014;0.783799;
11;-0.00338256;0.00352992;-0.00339539;0.00346971;-0.00353477;0.00341872;0.0188803;0.0286345;0.0222432;0.0352818;0.0290611;0.0398623;0.00374015;0.00373738;0.00741056;0.00373807;0.0101127;0.00373888;1;0.459355;0.956615;0.424304;0.950873;0.770802;
12;-0.0102752;0.0103613;-0.0102827;0.0103261;-0.0103641;0.0102963;0.0166619;0.0288829;0.020099;0.0373111;0.0289599;0.0409721;0.00517198;0.00218365;0.00674577;0.00218471;0.00867857;0.00218547;0.877747;0.429814;0.976473;0.414344;0.965677;0.744573;
13;-0.0214587;0.021509;-0.0214631;0.0214885;-0.0215107;0.0214711;0.0167617;0.0292414;0.0195366;0.038283;0.0277474;0.0410549;0.00536191;0.00127621;0.00538078;0.00127754;0.0125771;0.00127826;0.836053;0.422408;0.986223;0.411208;0.962035;0.807203;
14;-0.0380283;0.0380577;-0.0380309;0.0380457;-0.0380587;0.0380356;0.0188786;0.0294207;0.0218192;0.0355183;0.02868;0.0390821;0.00363163;0.000746629;0.00655604;0.000747916;0.00734882;0.000748631;0.809786;0.457201;0.958838;0.528209;0.908221;1;
15;-0.0602899;0.0603072;-0.0602914;0.0603001;-0.0603077;0.0602942;0.0243452;0.0274088;0.027529;0.027365;0.027936;0.0306569;0.00319271;0.00362979;0.00383152;0.00174936;0.00429449;0.00300592;0.731162;0.567438;0.880395;0.611223;0.746213;0.634764;
16;-0.0867256;0.0867358;-0.0867265;0.0867316;-0.0867361;0.0867281;0.0432878;0.0287068;0.0475213;0.0132663;0.0338602;0.0192917;0.00186577;0.0164371;0.00223956;0.00718065;0.00250832;0.00853945;0.530658;0.82563;0.732937;0.583462;0.404653;1;
17;-0.113113;0.113119;-0.113114;0.113117;-0.11312;0.113115;0.058157;0.0156981;0.0606305;-0.025125;0.0526512;-0.021603;0.00108933;0.0252767;0.00130822;0.00889453;0.00146449;0.011376;0.0600183;1;0.48117;0.533617;0;1;
18;-0.132798;0.132801;-0.132798;0.1328;-0.132801;0.132798;0.0955283;-0.0523822;0.0969729;-0.0762347;0.0923131;-0.0741725;0.000635787;0.0329897;0.000763617;0.00519641;0.000854891;0.010964;0;1;0;0.487494;0;1;
19;-0.13831;0.138312;-0.13831;0.138311;-0.138312;0.138311;0.143572;-0.118362;0.144415;-0.132302;0.141694;-0.131093;0.000370916;0.0192704;0.000445572;0.00303593;0.000498844;0.00640549;0;1;0;0.488799;0;1;
20;-0.123566;0.123567;-0.123566;0.123566;-0.123567;0.123566;0.185969;-0.171237;0.186462;-0.179386;0.184873;-0.178676;0.00021617;0.011256;0.000259771;0.00177359;0.000290872;0.00374203;0;1;0;0.709731;0;1;
21;-0.0843845;0.0843857;-0.0843846;0.0843849;-0.0843855;0.0843848;0.214927;-0.194;0.215215;-0.211081;0.214287;-0.210664;0.000125788;0.00657383;0.000151253;0.00103589;0.000169379;0.00218558;0;1;0;0.691864;0;0.859691;
22;-0.017304;0.0173052;-0.017304;0.0173042;-0.017305;0.0173041;0.230536;-0.18836;0.230704;-0.228287;0.230162;-0.218027;7.29328e-05;0.00383939;8.78107e-05;0.000604819;9.84113e-05;0.00127625;0;1;0;0.770951;0;1;
23;0.0725464;-0.0725447;0.0725463;-0.0725462;0.0725449;-0.0725463;0.228167;-0.164913;0.228108;-0.207033;0.228509;-0.207955;4.20577e-05;0.00224303;5.074e-05;0.000353204;5.69601e-05;0.00074542;0;1;0;0.724775;0;1;
24;0.15962;-0.159618;0.15962;-0.15962;0.159618;-0.15962;0.191078;-0.130385;0.190889;-0.169777;0.19422;-0.180348;2.41365e-05;0.0101952;2.91174e-05;0.000206939;3.26793e-05;0.000435953;0;1;0;0.672933;0;1;
25;0.222491;-0.22249;0.222491;-0.222491;0.22249;-0.222491;0.15044;-0.0743532;0.147867;-0.116546;0.159779;-0.140073;1.38196e-05;0.0185155;1.67582e-05;0.0100901;1.869e-05;0.000255659;0;1;0;0.866403;0;0.98799;
26;0.261128;-0.261127;0.261128;-0.261128;0.261127;-0.261128;0.108008;-0.00889686;0.117341;-0.0602531;0.147645;-0.10278;7.48131e-06;0.0320139;9.22567e-06;0.01903;1.04253e-05;0.00642725;0;1;0;1;0;0.92242;
27;0.282492;-0.282493;0.282493;-0.282493;0.282492;-0.282493;0.0935409;0.0333393;0.0989883;0.00894141;0.116685;-0.019041;0.0103079;0.0320266;5.07025e-06;0.0491169;5.5899e-06;0.01729;0.412937;1;0;1;0;0.758442;
28;0.292154;-0.292155;0.292154;-0.292155;0.292154;-0.292155;0.0527106;0.0547292;0.0558915;0.0569741;0.0662253;0.0594799;0.0126811;0.0187081;0.0191957;0.0286884;0.0242508;0.0194947;0.600751;0.690285;0.838426;0.681785;0.504158;1;
29;0.29273;-0.29286;0.29273;-0.29273;0.296619;-0.29273;-0.0134965;0.0762421;-0.0116282;0.0775533;-0.00558945;0.079017;0.00740741;0.010925;0.019742;0.0167535;0.0244672;0.0113847;0.548736;0;1;0;1;0;
30;0.283765;-0.283841;0.283765;-0.283765;0.286036;-0.283765;-0.0929522;0.129596;-0.0918518;0.130362;-0.0883216;0.131217;0.00432703;0.00637976;0.0151764;0.00978362;0.0255126;0.00664822;0.574809;0;1;0;1;0;
31;0.263376;-0.26342;0.263376;-0.263376;0.264702;-0.263376;-0.160641;0.182042;-0.159992;0.182489;-0.157927;0.182989;0.00252763;0.00372532;0.00886535;0.00571317;0.0149024;0.00388212;0.646656;0;1;0;0.847488;0;
32;0.23181;-0.231836;0.23181;-0.23181;0.232585;-0.23181;-0.205874;0.218373;-0.205489;0.218634;-0.20428;0.218926;0.00147631;0.00217509;0.00517801;0.00333599;0.00870372;0.00226667;0.68426;0;1;0;1;0;
33;0.18955;-0.189565;0.18955;-0.18955;0.190002;-0.18955;-0.232529;0.239829;-0.2323;0.239981;-0.206042;0.240152;0.000862008;0.00126972;0.00302369;0.0019477;0.00508256;0.00132323;0.722949;0;1;0;1;0;
34;0.133932;-0.13394;0.133932;-0.133932;0.134196;-0.133932;-0.246517;0.250781;-0.229704;0.25087;-0.202822;0.250969;0.000503067;0.000740958;0.00176546;0.0011369;0.00296785;0.000772211;0.750672;0;1;0;1;0;
35;0.0591839;-0.059189;0.059184;-0.0591839;0.0593385;-0.0591839;-0.238452;0.249729;-0.223917;0.24852;-0.193404;0.24893;0.000293401;0.000432161;0.00103079;0.000663399;0.0017331;0.000450424;0.813491;0;1;0;1;0;
36;-0.0359182;0.0359152;-0.0359181;0.0359182;-0.0358278;0.0359182;-0.21875;0.225879;-0.212847;0.23546;-0.174579;0.235561;0.000171264;0.000251813;0.000602035;0.000386872;0.00101268;0.000262501;0.907837;0;1;0;1;0;
37;-0.132208;0.132206;-0.132208;0.132208;-0.132155;0.132208;-0.184215;0.201556;-0.190868;0.198411;-0.144644;0.198426;0.000100477;0.000146507;0.000351983;0.000225508;0.00272297;0.000152869;1;0;1;0;1;0;
38;-0.20502;0.205019;-0.20502;0.20502;-0.20499;0.20502;-0.13241;0.166087;-0.154648;0.173782;-0.0787265;0.169925;0.00873784;8.50586e-05;0.00367699;0.000131158;0.023932;8.87102e-05;0.966884;0;1;0;1;0;
39;-0.250955;0.250954;-0.250954;0.250954;-0.250937;0.250954;-0.0876506;0.153869;-0.111811;0.161439;-0.0311691;0.159187;0.027389;4.91944e-05;0.00615441;7.61828e-05;0.0298971;5.14078e-05;1;0;0.881628;0;1;0;
40;-0.277083;0.277082;-0.277083;0.277083;-0.277073;0.277083;-0.00870415;0.127583;-0.0489555;0.132006;0.0497256;0.130689;0.0291701;2.82871e-05;0.00688751;0.0195627;0.0698647;2.96049e-05;1;0;1;0.391651;1;0;
41;-0.289951;0.289951;-0.289951;0.289951;-0.289945;0.289951;0.0474946;0.0825611;0.0448124;0.0851484;0.0607122;0.0843763;0.0354244;1.6415e-05;0.0329421;0.0114271;0.0408084;0.0183316;0.964088;0.177297;1;0.587612;0.982393;0.644791;
42;-0.293161;0.293161;-0.293161;0.293161;-0.293158;0.293161;0.0601662;0.0171345;0.0581038;0.0177996;0.0679387;0.0173544;0.0206879;0.0263386;0.0192394;0.0066763;0.0238318;0.0184603;0;1;0.52456;0.453643;0;1;
43;-0.287142;0.287143;-0.287142;0.287142;-0.28714;0.287142;0.110434;-0.0652752;0.109229;-0.0649012;0.114973;-0.0651503;0.0120813;0.0285284;0.0112353;0.00390009;0.0139172;0.0193403;0;1;0;0.378841;0;1;
44;-0.270064;0.270065;-0.270064;0.270064;-0.270063;0.270064;0.167088;-0.140704;0.166384;-0.140496;0.169739;-0.140634;0.00705503;0.0166645;0.006561;0.00227847;0.0081272;0.0112978;0;1;0;0.424594;0;1;
45;-0.241493;0.241493;-0.241493;0.241493;-0.241492;0.241493;0.208913;-0.193495;0.208503;-0.193383;0.210461;-0.193458;0.00411965;0.00973333;0.00383114;0.00133094;0.00474578;0.006599;0;1;0;0.625177;0;1;
46;-0.202303;0.202304;-0.202303;0.202303;-0.202302;0.202303;0.234487;-0.208841;0.234247;-0.225416;0.235391;-0.225455;0.00240539;0.00568473;0.00223687;0.000777185;0.002771;0.00385379;0;1;0;0.529229;0;1;
47;-0.150865;0.150865;-0.150865;0.150865;-0.150864;0.150865;0.248223;-0.205738;0.248083;-0.242925;0.248751;-0.229061;0.0014042;0.00331949;0.00130579;0.000453583;0.0016177;0.0022502;0;1;0;0.533456;0;0.924537;
48;-0.081984;0.0819846;-0.0819841;0.081984;-0.0819837;0.0819841;0.251292;-0.197069;0.251533;-0.241845;0.251046;-0.226652;0.000819512;0.00193836;0.000762018;0.000264484;0.00094418;0.00131387;0;1;0;0.585372;0;1;
49;0.00835568;-0.00835546;0.00835565;-0.00835571;0.00835605;-0.0083556;0.240533;-0.180998;0.239233;-0.22652;0.233327;-0.215675;0.000478029;0.00113233;0.000444483;0.000154267;0.000550828;0.000767235;0;1;0;0.809991;0;1;
50;0.107334;-0.107334;0.107334;-0.107334;0.107335;-0.107334;0.204921;-0.148644;0.215347;-0.191017;0.210174;-0.198845;0.000278668;0.000662416;0.000259064;9.10891e-05;0.000321118;0.000448345;0;1;0;0.656052;0;1;
51;0.187852;-0.187852;0.187852;-0.187852;0.187852;-0.187851;0.183267;-0.10147;0.1913;-0.150096;0.176406;-0.164115;0.000162248;0.0208756;0.000150954;5.43766e-05;0.000187022;0.000263052;0;1;0;0.803812;0;1;
52;0.240616;-0.240617;0.240616;-0.240616;0.240617;-0.240616;0.172269;-0.0447025;0.17696;-0.103528;0.166479;-0.12462;9.43304e-05;0.030809;8.76485e-05;0.0142273;0.000108718;0.00519027;0;1;0;1;0;0.894218;
53;0.271439;-0.27144;0.271439;-0.27144;0.27144;-0.271439;0.145026;0.0387418;0.147766;-0.0326352;0.141645;-0.0732121;5.4683e-05;0.0583387;5.07732e-05;0.0187681;6.30244e-05;0.0145559;0;1;0;1;0;0.817412;
54;0.287466;-0.287467;0.287466;-0.287467;0.287466;-0.287466;0.101894;0.0598209;0.103489;0.0428982;0.0999142;0.0234404;0.00953617;0.0340794;2.92378e-05;0.0366121;3.63368e-05;0.031271;0.703765;1;0;0.724932;0;1;
55;0.293158;-0.293159;0.293158;-0.293158;0.293158;-0.293158;0.039547;0.0684368;0.0404838;0.0720086;0.0394238;0.0783443;0.0088553;0.0199032;0.0293842;0.0213819;0.0354365;0.0182644;0.913354;0.136373;1;0.126774;1;0.60688;
56;0.289813;-0.289813;0.289813;-0.289813;0.289813;-0.289813;-0.041047;0.10411;-0.0404885;0.106196;-0.0411039;0.109896;0.00517278;0.011623;0.019418;0.0124865;0.0308781;0.0106659;0.495984;0;1;0;1;0;
57;0.275955;-0.275955;0.275955;-0.275955;0.275955;-0.275955;-0.121316;0.158145;-0.120982;0.159364;-0.121338;0.161524;0.00302184;0.00678735;0.0113438;0.0072917;0.0180375;0.00622845;0.609937;0;1;0;1;0;
58;0.250436;-0.250436;0.250436;-0.250436;0.250436;-0.250436;-0.180933;0.202442;-0.180732;0.203154;-0.180936;0.204416;0.0017652;0.00396332;0.00662632;0.00425785;0.0105359;0.00363692;0.660007;0;0.982152;0;1;0;
59;0.214179;-0.214179;0.214179;-0.214179;0.214179;-0.214179;-0.218171;0.230734;-0.218049;0.231149;-0.213613;0.231886;0.0010309;0.00231405;0.00386996;0.00248608;0.00615288;0.00212346;0.698203;0;1;0;1;0;
60;0.166496;-0.166496;0.166496;-0.166496;0.166496;-0.166496;-0.239161;0.246498;-0.229594;0.246741;-0.207676;0.247171;0.000601808;0.00135087;0.00225961;0.00145131;0.00359287;0.00123956;0.749312;0;1;0;1;0;
61;0.103062;-0.103062;0.103062;-0.103062;0.103062;-0.103062;-0.245449;0.25354;-0.22606;0.253682;-0.200314;0.253933;0.000351034;0.000788345;0.00131932;0.000847017;0.00209793;0.00072334;0.772844;0;1;0;1;0;
62;0.0184139;-0.0184141;0.0184141;-0.0184139;0.0184144;-0.018414;-0.232423;0.237922;-0.219194;0.243539;-0.186696;0.244076;0.000204741;0.000459821;0.000770353;0.000494106;0.00122533;0.000421889;0.864469;0;1;0;1;0;
63;-0.0808907;0.0808905;-0.0808906;0.0808907;-0.0808902;0.0808907;-0.204069;0.216501;-0.205914;0.224494;-0.15972;0.225132;0.00011966;0.000267992;0.000450064;0.000288018;0.000716499;0.000245838;0.938091;0;1;0;1;0;
64;-0.168493;0.168493;-0.168493;0.168493;-0.168493;0.168493;-0.161572;0.183017;-0.176402;0.205397;-0.119052;0.202435;7.07437e-05;0.00015601;0.000263537;0.000167806;0.00931616;0.000143185;1;0;1;0;1;0;
65;-0.228615;0.228615;-0.228615;0.228615;-0.228615;0.228615;-0.109441;0.148171;-0.139076;0.19022;-0.0614785;0.18849;0.00983012;9.06103e-05;0.00263192;9.74661e-05;0.0212591;8.30514e-05;1;0;1;0;1;0;
66;-0.264692;0.264691;-0.264691;0.264691;-0.264692;0.264691;-0.0552814;0.137172;-0.0909273;0.161729;0.00149124;0.160719;0.0374888;5.24379e-05;0.00563299;5.65091e-05;0.041549;4.81164e-05;1;0;1;0;1;0;
67;-0.284217;0.284216;-0.284216;0.284216;-0.284217;0.284216;0.0349076;0.105663;0.0022166;0.120008;0.0471968;0.119415;0.0624616;3.01511e-05;0.0157886;0.00949659;0.0449361;2.76865e-05;0.93282;0;0.996896;0.646794;0.95115;0;
68;-0.292489;0.292489;-0.292489;0.292489;-0.292489;0.292489;0.0572674;0.05306;0.0702652;0.0614353;0.0641372;0.0610902;0.03648;0.0227069;0.0259236;0.00554888;0.0262463;0.0323942;0.593745;0.970747;0.833481;0.547885;0.546398;0.947547;
69;-0.291686;0.292756;-0.291686;0.291686;-0.291727;0.291686;0.0855425;-0.0210958;0.0931334;-0.0162196;0.0895545;-0.0164099;0.0213037;0.0290188;0.0151389;0.0055313;0.0153273;0.0189253;0;1;0;0.363004;0;1;
70;-0.280941;0.281566;-0.280941;0.280941;-0.280965;0.280941;0.140342;-0.102692;0.144775;-0.0998564;0.142685;-0.0999586;0.0124409;0.0194761;0.00884067;0.00323136;0.00895067;0.0148232;0;1;0;0.408935;0;1;
71;-0.258577;0.258942;-0.258577;0.258577;-0.258591;0.258577;0.190064;-0.168066;0.192653;-0.16642;0.191433;-0.166473;0.00726499;0.0113765;0.00516248;0.00188769;0.00522671;0.00865882;0;1;0;0.43284;0;1;
72;-0.225211;0.225425;-0.225211;0.225211;-0.22522;0.225212;0.22332;-0.210464;0.224832;-0.209511;0.224119;-0.209537;0.00424223;0.00664427;0.00301438;0.00110255;0.00305188;0.00505724;0;1;0;0.459048;0;1;
73;-0.180948;0.181073;-0.180948;0.180948;-0.180953;0.180948;0.242539;-0.205523;0.243422;-0.234473;0.243005;-0.233436;0.00247692;0.00387979;0.00175987;0.000643706;0.00178175;0.00295309;0;1;0;0.566934;0;1;
74;-0.12247;0.122543;-0.12247;0.12247;-0.122473;0.12247;0.251958;-0.201461;0.252474;-0.247247;0.252231;-0.228829;0.00144597;0.00226543;0.00102721;0.000375558;0.00103998;0.00172425;0;1;0;0.685721;0;0.899229;
75;-0.0438946;0.0439376;-0.0438946;0.0438946;-0.0438964;0.0438947;0.24676;-0.190736;0.247221;-0.236616;0.245885;-0.223208;0.000843886;0.00132296;0.000599332;0.000218982;0.000606778;0.00100678;0;1;0;0.705886;0;1;
76;0.0534502;-0.053424;0.0534502;-0.0534504;0.0534492;-0.0534503;0.231827;-0.163492;0.23128;-0.215437;0.221548;-0.204603;0.000492285;0.00507875;0.000349448;0.000127837;0.000353814;0.000588098;0;1;0;0.574019;0;1;
77;0.146925;-0.14691;0.146925;-0.146925;0.146925;-0.146925;0.196872;-0.135147;0.194194;-0.173777;0.196612;-0.186063;0.000287222;0.0220886;0.000203747;7.52512e-05;-0.000161812;0.000343994;0;1;0;0.668934;0;1;
78;0.214778;-0.21477;0.214778;-0.214778;0.214778;-0.214778;0.165733;-0.0679633;0.164928;-0.12103;0.162748;-0.148091;0.000167121;0.0296543;0.000118376;0.00862435;-9.50171e-05;0.0029633;0;1;0;0.724096;0;1;
79;0.256704;-0.2567;0.256704;-0.256704;0.256704;-0.256704;0.153245;-0.0214366;0.152775;-0.0761273;0.151501;-0.103481;9.71907e-05;0.0301481;6.87382e-05;0.0189596;-5.59749e-05;0.00540577;0;1;0;0.780603;0;0.803355;
80;0.280131;-0.280129;0.280131;-0.280132;0.280131;-0.280131;0.12271;0.0471608;0.122433;0.00459061;0.121689;-0.0322807;0.0280445;0.0578178;3.97437e-05;0.037334;-3.31423e-05;0.0117575;0.395999;1;0;0.822046;0;0.94698;
81;0.29115;-0.291149;0.29115;-0.29115;0.29115;-0.29115;0.07352;0.0631329;0.0733583;0.0588029;0.0729225;0.05763;0.0163803;0.0337717;0.0286427;0.0218083;0.0125835;0.0502891;0.848734;0.869172;0.890926;0.640969;0.496538;0.994298;
82;0.292813;-0.292813;0.292813;-0.292813;0.292813;-0.292813;0.00322981;0.0765768;0.00314497;0.0740484;0.00316644;0.073364;0.00956802;0.0197222;0.0221091;0.0127358;0.0256474;0.0293687;0.53736;0;1;0;1;0.120494;
83;0.285021;-0.285021;0.285021;-0.285021;0.285022;-0.285021;-0.0797671;0.126375;-0.0798067;0.124898;-0.0797908;0.124499;0.0055889;0.0115173;0.0183519;0.00743724;0.0281561;0.0171508;0.603607;0;1;0;1;0;
84;0.265889;-0.265889;0.265889;-0.265889;0.26589;-0.265889;-0.151709;0.178928;-0.151725;0.178066;-0.151712;0.177833;0.00326464;0.0067256;0.0107202;0.0043429;0.0164466;0.0100156;0.639355;0;1;0;1;0;
85;0.23544;-0.23544;0.23544;-0.23544;0.235441;-0.23544;-0.20044;0.216337;-0.200444;0.215833;-0.200433;0.215697;0.00190679;0.00392724;0.00626141;0.00253576;0.00960573;0.00584859;0.564097;0;1;0;1;0;
86;0.194343;-0.194344;0.194344;-0.194343;0.194344;-0.194343;-0.229438;0.238722;-0.229436;0.238428;-0.207022;0.238349;0.00111344;0.00229296;0.00365648;0.00148038;0.00560932;0.00341506;0.976376;0;1;0;1;0;
87;0.140326;-0.140326;0.140326;-0.140326;0.140327;-0.140326;-0.24493;0.250353;-0.229986;0.250181;-0.203856;0.250135;0.000649928;0.00133853;0.002135;0.000863995;0.00327547;0.00199382;1;0;1;0;1;0;
88;0.0677846;-0.0677851;0.0677847;-0.0677846;0.0677855;-0.0677847;-0.239474;0.251095;-0.225006;0.249511;-0.194542;0.249718;0.000379147;0.000781143;0.00124658;0.000504024;0.00191271;0.00116383;1;0;1;0;1;0;
89;-0.0257067;0.0257058;-0.0257066;0.0257067;-0.0257055;0.0257067;-0.221931;0.228775;-0.214165;0.237377;-0.177355;0.237103;0.000221302;0.000455619;0.000728014;0.000293796;0.0011175;0.000679127;1;0;1;0;1;0;
90;-0.123252;0.123251;-0.123252;0.123252;-0.123251;0.123252;-0.189571;0.204664;-0.195445;0.203841;-0.144877;0.202967;0.000129625;0.000265526;0.000425492;0.000171068;0.000653875;0.000396091;1;0;0.795972;0;1;0;
91;-0.198943;0.198942;-0.198943;0.198943;-0.198942;0.198943;-0.140909;0.169961;-0.156963;0.16814;-0.091122;0.167783;0.00822369;0.000154538;0.00300928;9.93992e-05;0.0119283;-0.00409709;1;0;1;0;1;0;
92;-0.247327;0.247326;-0.247327;0.247327;-0.247326;0.247327;-0.0887316;0.161102;-0.114806;0.157673;-0.0324887;0.150212;0.00920194;8.982e-05;0.00175887;5.7638e-05;0.0298204;-0.00239305;1;0;0.933642;0;1;0;
93;-0.275124;0.275123;-0.275124;0.275124;-0.275124;0.275124;-0.0170874;0.134337;-0.0666053;0.132335;0.0346572;0.127978;0.0434795;5.1959e-05;0.0156028;3.3294e-05;0.0466806;-0.00139792;1;0;0.774038;0;1;0;
94;-0.289121;0.289121;-0.289121;0.289121;-0.289121;0.289121;0.0496262;0.0899697;0.0454103;0.0888061;0.0602855;0.0862575;0.0253985;2.99191e-05;0.0324236;0.0131937;0.0272687;0.00940069;0.901587;0;1;0.456977;1;0.536122;
95;-0.293239;0.293238;-0.293238;0.293238;-0.293239;0.293238;0.0741139;0.0280911;0.0821446;0.0244091;0.0535923;0.022929;0.0148327;0.0303333;0.0189362;0.00770747;0.0159248;0.0264817;0;1;0.460112;0.414277;0.103862;1;
96;-0.288223;0.288224;-0.288223;0.288223;-0.288223;0.288223;0.114604;-0.0549016;0.119294;-0.0570664;0.10262;-0.05792;0.00866181;0.0332171;0.0110582;0.00450241;0.00929966;0.0191146;0;1;0;0.388605;0;0.951101;
97;-0.27234;0.272341;-0.27234;0.27234;-0.27234;0.27234;0.167776;-0.132897;0.170514;-0.134173;0.160777;-0.134663;0.00505805;0.0194031;0.00645753;0.00263027;0.00543056;0.0111662;0;1;0;0.419176;0;1;
98;-0.244882;0.244882;-0.244882;0.244882;-0.244882;0.244882;0.208925;-0.188546;0.210525;-0.1893;0.204838;-0.189581;0.00295342;0.011333;0.00377071;0.00153644;0.00317096;0.0065223;0;1;0;0.629126;0;1;
