1;-0.000363587;0.000116064;9.94837e-05;-0.000363587;0.000116064;9.94836e-05;0.0349769;0.0347456;0.0352595;0.0349769;0.0347455;0.0352594;0.808667;0.808665;0.808666;0.808667;0.808665;0.808666;0;0;0;0;0;0;
2;-0.00916247;-0.0115978;-0.00950539;-0.00983773;0.018234;0.000749028;0.150626;0.155198;0.158501;0.182448;0.19336;0.194858;0.472456;0.472456;0.472458;0.472498;0.472501;0.472506;1;1;1;1;1;1;
3;-0.00813201;-0.0120452;-0.00933645;-0.0160146;0.0207817;0.00315879;0.0880542;0.0908883;0.0926555;0.106471;0.113013;0.113718;0.275929;0.275932;0.275933;0.275957;0.275959;0.275962;0.606451;0.818475;0.638866;0.471066;0.412299;0.766772;
4;-0.00411417;-0.00766914;-0.00481762;-0.0099872;0.0127712;0.0012099;0.0514012;0.0531116;0.0540887;0.0622104;0.0659774;0.0664438;0.161148;0.16115;0.16115;0.161164;0.161165;0.161168;0.817731;0.61962;0.876597;0.470894;0.585142;0.8826;
5;-0.00152647;-0.0053549;-0.00193732;-0.00670858;0.00833445;-0.000169623;0.0301051;0.031385;0.0313369;0.0365901;0.0382803;0.0390642;0.0941131;0.0941146;0.0941143;0.0941222;0.0941237;0.0941253;0.735355;0.56985;0.823982;0.457896;0.444889;1;
6;0.000215998;-0.00423466;-2.41339e-05;-0.00502516;0.00597469;-0.00120645;0.028667;0.0313989;0.0320313;0.0261447;0.0301501;0.0357651;0.0549645;0.0549652;0.0549651;0.0549693;0.0549707;0.0549717;1;0.722107;0.761543;0.476711;0.61757;0.879459;
7;0.00136946;-0.00371633;0.00122918;-0.00417795;0.00473253;-0.00194785;0.0270857;0.0286983;0.0283037;0.0275916;0.0281135;0.0331827;0.0321018;0.0321019;0.0321024;0.0321041;0.0321056;0.0321061;1;0.689179;0.915271;0.56712;0.635471;0.889562;
8;0.00193336;-0.00330392;0.00134122;-0.00357348;0.00389741;-0.0022711;0.0256899;0.0277238;0.027228;0.030741;0.0290108;0.0348722;0.0187501;0.0187495;0.0187508;0.0187509;0.0187525;0.0187524;1;0.488779;1;0.580066;0.658035;0.877373;
9;0.00166746;-0.0024679;-0.000658698;-0.00262527;0.00281452;-0.00186467;0.0233138;0.0276276;0.0269747;0.032444;0.0283337;0.0374723;0.0109528;0.0109515;0.0109536;0.0109526;0.0109544;0.0109538;0.967882;0.645635;0.923902;0.595863;0.851794;0.852917;
10;7.85496e-05;-0.000546014;-0.00127992;-0.000637801;-0.015608;-0.000193596;0.0207451;0.0260148;0.0218803;0.0324233;0.0269457;0.0348273;0.00639931;0.0063971;0.0064002;0.00639823;0.00640044;0.00639914;0.948953;0.317195;0.955367;0.3496;0.914571;0.788362;
11;-0.00360024;0.00332714;-0.00439349;0.0032736;-0.012761;0.00353305;0.0191369;0.0292031;0.0235955;0.0350699;0.0310557;0.041655;0.00515997;0.00373716;0.010933;0.00373846;0.0102883;0.0037393;0.885373;0.539101;0.996319;0.441559;1;0.833156;
12;-0.0104023;0.0102428;-0.0108655;0.0102116;-0.0157521;0.0103631;0.018105;0.0300797;0.0216463;0.0388651;0.0294913;0.0435213;0.00535487;0.00218344;0.00638834;0.00218494;0.00861521;0.00218564;0.766182;0.602127;0.990915;0.422769;0.953595;0.771436;
13;-0.021533;0.0214398;-0.0218035;0.0214216;-0.0246572;0.0215102;0.0165741;0.0293581;0.0186788;0.037916;0.0277578;0.0410794;0.00578429;0.0012761;0.00704566;0.00127769;0.00914348;0.0012784;0.857405;0.56788;1;0.58789;0.814604;0.773814;
14;-0.0380718;0.0380173;-0.0382297;0.0380067;-0.0398963;0.0380585;0.0185828;0.029519;0.0216502;0.0354518;0.028004;0.0396388;0.00345399;0.000746529;0.0047263;0.000748084;0.00876025;0.00141284;0.835334;0.39714;0.977291;0.438246;0.702602;0.92396;
15;-0.0603153;0.0602835;-0.0604076;0.0602774;-0.0613808;0.0603076;0.0241533;0.027435;0.0273092;0.0276284;0.0280836;0.0309999;0.00257179;0.00267779;0.00454822;0.00164636;0.00511881;0.00345505;1;0.588585;0.909925;0.576828;0.537151;0.977565;
16;-0.0867405;0.086722;-0.0867944;0.0867184;-0.0873628;0.086736;0.0434176;0.0280336;0.0473588;0.0128608;0.0338628;0.0189341;0.00150313;0.0162781;0.0026581;0.00901172;0.00298976;0.0101063;0.540068;1;0.757634;0.500627;0.3245;1;
17;-0.113122;0.113111;-0.113154;0.113109;-0.113486;0.113119;0.0582328;0.0146541;0.0605357;-0.0253618;0.0526527;-0.0218115;0.000877554;0.0206373;0.00155266;0.00824201;0.00174564;0.0108291;0.0559236;1;0.649921;0.553242;0;1;
18;-0.132803;0.132796;-0.132821;0.132795;-0.133015;0.132801;0.0955726;-0.0529919;0.0969175;-0.076373;0.092314;-0.0742943;0.000512107;0.0330797;0.000906375;0.00481542;0.00101908;0.0117567;0;1;0;0.500641;0;1;
19;-0.138313;0.13831;-0.138324;0.138309;-0.138437;0.138312;0.143597;-0.118718;0.144383;-0.132382;0.141694;-0.131164;0.000298684;0.0193228;0.000528937;0.0028135;0.000594718;0.00686859;0;1;0;0.509964;0;1;
20;-0.123567;0.123565;-0.123574;0.123565;-0.12364;0.123567;0.185984;-0.171445;0.186443;-0.179433;0.184873;-0.178717;0.000173999;0.0112863;0.000308468;0.00164376;0.000346857;0.0040126;0;1;0;0.734034;0;1;
21;-0.0843856;0.0843846;-0.0843892;0.0843842;-0.084428;0.0843853;0.214936;-0.19502;0.215204;-0.211108;0.214287;-0.210688;0.000101166;0.00659132;0.000179702;0.000960244;0.000202064;0.00234372;0;1;0;0.626068;0;1;
22;-0.0173047;0.0173044;-0.0173068;0.0173041;-0.0173297;0.0173045;0.230541;-0.188994;0.230697;-0.228303;0.230162;-0.217195;5.85625e-05;0.00384935;0.00010444;0.000560821;0.000117489;0.00136872;0;1;0;0.738129;0;1;
23;0.0725459;-0.0725458;0.0725446;-0.072546;0.0725308;-0.072546;0.227887;-0.168216;0.227916;-0.206114;0.228523;-0.208026;3.36663e-05;0.00224853;6.04635e-05;0.000327694;6.80887e-05;0.000799538;0;1;0;0.8594;0;1;
24;0.159619;-0.159619;0.159619;-0.159619;0.15961;-0.159619;0.191744;-0.128629;0.189759;-0.169031;0.193631;-0.179099;1.91712e-05;0.0102656;3.48092e-05;0.000192341;3.91716e-05;0.000467623;0;1;0;0.952912;0;1;
25;0.222491;-0.222491;0.22249;-0.22249;0.222485;-0.222491;0.15357;-0.0787588;0.144066;-0.111879;0.157457;-0.139922;1.08544e-05;0.0199914;1.99413e-05;0.013591;2.23809e-05;0.00136497;0;1;0;0.796855;0;1;
26;0.261128;-0.261129;0.261128;-0.261127;0.261124;-0.261128;0.144019;-0.0113445;0.104354;-0.057181;0.146289;-0.102133;5.81438e-06;0.0358583;1.1445e-05;0.0204813;1.2638e-05;0.00694656;0;1;0;0.805388;0;1;
27;0.282492;-0.282494;0.282492;-0.282492;0.282491;-0.282493;0.114571;0.0327858;0.0914037;0.0211682;0.115894;-0.0177912;0.00472653;0.0333146;-0.000630248;0.0475277;6.86364e-06;0.0165995;0.621829;1;0;0.890545;0;0.907427;
28;0.292154;-0.292155;0.292154;-0.292154;0.292153;-0.292155;0.0649913;0.052553;0.0524082;0.0571976;0.0657643;0.0631626;0.00761296;0.0194603;0.020236;0.0277598;0.0290029;0.0497694;0.720062;0.922063;1;0.589845;0.767782;0.9359;
29;0.29273;-0.292899;0.29273;-0.29273;0.298158;-0.292731;-0.00632462;0.0749712;-0.0136628;0.0776836;-0.00585875;0.0811677;0.00606562;0.0113643;0.0190132;0.0162111;0.0270454;0.0290649;0.540559;0;1;0;1;0;
30;0.283765;-0.283864;0.283765;-0.283765;0.286936;-0.283766;-0.0887639;0.128854;-0.0930398;0.130438;-0.0884785;0.132473;0.00354338;0.00663632;0.016643;0.00946689;0.0295647;0.0169734;0.609598;0;1;0;1;0;
31;0.263376;-0.263433;0.263376;-0.263376;0.265227;-0.263376;-0.158195;0.181609;-0.160685;0.182534;-0.158018;0.183722;0.00207001;0.00387514;0.00972181;0.00552816;0.0172679;0.00991196;0.662189;0;1;0;1;0;
32;0.23181;-0.231844;0.231811;-0.23181;0.232892;-0.231811;-0.204446;0.21812;-0.205895;0.21866;-0.204334;0.219354;0.00120905;0.00226259;0.00567813;0.00322798;0.0100854;0.00578809;0.971831;0;1;0;0.804007;0;
33;0.18955;-0.189569;0.18955;-0.18955;0.190181;-0.18955;-0.231694;0.239681;-0.232537;0.239997;-0.205734;0.240402;0.000705948;0.00132082;0.00331577;0.00188461;0.00588947;0.0033797;0.74657;0;1;0;1;0;
34;0.133932;-0.133943;0.133932;-0.133932;0.134301;-0.133932;-0.246029;0.250695;-0.229457;0.250879;-0.202602;0.251116;0.000411938;0.000770799;0.00193603;0.00110007;0.00343905;0.00197319;0.777589;0;0.936658;0;1;0;
35;0.0591851;-0.0591903;0.0591852;-0.0591851;0.0593993;-0.0591852;-0.237985;0.249767;-0.218309;0.248067;-0.194017;0.249612;0.000240198;0.000449585;0.00113061;0.000641893;0.00200828;0.00115179;0.838754;0;1;0;1;0;
36;-0.0359166;0.0359149;-0.0359163;0.0359167;-0.0357931;0.0359166;-0.216691;0.226239;-0.212773;0.234941;-0.174129;0.234092;0.000140206;0.000261981;0.000660849;0.00037432;0.00117346;0.000672115;0.931339;0;1;0;1;0;
37;-0.132206;0.132206;-0.132206;0.132206;-0.132135;0.132206;-0.186384;0.201429;-0.192452;0.203396;-0.142626;0.198204;8.23638e-05;0.000152428;0.000386316;0.000218122;0.000686678;0.000392023;1;0;1;0;1;0;
38;-0.205019;0.20502;-0.205019;0.205019;-0.204979;0.205019;-0.132644;0.166868;-0.154114;0.162293;-0.0867308;0.157552;0.010363;8.84881e-05;0.00375431;0.000127015;0.0140832;0.000228435;1;0;1;0;1;0;
39;-0.250954;0.250954;-0.250953;0.250954;-0.250931;0.250954;-0.0788177;0.157118;-0.11332;0.145454;-0.0295976;0.118083;0.0183192;5.1255e-05;0.00219392;7.3746e-05;0.0396883;0.000133271;1;0;0.954007;0;1;0;
40;-0.277083;0.277083;-0.277082;0.277082;-0.27707;0.277082;-0.00213274;0.129481;-0.0422303;0.122671;0.0245103;0.106685;0.0315296;2.94145e-05;0.0157254;0.0105164;0.0431597;-0.00103599;1;0;0.978905;0.294582;1;0;
41;-0.289951;0.289951;-0.289951;0.28995;-0.289943;0.289951;0.0465213;0.0836689;0.0520719;0.0796979;0.0477171;0.0703582;0.0230393;1.69294e-05;0.0320447;0.0109163;0.0252113;0.0136396;1;0.149049;1;0.50864;1;0.806721;
42;-0.293161;0.293161;-0.293161;0.29316;-0.293157;0.293161;0.059337;0.0178646;0.0869637;0.0146158;0.0597973;0.00916881;0.0134552;0.0276476;0.018715;0.00637771;0.0147232;0.0208068;0;0.896282;0.533562;0.452091;0;1;
43;-0.287142;0.287143;-0.287142;0.287142;-0.28714;0.287143;0.10995;-0.0648487;0.126083;-0.0667605;0.110218;-0.0699307;0.00785743;0.0294694;0.010929;0.00372585;0.00859792;0.018798;0;1;0;0.523247;0;1;
44;-0.270064;0.270065;-0.270064;0.270064;-0.270063;0.270065;0.166805;-0.140455;0.176227;-0.141582;0.166962;-0.143426;0.00458831;0.0172139;0.0063821;0.00217667;0.00502075;0.0109812;0;1;0;0.420685;0;1;
45;-0.241493;0.241493;-0.241493;0.241493;-0.241492;0.241493;0.208748;-0.19335;0.214251;-0.194017;0.20884;-0.195088;0.00267908;0.0100545;0.00372665;0.00127149;0.00293163;0.00641431;0;1;0;0.457379;0;1;
46;-0.202303;0.202303;-0.202303;0.202303;-0.202303;0.202303;0.23439;-0.207279;0.237604;-0.225786;0.234444;-0.226407;0.00156407;0.00587188;0.00217587;0.000742477;0.00171155;0.00374602;0;1;0;0.485736;0;1;
47;-0.150864;0.150865;-0.150864;0.150865;-0.150865;0.150865;0.248166;-0.202583;0.250043;-0.243141;0.248198;-0.228201;0.000912852;0.0034293;0.00127016;0.000433298;0.000999009;0.00218743;0;1;0;0.687708;0;1;
48;-0.0819836;0.0819849;-0.0819836;0.0819839;-0.0819847;0.081984;0.250603;-0.194241;0.251839;-0.242323;0.252196;-0.225247;0.000532554;0.00200305;0.000741215;0.000252581;0.000582888;0.00127729;0;1;0;0.625979;0;1;
49;0.00835651;-0.00835397;0.00835647;-0.00835606;0.00835402;-0.00835618;0.240166;-0.177871;0.238934;-0.227086;0.234203;-0.215228;0.000310414;0.00117076;0.000432324;0.00014722;0.000339861;0.00074596;0;1;0;0.609872;0;1;
50;0.107336;-0.107332;0.107335;-0.107335;0.107332;-0.107335;0.208952;-0.145333;0.216365;-0.198475;0.21038;-0.199066;0.000180731;0.00399319;0.000251948;8.60224e-05;0.000197969;0.000435972;0;1;0;0.652718;0;1;
51;0.187853;-0.187849;0.187853;-0.187852;0.187849;-0.187853;0.175289;-0.0971167;0.205412;-0.151148;0.175165;-0.165975;0.000105009;0.0167151;0.000146658;0.00179314;0.000115125;0.000255508;0;1;0;0.897344;0;0.816084;
52;0.240617;-0.240614;0.240617;-0.240616;0.240614;-0.240617;0.165097;-0.0362005;0.185201;-0.0948286;0.135504;-0.12406;6.09478e-05;0.0439835;8.51163e-05;0.0100957;6.67675e-05;0.00752855;0;1;0;1;0;1;
53;0.27144;-0.271438;0.27144;-0.27144;0.271438;-0.27144;0.140838;0.0384857;0.152579;-0.0267603;0.123556;-0.0744136;3.51715e-05;0.069615;4.93015e-05;0.0437762;3.85524e-05;0.00439829;0;1;0;1;0;0.724098;
54;0.287466;-0.287466;0.287466;-0.287467;0.287465;-0.287467;0.0994479;0.0635084;0.1063;0.0414197;0.0893502;0.0299741;0.00741871;0.0406631;2.84027e-05;0.0336851;2.20921e-05;0.0410679;0.594408;1;0.0280686;0.635123;0;1;
55;0.293158;-0.293158;0.293158;-0.293158;0.293158;-0.293158;0.0381178;0.0666227;0.0421268;0.0655879;0.0386977;0.0744988;0.0043351;0.0237477;0.02603;0.0196725;0.0331412;0.0239855;0.884159;0.0166393;1;0.190148;0.786341;0.5664;
56;0.289813;-0.289813;0.289813;-0.289813;0.289813;-0.289813;-0.0418822;0.10305;-0.0395264;0.102446;-0.041527;0.10765;0.00394886;0.0138681;0.0454745;0.0114882;0.0340063;0.014007;0.611604;0;1;0;1;0;
57;0.275955;-0.275955;0.275955;-0.275955;0.275955;-0.275955;-0.121803;0.157527;-0.12042;0.157174;-0.121585;0.160213;0.00230724;0.00809851;0.0265612;0.00670867;0.0198645;0.00817966;0.826367;0;1;0;1;0;
58;0.250436;-0.250436;0.250436;-0.250436;0.250437;-0.250436;-0.181218;0.202081;-0.180404;0.201875;-0.181081;0.20365;0.001348;0.00472904;0.0155134;0.00391739;0.011603;0.00477643;0.950462;0;1;0;1;0;
59;0.214179;-0.214179;0.214179;-0.214179;0.214179;-0.214179;-0.218338;0.230523;-0.217858;0.230402;-0.212599;0.231439;0.000786979;0.00276123;0.00906004;0.00228725;0.00677627;0.00278891;0.878565;0;1;0;1;0;
60;0.166496;-0.166496;0.166497;-0.166496;0.166496;-0.166496;-0.239258;0.246375;-0.229732;0.246304;-0.206917;0.24691;0.000458959;0.00161202;0.0052906;0.0013352;0.00395712;0.00162818;0.586047;0;1;0;1;0;
61;0.103062;-0.103062;0.103063;-0.103063;0.103062;-0.103063;-0.247724;0.253468;-0.226714;0.253427;-0.19971;0.25378;0.000267241;0.000940859;0.00308938;0.000779212;0.00231083;0.00095029;0.811206;0;1;0;1;0;
62;0.018415;-0.0184134;0.0184159;-0.0184156;0.0184141;-0.0184157;-0.233272;0.238022;-0.219557;0.243606;-0.186335;0.244273;0.000155427;0.000548893;0.00180402;0.00045452;0.0013498;0.000554421;0.897969;0;1;0;1;0;
63;-0.0808889;0.0808916;-0.0808878;0.0808881;-0.080891;0.0808881;-0.204764;0.216671;-0.205992;0.223912;-0.160001;0.22507;9.05524e-05;0.000320012;0.00105368;0.000264917;0.000789328;0.000323238;1;0;1;0;1;0;
64;-0.16849;0.168494;-0.16849;0.16849;-0.168494;0.16849;-0.161688;0.183675;-0.173856;0.193968;-0.116332;0.207809;5.3987e-05;0.00018637;0.000615953;0.000154421;0.0104302;0.000188373;1;0;1;0;1;0;
65;-0.228613;0.228616;-0.228613;0.228613;-0.228616;0.228613;-0.104953;0.148013;-0.139138;0.183545;-0.0588409;0.191629;0.0166137;0.000108345;0.00387311;8.96096e-05;0.0205273;0.000109466;1;0;1;0;1;0;
66;-0.26469;0.264692;-0.26469;0.26469;-0.264692;0.26469;-0.0562087;0.13708;-0.0921047;0.157831;-2.18748e-05;0.162552;0.0259529;6.28121e-05;0.00226332;5.19085e-05;0.0570547;6.35149e-05;1;0;0.891059;0;1;0;
67;-0.284216;0.284217;-0.284215;0.284215;-0.284217;0.284215;0.0317366;0.10561;0.000257362;0.117732;0.0434289;0.120485;0.0437483;3.62323e-05;0.041942;0.00607278;0.033331;3.6706e-05;1;0;0.992468;0.494794;0.982779;0;
68;-0.292488;0.292489;-0.292488;0.292488;-0.292489;0.292488;0.0568372;0.0530287;0.0812172;0.0601065;0.0647214;0.0617156;0.0255513;0.0228274;0.0244991;0.00849628;0.0194688;0.0376684;0.84159;0.993126;0.955594;0.704873;0.425115;0.759812;
69;-0.293206;0.311534;-0.295366;0.291913;-0.291736;0.291696;0.0852913;-0.0211129;0.0995295;-0.0169959;0.0898956;-0.0160442;0.0149214;0.0390399;0.0143072;0.00699726;0.0113693;0.0233235;0;1;0;0.332722;0;1;
70;-0.281829;0.292533;-0.28309;0.281074;-0.28097;0.280947;0.140195;-0.102702;0.14851;-0.10031;0.142884;-0.0997446;0.00871372;0.0263696;0.00835494;0.00408748;0.00663919;0.017365;0;1;0;0.40049;0;1;
71;-0.259096;0.265348;-0.259832;0.258655;-0.258594;0.258581;0.189979;-0.168071;0.194835;-0.166685;0.191549;-0.166348;0.00508833;0.0154031;0.0048788;0.00238785;0.00387682;0.0101435;0;1;0;0.434277;0;1;
72;-0.225514;0.229166;-0.225945;0.225257;-0.225222;0.225214;0.22327;-0.209508;0.226106;-0.209666;0.224187;-0.209463;0.00297109;0.00899631;0.00284871;0.00139485;0.00226356;0.00592456;0;1;0;0.655923;0;1;
73;-0.181125;0.183258;-0.181376;0.180974;-0.180954;0.180949;0.242509;-0.203114;0.244166;-0.234564;0.243045;-0.230901;0.00173458;0.00525401;0.00166311;0.000814676;0.00132139;0.00345981;0;1;0;0.495949;0;1;
74;-0.122573;0.123819;-0.12272;0.122485;-0.122473;0.12247;0.251941;-0.192526;0.252908;-0.246627;0.252254;-0.225904;0.00101244;0.00306839;0.000970697;0.000475675;0.000771132;0.00202043;0;1;0;0.417221;0;1;
75;-0.0439547;0.0446835;-0.0440405;0.0439037;-0.0438973;0.0438949;0.247523;-0.191887;0.247687;-0.232852;0.243259;-0.223977;0.000590748;0.00179169;0.000566367;0.000277689;0.000449779;0.00117984;0;1;0;0.747083;0;1;
76;0.0534155;-0.052989;0.0533655;-0.0534452;0.0534481;-0.0534504;0.232073;-0.168963;0.231206;-0.212227;0.222604;-0.2094;0.000344432;0.00104709;0.000330198;0.000162504;0.000262108;0.000689322;0;1;0;0.63169;0;1;
77;0.146905;-0.146655;0.146876;-0.146922;0.146923;-0.146926;0.205873;-0.138054;0.205173;-0.175042;0.198212;-0.183147;0.000200827;0.000612911;0.000192526;9.58403e-05;0.000152567;0.000402722;0;1;0;0.990058;0;1;
78;0.214767;-0.214621;0.21475;-0.214777;0.214777;-0.214779;0.195288;-0.0728819;0.194879;-0.123729;0.159223;-0.148416;0.000116689;0.0185474;0.000111818;0.00900975;8.87052e-05;0.00397919;0;1;0;0.939458;0;1;
79;0.256697;-0.256613;0.256687;-0.256703;0.256703;-0.256704;0.170505;-0.0151476;0.170266;-0.0744085;0.149443;-0.10301;6.77214e-05;0.031834;6.48992e-05;0.0142462;5.12297e-05;0.006724;0;1;0;0.812077;0;0.896737;
80;0.280127;-0.280079;0.280122;-0.280131;0.280131;-0.280132;0.13279;0.0441773;0.132648;0.000486768;0.120487;-0.0312085;0.0289096;0.0562539;3.74572e-05;0.0271158;2.94664e-05;0.0133438;0.726633;1;0;0.867332;0;0.984851;
81;0.291148;-0.291119;0.291144;-0.29115;0.289136;-0.29115;0.0794075;0.0607426;0.0793232;0.0535233;0.0722201;0.0583642;0.0168859;0.032858;0.0267835;0.0206529;0.0196904;0.049567;0.714199;0.778984;0.803453;0.798456;0.661413;1;
82;0.292812;-0.292795;0.29281;-0.292813;0.291637;-0.292813;0.00666921;0.0751808;0.00662776;0.070965;0.00248273;0.0737941;0.00986389;0.0191886;0.0216325;0.0120609;0.0245547;0.0289477;0.643685;0;1;0;1;0.470047;
83;0.28502;-0.285011;0.28502;-0.285021;0.284335;-0.285021;-0.0777589;0.12556;-0.0777719;0.123098;-0.0801897;0.12475;0.00576154;0.0112057;0.0239366;0.00704314;0.0290468;0.0169049;0.600378;0;1;0;1;0;
84;0.265889;-0.265883;0.265889;-0.265889;0.265489;-0.265889;-0.150536;0.178452;-0.150536;0.177015;-0.151945;0.177979;0.00336545;0.00654363;0.0139822;0.00411274;0.0169669;0.009872;0.645956;0;1;0;1;0;
85;0.23544;-0.235437;0.23544;-0.23544;0.235207;-0.23544;-0.199755;0.216059;-0.199749;0.215219;-0.200569;0.215783;0.00196563;0.00382098;0.00816699;0.00240135;0.00990973;0.00576475;0.68505;0;1;0;1;0;
86;0.194343;-0.194342;0.194344;-0.194343;0.194208;-0.194343;-0.229038;0.23856;-0.22903;0.23807;-0.206424;0.238399;0.00114776;0.00223091;0.00476941;0.00140188;0.00578703;0.00336609;0.736947;0;1;0;1;0;
87;0.140326;-0.140325;0.140326;-0.140326;0.140247;-0.140326;-0.244696;0.250258;-0.229745;0.249972;-0.203229;0.250164;0.000669901;0.0013023;0.00278491;0.000818145;0.0033794;0.00196523;0.788366;0;1;0;1;0;
88;0.0677847;-0.0677848;0.0677848;-0.0677846;0.0677394;-0.0677846;-0.240245;0.251122;-0.225156;0.249685;-0.193981;0.249986;0.000390713;0.000759992;0.00162608;0.00047724;0.00197356;0.00114713;0.82446;0;1;0;1;0;
89;-0.0257067;0.0257056;-0.0257067;0.0257069;-0.025732;0.0257068;-0.223071;0.228443;-0.213804;0.237713;-0.177051;0.237193;0.000227909;0.000443278;0.000949573;0.000278143;0.00115317;0.00066937;0.927684;0;1;0;1;0;
90;-0.123252;0.12325;-0.123252;0.123252;-0.123265;0.123252;-0.191432;0.20482;-0.190134;0.204519;-0.145613;0.201583;0.000133285;0.000258326;0.000554987;0.000161919;0.000674836;0.000390388;0.728601;0;1;0;1;0;
91;-0.198943;0.198941;-0.198943;0.198943;-0.19895;0.198943;-0.143129;0.170801;-0.1591;0.166757;-0.0914121;0.162056;0.00369977;0.000150346;0.00694887;9.40556e-05;0.0157297;0.000227452;1;0;1;0;1;0;
92;-0.247327;0.247326;-0.247328;0.247327;-0.247331;0.247327;-0.0857906;0.159782;-0.114257;0.151169;-0.0338892;0.117574;0.0256745;8.73814e-05;0.00406003;5.45601e-05;0.0354236;0.000132567;1;0;0.995593;0;1;0;
93;-0.275124;0.275123;-0.275124;0.275124;-0.275127;0.275124;-0.0208998;0.133566;-0.0534139;0.128538;0.0335878;0.101903;0.0223165;5.0554e-05;0.0149384;0.0159047;0.0464442;7.69873e-05;1;0;0.920485;0.305845;0.908198;0;
94;-0.289121;0.28912;-0.289122;0.289121;-0.289123;0.289121;0.0486089;0.0895199;0.0395431;0.0865882;0.0475565;0.0710305;0.0392283;2.92158e-05;0.0386641;0.0113965;0.0271301;0.00710662;1;0.265701;1;0.686827;1;0.644154;
95;-0.293238;0.293239;-0.293239;0.293238;-0.293239;0.293238;0.0550966;0.0268873;0.0772842;0.023114;0.0563951;0.0140358;0.0229094;0.0271984;0.0225809;0.00665801;0.0158439;0.0213142;0.32741;1;0.537942;0.447469;0;1;
96;-0.288223;0.288224;-0.288224;0.288223;-0.288224;0.288223;0.103498;-0.0556041;0.116456;-0.0578227;0.104257;-0.0631133;0.0133786;0.0344489;0.0131867;0.00388952;0.00925239;0.018757;0;0.768951;0;0.372936;0;1;
97;-0.27234;0.272341;-0.27234;0.27234;-0.272341;0.27234;0.16129;-0.133308;0.168857;-0.134614;0.161733;-0.137696;0.00781269;0.0201224;0.00770056;0.00227237;0.00540295;0.0109574;0;0.927488;0;0.428337;0;1;
98;-0.244882;0.244883;-0.244882;0.244882;-0.244882;0.244882;0.205138;-0.188786;0.209557;-0.189558;0.205396;-0.191352;0.00456214;0.0117528;0.00449664;0.00132748;0.00315483;0.00640048;0;1;0;0.4538;0;1;
