1;-0.000363588;0.000116064;9.94837e-05;-0.000363588;0.000116064;9.94837e-05;0.0349769;0.0347456;0.0352595;0.0349769;0.0347456;0.0352595;0.808667;0.808665;0.808666;0.808667;0.808665;0.808666;0;0;0;0;0;0;
2;0.0094217;0.0033603;0.00424761;-0.00954933;-0.00629103;-0.00592452;0.102988;0.0915445;0.0850639;0.150658;0.06205;0.023574;0.472291;0.472314;0.472386;0.472403;0.472332;0.472299;1;1;1;1;1;1;
3;0.00787234;0.00278794;0.00312075;-0.00716692;-0.00504507;-0.0102853;0.0769399;0.091583;0.0586006;0.0894265;0.0571971;0.0548288;0.275831;0.275854;0.275886;0.275906;0.275857;0.275832;0.722031;0.624344;1;0.260508;0.660919;0.907862;
4;0.00546153;0.00241294;0.00439623;-0.0048203;-0.00231197;-0.00664187;0.0449106;0.0678929;0.0350915;0.0522578;0.0507587;0.0562952;0.161091;0.16111;0.161123;0.161136;0.161108;0.161094;0.721112;1;0.779188;0.489196;0.621361;0.929465;
5;0.00652835;0.00268622;0.00554505;-0.0036912;-0.00047451;-0.00475533;0.0314013;0.0638335;0.0308474;0.0312226;0.0455717;0.0556439;0.0940814;0.094096;0.0940993;0.0941067;0.0940939;0.0940862;0.589677;0.989467;0.779963;0.638226;0.612063;0.98088;
6;0.00619438;0.00187265;0.00534746;-0.00373491;0.000668774;-0.00388466;0.0295423;0.0634147;0.0247102;0.0271471;0.0454298;0.0543421;0.0549472;0.0549592;0.0549572;0.0549612;0.054957;0.0549532;0.701696;0.872029;0.763942;0.534987;0.759729;0.974618;
7;0.00650703;0.00195902;0.00581649;-0.00458653;0.00146709;-0.00411565;0.0256825;0.0635726;0.0221455;0.0251278;0.0443894;0.0533982;0.0320927;0.032103;0.0320979;0.0320996;0.0321012;0.0320993;0.696613;0.710047;0.589364;0.436622;0.779898;0.96807;
8;0.00603647;0.00220138;0.00566616;-0.00430744;0.000909658;-0.00392201;0.0222466;0.0633749;0.0205744;0.0259808;0.0436679;0.0524869;0.0187456;0.0215754;0.018748;0.0187482;0.0187535;0.0187522;0.694075;0.566064;1;0.432927;0.720804;1;
9;0.00450872;0.00363324;0.00402821;-0.00305408;3.65931e-05;-0.00338624;0.0198527;0.0643423;0.0199477;0.02921;0.0395211;0.0524989;0.0109507;0.0192007;0.0109518;0.0109508;0.0222799;0.0155824;0.693267;0.739266;0.81523;0.492063;0.537693;1;
10;0.00173835;0.00692083;0.00145772;-0.00088839;-0.000874339;-0.00108257;0.0138113;0.0637217;0.019214;0.0332519;0.0387029;0.0529623;0.00639849;0.0171149;0.00639866;0.00639717;0.0224749;0.0137034;0.694318;0.705481;0.847732;0.569991;0.694657;0.8849;
11;-0.0026302;0.0134957;-0.00279409;0.00312717;-0.00415681;0.00301361;0.0105786;0.0642836;0.0169968;0.0388476;0.0382247;0.0529932;0.00559363;0.0160808;0.00500236;0.00373783;0.0213825;0.0127965;0.691064;0.486254;0.897908;0.640603;0.713544;0.852395;
12;-0.00983519;0.0163058;-0.00993081;0.0101259;-0.0107274;0.0100595;0.00650288;0.0646361;0.0156918;0.0416609;0.0345287;0.053327;0.00434948;0.0157345;0.00708063;0.00218473;0.0253666;0.0117369;0.691781;0.744161;0.932386;0.618351;0.735734;0.824966;
13;-0.021201;0.0249812;-0.0212569;0.0213717;-0.0217235;0.0213326;0.00510003;0.0645571;0.0119041;0.0417962;0.034108;0.0493502;0.00545075;0.0135859;0.00496448;0.00127788;0.0191947;0.00850506;0.68293;0.90992;0.949838;0.500544;0.734219;0.784812;
14;-0.0378771;0.0400859;-0.0379097;0.0379776;-0.0381833;0.0379544;0.0046778;0.0604155;0.0145487;0.0400998;0.0334107;0.0477935;0.00567082;0.0107769;0.00588232;0.00106285;0.0167335;0.0102702;0.615083;1;0.928469;0.373376;0.719271;0.802356;
15;-0.0602009;0.0614921;-0.0602196;0.0602603;-0.0603803;0.0602464;0.0104372;0.0567553;0.0296282;0.0312035;0.0313435;0.0433668;0.0033137;0.0144339;0.00430782;0.00176444;0.009776;0.0140571;0.766337;0.800264;0.873326;0.51668;0.628645;0.629167;
16;-0.0866735;0.0874287;-0.0866833;0.0867085;-0.0867781;0.0866995;0.0175303;0.0502524;0.0539925;0.0135658;0.0301867;0.0327972;0.00193549;0.0234081;0.0043874;0.00614516;0.00570888;0.0265486;0.441134;0.983498;0.773549;0.607401;0.447972;1;
17;-0.113083;0.113526;-0.113088;0.113103;-0.113144;0.113097;0.0431147;0.0252543;0.0644103;-0.0249504;0.0505059;-0.00470364;0.00113006;0.0335325;0.00256329;0.00852407;0.00333357;0.0279567;0;1;0.444399;0.505802;0;1;
18;-0.13278;0.133041;-0.132783;0.132792;-0.132816;0.132787;0.0867437;-0.0467986;0.0991802;-0.0761333;0.0910602;-0.0642983;0.000659641;0.0386476;0.00149666;0.00498016;0.00194636;0.0351483;0;1;0;0.462519;0;1;
19;-0.1383;0.167243;-0.138301;0.138307;-0.138321;0.138303;0.138441;-0.115098;0.145704;-0.132243;0.140962;-0.125322;0.000384885;0.0279198;0.000873733;0.00290993;0.00113624;0.0205344;0;1;0;0.460111;0;0.96718;
20;-0.12356;0.140466;-0.123561;0.123564;-0.123572;0.123561;0.182973;-0.165421;0.187215;-0.179352;0.184446;-0.175302;0.00022438;0.0200656;0.000509867;0.00169995;0.000663111;0.0152283;0;1;0;0.479505;0;1;
21;-0.0843817;0.0942592;-0.0843824;0.0843839;-0.0843891;0.0843829;0.213178;-0.179953;0.215655;-0.211062;0.214037;-0.208258;0.000130583;0.0150283;0.000297198;0.000992283;0.00038682;0.00889359;0;1;0;0.49803;0;1;
22;-0.0173029;0.0230749;-0.0173033;0.0173042;-0.0173073;0.0173042;0.229514;-0.185139;0.23096;-0.228278;0.230016;-0.213663;7.57611e-05;0.00877895;0.000173004;0.000579028;0.000225423;0.00519328;0;1;0;0.528432;0;1;
23;0.0725461;-0.0691725;0.0725458;-0.0725452;0.0725439;-0.0725447;0.229493;-0.16458;0.229044;-0.218798;0.230805;-0.202418;4.37456e-05;0.00512781;0.00010049;0.000337019;0.000131143;0.00303246;0;1;0;0.567914;0;1;
24;0.159619;-0.157647;0.159619;-0.159618;0.159618;-0.159617;0.222724;-0.136202;0.221083;-0.183425;0.22349;-0.183018;2.50452e-05;0.00507764;5.81963e-05;-0.00183193;7.60572e-05;0.00177109;0;1;0;0.638604;0;1;
25;0.22249;-0.221337;0.22249;-0.222489;0.22249;-0.222489;0.203315;-0.0759193;0.202356;-0.132527;0.203762;-0.145453;1.40919e-05;0.0184556;3.34508e-05;-0.00578585;4.38822e-05;-0.00200215;0;1;0;0.871767;0;1;
26;0.261127;-0.260453;0.261127;-0.261126;0.261127;-0.261127;0.17307;-0.0223566;0.17251;-0.0761526;0.173331;-0.100001;7.75803e-06;0.0215528;1.90625e-05;0.00301583;2.51121e-05;-0.00116827;0;1;0;1;0;0.989149;
27;0.282492;-0.282098;0.282492;-0.282491;0.282492;-0.282492;0.131534;0.0323622;0.131207;0.00315274;0.131686;-0.0421702;4.14028e-06;0.0194745;1.07411e-05;0.0183695;1.41166e-05;0.00183294;0;1;0;0.850471;0;0.918178;
28;0.292154;-0.291923;0.286817;-0.292153;0.292154;-0.292154;0.0748921;0.0748504;0.0747095;0.0624723;0.0749899;-0.0227048;1.97291e-06;0.0278845;0.0392289;0.01941;0.0305217;0.00107088;0;1;1;0.702963;0.836856;0;
29;0.288839;-0.299802;0.273452;-0.292585;0.300038;-0.292576;-0.000543669;0.0879939;-0.000635653;0.0807647;0.00931092;0.0310211;0.00771687;0.0162845;0.0419634;0.0113353;0.0504528;0.000625195;0.894342;0;1;0;1;0;
30;0.281493;-0.287895;0.250242;-0.283681;0.288034;-0.283675;-0.0853869;0.136459;-0.0854272;0.132238;-0.0796153;0.103187;0.00450827;0.00950963;0.0305426;0.00661938;0.0429869;0.000364818;0.466977;0;1;0;1;0;
31;0.262048;-0.265788;0.213202;-0.263326;0.26587;-0.263323;-0.156223;0.18605;-0.156236;0.183584;-0.146979;0.166619;0.00263332;0.00555317;0.017843;0.00386525;0.0323672;0.000212662;0.67885;0;1;0;1;0;
32;0.231036;-0.233219;0.202508;-0.231782;0.233269;-0.23178;-0.203294;0.220714;-0.203296;0.219274;-0.18748;0.209366;0.00153729;0.00324262;0.0104199;0.00225678;0.0226276;0.000123617;0.794254;0;1;0;1;0;
33;0.189098;-0.190372;0.172436;-0.189533;0.190403;-0.189532;-0.231023;0.241196;-0.23102;0.240355;-0.189424;0.234569;0.000896582;0.00189324;0.00608307;0.00131739;0.0132189;7.15998e-05;1;0;1;0;1;0;
34;0.133669;-0.134412;0.123937;-0.133922;0.134431;-0.133922;-0.245638;0.251579;-0.232478;0.251088;-0.192434;0.247709;0.000522318;0.00110519;-0.00566102;0.000768734;0.00772318;4.12138e-05;0.772932;0;1;0;1;0;
35;0.0590313;-0.0594648;0.0533482;-0.0591787;0.0594773;-0.0591783;-0.246198;0.250098;-0.228218;0.249039;-0.18695;0.248749;0.000303636;0.000644942;-0.00330826;0.000448381;0.00451249;2.34901e-05;0.809535;0;1;0;1;0;
36;-0.0360068;0.0357539;-0.0393257;0.0359211;-0.0357451;0.0359213;-0.225233;0.228058;-0.216182;0.236179;-0.168736;0.235714;-0.00672334;0.000376149;-0.00793774;0.000261234;0.0034087;1.31212e-05;0.908875;0;1;0;1;0;
37;-0.132259;0.132111;-0.134197;0.132209;-0.132105;0.132209;-0.189691;0.202816;-0.191963;0.203763;-0.145471;0.202421;-0.00392751;0.000219214;-0.00526223;0.000152227;0.00879536;7.30338e-06;1;0;1;0;1;0;
38;-0.20505;0.204964;-0.206182;0.205021;-0.204959;0.205021;-0.142977;0.171103;-0.155943;0.174565;-0.0866888;0.173881;-0.00310919;0.000127543;-0.00307368;8.82023e-05;0.0179532;3.56124e-06;1;0;1;0;1;0;
39;-0.250972;0.250922;-0.251633;0.250955;-0.250918;0.250955;-0.0941287;0.159874;-0.117022;0.161896;-0.03392;0.161497;-0.00845267;7.40515e-05;-0.00179471;5.10337e-05;0.0270116;1.59845e-06;1;0;0.981219;0;1;0;
40;-0.277093;0.277063;-0.277479;0.277083;-0.277061;0.277083;-0.0184024;0.131091;-0.0602456;0.132272;0.0297094;0.132038;0.0177946;4.28201e-05;-0.00104778;2.93566e-05;0.0356038;5.01604e-07;1;0;0.878179;0;1;0;
41;-0.289958;0.289939;-0.290183;0.289951;-0.289939;0.289951;0.0659078;0.0846108;-0.0432341;0.0852985;0.123723;0.085163;0.0259442;0.00838319;-0.000610979;1.67382e-05;0.0585228;0.0132217;1;0.484433;0.652395;0;1;0.394433;
42;-0.293165;0.293154;-0.293296;0.293161;-0.293178;0.2822;0.0866598;0.0363593;0.00668164;0.0178828;0.119618;0.0178158;0.0151519;0.0445886;-0.00035705;0.003505;0.0341821;0.030662;0.312044;1;0;0.261876;0.584941;1;
43;-0.287144;0.287138;-0.287221;0.287142;-0.287152;0.257546;0.125906;-0.0540447;0.0791989;-0.0648507;0.145153;-0.064877;0.00884829;0.0397065;-0.000208739;0.0121447;0.0199615;0.0381519;0;1;0;0.441656;0;1;
44;-0.270065;0.270062;-0.27011;0.270064;-0.27007;0.225856;0.176123;-0.13414;0.148847;-0.140465;0.187364;-0.140471;0.00516696;0.0304261;-0.000122221;0.00730798;0.0116569;0.0222881;0;1;0;0.474521;0;1;
45;-0.241493;0.241491;-0.24152;0.241493;-0.241496;0.171568;0.21419;-0.189659;0.198261;-0.193364;0.220755;-0.193363;0.00301699;0.0204045;-7.19002e-05;0.0042689;0.00680714;0.0130161;0;0.869134;0;0.524502;0;1;
46;-0.202303;0.202302;-0.202319;0.202306;-0.202304;0.117237;0.237568;-0.194881;0.228265;-0.225404;0.241402;-0.225402;0.00176139;0.0119193;-4.25789e-05;0.00249319;0.00397484;0.00759818;0;1;0;0.5655;0;1;
47;-0.150865;0.150864;-0.150874;0.15087;-0.150865;0.101184;0.250022;-0.200468;0.244589;-0.242916;0.252261;-0.242319;0.00102806;0.00696275;-2.54519e-05;0.0014561;0.00232079;0.0044347;0;1;0;0.573988;0;1;
48;-0.0819848;0.0819838;-0.08199;0.0819901;-0.0819842;0.0529682;0.251729;-0.192232;0.251572;-0.241761;0.252233;-0.225565;0.000599829;0.00406681;-1.54219e-05;0.000850268;0.0013548;0.00225449;0;1;0;0.578181;0;1;
49;0.00835488;-0.00835508;0.00835182;-0.00834916;0.00835559;-0.025302;0.239951;-0.173794;0.240432;-0.230254;0.233708;-0.204404;0.000349732;0.00237584;-9.52358e-06;0.000496218;0.000790635;0.00131714;0;1;0;0.572168;0;1;
50;0.107334;-0.107333;0.107332;-0.107328;0.107334;-0.117233;0.213447;-0.147382;0.212831;-0.204672;0.213044;-0.195978;0.000203715;0.00138875;-6.08166e-06;-0.00253578;0.000461185;0.000769634;0;1;0;0.565463;0;1;
51;0.187852;-0.18785;0.187851;-0.187844;0.187852;-0.193635;0.188416;-0.115046;0.183076;-0.158866;0.181775;-0.163765;0.000118594;0.0110419;-3.904e-06;-0.00394909;0.000268868;-0.00433124;0;1;0;0.929267;0;1;
52;0.240616;-0.240615;0.240615;-0.240608;0.240616;-0.243997;0.175276;-0.0520047;0.172157;-0.111104;0.171398;-0.123379;6.86852e-05;0.0224803;-2.90119e-06;-0.00405423;0.000156525;-0.00252842;0;1;0;1;0;0.801159;
53;0.271439;-0.271439;0.271439;-0.27143;0.271439;-0.273417;0.146782;0.0125082;0.144961;-0.0489144;0.144517;-0.0742908;3.9695e-05;0.0300603;-2.11429e-06;0.00549753;9.0936e-05;0.0032811;0;1;0;0.821748;0;0.999267;
54;0.287466;-0.287467;0.287465;-0.287458;0.274571;-0.288623;0.102916;0.0603088;0.101853;-0.00961705;0.112434;-0.0597459;0.0079956;0.0393048;0.00168256;0.00562182;0.0213057;0.00191744;0.45422;1;0.650517;0.500296;0.594622;0.604657;
55;0.293157;-0.293159;0.293158;-0.293153;0.276843;-0.293833;0.0401422;0.065529;0.039531;0.0143457;0.0663746;-0.0149293;0.00476924;0.0229544;0.0244397;0.00328281;0.0408972;0.00111953;0.572933;0.145888;1;0;1;0;
56;0.289812;-0.289813;0.289813;-0.28981;0.280285;-0.290207;-0.0406981;0.102412;-0.0410439;0.0725209;-0.0253617;0.0554243;0.00683955;0.0134049;0.0257087;0.00191681;0.0494196;0.000653476;0.578106;0;1;0;1;0;
57;0.275954;-0.275955;0.275955;-0.275953;0.270391;-0.276185;-0.121111;0.157154;-0.121305;0.139697;-0.112141;0.129713;0.00535221;0.00782799;0.0150182;0.00111904;0.0297802;0.000381276;0.642528;0;1;0;1;0;
58;0.250436;-0.250436;0.250436;-0.250435;0.247186;-0.250571;-0.180813;0.201863;-0.180921;0.191669;-0.175564;0.185838;0.00312708;0.00457109;0.00877218;0.000653066;0.0173968;0.000222223;0.694664;0;1;0;1;0;
59;0.214178;-0.214179;0.214179;-0.214178;0.212281;-0.214257;-0.218101;0.230395;-0.21816;0.224442;-0.203311;0.221037;0.00182643;0.00266903;0.00512258;0.000380889;0.0101625;0.000129286;0.746513;0;1;0;0.93128;0;
60;0.166496;-0.166496;0.166496;-0.166496;0.165387;-0.166542;-0.23912;0.2463;-0.237314;0.242824;-0.199012;0.240835;0.00106608;0.00155821;0.00299014;0.00022187;0.00593627;7.49382e-05;0.793822;0;1;0;1;0;
61;0.103062;-0.103062;0.103062;-0.103062;0.102415;-0.103089;-0.248634;0.253425;-0.231773;0.251394;-0.194059;0.250233;0.00062166;0.000909468;0.00174465;0.000129007;0.00346777;4.3194e-05;0.827884;0;1;0;1;0;
62;0.0184141;-0.0184141;0.0184144;-0.0184139;0.0180364;-0.0184297;-0.233454;0.240186;-0.223437;0.244598;-0.181424;0.243674;0.000361843;0.000530608;0.000357625;7.47613e-05;0.00202622;2.46555e-05;0.890395;0;1;0;1;0;
63;-0.0808905;0.0808905;-0.0808903;0.0808907;-0.0811107;0.0808814;-0.207896;0.217394;-0.207755;0.226444;-0.157867;0.226837;-0.00496175;0.000309371;-0.0069171;4.30921e-05;0.00282647;1.38213e-05;0.974909;0;0.953233;0;1;0;
64;-0.168493;0.168493;-0.168493;0.168493;-0.168621;0.168488;-0.168867;0.189288;-0.181245;0.218748;-0.119224;0.218977;-0.00610619;0.000180176;-0.00657047;2.46448e-05;0.00969229;7.53693e-06;1;0;1;0;1;0;
65;-0.228615;0.228615;-0.228615;0.228615;-0.22869;0.228612;-0.119211;0.180813;-0.142849;0.198017;-0.065205;0.198151;-0.00403449;0.000104775;-0.00383697;1.38838e-05;0.0217327;3.88358e-06;1;0;1;0;1;0;
66;-0.264692;0.264691;-0.264692;0.264691;-0.264736;0.26469;-0.0569678;0.156235;-0.0945288;0.166282;-0.00359392;0.166361;0.0132113;6.07302e-05;-0.00224018;7.65112e-06;0.0285694;1.80458e-06;1;0;1;0;1;0;
67;-0.284218;0.284217;-0.284217;0.284217;-0.284244;0.284216;0.0319533;0.116796;-0.0807581;0.122664;0.0666287;0.12271;0.0294363;3.50802e-05;-0.00130717;4.03155e-06;0.0421683;6.31802e-07;1;0;0.728737;0;1;0;
68;-0.292491;0.292487;-0.292489;0.292489;-0.292507;0.292487;0.0957897;0.0595622;-0.0385088;0.0629816;0.103342;0.0630139;0.0330573;0.0310817;-0.000763338;0.00461154;0.0350473;0.0198658;1;0.852324;0;0.234568;1;0.98527;
69;-0.294134;0.275506;-0.287618;0.284365;-0.295332;0.279346;0.10804;-0.0172979;0.0296096;-0.0153154;0.113069;-0.0152872;0.0193052;0.0317521;-0.000446076;0.0028628;0.0204673;0.0199412;0;0.93719;0;0.426936;0;1;
70;-0.28237;0.249223;-0.278565;0.276665;-0.28307;0.273733;0.15348;-0.100472;0.107677;-0.0993266;0.156417;-0.0993034;0.0112737;0.0262204;-0.000260855;0.00490451;0.0119523;0.0154436;0;1;0;0.484056;0;1;
71;-0.259412;0.240052;-0.257189;0.256079;-0.25982;0.254367;0.197737;-0.166769;0.170988;-0.166109;0.199452;-0.166091;0.0065833;0.0153169;-0.000152753;0.00286583;0.00697963;0.00902124;0;1;0;0.536743;0;1;
72;-0.225699;0.214391;-0.224401;0.223752;-0.225937;0.222752;0.227801;-0.208536;0.21218;-0.209328;0.228803;-0.209315;0.00384409;0.00894687;-8.96912e-05;0.00167427;0.00407556;0.00526875;0;1;0;0.571262;0;1;
73;-0.181232;0.174627;-0.180474;0.180095;-0.181372;0.179511;0.245156;-0.207102;0.236033;-0.234366;0.24574;-0.234356;0.00224438;0.00522451;-5.28956e-05;0.000977442;0.00237956;0.00307619;0;1;0;0.597118;0;1;
74;-0.122635;0.118777;-0.122193;0.121971;-0.122717;0.12163;0.253486;-0.203653;0.248159;-0.247018;0.253828;-0.235619;0.00131015;0.00305054;-3.14402e-05;0.000570127;0.00138909;0.00179532;0;1;0;0.656434;0;1;
75;-0.0439912;0.0417364;-0.0437327;0.0436032;-0.0440387;0.0434034;0.247621;-0.191129;0.246991;-0.233746;0.246556;-0.228437;0.000764568;0.00178099;-1.89153e-05;0.000331939;0.000810669;0.00104756;0;1;0;0.763821;0;1;
76;0.0533941;-0.0547122;0.0535451;-0.0536211;0.0533664;-0.0537377;0.232726;-0.168646;0.232865;-0.209777;0.222709;-0.214294;0.000445966;0.00104018;-1.1585e-05;1.48944e-05;0.000472883;2.58874e-05;0;1;0;0.917415;0;1;
77;0.146893;-0.147664;0.146981;-0.147026;0.146876;-0.147094;0.220937;-0.135713;0.221618;-0.173486;0.19887;-0.192198;0.000260001;0.00487364;-7.22231e-06;-0.00415694;0.000275663;-0.00713131;0;1;0;1;0;1;
78;0.21476;-0.215212;0.214811;-0.214838;0.21475;-0.214877;0.204086;-0.0797978;0.204483;-0.123855;0.191199;-0.156088;0.000151341;0.017904;-4.72529e-06;-0.00242622;0.000160501;-0.00416429;0;1;0;1;0;0.931828;
79;0.256694;-0.256961;0.256724;-0.256741;0.256688;-0.256763;0.175643;-0.027773;0.175875;-0.0607095;0.168117;-0.111079;8.7971e-05;0.0239778;-3.17228e-06;0.0169018;9.32527e-05;-0.00243126;0;1;0;1;0;0.853772;
80;0.280124;-0.280284;0.280143;-0.280155;0.280123;-0.280167;0.135793;0.00270702;0.135923;-0.0128569;0.131393;-0.0281107;0.00891275;0.0206604;-2.27156e-06;0.0260136;5.40324e-05;0.0106343;0.635718;1;0;0.868804;0;0.832281;
81;0.291145;-0.291264;0.291157;-0.291165;0.291145;-0.291172;0.0811656;0.0674438;0.0812318;0.0522644;0.0785859;0.106987;0.0233806;0.0233381;-1.68408e-06;0.023939;3.1186e-05;0.0676661;1;0.626627;0;0.669891;0;1;
82;0.305192;-0.301004;0.289935;-0.29937;0.288109;-0.296853;0.00770119;0.0835011;0.00773918;0.0702316;0.0061944;0.156735;0.0206604;0.0136298;0.0291397;0.0139811;0.0225825;0.0395254;1;0;1;0;0.758245;1;
83;0.29225;-0.289805;0.283339;-0.288851;0.282273;-0.287381;-0.0771537;0.130419;-0.0771232;0.122669;-0.078021;0.173188;0.0120693;0.00795929;0.0170245;0.00816448;0.022468;0.0230827;0.594964;0;1;0;1;0;
84;0.270111;-0.268683;0.264906;-0.268125;0.264283;-0.267267;-0.150181;0.18129;-0.150157;0.176764;-0.150677;0.206267;0.00705133;0.00464774;0.00994577;0.00476766;0.0131262;0.0134797;0.662062;0;1;0;0.940043;0;
85;0.237906;-0.237072;0.234865;-0.236746;0.234502;-0.236245;-0.199546;0.217716;-0.199528;0.215073;-0.199828;0.232302;0.00411974;0.00271374;0.00580977;0.00278385;0.00766683;0.00787156;0.711027;0;1;0;1;0;
86;0.195784;-0.195296;0.194007;-0.195106;0.193795;-0.194813;-0.228915;0.239528;-0.228902;0.237985;-0.211992;0.248046;0.00240667;0.00158426;0.00339279;0.00162527;0.00447659;0.00459644;0.764015;0;1;0;1;0;
87;0.141168;-0.140883;0.140129;-0.140771;0.140005;-0.1406;-0.244624;0.250823;-0.232811;0.249922;-0.208121;0.255798;0.00140575;0.000924638;0.00198061;0.000948617;0.00261297;0.00268375;0.808154;0;1;0;1;0;
88;0.0682765;-0.0681099;0.0676689;-0.0680446;0.0675968;-0.0679447;-0.23713;0.250935;-0.227657;0.250459;-0.197668;0.250098;0.000820757;0.000539422;0.00115607;0.000553459;0.00152464;0.00156676;0.844733;0;1;0;1;0;
89;-0.0254189;0.0255163;-0.0257749;0.025555;-0.0258165;0.0256133;-0.217629;0.230281;-0.217063;0.237466;-0.178548;0.237551;0.00047946;0.000314439;0.000674729;0.000322695;0.000889528;0.000914458;1;0;1;0;1;0;
90;-0.123083;0.12314;-0.123292;0.123163;-0.123316;0.123197;-0.181486;0.207938;-0.198813;0.20461;-0.150023;0.204635;0.000859298;0.000183047;-0.00246768;0.000188075;0.000519645;0.000533548;1;0;1;0;1;0;
91;-0.198845;0.198877;-0.198967;0.198891;-0.198982;0.198911;-0.132018;0.173557;-0.162636;0.178174;-0.104565;0.170987;0.00169965;0.000106442;-0.0014407;0.000109279;0.01098;0.000311352;1;0;0.9496;0;1;0;
92;-0.247271;0.247289;-0.247342;0.247297;-0.247352;0.247309;-0.0804252;0.163291;-0.122095;0.165987;-0.0420784;0.159516;0.0103711;6.16547e-05;-0.000840482;6.34466e-05;0.0183208;0.00018126;1;0;0.906883;0;1;0;
93;-0.275092;0.275102;-0.275133;0.275105;-0.275141;0.275113;-0.0182156;0.135616;-0.0559337;0.137193;-0.0140395;0.133411;0.0269391;3.5551e-05;0.00828328;0.00193975;0.0201244;0.000105753;1;0;0.973737;0.396731;1;0.170296;
94;-0.289103;0.289108;-0.289127;0.289108;-0.289132;0.289116;0.0342224;0.090719;0.015889;0.0916446;-0.00159162;0.0894369;0.0270367;0.00934587;0.0150816;0.0118725;0.0117545;0.0233359;1;0.532997;1;0.560217;0.538777;1;
95;-0.293228;0.293232;-0.293243;0.289585;-0.293245;0.317325;0.0474423;0.0262288;0.0367393;0.0260691;0.0265262;0.0247857;0.0157895;0.0314536;0.00880981;0.0100944;0.00686427;0.0239818;0;1;0.648817;0.53555;0;1;
96;-0.288218;0.290872;-0.288226;0.260785;-0.288227;0.302293;0.0990283;-0.0559878;0.0927781;-0.0560965;0.0868134;-0.0568341;0.00922066;0.0338937;0.00514473;0.00739028;0.00400838;0.0241834;0;1;0;0.354598;0;1;
97;-0.272337;0.273888;-0.272342;0.232091;-0.272343;0.280559;0.158679;-0.13353;0.155029;-0.133606;0.151546;-0.134028;0.00538448;0.0224484;0.00300415;0.00431708;0.0023405;0.0153423;0;1;0;0.426222;0;1;
98;-0.24488;0.245784;-0.244883;0.221375;-0.244883;0.249681;0.203613;-0.179632;0.201481;-0.188968;0.199447;-0.189209;0.00314401;0.0216651;0.00175388;0.00252184;0.00136637;0.00896194;0;1;0;0.717538;0;1;
