1;-0.000363585;0.000116064;9.94835e-05;-0.000363586;0.000116064;9.94834e-05;0.034977;0.0347457;0.0352595;0.0349769;0.0347456;0.0352595;0.808667;0.808665;0.808666;0.808667;0.808665;0.808666;0;0;0;0;0;0;
2;0.00150469;-0.0123196;-0.00250844;0.00487609;0.00371289;0.00268845;0.15125;0.163481;0.191798;0.109104;0.155194;0.191743;0.472405;0.472377;0.472476;0.472412;0.472398;0.472463;1;1;1;1;1;1;
3;0.011864;-0.00463926;0.0109473;0.00196161;0.00259333;0.00362791;0.0928843;0.0953828;0.113731;0.0656301;0.0907163;0.113455;0.275909;0.275879;0.275945;0.275906;0.275895;0.275947;1;0;0.67053;0.395675;0;1;
4;0.00756447;-0.00334433;0.00702878;0.00258256;0.000217413;0.0022755;0.0794868;0.0557284;0.0663994;0.0595506;0.0529494;0.0662963;0.161142;0.161114;0.16116;0.161137;0.161123;0.161164;1;0;0.947087;0.529785;0;1;
5;0.00633684;-0.00282929;0.00587957;0.000632364;0.000710302;0.000452929;0.0681462;0.032799;0.0540074;0.0691016;0.0306652;0.0553089;0.0941159;0.0940894;0.0941219;0.0941125;0.094095;0.0941262;0.98309;0;1;0.880008;0;1;
6;0.00702498;0.000421859;0.00698835;-0.0007379;0.00152212;-0.000842976;0.0533271;0.0198113;0.0537107;0.0657573;0.0172493;0.0546294;0.0549713;0.0549473;0.0549719;0.0549696;0.0549508;0.0549757;0.915378;0.167557;1;0.511526;0.173847;0.833755;
7;0.00688778;-0.000820745;0.00660974;-0.00167402;0.000802751;-0.00173561;0.0468444;0.0128702;0.0503865;0.0648194;0.00877329;0.0481274;0.0321097;0.0320889;0.0321084;0.0321089;0.0320927;0.0321108;0.870094;0.35463;1;0.894881;0.281239;0.999084;
8;0.00637344;-0.000914086;0.00645174;-0.00126028;0.00121021;-0.0021472;0.0385783;0.00976319;0.0488129;0.0635341;0.00287693;0.0460842;0.018758;0.0187398;0.018756;0.0200855;0.0187432;0.0187569;0.827301;0.465563;1;0.808708;0.334982;0.968851;
9;0.00503972;0.000326085;0.00486018;-0.000208012;0.000130828;-0.00192712;0.03338;0.0105197;0.0452511;0.0644393;-0.000374659;0.0427725;0.0136394;0.010944;0.0109581;0.0172019;0.0109473;0.0109576;0.807399;0.540272;0.87184;0.777632;0.413481;0.906678;
10;0.00204855;0.0038468;0.00194374;0.000773919;-0.000819015;-0.000230329;0.0271999;0.0125654;0.042882;0.0679199;-0.000520345;0.0424101;0.0119636;0.00639128;0.0109685;0.0163226;0.00639482;0.00640244;0.717965;0.406316;1;0.616135;0.454877;0.860864;
11;-0.00244907;0.0058928;-0.00251027;0.00409805;-0.00412446;0.00351137;0.0205175;0.0141753;0.0404505;0.0713797;9.69199e-05;0.0427037;0.0127071;0.00373233;0.0118824;0.0163494;0.00373658;0.00374185;0.914603;0.391346;1;0.463408;0.493041;0.818133;
12;-0.00972939;0.0117413;-0.009765;0.010693;-0.0107084;0.0103502;0.0160193;0.0166283;0.0389614;0.0752477;0.000721255;0.0413735;0.0123655;0.00217937;0.0170747;0.0157182;0.00218443;0.00218771;1;0.367918;1;0.643163;0.527167;0.755071;
13;-0.021141;0.0223153;-0.0211598;0.0217026;-0.0217116;0.0215022;0.0259118;0.039107;0.0419427;0.0895959;0.00744532;0.0384745;0.0248551;0.0012729;0.0181995;0.0261736;0.0073566;0.00127896;1;0.3984;1;0.533161;0.593165;0.788997;
14;-0.0378435;0.0385291;-0.0378527;0.0381706;-0.0381756;0.0380535;0.00808137;0.0298946;0.0432393;0.0801816;0.0022045;0.0322924;0.0145185;0.000744261;0.0135405;0.020054;0.00429819;0.00074873;0.592832;0.465761;0.956686;0.687386;0.499978;0.994675;
15;-0.0601814;0.0605822;-0.0601866;0.0603731;-0.0603756;0.0603044;0.00535099;0.0282079;0.0530286;0.0689854;0.000965581;0.026248;0.00848009;0.000436891;0.0113907;0.018519;0.00251081;0.00176881;0.601774;0.594479;1;0.736363;0.392405;1;
16;-0.0866621;0.086896;-0.0866646;0.0867745;-0.0867757;0.0867341;0.0145596;0.0229258;0.0720746;0.0378789;0.0119979;0.00395791;0.00495238;0.00930502;0.0100457;0.0171069;0.001466;0.00563275;0.243737;0.804717;1;0.757681;0;1;
17;-0.113076;0.113213;-0.113077;0.113142;-0.113143;0.113118;0.0413798;-0.00164739;0.0943819;-0.0107493;0.0398837;-0.0302334;0.00289188;0.0222405;0.00586824;0.0131281;0.000855802;0.0112302;0;1;0.68778;0.615282;0;1;
18;-0.132776;0.132857;-0.132777;0.132815;-0.132815;0.132801;0.0857307;-0.0618683;0.116684;-0.0678389;0.0848569;-0.0792117;0.00168852;0.0254454;0.00342667;0.0086442;0.000499416;0.0135592;0;1;0;0.468046;0;1;
19;-0.138298;0.138346;-0.138298;0.13832;-0.13832;0.138313;0.13785;-0.1239;0.155926;-0.127398;0.137339;-0.134034;0.000985751;0.0211175;0.00200079;0.00570522;0.000291245;0.0109663;0;1;0;0.477135;0;1;
20;-0.123558;0.123588;-0.123559;0.123572;-0.123572;0.123568;0.182628;-0.17447;0.193184;-0.176521;0.18233;-0.180392;0.000575263;0.0123359;0.00116802;0.00333378;0.000169631;0.00640705;0;0.89887;0;0.517752;0;1;
21;-0.0843806;0.084399;-0.0843807;0.0843884;-0.0843885;0.0843863;0.212976;-0.190499;0.219141;-0.209408;0.212802;-0.211665;0.000335528;0.00720507;0.000681676;0.00194806;9.85599e-05;0.00374281;0;1;0;0.692436;0;1;
22;-0.017302;0.0173141;-0.0173021;0.0173068;-0.0173067;0.0173058;0.229396;-0.187863;0.232996;-0.22731;0.229294;-0.215492;0.000195467;0.0042077;0.000397601;0.00113814;5.7033e-05;0.00218595;0;1;0;0.76805;0;1;
23;0.072547;-0.0725385;0.072547;-0.072544;0.0725442;-0.0725444;0.229509;-0.16838;0.228922;-0.212993;0.230118;-0.204536;0.00011366;0.00245697;0.000231686;0.00066455;3.27634e-05;0.00127678;0;1;0;0.755482;0;1;
24;0.15962;-0.159614;0.15962;-0.159618;0.159618;-0.159618;0.216945;-0.134969;0.212271;-0.174855;0.223089;-0.180179;6.59235e-05;0.00336252;0.00013489;-0.00358422;1.86026e-05;-0.00119604;0;1;0;0.646026;0;0.852936;
25;0.222491;-0.222487;0.222491;-0.222489;0.22249;-0.22249;0.19994;-0.084025;0.19721;-0.127827;0.203528;-0.146554;3.80044e-05;0.00911208;7.8242e-05;-0.002092;1.03007e-05;-0.000697574;0;1;0;0.727426;0;0.850002;
26;0.261128;-0.261126;0.261128;-0.261127;0.261127;-0.261127;0.171099;-0.0244481;0.169505;-0.0686215;0.173194;-0.101543;2.17662e-05;0.0157273;4.52627e-05;0.00958743;5.47981e-06;0.000943775;0;1;0;0.781785;0;1;
27;0.282492;-0.282492;0.282492;-0.282492;0.282492;-0.282492;0.130383;0.0434491;0.129452;0.010925;0.131606;-0.0439356;1.23313e-05;0.0246333;2.60727e-05;0.0275766;2.69431e-06;0.000551943;0;1;0;0.85626;0;1;
28;0.292154;-0.292154;0.292154;-0.292154;0.287651;-0.292154;0.0742244;0.0617957;0.0736824;0.0815897;0.0749401;0.0119794;0.0209238;0.0162393;0.0128282;0.0411727;0.0229803;0.00197955;0.568741;0.829583;0.946349;0.76237;0.583692;0.813284;
29;0.290716;-0.293723;0.298469;-0.291274;0.274417;-0.290531;-0.000930997;0.0803691;-0.00123776;0.0926036;-0.000498921;0.0512764;0.012224;0.0094833;0.0239817;0.0240448;0.0376323;0.00115571;0.495702;0;1;0;1;0;
30;0.282589;-0.284345;0.287118;-0.282915;0.251566;-0.28248;-0.0856113;0.132007;-0.0857841;0.139152;-0.0853469;0.115017;0.0115121;0.00553781;0.0159012;0.0140416;0.0301279;0.000674603;0.870019;0;1;0;1;0;
31;0.262688;-0.263714;0.265334;-0.262879;0.24457;-0.262625;-0.156351;0.18345;-0.156448;0.187622;-0.156187;0.173528;0.00986677;0.00323364;0.00928851;0.00819979;0.0186636;0.000393562;0.968769;0;1;0;1;0;
32;0.231409;-0.232008;0.232955;-0.23152;0.220827;-0.231372;-0.203366;0.219195;-0.20342;0.221632;-0.200539;0.213401;0.00683686;0.00188796;0.00542482;0.00478817;0.010903;0.000229383;0.981498;0;1;0;1;0;
33;0.189316;-0.189666;0.190219;-0.18938;0.183135;-0.189294;-0.231062;0.240309;-0.231092;0.241732;-0.199587;0.236925;0.00399555;0.00110204;0.00316724;0.00279577;0.00636839;0.000133471;0.742197;0;1;0;1;0;
34;0.133795;-0.134;0.134323;-0.133833;0.130187;-0.133782;-0.245271;0.251061;-0.228803;0.251892;-0.197903;0.249085;0.00233549;0.000643038;0.00184846;0.00163224;0.00372037;7.73968e-05;0.704495;0;1;0;1;0;
35;0.0591046;-0.0592238;0.0594144;-0.0591266;0.0569981;-0.0590972;-0.226549;0.248488;-0.232112;0.248798;-0.190315;0.247965;0.00136519;0.000375008;-0.00806901;0.000952689;0.00217355;4.45821e-05;0.791467;0;1;0;1;0;
36;-0.0359635;0.0358953;-0.0357822;0.035951;-0.0371952;0.0359682;-0.205132;0.229177;-0.214567;0.236226;-0.169722;0.236242;0.00498861;0.000218434;-0.00701316;0.000555884;0.00126967;2.55381e-05;0.801947;0;1;0;1;0;
37;-0.132233;0.132195;-0.132127;0.132226;-0.132954;0.132236;-0.191902;0.200733;-0.189624;0.202451;-0.14346;0.201905;0.00291355;0.000126988;-0.00409584;0.000324093;0.00907756;1.44163e-05;1;0;1;0;1;0;
38;-0.205035;0.205013;-0.204974;0.205031;-0.205457;0.205037;-0.136037;0.164445;-0.154658;0.164125;-0.0961689;0.164517;0.00170163;7.36478e-05;-0.00239159;0.000188844;0.0138856;7.97018e-06;1;0;0.901412;0;1;0;
39;-0.250964;0.25095;-0.250928;0.250961;-0.251211;0.250964;-0.0792964;0.155987;-0.113106;0.1558;-0.0424928;0.15229;0.00850343;4.25858e-05;-0.0013959;0.000110042;0.0249301;4.19835e-06;1;0;0.974501;0.39524;1;0;
40;-0.277089;0.27708;-0.277067;0.277085;-0.277233;0.277089;-0.0380675;0.12882;-0.0361465;0.128717;-0.0141948;0.126661;0.0163773;2.44212e-05;0.00844464;0.00871664;0.0162896;2.04419e-06;1;0;1;0.498776;0.809146;0;
41;-0.289954;0.28995;-0.289942;0.289952;-0.290039;0.289954;0.0231203;0.0832827;0.0780932;0.0883664;0.0366981;0.0820223;0.011923;1.38856e-05;0.0364385;0.0234414;0.0137656;1.1041e-06;0.824216;0;1;0.728962;0.690301;0.259594;
42;-0.293163;0.29316;-0.293155;0.293162;-0.293213;0.293163;0.0462052;0.0167152;0.120825;0.0196824;0.0533617;0.0159791;0.00696379;0.0240272;0.0212846;0.0151712;0.00803869;0.0220673;0;0.897334;0.893719;0.628507;0;1;
43;-0.287144;0.287143;-0.287139;0.287143;-0.287173;0.287144;0.102281;-0.065519;0.145859;-0.063801;0.10646;-0.0659524;0.00406649;0.0299681;0.0124298;0.00886257;0.0046942;0.022559;0;1;0;0.444262;0;1;
44;-0.270065;0.270066;-0.270063;0.270064;-0.270082;0.270066;0.162326;-0.140844;0.187776;-0.139853;0.164767;-0.1411;0.00237446;0.0234272;0.00725854;0.00517834;0.00274098;0.0162286;0;1;0;0.412773;0;1;
45;-0.241493;0.241495;-0.241492;0.241493;-0.241503;0.241494;0.206133;-0.193576;0.220995;-0.193007;0.207558;-0.193729;0.00138627;0.0136847;0.00423852;0.00302554;0.00160025;0.00948006;0;1;0;0.441049;0;1;
46;-0.202303;0.202305;-0.202302;0.202303;-0.202309;0.202304;0.232863;-0.20826;0.241542;-0.225196;0.233695;-0.225613;0.000809118;0.00799217;0.00247479;0.00176757;0.000934022;0.00553723;0;1;0;0.46522;0;1;
47;-0.150865;0.150867;-0.150864;0.150865;-0.150868;0.150866;0.247274;-0.205629;0.252343;-0.242796;0.24776;-0.225183;0.00047202;0.00466673;0.00144475;0.00103237;0.000544917;0.00323372;0;0.936936;0;0.490923;0;1;
48;-0.0819843;0.0819868;-0.081984;0.0819843;-0.0819864;0.0819852;0.252335;-0.198666;0.252111;-0.245532;0.252142;-0.220591;0.000275156;0.00272451;0.000843192;0.000602644;0.000317679;0.00188863;0;1;0;0.506674;0;1;
49;0.00835548;-0.00835256;0.00835563;-0.00835533;0.00835418;-0.00835452;0.240167;-0.183556;0.240203;-0.227872;0.233743;-0.212971;0.000160169;0.00159022;0.000491903;0.000351692;0.000184937;0.00110314;0;1;0;0.566035;0;1;
50;0.107334;-0.107331;0.107334;-0.107334;0.107333;-0.107333;0.211678;-0.155785;0.211223;-0.200696;0.212376;-0.196186;9.30477e-05;0.000928022;0.000286773;0.000205547;0.000107424;0.000644603;0;0.95297;0;0.623768;0;1;
51;0.187852;-0.187849;0.187852;-0.187851;0.187851;-0.187851;0.177895;-0.118939;0.174575;-0.150779;0.177834;-0.162268;5.3991e-05;0.00263898;0.000167101;-0.00282134;6.21898e-05;-0.00436978;0;1;0;0.630555;0;1;
52;0.240616;-0.240615;0.240616;-0.240616;0.240616;-0.240616;0.169131;-0.0593189;0.167192;-0.102626;0.169096;-0.127399;3.10125e-05;0.0199427;9.707e-05;0.00586103;3.5809e-05;-0.00255097;0;1;0;0.992284;0;0.996043;
53;0.271439;-0.271439;0.271439;-0.271439;0.271439;-0.271439;0.143194;0.00498432;0.142062;-0.0365091;0.143173;-0.0764494;1.77387e-05;0.0303546;5.6312e-05;0.0145613;2.04057e-05;-0.000742312;0;1;0;1;0;0.940592;
54;0.287466;-0.287466;0.287466;-0.287466;0.287466;-0.287466;0.10082;0.0560849;0.100158;0.0635795;0.100807;-0.0352048;0.00240647;0.0347313;3.27478e-05;0.0346359;1.15569e-05;-0.00043238;0.563987;1;0.215427;0.800663;0;0.801229;
55;0.293158;-0.293158;0.293158;-0.293158;0.293157;-0.293158;0.0389183;0.0658628;0.0393091;0.0719697;0.04883;-0.000595826;0.00902221;0.0202835;0.0268028;0.0202295;0.0343826;0.000996741;0.763678;0.161674;1;0.333219;1;0.119484;
56;0.289812;-0.289813;0.289813;-0.289813;0.289812;-0.289813;-0.0414131;0.102607;-0.0411735;0.106173;-0.0356081;0.0637951;0.00545562;0.0118451;0.0246547;0.0118135;0.0458501;0.000581743;0.808248;0;1;0;1;0;
57;0.275954;-0.275955;0.275955;-0.275955;0.275954;-0.275955;-0.121528;0.157268;-0.121381;0.15935;-0.118126;0.134602;0.00472054;0.00691709;0.014403;0.0068986;0.0280248;0.000339379;0.893126;0;1;0;1;0;
58;0.250435;-0.250436;0.250436;-0.250436;0.250435;-0.250436;-0.181057;0.20193;-0.180965;0.203146;-0.179058;0.188693;0.00275828;0.00403911;0.00841288;0.00402828;0.0163716;0.000197745;0.759344;0;1;0;1;0;
59;0.214178;-0.214179;0.214179;-0.214179;0.214178;-0.214179;-0.218243;0.230434;-0.218186;0.231145;-0.202038;0.222704;0.0016112;0.00235836;0.00491272;0.00235198;0.00956364;0.000114987;0.985766;0;1;0;1;0;
60;0.166496;-0.166496;0.166496;-0.166496;0.166495;-0.166496;-0.239203;0.246323;-0.237705;0.246738;-0.198998;0.241809;0.000940214;0.00137678;0.00286754;0.00137296;0.00558669;6.65829e-05;0.946326;0;1;0;1;0;
61;0.103062;-0.103062;0.103062;-0.103062;0.103062;-0.103062;-0.24882;0.253438;-0.23199;0.25368;-0.193717;0.250801;0.000548073;0.000803521;0.00167299;0.000801225;0.00326369;3.83122e-05;0.747292;0;1;0;1;0;
62;0.0184141;-0.018414;0.0184144;-0.0184141;0.0184142;-0.0184141;-0.233352;0.239286;-0.223597;0.243728;-0.181348;0.243934;-5.18812e-05;0.000468738;-0.000988295;0.000467323;0.00190712;2.18012e-05;1;0;1;0;1;0;
63;-0.0808905;0.0808905;-0.0808903;0.0808906;-0.08089;0.0808906;-0.208291;0.217885;-0.2078;0.227171;-0.157713;0.226715;-0.0056993;0.000273243;-0.0072981;0.000272349;0.00291274;1.21526e-05;0.982287;0;1;0;1;0;
64;-0.168493;0.168493;-0.168493;0.168493;-0.168493;0.168493;-0.168734;0.1891;-0.180993;0.219172;-0.119408;0.218906;-0.00519188;0.000159071;-0.00615531;0.000158528;0.0170059;6.56226e-06;0.973485;0;0.875913;0;1;0;
65;-0.228615;0.228615;-0.228615;0.228615;-0.228615;0.228615;-0.118945;0.180703;-0.142347;0.198265;-0.0624863;0.19811;-0.00470781;9.24578e-05;-0.00359463;9.20666e-05;0.024408;3.30753e-06;1;0;0.996573;0;1;0;
66;-0.264692;0.264691;-0.264692;0.264691;-0.264692;0.264691;-0.0580081;0.156171;-0.0952354;0.166427;-0.00280979;0.166337;0.0120854;5.35402e-05;-0.00209863;5.33004e-05;0.0288793;1.46589e-06;1;0;0.92109;0;1;0;
67;-0.284218;0.284217;-0.284217;0.284217;-0.284218;0.284217;0.0335335;0.116759;-0.0778661;0.122749;0.0579991;0.122695;0.0281754;3.09086e-05;-0.00122458;0.00289566;0.0530027;3.90639e-07;1;0;0.778502;0.0693683;1;0;
68;-0.292491;0.292488;-0.29249;0.292489;-0.292492;0.292489;0.0693863;0.0595356;-0.0368125;0.0630409;0.0861508;0.0629987;0.0217022;0.00616383;0.00534982;0.0265109;0.0309594;-1.53353e-07;1;0.47793;1;0.77637;0.842828;0;
69;-0.291687;0.278983;-0.297756;0.297053;-0.296336;0.270352;0.09262;-0.0165035;0.0306037;-0.0152773;0.104443;-0.0153003;0.0126736;0.0349663;0.00312518;0.0228479;0.0180807;0.01931;0;1;0.15134;0.459982;0;1;
70;-0.280941;0.273522;-0.284486;0.284077;-0.283656;0.244758;0.144475;-0.100008;0.108258;-0.099304;0.151379;-0.0993097;0.00740092;0.0303456;0.00182476;0.0136588;0.0105586;0.0160849;0;0.875195;0;0.42041;0;1;
71;-0.258577;0.254243;-0.260647;0.26041;-0.260163;0.225604;0.192478;-0.164549;0.171327;-0.166095;0.19651;-0.166093;0.00432164;0.0325;0.00106527;0.00798034;0.00616576;0.0093967;0;1;0;0.477772;0;1;
72;-0.225212;0.222679;-0.22642;0.226283;-0.226138;0.205953;0.22473;-0.163094;0.212378;-0.209318;0.227084;-0.209314;0.0025233;0.0298379;0.000621646;0.00769248;0.00360031;0.00548992;0;1;0;0.506771;0;1;
73;-0.180948;0.179469;-0.181654;0.181575;-0.181489;0.169699;0.243362;-0.190168;0.236148;-0.234358;0.244737;-0.223002;0.00147309;0.0186632;0.000362513;0.00682232;0.00210201;0.00320764;0;1;0;0.484482;0;1;
74;-0.12247;0.121607;-0.122882;0.122837;-0.122786;0.1159;0.252439;-0.203315;0.248226;-0.24088;0.253242;-0.217912;0.000859826;0.0109001;0.000211259;0.00398664;0.00122696;0.00187441;0;1;0;0.508782;0;1;
75;-0.0438954;0.0433916;-0.0441361;0.0441115;-0.0440791;0.0400572;0.247981;-0.191159;0.2472;-0.23219;0.248033;-0.214199;0.000501647;0.00636425;0.000122886;0.00232945;0.000715924;0.00109571;0;1;0;0.598807;0;1;
76;0.0534493;-0.0537433;0.0533087;-0.0533211;0.0533426;-0.0556918;0.23227;-0.168141;0.231981;-0.210955;0.225737;-0.203114;0.000292479;0.00371638;7.12865e-05;0.00136145;0.000417496;0.000640612;0;1;0;0.770909;0;1;
77;0.146924;-0.147096;0.146842;-0.146847;0.146862;-0.148235;0.225413;-0.132962;0.216976;-0.176432;0.198167;-0.179035;0.000170346;0.00582712;4.12437e-05;0.000796244;0.000243235;0.000374913;0;1;0;0.82845;0;1;
78;0.214778;-0.214878;0.21473;-0.21473;0.214742;-0.215544;0.2067;-0.0861092;0.201773;-0.126409;0.190789;-0.15241;9.89919e-05;0.0147355;2.35648e-05;0.00497316;0.000141529;-0.00723661;0;1;0;0.61083;0;1;
79;0.256704;-0.256763;0.256676;-0.256673;0.256683;-0.257153;0.177169;-0.0244592;0.174292;-0.0676366;0.167877;-0.107825;5.73875e-05;0.0221286;1.33388e-05;0.0144239;8.21198e-05;-0.00422577;0;1;0;0.804652;0;1;
80;0.280131;-0.280168;0.280115;-0.280111;0.280119;-0.280395;0.136679;0.0438079;0.134999;0.0117784;0.131253;-0.0475118;3.31209e-05;0.0322954;7.41689e-06;0.0323826;4.74664e-05;-0.00246696;0;1;0;1;0;0.778107;
81;0.291149;-0.291172;0.29114;-0.291137;0.291142;-0.291305;0.0816772;0.0594254;0.0806965;0.0395826;0.0798323;0.0115029;0.018599;0.0240764;0.00917716;0.0189144;0.0260648;-0.00143926;0.503349;0.918273;0.970674;0.514809;1;0.665394;
82;0.290765;-0.292826;0.293209;-0.292806;0.287296;-0.293727;0.00799426;0.0744119;0.00743236;0.0628233;0.0173602;0.046425;0.0120451;0.0140603;0.0300271;0.0110455;0.0459852;-0.000840868;0.716071;0;1;0;1;0;
83;0.283825;-0.285029;0.285253;-0.285017;0.281799;-0.285555;-0.0769829;0.125111;-0.0773021;0.118343;-0.0714989;0.108766;0.00949987;0.00821076;0.0203262;0.00645017;0.0384793;-0.00049143;0.800687;0;1;0;1;0;
84;0.26519;-0.265894;0.266025;-0.265887;0.264007;-0.266201;-0.150081;0.17819;-0.150261;0.174238;-0.146867;0.168645;0.00622376;0.00479464;0.0118738;0.00376647;0.0236311;-0.000287407;0.750168;0;1;0;1;0;
85;0.235032;-0.235443;0.23552;-0.235439;0.23434;-0.235623;-0.199488;0.215906;-0.199589;0.213598;-0.195911;0.210331;0.00363662;0.0027996;0.00693502;0.00219912;0.0138049;-0.00016832;0.712011;0;1;0;1;0;
86;0.194105;-0.194345;0.194391;-0.194343;0.1937;-0.19445;-0.228881;0.238471;-0.228937;0.237123;-0.194539;0.235215;0.00212463;0.00163446;0.00404915;0.00128375;0.00806457;-9.88061e-05;0.929677;0;1;0;1;0;
87;0.140187;-0.140327;0.140354;-0.140326;0.13995;-0.140388;-0.244605;0.250206;-0.235502;0.249419;-0.198654;0.248305;0.0012395;0.000954035;0.00236303;0.000749093;0.00471169;-5.82736e-05;0.858807;0;1;0;1;0;
88;0.0677039;-0.0677853;0.0678013;-0.0677847;0.0675653;-0.0678213;-0.243911;0.25089;-0.228979;0.249959;-0.188349;0.249961;0.000722417;0.000556644;0.0013784;0.000436883;0.00275285;-3.46044e-05;0.859194;0;1;0;1;0;
89;-0.0257535;0.025706;-0.0256966;0.0257064;-0.0258342;0.025685;-0.224682;0.230161;-0.217938;0.237933;-0.171962;0.237975;-0.00419043;0.000324567;-0.0040436;0.000254545;0.00160909;-2.07988e-05;0.934763;0;1;0;1;0;
90;-0.123279;0.123251;-0.123246;0.123251;-0.123326;0.123239;-0.191941;0.206018;-0.196733;0.203858;-0.148853;0.202273;-0.00500481;0.000189034;-0.00639807;0.000148212;0.00697938;-1.26007e-05;1;0;1;0;1;0;
91;-0.198958;0.198942;-0.198939;0.198942;-0.198986;0.198935;-0.14485;0.171004;-0.161997;0.175873;-0.0921633;0.178833;-0.00329032;0.000109931;-0.00373675;8.59458e-05;0.0163855;-7.97227e-06;1;0;1;0;1;0;
92;-0.247337;0.247327;-0.247325;0.247327;-0.247353;0.247322;-0.0940239;0.1618;-0.123385;0.164643;-0.0396022;0.166372;-0.00517219;6.37555e-05;-0.00218178;4.9741e-05;0.0283566;-5.11779e-06;1;0;0.944557;0;1;0;
93;-0.27513;0.275124;-0.275123;0.275124;-0.27514;0.275121;-0.0138175;0.134745;-0.0651157;0.136405;0.0187006;0.137415;0.018908;3.68325e-05;-0.00127389;2.85726e-05;0.0505316;-3.44123e-06;1;0;0.796592;0;1;0;
94;-0.289126;0.289121;-0.289121;0.289121;-0.289132;0.289119;0.0738816;0.0902081;-0.0114307;0.0911798;0.0809658;0.0917673;0.0342717;2.12357e-05;-0.000743341;0.0189487;0.0534285;-2.38563e-06;1;0;0.878382;0.575308;1;0.155487;
95;-0.293242;0.291149;-0.293239;0.293237;-0.293245;0.293237;0.0848123;0.0354798;0.0207826;0.0257969;0.0806933;0.0261465;0.0200155;0.0322788;0.0052125;0.0158377;0.0312024;0.0259122;0.299352;1;0.412497;0.403208;0;1;
96;-0.288225;0.286792;-0.288223;0.288222;-0.288227;0.288221;0.120852;-0.0505846;0.0834591;-0.0562545;0.118447;-0.0560397;0.0116885;0.0428642;0.00304375;0.00925256;0.0182215;0.0266734;0;1;0;0.396941;0;1;
97;-0.272341;0.271503;-0.27234;0.272339;-0.272342;0.272339;0.171424;-0.130374;0.149587;-0.133697;0.170019;-0.133564;0.00682566;0.025039;0.0017772;0.0067874;0.0106408;0.0155819;0;1;0;0.483337;0;1;
98;-0.244882;0.244392;-0.244882;0.244881;-0.244883;0.24488;0.211056;-0.180422;0.198303;-0.189021;0.210236;-0.188938;0.00398567;0.020781;0.00103742;0.00396639;0.00621372;0.0091023;0;0.955716;0;0.660453;0;1;
