1;-0.000363588;0.000116064;9.94838e-05;-0.000363588;0.000116064;9.94838e-05;0.0349769;0.0347456;0.0352595;0.0349769;0.0347456;0.0352594;0.808667;0.808665;0.808666;0.808667;0.808665;0.808666;0;0;0;0;0;0;
2;-0.00234898;-0.0246439;0.0250925;-0.0241013;-0.0377387;-0.0217511;0.162166;0.129791;0.0850133;0.220931;0.125748;0.0199229;0.472454;0.472382;0.472326;0.472513;0.472382;0.4724;1;1;0.987153;1;1;1;
3;-0.0189845;-0.0357555;-0.000965771;-0.016315;-0.0262133;-0.0227363;0.0973336;0.0893045;0.0819579;0.128941;0.0809016;0.0680513;0.275929;0.27589;0.275858;0.275971;0.275891;0.275897;0;0.408479;0.797513;0;0.299914;0.970294;
4;-0.0104515;-0.0215166;0.00698462;-0.0101624;-0.0146745;-0.0139133;0.0585334;0.0617142;0.055107;0.0753355;0.0687725;0.0567932;0.161152;0.16113;0.161111;0.161176;0.161132;0.161133;0.694452;0.726105;0.782802;0.377658;0.801146;0.688256;
5;-0.00522759;-0.0134427;0.00505691;-0.0068102;-0.00769357;-0.00900132;0.0417644;0.0487743;0.0486406;0.0442581;0.0495912;0.0471801;0.0941194;0.094107;0.0940966;0.0941341;0.094109;0.094109;0.965768;0.770836;0.862233;0.442457;0.653898;0.827676;
6;-0.00194552;-0.00895836;0.00570507;-0.00508411;-0.00338562;-0.00636409;0.0342389;0.0395029;0.0409597;0.0360555;0.0410388;0.0418557;0.0549705;0.0549634;0.0549581;0.0549789;0.0549652;0.0549648;0.960981;0.788838;0.893351;0.482343;0.639831;0.816008;
7;0.000107095;-0.0064753;0.00517177;-0.00421217;-0.000733918;-0.00495989;0.0302369;0.0353595;0.0359806;0.0335731;0.0359959;0.0380924;0.0321065;0.0321022;0.0321002;0.0321112;0.0321042;0.0321036;0.980182;0.796897;0.910968;0.484644;0.648821;0.811638;
8;0.00119602;-0.00491537;0.00440024;-0.00359335;0.000705002;-0.00403013;0.0270694;0.0324727;0.0320761;0.0327929;0.0331626;0.0369582;0.0187535;0.0187506;0.0187505;0.0187558;0.0187528;0.018752;0.89938;0.783602;0.926811;0.478502;0.666651;0.806058;
9;0.000943216;-0.00340916;0.00310839;-0.00263684;0.000950149;-0.00289199;0.0243496;0.0307738;0.029089;0.0331877;0.0315011;0.0371972;0.0109552;0.0109526;0.010954;0.0109559;0.0109555;0.0109541;0.846179;0.756544;0.941688;0.468368;0.691548;0.794134;
10;-0.000344506;-0.00109591;0.000920394;-0.000644678;-0.000340277;-0.000793711;0.0217073;0.0297765;0.0259941;0.0343578;0.0302945;0.0380355;0.00640101;0.00639807;0.00640073;0.00640036;0.00702737;0.0063998;0.810546;0.715949;0.962249;0.455417;0.725412;0.784916;
11;-0.00384725;0.00300565;-0.00310799;0.0032694;-0.00384451;0.00318236;0.0193084;0.0293699;0.0229771;0.0363983;0.0295003;0.0396753;0.00447526;0.00373782;0.00523946;0.00373967;0.00774331;0.0037398;0.795981;0.66331;0.984865;0.443853;0.759894;0.803941;
12;-0.0105465;0.0100544;-0.010114;0.0102089;-0.0105446;0.0101579;0.0171877;0.0292212;0.020529;0.0384376;0.0291954;0.0411439;0.00507008;0.00218394;0.00546534;0.00218565;0.00853282;0.00218618;0.789846;0.579303;1;0.434385;0.789789;0.86611;
13;-0.0216171;0.0213288;-0.0213635;0.0214198;-0.0216155;0.0213897;0.0168111;0.0291375;0.0194277;0.0393693;0.0288901;0.0410788;0.00572621;0.00127642;0.00522936;0.00127805;0.00873604;0.00127887;0.773585;0.422864;1;0.434865;0.800096;0.962496;
14;-0.0381206;0.0379508;-0.037971;0.0380052;-0.0381191;0.0379873;0.0193689;0.0289312;0.0220583;0.0374593;0.0289368;0.0386816;0.00509158;0.000746851;0.00380763;0.000748169;0.00740015;0.00115331;0.730483;0.463239;1;0.454865;0.763083;1;
15;-0.0603435;0.0602424;-0.060254;0.0602758;-0.060342;0.0602651;0.026551;0.0286083;0.0306908;0.0302446;0.0297149;0.0318871;0.00538772;0.00325976;0.002226;0.000701442;0.0043244;0.00374769;0.619096;0.580017;0.957718;0.510444;0.643325;1;
16;-0.0867566;0.0866951;-0.0867017;0.0867167;-0.0867551;0.0867101;0.0414338;0.0279609;0.0490788;0.0130355;0.0307548;0.018309;0.00314812;0.0128589;0.00130108;0.00475748;0.00252578;0.00943741;0.404781;0.824181;0.863172;0.615091;0.385091;1;
17;-0.113131;0.113093;-0.113097;0.113108;-0.113131;0.113104;0.0570743;0.0141141;0.0615415;-0.0252586;0.0508376;-0.0221763;0.00183825;0.0272197;0.000760591;0.0078221;0.00147468;0.0156394;0.0686383;0.817059;0.569996;0.609184;0;1;
18;-0.132808;0.132785;-0.132788;0.132794;-0.132808;0.132791;0.0948961;-0.050766;0.0975049;-0.0763114;0.0912539;-0.0745058;0.00107315;0.0413762;0.000443758;0.00823052;0.000860836;0.019028;0;1;0;0.505304;0;1;
19;-0.138316;0.138303;-0.138304;0.138308;-0.138316;0.138306;0.143202;-0.115629;0.144726;-0.132344;0.141075;-0.131285;0.000626337;0.0328684;0.000258774;0.0101102;0.000502313;0.0150416;0;1;0;0.508693;0;1;
20;-0.123569;0.123561;-0.123562;0.123564;-0.123569;0.123563;0.185754;-0.168977;0.186643;-0.179409;0.184512;-0.178787;0.000365351;0.0221529;0.000150688;0.00637118;0.000292896;0.00878729;0;1;0;0.519634;0;1;
21;-0.0843868;0.0843824;-0.0843827;0.0843838;-0.0843867;0.0843834;0.214801;-0.179775;0.215321;-0.211093;0.214076;-0.210727;0.000212896;0.0129406;8.75348e-05;0.00372218;0.000170567;0.00513292;0;1;0;0.548198;0;1;
22;-0.0173055;0.0173033;-0.0173032;0.0173039;-0.0173055;0.0173037;0.230462;-0.182216;0.230766;-0.228028;0.230039;-0.221033;0.000123824;0.00755895;5.06051e-05;0.00217428;9.9108e-05;0.00299735;0;1;0;0.586552;0;1;
23;0.0725451;-0.0725461;0.0725465;-0.0725459;0.0725451;-0.072546;0.228078;-0.168231;0.229335;-0.212476;0.229849;-0.207833;7.18283e-05;0.00441436;2.90471e-05;0.00126919;5.73471e-05;0.00175006;0;1;0;0.45516;0;1;
24;0.159619;-0.159619;0.159619;-0.159619;0.159619;-0.159619;0.217699;-0.13412;0.221255;-0.175084;0.222932;-0.184138;4.14696e-05;0.00257825;1.64602e-05;-0.00790678;3.29732e-05;-0.00624458;0;1;0;0.693105;0;1;
25;0.22249;-0.222492;0.222491;-0.222491;0.22249;-0.222491;0.20038;-0.0869646;0.202457;-0.125953;0.203436;-0.149003;2.37191e-05;0.00531022;9.11917e-06;-0.0057681;1.87268e-05;-0.00364666;0;1;0;0.756717;0;1;
26;0.261128;-0.26113;0.261128;-0.261129;0.261128;-0.261129;0.171356;-0.0383697;0.172569;-0.0678296;0.173141;-0.103668;1.33995e-05;0.0200541;4.8724e-06;0.00942267;1.04203e-05;-0.00212948;0;1;0;0.843347;0;0.987038;
27;0.282492;-0.282495;0.282493;-0.282494;0.282493;-0.282494;0.130534;0.0250995;0.131241;0.00893363;0.131575;-0.0754632;0.00130212;0.0324901;2.37315e-06;0.0193464;5.71207e-06;-0.00124316;0.753303;1;0;0.850884;0;0.640945;
28;0.292153;-0.292157;0.292155;-0.292156;0.292155;-0.292156;0.0743194;0.0430596;0.0747212;0.0490434;0.0749163;-0.0268448;0.0216313;0.018977;1.05467e-06;0.0176211;2.92094e-06;0.00444016;1;0.68076;0;0.577833;0;0.997891;
29;0.289024;-0.298744;0.289105;-0.295197;0.285378;-0.298111;-0.000869802;0.0694279;-0.000638045;0.072922;-0.000519856;0.0286107;0.0245392;0.0110823;0.021169;0.0102904;0.0436193;0.00588535;0.840889;0;1;0;0.928604;0.724487;
30;0.2816;-0.287278;0.281648;-0.285206;0.279471;-0.286908;-0.0855761;0.125617;-0.0854304;0.127658;-0.0853556;0.10178;0.0143355;0.00647159;0.0292176;0.00600919;0.0449004;0.00343668;0.560318;0;1;0;1;0;
31;0.262111;-0.265427;0.262139;-0.264217;0.260867;-0.265211;-0.156331;0.179718;-0.15624;0.18091;-0.156191;0.165797;0.00905149;0.00377896;0.0170676;0.00350894;0.0301769;0.00200665;0.57969;0;1;0;1;0;
32;0.231071;-0.233008;0.231088;-0.232301;0.230344;-0.232882;-0.203355;0.217016;-0.203297;0.217712;-0.195192;0.208886;0.00528804;0.00220643;0.00996935;0.00204873;0.0176283;0.00117141;0.936944;0;1;0;1;0;
33;0.189118;-0.190249;0.189128;-0.189837;0.188693;-0.190176;-0.231057;0.239036;-0.231019;0.239443;-0.20117;0.234288;0.00308886;0.00128803;0.00582239;0.00119593;0.0102964;0.000683597;1;0;1;0;1;0;
34;0.13368;-0.13434;0.133685;-0.134099;0.133432;-0.134297;-0.245657;0.250318;-0.230877;0.250555;-0.202603;0.247545;0.00180383;0.000751661;0.00339938;0.000697886;0.0060132;0.000398684;1;0;1;0;1;0;
35;0.0590368;-0.0594225;0.0590402;-0.0592818;0.0588923;-0.0593974;-0.240925;0.249826;-0.224184;0.249732;-0.195263;0.249402;0.00105265;0.000438419;0.00198456;0.000407029;0.003511;0.00023229;1;0;1;0;1;0;
36;-0.036004;0.0357788;-0.036002;0.035861;-0.036088;0.0357935;-0.220134;0.228181;-0.213137;0.235418;-0.176948;0.235897;0.000117475;0.000255471;0.00115848;0.000237172;0.00204958;0.000135125;1;0;0.904245;0;1;0;
37;-0.132258;0.132126;-0.132257;0.132174;-0.132307;0.132135;-0.185983;0.203781;-0.190942;0.214812;-0.150343;0.216118;-0.00735548;0.00014868;-0.00570244;0.000138142;0.00119685;7.85284e-05;1;0;0.85791;0;1;0;
38;-0.20505;0.204973;-0.205049;0.205001;-0.205079;0.204978;-0.140059;0.196972;-0.159823;0.203414;-0.100877;0.204176;-0.0042956;8.63134e-05;-0.00333018;8.01118e-05;-8.8581e-05;4.52941e-05;1;0;1;0;1;0;
39;-0.250973;0.250927;-0.250972;0.250943;-0.25099;0.25093;-0.0847548;0.174982;-0.117433;0.178744;-0.0490724;0.179189;-0.00589059;4.9895e-05;-0.00194457;4.63516e-05;0.0093267;2.60095e-05;1;0;0.92371;0;1;0;
40;-0.277094;0.277067;-0.277094;0.277076;-0.277105;0.277068;-0.014476;0.139914;-0.0802107;0.14211;0.0102146;0.14237;0.024414;2.8754e-05;-0.00113562;2.65712e-05;0.0218011;1.4726e-05;1;0;0.766671;0;1;0;
41;-0.289959;0.289942;-0.289958;0.289855;-0.289966;0.289943;0.0504734;0.0897612;0.0146582;0.0910499;0.0452802;0.0911962;0.027304;1.63703e-05;-0.00747866;0.00173332;0.0127358;8.26712e-06;1;0;0.865158;0.464263;0.871484;0;
42;-0.293165;0.292426;-0.293165;0.289844;-0.29375;0.293156;0.0660011;0.0225989;0.0568292;0.0212497;0.0682608;0.0213355;0.0159461;0.0429043;-0.00436505;0.0184753;0.00743769;0.025497;0;1;0.732969;0.401802;0;1;
43;-0.287145;0.286713;-0.287145;0.285205;-0.287486;0.287139;0.113841;-0.0620801;0.108485;-0.0628844;0.115161;-0.0628232;0.00931206;0.0467677;-0.00254957;0.0123879;0.00434318;0.0298392;0;1;0;0.454997;0;1;
44;-0.270066;0.269813;-0.270066;0.268932;-0.270265;0.270062;0.169078;-0.138833;0.16595;-0.139316;0.169849;-0.139273;0.00543783;0.0335595;-0.00148933;0.0097291;0.00253597;0.0192739;0;1;0;0.561292;0;1;
45;-0.241494;0.241345;-0.241493;0.240831;-0.24161;0.241491;0.210076;-0.189758;0.208249;-0.192692;0.210526;-0.192662;0.0031752;0.0201811;-0.000870221;0.00568439;0.00148054;0.0112587;0;1;0;0.506428;0;1;
46;-0.202303;0.202216;-0.202303;0.201916;-0.202371;0.202302;0.235165;-0.200451;0.234098;-0.225011;0.235428;-0.22499;0.0018538;0.0117877;-0.000508693;0.00332064;0.000864119;0.00657585;0;1;0;0.471321;0;1;
47;-0.150865;0.150814;-0.150865;0.150639;-0.150905;0.150864;0.248619;-0.203504;0.247996;-0.242688;0.248772;-0.232676;0.00108207;0.0068845;-0.000297609;0.00193936;0.000504109;0.00383955;0;1;0;0.47718;0;1;
48;-0.0819841;0.0819546;-0.0819841;0.0818522;-0.0820073;0.0819838;0.251644;-0.198358;0.251651;-0.244971;0.251234;-0.225731;0.000631399;0.00401995;-0.000174341;0.00113197;0.000293861;0.00224149;0;1;0;0.470435;0;1;
49;0.00835569;-0.00837242;0.00835569;-0.00843263;0.00834213;-0.00835572;0.238948;-0.182899;0.239728;-0.226963;0.235149;-0.217312;0.000368192;0.00234677;-0.000102351;0.000660178;0.000171045;0.00130849;0;1;0;0.560092;0;1;
50;0.107334;-0.107344;0.107334;-0.107379;0.107327;-0.107334;0.214998;-0.15515;0.212145;-0.19916;0.212485;-0.202148;0.000214515;0.00136989;-6.02964e-05;-0.00402196;9.93465e-05;-0.00353642;0;1;0;0.657324;0;1;
51;0.187852;-0.187858;0.187852;-0.187879;0.187848;-0.187852;0.206058;-0.117573;0.192094;-0.153694;0.206254;-0.168652;0.000124805;0.00428525;-3.55649e-05;-0.00763834;5.75253e-05;-0.00547028;0;1;0;0.892003;0;1;
52;0.240617;-0.240621;0.240617;-0.240632;0.240614;-0.240617;0.185579;-0.0679312;0.177424;-0.100121;0.185693;-0.129177;7.24282e-05;0.0161033;-2.13059e-05;-0.00446;3.30735e-05;-0.00319437;0;1;0;1;0;0.942875;
53;0.270747;-0.271441;0.27144;-0.271449;0.271438;-0.271441;0.152802;-0.0404013;0.148037;-0.0465195;0.152866;-0.0706866;4.20635e-05;0.00940692;-1.27913e-05;0.0174561;1.88477e-05;-0.00794634;0.669126;1;0;0.974556;0;1;
54;0.273838;-0.287465;0.287467;-0.287472;0.287466;-0.287467;0.106436;0.0278503;0.103647;0.00996343;0.106467;0.0162498;0.000842905;0.00549372;-7.8528e-06;0.0168689;1.05826e-05;-0.0120994;0.868044;0.950143;0;0.839427;0;1;
55;0.275973;-0.292838;0.310722;-0.293161;0.293157;-0.293159;0.0422;0.0644452;0.040575;0.0671103;0.0438452;0.0853213;0.0129437;0.00320817;0.0352718;0.00985309;0.0419131;-0.0057109;0.648843;0.4205;1;0.51613;0.89968;1;
56;0.278992;-0.289626;0.30007;-0.289814;0.289812;-0.289813;-0.039495;0.101779;-0.0404325;0.103335;-0.0385174;0.11397;0.0171213;0.00187314;0.0332294;0.00575378;0.0508607;-0.00333548;0.456871;0;1;0;1;0;
57;0.269635;-0.275846;0.281945;-0.275956;0.275954;-0.275955;-0.120407;0.156784;-0.120947;0.157693;-0.119823;0.163904;0.0116173;0.00109348;0.02191;0.00335982;0.0387353;-0.00194831;0.508139;0;1;0;1;0;
58;0.246744;-0.250372;0.253934;-0.250437;0.250434;-0.250436;-0.1804;0.201647;-0.18071;0.202178;-0.180048;0.205805;0.00717055;0.000638143;0.0127987;0.00196166;0.0247686;-0.00113826;0.573059;0;1;0;1;0;
59;0.212022;-0.214142;0.216222;-0.214179;0.214177;-0.214179;-0.217859;0.230269;-0.218036;0.230579;-0.19818;0.232698;0.00418866;0.000372183;0.00747556;0.0011451;0.0144681;-0.000665226;0.639925;0;1;0;1;0;
60;0.165236;-0.166474;0.167689;-0.166496;0.166495;-0.166496;-0.238978;0.246227;-0.234187;0.246408;-0.202643;0.247645;0.00244633;0.000216833;0.00436529;0.000668193;0.00845036;-0.000389029;0.666923;0;1;0;1;0;
61;0.102327;-0.103049;0.103759;-0.103062;0.103061;-0.103062;-0.248201;0.253382;-0.227893;0.253487;-0.200046;0.254116;0.00142828;0.000126079;0.00254846;0.000389687;0.00493455;-0.000227727;0.579968;0;1;0;1;0;
62;0.0179847;-0.0184066;0.0188213;-0.0184141;0.0184142;-0.0184141;-0.232937;0.240027;-0.220261;0.243173;-0.188011;0.243013;0.000833139;7.30717e-05;0.00148771;0.000227036;0.00288094;-0.000133533;0.86267;0;0.926112;0;0.935407;0;
63;-0.0811412;0.0808949;-0.0806526;0.0808905;-0.08089;0.0808905;-0.207598;0.217699;-0.205584;0.225838;-0.165093;0.226682;-0.00241133;4.21263e-05;-0.00135058;0.000132075;0.00168178;-7.85025e-05;0.951255;0;1;0;1;0;
64;-0.16864;0.168496;-0.168354;0.168493;-0.168493;0.168493;-0.16776;0.187608;-0.179469;0.218394;-0.128232;0.218887;-0.0100561;2.40755e-05;-0.0111431;7.6642e-05;0.000982332;-4.63427e-05;1;0;1;0;1;0;
65;-0.228701;0.228617;-0.228534;0.228615;-0.228616;0.228615;-0.116026;0.179832;-0.141224;0.197811;-0.0817798;0.198098;-0.00587229;1.35742e-05;-0.00650741;4.42894e-05;0.00962888;-2.75427e-05;1;0;0.954889;0;1;0;
66;-0.264742;0.264692;-0.264645;0.264691;-0.264693;0.264691;-0.0598605;0.155662;-0.096796;0.166162;-0.0252179;0.16633;0.0111324;7.4502e-06;-0.00380009;2.54469e-05;-0.0112034;-1.65055e-05;1;0;0.884457;0;1;0;
67;-0.191654;0.191619;-0.191591;-0.104644;0.104648;-0.104651;-0.00939446;0.0653486;-0.0309698;0.0714945;0.0849421;0.0715887;0.00650321;4.10636e-06;-0.00234729;0.033752;-0.0105407;-9.75743e-06;0.879757;0;0.938108;0.563356;0.883138;0;
68;-0.14807;0.148052;-0.148033;-0.314113;0.31411;-0.31412;0.0320348;0.0468186;0.028821;0.0504028;0.0409673;0.0504593;0.0209759;0.0148203;0.024814;0.0197176;0.0129134;-4.80782e-06;0.754954;0.41535;0.989484;0.400342;1;0.791083;
69;-0.207345;0.207332;-0.207324;-0.0625795;0.0625862;-0.0625837;0.0708073;-0.00489938;0.0689298;-0.0226554;0.0760232;-0.0226195;0.0122497;0.0449141;0.0144904;0.0139724;0.00754055;0.0368497;0;1;0;0.792587;0;1;
70;-0.231687;0.231681;-0.231674;0.0740513;-0.0740456;0.0740486;0.131736;-0.0932268;0.13064;-0.103612;0.134783;-0.103582;0.0071534;0.055248;0.00846203;0.00816338;0.00440316;0.0346058;0;1;0;0.641438;0;1;
71;-0.229813;0.235286;-0.229806;0.137755;-0.137752;0.137753;0.185039;-0.161857;0.184399;-0.168611;0.186818;-0.168587;0.00417714;0.0356138;0.00494139;0.00709289;0.00257101;0.0202152;0;1;0;0.624895;0;1;
72;-0.208414;0.21161;-0.208409;0.154652;-0.154651;0.154651;0.220385;-0.192727;0.220011;-0.210789;0.221424;-0.21077;0.00243897;0.0208036;0.00288531;0.00414427;0.00150098;0.0118083;0;1;0;0.620656;0;1;
73;-0.171138;0.173005;-0.171136;0.139742;-0.139741;0.139741;0.240825;-0.198905;0.240606;-0.235219;0.241432;-0.232423;0.00142382;0.0121513;0.00168449;0.00242075;0.000876044;0.00689658;0;1;0;0.644415;0;1;
74;-0.116741;0.117831;-0.116739;0.0984057;-0.0984049;0.0984052;0.250957;-0.200286;0.25083;-0.247682;0.251312;-0.228794;0.000830976;0.00709659;0.000983198;0.00141353;0.000511057;0.00402699;0;1;0;0.621287;0;1;
75;-0.0405491;0.0411865;-0.0405482;0.0298415;-0.029841;0.0298413;0.247479;-0.192827;0.246934;-0.237989;0.247716;-0.222433;0.000484759;0.0041438;0.000573644;0.000824576;0.000297896;0.00235129;0;1;0;0.573412;0;1;
76;0.0554041;-0.0550313;0.0554045;-0.0616572;0.0616576;-0.0616573;0.23217;-0.172543;0.232758;-0.215327;0.224889;-0.209876;0.000282564;0.00241923;0.000334475;-0.000963449;0.000173412;0.00137274;0;1;0;0.536264;0;1;
77;0.148065;-0.147848;0.148067;-0.151718;0.151718;-0.151718;0.225914;-0.14875;0.211987;-0.180653;0.198748;-0.183892;-0.00338044;0.00155051;0.000194953;-0.00813572;0.000100731;-0.00604919;0.517715;1;0;0.552572;0;1;
78;0.21544;-0.215316;0.215445;-0.217577;0.217578;-0.217577;0.206995;-0.112907;0.198859;-0.150425;0.191128;-0.14621;-0.00197499;0.00186702;0.000113337;-0.0047512;5.83012e-05;-0.00476911;0.621596;1;0;0.639924;0;1;
79;0.163326;-0.163255;0.163327;0.135456;-0.135429;0.135456;0.0644371;-0.0094823;0.0596747;-0.0314038;0.0551771;-0.0289329;0.0377401;-0.0167046;6.5793e-05;-0.0564278;0.00241006;0.01245;0.667696;0.718663;0;0.528718;0;1;
80;0.225598;-0.225554;0.225598;-0.0510985;0.051119;-0.0511017;0.0652182;-0.00273956;0.068423;-0.0515524;0.0654383;-0.0085273;0.022035;0.0236372;3.85824e-05;-0.0329496;0.00140702;0.0222952;0.808713;1;0;0.380645;0;1;
81;0.259304;-0.259277;0.2593;-0.157395;0.157407;-0.157397;0.0399412;0.0275432;0.0506961;-0.0303197;0.0400696;0.0425097;0.0128645;0.0138071;0.016708;-0.019244;0.000821504;0.0130219;0.801469;0.598475;1;0.651765;0.0627221;1;
82;0.274216;-0.274199;0.274212;-0.214699;0.214704;-0.214701;-0.0163821;0.0557924;-0.0100892;0.0220004;-0.00558137;0.0645345;0.00751165;0.00806286;0.0225188;-0.0112422;0.0244666;0.00760517;0.615857;0;1;0.349285;0.910781;0;
83;0.19272;-0.19271;0.192718;0.10263;-0.102614;0.102632;0.072087;-0.0490558;0.0757631;-0.06879;0.0783875;-0.0439549;-0.00641387;0.0472663;0.0131492;-0.0215025;0.0142888;0.0547599;0;1;0;0.767203;0;0.91802;
84;0.212306;-0.211979;0.212912;-0.0394956;0.0395044;-0.0394957;-0.0630248;0.0764726;-0.0608657;0.0649521;-0.0593432;0.0794494;0.00968039;0.0276016;0.0515801;-0.0194941;0.0970577;0.0319789;0.606875;0;1;0.251812;1;0;
85;0.204148;-0.203957;0.204502;-0.103228;0.103232;-0.103228;-0.148642;0.156503;-0.14738;0.149775;-0.146482;0.158242;0.022782;0.016119;0.0301284;-0.0113849;0.056695;0.0186753;0.770516;0;0.852275;0;1;0;
86;0.176069;-0.175957;0.176276;-0.117132;0.117135;-0.117132;-0.199185;0.20378;-0.198445;0.199851;-0.186352;0.204795;0.0133085;0.00941301;0.0175972;-0.00664912;0.0331174;0.0109058;0.769168;0;1;0;1;0;
87;0.129654;-0.129589;0.129775;-0.0952353;0.0952367;-0.0952353;-0.22726;0.229947;-0.226826;0.227652;-0.191738;0.23054;0.0077738;0.00549665;0.010277;-0.00388353;0.0193433;0.00636843;0.805922;0;1;0;0.926419;0;
88;0.0615524;-0.0615143;0.061623;-0.041452;0.041453;-0.0414519;-0.239213;0.242407;-0.226675;0.241067;-0.191915;0.242754;0.00454022;0.00320948;0.00600096;-0.00226847;0.0112975;0.00371859;0.84821;0;1;0;1;0;
89;-0.0293459;0.0293682;-0.0293048;0.0410848;-0.0410836;0.0410848;-0.222115;0.236477;-0.215782;0.237622;-0.178704;0.237538;0.00265088;0.00187377;0.00350394;-0.00132528;0.00659734;0.0021711;0.899534;0;1;0;1;0;
90;-0.125377;0.12539;-0.125353;0.132232;-0.132231;0.132232;-0.188816;0.206924;-0.19345;0.206753;-0.152735;0.205905;-0.000506326;0.00109369;-0.000607314;-0.000774427;0.00385265;0.0012674;1;0;1;0;1;0;
91;-0.200184;0.200191;-0.20017;0.204187;-0.204187;0.204187;-0.143155;0.20046;-0.161136;0.195185;-0.110045;0.186198;-0.00871262;0.000638239;-0.00665927;-0.000452739;0.00852533;0.000739769;1;0;1;0;1;0;
92;-0.154378;0.154381;-0.154369;-0.142997;0.143002;-0.143008;-0.0216653;0.0551347;-0.0321651;0.0520753;-0.00239123;0.0468195;-0.0161774;0.000372539;-0.0189946;0.0216137;-0.00479131;0.00043183;0.638886;0;1;0.545189;0.70534;0;
93;-0.127495;0.127497;-0.12749;-0.344873;0.344873;-0.344881;0.0276017;-0.00307957;0.0214795;-0.00985629;0.0388955;-0.0129204;-0.00987742;0.0401521;0.00599557;0.012626;-0.00555561;0.0016261;0.588082;0.812726;0.635204;0.734875;0;0.979713;
94;-0.111159;0.111157;-0.111154;-0.458299;0.458296;-0.458307;0.0474625;0.0354881;0.054078;0.0016527;0.0245783;0.00647184;-0.0057702;0.0234538;0.00951529;-2.4768e-05;-0.0159908;0.00357674;0.752515;0.76473;0.66144;0.598133;0.269991;1;
95;-0.100458;0.100456;-0.100455;-0.482407;0.506048;-0.516435;0.000266121;0.0487811;0.0121595;-0.01174;-0.0129665;0.0312358;0.0170139;0.0136974;0.0275544;-0.0505203;-0.0154199;0.0020884;0.592808;0;1;0.621645;0.668838;0.171961;
96;-0.0920876;0.0920869;-0.0920861;-0.463905;0.482565;-0.535542;-0.0711656;0.0998098;-0.0642088;0.0293363;-0.0100443;0.089564;0.0100228;0.00799885;0.0229669;-0.0668608;0.0240963;0.00121938;0.582674;0;1;0.718402;0.669622;0;
97;-0.0834985;0.083498;-0.0834976;-0.433906;0.464157;-0.520793;-0.142406;0.159135;-0.138334;0.0601993;0.00115573;0.153152;0.005855;0.0046709;0.0134177;-0.064621;0.0706311;0.000711721;0.637319;0;1;0.668884;0.775694;0;
98;-0.0732873;0.0732871;-0.073287;-0.424367;0.438549;-0.475813;-0.194108;0.203879;-0.191724;0.111412;-0.0090848;0.200385;0.00342025;0.0027273;0.00783885;-0.0867468;0.115086;0.000415227;0.710106;0;1;0.261022;1;0;
