1;-0.000363589;0.000116065;9.9484e-05;-0.000363589;0.000116065;9.9484e-05;0.0349769;0.0347456;0.0352595;0.0349769;0.0347456;0.0352595;0.808667;0.808665;0.808666;0.808667;0.808665;0.808666;0;0;0;0;0;0;
2;-0.00392413;-0.00176206;-0.000832797;0.0222887;-0.00529238;-0.00511438;0.0746991;0.0779845;0.0781253;-0.0838545;-0.0169752;-0.0147055;0.472458;0.472427;0.472427;0.472411;0.472288;0.472288;1;0.487996;0.846926;0;0;0;
3;-0.00219505;-0.00164099;-0.000151772;0.0125914;-0.00266547;-0.00341183;0.0602133;0.0568974;0.0577897;-0.0490562;0.0254266;0.0257156;0.27592;0.275899;0.275899;0.275892;0.275826;0.275828;0.578273;0.279066;0.373328;0;0;0;
4;-0.00101033;-0.00238845;0.000108536;0.00671852;-0.000921733;-0.00245717;0.0382481;0.0334657;0.0337222;-0.0286232;0.0712229;0.0684029;0.161139;0.161126;0.161125;0.16112;0.161086;0.161087;0.805223;0.446785;0.430454;0;0.403704;0.592516;
5;-0.000128413;-0.00126946;0.000939594;0.00304743;-0.000678787;-0.00445501;0.0523578;0.034479;0.0194403;-0.0164622;0.0721462;0.0569163;0.0941086;0.0940999;0.0940982;0.0940922;0.0940844;0.0940831;1;0.68116;0.529267;0;0.818888;1;
6;0.00103231;-0.00184877;0.00165614;0.000672318;0.000710695;-0.00408846;0.0378904;0.0261486;0.0113251;-0.00895732;0.0644976;0.0541075;0.0549617;0.0549556;0.0549543;0.0549487;0.0549537;0.0549511;0.969253;0.620739;0.697742;0;0.767868;0.980603;
7;0.00184604;-0.00232298;0.00221051;-0.000850648;0.00158082;-0.00411598;0.0376201;0.0260177;0.00762913;-0.00627819;0.0643745;0.0529196;0.0320993;0.032095;0.0320938;0.0320892;0.0321014;0.0320977;1;0.626944;0.696094;0;0.804891;0.982175;
8;0.00218474;-0.00249144;0.00242453;-0.00163034;0.0016455;-0.00353747;0.0319935;0.0243752;0.00635933;-0.0039858;0.059292;0.0523521;0.0187475;0.0187442;0.0187432;0.0187394;0.0249726;0.0187508;1;0.60008;0.736979;0;0.79538;0.956356;
9;0.00152631;-0.00199344;0.0019543;-0.0014849;0.000437169;-0.00260437;0.0301749;0.0246039;0.00305306;-0.00055976;0.0590291;0.0538267;0.0109498;0.0109471;0.0109463;0.0109432;0.0260081;0.015212;1;0.574648;0.760337;0;0.80774;0.946261;
10;-5.81214e-06;-0.000268981;0.00024602;2.81491e-05;-0.000640176;-0.000625799;0.0263713;0.0251734;0.00158733;0.00310399;0.0558053;0.0536514;0.0063959;0.00639347;0.00639294;0.00639027;0.0288502;0.0155122;1;0.537616;0.803634;0;0.82677;0.925374;
11;-0.0036484;0.00348885;-0.00350236;0.0036625;-0.00401996;0.00328044;0.0230545;0.0262389;-0.000270312;0.00738562;0.0545586;0.0550755;0.00373632;0.00373409;0.00373378;0.0037314;0.0282181;0.0123053;1;0.496641;0.846318;0;0.843086;0.89287;
12;-0.0104305;0.0103371;-0.0103451;0.0104387;-0.0106474;0.0102153;0.0202956;0.0267927;-0.00233133;0.010638;0.0531702;0.056506;0.00218308;0.00218095;0.0021808;0.00217863;0.0300807;0.0107281;1;0.460969;0.879536;0;0.858737;0.866658;
13;-0.0215494;0.0214946;-0.0214996;0.0215543;-0.021676;0.0214235;0.0198238;0.0273309;-0.00337415;0.0117063;0.0527905;0.0571283;0.00127594;0.00127389;0.00127382;0.00127182;0.0317434;0.0107571;1;0.446473;0.881786;0;0.860749;0.853526;
14;-0.0380813;0.0380487;-0.0380521;0.0380842;-0.0381549;0.0380073;0.0250897;0.0277041;-0.00195986;0.00772811;0.0547424;0.0550604;0.000746177;0.000744327;0.000744106;0.000742245;0.0301292;0.0132943;1;0.500405;0.820694;0;0.851975;0.891719;
15;-0.0603208;0.0603011;-0.0603036;0.0603227;-0.0603633;0.060277;0.0370539;0.0259813;0.00495136;-0.0104766;0.0605397;0.0520451;0.000436809;0.000435446;0.000434639;0.000432986;0.027208;0.0196387;1;0.652886;0.675777;0;0.793458;1;
16;-0.0867435;0.0867315;-0.0867335;0.0867449;-0.0867679;0.0867171;0.0628079;0.0158501;0.0143259;-0.0175551;0.0743099;0.0397123;0.000256094;0.000559091;0.000253741;0.000252415;0.0178785;0.0257292;0.929181;0.920533;0;0;0.66733;1;
17;-0.113123;0.113116;-0.113118;0.113126;-0.113138;0.113107;0.109175;-0.0236124;0.0412432;-0.0431301;0.104522;-0.00690991;0.00014976;0.0016652;0.000148109;0.0125159;0.0104431;0.0336448;0.805244;1;0;0.33159;0.489826;1;
18;-0.132803;0.132797;-0.1328;0.132808;-0.132812;0.132789;0.125326;-0.0753462;0.085651;-0.086749;0.122605;-0.0655899;8.7875e-05;0.00231186;8.63891e-05;0.0102181;0.0060981;0.0196559;0.793045;1;0;0.516365;0;1;
19;-0.138313;0.126737;-0.138311;0.163632;-0.138318;0.121208;0.160973;-0.131777;0.137803;-0.13844;0.159384;-0.12608;5.06732e-05;0.00134937;5.02435e-05;0.0151718;0.00356068;0.0126781;0.409673;1;0;0.682229;0;1;
20;-0.0930108;0.0862426;-0.0930005;0.00999157;0.00480761;-0.0148002;-0.00809673;0.0251507;-0.0216413;0.0212695;-0.00902918;0.0284865;0.0630706;-0.0195171;2.95408e-05;0.00886051;0.124251;0.00740345;1;0;0;0;1;0;
21;-0.0665409;0.0715609;-0.0665352;0.0180485;-0.00942138;0.00357852;0.101592;-0.091614;0.093679;-0.0938983;0.101048;-0.0844217;0.0368335;-0.00563393;-0.00807548;0.00517474;0.0725656;0.0874556;0;1;0;0;0;1;
22;-0.00688858;0.00982155;-0.00688463;-0.0214342;0.026473;-0.0298864;0.164918;-0.158517;0.159724;-0.159854;0.16403;-0.149063;0.0215127;-0.0105738;-0.0047165;0.00302205;0.0423782;0.0510844;1;0.809627;0;0;0;1;
23;0.00606191;-0.0178777;0.0195969;0.152775;-0.149844;0.147836;-0.00314974;0.00689474;-0.00618721;0.00612593;-0.00367247;0.0124363;0.0711267;-0.00617539;-0.000675159;0.001765;0.113806;0.0298364;1;0;0;0;1;0;
24;0.120786;-0.127683;0.128692;-0.0280208;0.0297223;-0.0309039;0.0868738;-0.0846613;0.085088;-0.0851411;0.0865712;-0.0430671;0.0415375;-0.00360613;-0.000394975;0.00620427;0.0664658;0.086853;0.353487;1;0;0;0;1;
25;0.199809;-0.203837;0.204428;-0.145635;0.146628;-0.147321;0.183585;-0.122687;0.122936;-0.122969;0.123803;-0.0923781;0.0242589;-0.00634667;-0.000230667;0.00362301;0.0388152;0.0507323;1;0;0;0;0;1;
26;0.247416;-0.250233;0.25058;-0.216246;0.216824;-0.217233;0.269228;-0.145083;0.120296;-0.0788967;0.168372;-0.0380104;0.0660281;-0.00370642;-0.000134804;-0.0251773;0.0226688;0.0296341;1;0;0;0.6866;0;1;
27;0.181628;-0.183277;0.183481;0.133656;-0.133322;0.133068;0.12679;-0.0542674;0.039791;-0.0156252;0.0678841;0.0709418;0.0602666;-0.00216462;-7.87222e-05;-0.0147048;0.0629569;0.0249049;1;0;0;0;0.59406;1;
28;0.233245;-0.234211;0.23433;-0.0491161;0.0493063;-0.049462;0.0721335;-0.0206231;0.0213133;-0.00720348;0.0377243;0.105448;0.0352005;-0.0012644;-4.63447e-05;-0.00858807;0.0367674;0.0450735;1;0.633367;0;0;0;1;
29;0.258327;-0.258891;0.258961;-0.150796;0.150907;-0.150998;-0.00214611;0.0322352;-0.0318364;0.0400737;-0.0222503;0.223633;0.0205599;-0.000738677;-2.72983e-05;-0.00501568;0.0214724;0.0649978;1;0;0;0;0;1;
30;0.245771;-0.264003;0.264045;-0.200876;0.200944;-0.200999;-0.0863108;0.103894;-0.103666;0.108473;-0.0980583;0.31589;0.0158712;-0.000431562;-1.5921e-05;-0.00292978;0.0502463;0.0548915;1;0;0;0;0.572723;1;
31;0.209999;-0.251834;0.251859;-0.214969;0.21501;-0.249317;-0.156752;0.167032;-0.166901;0.169706;-0.163622;0.334688;0.00927241;-0.000252484;-9.32891e-06;-0.00171138;0.0293476;0.045098;1;0;0;0;0.409938;1;
32;0.200637;-0.22507;0.225085;-0.203541;0.203567;-0.223891;-0.203594;0.209607;-0.209533;0.211169;-0.207613;0.343773;0.00541631;-0.000147916;-5.45205e-06;-0.000999966;0.0171429;0.0354964;1;0;0;0;0.422169;1;
33;0.171343;-0.185613;0.185622;-0.17304;0.173058;-0.184928;-0.210741;0.23471;-0.234669;0.235622;-0.233544;0.344899;0.00316249;-8.68919e-05;-3.15444e-06;-0.000584496;0.0100138;0.0356814;1;0;0;0;0.557475;1;
34;0.123297;-0.131633;0.131638;-0.12429;0.124303;-0.131237;-0.210731;0.247791;-0.24777;0.248324;-0.245961;0.349467;0.00184662;-5.12774e-05;-1.83018e-06;-0.000341917;0.00585067;0.0391389;1;0;0;0;0.697401;1;
35;0.0529713;-0.0578419;0.0578443;-0.0535528;0.0535644;-0.0576154;-0.18245;0.24846;-0.252667;0.249069;-0.249444;0.359436;0.00107893;-3.04474e-05;-9.76165e-07;-0.000200281;0.00341832;0.0602132;1;0;0;0;0.52711;1;
36;-0.0395469;0.0367015;-0.0367011;0.0392072;-0.0391956;0.0368275;-0.182842;0.229961;-0.235169;0.23343;-0.23404;0.346411;0.000630708;-1.82666e-05;-0.00273658;-0.00011756;0.00199753;0.0548162;1;0;0.775586;0;0.537983;1;
37;-0.134327;0.132665;-0.132665;0.134129;-0.134118;0.132734;-0.16058;0.203259;-0.217688;0.201913;-0.229166;0.320691;0.000369344;-1.11341e-05;-0.00159892;-6.90744e-05;0.00116726;0.0457811;1;0;0.726761;0;0.425975;1;
38;-0.206259;0.205287;-0.205288;0.206143;-0.206134;0.205324;-0.109177;0.196667;-0.205094;0.187033;-0.211798;0.306795;0.00277298;-6.91976e-06;-0.00093391;-4.0874e-05;0.000681524;0.0561818;1;0;0.571934;0;0.391719;1;
39;-0.25168;0.25111;-0.251111;0.25161;-0.251605;0.251129;-0.0381474;0.174804;-0.179727;0.169177;-0.183643;0.273515;0.0275007;-4.43245e-06;-0.00054553;-2.44403e-05;0.000397841;0.0622501;1;0;0.433581;0;0;1;
40;-0.277509;0.277174;-0.277174;0.277466;-0.277462;0.277181;0.0272819;0.13981;-0.142687;0.136523;-0.144975;0.218362;0.0430149;-2.93268e-06;-0.00031867;-1.47981e-05;0.000232173;0.0667543;1;0;0.15483;0;0;1;
41;-0.294309;0.290004;-0.290004;0.290175;-0.290173;0.284489;0.0895584;0.089703;-0.091383;0.0877815;-0.0927201;0.156449;0.0413852;0.00410018;-0.000186131;-9.06712e-06;0.000135352;0.064867;1;0.409605;0;0;0;1;
42;-0.304614;0.290763;-0.293191;0.292423;-0.29329;0.278115;0.10517;0.0204678;-0.0214369;0.019335;-0.0222187;0.0594526;0.0241716;0.0211118;-0.00010875;0.004476;7.86695e-05;0.0479994;0.637871;1;0;0.38373;0;1;
43;-0.29383;0.260169;-0.28716;0.28671;-0.287218;0.258593;0.136716;-0.0633299;0.0627781;-0.064003;0.0623206;-0.0405637;0.0141157;0.0145483;-6.36567e-05;0.00940084;4.5467e-05;0.0307431;0;1;0;0.419879;0;1;
44;-0.27397;0.226577;-0.270074;0.269811;-0.270108;0.223682;0.182437;-0.139569;0.139257;-0.139969;0.138989;-0.126274;0.00824319;0.00849647;-3.73825e-05;0.00811111;2.60071e-05;0.0180109;0;0.967304;0;0.475454;0;1;
45;-0.243773;0.216094;-0.241498;0.241343;-0.241518;0.214403;0.217877;-0.192836;0.192661;-0.193073;0.192504;-0.185071;0.00481364;-0.0217147;-2.21034e-05;0.00473929;1.45743e-05;0.0105226;0;1;0;0.634158;0;1;
46;-0.203634;0.187468;-0.202305;0.202215;-0.202317;0.186481;0.239721;-0.225095;0.224995;-0.225233;0.224903;-0.220557;0.0028108;-0.0342035;-1.32217e-05;0.00276977;7.83147e-06;0.00653299;0;1;0;0.514483;0;1;
47;-0.151641;0.142199;-0.150865;0.150812;-0.150873;0.141623;0.25128;-0.242736;0.24268;-0.242509;0.242626;-0.232487;0.00164113;-0.0399058;-8.0596e-06;0.00161925;3.86709e-06;0.00381741;0;1;0;0.72865;0;1;
48;-0.0824371;0.076921;-0.081984;0.0819527;-0.0819883;0.0765861;0.252074;-0.247262;0.250456;-0.233967;0.250425;-0.226306;0.000958061;-0.0435632;-5.05392e-06;0.000947005;1.52386e-06;0.00223152;0;1;0;0.737346;0;1;
49;0.00809164;-0.011315;0.00835624;-0.00837484;0.00835367;-0.011509;0.239631;-0.231322;0.240989;-0.215344;0.236996;-0.220082;0.000559179;-0.0410216;-3.27031e-06;0.000554822;1.52397e-07;0.0013052;0;1;0;0.540585;0;1;
50;0.10718;-0.109066;0.107335;-0.107347;0.107334;-0.109177;0.21449;-0.195254;0.214188;-0.180981;0.212333;-0.19959;0.000326393;-0.030498;-2.22514e-06;0.00997636;-6.21917e-07;0.00422418;0.256464;1;0;0.63873;0;1;
51;0.187757;-0.188865;0.187853;-0.18786;0.187852;-0.188929;0.211139;-0.163046;0.207454;-0.154222;0.175896;-0.154102;-0.00184708;-0.0207811;-1.51206e-06;0.0138623;-1.06257e-06;0.00507959;0.803256;1;0;0.528375;0;1;
52;0.240557;-0.241209;0.240618;-0.240621;0.240617;-0.241246;0.190955;-0.118959;0.186394;-0.119289;0.167964;-0.089554;-0.0010781;-0.0121381;-1.15057e-06;0.00809837;-1.22451e-06;0.0243048;0.912505;0.914967;0;0.511739;0;1;
53;0.271402;-0.271787;0.27144;-0.271442;0.271441;-0.271808;0.163727;-0.0724045;0.153275;-0.0773678;0.142512;-0.0158456;0.00764873;-0.00708946;-9.51668e-07;0.00583452;-1.28964e-06;0.0383334;1;0.7604;0;0.473317;0;1;
54;0.287444;-0.28767;0.287467;-0.287468;0.287467;-0.287682;0.115729;-0.0199638;0.106706;-0.0609556;0.100421;0.0672672;0.017145;-0.00414094;-8.06112e-07;0.00340946;-1.23365e-06;0.0418034;1;0.566283;0;0.347134;0;1;
55;0.293145;-0.29596;0.293159;-0.293159;0.293159;-0.293284;0.0476318;0.00830855;0.0423511;-0.0156319;0.0386805;0.180118;0.0142124;-0.0024184;-6.86833e-07;0.00199273;-1.16887e-06;0.0753887;1;0.944755;0;0.292671;0;1;
56;0.292735;-0.291449;0.289813;-0.289813;0.289813;-0.289811;-0.0363163;0.0689947;-0.0394103;0.0550176;-0.0415559;0.287588;0.00935563;-0.0023724;1.63152e-07;0.00116516;-1.01199e-06;0.0719441;1;0;0.784143;0.331412;0;1;
57;0.277663;-0.27691;0.275955;-0.275955;0.275955;-0.275953;-0.118546;0.137637;-0.12036;0.12948;-0.121616;0.353419;0.00546603;-0.00138579;7.99149e-07;0.00335701;-8.22177e-07;0.0790253;1;0;0.768654;0.296676;0;1;
58;0.251434;-0.250994;0.250436;-0.250436;0.250436;-0.250436;-0.179307;0.190466;-0.180376;0.185703;-0.181111;0.397676;0.00319321;-0.000809661;4.27556e-07;0.00196093;0.000191713;0.0738474;1;0;0.673139;0.213659;0.163944;1;
59;0.214762;-0.214504;0.214179;-0.214179;0.214179;-0.214179;-0.211723;0.223739;-0.217848;0.220958;-0.218279;0.398891;0.0018646;-0.000473275;-9.25853e-08;0.00114462;0.000111898;0.0810239;1;0;0.626611;0;0.015157;1;
60;0.166837;-0.166686;0.166496;-0.166496;0.166496;-0.166497;-0.210149;0.242413;-0.238974;0.240789;-0.239227;0.392897;0.00108806;-0.000276873;-5.84521e-07;0.000667897;6.53382e-05;0.0682608;1;0;0.637837;0;0;1;
61;0.103261;-0.103173;0.103062;-0.103062;0.103062;-0.103064;-0.197217;0.251155;-0.249147;0.250206;-0.249296;0.385556;0.000634894;-0.000162184;-1.24204e-06;0.000389459;3.81721e-05;0.0813248;1;0;0.509647;0;0;1;
62;0.0185305;-0.0184796;0.018414;-0.0184135;0.0184151;-0.0184171;-0.180894;0.243705;-0.251205;0.243018;-0.265919;0.371252;0.000608718;-9.52355e-05;-1.74558e-06;0.00022687;2.23356e-05;0.066859;1;0;0.818508;0;0;1;
63;-0.0808213;0.0808524;-0.0808893;0.0808853;-0.080891;0.0865038;-0.193924;0.226548;-0.210715;0.246387;-0.216841;0.325864;0.000355247;-5.61602e-05;-0.0054123;0.000133144;-0.00964282;0.0742783;1;0;1;0.32981;0.871867;0.798038;
64;-0.168452;0.168471;-0.168492;0.168487;-0.168493;0.17177;-0.178292;0.218809;-0.162575;0.248526;-0.171652;0.276812;0.000208229;-3.32933e-05;-0.0031607;0.012297;-0.00563244;0.043381;0.873361;0;1;0.730965;1;0.487718;
65;-0.228591;0.228602;-0.228614;0.22861;-0.228614;0.23053;-0.138572;0.198053;-0.11435;0.231433;-0.147347;0.23193;0.00188745;-1.99594e-05;-0.00728365;0.0285815;-0.00328977;0.0253369;0.834643;0;1;0.806778;0.880462;0.612863;
66;-0.264677;0.264684;-0.26469;0.264687;-0.264691;0.26581;-0.0964378;0.166303;-0.0483816;0.20273;-0.136692;0.186091;0.00110332;-1.21217e-05;0.0183558;0.0355101;-0.00192181;0.0147991;0.75634;0;1;0.812872;0.602306;0.824236;
67;-0.284208;0.284212;-0.284215;0.284213;-0.284218;0.284873;-0.0818736;0.122676;0.032524;0.16186;-0.105386;0.134237;0.000645324;-7.49708e-06;0.0333996;0.0393926;-0.00112343;0.0109176;0.592629;0;1;0.846194;0.0976382;1;
68;-0.292484;0.292486;-0.292488;0.292487;-0.29249;0.293082;-0.0391578;0.0629877;0.116324;0.0858882;-0.0528934;0.0697427;0.000377658;-4.73351e-06;0.0314727;0.0446309;-0.000656267;0.00637886;0.591213;0;1;1;0;0.571989;
69;-0.295186;0.287524;-0.298282;0.295152;-0.294027;0.314357;0.0292316;-0.0153086;0.191236;-0.0019278;0.0212088;-0.0113655;0.000220527;0.0183647;0.0242907;0.0372887;-0.000383524;0.0203597;0;0.685277;1;0.986454;0;0.829657;
70;-0.282985;0.278511;-0.284795;0.282964;-0.282309;0.300244;0.107457;-0.0993161;0.231648;-0.0915044;0.102771;-0.0970138;0.000128523;0.0124143;0.0141872;0.022144;-0.000224272;0.0305888;0;1;0.460766;0.660077;0;1;
71;-0.259771;0.257161;-0.260829;0.259758;-0.259376;0.269853;0.17086;-0.166096;0.243389;-0.16154;0.168123;-0.164751;7.47943e-05;0.00725191;0.00828639;0.0133684;-0.00013144;0.0260794;0;1;0.506803;0.320643;0;1;
72;-0.225909;0.224388;-0.226528;0.225901;-0.225679;0.231797;0.212105;-0.209313;0.254462;-0.20666;0.210506;-0.208528;4.3363e-05;0.00423536;0.00483908;0.00780919;-7.72866e-05;0.0152346;0;1;0;0.365015;0;1;
73;-0.181356;0.180471;-0.181717;0.18135;-0.181221;0.184796;0.235989;-0.215815;0.260725;-0.232809;0.235056;-0.215362;2.49651e-05;0.00247128;0.00282557;0.00456177;-4.56859e-05;0.00889926;0;1;0;0.408881;0;1;
74;-0.122708;0.122195;-0.122919;0.122705;-0.12263;0.124719;0.248133;-0.210879;0.256321;-0.246276;0.247588;-0.20951;1.41599e-05;-0.00271335;0.00164965;0.00266466;-2.72714e-05;0.00519936;0;1;0;0.410625;0;1;
75;-0.0440344;0.0437381;-0.0441576;0.0440325;-0.0439888;0.0452101;0.248737;-0.204689;0.246966;-0.243884;0.247937;-0.206057;7.83716e-06;-0.00450354;0.000962934;0.00155642;-1.65186e-05;0.00303851;0;1;0;0.44133;0;1;
76;0.0533683;-0.0535376;0.0532963;-0.0533694;0.0533946;-0.0526802;0.232805;-0.187555;0.230675;-0.220839;0.225473;-0.200049;4.1264e-06;-0.00807401;0.000561903;0.000909382;-1.02752e-05;0.00177599;0;1;0;0.515658;0;1;
77;0.146877;-0.146973;0.146835;-0.146877;0.146892;-0.146474;0.226284;-0.156184;0.196135;-0.183993;0.196909;-0.177883;1.98017e-06;-0.010045;0.000327845;0.000531721;-6.6252e-06;0.0010385;0;1;0;0.599208;0;0.899194;
78;0.21475;-0.214803;0.214725;-0.214749;0.214759;-0.214514;0.207209;-0.105184;0.180639;-0.13784;0.189962;-0.145192;6.99653e-07;-0.00989713;0.000191016;0.000311637;-4.44009e-06;0.00352529;0;1;0;0.656722;0;1;
79;0.256687;-0.256716;0.256673;-0.256686;0.256692;-0.256549;0.177466;-0.0450258;0.16195;-0.0840143;0.167394;-0.10216;-1.3067e-09;-0.00578011;0.000111103;0.00683916;-3.1723e-06;0.00457144;0;1;0.0213734;0.667929;0;1;
80;0.280121;-0.280136;0.280113;-0.280119;0.280124;-0.28004;0.136853;-0.0144971;0.127795;0.00385937;0.130971;-0.0455733;-4.32186e-07;-0.0456513;0.00331493;0.0283498;-2.39607e-06;0.00746883;0;1;0.598719;1;0;0.783924;
81;0.291144;-0.291153;0.291141;-0.291142;0.291146;-0.291097;0.0817759;0.0156275;0.0882031;0.0437936;0.0793216;-0.0284697;-2.98161e-07;-0.0266601;0.0255849;0.0177977;0.0338362;0.00436183;0.407645;0.731115;1;0.747133;0.767987;0;
82;0.29277;-0.292815;0.312749;-0.292808;0.308757;-0.292782;0.00804969;0.0488338;0.0118191;0.0652827;0.0210733;0.023081;4.009e-05;-0.0155696;0.0302017;0.0103934;0.0483713;0.00254696;0.483653;0;1;0;1;0;
83;0.284996;-0.285023;0.296666;-0.285019;0.294334;-0.285004;-0.076952;0.110173;-0.074739;0.119779;-0.06933;0.095133;0.000962894;-0.00909285;0.0218507;0.00606934;0.0432098;0.00148708;0.547554;0;1;0;1;0;
84;0.265874;-0.26589;0.272691;-0.265888;0.271329;-0.265879;-0.150065;0.169467;-0.148764;0.175076;-0.1456;0.160683;7.71423e-05;-0.00531048;0.0127638;0.003544;0.0268925;0.00086802;0.642018;0;1;0;1;0;
85;0.235431;-0.235441;0.239413;-0.23544;0.238618;-0.235435;-0.199482;0.210811;-0.198715;0.214087;-0.196696;0.205681;-0.00849434;-0.00310159;0.00745395;0.00206909;0.0157105;0.000506379;0.84724;0;1;0;1;0;
86;0.194338;-0.194344;0.196664;-0.194343;0.1962;-0.19434;-0.228344;0.235496;-0.228428;0.237409;-0.189748;0.2325;-0.0090039;-0.00181174;0.00432305;0.00120777;0.00917788;0.000295223;1;0;0.997928;0;0.87991;0;
87;0.140323;-0.140326;0.141682;-0.140326;0.141411;-0.140324;-0.244291;0.248469;-0.244339;0.249586;-0.189163;0.246719;-0.0052594;-0.00105846;-0.0073802;0.000704685;0.00910875;0.000171711;1;0;1;0;1;0;
88;0.067783;-0.067785;0.0685768;-0.0677849;0.0684183;-0.0677839;-0.248058;0.250687;-0.239993;0.250342;-0.182044;0.249486;-0.00307376;-0.000618549;-0.00882913;0.000410894;0.00819656;9.96456e-05;1;0;1;0;1;0;
89;-0.0257072;0.0257061;-0.0252437;0.0257063;-0.0253359;0.0257068;-0.231169;0.230979;-0.227515;0.237548;-0.162903;0.237901;-0.0116582;-0.000361654;-0.0157082;0.000239297;0.012735;5.75124e-05;1;0;1;0;1;0;
90;-0.123252;0.123251;-0.122981;0.123251;-0.123034;0.123252;-0.205817;0.20479;-0.203337;0.206896;-0.137982;0.203204;-0.015633;-0.0002116;-0.00917612;0.000139126;0.0125782;3.29434e-05;1;0;1;0;0.910001;0;
91;-0.198944;0.198942;-0.198785;0.198942;-0.198815;0.198943;-0.158102;0.169251;-0.162848;0.169102;-0.100398;0.170292;-0.0209884;-0.000123852;-0.00790084;8.0752e-05;0.0203983;1.8609e-05;1;0;1;0;1;0;
92;-0.247329;0.247326;-0.247235;0.247327;-0.247252;0.247327;-0.0997665;0.160776;-0.118211;0.160689;-0.04205;0.161384;-0.0282309;-7.27431e-05;-0.00461468;4.6549e-05;0.0282964;1.03324e-05;1;0;1;0;1;0;
93;-0.278139;0.275123;-0.275071;0.275124;-0.27508;0.275124;-0.0303396;0.134147;-0.0634007;0.134096;0.0237992;0.134502;-0.0134773;-4.27858e-05;-0.00269528;2.66321e-05;0.0423663;5.49782e-06;1;0;0.850138;0;1;0;
94;-0.29088;0.28845;-0.295619;0.28912;-0.289095;0.289121;0.0276138;0.0898603;0.0206019;0.089834;0.0598439;0.0900663;0.0214414;-2.52189e-05;0.00854233;0.0158087;0.0466189;2.76736e-06;1;0;1;0.445756;1;0;
95;-0.294266;0.286822;-0.309113;0.292812;-0.294067;0.293239;0.0469069;0.025027;0.153091;0.0250159;0.139143;0.0251401;0.0125222;0.0164059;0.0235914;0.0231341;0.0272294;1.18572e-06;0;0.736282;1;0.712673;0.747409;0;
96;-0.288823;0.291457;-0.297494;0.30291;-0.288707;0.246986;0.0987157;-0.0566962;0.20929;-0.0567063;0.16081;-0.0566328;0.00731269;0.0201445;0.0137812;0.0140431;0.0159024;0.0105172;0;0.81685;0.886465;0.612325;0.124878;1;
97;-0.272691;0.274231;-0.277755;0.28092;-0.272623;0.227686;0.158497;-0.133948;0.223076;-0.133958;0.19476;-0.133913;0.00427029;0.013739;0.00804983;0.0120326;0.00928637;0.0098233;0;1;0.621485;0.549697;0;1;
98;-0.245087;0.24599;-0.248044;0.249894;-0.245048;0.219171;0.203507;-0.18916;0.241223;-0.189174;0.224684;-0.18914;0.00249345;0.00802672;0.00470175;0.00702914;0.00542266;0.0179052;0;1;0.629122;0.373405;0;1;
