1;-0.000363587;0.000116064;9.94836e-05;-0.000363587;0.000116064;9.94836e-05;0.0349769;0.0347456;0.0352595;0.0349769;0.0347456;0.0352595;0.808667;0.808665;0.808666;0.808667;0.808665;0.808666;0;0;0;0;0;0;
2;-0.0103062;0.00688438;0.00261327;0.00749742;-0.00194687;-0.001915;0.0392537;0.0587296;0.133991;0.0666619;0.12698;0.150822;0.472324;0.472295;0.472336;0.472351;0.472299;0.472315;1;0;0;1;1;1;
3;-0.00489024;0.00576926;0.00262734;0.00837587;-0.00419252;-0.0031913;0.090439;0.111047;0.11127;0.0902163;0.108418;0.114427;0.275856;0.275841;0.275876;0.275867;0.275842;0.275854;1;0.98977;1;1;1;1;
4;-0.00267398;0.00318808;0.00137192;0.00993544;-0.00490475;-0.00162416;0.0973644;0.103659;0.0944012;0.101757;0.101898;0.096324;0.161116;0.161114;0.161131;0.161125;0.161111;0.16112;1;1;1;1;1;1;
5;-0.00131109;0.0016113;-0.000248495;0.00829142;-0.006709;-0.000429161;0.07765;0.078618;0.0688794;0.0793721;0.0771685;0.0689398;0.0941067;0.094108;0.0941143;0.0941136;0.0941044;0.0941089;1;1;1;1;1;1;
6;0.000341814;-0.00016642;0.000898885;0.00373598;-0.00281168;-0.00135808;0.0543412;0.0577186;0.0549998;0.0564236;0.0563935;0.0558579;0.0549695;0.0549698;0.0549725;0.0549738;0.0549679;0.054969;1;1;1;1;1;1;
7;0.00190603;-0.00158118;0.00141195;0.000951633;-0.000445223;-0.00211289;0.0473889;0.0535904;0.0514625;0.053044;0.0538522;0.0580615;0.0276251;0.0248795;0.02439;0.0346998;0.0332229;0.0319798;1;1;1;1;1;1;
8;0.0022528;-0.00222063;0.00155777;-0.000513838;0.000873301;-0.00234578;0.0352381;0.0410079;0.037523;0.042211;0.0396679;0.0443481;0.0161392;0.0145353;0.0154832;0.0202707;0.019409;0.0186823;1;0.949007;1;1;1;1;
9;0.0021014;-0.00183532;0.00144814;-0.000621206;0.00101463;-0.00190843;0.0288737;0.0372049;0.0309575;0.0390847;0.0338918;0.0414805;0.00973654;0.00849234;0.00976442;0.0118421;0.01134;0.0109144;1;0.903241;1;1;1;1;
10;0.000332194;-0.000176918;-4.95215e-05;0.000532391;-0.000302467;-0.000219469;0.0236058;0.0353957;0.0262946;0.0383832;0.0301043;0.0415814;0.00710584;0.00496214;0.00729374;0.00691883;0.00847326;0.00637724;1;0.85016;1;1;1;1;
11;-0.0034516;0.00354199;-0.00367449;0.00395657;-0.00382186;0.00351744;0.0195923;0.0349051;0.0223607;0.0391284;0.0274182;0.0429139;0.00612785;0.00289978;0.00607293;0.00404293;0.00806148;0.00372708;1;0.7881;1;1;1;1;
12;-0.0103147;0.010367;-0.010445;0.0106097;-0.0105303;0.0103531;0.0163672;0.0348496;0.0188669;0.0403997;0.0257951;0.0446386;0.00601789;0.00169495;0.0057012;0.00236298;0.00792787;0.00217919;1;0.732906;1;1;1;1;
13;-0.0214806;0.0215103;-0.0215568;0.0216531;-0.0216054;0.0215027;0.0156356;0.0346853;0.0173916;0.0406952;0.0248616;0.0450597;0.00550399;0.000991306;0.0040608;0.00138169;0.00768191;0.00201408;1;0.707758;1;1;1;1;
14;-0.0380391;0.0380548;-0.0380837;0.0381404;-0.0381109;0.038052;0.0179725;0.0337334;0.0193767;0.0378831;0.0255912;0.042891;0.00520878;0.000580953;0.00268813;0.000808757;0.00601667;0.00325908;1;0.762825;1;1;1;1;
15;-0.0602936;0.0603006;-0.0603196;0.0603533;-0.0603339;0.0603007;0.0271229;0.0310246;0.0285842;0.0289927;0.0288334;0.0347977;0.00422726;0.00440906;0.00157157;0.00220163;0.00351579;0.00649187;1;0.958407;1;1;1;1;
16;-0.0867249;0.0867259;-0.086739;0.0867601;-0.0867471;0.0867287;0.0469691;0.0259443;0.0493621;0.00978706;0.0353738;0.0179905;0.00316006;0.0141472;-0.00158483;0.00650418;0.00205278;0.0126784;0.918155;1;1;1;0.682835;1;
17;-0.11311;0.113107;-0.113117;0.113132;-0.113125;0.113114;0.0603095;0.00886054;0.0617077;-0.0269282;0.053535;-0.0157401;0.00184747;0.0319761;-0.000924985;0.0150091;0.000566319;0.0264814;0.534042;1;1;1;0;1;
18;-0.132796;0.13279;-0.132797;0.132808;-0.132805;0.132796;0.0967855;-0.0148034;0.0976025;-0.0772845;0.0928291;-0.0704263;0.00107856;0.0559019;-0.000576775;0.0163942;0.000330335;0.0289589;0;1;0.47813;1;1;1;
19;-0.138309;0.138305;-0.138309;0.138316;-0.138314;0.138309;0.144306;-0.0551734;0.144781;-0.132911;0.141995;-0.126027;0.000629492;0.0698469;-0.000338126;0.024128;0.000192487;0.0329585;0;1;0;1;0;1;
20;-0.123565;0.123564;-0.123567;0.123569;-0.123568;0.123565;0.186398;-0.0867174;0.186672;-0.179738;0.185049;-0.16979;0.000367189;0.0623823;-0.00264972;0.022759;0.000111961;0.0227192;1;1;0;1;0;1;
21;-0.0843844;0.0843874;-0.0843901;0.0843864;-0.0843863;0.0843848;0.215178;-0.123238;0.215334;-0.209415;0.21439;-0.191009;0.000213963;0.0497054;-0.00154937;0.0241647;6.48903e-05;0.0132723;1;1;0;1;0;1;
22;-0.0173042;0.0173066;-0.0173076;0.0173051;-0.0173053;0.0173047;0.230682;-0.155883;0.230774;-0.215171;0.230222;-0.205659;0.000124532;0.0290375;-0.000905239;0.0141162;3.73528e-05;0.0102473;0;1;0;0.995659;0;1;
23;0.0725459;-0.0725441;0.0725439;-0.0725454;0.0725454;-0.0725455;0.230055;-0.161277;0.230099;-0.202714;0.229832;-0.198679;7.22361e-05;0.0169611;-0.000529142;0.00824455;2.12975e-05;0.00598554;0;1;1;1;0;1;
24;0.159619;-0.159618;0.159618;-0.159619;0.159619;-0.159619;0.223052;-0.142956;0.223078;-0.176168;0.222922;-0.181156;4.17226e-05;0.00990427;-0.000309488;0.00481433;1.18841e-05;0.00349568;0;1;1;1;0;1;
25;0.222485;-0.222486;0.222487;-0.22249;0.222491;-0.222491;0.203506;-0.121868;0.203523;-0.117929;0.20343;-0.153252;-0.00182165;-0.00511503;-0.00017992;-0.0121622;6.43295e-06;-0.0100435;1;1;1;1;0;1;
26;0.26112;-0.261122;0.261123;-0.261126;0.261128;-0.261128;0.173184;-0.0908873;0.173193;-0.0857359;0.173137;-0.133956;-0.0010629;-0.018904;0.000927103;-0.00710186;3.27817e-06;-0.00732473;1;1;1;1;0;1;
27;0.282486;-0.282489;0.282488;-0.282491;0.282492;-0.282493;0.131603;-0.047972;0.131609;-0.0428372;0.131573;-0.10869;0.000492797;-0.022991;0.00269692;-0.0103145;2.08456e-06;-0.00428006;0;1;1;1;0.476422;1;
28;0.29215;-0.292154;0.29215;-0.292154;0.292153;-0.292154;0.0749353;-0.0244018;0.0749401;-0.0201199;0.0749189;-0.0615526;0.00315317;-0.0134297;0.00974469;-0.00602324;0.00526093;-0.00821348;0;1;0;1;1;1;
29;0.28084;-0.309634;0.286347;-0.300687;0.278911;-0.298118;-0.000512311;0.0300297;-0.000512246;0.0325329;-0.0005212;0.00833628;0.0294845;-0.0244088;0.0219807;-0.00531987;0.0516259;-0.0104384;1;0.873964;1;1;1;1;
30;0.258887;-0.293638;0.262433;-0.288412;0.247986;-0.286913;-0.0853623;0.102608;-0.0853576;0.104071;-0.0524258;0.08994;0.0342138;-0.0142557;0.0324656;-0.00310715;0.0774618;-0.00788164;0.991371;0;1;0.549413;1;0.168457;
31;0.248845;-0.269141;0.250916;-0.26609;0.211945;-0.265214;-0.156202;0.166281;-0.156191;0.167135;-0.101927;0.158883;0.0272302;-0.00832576;0.0409284;-0.00181493;0.0745173;-0.00460326;0.950953;0.13161;1;0;1;1;
32;0.223322;-0.235177;0.224533;-0.233395;0.201772;-0.232884;-0.203275;0.209168;-0.203123;0.209667;-0.139984;0.204848;0.0209934;-0.00486267;0.0239095;-0.00106036;0.0526034;-0.00268871;1;0;1;0;1;0;
33;0.184592;-0.191516;0.185299;-0.190475;0.172006;-0.190177;-0.230724;0.234453;-0.217944;0.234745;-0.167694;0.23193;0.0122655;-0.00284027;0.013966;-0.000619734;0.0314256;-0.00157068;1;0;1;0;1;0;
34;0.131036;-0.13508;0.13145;-0.134472;0.123686;-0.134298;-0.239332;0.247642;-0.218559;0.247812;-0.188287;0.246168;0.00716556;-0.00165925;0.00815759;-0.000362422;0.0183569;-0.000917775;1;0;1;0;1;0;
35;0.0574931;-0.0598546;0.0577348;-0.0594996;0.0532008;-0.0593978;-0.237643;0.249563;-0.221459;0.249464;-0.194289;0.249872;0.00418489;-0.000969549;0.00476445;-0.00021216;0.0107209;-0.000536483;1;0;1;0;1;0;
36;-0.0369056;0.0355266;-0.0367642;0.0357338;-0.0394118;0.0357932;-0.223983;0.23022;-0.214874;0.233;-0.188294;0.233237;0.00244259;-0.000566779;0.0027817;-0.000124405;0.00625882;-0.000313818;1;0;1;0;1;0;
37;-0.132784;0.131979;-0.132702;0.1321;-0.134248;0.132135;-0.19486;0.207902;-0.196725;0.205794;-0.162809;0.2036;-0.00887887;-0.000331556;-0.00894689;-7.31338e-05;-0.0100639;-0.00018376;1;0;1;0;1;0;
38;-0.205358;0.204887;-0.20531;0.204958;-0.206214;0.204978;-0.148971;0.199379;-0.165986;0.198148;-0.137977;0.196866;-0.0118628;-0.000194126;-0.00815263;-4.31679e-05;-0.017045;-0.00010777;1;0;1;0;1;0;
39;-0.251152;0.250876;-0.251125;0.250914;-0.25165;0.25093;-0.102382;0.176388;-0.150228;0.17567;-0.102785;0.17492;-0.0139799;-0.000113678;-0.0047629;-2.46484e-05;-0.0236296;-6.33789e-05;1;0.291993;1;1;1;0;
40;-0.277198;0.277034;-0.277182;0.277056;-0.277487;0.277067;-0.0644641;0.140737;-0.125457;0.140318;-0.0557509;0.139879;-0.0123023;0.000435915;-0.00562939;0.00308921;-0.0234745;-3.60072e-05;1;1;1;1;1;1;
41;-0.290018;0.28992;-0.290009;0.289934;-0.290188;0.28994;-0.0456971;0.0902465;-0.0813206;0.0900012;-0.00611686;0.0897439;-0.00718502;0.0112836;-0.00909978;0.00432672;-0.0293977;0.00117702;1;0;1;1;1;0;
42;-0.2932;0.293138;-0.293194;0.286693;-0.310115;0.292159;0.00524479;0.0207759;-0.0155585;0.0206351;0.028359;0.0204819;-0.00794385;0.0104762;-0.0133685;0.0271422;-0.0173747;0.0139822;1;0.0143549;1;0.768092;1;1;
43;-0.287166;0.264097;-0.291001;0.26356;-0.297044;0.273428;0.0783599;-0.0358318;0.0662116;-0.0632384;0.0918568;-0.0633246;-0.00793978;0.0721702;-0.0107203;0.0247695;-0.0112688;0.0232885;0;1;0.913596;0.851674;1;1;
44;-0.27057;0.257115;-0.272318;0.256492;-0.277152;0.262381;0.148356;-0.179665;0.141262;-0.133966;0.156239;-0.13957;-0.00463708;0.535235;-0.00626094;0.0169392;-0.0065815;0.0164457;1;1;0;0.595254;0;1;
45;-0.259807;1.48112;-0.276224;0.265196;-0.244729;0.250463;0.363769;-1.2536;0.338859;-0.257983;0.0636397;-0.209133;0.0560986;-1.2543;-0.0589427;-0.0126901;-0.0244996;-0.0528058;0;0;0;1;0;0;
46;-0.255779;-0.0610678;-0.240685;0.216183;-0.204214;0.207568;0.681575;-1.00743;0.503542;-0.314081;0.149516;-0.228119;0.341586;-1.0034;-0.0122646;-0.0392309;-0.105477;-0.0308529;1;1;0;0;0;0;
47;-0.15874;-0.251775;-0.149912;0.0608173;-0.053829;0.0557858;0.286782;-1.00025;0.182797;-0.0721488;-0.0239365;-0.0219496;0.199533;-1.00017;-0.00234325;-0.0229119;-0.0616136;-0.018019;1;1;1;0;0;0;
48;-0.0865885;-0.195459;-0.081429;0.0293925;-0.0253113;0.0264539;0.18857;-0.705596;0.215473;-0.150852;0.0947484;-0.121529;0.116513;-0.625379;-0.0581169;-0.0133825;-0.0359827;-0.0105248;1;0.247267;0;0;0;0;
49;0.0056742;-0.170375;0.00868126;-0.0390667;0.0414506;-0.0407833;0.210648;-0.525508;0.230147;-0.192238;0.159472;-0.165899;0.068049;-0.365496;-0.0339459;-0.0389103;-0.0210166;-0.0552658;1;1;0;1;0;1;
50;0.105763;-0.201954;0.107521;-0.125269;0.126662;-0.126269;0.218784;-0.402679;0.205524;-0.247522;0.188898;-0.217247;0.0397398;-0.213498;-0.0198251;-0.025353;-0.0122738;-0.0492048;0;1;0;0.788471;0;1;
51;0.186934;-0.243112;0.187961;-0.198327;0.199139;-0.19891;0.210139;-0.317543;0.182;-0.24476;0.187339;-0.227785;0.023207;-0.124707;-0.0115782;-0.0671959;-0.00716816;-0.0359266;0;1;0;1;0;1;
52;0.240081;-0.27289;0.24068;-0.246736;0.247208;-0.247076;0.187962;-0.250696;0.171529;-0.208188;0.174647;-0.198272;0.0135522;-0.0783724;-0.00676204;-0.0486591;-0.00418657;-0.0251434;0;1;0;1;0;1;
53;0.271126;-0.29029;0.271474;-0.275015;0.275289;-0.275213;0.154191;-0.190833;0.144595;-0.166004;0.146415;-0.160215;0.00791433;-0.059689;-0.00394829;-0.028424;-0.00244537;-0.0149596;0.440003;1;1;1;0;1;
54;0.287282;-0.301742;0.287485;-0.289556;0.289715;-0.289672;0.107244;-0.128646;0.10164;-0.11414;0.1027;-0.110762;0.0046239;-0.0547121;-0.00227437;-0.0166046;-0.00142849;-0.0140854;1;1;1;1;0;1;
55;0.293049;-0.32495;0.291691;-0.314713;0.294471;-0.317455;0.0426688;-0.0551711;0.0393968;-0.0466909;0.0400115;-0.0447222;0.0041827;-0.0530184;0.00788669;-0.0126658;-0.000834577;-0.014135;0;1;0;1;0.0353702;1;
56;0.274635;-0.311311;0.277704;-0.302404;0.271769;-0.304004;-0.0392183;0.0319193;-0.0411283;0.0368752;-0.0279135;0.0380257;0.0281063;-0.0475317;0.0217014;-0.0162044;0.0666875;-0.0159318;1;0.240475;1;0.399964;1;1;
57;0.26709;-0.288509;0.268881;-0.283308;0.242503;-0.284243;-0.120242;0.115986;-0.121351;0.11888;-0.0697146;0.119552;0.0245861;-0.0277594;0.0369112;-0.00946438;0.0751779;-0.00930526;0.866833;1;1;0;1;1;
58;0.245257;-0.257768;0.246303;-0.25473;0.230898;-0.255276;-0.1803;0.177821;-0.180941;0.179511;-0.127332;0.179904;0.0223488;-0.0162118;0.0269287;-0.00552784;0.0671483;-0.00543466;1;0;1;1;1;0;
59;0.211153;-0.218461;0.211764;-0.216687;0.202767;-0.217005;-0.217797;0.216355;-0.214849;0.217342;-0.151804;0.217571;0.013057;-0.00946809;0.015731;-0.00322868;0.0439816;-0.00317427;1;0;1;0.587584;1;0;
60;0.164729;-0.168996;0.165085;-0.167961;0.159831;-0.168147;-0.23595;0.238101;-0.215663;0.238677;-0.178657;0.238811;0.00762925;-0.00552982;0.00918891;-0.00188602;0.025693;-0.00185426;1;0;1;0;1;0;
61;0.10203;-0.104522;0.102238;-0.103917;0.0991697;-0.104026;-0.241133;0.248636;-0.219701;0.248973;-0.190451;0.249051;0.00445673;-0.00322993;0.00536765;-0.00110192;0.0150074;-0.00108338;1;0;1;0;1;0;
62;0.0178114;-0.0192669;0.0179332;-0.0189136;0.0161416;-0.0189771;-0.232962;0.244351;-0.217888;0.244809;-0.192358;0.244887;0.00260207;-0.00188681;0.0031348;-0.000644026;0.00876375;-0.000633191;1;0;1;0;1;0;
63;-0.0812423;0.0803924;-0.0811716;0.0805942;-0.0822148;0.080562;-0.207243;0.216628;-0.214058;0.224949;-0.178581;0.224508;-0.00108772;-0.00110245;-0.00185425;-0.000377222;0.00511553;-0.000370277;1;0;1;0.542668;1;0;
64;-0.168698;0.168202;-0.168658;0.168312;-0.169261;0.168301;-0.163042;0.190175;-0.193313;0.217874;-0.153767;0.217617;-0.0139851;-0.000644349;-0.0151483;-0.00022156;-0.00831807;-0.000216726;1;0;1;0.862431;1;0;
65;-0.228735;0.228445;-0.228713;0.228505;-0.229061;0.228503;-0.121096;0.181331;-0.181868;0.197509;-0.121163;0.197357;-0.00816734;-0.000376762;-0.00884864;-0.000129475;-0.0236866;-0.000127056;1;0;1;1;1;0;
66;-0.264761;0.264589;-0.264749;0.264623;-0.264951;0.264626;-0.0833947;0.156539;-0.156852;0.165988;-0.0717255;0.165897;-0.0125552;-0.000219118;-0.00560412;-7.39152e-05;-0.0279495;-7.4642e-05;1;0.954766;1;0;1;0;
67;-0.284257;0.284153;-0.28425;0.284174;-0.284369;0.284178;-0.036587;0.116977;-0.117157;0.122495;-0.015105;0.122439;-0.0134692;0.00772726;-0.012051;0.00268106;-0.0284762;-4.34253e-05;1;1;1;0;1;1;
68;-0.292513;0.29245;-0.292509;0.286814;-0.297256;0.292465;-0.0125198;0.059664;-0.0597659;0.062888;0.0189649;0.0628517;-0.00786348;0.0145748;-0.0106666;0.018964;-0.0166344;0.00115492;1;0;1;0.728035;1;1;
69;-0.298882;0.270963;-0.294774;0.2794;-0.306964;0.285121;0.0447892;-0.0114786;0.0171993;-0.0153634;0.0631733;-0.015387;-0.00459297;0.0661424;-0.00981059;0.025804;-0.0203102;0.0198765;0.626297;1;1;1;0.964136;1;
70;-0.285143;0.247394;-0.282745;0.27155;-0.289863;0.275635;0.116542;-0.0614187;0.100429;-0.0993505;0.127278;-0.0993583;-0.00268268;0.0760878;-0.00632118;0.0295181;-0.0118615;0.0344039;0;1;0;0.586745;0;1;
71;-0.261031;0.238984;-0.259631;0.253091;-0.263788;0.255478;0.176165;-0.115432;0.166754;-0.166119;0.182435;-0.166116;-0.00156704;0.0635847;-0.00369258;0.0261144;-0.00692756;0.0318816;1;1;0;0.563446;0;1;
72;-0.226645;0.213769;-0.225827;0.222007;-0.228255;0.223401;0.215203;-0.153577;0.209707;-0.209331;0.218865;-0.209198;-0.0009156;0.0426442;-0.00215702;0.0152567;-0.00404614;0.0186247;0;1;1;0.812668;0;1;
73;-0.181785;0.174264;-0.181308;0.179076;-0.182725;0.17989;0.237799;-0.180618;0.234589;-0.234365;0.239937;-0.223258;-0.000535195;0.0249121;-0.00126017;0.0089134;-0.00236343;0.0108789;0;1;0;0.893305;0;1;
74;-0.122959;0.118566;-0.12268;0.121376;-0.123508;0.121852;0.24919;-0.195348;0.247315;-0.242858;0.250439;-0.220825;-0.000313063;0.014551;-0.000736447;0.00520694;-0.00138078;0.00635376;0;1;0;0.881088;0;1;
75;-0.0441802;0.0416157;-0.0440174;0.0432563;-0.0445008;0.0435343;0.247254;-0.196281;0.247767;-0.237549;0.248172;-0.221227;-0.000183315;0.00849689;-0.00043058;0.0030405;-0.000806924;0.00371061;0;1;0;0.940449;0;1;
76;0.053283;-0.0547822;0.053378;-0.0538187;0.0530812;-0.0536559;0.229719;-0.180207;0.229683;-0.234062;0.2351;-0.199634;-0.000107553;0.00495989;-0.00025197;-0.00677977;-0.000470962;0.00216664;0;1;0;0.993388;1;1;
77;0.146827;-0.147703;0.146882;-0.147138;0.146701;-0.147043;0.211284;-0.152906;0.203574;-0.222251;0.227625;-0.179714;-6.3184e-05;-0.00527659;-0.00014739;-0.00824064;-0.000274912;-0.00252778;0;1;0.483458;1;1;1;
78;0.214721;-0.21523;0.214746;-0.2149;0.21464;-0.214845;0.198448;-0.120393;0.193946;-0.204851;0.207993;-0.158782;-3.74592e-05;-0.0180751;-8.58111e-05;-0.00518087;-0.000159629;-0.00829168;0;1;1;1;1;1;
79;0.256668;-0.256966;0.256682;-0.256773;0.256618;-0.256742;0.172351;-0.08611;0.169723;-0.176088;0.177927;-0.14451;-2.13865e-05;-0.0210771;0.000409502;-0.00704075;-9.12608e-05;-0.00484395;1;1;1;1;1;1;
80;0.280109;-0.280283;0.280116;-0.280171;0.280077;-0.280154;0.133868;-0.0439964;0.132334;-0.136047;0.137126;-0.117606;0.000520056;-0.0216481;0.0035002;-0.00672565;0.00527689;-0.00326034;1;1;0;1;0;1;
81;0.291135;-0.29124;0.29114;-0.291174;0.291115;-0.291164;0.0800354;-0.0169568;0.0791383;-0.0813034;0.0819392;-0.0705346;0.00410936;-0.015059;0.00204558;-0.00675413;0.0124036;-0.00405291;0;1;0;1;0;1;
82;0.285901;-0.311693;0.286718;-0.304878;0.279052;-0.301992;0.00703626;0.0298052;0.00651325;-0.00777045;0.00814978;-0.00148198;0.0145107;-0.0236399;0.0188029;-0.0103839;0.0316127;-0.00704338;1;0.964084;1;1;0.356129;1;
83;0.268002;-0.296048;0.272559;-0.292068;0.258704;-0.290383;-0.0775386;0.0990594;-0.0778387;0.0771164;-0.049527;0.0807894;0.0272394;-0.0138067;0.0272591;-0.00815459;0.0741579;-0.00558436;1;0;1;0;1;1;
84;0.255949;-0.272329;0.25861;-0.270005;0.250519;-0.26902;-0.150401;0.162976;-0.15057;0.150159;-0.0994394;0.152307;0.0269381;-0.00806354;0.0300968;-0.00476412;0.0644959;-0.00326163;0.955886;0.306797;1;0;1;0.65953;
85;0.229634;-0.239201;0.231189;-0.237844;0.226462;-0.237269;-0.199671;0.207021;-0.199765;0.199535;-0.148383;0.20079;0.0169622;-0.00470952;0.0175828;-0.00278302;0.0501183;-0.00190522;1;0;1;1;1;0;
86;0.190952;-0.19654;0.19186;-0.195747;0.189099;-0.195411;-0.228985;0.233282;-0.223538;0.22891;-0.176956;0.229643;0.00990968;-0.00275082;0.0102709;-0.00162574;0.029278;-0.00111312;1;0;1;0.00789216;1;0;
87;0.138346;-0.141609;0.138876;-0.141146;0.137263;-0.14095;-0.241994;0.247176;-0.223895;0.244623;-0.192458;0.245051;0.00578941;-0.001607;0.00599854;-0.000949932;0.0171019;-0.000650569;1;0;1;0;1;0;
88;0.0666282;-0.0685339;0.0669385;-0.0682638;0.0659964;-0.0681492;-0.240213;0.250218;-0.222396;0.250978;-0.197771;0.251023;0.00338109;-0.000939039;0.00350312;-0.000555256;0.00998727;-0.000380437;1;0;1;0;1;0;
89;-0.0263818;0.0252688;-0.0262003;0.0254251;-0.0267497;0.0254936;-0.225897;0.232387;-0.21801;0.234812;-0.191155;0.235303;0.00197312;-0.000548965;0.00204493;-0.000324857;0.0058301;-0.000222669;1;0;1;0.10527;1;0;
90;-0.123646;0.122996;-0.12354;0.123078;-0.123854;0.123127;-0.187089;0.208897;-0.206895;0.21883;-0.173629;0.206509;-0.0104214;-0.000321134;-0.0124165;-0.000190389;-0.0115978;-0.000130544;1;0;1;1;1;0;
91;-0.199173;0.198793;-0.199112;0.198834;-0.19929;0.19887;-0.145886;0.201613;-0.187018;0.207413;-0.151008;0.200218;-0.00608659;-0.00018801;-0.0100658;-0.000112217;-0.0209414;-7.67298e-05;1;0;1;1;1;0;
92;-0.247462;0.24724;-0.247427;0.247259;-0.247528;0.247285;-0.10464;0.179675;-0.171152;0.183065;-0.109562;0.178861;-0.0108163;-0.000110302;-0.00588097;-6.4644e-05;-0.0288827;-4.52546e-05;1;0;1;0;1;0;
93;-0.275203;0.27507;-0.275183;0.275081;-0.275242;0.275099;-0.0638619;0.145186;-0.140207;0.147167;-0.0545157;0.144708;-0.0151578;0.000150047;-0.00768187;0.0028589;-0.0285789;-2.68467e-05;1;1;1;0;1;0;
94;-0.289168;0.289087;-0.289156;0.288388;-0.289192;0.289106;-0.042553;0.0963084;-0.0933998;0.0974666;0.0156926;0.0960267;-0.00885327;0.00414464;-0.015037;0.00833409;-0.0266293;-1.58338e-05;1;1;1;0.338032;1;0.363822;
95;-0.295281;0.29124;-0.293259;0.287541;-0.309904;0.293152;0.00261061;0.0287911;-0.0270867;0.0294706;0.0366228;0.0286249;-0.00516965;0.0185328;-0.0101421;0.0220584;-0.0155556;0.0147054;1;0;1;0.941577;1;1;
96;-0.289416;0.263904;-0.28858;0.266357;-0.297957;0.274272;0.072847;-0.0323092;0.0555056;-0.0541027;0.0927088;-0.0545948;-0.00450338;0.0688859;-0.00875024;0.028345;-0.00908556;0.0266704;0;1;1;0.921219;0;1;
97;-0.273038;0.236043;-0.272549;0.259306;-0.278025;0.263998;0.143388;-0.0836665;0.133262;-0.132436;0.154988;-0.132715;-0.00263132;0.0721102;-0.00511051;0.0275768;-0.00717307;0.0375668;1;1;0;0.581439;1;1;
98;-0.245289;0.223682;-0.245004;0.237268;-0.248202;0.240009;0.194683;-0.137903;0.188769;-0.188281;0.201457;-0.188438;-0.00270645;0.05765;-0.00298495;0.019308;-0.0041895;0.0239983;0;1;1;0.768623;1;1;
