1;-0.000363587;0.000116064;9.94835e-05;-0.000363588;0.000116064;9.94835e-05;0.034977;0.0347457;0.0352595;0.0349769;0.0347456;0.0352595;0.808667;0.808665;0.808666;0.808667;0.808665;0.808666;0;0;0;0;0;0;
2;0.00307109;0.0185414;0.0130681;-0.0167277;-0.00863888;-0.00164866;0.0918463;0.093204;0.132681;0.0957815;0.0917974;0.139227;0.472313;0.47231;0.472316;0.472314;0.47231;0.472313;1;1;0;1;1;0.0869765;
3;0.00819588;0.00960745;0.0111465;-0.0178747;-0.0268031;-0.0107522;0.157142;0.156207;0.23235;0.149282;0.17615;0.231863;0.275854;0.275865;0.275879;0.275855;0.275861;0.276215;1;1;0;1;1;0;
4;0.0127552;0.00767854;0.00930287;-0.00405773;-0.0187171;-0.00277547;0.193472;0.173823;0.247392;0.188146;0.189402;0.230526;0.1698;0.21705;0.275946;0.161135;0.227168;0.25169;1;1;0;1;1;0;
5;0.026356;0.0216247;0.0241605;-0.00692654;-0.0232211;-0.00427821;0.117287;0.129903;0.156345;0.113166;0.119739;0.169429;0.0991846;0.126788;0.174733;0.0941189;0.157482;0.18073;1;1;0;1;1;0;
6;0.0309229;0.0140987;0.0140436;0.00112365;-0.0181614;0.00138583;0.0974602;0.122062;0.132122;0.0820813;0.106972;0.158512;0.0848016;0.0951695;0.118733;0.0549773;0.111385;0.130897;1;1;1;1;1;0;
7;0.0486874;0.00816961;0.0111002;-0.0192171;-0.0451084;-0.0228497;0.0895482;0.104679;0.10339;0.0722225;0.0857946;0.11765;0.101323;0.0624787;0.0811008;0.0334899;0.0893782;0.0967657;1;1;1;1;1;0;
8;0.0377073;0.00438837;0.0123599;-0.0135614;-0.0455044;-0.0224629;0.0727944;0.0777745;0.0759595;0.0645906;0.0738682;0.10508;0.0715312;0.0452696;0.0582469;0.0195644;0.0744706;0.0720526;1;1;1;1;1;0;
9;0.0272583;7.74198e-05;0.00915536;-0.00845717;-0.0314508;-0.00800453;0.0594887;0.0689886;0.0766598;0.0485282;0.0660615;0.0961967;0.0501845;0.0293934;0.0607971;0.0114294;0.0616262;0.0707426;1;1;1;1;1;0.082717;
10;0.0257094;-0.000564457;0.00588562;-0.0040436;-0.0291606;-0.00456595;0.0518965;0.0638028;0.0702466;0.0513552;0.0661134;0.0969933;0.0553334;0.0197567;0.0585485;0.00667773;0.0531743;0.0642045;1;1;1;1;1;0.398896;
11;0.0228409;0.00331557;0.00224684;0.00128412;-0.0298757;-0.00414821;0.0489942;0.0618256;0.0666325;0.0535231;0.0629514;0.0940782;0.0580249;0.0149013;0.0552006;0.00497573;0.0498028;0.0620414;1;1;1;1;1;0.610617;
12;0.0156383;0.0102342;-0.00531371;0.00904868;-0.0323074;-0.00521344;0.051049;0.0637211;0.0661622;0.0549393;0.0593246;0.09244;0.0579023;0.0110654;0.0503277;0.00498166;0.0500505;0.0637868;1;1;1;1;1;0.689796;
13;0.00431547;0.0214319;-0.0165908;0.020741;-0.0337187;-0.00548286;0.0513496;0.0631933;0.0630166;0.0574464;0.059242;0.0923566;0.0630687;0.0099714;0.046811;0.00482862;0.0474035;0.0651295;1;1;1;1;1;0.741284;
14;-0.0127759;0.0380081;-0.0349532;0.0376067;-0.0378219;-0.00226452;0.0541828;0.0612038;0.0574244;0.0564867;0.0573075;0.0846349;0.0686691;0.0113135;0.0403294;0.00576751;0.0461167;0.0569783;1;1;1;1;1;0.877048;
15;-0.0326232;0.0602712;-0.0584928;0.059366;-0.051389;0.0367508;0.062825;0.051988;0.0465971;0.0548502;0.0601699;0.0552709;0.0533843;0.0134365;0.02356;0.0119424;0.051564;0.0350394;1;1;1;1;1;1;
16;-0.0686509;0.0580021;-0.0852069;0.0861812;-0.0683133;0.0670144;0.0740972;0.0473359;0.0615465;0.0304708;0.0549913;0.0415495;0.0355915;0.0331295;0.0137616;0.021759;0.0301193;0.0304148;1;1;1;1;1;1;
17;-0.102553;0.0899207;-0.108619;0.113123;-0.10236;0.0990426;0.0987672;0.0444984;0.0978279;-0.00423475;0.0649917;0.00278627;0.0207879;0.0746247;0.00803832;0.0378268;0.017589;0.0421156;1;1;0.858162;1;1;1;
18;-0.12663;0.119095;-0.13017;0.137647;-0.126518;0.121286;0.119246;0.0388323;0.118699;-0.0554256;0.0995197;-0.0563406;0.0121405;0.129089;0.00469628;0.0637064;0.0102715;0.0429559;1;1;0.67701;1;0;1;
19;-0.134709;0.126959;-0.136776;0.156504;-0.134643;0.123849;0.157423;0.0309747;0.157103;-0.103952;0.145902;-0.101229;0.00708955;0.168475;0.00274226;0.0783596;0.00599811;0.0504637;1;1;0.187471;1;0;1;
20;-0.121463;0.0986138;-0.12267;0.13419;-0.121424;0.0931684;0.194058;0.0150033;0.193872;-0.120653;0.187331;-0.12228;0.00413989;0.185874;0.00160103;0.0867821;0.00350236;0.0618075;0;1;0;1;0;1;
21;-0.0831564;0.0698095;-0.0838621;0.0905938;-0.083134;0.0596465;0.219651;0.0133081;0.219541;-0.128978;0.215722;-0.147249;0.00241721;0.181345;-0.00358935;0.0923387;0.00204483;0.0522166;0;1;0;1;0;1;
22;-0.0165871;0.00879211;-0.017001;0.0209363;-0.016574;0.00285315;0.233294;-0.00643649;0.231492;-0.115723;0.231;-0.155943;0.00141112;0.17247;-0.00569663;0.09239;0.00119365;0.0457686;0;1;1;1;0;1;
23;0.0729594;-0.0775153;0.072723;-0.070418;0.0729724;-0.0809872;0.221418;-0.0145036;0.230504;-0.0919521;0.228566;-0.166841;0.000823581;0.143591;-0.00332717;0.101515;0.000696487;0.0329929;0.872495;1;0;1;0;1;
24;0.149312;-0.161721;0.159723;-0.158367;0.159869;-0.164552;0.188803;-0.0067357;0.223315;-0.0633523;0.220548;-0.161791;-0.00063931;0.127337;-0.00194349;0.0984976;0.000406178;0.0192734;0;1;0;1;0;1;
25;0.213324;-0.223714;0.222551;-0.221748;0.222637;-0.225373;0.156903;0.00175292;0.20366;-0.0362209;0.202044;-0.13352;-0.0160691;0.116774;-0.00113542;0.0980136;0.000236668;0.0112564;1;1;0;1;0;1;
26;0.254229;-0.261837;0.261163;-0.260133;0.261213;-0.26281;0.148248;0.013706;0.173271;0.00082817;0.172328;-0.0930807;-0.0155283;0.0915701;-0.000663531;0.0919763;0.000137736;-0.0105656;1;1;0;1;0;1;
27;0.278152;-0.282909;0.282513;-0.273846;0.277595;-0.275002;0.117048;0.026796;0.131651;0.035501;0.131102;-0.0659985;0.0122387;0.0600094;-0.000387886;0.072898;0.0178365;-0.0179847;1;1;0;1;0.696738;1;
28;0.274295;-0.294301;0.285607;-0.284263;0.27328;-0.283891;0.079165;0.0481744;0.0749625;0.0681484;0.0746479;-0.0366189;0.0367472;0.0350495;0.018274;0.0425794;0.072423;-0.0236322;1;1;0.662869;1;1;1;
29;0.256319;-0.313522;0.258407;-0.289408;0.253215;-0.282242;0.00264661;0.0724146;-0.000495123;0.0889619;0.0397634;0.0228997;0.05673;0.0204682;0.0558907;0.0248702;0.126878;-0.0161965;1;0.935872;1;1;1;1;
30;0.235171;-0.295907;0.231436;-0.281825;0.233917;-0.26681;-0.0835118;0.127361;-0.0780319;0.137025;0.0301034;0.0984439;0.0743052;0.011953;0.0776674;0.0145238;0.176163;-0.0139836;1;0;1;1;1;1;
31;0.20116;-0.270466;0.184669;-0.262243;0.195453;-0.253475;-0.148925;0.180737;-0.111618;0.186381;0.0141716;0.16385;0.0753236;0.00698013;0.0855075;0.00848153;0.183995;-0.00816654;1;0;1;0.358034;1;0.59407;
32;0.159112;-0.235951;0.137054;-0.231148;0.156052;-0.226028;-0.168808;0.21761;-0.105602;0.220906;-0.0216745;0.207749;0.0624874;0.00407584;0.105032;0.00495266;0.165044;-0.00476938;1;0;1;0;1;0;
33;0.111973;-0.191968;0.0931436;-0.189163;0.145787;-0.186173;-0.193836;0.239383;-0.116512;0.241308;-0.0256048;0.233625;0.0571809;0.00237968;0.0959603;0.00289187;0.158168;-0.00278562;1;0;1;0;1;0;
34;0.0886252;-0.135344;0.0737326;-0.133706;0.108377;-0.13196;-0.190265;0.250521;-0.112971;0.251645;-0.0289119;0.247158;0.0398819;0.00138911;0.106648;0.00168838;0.146849;-0.00162726;1;0;1;0;1;0;
35;0.0327209;-0.0600089;0.0240281;-0.0590524;0.0442682;-0.058034;-0.198733;0.24638;-0.106795;0.249289;-0.034911;0.247711;0.0303865;0.000810671;0.108725;0.000985526;0.137398;-0.000951086;1;0;1;0;1;0;
36;-0.0513873;0.0354364;-0.0564345;0.0359948;-0.0414412;0.0365823;-0.186396;0.232868;-0.100447;0.231506;-0.0369178;0.236661;0.0219916;0.00047282;0.0948608;0.000575067;0.125593;-0.000555842;1;0;1;0;1;0;
37;-0.141256;0.131926;-0.144174;0.132252;-0.13542;0.132595;-0.160391;0.203113;-0.0955653;0.209982;-0.0343907;0.229911;0.0217825;0.000275539;0.0851324;0.000335365;0.106356;-0.000325066;1;0;1;0;1;1;
38;-0.210318;0.204856;-0.211996;0.205047;-0.206883;0.205247;-0.123922;0.172175;-0.0710758;0.200593;-0.0261272;0.212232;0.0271987;0.000160546;0.0780387;0.000195461;0.0825838;-0.000190227;1;0;1;0;1;0.508196;
39;-0.254055;0.250859;-0.255025;0.25097;-0.252033;0.251087;-0.0796366;0.1605;-0.049547;0.177097;-0.00937143;0.183894;0.0158854;9.31599e-05;0.0720392;0.000113693;0.0518673;-0.000111506;1;0;1;0;1;0.121636;
40;-0.278891;0.265845;-0.27946;0.277091;-0.277707;0.270221;-0.0231552;0.131457;-0.0301971;0.14115;0.00136141;0.145121;0.0118819;0.0100422;0.042079;0.00508404;0.0302949;0.0344151;1;0.845698;1;0.317562;1;0.736193;
41;-0.290094;0.276268;-0.291338;0.274407;-0.290316;0.262809;0.0303361;0.0848314;0.0310546;0.0904908;0.0375092;0.0928101;-0.0122798;0.072854;0.0245742;0.0378513;0.0176916;0.0477325;1;1;1;0.75415;1;1;
42;-0.301895;0.252171;-0.30665;0.27516;-0.309285;0.251571;0.100483;0.0646795;0.116984;0.0209279;0.0543142;0.0235564;-0.00717133;0.119894;0.0143504;0.0560637;0.00753676;0.0735503;1;1;1;1;1;1;
43;-0.292244;0.23771;-0.295022;0.253264;-0.296559;0.226418;0.133982;0.0375718;0.143621;-0.051506;0.107016;-0.0456309;-0.00296202;0.168852;0.0147319;0.0995674;0.00440103;0.0855512;0.864588;1;1;1;0;1;
44;-0.273044;0.190858;-0.274667;0.22193;-0.275563;0.197776;0.18084;0.019426;0.186471;-0.119104;0.165092;-0.117892;-0.0017302;0.191627;0.00860417;0.098474;0.00256983;0.0839883;0;1;1;1;0;1;
45;-0.243232;0.145904;-0.24418;0.188223;-0.244704;0.16512;0.216945;0.00743957;0.220233;-0.139091;0.207747;-0.124591;-0.00101086;0.189347;0.00502439;0.0977742;0.0015002;0.0826573;1;1;0.437342;1;0;1;
46;-0.203319;0.104982;-0.203872;0.17044;-0.204178;0.141804;0.239177;-0.00171574;0.241097;-0.144356;0.233806;-0.121875;-0.000590804;0.187813;0.00293374;0.0919579;0.000875584;0.0856339;1;1;0;1;0;1;
47;-0.151458;0.0938679;-0.151781;0.132258;-0.15196;0.115529;0.250962;-0.00340913;0.252083;-0.14108;0.247825;-0.13692;-0.000345517;0.1797;0.00171278;0.0914815;0.000510742;0.0733627;1;1;0;1;0;1;
48;-0.0823305;0.0486966;-0.0825193;0.0711196;-0.0826238;0.0613457;0.250813;-0.0109375;0.252762;-0.133724;0.250913;-0.135781;-0.000202261;0.166961;0.000999777;0.0899374;0.000297672;0.0689248;1;1;0;1;0;1;
49;0.00814171;-0.0277832;0.0080431;-0.0146967;0.00798218;-0.0204102;0.243591;-0.0114355;0.235126;-0.125873;0.237036;-0.140362;-0.00011811;0.158578;0.000583347;0.0822182;0.000173258;0.0596484;1;1;0;1;0;1;
50;0.107204;-0.118672;0.107152;-0.111032;0.107116;-0.114374;0.237618;-0.0107547;0.218457;-0.103895;0.211941;-0.128017;0.00193864;0.13779;0.000340185;0.083344;0.000100613;0.0636294;1;1;0;1;0;1;
51;0.187772;-0.194466;0.187746;-0.190001;0.187725;-0.191967;0.221139;-0.00154337;0.209947;-0.0666041;0.178794;-0.102574;0.00639337;0.119891;0.00019826;0.0735478;5.81944e-05;0.0556159;1;1;0;1;0;1;
52;0.22456;-0.22488;0.240555;-0.236457;0.240542;-0.243026;0.194387;0.0141355;0.18785;-0.0313635;0.169657;-0.0815797;-2.00321e-05;0.0923645;0.000115364;0.0737944;3.35056e-05;0.0405288;0;1;0;1;0;1;
53;0.23294;-0.24306;0.271404;-0.262408;0.271397;-0.272848;0.157944;0.0250369;0.154125;0.00519855;0.143501;-0.0561916;-0.0066727;0.0654435;6.69632e-05;0.068385;1.91115e-05;0.0236723;0.0629967;1;0;1;0;1;
54;0.263183;-0.270156;0.282106;-0.275979;0.277605;-0.288289;0.109438;0.0415891;0.107204;0.0474309;0.101;-0.00549528;0.0204316;0.0382253;0.0132604;0.0434858;0.0187352;0.0138222;1;1;0.573426;1;1;1;
55;0.271065;-0.283464;0.281775;-0.278661;0.271379;-0.292497;0.0439605;0.0632916;0.0426525;0.0957252;0.0628653;0.0625715;0.0477051;0.0223225;0.0556029;0.0254;0.0789694;0.00145627;1;0.854844;1;1;1;1;
56;0.259956;-0.289341;0.257268;-0.281347;0.240119;-0.291583;-0.0384559;0.101105;-0.0392165;0.120049;0.0350021;0.100692;0.0680794;0.0130357;0.066336;0.0148346;0.142201;0.0138646;1;1;1;1;1;1;
57;0.237424;-0.275679;0.220809;-0.271011;0.190503;-0.27699;-0.119787;0.15639;-0.120229;0.167454;0.0224932;0.15615;0.0828941;0.00761238;0.0568943;0.008663;0.178018;0.00809718;1;0;1;1;1;0.138164;
58;0.193094;-0.250275;0.167972;-0.247548;0.163705;-0.25104;-0.149355;0.201417;-0.144283;0.207878;-0.00594043;0.201277;0.0810471;0.00444515;0.062351;0.00505861;0.175365;0.00472821;1;0;1;0;1;0.902735;
59;0.180654;-0.214085;0.151348;-0.212493;0.123106;-0.214532;-0.163837;0.230135;-0.1461;0.233908;-0.0478867;0.230053;0.0721376;0.0025954;0.0644309;0.00295375;0.135413;0.00276075;1;0;1;0;1;0;
60;0.146916;-0.166441;0.129802;-0.165511;0.108913;-0.166702;-0.174141;0.246148;-0.178057;0.248352;-0.0737104;0.246101;0.0572972;0.0015151;0.042412;0.00172451;0.113674;0.00161183;1;0;1;0;1;0;
61;0.0916269;-0.10303;0.0816298;-0.102487;0.0694319;-0.103182;-0.192134;0.253336;-0.171318;0.254623;-0.091486;0.253308;0.0444745;0.000884268;0.0364745;0.00100654;0.0930005;0.000940783;1;0;1;0;1;0;
62;0.0117353;-0.0183955;0.00589995;-0.0180784;-0.00122439;-0.0184846;-0.187725;0.241058;-0.17503;0.24311;-0.0967769;0.24254;0.0289893;0.000515754;0.0348435;0.000587432;0.0739376;0.000548924;1;0;1;0;1;0;
63;-0.0847916;0.0809016;-0.0881978;0.0810866;-0.0923591;0.0808494;-0.169839;0.220835;-0.170466;0.220608;-0.0937655;0.222718;0.020398;0.000300659;0.0256863;0.000342541;0.0642054;0.000320089;1;0;1;0;1;0;
64;-0.170771;0.1685;-0.17276;0.168608;-0.17519;0.168469;-0.141689;0.185577;-0.151788;0.210597;-0.0856646;0.213784;0.0180539;0.000175144;0.0193304;0.000199654;0.0484879;0.000186503;1;0;1;0;1;0;
65;-0.229945;0.228619;-0.231108;0.228682;-0.232527;0.228601;-0.109141;0.178646;-0.132135;0.193257;-0.0686819;0.195118;0.010546;0.000101689;0.0112913;0.000116149;0.028322;0.000108473;1;0;1;0;1;0;
66;-0.265314;0.255088;-0.266146;0.26473;-0.266978;0.264683;-0.0787776;0.15497;-0.101432;0.163503;-0.0269765;0.16459;0.00615766;0.000801664;0.00659329;6.74208e-05;0.0165416;6.29372e-05;1;0.415595;1;0;1;0;
67;-0.283888;0.236551;-0.285067;0.28102;-0.285551;0.284212;-0.0332656;0.11606;-0.0839072;0.121043;0.0136845;0.121675;-0.0250835;0.0285428;0.00155557;0.00493606;0.00966129;3.63233e-05;1;1;1;1;1;0;
68;-0.292297;0.236577;-0.289199;0.281389;-0.293269;0.290187;-0.0022146;0.0591338;-0.0403451;0.0620443;0.0475869;0.0624102;-0.0146505;0.0978403;-0.0166347;0.0521627;-0.0135925;0.0415519;1;0;1;1;1;1;
69;-0.298096;0.216895;-0.288744;0.252545;-0.302092;0.269908;0.0508077;0.0496623;0.0285396;-0.00254504;0.0798887;-0.0156364;-0.0107112;0.130113;-0.00971737;0.0939103;-0.0114294;0.0688864;1;0;1;1;0.506541;1;
70;-0.285999;0.212655;-0.275805;0.233756;-0.287018;0.224106;0.120051;0.0471909;0.10705;-0.0918578;0.13704;-0.0994979;-0.0533227;0.149303;-0.0196823;0.0718246;-0.00667523;0.0643602;0;0;1;1;0;1;
71;-0.261532;0.178904;-0.255578;0.198478;-0.262126;0.189825;0.178214;-0.0124399;0.170621;-0.126959;0.188136;-0.122634;-0.0311414;0.160537;-0.0114951;0.0988914;-0.0038986;0.0904228;1;0.0119665;0;1;0;1;
72;-0.226937;0.143395;-0.22346;0.151878;-0.227284;0.133698;0.2164;-0.0424693;0.211965;-0.169012;0.222194;-0.122019;-0.0181868;0.143182;-0.00671344;0.078622;-0.00227737;0.0856829;0;0.387934;0;1;0;1;
73;-0.181956;0.133893;-0.179925;0.135943;-0.182158;0.120282;0.238497;-0.0452762;0.235908;-0.165067;0.241881;-0.130252;-0.0106215;0.128878;-0.00392103;0.0696279;-0.00133051;0.0855449;0;0.555275;0;1;0;1;
74;-0.123058;0.0949934;-0.121873;0.0961883;-0.123177;0.0870343;0.249598;-0.0580278;0.248086;-0.189051;0.251574;-0.12147;-0.00620341;0.118154;-0.00229043;0.0470532;-0.000777505;0.0836907;0;0.740551;0;1;0;1;
75;-0.0442387;0.0278547;-0.0435462;0.0285455;-0.0443079;0.0232007;0.248596;-0.0659602;0.24649;-0.182356;0.246024;-0.136539;-0.0036232;0.10205;-0.00133812;0.0427971;-0.000454686;0.0665682;0;0.935901;0;1;0;1;
76;0.0532494;-0.0628112;0.0536537;-0.0624128;0.0532091;-0.0655364;0.229057;-0.071815;0.229281;-0.163293;0.229069;-0.139321;-0.00211646;0.0806246;-0.000781917;0.0383087;-0.000266081;0.0604355;0;1;0;1;0;1;
77;0.146808;-0.152384;0.147044;-0.152155;0.146784;-0.153984;0.201294;-0.0658967;0.198861;-0.142459;0.197166;-0.118478;-0.00123631;0.0680856;-0.000457137;0.0293453;-0.000155917;0.0562435;0;1;0;1;0;1;
78;0.21471;-0.217959;0.214848;-0.21783;0.214696;-0.218902;0.192614;-0.0479258;0.191194;-0.114511;0.190204;-0.0962469;-0.000722579;0.0494241;-0.000267438;0.017142;-9.1556e-05;0.0485541;0;1;0;1;0;1;
79;0.256664;-0.252176;0.226574;-0.258482;0.256656;-0.259115;0.168943;-0.0495491;0.168114;-0.0688028;0.167535;-0.0666683;-0.000422439;0.0288675;0.000240412;0.017521;-5.39413e-05;0.0399281;0;1;0.379957;1;0;1;
80;0.280109;-0.277483;0.244098;-0.281167;0.280104;-0.281538;0.131876;-0.0165698;0.131395;-0.0288593;0.131053;-0.0445107;-0.0149348;0.0168576;0.0238235;0.010234;-3.19529e-05;0.0233186;1;1;1;1;0;1;
81;0.291297;-0.289603;0.252627;-0.290539;0.287782;-0.290765;0.0788694;0.0249961;0.0785959;0.0526634;0.0783908;0.0200792;-0.0139493;-0.0214563;0.0327477;-0.0129238;0.0361884;0.0136166;0.605061;1;0;1;1;1;
82;0.28133;-0.303344;0.248533;-0.293147;0.280316;-0.291928;0.00636045;0.0543064;0.0062027;0.0704672;0.0279312;0.0514396;0.0527987;-0.0125339;0.0715676;-0.00754633;0.0995195;0.00795297;1;0.763963;1;1;1;1;
83;0.251638;-0.291171;0.219828;-0.285216;0.254558;-0.284504;-0.0779281;0.113369;-0.0755337;0.122807;0.0220048;0.111699;0.0592876;-0.00732025;0.0748199;-0.00440751;0.147064;0.00680669;1;1;1;1;1;1;
84;0.216533;-0.269481;0.17978;-0.266003;0.227101;-0.265588;-0.14945;0.171333;-0.12249;0.176845;0.00348356;0.170358;0.0741021;-0.00427542;0.0598944;-0.00257435;0.19013;0.00397488;1;0;1;0;1;1;
85;0.196983;-0.237538;0.147417;-0.235507;0.210604;-0.235264;-0.179362;0.211901;-0.12473;0.21512;-0.0130231;0.211331;0.0516135;-0.0024973;0.0798718;-0.00150391;0.177416;0.00232083;1;0;1;0;1;0;
86;0.171881;-0.195569;0.112614;-0.194382;0.179843;-0.194241;-0.206984;0.236132;-0.116293;0.238012;-0.0284403;0.235799;0.03674;-0.00145898;0.0939653;-0.000878704;0.160745;0.00135492;1;0;1;0;1;0;
87;0.127206;-0.141042;0.0742944;-0.140349;0.131866;-0.140266;-0.22187;0.24884;-0.105995;0.249938;-0.0371144;0.248646;0.0216368;-0.000852604;0.0980404;-0.00051364;0.144787;0.000790807;1;0;1;0;1;0;
88;0.060124;-0.0682027;0.0292143;-0.0677984;0.0628562;-0.0677502;-0.229454;0.250821;-0.092973;0.250689;-0.0430196;0.249827;0.012639;-0.000498492;0.105389;-0.000300451;0.128907;0.000461317;1;0;1;0;1;0;
89;-0.0301842;0.0254622;-0.048232;0.025698;-0.0285697;0.0257262;-0.218235;0.232041;-0.0864274;0.235484;-0.0514565;0.233202;0.00738228;-0.000291702;0.113048;-0.000175924;0.117412;0.000268936;1;0;1;0;1;0;
90;-0.125867;0.123109;-0.136409;0.123246;-0.124907;0.123263;-0.198926;0.208658;-0.0658587;0.208014;-0.0419077;0.207101;0.0043104;-0.00017091;0.103873;-0.000103245;0.102432;0.000156581;1;0;1;0;1;0;
91;-0.20047;0.198859;-0.206629;0.198939;-0.199893;0.198949;-0.161793;0.201256;-0.046218;0.201097;-0.0244885;0.200564;-0.0101134;-0.000100349;0.103726;-6.07267e-05;0.0880201;9.09989e-05;1;0;1;0;1;0;
92;-0.248218;0.247278;-0.251818;0.247325;-0.247453;0.24733;-0.118138;0.179467;-0.0198693;0.179374;-0.00568623;0.179063;-0.0123744;-5.91072e-05;0.0921433;-3.59275e-05;0.0684168;5.26834e-05;1;0;1;0;1;0;
93;-0.275643;0.262534;-0.277748;0.275122;-0.252853;0.272716;-0.0682596;0.145064;-0.00153616;0.145009;0.0170965;0.144827;-0.0174473;0.00255833;0.0620495;0.012175;0.0431138;0.00286897;1;0.61269;1;0.640753;1;1;
94;-0.289422;0.247132;-0.290652;0.289119;-0.260083;0.279372;0.01138;0.0962415;0.0419177;0.0962088;0.00622339;0.0961071;-0.0241916;0.0600652;0.0432909;0.0351201;0.0251801;0.0347743;1;1;1;1;1;1;
95;-0.294235;0.223483;-0.299467;0.295618;-0.277897;0.276432;0.0937303;0.0604408;0.0918258;0.0287415;0.0247307;0.0458968;-0.0155378;0.10453;0.025283;0.0791048;-0.0323918;0.0600095;1;1;1;0.275711;1;1;
96;-0.28931;0.210923;-0.292036;0.262922;-0.285795;0.247323;0.126065;0.0321285;0.124952;-0.0404791;0.0857628;-0.0230703;-0.00907356;0.145492;0.0148476;0.116176;-0.0370985;0.0870792;1;1;0.706022;0.298429;0;1;
97;-0.272975;0.182816;-0.274568;0.230157;-0.270922;0.220176;0.174471;0.0302376;0.173819;-0.0966849;0.150932;-0.0886527;-0.00529805;0.192054;0.0102896;0.129983;-0.0216662;0.0887383;0.641935;1;0.489828;0.115915;0;1;
98;-0.245252;0.142679;-0.246183;0.19645;-0.244054;0.179925;0.212835;0.0247432;0.212455;-0.115377;0.199089;-0.115192;-0.00309448;0.190503;0.00600856;0.127847;-0.0126535;0.0893958;0;1;0;0.445721;0;1;
