1;-0.00036359;0.000116065;9.94843e-05;-0.00036359;0.000116065;9.94845e-05;0.0349769;0.0347455;0.0352594;0.0349769;0.0347456;0.0352595;0.808667;0.808665;0.808666;0.808667;0.808665;0.808666;0;0;0;0;0;0;
2;-0.00168863;-0.0140656;-0.0085403;0.0171551;0.018926;0.0158172;0.0938449;0.0813662;0.0974494;0.132285;0.156472;0.122981;0.472323;0.47231;0.472305;0.472342;0.472321;0.472303;1;1;0.251187;0.357184;1;1;
3;-0.0308453;-0.0437347;-0.0300207;0.0266443;0.0312682;0.0220414;0.210142;0.1662;0.252641;0.196561;0.239125;0.24325;0.275881;0.275876;0.298218;0.275883;0.321888;0.275864;1;0.70595;0.229719;0.431157;1;0.717695;
4;0.0270129;-0.0786768;-0.0872655;-0.0423621;0.191151;0.0801303;0.358372;0.283458;0.478016;0.0256533;1.17874;-0.0375102;0.189864;0.161165;0.192689;0.161309;-1.10481;0.1612;1;0.568801;1;1;0;0;
5;-0.416576;-0.292554;0.712297;0.548052;0.102216;-0.375391;0.893556;0.953669;0.95108;-1.02528;1.47014;-0.762829;1.16011;0.856793;1.40197;1.05154;-0.578553;0.198085;0;0;0;0;1;0;
6;-0.454548;-0.172314;0.418638;0.324306;-0.413405;-0.21714;0.724106;0.558859;0.557041;-0.59308;0.810744;-0.44804;0.75833;0.512829;0.77462;0.618245;-0.301298;0.116534;1;0;0;0;0;0;
7;-0.463872;-0.234323;0.305774;0.192349;-0.244393;-0.124538;0.429282;0.325073;0.31911;-0.347305;0.475256;-0.263268;0.443183;0.29981;0.453647;0.360696;-0.176396;0.0681496;0;0;1;0;0;0;
8;-0.27025;-0.138211;0.179923;0.111375;-0.141763;-0.122235;0.248359;0.191972;0.184104;-0.200482;0.275243;-0.151482;0.258708;0.175009;0.264988;0.210555;-0.103003;0.0398007;0;0;0;0;0;0;
9;-0.157562;-0.0813888;0.105762;0.0646168;-0.186458;0.207888;0.141421;0.115575;0.103932;-0.113484;0.194768;-0.0554458;0.151002;0.102148;0.154692;0.122914;-0.084946;0.0310299;0;0;0;0;1;1;
10;-0.0930089;-0.0466857;0.0609339;-0.383511;-0.138198;0.0698038;0.0774187;0.0725959;0.0555464;-0.138698;0.108642;0.0680859;0.0881486;0.0596325;0.0903148;-0.229653;0.244903;0.127792;0;0;0;1;0;0;
11;-0.05541;-0.0262505;0.0345767;-0.231453;-0.0734978;0.0335239;0.0520588;0.0355274;0.0392933;-0.10214;0.0702988;0.0329226;0.0514675;0.0348194;0.0527358;-0.147475;0.143349;0.0746591;0;0;0;0;0;0;
12;-0.594479;-0.132404;0.0299242;-0.151835;-0.0263661;0.00301037;0.0734527;-0.0381051;0.0310545;-0.0679935;0.0493968;0.0108685;0.0392283;-0.197687;0.0307937;-0.0861177;0.0837067;0.0435898;0;0;0;0;0;0;
13;-0.351765;0.123451;0.0130653;-0.119595;0.0155054;-0.0291465;0.0829154;-0.097982;0.0349356;-0.0485367;0.0376763;-0.00248781;0.0334579;-0.115508;0.0179829;-0.0502898;0.0488826;0.0254542;1;1;0;0;0;0;
14;-0.212779;0.118683;0.000355635;-0.117578;0.0600376;-0.068004;0.0793662;-0.0642911;0.0274583;-0.0354021;0.0290595;-0.00850535;0.0381254;-0.0674729;0.0105033;-0.029372;0.0285513;0.0148672;0.331332;0;0;0;0;0;
15;-0.162342;0.16455;-0.0209097;-0.00895036;0.0640267;-0.0234742;0.0581584;-0.00134659;-0.0774148;0.155228;0.192925;-0.0289261;0.0595903;-0.0563563;-0.133626;-0.281898;-0.258845;0.00534064;1;0.616024;1;0;0;1;
16;-0.155162;0.154524;-0.063673;0.0387753;-0.00224078;0.0188675;0.0772024;-0.00443596;-0.033774;0.0901926;0.124097;0.0268159;0.0377553;-0.03291;-0.0780486;-0.164622;-0.151244;-0.074443;1;0.399548;1;0.701405;0;1;
17;-0.159098;0.152174;-0.0996432;0.0851056;-0.0637739;0.0557516;0.103677;-0.0130692;0.0131455;0.0198006;0.105348;-0.0172064;0.0264534;-0.0192175;-0.0456337;-0.0961351;-0.0883257;-0.0208739;1;1;0.812355;1;0;1;
18;-0.157178;0.153738;-0.124931;0.116443;-0.0989713;0.0982652;0.122113;-0.0465386;0.069241;-0.0499972;0.119806;-0.0639181;0.0176;0.0310256;-0.0266517;-0.05614;-0.051582;0.043483;1;1;0;1;0;1;
19;-0.152548;0.156936;-0.133716;0.128759;-0.117315;0.11749;0.159097;-0.0697733;0.12822;-0.116978;0.157748;-0.125096;0.0102779;0.0619194;-0.0155649;-0.0327834;-0.0301248;0.0453935;1;1;0;1;1;1;
20;-0.131881;0.134445;-0.120883;0.117986;-0.111305;0.0868139;0.195036;-0.0956802;0.177004;-0.170435;0.194248;-0.152284;0.00600178;0.0695136;-0.00909023;-0.0191423;-0.0175932;0.0376641;0;1;0;0.835031;1;1;
21;-0.0892406;0.0907419;-0.082818;0.0811267;-0.0772243;0.0629174;0.220222;-0.117555;0.209692;-0.205853;0.219762;-0.159877;0.00350453;0.0626036;-0.0053091;-0.0111775;-0.0102748;0.043223;0;1;1;0.928198;1;1;
22;-0.0201402;0.0210294;-0.0164018;0.0154014;-0.0131253;0.00476732;0.233628;-0.108598;0.209738;-0.225234;0.233359;-0.158859;0.00204613;0.0392305;-0.00310205;-0.00579542;-0.00600174;0.0320479;0;1;1;0.700143;1;1;
23;0.0708896;-0.0703593;0.0669784;-0.073657;0.0732099;-0.0798626;0.223338;-0.14513;0.215596;-0.200231;0.221109;-0.162744;0.00119444;0.0288631;0.00544917;0.00889066;-0.00350569;0.0272139;0;1;1;0.626004;1;1;
24;0.158652;-0.158339;0.156366;-0.160261;0.159984;-0.163883;0.200819;-0.137007;0.201657;-0.197424;0.182475;-0.152819;0.000697067;0.0168577;0.00318234;0.00519117;-0.0259946;0.0236461;0;1;1;0.712862;0;1;
25;0.221925;-0.210637;0.187858;-0.222858;0.182041;-0.224974;0.190523;-0.106363;0.19044;-0.162391;0.196478;-0.140165;0.000406682;0.00984117;0.0103976;0.00179351;-0.0145835;0.0138105;0;1;1;0.84046;0;1;
26;0.260798;-0.243873;0.189386;-0.261334;0.188337;-0.260344;0.165599;-0.057939;0.166118;-0.149174;0.176637;-0.108541;0.000236991;-0.0110456;0.0063644;-0.00825699;0.00428673;0.00806525;0;1;0;0.844972;0;1;
27;0.2823;-0.254769;0.205096;-0.281526;0.208116;-0.257172;0.127171;-0.0158993;0.12748;-0.118071;0.165946;-0.0938511;0.000138021;-0.0183184;0.0291489;-0.0260182;0.0262564;0.00243037;0;1;0;0.310518;0;1;
28;0.293544;-0.261567;0.220242;-0.273027;0.224142;-0.27254;0.0723466;-0.0183528;0.083846;-0.072411;0.0950043;-0.05289;0.0173428;-0.0111779;0.0404541;-0.046692;0.105216;-0.017626;0.958739;1;0;0.466222;1;1;
29;0.298004;-0.263372;0.225897;-0.28072;0.213863;-0.277013;-0.00202109;0.00966806;0.0483017;0.00198487;0.0516877;0.00738592;0.0864277;-0.0222711;0.0791731;-0.103223;0.161765;-0.0866915;1;1;0;0.468461;0;1;
30;0.290735;-0.270703;0.23053;-0.285898;0.19997;-0.279129;-0.0599382;0.0226838;0.0188476;0.0862159;0.0222653;0.0695854;0.105089;-0.0242056;0.0932215;-0.133481;0.221126;-0.140645;1;0.38755;0;0.460564;0;1;
31;0.275413;-0.281921;0.226511;-0.293185;0.203543;-0.260668;-0.116685;0.0881806;-0.0354999;0.156266;0.0444493;0.146981;0.0814021;-0.0352386;0.112028;-0.0845179;0.16758;-0.0922598;1;0;0;0.0761228;1;1;
32;0.238844;-0.242641;0.208347;-0.274349;0.216725;-0.230228;-0.161704;0.163557;-0.105343;0.185093;-0.0120721;0.197896;0.0846178;-0.0205804;0.0987177;-0.049369;0.130333;-0.0550436;1;0;0;0;1;1;
33;0.193667;-0.195881;0.172893;-0.214401;0.180744;-0.188626;-0.17482;0.207813;-0.166175;0.208625;-0.0731423;0.22787;0.059536;-0.0453649;0.0576684;-0.0288385;0.109183;-0.0321458;1;1;0.0823814;0;1;0;
34;0.136341;-0.13763;0.124198;-0.148445;0.128789;-0.133392;-0.208991;0.232083;-0.200481;0.232558;-0.105869;0.243797;0.0359822;-0.0264944;0.0338694;-0.0168417;0.0853541;-0.0187735;1;1;1;0;1;0;
35;0.0605996;-0.0613448;0.0534915;-0.0676598;0.0561811;-0.058869;-0.208364;0.243267;-0.188863;0.243545;-0.139092;0.250108;0.0210199;-0.0154727;0.0197835;-0.00983585;0.0504963;-0.010964;1;0.753058;1;0.251073;1;0;
36;-0.035086;0.0346561;-0.0392472;0.0309635;-0.0376673;0.0361022;-0.199978;0.236485;-0.198554;0.235553;-0.142306;0.231726;0.0122802;-0.00903649;0.0115552;-0.00574447;0.0294986;-0.00640344;1;0;1;1;1;0;
37;-0.13172;0.131471;-0.134153;0.129313;-0.133229;0.132315;-0.179335;0.220312;-0.177327;0.229562;-0.142698;0.204412;0.00717342;-0.00527771;0.00818673;-0.00335534;0.0172293;-0.00374003;1;0;1;1;1;0;
38;-0.204734;0.20459;-0.206157;0.20332;-0.205609;0.205083;-0.143155;0.206626;-0.146385;0.212028;-0.127624;0.197341;0.00418949;-0.00308272;0.0032746;-0.0229786;0.0100613;-0.0021846;1;0;1;1;1;0;
39;-0.250786;0.250703;-0.251612;0.219193;-0.226574;0.250991;-0.11143;0.18062;-0.12332;0.183774;-0.101282;0.175197;-0.00121694;-0.00180082;-0.0150142;-0.0349141;-0.00413834;-0.00127622;1;0;1;0;1;0;
40;-0.276983;0.276936;-0.263597;0.223335;-0.224773;0.276689;-0.0938051;0.143206;-0.109745;0.145047;-0.0598658;0.14004;-0.000711032;-0.00105211;-0.0211538;-0.0262617;-0.0161412;0.0104082;1;0;1;0;1;0.539712;
41;-0.286446;0.289866;-0.281399;0.223888;-0.227688;0.29313;-0.0628338;0.0916839;-0.0721439;0.0927641;-0.0416088;0.0898459;-0.0120068;-0.000614854;-0.0160239;-0.00769051;-0.00942919;0.0646393;1;0;1;0;1;1;
42;-0.290849;0.252614;-0.280979;0.250912;-0.24946;0.294108;-0.00476228;0.0216195;-0.0102026;0.0222501;0.00762093;0.0355983;-0.0145997;0.0667793;-0.0294327;0.0370232;-0.0309056;0.0555362;1;1;1;0.983878;1;1;
43;-0.288003;0.230652;-0.264678;0.257765;-0.26942;0.307949;0.0725147;-0.00819921;0.069336;-0.0579622;0.0319468;-0.00958688;-0.0114186;0.128954;-0.0215571;0.0492483;-0.0331729;0.0612763;1;1;0.846122;1;1;1;
44;-0.270567;0.229938;-0.248806;0.222697;-0.262072;0.272281;0.144943;-0.0293173;0.143087;-0.136431;0.115337;-0.098035;-0.00666879;0.136708;-0.0199479;0.0485815;0.0175253;0.099766;0;1;0.634101;0.629318;0;1;
45;-0.241786;0.217902;-0.229501;0.186141;-0.236825;0.242783;0.195981;-0.0299901;0.194895;-0.182979;0.178691;-0.131344;-0.00389491;0.152162;-0.0116501;0.0627539;0.0102345;0.0651361;0;1;0.693652;0.63421;0;1;
46;-0.202474;0.192337;-0.225323;0.159751;-0.199577;0.20306;0.226934;-0.022303;0.218689;-0.206058;0.216837;-0.146013;-0.00227508;0.138137;-0.00680636;0.0556963;0.00597646;0.0403996;0;1;0.828619;0.564085;1;1;
47;-0.150965;0.155967;-0.180788;0.126008;-0.149273;0.151314;0.243812;-0.0596599;0.210848;-0.22295;0.237915;-0.151832;-0.00132906;0.116202;-0.0250182;0.0450006;0.0034897;0.0471512;0;1;0;0.806131;1;1;
48;-0.0820428;0.0849718;-0.0994595;0.0674647;-0.0810548;0.0822522;0.250811;-0.120045;0.231866;-0.211424;0.247674;-0.149684;-0.000776729;0.0678816;-0.0146112;0.0262874;0.00203744;0.0573961;0;1;0;0.966264;1;1;
49;0.00832138;-0.00660795;-0.00185062;-0.0168351;0.00889142;-0.00819604;0.239181;-0.127294;0.239561;-0.214218;0.236464;-0.175138;-0.000454013;0.0443035;-0.00853294;0.0153562;-0.00809189;0.039135;0;1;0;1;1;1;
50;0.107314;-0.106307;0.101367;-0.112287;0.104808;-0.107231;0.214873;-0.138659;0.235404;-0.188687;0.210446;-0.150998;-0.000265669;0.0258789;-0.00498221;0.00897034;-0.00843785;0.0358606;0;1;0;0.962789;1;1;
51;0.187841;-0.187248;0.184362;-0.190731;0.179304;-0.187786;0.207854;-0.113111;0.219845;-0.171602;0.17687;-0.153072;-0.000155577;0.0151145;-0.00290932;0.0052398;-0.0212788;0.0209474;0;1;0;1;1;1;
52;0.24061;-0.240255;0.218964;-0.190665;0.171215;-0.240573;0.186628;-0.102695;0.193635;-0.137988;0.194974;-0.138072;-9.13305e-05;0.0088252;0.0172998;0.00306094;-0.0133994;0.0122329;0;1;0;1;1;1;
53;0.271436;-0.271223;0.241732;-0.227031;0.196422;-0.271408;0.153412;-0.0752393;0.173639;-0.125009;0.182176;-0.125057;-5.37476e-05;-0.0126637;0.0363894;0.00178659;0.0196648;0.00714301;0;1;0;0.896972;1;1;
54;0.287464;-0.287338;0.244203;-0.23059;0.201918;-0.27547;0.106786;-0.0611346;0.145519;-0.0902;0.131991;-0.0902316;-3.17838e-05;-0.0117057;0.0580864;-0.0119837;0.0398858;-0.0208586;0;1;0;0.96118;0;1;
55;0.288118;-0.290196;0.236805;-0.217256;0.222254;-0.286152;0.0424025;-0.0157432;0.0908618;-0.0327228;0.105217;-0.0327333;0.0296395;-0.0227472;0.0879545;-0.0430212;0.0730561;-0.012182;1;0.0078328;0;0.857684;0;0;
56;0.252779;-0.291986;0.211733;-0.223968;0.206641;-0.278845;-0.0393657;0.0549477;-0.0110644;0.0450223;0.0862045;0.0450267;0.0743255;-0.0251009;0.0794551;-0.0260008;0.145866;-0.00711473;1;0;0;0;0;0;
57;0.238283;-0.275054;0.197649;-0.24146;0.210688;-0.268974;-0.120314;0.128511;-0.103792;0.123628;0.0178156;0.123641;0.0796056;-0.0224522;0.106339;-0.0401853;0.181907;-0.00415531;1;1;0.150777;0;0;0;
58;0.198601;-0.24991;0.177857;-0.233113;0.180513;-0.24636;-0.170455;0.185136;-0.127882;0.182283;-0.0327129;0.182292;0.0621598;-0.0131123;0.07091;-0.0257867;0.144379;-0.00242732;1;0;1;0.445111;0;0;
59;0.183905;-0.213872;0.151308;-0.204063;0.144508;-0.211798;-0.186914;0.220627;-0.154764;0.218961;-0.0955465;0.218966;0.0542395;-0.00765803;0.0651154;-0.0150597;0.0868234;-0.00141794;1;0;1;0;0;0;
60;0.148816;-0.166317;0.129779;-0.160588;0.100984;-0.165105;-0.197433;0.240596;-0.197475;0.239623;-0.143209;0.239626;0.0444694;-0.00447286;0.038035;-0.00879524;0.0581641;-0.00082849;1;0;1;0;0;0;
61;0.0927376;-0.102957;0.0816219;-0.0996117;0.0648008;-0.10225;-0.222082;0.250093;-0.224478;0.248917;-0.181717;0.248605;0.0259751;-0.00261257;0.0222099;-0.00513692;0.0536743;-0.000484394;1;0;1;0;0;0;
62;0.012385;-0.0183531;0.00589395;-0.0163991;-0.00393079;-0.0179399;-0.22106;0.24212;-0.229567;0.242338;-0.191265;0.242404;0.0151706;-0.00152624;0.0129687;-0.00300046;0.0384608;-0.000283425;1;0;1;0;0;0;
63;-0.0844114;0.0809261;-0.0882017;0.0820673;-0.0939403;0.0811675;-0.206091;0.217986;-0.221715;0.223904;-0.176975;0.225152;0.00885909;-0.000891822;-0.00291793;-0.00175276;0.0224591;-0.000166035;1;0;1;0;0.930852;0;
64;-0.170546;0.168513;-0.172765;0.169177;-0.176107;0.161435;-0.143771;0.18912;-0.194667;0.180186;-0.160786;0.199927;0.0190341;-0.000521256;-0.0188745;-0.0087379;0.0103656;0.0121485;1;0;1;1;1;1;
65;-0.226604;0.228627;-0.231116;0.222346;-0.205846;0.185964;-0.0898867;0.180715;-0.179533;0.127871;-0.139934;0.189905;0.035446;-0.000305003;-0.0110261;-0.0293654;-0.0304935;0.0189612;1;0;1;0;1;1;
66;-0.26351;0.264698;-0.266155;0.233775;-0.214559;0.186874;-0.0520226;0.156178;-0.155489;0.0900984;-0.136538;0.17015;0.0207036;-0.000178556;-0.0110766;-0.0171523;-0.0500992;0.0383134;1;0;1;0;1;1;
67;-0.283525;0.284221;-0.28507;0.239778;-0.242873;0.196288;-0.020245;0.116763;-0.116361;0.0713416;-0.105297;0.124928;0.0120911;-0.000104701;-0.00958915;-0.0111491;-0.0928448;0.053913;1;0;1;0;1;1;
68;-0.292085;0.293569;-0.292986;0.245623;-0.264074;0.213587;0.000503521;0.0595347;-0.0593018;0.0330155;-0.0665889;0.0643127;0.0070607;0.0100315;-0.0163478;0.0283983;-0.129755;0.0891773;1;0.289448;1;0.692771;1;0;
69;-0.298203;0.312613;-0.283947;0.243761;-0.293958;0.223899;0.0523916;-0.0131744;0.0174631;-0.0210508;-0.0263753;0.00121751;-0.0169914;0.08208;-0.0278817;0.0570834;-0.133587;0.116782;1;1;1;1;1;0.44748;
70;-0.284747;0.302538;-0.276059;0.208628;-0.313083;0.237925;0.120982;-0.0321524;0.100556;-0.0889933;-0.0136061;-0.0406275;-0.0099232;0.0907944;-0.0837727;0.0745933;-0.115949;0.0973283;0;1;0.820309;1;1;1;
71;-0.280987;-0.122865;-0.301056;0.397522;-0.112154;0.328016;0.520905;-1.05945;0.307733;-0.231202;-0.252098;-0.131729;0.298802;-1.0163;-0.0758999;-0.0317769;-0.38654;0.0814417;1;0.708776;1;1;0;0;
72;-0.199262;0.196258;-0.197016;0.0838009;0.0786215;0.043174;0.341813;-1.00174;0.0680057;-0.0227176;-0.230573;0.0353891;0.295493;-0.9997;0.186035;-0.081012;-0.225769;0.0475635;1;1;1;0;0;0;
73;-0.140824;0.187775;-0.118048;-0.0300062;0.0942945;-0.0736406;0.194097;-0.626101;-0.0359954;0.0988617;-0.198337;0.132783;0.188176;-0.748521;0.152504;-0.0559043;-0.131871;0.0277764;1;1;1;0;1;0;
74;-0.0848092;0.1121;-0.0713404;-0.0259107;0.172835;-0.0811722;0.00309014;0.00626056;-0.059898;0.175949;-0.221465;0.187862;0.160882;-1.1542;0.154698;-0.0967887;-0.0935118;0.0162209;1;1;1;1;1;0;
75;-0.0219012;0.0378317;-0.014043;-0.0422791;0.0747081;-0.0589782;0.108796;-0.231431;0.0720168;-0.00423299;-0.052692;0.00273504;0.0939563;-0.674126;0.0903373;0.166589;-0.237949;0.218102;0;0.899193;0;0;1;0;
76;0.0662945;-0.0569884;0.070867;-0.0956174;0.112399;-0.111073;0.164517;-0.318431;0.143031;-0.0997417;0.0603384;-0.0921858;0.0548695;-0.393737;0.0527562;0.132272;-0.152208;0.127396;0;1;0;0;0;1;
77;0.154426;-0.148988;0.157092;-0.171541;0.101121;-0.176302;0.186405;-0.284289;0.173855;-0.147754;0.124737;-0.14176;0.0320431;-0.22998;0.0308092;0.077247;-0.0888991;0.0744052;0;1;0;1;0;1;
78;0.219159;-0.215981;0.178185;-0.229151;0.188024;-0.231933;0.167616;-0.241091;0.194784;-0.159852;0.1459;-0.157954;0.0187125;-0.13433;0.022395;0.0451104;-0.0519182;0.0434467;0;1;0;0.971768;0;1;
79;0.259262;-0.257403;0.226136;-0.263739;0.217309;-0.258674;0.154344;-0.197255;0.170212;-0.151277;0.0922537;-0.145387;0.0109275;-0.0784629;0.0193644;0.0263384;-0.0303245;0.0253697;0;1;0;1;0;1;
80;0.281625;-0.280539;0.233;-0.277571;0.251791;-0.279692;0.12335;-0.148412;0.132624;-0.121557;0.0880881;-0.118119;0.00638115;-0.0458363;0.0469225;0.0142592;-0.0177096;0.0148136;0;1;0;1;0;1;
81;0.292023;-0.288098;0.249132;-0.251357;0.252015;-0.277239;0.0738888;-0.0885275;0.0793154;-0.0728469;0.0585586;-0.0708356;0.00372618;-0.049732;0.0393438;-0.0226207;-0.0103401;0.00864944;0;1;0;0.402066;0;0.960502;
82;0.296811;-0.25056;0.259876;-0.253343;0.223932;-0.290464;0.00344726;-0.015979;0.00798944;-0.00724467;0.0115889;-0.0066528;0.0492611;-0.0694139;0.0489574;-0.0749574;0.0102063;-0.0732269;1;1;1;0;0;0;
83;0.285924;-0.243642;0.262663;-0.256701;0.209606;-0.292487;-0.0796269;0.0184396;-0.0474924;0.0774102;-0.0118324;0.0709012;0.0479821;-0.0606319;0.0534093;-0.0959776;0.0688778;-0.104931;1;1;1;0;0;0;
84;0.266417;-0.244007;0.255818;-0.248324;0.227702;-0.281717;-0.151628;0.104955;-0.126382;0.150328;-0.112016;0.146527;0.030728;-0.0448442;0.0311965;-0.0648635;0.0550804;-0.0612843;0.0569629;1;1;1;0.0281118;1;
85;0.23575;-0.222661;0.229556;-0.250039;0.213139;-0.244684;-0.200388;0.173137;-0.18564;0.199631;-0.11473;0.197415;0.0309874;-0.0261895;0.0237017;-0.039272;0.0641753;-0.0357904;1;0;1;1;0.187651;1;
86;0.194525;-0.186881;0.190908;-0.211668;0.181327;-0.200106;-0.226731;0.213494;-0.220302;0.228963;-0.136285;0.227675;0.0196148;-0.015295;0.0138402;-0.0335425;0.0607989;0.00145295;1;0;1;1;1;1;
87;0.140435;-0.135968;0.138318;-0.150444;0.132727;-0.143694;-0.221422;0.23562;-0.205106;0.244653;-0.169931;0.243901;0.0166921;-0.00893271;0.00946315;-0.0195891;0.0355164;0.000847914;1;0;1;0.621404;1;1;
88;0.0678494;-0.0652398;0.0666109;-0.0736934;0.0633512;-0.0697564;-0.219931;0.24572;-0.213481;0.250996;-0.170712;0.244646;0.00975238;-0.00521718;0.00552737;-0.0114404;0.0207471;0.000494277;1;0;1;0;1;1;
89;-0.0256694;0.0271921;-0.0263923;0.0222485;-0.0282767;0.0245428;-0.187943;0.235478;-0.21778;0.237853;-0.153185;0.211662;0.0219994;-0.00304735;0.00288605;-0.0066819;0.0126201;-0.0163284;1;0;1;0.308189;1;0;
90;-0.123228;0.124118;-0.123651;0.121222;-0.124741;0.122566;-0.149256;0.20709;-0.211029;0.210064;-0.155735;0.205647;0.0366456;-0.00178023;-0.0117976;-0.00390391;0.00771249;-0.00953665;1;0;1;0.929615;1;0;
91;-0.198917;0.199448;-0.199181;0.190987;-0.199798;0.198539;-0.114068;0.199572;-0.206217;0.182155;-0.138682;0.199715;0.0437191;-0.00104013;-0.0390864;-0.0202766;0.00592647;-0.00164157;1;0;1;1;1;1;
92;-0.247303;0.247622;-0.247463;0.238991;-0.247818;0.23589;-0.0755553;0.178483;-0.182368;0.168312;-0.128012;0.195101;0.0501758;-0.000607892;-0.0431495;-0.052117;-0.00378459;0.0415829;1;0;1;1;1;1;
93;-0.273001;0.275296;-0.26895;0.246524;-0.275407;0.237919;-0.0406395;0.144488;-0.146758;0.138548;-0.115362;0.173693;0.0362577;-0.000355429;-0.0324949;-0.0449546;-0.00589239;0.0707598;1;0;1;1;0.369939;1;
94;-0.269832;0.289221;-0.273963;0.249358;-0.284413;0.255561;0.020808;0.0958981;-0.0972197;0.0924304;-0.078921;0.124461;0.0211766;-0.000207866;-0.0202081;-0.0523419;-0.0117812;0.0840656;1;0;1;0.0366787;0;1;
95;-0.281768;0.279863;-0.27332;0.234631;-0.291195;0.265802;0.046447;0.0313546;-0.029313;0.0470817;-0.0195839;0.0772193;0.0123688;0.100497;-0.0123217;-0.0305589;-0.0123944;0.129513;1;1;1;0;0;0;
96;-0.282071;0.270567;-0.257517;0.21035;-0.290049;0.267538;0.0984472;-0.00125195;0.0542035;-0.0321687;0.0598688;0.0453208;0.00722305;0.146191;-0.0248264;0.0660892;-0.0161715;0.183102;0;1;1;0;0;0;
97;-0.268748;0.235983;-0.258214;0.19928;-0.273407;0.260074;0.15834;0.0148975;0.132506;-0.118253;0.135808;-0.0225111;0.00421791;0.193562;-0.0133443;0.101424;-0.0251296;0.1678;0;1;1;0;0;0;
