1;-0.000363588;0.000116064;9.94837e-05;-0.000363588;0.000116064;9.94837e-05;0.0349769;0.0347456;0.0352594;0.0349769;0.0347456;0.0352595;0.808667;0.808665;0.808666;0.808667;0.808665;0.808666;0;0;0;0;0;0;
2;-0.00454548;-0.00742687;0.00495869;0.00643237;0.0060128;0.00542704;0.101406;0.0975021;0.0743142;0.0612864;0.0840908;0.0830715;0.472317;0.472299;0.472298;0.472306;0.472314;0.472312;1;0.923159;0;0;0;0;
3;-0.00675468;-0.00993725;0.00186728;0.000239974;-0.00613234;0.00118727;0.112158;0.104564;0.0718455;0.112496;0.0990174;0.0702908;0.275857;0.275843;0.27583;0.275848;0.275853;0.275849;1;0.891106;0.905916;1;1;1;
4;-0.00330965;-0.0064382;0.0035719;0.00150702;-0.00311064;0.000873048;0.0809566;0.0923081;0.0911778;0.0801189;0.0878289;0.090506;0.161119;0.161112;0.161098;0.161115;0.161115;0.161109;1;0.980922;1;0.737036;1;1;
5;-0.00105642;-0.00463612;0.00340365;0.00144455;-0.000940665;2.10544e-05;0.0661339;0.0689882;0.0690368;0.0670734;0.069215;0.0700678;0.0941066;0.0941032;0.0940952;0.094104;0.094105;0.0941016;1;1;1;0.800254;1;1;
6;0.000490596;-0.00381494;0.00309877;-0.00026355;0.000557617;-0.00109575;0.0544733;0.0570712;0.0543658;0.0567722;0.0568714;0.0569307;0.0549684;0.0549658;0.0549612;0.0549664;0.054967;0.0549649;1;1;1;0.815844;1;1;
7;0.00152989;-0.00347121;0.00317362;-0.0013969;0.00156868;-0.00188318;0.0441309;0.0475294;0.0448327;0.0471276;0.0464155;0.0485603;0.0321092;0.0321071;0.0321046;0.0321077;0.0321084;0.0321065;1;0.986109;1;0.805022;1;1;
8;0.00202716;-0.00316073;0.00309008;-0.00194928;0.00200607;-0.00223339;0.0366687;0.0412692;0.0374886;0.0420844;0.0396392;0.0436373;0.0187579;0.0187558;0.0187547;0.0187562;0.0187576;0.0187554;1;0.957776;1;0.80532;1;1;
9;0.00187986;-0.00238434;0.00234314;-0.0016768;0.00170997;-0.00184275;0.0299141;0.0372174;0.0315297;0.0393376;0.03403;0.0416318;0.0109597;0.010957;0.0109574;0.0109577;0.0112615;0.0109572;1;0.912425;1;0.775042;1;1;
10;0.000202881;-0.000497546;0.000473361;-8.41993e-05;0.000103758;-0.000181101;0.0244631;0.0354324;0.0266058;0.0386511;0.0302578;0.0416421;0.00811621;0.00640148;0.00747604;0.00640236;0.00867034;0.0064023;1;0.854602;1;0.752534;1;1;
11;-0.00352697;0.00335469;-0.00336918;0.00359647;-0.00358479;0.00353986;0.0203591;0.0349715;0.0223332;0.0394941;0.0275467;0.0429566;0.00722036;0.00374034;0.00605249;0.00374137;0.00829898;0.00374177;1;0.793141;1;0.732138;1;1;
12;-0.0103585;0.0102575;-0.0102667;0.0103994;-0.010392;0.0103662;0.0171936;0.0349405;0.0188757;0.0408382;0.0259882;0.0446386;0.00695822;0.00218584;0.00528703;0.00218693;0.00817298;0.00218783;1;0.73745;1;0.714641;1;1;
13;-0.0215056;0.021446;-0.0214529;0.0215302;-0.0215248;0.0215105;0.015897;0.0346641;0.0168826;0.0413124;0.025321;0.0451416;0.00671475;0.00127798;0.00441424;0.00127896;0.00797641;0.00203302;1;0.715914;1;0.712378;1;1;
14;-0.0380531;0.0380174;-0.0380235;0.0380684;-0.0380636;0.0380566;0.0186633;0.0337447;0.0193027;0.0384356;0.0258091;0.0425056;0.00583011;0.000748373;0.00258061;0.000878609;0.00668583;0.00359089;1;0.771653;1;0.745334;1;1;
15;-0.060301;0.0602785;-0.060285;0.0603109;-0.0603058;0.0603038;0.0279211;0.0314643;0.0286485;0.0293253;0.0288385;0.0342899;0.00523755;0.00524337;0.00150896;0.001364;0.00390642;0.00544708;1;0.956802;1;0.832116;1;1;
16;-0.0867283;0.0867133;-0.0867204;0.0867349;-0.0867294;0.0867307;0.0476733;0.0260636;0.0489279;0.0108043;0.0350791;0.0171453;0.00389677;0.0138623;-0.00198911;0.00605055;0.00228057;0.0121433;1;1;1;1;0.704474;1;
17;-0.113112;0.113101;-0.113107;0.113117;-0.113114;0.113114;0.0607206;0.00868128;0.0614542;-0.0265598;0.0533623;-0.0168807;0.00227743;0.0314612;-0.00116087;0.0154735;-0.000483352;0.0239619;1;1;1;1;0;1;
18;-0.132797;0.132788;-0.132793;0.132799;-0.132798;0.132797;0.0970256;-0.0134154;0.0974544;-0.077069;0.0927283;-0.0707917;0.00132964;0.0588977;-0.000678495;0.0197524;-0.000282656;0.0269033;0.933696;1;0.39298;0.913447;0;1;
19;-0.13831;0.138304;-0.138308;0.138311;-0.13831;0.138309;0.144446;-0.0639473;0.144696;-0.132783;0.141936;-0.129112;0.000776135;0.0718492;-0.000396627;0.0280834;-0.000165513;0.0333446;0;1;0;0.831892;0;1;
20;-0.123565;0.123561;-0.123564;0.123565;-0.123566;0.123565;0.18648;-0.105416;0.186626;-0.179661;0.185014;-0.177513;0.000452839;0.0635314;-0.000232053;0.0212225;-9.71153e-05;0.0214655;0;1;1;0.917399;1;1;
21;-0.0843845;0.0843814;-0.0843838;0.084384;-0.0843848;0.084384;0.215226;-0.137248;0.215311;-0.21028;0.21437;-0.201629;0.000263981;0.0429583;-0.000136002;0.0141112;-5.71908e-05;0.0125405;0;1;0.722427;0.975848;0.264305;1;
22;-0.0173043;0.0173025;-0.0173039;0.017304;-0.0173044;0.017304;0.23071;-0.160996;0.23076;-0.215921;0.23021;-0.2038;0.000153691;0.0250953;-7.99028e-05;0.0082443;-3.39276e-05;0.00732636;0;1;0;1;0;1;
23;0.0725458;-0.0725463;0.072546;-0.0725459;0.0725458;-0.0725458;0.229818;-0.163303;0.229634;-0.206537;0.229962;-0.200095;8.92959e-05;0.0146579;-4.71316e-05;0.00481543;-2.03475e-05;0.00427996;0;1;0;1;0;1;
24;0.159619;-0.15962;0.159619;-0.159619;0.159619;-0.159619;0.222914;-0.144651;0.222806;-0.177857;0.222998;-0.183044;5.16738e-05;0.00855889;-2.80027e-05;-0.00147853;-1.24322e-05;0.00249931;0;1;0;1;0;1;
25;0.222491;-0.222491;0.222489;-0.222491;0.222491;-0.222491;0.203426;-0.111097;0.203363;-0.129652;0.203474;-0.151513;2.96616e-05;-0.00964202;-1.66022e-05;-0.0189696;-7.76038e-06;-0.0100666;0;1;0.57391;1;0;1;
26;0.261128;-0.261128;0.261124;-0.261128;0.261128;-0.26113;0.173135;-0.0828118;0.173099;-0.0725558;0.173163;-0.123401;1.68785e-05;-0.0185857;-9.26797e-06;-0.012806;-5.0111e-06;-0.00588042;0;1;1;1;0.0104566;1;
27;0.282492;-0.282494;0.282488;-0.282493;0.28249;-0.282494;0.131572;-0.0207757;0.131554;-0.0231478;0.131591;-0.102528;1.01279e-05;-0.0259902;0.0022528;-0.0169118;0.00195203;-0.00343545;1;1;0;1;1;1;
28;0.290033;-0.292157;0.292151;-0.292648;0.292151;-0.292157;0.0749212;0.0204275;0.074906;0.0376351;0.0749295;-0.0579515;0.0159562;-0.017361;0.00131696;-0.0098779;0.00928266;-0.00425175;1;1;0;0.934164;0;1;
29;0.279526;-0.310929;0.286041;-0.300979;0.27518;-0.300238;-0.00051602;0.0562098;-0.000531878;0.0662616;0.000760926;0.0104417;0.0377024;-0.0136083;0.0201416;-0.00576807;0.0653217;-0.00465436;1;1;1;0.24678;1;1;
30;0.259243;-0.294393;0.262495;-0.288583;0.251418;-0.288151;-0.0853643;0.117897;-0.0853694;0.123768;-0.0507425;0.0911695;0.0344658;-0.00794761;0.0265929;-0.00336892;0.0761089;-0.00432714;1;0;1;0;1;0.444408;
31;0.249053;-0.269582;0.250953;-0.266189;0.244483;-0.265939;-0.156204;0.17521;-0.156199;0.178638;-0.0906391;0.159598;0.0290312;-0.00464184;0.0284744;-0.00196782;0.0696227;-0.00252888;1;0;1;1;1;0;
32;0.223445;-0.235435;0.224556;-0.233453;0.220778;-0.23331;-0.203279;0.214383;-0.201744;0.216385;-0.127194;0.205262;0.0200552;-0.00271127;0.0166347;-0.00114966;0.0551747;-0.00147841;1;0;1;0;1;0;
33;0.184664;-0.191667;0.185313;-0.190509;0.183108;-0.190428;-0.230451;0.237499;-0.211148;0.238668;-0.167403;0.232171;0.0157715;-0.00158389;0.00971702;-0.000671882;0.0332437;-0.000864203;1;0;1;0;1;0;
34;0.131078;-0.135168;0.131458;-0.134492;0.13017;-0.134446;-0.241477;0.24942;-0.224543;0.250103;-0.185782;0.246309;0.00921273;-0.00092551;0.00567612;-0.000392882;0.0194194;-0.000505177;1;0;1;0;1;0;
35;0.0575175;-0.0599059;0.0577395;-0.0595112;0.0569874;-0.0594841;-0.236383;0.249438;-0.220053;0.249459;-0.195797;0.249405;0.00538049;-0.000541058;0.003315;-0.000229929;0.0113413;-0.000295514;1;0;1;0;1;0;
36;-0.0368915;0.0354963;-0.0367617;0.0357274;-0.0371965;0.0357369;-0.213115;0.231637;-0.221252;0.231446;-0.188322;0.239254;0.00314246;-0.000316538;0.00193445;-0.000134809;0.00662089;-0.000172202;1;0;1;0;1;0;
37;-0.132776;0.131961;-0.132701;0.132096;-0.13295;0.132096;-0.179114;0.203295;-0.20116;0.208441;-0.166635;0.23228;0.00183585;-0.000185406;-0.0181714;-7.92059e-05;-0.00834729;-0.000100468;1;0;1;0;1;0;
38;-0.205352;0.204876;-0.205309;0.204956;-0.205452;0.20495;-0.132953;0.194867;-0.17382;0.199693;-0.14118;0.213615;0.0036118;-0.000108716;-0.0106151;-4.67584e-05;-0.0251783;-5.90753e-05;1;0;1;0;1;0;
39;-0.251148;0.250871;-0.251124;0.250915;-0.251205;0.250909;-0.0911784;0.173752;-0.161461;0.176572;-0.104206;0.184703;0.00657361;-6.40009e-05;-0.00620038;-2.75875e-05;-0.0301396;0.00107188;1;0;1;1;1;0;
40;-0.277196;0.277034;-0.277183;0.277058;-0.277229;0.277053;-0.0327986;0.139195;-0.132018;0.140844;-0.0637945;0.145594;-0.00944755;-3.78221e-05;-0.00362381;-1.53795e-05;-0.0262849;0.000627652;1;0;1;0;1;0;
41;-0.290018;0.289922;-0.290011;0.289594;-0.290038;0.289933;0.0456992;0.0893425;-0.0851503;0.0903078;-0.0423874;0.0930802;-0.0194224;0.000863741;-0.00434615;0.00469903;-0.015867;0.000886003;1;0.417056;1;0.591906;1;0;
42;-0.306821;0.278302;-0.305335;0.275766;-0.31774;0.290264;0.078566;0.0202539;-0.0177955;0.0208171;0.00717674;0.0224289;-0.0113427;0.0475834;-0.0130577;0.0381029;-0.0165012;0.00113322;1;1;1;1;1;0;
43;-0.29512;0.26027;-0.294253;0.266364;-0.301497;0.283033;0.121179;-0.0362623;0.0649051;-0.0631304;0.0794876;-0.0621889;-0.00662443;0.0762225;-0.0153564;0.0369488;-0.0160177;0.0225264;0;1;0.837118;0.773742;0;1;
44;-0.274723;0.226024;-0.274217;0.257929;-0.278448;0.267663;0.173363;-0.0908106;0.140499;-0.139456;0.149015;-0.138898;-0.00386905;0.0767735;-0.00896851;0.0289271;-0.00935473;0.0391137;0;1;0;0.582643;0.204133;1;
45;-0.244213;0.21577;-0.243918;0.234404;-0.246388;0.24009;0.212578;-0.13197;0.193386;-0.192769;0.198359;-0.192438;-0.00225997;0.0600486;-0.00523798;0.0217405;-0.00546358;0.024131;0;1;1;0.811811;0;1;
46;-0.203892;0.187279;-0.203719;0.198162;-0.205162;0.201483;0.236627;-0.161433;0.225418;-0.225052;0.228323;-0.216932;-0.00132031;0.037382;-0.00305944;0.012772;-0.00319118;0.0140961;0;1;0;0.856425;0;1;
47;-0.151792;0.14209;-0.151692;0.148446;-0.152534;0.150386;0.249473;-0.184501;0.242927;-0.23985;0.244623;-0.218848;-0.000771558;0.021837;-0.00178719;0.00746198;-0.00186417;0.00823372;0;1;0;0.867112;0;1;
48;-0.0825259;0.0768602;-0.082467;0.0805715;-0.0829591;0.0817048;0.251571;-0.193654;0.250601;-0.239999;0.251591;-0.220512;-0.000451084;0.0127541;-0.00104422;0.00435836;-0.00108922;0.00480924;0;1;0;0.928591;0;1;
49;0.00803931;-0.0113476;0.00807366;-0.00918094;0.00778631;-0.00851824;0.237963;-0.190704;0.240072;-0.227199;0.235226;-0.217419;-0.00026395;0.00744694;-0.000610337;0.00254438;-0.000636661;0.00280804;0;1;0;1;0;1;
50;0.10715;-0.109082;0.10717;-0.107817;0.107002;-0.107429;0.216032;-0.169328;0.211338;-0.201103;0.213605;-0.202725;-0.000154623;-0.00551821;-0.000356937;-0.00505916;-0.000372364;-0.00435759;0;1;0;1;0;1;
51;0.187744;-0.188874;0.187756;-0.188134;0.187658;-0.187908;0.208531;-0.139857;0.204879;-0.159666;0.206639;-0.171782;-9.07561e-05;-0.0195165;-0.000208894;-0.0114282;-0.000217975;-0.011412;0;1;0;1;0;1;
52;0.240554;-0.241215;0.24056;-0.240782;0.240503;-0.24065;0.187023;-0.102216;0.18489;-0.109825;0.185918;-0.139863;-5.34769e-05;-0.0235553;-0.000122474;-0.0109617;-0.000127773;-0.0066667;0;1;0;1;0;1;
53;0.271403;-0.271791;0.271407;-0.271537;0.271373;-0.271461;0.153643;-0.0376813;0.152397;-0.0636932;0.152997;-0.1261;-3.16213e-05;-0.0320512;-7.19316e-05;-0.0144469;-7.47366e-05;-0.00389348;0;1;0;1;0.478643;1;
54;0.287443;-0.287674;0.287448;-0.287524;0.287425;-0.28748;0.106924;0.0103634;0.106193;-0.00399692;0.106547;-0.0908355;0.00200326;-0.0310116;-4.24146e-05;-0.0142643;0.00430708;-0.00713635;1;1;0;1;1;1;
55;0.284207;-0.310596;0.293147;-0.294503;0.29248;-0.293166;0.0424875;0.0260192;0.0420537;0.0217909;0.042263;-0.0330812;0.0230512;-0.0181129;0.00420842;-0.00832754;0.0145486;-0.00791672;1;1;1;0.918953;0;1;
56;0.268302;-0.301107;0.276133;-0.290599;0.26476;-0.291179;-0.0393211;0.0793377;-0.0395753;0.0768694;-0.021092;0.0448272;0.0287222;-0.0184838;0.021559;-0.00486408;0.0730099;-0.00737534;1;0;1;0;1;1;
57;0.255376;-0.282551;0.266934;-0.276414;0.243235;-0.276754;-0.120302;0.143678;-0.120444;0.142235;-0.0630734;0.123523;0.0292135;-0.010795;0.0325928;-0.00284261;0.076577;-0.00593244;1;0;1;1;1;0;
58;0.238416;-0.254288;0.245167;-0.250704;0.231327;-0.250904;-0.180335;0.193994;-0.179373;0.193151;-0.111313;0.182221;0.0298517;-0.00630467;0.0274245;-0.0016605;0.0718041;-0.00346597;1;0;1;1;1;0;
59;0.207158;-0.216428;0.211101;-0.214336;0.203017;-0.214452;-0.217816;0.2258;-0.215091;0.225307;-0.153131;0.218925;0.0187682;-0.00368237;0.0160216;-0.000970172;0.045859;-0.00202454;1;0;1;0;1;0;
60;0.162395;-0.16781;0.164698;-0.166588;0.159977;-0.166655;-0.237965;0.243617;-0.220535;0.243329;-0.179139;0.239602;0.0109645;-0.00215102;0.00935851;-0.000567312;0.026789;-0.00118279;1;0;1;0.125542;1;1;
61;0.100667;-0.103829;0.102013;-0.103119;0.099257;-0.103155;-0.238521;0.251857;-0.223565;0.251689;-0.190313;0.249512;0.00640463;-0.00125672;0.00546498;-0.000332221;0.0156475;-0.000691296;1;0;1;1;1;1;
62;0.0170156;-0.0188623;0.0178016;-0.0184527;0.0161959;-0.0184683;-0.229702;0.242355;-0.22621;0.244765;-0.19095;0.244768;0.00374075;-0.000734496;0.00319033;-0.000194717;0.00913778;-0.000404189;1;0;1;1;1;0;
63;-0.0817074;0.0806285;-0.0812484;0.0808605;-0.0821797;0.0808591;-0.206423;0.221071;-0.217714;0.229788;-0.179653;0.219711;0.00218452;-0.000429491;-0.0104501;-0.000114223;0.00533421;-0.000236573;1;0;1;1;1;0;
64;-0.16897;0.16834;-0.168703;0.168469;-0.169242;0.168475;-0.166047;0.189902;-0.191831;0.220701;-0.158089;0.202411;-0.00610464;-0.000251154;-0.0139748;-6.75947e-05;-0.00627617;-0.000138517;1;0;1;0;1;0;
65;-0.228894;0.228526;-0.228738;0.228597;-0.22905;0.228605;-0.123412;0.181171;-0.177776;0.199159;-0.121535;0.188477;-0.010064;-0.000147274;-0.00816338;-3.94922e-05;-0.0245068;-8.14433e-05;1;0;1;0;1;0;
66;-0.264855;0.264639;-0.264765;0.264678;-0.264944;0.264683;-0.0709104;0.156445;-0.154461;0.166951;-0.0837244;0.160712;-0.0114279;-8.64664e-05;-0.00491096;-2.27862e-05;-0.0258816;-4.68917e-05;1;0;1;0;1;1;
67;-0.284313;0.284186;-0.28426;0.284207;-0.284365;0.28421;-0.00345867;0.116918;-0.11576;0.123057;-0.0428696;0.119413;-0.0172241;-5.09132e-05;-0.00369066;-1.239e-05;-0.0269882;0.000407924;1;0;1;0;1;1;
68;-0.292546;0.290393;-0.292515;0.287729;-0.296518;0.292484;0.0672608;0.059629;-0.0589487;0.0632156;-0.0163807;0.0610855;-0.0142291;0.023814;-0.0064519;0.0156419;-0.017762;0.00323393;1;1;1;0.985765;1;0;
69;-0.29807;0.270734;-0.302499;0.271628;-0.312341;0.280834;0.0913792;-0.00771506;0.017675;-0.01517;0.0425313;-0.0164198;-0.00831021;0.0644195;-0.0137933;0.0379082;-0.0167002;0.0205224;0.965457;1;1;1;0.172994;1;
70;-0.284669;0.241809;-0.287256;0.258857;-0.293004;0.269184;0.14375;-0.05416;0.100707;-0.0992363;0.115222;-0.0999607;-0.00485354;0.0824356;-0.00805679;0.0316099;-0.0100919;0.0345525;0;1;1;0.658329;1;1;
71;-0.260755;0.220741;-0.262265;0.245678;-0.265622;0.25171;0.192055;-0.103996;0.166918;-0.166051;0.175395;-0.166467;-0.00283485;0.0787301;-0.00470556;0.0301217;-0.0058941;0.0357435;0;1;0;0.669239;0;1;
72;-0.226483;0.203113;-0.227365;0.217677;-0.229326;0.221201;0.224482;-0.138093;0.209803;-0.209289;0.214753;-0.206602;-0.00165603;0.0550611;-0.00274847;0.0199277;-0.00344259;0.020881;0;1;0;0.844725;0;1;
73;-0.181691;0.168041;-0.182206;0.176547;-0.183351;0.178605;0.243218;-0.168029;0.234645;-0.233132;0.237536;-0.213344;-0.000967607;0.0322501;-0.00160558;0.0125584;-0.00201097;0.0121976;0;1;0;0.84835;0;1;
74;-0.122903;0.114932;-0.123204;0.1199;-0.123873;0.121102;0.252355;-0.185439;0.247348;-0.239767;0.249036;-0.217193;-0.000565581;0.0188386;-0.000938147;0.00733628;-0.00117495;0.0071254;0;1;0;0.881696;0;1;
75;-0.044148;0.0394932;-0.0443238;0.0423937;-0.0447142;0.0430961;0.24778;-0.191599;0.24827;-0.23544;0.247931;-0.219032;-0.000330809;0.0110023;-0.000548377;0.0042844;-0.000686717;0.00416185;0;1;0;0.970333;0;1;
76;0.0533023;-0.0560203;0.0531996;-0.054327;0.0529717;-0.0539163;0.229197;-0.182574;0.230921;-0.217665;0.224585;-0.211783;-0.000193687;0.00642322;-0.000320762;0.00250096;-0.000401611;0.0024298;0;1;0;1;0;1;
77;0.146839;-0.148427;0.146779;-0.147437;0.146643;-0.147197;0.196593;-0.156328;0.222743;-0.184562;0.201159;-0.186523;-0.00011344;-0.0117636;-0.000187799;-0.00915575;-0.000235311;-0.00940966;0;1;0;1;0.483922;1;
78;0.214723;-0.215654;0.214693;-0.215075;0.214607;-0.214936;0.189869;-0.125038;0.205141;-0.147201;0.192537;-0.15997;-6.69564e-05;-0.0195497;-0.000110144;-0.0114466;-0.000137018;-0.00756923;1;1;0;1;1;1;
79;0.256669;-0.257214;0.256654;-0.256877;0.2566;-0.256796;0.167342;-0.0834991;0.176259;-0.106743;0.1689;-0.141684;-3.8633e-05;-0.0253335;-6.48071e-05;-0.00928981;-7.88248e-05;-0.00442231;1;1;0;1;0;1;
80;0.280108;-0.280429;0.280102;-0.280233;0.280068;-0.280186;0.130944;-0.0335325;0.136147;-0.0636704;0.131852;-0.115955;0.00386661;-0.0252919;-3.82688e-05;-0.01479;-4.44261e-05;-0.00433497;0;1;0;1;0;1;
81;0.289985;-0.291326;0.291133;-0.29121;0.291112;-0.291183;0.0783292;0.0305416;0.0813638;-0.0375317;0.0788571;-0.0695705;0.0127804;-0.0263544;-2.1795e-05;-0.00863738;0.00177082;-0.00891307;0.888185;1;1;1;0;1;
82;0.284758;-0.310487;0.288166;-0.300952;0.280434;-0.298182;0.00604391;0.0575429;0.00781392;0.0177939;0.00634946;-0.00091671;0.0220051;-0.017694;0.0200165;-0.00504374;0.0431345;-0.00626996;1;1;1;0.855412;0.767328;1;
83;0.262858;-0.295343;0.271245;-0.289775;0.256502;-0.288157;-0.0781176;0.115259;-0.0770798;0.0920451;-0.0445487;0.0811203;0.0253307;-0.0103336;0.0237472;-0.00430811;0.0726281;-0.00370488;1;0;1;0;1;0.461734;
84;0.252945;-0.271917;0.257843;-0.268665;0.248722;-0.267721;-0.150739;0.172437;-0.150126;0.15888;-0.110449;0.1525;0.0285593;-0.00603528;0.0341236;-0.00251629;0.0678909;-0.00216405;0.884386;0;1;0;1;0;
85;0.227879;-0.23896;0.230741;-0.237063;0.225413;-0.23651;-0.199868;0.212546;-0.199506;0.204628;-0.144976;0.200903;0.0172492;-0.00352505;0.0199336;-0.00147043;0.0474435;-0.00126419;1;0;1;0;1;1;
86;0.189927;-0.196399;0.191599;-0.195292;0.188487;-0.194968;-0.2291;0.236509;-0.218747;0.231884;-0.172912;0.229709;0.0100776;-0.0020591;0.0116433;-0.000859425;0.0277164;-0.000738804;1;0;1;1;1;0;
87;0.137747;-0.141527;0.138724;-0.14088;0.136906;-0.140691;-0.242559;0.24906;-0.221631;0.24636;-0.190957;0.245089;0.00588758;-0.00120305;0.00680089;-0.000502394;0.0161903;-0.000431952;1;0;1;1;1;0;
88;0.0662787;-0.0684861;0.0668492;-0.0681111;0.0657893;-0.0679979;-0.238899;0.250732;-0.22618;0.251376;-0.195457;0.250867;0.00343837;-0.000703143;0.00397161;-0.000294117;0.00945531;-0.000252754;1;0;1;1;1;0;
89;-0.026586;0.0252965;-0.0262526;0.0255096;-0.0268669;0.0255822;-0.220356;0.232168;-0.226618;0.239524;-0.188381;0.234369;0.00200804;-0.000411192;-0.00242749;-0.000172388;0.0055203;-0.000148129;1;0;1;1;1;0;
90;-0.123765;0.123012;-0.123571;0.123131;-0.123924;0.123179;-0.191005;0.208651;-0.205818;0.231034;-0.167904;0.206306;-0.00412269;-0.00024067;-0.0247638;-0.000101435;-0.00854502;-8.70392e-05;1;0;1;0;1;0;
91;-0.199242;0.198802;-0.199129;0.198865;-0.199331;0.1989;-0.14421;0.201469;-0.183558;0.214541;-0.148065;0.200099;-0.0099499;-0.000141023;-0.0144662;-6.01317e-05;-0.0146555;-5.12975e-05;1;0;1;0;1;0;
92;-0.247502;0.247245;-0.247437;0.247274;-0.24755;0.247302;-0.109014;0.179591;-0.169131;0.187228;-0.111256;0.178792;-0.00581014;-8.28764e-05;-0.00845144;-3.50394e-05;-0.0244545;-3.03996e-05;1;0;1;0;1;0;
93;-0.275226;0.275076;-0.275189;0.275091;-0.275254;0.275107;-0.0494602;0.145135;-0.139026;0.149597;-0.0665635;0.14467;-0.0119731;-4.86516e-05;-0.00581129;-1.99156e-05;-0.0251173;-1.65774e-05;1;0.259546;1;0;1;1;
94;-0.289182;0.289091;-0.28916;0.288694;-0.2892;0.28911;0.0160154;0.0962796;-0.0927096;0.0988836;-0.0309065;0.0960062;-0.0140327;0.00711763;-0.00722639;0.00332399;-0.0245182;0.000148497;1;1;1;0.172159;1;0;
95;-0.303428;0.286234;-0.295971;0.275741;-0.319828;0.289688;0.0392499;0.0287745;-0.0266848;0.0302989;0.00940815;0.0286118;-0.00819236;0.0304464;-0.0144928;0.0281244;-0.0147163;0.00186296;1;0.615175;1;0.986354;1;0;
96;-0.294174;0.260955;-0.28982;0.264117;-0.303753;0.273911;0.0942441;-0.031269;0.0557397;-0.0536183;0.0768153;-0.0546037;-0.00518874;0.0719095;-0.0139969;0.028997;-0.020148;0.0204293;0;1;1;0.971058;0;1;
97;-0.275816;0.231632;-0.273274;0.258262;-0.281409;0.263969;0.155885;-0.0893635;0.133398;-0.132153;0.145707;-0.0985857;-0.00303073;0.119001;-0.00817499;0.0298194;-0.0117668;0.027312;1;1;1;0.746831;0;1;
98;-0.246912;0.221107;-0.245427;0.23666;-0.250181;0.239994;0.201981;-0.148964;0.188849;-0.188115;0.196034;-0.168504;-0.00177031;0.0695108;-0.00477453;0.0207648;-0.00687518;0.0302641;0;1;0;0.800597;1;1;
