1;-0.000363588;0.000116064;9.94837e-05;-0.000363588;0.000116064;9.94836e-05;0.0349769;0.0347456;0.0352595;0.0349769;0.0347456;0.0352595;0.808667;0.808665;0.808666;0.808667;0.808665;0.808666;0;0;0;0;0;0;
2;-0.00114184;0.000508237;0.000845082;-0.00164982;0.000882256;0.000341426;0.115368;0.116727;0.119553;0.115134;0.116683;0.119283;0.472374;0.472376;0.472379;0.472374;0.472376;0.472379;1;1;1;0.905343;1;1;
3;-0.00821688;-0.00517544;-0.00172724;-0.00998959;-0.00535285;-0.00370806;0.0703354;0.0892037;0.0696458;0.0704651;0.089265;0.068885;0.275876;0.275881;0.275872;0.275876;0.27588;0.275873;0;0;0;0;0;0.0532259;
4;-0.0034189;-0.00428435;-0.0011597;-0.00531209;-0.0038451;-0.00270592;0.116206;0.133695;0.158884;0.115644;0.133091;0.158616;0.161124;0.161127;0.161133;0.161124;0.161127;0.161134;0.500867;0.803761;1;0.334445;0.702772;0.770985;
5;0.00327343;0.000726974;0.00295754;0.00109588;0.000803509;0.00111534;0.135637;0.146841;0.156109;0.141975;0.154701;0.164958;0.132751;0.140481;0.160821;0.127035;0.132453;0.151657;0.673255;0.75573;1;0.480406;0.683023;0.891853;
6;0.00362032;-0.000344942;0.00206264;0.000965489;-0.000733282;-0.000260927;0.133689;0.144832;0.154831;0.142045;0.152438;0.164984;0.132547;0.140464;0.160044;0.126472;0.134436;0.150357;0.752088;0.784673;1;0.50932;0.724084;0.945888;
7;0.00401308;-0.000787553;0.00172414;0.0013813;-0.00105551;-0.000574483;0.132333;0.144078;0.153371;0.142628;0.151337;0.165112;0.131986;0.138992;0.159129;0.125104;0.135063;0.149289;0.774215;0.764761;1;0.511705;0.731181;0.950512;
8;0.00429537;-0.000947902;0.00158697;0.0016745;-0.00117695;-0.000690024;0.130566;0.143636;0.15178;0.143327;0.150408;0.165803;0.132006;0.13726;0.158515;0.123535;0.135387;0.147414;0.789808;0.737368;1;0.507786;0.743461;0.94123;
9;0.00412035;-0.00101325;0.00148703;0.00192137;-0.000846314;-0.00037924;0.128296;0.143589;0.149741;0.144323;0.149523;0.166668;0.132702;0.134915;0.158026;0.121548;0.135845;0.145761;0.801953;0.706722;1;0.497905;0.767009;0.921353;
10;0.00349777;-0.00156136;0.000895453;0.00221186;-0.000621303;-7.59919e-05;0.125514;0.143395;0.147299;0.145714;0.148718;0.168163;0.133661;0.13219;0.15718;0.11947;0.136805;0.144227;0.811761;0.671076;1;0.491744;0.798313;0.887334;
11;0.00241969;-0.0023881;-8.32125e-05;0.00316909;0.000301887;0.000965277;0.122655;0.143195;0.144317;0.147376;0.148083;0.169873;0.134901;0.129115;0.156057;0.116905;0.137948;0.143563;0.815198;0.637333;1;0.487936;0.830419;0.846282;
12;0.000360437;-0.00415463;-0.00205818;0.00467507;0.00153484;0.00248607;0.120404;0.143421;0.142477;0.148578;0.147265;0.171162;0.136814;0.126232;0.153724;0.113511;0.138621;0.143635;0.80441;0.604494;1;0.494692;0.86286;0.792428;
13;-0.00213508;-0.00616686;-0.00452711;0.00746813;0.0038052;0.00518403;0.119237;0.143433;0.142238;0.148738;0.146541;0.171814;0.139409;0.124858;0.149809;0.109377;0.137942;0.144204;0.771795;0.585009;1;0.510345;0.879529;0.73462;
14;-0.00506182;-0.00822551;-0.00737674;0.0113807;0.00694485;0.00897558;0.122342;0.142576;0.144079;0.145306;0.146225;0.169168;0.138835;0.126138;0.144228;0.107576;0.135184;0.147962;0.696028;0.642489;1;0.569894;0.849948;0.690859;
15;-0.0094037;-0.0115006;-0.0116291;0.0162446;0.0106444;0.0136341;0.136046;0.146015;0.156221;0.131932;0.139444;0.153178;0.131882;0.127906;0.130488;0.111279;0.134684;0.163587;0.593307;0.835262;1;0.639224;0.716126;0.623368;
16;-0.0146643;-0.0156563;-0.0168735;0.021476;0.0142069;0.0185159;0.145944;0.139698;0.166977;0.122503;0.15036;0.147633;0.135643;0.146924;0.123394;0.104449;0.107278;0.161615;0.342649;1;1;0.808553;0.513349;0.800263;
17;-0.0457699;0.00171694;-0.00361039;0.0721947;-0.0155639;0.0679176;0.161529;0.142303;0.211189;0.0590896;0.134003;0.111103;0.0871831;0.193717;0.0970573;0.112815;0.0626593;0.180974;0.311067;0.94695;1;0.639239;0.368658;1;
18;-0.0858197;0.00293928;-0.00353575;0.108902;-0.0758288;0.102891;0.174124;0.123549;0.242273;0.0121517;0.13712;0.0868961;0.0509179;0.257705;0.079097;0.115831;0.0365924;0.193759;0.554175;0.967258;1;0.77048;0;1;
19;-0.104938;-0.00334443;-0.00962917;0.123178;-0.105041;0.112157;0.195801;0.117851;0.277266;-0.0335339;0.167861;0.0492734;0.0297389;0.303116;0.0684747;0.130276;0.0213693;0.209567;0.529693;1;0.939192;0.632426;0;1;
20;-0.0758031;0.0282329;-0.0369621;0.0739242;-0.109062;0.0688682;0.216524;0.123684;0.282573;-0.0628934;0.200154;-0.0164105;0.0170449;0.348203;0.0455746;0.155505;0.012479;0.18004;0.903147;1;0.71175;0.525832;0;1;
21;-0.0632161;0.0416833;-0.0332498;0.0553944;-0.0759146;0.0522742;0.232774;0.113996;0.271345;-0.053769;0.223211;-0.0193923;-0.0275969;0.344583;0.0266156;0.166058;0.00728718;0.171308;0.961967;1;0.861677;0.552511;0;1;
22;-0.079896;0.0190474;0.0122641;0.000385126;-0.0123581;-0.00145388;0.245773;0.116628;0.26787;-0.0568641;0.235373;-0.041623;-0.0327164;0.359246;0.0155452;0.161955;0.00425506;0.157304;1;0.913609;0.538074;0.564863;0;1;
23;-0.0923247;0.00108554;0.0898116;-0.0773412;0.0754339;-0.0835089;0.249051;0.12801;0.255898;-0.0538474;0.227372;-0.0582573;-0.0432536;0.354433;0.0165814;0.175522;0.00248431;0.132974;1;0.707077;0.261715;0.366775;0;1;
24;-0.0954969;-0.00533901;0.169703;-0.144747;0.161306;-0.166027;0.234149;0.113728;0.238145;-0.0175321;0.194527;-0.0521701;-0.0522203;0.360961;0.0096832;0.176157;0.00145024;0.101573;1;0.16361;0.200245;0.451726;0;1;
25;-0.0183078;-0.0359005;0.22838;-0.181443;0.223475;-0.226231;0.219161;0.0813319;0.21232;-0.0117383;0.169287;-0.0984864;-0.03312;0.28365;0.00565462;0.153121;0.000846462;0.0329829;1;0;0;0.484935;0;1;
26;0.0217193;-0.0657438;0.264566;-0.203148;0.261702;-0.263309;0.183709;0.0837409;0.178329;0.0209107;0.153198;-0.0756124;-0.0228783;0.204859;0.00330142;0.143884;0.000493945;-0.0354248;1;0.894329;0;0.19866;0;1;
27;-0.00104081;-0.104535;0.284501;-0.228531;0.282829;-0.280171;0.137753;0.0598725;0.134605;0.0780682;0.119928;-0.00705169;-0.0475488;0.153818;0.00192781;0.132829;0.00028796;-0.037922;1;0.971967;0;0.507721;0;1;
28;0.12022;-0.188224;0.293328;-0.220598;0.324762;-0.289282;0.0803375;0.0413019;0.0766858;0.0874382;0.0681164;-0.0713817;0.0479114;0.0898302;0.00112559;0.080765;0.0102582;-0.102597;1;0;0;0.150857;0.444159;1;
29;0.192005;-0.232036;0.298046;-0.250941;0.310961;-0.254252;0.00264535;0.0684003;0.00050243;0.0953443;0.0260927;0.00257909;0.0425065;0.0524595;0.000656788;0.0471662;0.136926;-0.146892;1;0;0;0;0.0195597;1;
30;0.181286;-0.24832;0.294164;-0.259361;0.267305;-0.248033;-0.0835141;0.125016;-0.0847811;0.140752;0.0272193;0.0865631;0.0354578;0.030636;-0.0119651;0.0275443;0.200729;-0.126241;1;0;0.68081;0;0.562959;1;
31;0.150133;-0.242676;0.269447;-0.249124;0.237688;-0.249244;-0.151153;0.179367;-0.155865;0.188557;0.04044;0.151833;0.0674981;0.017891;-0.00582491;0.0160853;0.238323;-0.117384;1;0;1;0;0.854942;0.904449;
32;0.135431;-0.219721;0.235356;-0.223488;0.190402;-0.232512;-0.142569;0.216811;-0.151112;0.222177;0.00509407;0.197547;0.092139;0.010448;0.0786374;0.0093931;0.19855;-0.0758064;1;0;1;0;1;0;
33;0.109245;-0.182491;0.19162;-0.184689;0.0880816;-0.18996;-0.138052;0.238916;-0.0964635;0.242051;-0.0270811;0.227667;0.111278;0.00610064;0.11778;0.00548543;0.144437;-0.0442707;0.568995;0;1;0;1;0;
34;0.0415135;-0.129809;0.13514;-0.131093;0.0337283;-0.134171;-0.171016;0.250248;-0.152415;0.252078;0.00668495;0.243678;0.0650015;0.0035623;0.0688038;0.00320276;0.194521;-0.0258543;1;0;1;0;1;0;
35;-0.0246805;-0.0567766;0.059898;-0.0575262;0.000666621;-0.0593236;-0.126377;0.244762;-0.126591;0.247069;-0.0229216;0.246024;0.0920672;0.00207984;0.0873045;0.0018698;0.14864;-0.0150994;0.876952;0;1;0;1;0;
36;-0.108992;0.037324;-0.0354853;0.0368863;-0.07009;0.0358365;-0.116313;0.230381;-0.136783;0.236351;-0.0119398;0.237124;0.0780406;0.00121389;0.0730264;0.00109166;0.151931;-0.00881824;1;0;1;0;1;0;
37;-0.195747;0.133029;-0.131937;0.132773;-0.152158;0.13216;-0.0918973;0.209685;-0.1224;0.204017;-0.00509321;0.200642;0.0691853;0.000708511;0.0608203;0.000637127;0.151324;-0.00515019;1;0;1;0;1;0;
38;-0.266094;0.2055;-0.20485;0.205351;-0.216665;0.204993;-0.0562832;0.20042;-0.100564;0.174486;0.0147578;0.171716;0.0778129;0.000413134;0.0642913;0.000371583;0.114025;-0.00300821;1;0;1;0;1;0;
39;-0.312493;0.251235;-0.25085;0.251148;-0.257751;0.250939;-0.02329;0.176995;-0.0742035;0.16185;0.0350982;0.160232;0.0607856;0.000240758;0.0420651;0.000216617;0.0973407;-0.00175716;1;0;1;0.019547;1;0;
40;-0.32699;0.277247;-0.277018;0.270184;-0.269877;0.277074;0.015848;0.141089;-0.0382407;0.132245;0.0347021;0.1313;0.0715935;0.000140144;0.0245693;-0.0150499;0.0619002;-0.00102655;1;0;1;0.509439;1;0;
41;-0.32654;0.290047;-0.277122;0.273227;-0.284653;0.289946;0.0653906;0.0904481;0.0145985;0.085289;0.0280687;0.0847308;0.0517902;0.0040675;-0.00662184;0.000230147;0.0361522;-0.000599854;1;0.126725;1;0.712796;0.791234;0;
42;-0.3264;0.283342;-0.280132;0.257297;-0.298619;0.287586;0.0694271;0.0359123;0.0404586;0.0232004;0.0464231;0.0175546;0.0302466;0.0771768;-0.0265645;0.0677355;0.0109784;0.0312985;0.0117489;0.971547;1;0.730945;0.330283;1;
43;-0.306554;0.222089;-0.302864;0.247075;-0.29033;0.275399;0.115842;0.0322829;0.0989284;-0.0617332;0.102408;-0.0650311;0.0176633;0.14438;-0.0169799;0.0843901;0.00641103;0.0578027;0;1;0.848304;0.571495;0;1;
44;-0.281401;0.168932;-0.279246;0.21876;-0.271926;0.2421;0.170246;0.0256873;0.160368;-0.121448;0.1624;-0.126981;0.0103149;0.199969;-0.0104838;0.0943618;0.00374363;0.065261;0;1;0;0.464252;0;1;
45;-0.248113;0.146128;-0.246855;0.17427;-0.24258;0.198669;0.210758;0.0075922;0.204989;-0.122537;0.206176;-0.136471;0.00602327;0.204289;-0.00612301;0.101662;0.00218584;0.0673655;0;1;0;0.543853;0;1;
46;-0.206169;0.0845333;-0.205434;0.161449;-0.202938;0.177028;0.235564;0.000604838;0.232195;-0.137185;0.232888;-0.128665;0.0035172;0.195563;-0.00357618;0.100244;0.00127588;0.0844549;0;1;0;0.554377;0;1;
47;-0.153122;0.0364297;-0.152693;0.127001;-0.151235;0.136107;0.248852;0.00443415;0.246884;-0.140866;0.247289;-0.136335;0.00205346;0.195561;-0.002089;0.0817908;0.000744572;0.0805982;0;1;0;0.676683;0;1;
48;-0.0833024;0.0151517;-0.0830518;0.0680384;-0.0822007;0.0733733;0.250215;0.000788282;0.24941;-0.125804;0.249535;-0.137311;0.00119873;0.170171;-0.00122044;0.0944479;0.000434239;0.0793539;0;1;0;0.618915;0;1;
49;0.00758587;-0.0473861;0.00773213;-0.0165094;0.00822921;-0.0133748;0.238067;0.00369382;0.240725;-0.115762;0.236168;-0.142137;0.000699593;0.168622;-0.000713206;0.0822895;0.000252974;0.0699812;0;1;0;0.756776;0;1;
50;0.106885;-0.130126;0.10697;-0.112102;0.107261;-0.110259;0.217021;0.00946183;0.212961;-0.0951006;0.215558;-0.12541;0.000408063;0.157155;-0.000417025;0.077579;0.000147204;0.0613249;0;1;0;0.81377;0;1;
51;0.18759;-0.201159;0.18764;-0.190633;0.187809;-0.18956;0.209109;0.0208612;0.205549;-0.0656294;0.207941;-0.106159;0.000237881;0.140746;-0.000243945;0.0747586;8.54152e-05;0.0618465;0;1;0;0.875253;0;1;
52;0.240463;-0.248386;0.240492;-0.242231;0.240592;-0.241619;0.18736;0.0425398;0.185282;-0.0374686;0.186678;-0.0833387;0.000138504;0.116852;-0.000142893;0.0669956;4.93296e-05;0.0517727;0;1;0;0.915295;0;1;
53;0.267789;-0.275354;0.271367;-0.2648;0.271425;-0.272029;0.15384;0.0481932;0.152625;0.0108546;0.153441;-0.04176;-0.00139982;0.0811401;-8.38858e-05;0.0587101;2.83532e-05;0.0322927;0.596773;1;0;0.987986;0;1;
54;0.274333;-0.289751;0.287424;-0.278562;0.287458;-0.287812;0.10704;0.043632;0.106327;0.0537955;0.106803;-0.00179241;-0.0023172;0.0473951;-4.93634e-05;0.0653088;1.61309e-05;0.0188571;1;1;0;0.69198;0;1;
55;0.261226;-0.303548;0.287104;-0.286725;0.286665;-0.293267;0.0562576;0.0617169;0.0421324;0.078397;0.0424166;0.0189205;0.0565377;0.0276762;0.027081;0.0381451;0.0555726;0.00147801;1;0.416837;0.785687;0.132824;0.811585;1;
56;0.260912;-0.295881;0.285097;-0.285975;0.234167;-0.304158;-0.0312736;0.100185;-0.0395247;0.109927;0.0355628;0.0751982;0.0732129;0.0161624;0.0486099;0.0222762;0.134948;0.0150936;0.962203;0;0.958707;0;0.952175;1;
57;0.231886;-0.279499;0.251856;-0.273714;0.180233;-0.284333;-0.108011;0.155853;-0.110531;0.161542;0.0353099;0.141262;0.10273;0.00943845;0.0624505;0.0130087;0.183466;0.00881477;0.644308;0;1;0;1;0.0214159;
58;0.184605;-0.252506;0.208976;-0.249127;0.149904;-0.255329;-0.128995;0.201104;-0.136761;0.204426;0.0203074;0.192582;0.112492;0.00551161;0.063374;0.00759645;0.2059;0.00514735;0.719577;0;1;0;1;0;
59;0.172525;-0.215387;0.188616;-0.213414;0.100834;-0.217036;-0.130234;0.229952;-0.126777;0.231892;0.00304276;0.224975;0.104694;0.00321816;0.0801056;0.0044359;0.203823;0.00300559;0.849207;0;1;0;1;0;
60;0.142168;-0.167202;0.151567;-0.166049;0.0520442;-0.168164;-0.135611;0.246041;-0.133214;0.247175;0.00749367;0.243135;0.0893102;0.00187879;0.0809647;0.00259002;0.198343;0.00175476;1;0;1;0;1;0;
61;0.0888461;-0.103474;0.0943494;-0.102801;0.0359496;-0.104036;-0.12661;0.253273;-0.136671;0.253333;0.00370185;0.251576;0.0994089;0.00109664;0.0705351;0.00151205;0.184559;0.00102426;0.984696;0;1;0;1;0;
62;0.0101038;-0.0186549;0.0133344;-0.0182617;-0.0207815;-0.0189831;-0.115773;0.240333;-0.143686;0.241267;0.00412769;0.243499;0.094605;0.000639805;0.073687;0.00088257;0.172202;0.000597682;1;0;1;0;1;0;
63;-0.0857466;0.08075;-0.0838526;0.0809795;-0.10378;0.0805582;-0.0993078;0.22166;-0.133343;0.222784;0.0109318;0.222242;0.0832393;0.000373081;0.0634886;0.000514942;0.164542;0.000348551;1;0;1;0;1;0;
64;-0.171321;0.168411;-0.170226;0.168545;-0.181859;0.168299;-0.0742752;0.190968;-0.113652;0.209222;0.0170669;0.206611;0.0829405;0.000217455;0.0622889;0.000300339;0.155095;0.000203192;1;0;1;0;1;0;
65;-0.230258;0.228568;-0.229631;0.228646;-0.236419;0.228502;-0.0386201;0.181794;-0.0877932;0.192454;0.0388804;0.190929;0.0698197;0.000126373;0.0524689;0.000174937;0.127752;0.000118184;1;0;0.990824;0;1;0;
66;-0.261636;0.264664;-0.26529;0.256991;-0.266257;0.264625;-0.000818848;0.156808;-0.0567275;0.163033;0.0531319;0.162143;0.0622656;7.33575e-05;0.0367956;-0.00365283;0.0958786;6.85835e-05;1;0;0.99473;0.234361;1;0;
67;-0.273799;0.284201;-0.284568;0.264469;-0.284706;0.284178;0.045505;0.117131;-0.0129981;0.120768;0.0465952;0.120246;0.0661061;4.24017e-05;0.0214891;-0.0124577;0.0624508;3.96596e-05;1;0;1;0.601512;0.910335;0;
68;-0.281438;0.290212;-0.291469;0.257197;-0.295537;0.291364;0.0700949;0.0597541;0.0376444;0.0642105;0.0637182;0.0615691;0.0470544;0.0279376;-0.0326707;0.0462719;0.0364733;0.00613194;0.566237;0.637191;1;0.615308;0.496412;0.367573;
69;-0.285232;0.241008;-0.310578;0.267154;-0.294146;0.296086;0.0930339;0.0352538;0.0740895;-0.0145854;0.0893093;-0.0161317;0.0274791;0.11057;-0.0241904;0.0676937;0.0195825;0.0553085;0;0.85134;0.883646;0.611014;0;1;
70;-0.277172;0.201986;-0.294349;0.247926;-0.282378;0.278426;0.144717;0.0312818;0.133655;-0.0944715;0.142541;-0.0963794;0.0160473;0.182404;-0.0125428;0.0958728;0.0114357;0.06525;0;1;0.477471;0.425599;0;1;
71;-0.256376;0.158971;-0.266407;0.217436;-0.259416;0.248614;0.192619;0.0301339;0.186159;-0.130464;0.191349;-0.131569;0.00937095;0.207823;-0.00732542;0.0967476;0.00667807;0.0653928;0;1;0;0.572884;0;1;
72;-0.223926;0.116046;-0.229784;0.198832;-0.225702;0.219391;0.224812;0.00891168;0.22104;-0.13327;0.22407;-0.125883;0.0054722;0.193893;-0.00427845;0.108898;0.00389938;0.0964145;0;1;0;0.523908;0;1;
73;-0.180197;0.0614188;-0.183618;0.165242;-0.181234;0.177551;0.24341;0.00694605;0.241207;-0.138383;0.242977;-0.128119;0.00319525;0.199598;-0.00249902;0.0872061;0.00227661;0.0840009;0;1;0;0.611537;0;1;
74;-0.122031;0.0153078;-0.124029;0.113286;-0.122637;0.120496;0.252467;0.00606423;0.25118;-0.139691;0.252214;-0.134661;0.00186551;0.189232;-0.00145997;0.0869937;0.00132898;0.0845497;0;1;0;0.612428;0;1;
75;-0.0436384;-0.0186913;-0.0448053;0.0385172;-0.0439926;0.0427551;0.246572;-0.00441882;0.247246;-0.118613;0.246689;-0.134132;0.00108898;0.175341;-0.000853046;0.091759;0.000775497;0.0793805;0;1;0;0.702307;0;1;
76;0.0535999;-0.0899991;0.0529184;-0.0566028;0.0533931;-0.054103;0.229912;0.0103926;0.225927;-0.109736;0.228583;-0.137033;0.000635467;0.170041;-0.000498692;0.0775594;0.000452313;0.0636261;0;1;0;0.796396;0;1;
77;0.147013;-0.168266;0.146615;-0.148773;0.146892;-0.147298;0.196313;0.0106179;0.202224;-0.0782541;0.201441;-0.113871;0.000370763;0.151234;-0.000291725;0.0842714;0.000263614;0.0654134;0;1;0;0.815205;0;1;
78;0.21483;-0.227238;0.214597;-0.215856;0.214759;-0.214995;0.162937;0.0291477;0.193158;-0.0489496;0.1927;-0.0926285;0.000216261;0.137113;-0.000170768;0.0721235;0.000153392;0.0535116;0;1;0;0.945488;0;0.979717;
79;0.244007;-0.249616;0.256599;-0.252342;0.256693;-0.256835;0.134312;0.0360259;0.169261;-0.0150721;0.168993;-0.0637986;-0.0165224;0.10309;-0.000100156;0.0857359;8.91037e-05;0.0407401;0.721745;1;0;0.812612;0;1;
80;0.23708;-0.270205;0.28007;-0.271424;0.280125;-0.280207;0.111652;0.0427959;0.132061;0.0214826;0.131905;-0.0320935;-0.0223946;0.0775519;-5.88806e-05;0.0744028;5.15568e-05;0.023792;0.875673;0.936961;0;0.674563;0;1;
81;0.239847;-0.279736;0.291114;-0.279393;0.286413;-0.288145;0.0723247;0.0457692;0.078976;0.0700619;0.0788865;0.0230421;-0.0131138;0.0452965;-3.47518e-05;0.0545585;0.0193595;-0.0206853;1;0.672258;0;0.529925;0.345653;1;
82;0.248416;-0.286147;0.300645;-0.285725;0.26988;-0.289834;0.00254195;0.0664357;0.00641973;0.0810093;0.0382462;0.0531676;0.040173;0.0264505;0.0459196;0.031862;0.100105;-0.0315159;1;0;0.940283;0;0.738116;1;
83;0.23049;-0.281129;0.289601;-0.280882;0.236609;-0.287033;-0.0801558;0.120452;-0.07789;0.128964;0.0334407;0.112706;0.0774718;0.0154467;0.0676106;0.0186068;0.168639;-0.0192779;0.627194;0;1;0;1;0.822856;
84;0.218896;-0.263616;0.26787;-0.263472;0.168028;-0.267066;-0.13819;0.17547;-0.117716;0.18044;0.0333673;0.170946;0.0820795;0.00902047;0.0744118;0.0108659;0.203944;-0.0112589;0.714246;0;1;0;1;0;
85;0.186358;-0.234113;0.235919;-0.234028;0.14289;-0.236127;-0.137318;0.214317;-0.118282;0.21722;0.011955;0.211675;0.0982781;0.00526739;0.096733;0.00634508;0.193348;-0.00657553;0.845984;0;1;0;1;0;
86;0.152836;-0.193568;0.194624;-0.193519;0.0835224;-0.194745;-0.147605;0.237543;-0.119753;0.239238;0.00861711;0.236;0.0830179;0.00307553;0.0864979;0.00370509;0.197393;-0.00384051;0.81918;0;1;0;1;0;
87;0.10277;-0.139874;0.140496;-0.139845;0.0268117;-0.14056;-0.151732;0.249664;-0.127285;0.250654;0.00497857;0.248763;0.0836272;0.00179553;0.0971873;0.00216322;0.186851;-0.00224333;0.678185;0;1;0;1;0;
88;0.0345335;-0.0675208;0.0678983;-0.0675035;0.00149144;-0.0679216;-0.127967;0.248737;-0.127326;0.248662;-0.00122495;0.248325;0.0861895;0.00104797;0.0870237;0.00126283;0.16772;-0.00131056;0.945425;0;1;0;1;0;
89;-0.0490293;0.0258605;-0.0256208;0.0258707;-0.0644199;0.0256264;-0.12167;0.232385;-0.133803;0.234279;0.00220167;0.235265;0.0768736;0.000611445;0.0714919;0.000737012;0.175226;-0.000765852;0.913961;0;1;0;1;0;
90;-0.138268;0.123341;-0.12318;0.123347;-0.145854;0.123205;-0.0957712;0.210596;-0.120046;0.212171;0.0109132;0.205644;0.0834233;0.000356519;0.0792187;0.000429932;0.147782;-0.000447759;0.898151;0;1;0;1;0;
91;-0.21271;0.198995;-0.198881;0.198998;-0.212133;0.198915;-0.0600194;0.202605;-0.0955875;0.203525;0.0217017;0.193945;0.0794424;0.000207634;0.0737929;0.000250685;0.129225;-0.000261833;0.92531;0;0.901997;0;1;0;
92;-0.262398;0.247358;-0.247279;0.24736;-0.255023;0.247311;-0.0269274;0.180255;-0.0685586;0.180792;0.0417785;0.175197;0.0669986;0.000120741;0.0557998;0.000145963;0.107448;-0.00015337;1;0;0.902954;0;1;0;
93;-0.286154;0.275142;-0.27509;0.273877;-0.263959;0.275115;0.0205873;0.145522;-0.0327123;0.145836;0.0407058;0.142569;0.0648896;7.00523e-05;0.0325931;-0.0101822;0.0773078;-8.99683e-05;1;0;1;0.641082;1;0;
94;-0.29567;0.289132;-0.28581;0.276063;-0.281923;0.289116;0.0668078;0.096502;0.00895778;0.0966915;0.0377468;0.0947769;0.0595971;4.04978e-05;0.0190308;-0.00126675;0.0451539;-5.2928e-05;1;0;1;1;1;0;
95;-0.302879;0.27909;-0.291084;0.267706;-0.29299;0.292436;0.0765645;0.0396418;0.0326911;0.0290231;0.0454363;0.0278948;0.0348041;0.0710779;0.00484635;0.0632081;0.0263347;0.031;0;0.856127;1;1;0.504066;0.871894;
96;-0.293853;0.231025;-0.299639;0.256715;-0.288078;0.282539;0.116036;0.0351918;0.0904189;-0.0543567;0.0978565;-0.0550177;0.020325;0.141954;0.018817;0.0846007;0.015379;0.0514729;0;1;0.662112;0.819801;0;1;
97;-0.275628;0.176715;-0.279008;0.235475;-0.272256;0.260617;0.168611;0.0264017;0.153652;-0.119626;0.157995;-0.118186;0.0118693;0.202784;0.0110416;0.0962145;0.00898097;0.0677314;0;1;0;0.600559;0;1;
98;-0.246802;0.142777;-0.248776;0.215833;-0.244832;0.23724;0.209413;0.0202326;0.200677;-0.136518;0.203213;-0.129027;0.00693103;0.205098;0.00644778;0.101701;0.00524441;0.0765224;0;1;0;0.815769;0;1;
