1;-0.000363587;0.000116064;9.94837e-05;-0.000363587;0.000116064;9.94837e-05;0.0349769;0.0347456;0.0352595;0.0349769;0.0347456;0.0352595;0.808667;0.808665;0.808666;0.808667;0.808665;0.808666;0;0;0;0;0;0;
2;-0.00802556;-0.00647507;-0.00525365;0.000973874;0.00398876;0.00291291;0.114162;0.116231;0.105615;0.0941882;0.125595;0.12143;0.472326;0.472384;0.472401;0.472325;0.472397;0.472421;1;0.772748;0.965754;1;0.56918;0.680006;
3;-0.00458228;-0.00460595;-0.00450668;-0.00780371;-0.00513057;-0.00597375;0.0667548;0.0639751;0.0717073;0.0721772;0.0565065;0.0519873;0.275849;0.275882;0.275892;0.27584;0.275884;0.275899;0;0;0.0540058;0;0;0;
4;-0.00188165;-0.00879296;-0.00792672;-0.00604419;-0.00333679;-0.00461328;0.11695;0.118731;0.125434;0.0887882;0.0992173;0.0958293;0.161103;0.161122;0.161132;0.161103;0.161132;0.161137;0.376002;0.544636;0.695618;0.365805;0.320203;0.889048;
5;0.00310499;-0.00409359;-0.00393928;-0.00044424;0.00193934;-5.65146e-05;0.134682;0.137556;0.138582;0.131471;0.134891;0.136272;0.131624;0.130111;0.137337;0.109262;0.118664;0.11279;0.743922;0.651104;0.904026;0.667163;0.446101;1;
6;0.004537;-0.00241981;-0.0024821;9.90833e-05;0.00252129;0.000436117;0.12394;0.128118;0.128958;0.137422;0.140351;0.142234;0.123014;0.120228;0.128251;0.120808;0.130277;0.123387;0.846758;0.681735;0.952852;0.640683;0.442653;1;
7;0.00460149;-0.00255613;-0.00256491;-0.000222008;0.00198072;-6.3793e-05;0.122979;0.127539;0.12772;0.141621;0.143157;0.146335;0.117648;0.114685;0.123607;0.119539;0.130398;0.12178;0.874499;0.692048;0.966571;0.661579;0.505136;1;
8;0.00477223;-0.00224988;-0.00227654;-0.000477598;0.00177365;-0.000269528;0.127981;0.13449;0.13295;0.135406;0.135655;0.140712;0.127686;0.122657;0.133986;0.108364;0.120298;0.109235;0.828911;0.634498;0.935532;0.653699;0.540789;1;
9;0.00423386;-0.00275656;-0.00272252;-3.65071e-05;0.00229411;0.000213067;0.124435;0.133002;0.129967;0.133699;0.132907;0.13962;0.131096;0.123094;0.135443;0.108889;0.122412;0.110162;0.804459;0.598822;0.932679;0.62989;0.540073;0.952945;
10;0.00360795;-0.0033431;-0.00335869;0.000301862;0.00251747;0.000541237;0.11653;0.126629;0.121056;0.143212;0.138601;0.147346;0.120423;0.110122;0.124754;0.115094;0.133799;0.119749;0.890215;0.620678;1;0.625178;0.618915;0.93947;
11;0.00297489;-0.00388723;-0.00408008;0.00151014;0.00345457;0.00161551;0.115962;0.128345;0.12093;0.144566;0.138479;0.150312;0.121784;0.107932;0.123619;0.110172;0.131303;0.114784;0.882237;0.582126;1;0.646568;0.690385;0.93388;
12;0.00114941;-0.00520556;-0.00570366;0.00271063;0.00444644;0.00294297;0.118796;0.13563;0.125697;0.138497;0.130593;0.145074;0.133843;0.113203;0.130221;0.0995901;0.124033;0.106154;0.816504;0.502943;1;0.643771;0.737919;0.881563;
13;-0.00219912;-0.00808962;-0.0090264;0.00565644;0.00694647;0.0058825;0.115323;0.130791;0.12042;0.139196;0.131294;0.145819;0.133698;0.111855;0.125386;0.100703;0.127982;0.114006;0.745511;0.519078;1;0.675587;0.732751;0.775646;
14;-0.00574303;-0.0109357;-0.0127665;0.00982396;0.0101629;0.00982052;0.113305;0.125998;0.120888;0.143123;0.136807;0.150397;0.127364;0.105497;0.107933;0.10224;0.131014;0.122775;0.683668;0.57274;1;0.744093;0.733984;0.72878;
15;-0.00914329;-0.0130199;-0.0162378;0.014624;0.0136683;0.0144632;0.129444;0.132004;0.131858;0.124517;0.125823;0.131198;0.126501;0.113811;0.105785;0.103627;0.126177;0.132538;0.518812;0.669784;1;0.843087;0.561727;0.69608;
16;-0.0136829;-0.0160742;-0.0208709;0.0195556;0.0168339;0.0191884;0.149295;0.133099;0.148919;0.109305;0.12692;0.112731;0.123594;0.130106;0.0976697;0.0988022;0.104929;0.140257;0.418087;0.923638;1;1;0.326235;0.788685;
17;-0.0438578;0.00545292;-0.00413045;0.0713887;-0.0251317;0.0705963;0.156786;0.125598;0.184264;0.0604562;0.118534;0.0929357;0.0818693;0.173075;0.0660733;0.106408;0.0612823;0.154997;0.150332;0.843689;1;0.760635;0.407612;0.97096;
18;-0.0878164;0.00196728;-0.00824532;0.10843;-0.0814164;0.105184;0.177615;0.124805;0.227496;-0.00460616;0.130788;0.0486099;0.0478149;0.236724;0.0534885;0.111394;0.0357881;0.17409;0.188514;0.837917;1;0.849266;0;0.909414;
19;-0.103383;-0.000294826;-0.0111077;0.122923;-0.108304;0.11516;0.19481;0.119682;0.259264;-0.0459052;0.164163;0.0117716;0.0279262;0.271532;0.0389431;0.131317;0.0208996;0.198385;0.345168;1;0.72499;0.757998;0;1;
20;-0.0694695;0.0372504;-0.0413973;0.0762068;-0.107989;0.0773235;0.215895;0.123301;0.267845;-0.0745565;0.197995;-0.0457699;0.0161379;0.325108;0.0319251;0.151012;0.0122048;0.15609;0.658342;0.955044;0.290016;0.546386;0;1;
21;-0.0670899;0.0390889;-0.0403638;0.0567263;-0.0752877;0.0573791;0.232405;0.113395;0.258777;-0.0709298;0.22195;-0.0481789;-0.0324567;0.310568;0.0186446;0.173084;0.00712693;0.163412;0.761319;1;0.379133;0.543759;0;1;
22;-0.0811641;0.0176325;0.00805537;0.00116359;-0.011992;0.00152768;0.239602;0.116617;0.253071;-0.068404;0.234637;-0.0692186;-0.0288605;0.326827;0.0108896;0.158975;0.0041615;0.142478;0.695755;0.891701;0;0.63663;0;1;
23;-0.078649;0.0174141;0.0854119;-0.0773195;0.0756477;-0.0817687;0.230625;0.107493;0.230425;-0.0539874;0.225166;-0.0768156;-0.0534143;0.329942;0.01728;0.182608;0.00242967;0.1101;1;0.648731;0;0.451366;0;1;
24;-0.110555;-0.0237964;0.167132;-0.146382;0.161431;-0.16501;0.231795;0.107938;0.222899;-0.0242182;0.192661;-0.0671483;-0.0482735;0.333115;0.0120741;0.160275;0.00141838;0.0843856;1;0.37593;0.0315072;0.724351;0;1;
25;-0.0481574;-0.01472;0.226878;-0.182925;0.223548;-0.225636;0.210027;0.0998678;0.203417;-0.0142909;0.157967;-0.101465;-0.0447247;0.293523;0.0202755;0.159505;0.000827877;0.0381981;1;0.231856;0;0.470911;0;1;
26;0.0579788;-0.0505238;0.26369;-0.198373;0.261745;-0.262966;0.183585;0.0729284;0.17313;0.0103351;0.146587;-0.113787;-0.0261205;0.194573;0.0118403;0.134962;0.000482941;-0.0715907;1;0;0;0.549256;0;1;
27;0.0385336;-0.12929;0.283989;-0.217675;0.282853;-0.283838;0.137683;0.0473151;0.131568;0.0674036;0.116068;-0.0926233;-0.0182018;0.133372;0.00691434;0.117221;0.000281623;-0.0433948;1;0.00302858;0;0.824263;0;1;
28;0.14624;-0.202681;0.293029;-0.219934;0.303396;-0.305387;0.0868035;0.0356325;0.0749127;0.0886532;0.0658654;-0.102404;0.034976;0.0778899;0.00403768;0.0834262;0.0156515;-0.136571;1;0;0;0.233946;0.584922;1;
29;0.190224;-0.240479;0.296167;-0.243736;0.293297;-0.256727;0.00641931;0.0650894;-0.000534853;0.11498;0.0532966;-0.0155423;0.031403;0.0454867;0.00235751;0.0487213;0.144822;-0.167915;1;0;0;0.118232;0.642562;1;
30;0.156498;-0.253251;0.282408;-0.255153;0.241484;-0.267938;-0.0813039;0.123083;-0.0853868;0.152219;0.0459934;0.0759773;0.0506592;0.0265638;-0.00443432;0.0284527;0.232365;-0.1714;1;0;0.356076;0;0.864139;1;
31;0.123373;-0.245555;0.262577;-0.246666;0.226345;-0.25504;-0.12928;0.178238;-0.156223;0.195254;0.0580151;0.135632;0.0645866;0.0155128;0.00372839;0.0166157;0.273673;-0.158067;1;0;0.935352;0;1;1;
32;0.0867281;-0.221403;0.231342;-0.222052;0.222006;-0.246251;-0.149106;0.216151;-0.20329;0.226088;0.0693149;0.156;0.0816586;0.00905887;0.018505;0.00970301;0.277282;-0.132794;1;0;1;0;1;0.915598;
33;0.0711557;-0.183472;0.189279;-0.183851;0.198082;-0.208748;-0.10379;0.238531;-0.130489;0.244334;0.0126104;0.189657;0.117783;0.00529008;0.0518891;0.00566571;0.212363;-0.0775623;1;0;1;0;1;0;
34;0.0276552;-0.130383;0.13378;-0.130604;0.138903;-0.145143;-0.0843685;0.250023;-0.111357;0.253412;-0.0134231;0.221481;0.146518;0.00308834;0.106684;0.00330873;0.155787;-0.0452961;0.703455;0;1;0;1;0;
35;-0.0526006;-0.0571113;0.0591034;-0.0572404;0.0620803;-0.0657314;-0.116156;0.249548;-0.166705;0.248813;0.0229085;0.237076;0.0919272;0.0018031;0.0623153;0.00193169;0.205791;-0.0264531;0.93602;0;1;0;1;0;
36;-0.12311;0.0371287;-0.0359496;0.037053;-0.0342272;0.0320941;-0.0846304;0.232658;-0.126404;0.229826;-0.00177948;0.232353;0.115104;0.00105253;0.0754123;0.00112748;0.170491;-0.0154491;0.736038;0;1;0;1;0;
37;-0.209497;0.132915;-0.132208;0.13287;-0.131215;0.129974;-0.0694722;0.199497;-0.124247;0.208648;0.021537;0.206833;0.0983296;-0.000933117;0.0725669;0.00065816;0.166632;-0.00902247;1;0;0.893333;0;1;0;
38;-0.278567;0.205434;-0.205008;0.205408;-0.204434;0.203716;-0.0397928;0.165541;-0.0984391;0.199814;0.039349;0.197415;0.0903069;-0.000545363;0.0604712;0.000383782;0.155798;-0.00526959;0.943254;0;0.895299;0;1;0;
39;-0.313713;0.251196;-0.250942;0.239938;-0.240453;0.250193;0.00696316;0.156626;-0.0656583;0.176642;0.0434952;0.175241;0.0937399;-0.000318984;0.0529132;-0.00625594;0.125673;-0.00307776;1;0;0.980843;0.346137;1;0;
40;-0.321622;0.277224;-0.261218;0.241647;-0.252722;0.276638;0.0355012;0.129194;-0.0251002;0.140886;0.0463414;0.140065;0.102841;-0.000186725;0.0309038;-0.00621189;0.090426;-0.0017978;0.991873;0;1;0.61687;1;0;
41;-0.319371;0.289501;-0.255821;0.232871;-0.272714;0.289691;0.0691396;0.0835038;0.0133274;0.0931371;0.0574419;0.0898495;0.0854019;0.0214462;0.0180426;0.0261511;0.0528188;-0.00105024;0.605561;0.475491;1;1;1;0;
42;-0.312662;0.259245;-0.272118;0.244157;-0.277714;0.302414;0.0844168;0.0478252;0.040524;0.0253916;0.0601187;0.0205464;0.0498762;0.0959376;0.00477881;0.0589479;0.0308442;0.0506899;0.116532;0.926862;1;0.968256;0;0.961358;
43;-0.298531;0.214614;-0.284395;0.232328;-0.283767;0.292875;0.124596;0.0403617;0.0989686;-0.0604509;0.110406;-0.0600068;0.029127;0.164201;0.00940195;0.09179;0.0180126;0.0769453;0;1;0.797776;0.697358;0;1;
44;-0.276715;0.182673;-0.270114;0.212882;-0.268093;0.27341;0.175359;0.0468438;0.160394;-0.114828;0.167071;-0.116486;0.0170096;0.212003;0.00834681;0.100614;0.0105189;0.0681216;0;1;0.261791;0.527187;0;1;
45;-0.245377;0.136356;-0.241522;0.18575;-0.240341;0.243439;0.213743;0.0234178;0.205004;-0.129225;0.208904;-0.126468;0.00993296;0.220695;0.00487401;0.108515;0.00614254;0.0941056;0;1;0;0.714101;0;1;
46;-0.204571;0.0901837;-0.20232;0.150917;-0.201631;0.203438;0.237307;0.0206405;0.232203;-0.127604;0.234481;-0.11638;0.00580039;0.196525;0.00284601;0.105197;0.0035866;0.0929835;0;1;0;0.616592;0;1;
47;-0.152189;0.0274043;-0.150874;0.105867;-0.150472;0.151532;0.24987;0.0228621;0.246889;-0.138224;0.248219;-0.129408;0.0033869;0.200533;0.00166157;0.0904776;0.00209398;0.0907058;0;1;0;0.811912;0;1;
48;-0.0827573;0.00987965;-0.0819896;0.042745;-0.081755;0.0823863;0.251089;0.00473788;0.250157;-0.119309;0.250961;-0.127178;0.00197739;0.189282;0.000969826;0.109436;0.00122231;0.0831624;0;1;0;0.701746;0;1;
49;0.00790424;-0.0504653;0.00835253;-0.0369189;0.00848947;-0.00810183;0.237625;0.0175793;0.24061;-0.108597;0.232904;-0.137888;0.00115435;0.17809;0.000565917;0.0974111;0.000713182;0.0748268;0;1;0;0.906271;0;1;
50;0.107071;-0.131923;0.107333;-0.124036;0.107413;-0.107166;0.216206;0.0215919;0.216087;-0.084943;0.215239;-0.123281;0.000673639;0.168083;0.000329967;0.0923162;0.000415986;0.0687772;0;1;0;0.982721;0;1;
51;0.187698;-0.202205;0.187851;-0.198577;0.187898;-0.187733;0.208633;0.0336227;0.208563;-0.0546642;0.208068;-0.100583;0.000392994;0.14775;0.000192295;0.0940986;0.000242364;0.0664229;0;1;0;0.97424;0;1;
52;0.236459;-0.246249;0.240616;-0.249949;0.240644;-0.240533;0.187082;0.0468288;0.187042;-0.0198742;0.186752;-0.0755791;-0.000650859;0.128097;0.000111845;0.088488;0.000141022;0.0559105;0.286377;1;0;1;0;1;
53;0.256726;-0.254577;0.271439;-0.277563;0.271456;-0.271386;0.153678;0.0424059;0.153653;0.0254614;0.153485;-0.0405163;-0.0155057;0.102194;6.49128e-05;0.0912596;8.18685e-05;0.0326575;0.803463;1;0;0.889729;0;1;
54;0.253291;-0.277268;0.287467;-0.289509;0.287476;-0.284045;0.106949;0.0484376;0.106927;0.0652862;0.106829;0.0026375;-0.00892737;0.0596947;3.74913e-05;0.0934242;4.74161e-05;0.019068;1;0.95399;0;0.546147;0;1;
55;0.250999;-0.284542;0.295709;-0.293444;0.278937;-0.287481;0.0425073;0.0553068;0.042484;0.0770441;0.053429;0.0245591;0.0448485;0.0348605;0.0270254;0.054562;0.0714548;0.00877233;1;0.411202;1;0.0241777;0.781788;1;
56;0.248828;-0.289173;0.293507;-0.28998;0.237087;-0.298467;-0.0393047;0.0964419;-0.0393189;0.109137;0.0408743;0.0784904;0.076743;0.020358;0.0671871;0.0318634;0.141155;0.00665122;0.961471;0;1;0;0.979514;0.951164;
57;0.23147;-0.275582;0.273337;-0.276053;0.184924;-0.281009;-0.115758;0.153667;-0.10815;0.161081;0.0461903;0.143184;0.0930524;0.0118887;0.067441;0.0186077;0.199307;0.00388403;0.734056;0;1;0;1;0.271034;
58;0.190109;-0.250218;0.236163;-0.250493;0.159298;-0.253388;-0.127425;0.199827;-0.127953;0.204157;0.0247223;0.193705;0.103471;0.00694255;0.0786704;0.0108662;0.215353;0.00226775;0.805651;0;1;0;1;0;
59;0.170801;-0.214051;0.20584;-0.214212;0.0996701;-0.215903;-0.133235;0.229206;-0.116897;0.231735;0.0146706;0.225631;0.0991563;0.00405379;0.0933879;0.00634544;0.19959;0.00132396;0.789939;0;1;0;1;0;
60;0.13304;-0.166422;0.161629;-0.166515;0.0515588;-0.167502;-0.141076;0.245606;-0.128708;0.247083;0.0189548;0.243518;0.0852628;0.00236682;0.0883113;0.00370516;0.19969;0.000772717;1;0;1;0;1;0;
61;0.0776326;-0.103019;0.10023;-0.103073;0.0359129;-0.10365;-0.130699;0.250229;-0.132259;0.253784;0.00926409;0.2518;0.106425;0.00138165;0.0868979;0.00216329;0.181721;0.000450766;0.918269;0;1;0;1;0;
62;0.00354707;-0.0183888;0.0167766;-0.0184204;-0.0208026;-0.0187573;-0.115645;0.241699;-0.134108;0.240487;3.36758e-05;0.242103;0.0901381;0.000806246;0.0730769;0.00126288;0.190416;0.000262798;1;0;1;0;1;0;
63;-0.0895891;0.0809054;-0.0818295;0.0808868;-0.10379;0.08069;-0.0986568;0.22407;-0.12808;0.220466;0.0144351;0.221551;0.0775374;0.000470326;0.0674478;0.000737006;0.172834;0.000152919;1;0;1;0;1;0;
64;-0.173586;0.168502;-0.169027;0.168491;-0.181861;0.168376;-0.0695178;0.207513;-0.101949;0.200259;0.0120338;0.20554;0.0894048;0.000274193;0.0695716;0.000430124;0.158756;8.89719e-05;1;0;1;0;1;0;
65;-0.231598;0.228621;-0.228917;0.228614;-0.236415;0.228547;-0.0388644;0.191456;-0.082457;0.18722;0.0453756;0.190304;0.0677507;0.000159523;0.0569695;0.000250689;0.130044;5.14761e-05;1;0;1;0;1;0;
66;-0.264857;0.264695;-0.264867;0.25607;-0.253158;0.264652;0.00179487;0.162451;-0.0498739;0.159976;0.0450171;0.161778;0.0780869;9.26574e-05;0.0410538;-0.0186646;0.0996088;2.96614e-05;1;0;1;0.624855;1;0;
67;-0.282201;0.284219;-0.284317;0.249823;-0.276327;0.284193;0.038963;0.120426;-0.0113526;0.118984;0.048956;0.120033;0.0755641;5.36915e-05;0.0239745;-0.0109383;0.0694008;1.69018e-05;0.976239;0;1;1;0.885297;0;
68;-0.288074;0.292503;-0.285068;0.241986;-0.286947;0.290702;0.074224;0.0616793;0.043753;0.0639902;0.0629912;0.0614445;0.0489272;0.0320438;-0.0302427;0.0400378;0.0405307;0.0084978;0.323202;0.756942;1;1;0.644365;0.483251;
69;-0.291515;0.24217;-0.307588;0.257129;-0.289045;0.299511;0.0954454;0.0359778;0.0795789;-0.0147139;0.0888842;-0.016204;0.0285729;0.11505;-0.0261817;0.0602006;0.0208636;0.0644761;0;1;1;0.967238;0;1;
70;-0.280841;0.221612;-0.291739;0.238059;-0.279398;0.284102;0.146125;0.034581;0.136863;-0.0913523;0.142293;-0.0910593;0.016686;0.176846;-0.0122952;0.102824;0.0121839;0.0701361;0;1;1;0.616612;0;1;
71;-0.258519;0.149658;-0.264883;0.208733;-0.257676;0.252934;0.193442;0.0236005;0.188033;-0.135942;0.191204;-0.128848;0.00974399;0.223898;-0.00718082;0.0889538;0.007115;0.0728645;0;1;0;0.72521;0;1;
72;-0.225177;0.133376;-0.228894;0.177697;-0.224685;0.22191;0.225292;0.00510182;0.222134;-0.127142;0.223985;-0.11884;0.00568999;0.203538;-0.00419401;0.105115;0.00415458;0.0852958;0;1;0;0.73909;0;1;
73;-0.180928;0.0573312;-0.183099;0.148634;-0.180641;0.179023;0.243691;0.00390323;0.241846;-0.140922;0.242927;-0.125562;0.00332251;0.204527;-0.00244972;0.0861111;0.00242563;0.0926291;0;1;0;0.773791;0;1;
74;-0.122458;-0.000881176;-0.123726;0.097914;-0.12229;0.121354;0.252631;0.00878538;0.251554;-0.140598;0.252185;-0.126683;0.00193975;0.1878;-0.00143113;0.0778908;0.00141602;0.0901719;0;1;0;0.9198;0;1;
75;-0.0438876;-0.0281421;-0.044628;0.0262078;-0.0437903;0.043259;0.246281;-0.00469575;0.246837;-0.122497;0.246133;-0.127354;0.00113235;0.178459;-0.000836244;0.0926086;0.000826325;0.0821396;0;1;0;0.894687;0;1;
76;0.0534545;-0.0955172;0.053022;-0.063798;0.0535112;-0.0538031;0.229786;0.0146191;0.229438;-0.114774;0.227631;-0.136198;0.000660811;0.168573;-0.000488856;0.0820584;0.000481978;0.0714113;0;1;0;1;0;1;
77;0.146928;-0.171486;0.146675;-0.152986;0.146961;-0.147114;0.206542;0.0157525;0.198541;-0.0779904;0.202601;-0.110913;0.000385448;0.144131;-0.000285973;0.0875274;0.000280927;0.0723502;0;1;0;1;0;1;
78;0.21478;-0.229115;0.214632;-0.218331;0.2148;-0.214876;0.195679;0.034656;0.191007;-0.0501595;0.193378;-0.0934838;0.000224716;0.129382;-0.000167399;0.0782567;0.000163482;0.0649381;0;1;0;0.981589;0;0.888107;
79;0.256705;-0.265071;0.256619;-0.258788;0.256717;-0.256752;0.170733;0.0478195;0.168004;-0.0115499;0.169389;-0.0607417;0.000130827;0.100127;-9.82015e-05;0.0733296;9.49922e-05;0.0493454;0.12659;1;0;0.774533;0;0.891029;
80;0.2678;-0.283484;0.280082;-0.281162;0.280139;-0.280158;0.132923;0.0433539;0.131327;0.0368011;0.132136;-0.0197668;-0.00639197;0.0744337;-5.77557e-05;0.068445;5.50255e-05;0.0288211;1;1;0;1;0;1;
81;0.265191;-0.293109;0.291121;-0.290554;0.292049;-0.287691;0.0794884;0.0537517;0.0785476;0.0697736;0.0790219;0.024026;0.0310132;0.0434732;-3.40225e-05;0.0567504;0.0127943;-0.00689179;1;0.941789;0;0.718675;0.400229;1;
82;0.269877;-0.297232;0.294104;-0.295472;0.248306;-0.310276;0.00672891;0.0695879;0.00617153;0.0811427;0.0402;0.059777;0.0594505;0.0253863;0.0465244;0.0331426;0.0972111;-0.0143835;1;0;1;0.00346963;0.776057;1;
83;0.246321;-0.287602;0.279037;-0.286574;0.228763;-0.29539;-0.0722602;0.122293;-0.0780337;0.129041;0.0357966;0.116569;0.10311;0.0148252;0.0649761;0.0193547;0.162943;0.00165369;0.986347;0;1;0;1;0.519544;
84;0.212027;-0.267397;0.241276;-0.266796;0.156237;-0.271945;-0.128306;0.176545;-0.127902;0.180486;0.0265297;0.173202;0.0947407;0.00865752;0.0618017;0.0113025;0.219687;0.000965319;0.997583;0;1;0;1;0;
85;0.160312;-0.23632;0.182633;-0.23597;0.138215;-0.238976;-0.123996;0.214945;-0.138892;0.217246;0.00750909;0.212992;0.124741;0.00505541;0.0812686;0.00660018;0.198996;0.000563283;1;0;1;0;1;0;
86;0.147705;-0.194857;0.163364;-0.194653;0.0699094;-0.196408;-0.137379;0.237909;-0.132693;0.239254;0.00690862;0.236769;0.0960495;0.00295171;0.0796975;0.00385402;0.206747;0.000328546;1;0;1;0;1;0;
87;0.113083;-0.140626;0.122238;-0.140507;0.0247071;-0.141532;-0.137959;0.249878;-0.131157;0.250663;0.0061371;0.249212;0.0891844;0.00172326;0.0795218;0.00225017;0.197528;0.000191302;1;0;1;0;1;0;
88;0.0518652;-0.0679604;0.05723;-0.0678902;0.000261663;-0.0684891;-0.123435;0.247956;-0.133425;0.247951;0.000106606;0.247246;0.102251;0.00100572;0.0802936;0.00131362;0.177097;0.000111276;1;0;1;0;1;0;
89;-0.0350123;0.0256038;-0.0318611;0.0256448;-0.06514;0.025295;-0.116373;0.23249;-0.143733;0.232692;0.0163143;0.237129;0.0841157;0.000586747;0.0704212;0.000766678;0.170744;6.44887e-05;1;0;1;0;1;0;
90;-0.12869;0.123192;-0.12684;0.123215;-0.146278;0.123011;-0.0860707;0.210228;-0.118298;0.210273;0.0137094;0.208954;0.087824;0.000342129;0.0682099;0.000447256;0.153617;3.71567e-05;1;0;1;0;1;0;
91;-0.202112;0.198908;-0.20104;0.198921;-0.212387;0.198802;-0.0607455;0.20239;-0.103487;0.201375;0.0351913;0.200339;0.0758536;0.000199214;0.0635746;0.00026082;0.138644;2.13145e-05;1;0;0.932677;0;1;0;
92;-0.24917;0.247307;-0.248556;0.247315;-0.255177;0.247245;-0.0257711;0.180129;-0.0730447;0.179536;0.0488184;0.178932;0.0703419;0.000115845;0.0504373;0.000151857;0.114684;1.19946e-05;1;0;0.935799;0;1;0;
93;-0.27046;0.275112;-0.275845;0.265596;-0.275471;0.275076;0.019641;0.145449;-0.0315335;0.145103;0.0495664;0.14475;0.069963;6.718e-05;0.0294611;-0.00874983;0.0811471;6.60773e-06;1;0;1;0.461866;1;0;
94;-0.280565;0.289114;-0.289542;0.272639;-0.289322;0.289093;0.0702675;0.0964591;0.00754821;0.096263;0.0457702;0.0960505;0.0627783;3.8834e-05;0.0172013;-0.0029387;0.0473985;3.4712e-06;1;0.00640226;1;0.769084;0.822758;0;
95;-0.288242;0.27542;-0.293941;0.265094;-0.306181;0.290499;0.0780746;0.0392963;0.0320053;0.0334503;0.0527553;0.0286393;0.0366622;0.0867869;0.00990453;0.0534746;0.0276783;0.0334999;0.0819519;0.903373;1;0.602451;0.302211;0.908432;
96;-0.285305;0.232307;-0.302407;0.24804;-0.295782;0.274984;0.116918;0.0360896;0.0900185;-0.0517708;0.102131;-0.0545824;0.0214101;0.144121;0.015461;0.0905256;0.0161637;0.0617941;0;1;0.724512;0.59505;0;1;
97;-0.270636;0.167476;-0.280624;0.218498;-0.276755;0.237582;0.169126;0.032103;0.153418;-0.118592;0.160491;-0.121291;0.012503;0.204982;0.00937928;0.0949887;0.00943921;0.0639918;0;1;0;0.448937;0;1;
98;-0.243886;0.146015;-0.24972;0.162643;-0.247459;0.185498;0.209714;0.0154046;0.20054;-0.115073;0.204671;-0.144755;0.00730122;0.198677;0.00547695;0.104859;0.00551197;0.08734;0;1;0;0.631106;0;1;
