1;-0.000363588;0.000116064;9.94837e-05;-0.000363588;0.000116064;9.94837e-05;0.0349769;0.0347456;0.0352594;0.0349769;0.0347456;0.0352595;0.808667;0.808665;0.808666;0.808667;0.808665;0.808666;0;0;0;0;0;0;
2;4.98979e-05;0.00258239;0.000887176;-0.000737462;0.000635383;5.60913e-05;0.215334;0.215391;0.221857;0.213242;0.211606;0.213123;0.47254;0.472551;0.472576;0.472545;0.472548;0.47256;0.662969;0.396582;0.284713;0.542247;0.603671;1;
3;-0.0156476;0.00453147;0.00607011;-0.00661309;0.0208655;0.000624379;0.132662;0.12571;0.129653;0.124453;0.132383;0.124383;0.275985;0.275993;0.276005;0.275986;0.27599;0.275995;0.677348;0.880804;0.512151;1;0.753998;1;
4;-0.00850334;0.00201178;0.00417982;-0.004497;0.01282;-0.00330746;0.0774517;0.0734505;0.0756974;0.0727157;0.0772892;0.0726737;0.161182;0.161189;0.161196;0.161185;0.161185;0.161189;0.730714;0.835195;1;0.517378;0.666193;0.72569;
5;-0.00408976;0.000298832;0.00331714;-0.00350239;0.00836291;-0.00280776;0.0449796;0.0431569;0.0447299;0.0427277;0.0448863;0.0427017;0.0941328;0.0941391;0.0941428;0.0941367;0.0941356;0.094138;0.714778;0.626369;1;0.823078;0.66819;0.865923;
6;-0.001281;-0.000932789;0.00304456;-0.00315281;0.00599126;-0.00322266;0.025983;0.0299791;0.0324299;0.0305024;0.0309031;0.031678;0.0549761;0.0549801;0.0549826;0.0549789;0.0549783;0.0549793;0.817764;0.807336;0.976023;0.721291;0.670095;0.840448;
7;0.000495215;-0.00178797;0.00278969;-0.0029302;0.00474218;-0.00315077;0.0270453;0.0311114;0.0320098;0.0328497;0.0316321;0.0324752;0.0321085;0.0321108;0.032113;0.0321102;0.0321104;0.0321106;0.835982;0.886323;1;0.66864;0.712857;0.909446;
8;0.00142278;-0.0021777;0.00247694;-0.00284482;0.003903;-0.00297365;0.0238415;0.0302068;0.0310327;0.031929;0.0304199;0.0337021;0.0187539;0.0187549;0.0187571;0.0187547;0.0187556;0.0187551;0.825017;0.864387;1;0.582358;0.725609;0.913204;
9;0.00137469;-0.00181012;0.0019849;-0.00219975;0.00281772;-0.002275;0.0202797;0.0306815;0.0268622;0.0323686;0.0287605;0.0334861;0.0109549;0.0109549;0.0109573;0.0109551;0.0109566;0.0109553;0.835613;0.673849;1;0.5451;0.755963;0.887734;
10;-9.25148e-05;-0.000161813;0.000263918;-0.000389379;0.00075029;-0.000433336;0.0198506;0.0295673;0.0262732;0.0352558;0.0295401;0.0362268;0.0064004;0.00639929;0.00640233;0.00639986;0.00640223;0.00640013;0.887364;0.779275;1;0.539319;0.803768;0.896773;
11;-0.00370003;0.00355156;-0.00349194;0.00341864;-0.00320786;0.00339296;0.0177804;0.0298154;0.023816;0.0373972;0.0287649;0.0383051;0.00374067;0.00373848;0.00587127;0.00373948;0.00739058;0.00373973;0.907339;0.701089;1;0.533768;0.836232;0.909569;
12;-0.0104606;0.0103739;-0.010339;0.0102962;-0.0101731;0.0102812;0.0154358;0.0295485;0.0211357;0.0392123;0.0280028;0.0399429;0.0034342;0.00218436;0.00578754;0.00218571;0.00868805;0.00218597;0.928977;0.629307;1;0.550089;0.866091;0.954651;
13;-0.0215669;0.0215163;-0.021496;0.021471;-0.021399;0.0214622;0.0153066;0.029991;0.0208128;0.040237;0.0280305;0.0407227;0.00378729;0.00127667;0.00589977;0.00127828;0.00925842;0.00127851;0.943091;0.561254;1;0.602278;0.878008;1;
14;-0.0380915;0.0380619;-0.0380501;0.0380354;-0.0379933;0.0380303;0.0174533;0.0295878;0.0225369;0.038149;0.0284723;0.0382191;0.00428425;0.000746916;0.00545326;0.00074849;0.00735416;0.000748716;0.91111;0.477641;1;0.670712;0.830862;1;
15;-0.0603267;0.0603094;-0.0603026;0.060294;-0.0602693;0.060291;0.0236028;0.027675;0.0301172;0.0283605;0.0278643;0.0297007;0.00250447;0.00160192;0.00318758;0.00204459;0.00429771;0.00407788;0.804805;0.631577;0.826946;0.764017;0.69618;1;
16;-0.0867471;0.0867369;-0.0867329;0.086728;-0.0867134;0.0867262;0.040184;0.0251676;0.0487727;0.0119453;0.0334477;0.0167742;0.00146395;0.0135491;0.00186364;0.00620063;0.00251048;0.00809342;0.582744;0.918596;1;0.912811;0.364225;1;
17;-0.113126;0.11312;-0.113118;0.113115;-0.113106;0.113114;0.0563446;0.0106101;0.0613625;-0.0258959;0.0524103;-0.0230737;0.000854769;0.0200989;0.00108917;0.00736442;0.00146575;0.00964432;0.0470002;1;0.714852;0.863351;0;1;
18;-0.132805;0.132801;-0.1328;0.132798;-0.132793;0.132798;0.0944699;-0.0521604;0.0974003;-0.0766845;0.0921723;-0.0750307;0.0004988;0.0404395;0.000635694;0.00856534;0.000855618;0.0118678;0;1;0;0.716616;0;1;
19;-0.138314;0.138313;-0.138312;0.13831;-0.138308;0.13831;0.142953;-0.118231;0.144665;-0.132564;0.141612;-0.131593;0.000290919;0.0256733;0.000370859;0.00500403;0.000499268;0.00693407;0;1;0;0.537508;0;1;
20;-0.123568;0.123568;-0.123567;0.123566;-0.123564;0.123566;0.185608;-0.17116;0.186608;-0.179539;0.184825;-0.178968;0.000169474;0.0149962;0.00021615;0.00292349;0.000291116;0.0040513;0;1;0;0.571948;0;1;
21;-0.0843861;0.0843863;-0.0843852;0.0843848;-0.0843838;0.0843847;0.214717;-0.192205;0.2153;-0.21117;0.214259;-0.210833;9.85242e-05;0.00875872;0.000125779;0.0017078;0.000169516;0.00236663;0;1;0;0.599746;0;1;
22;-0.0173052;0.0173056;-0.0173047;0.0173045;-0.0173038;0.0173044;0.230413;-0.186256;0.230754;-0.228339;0.230145;-0.217996;5.70419e-05;0.00511504;7.29591e-05;0.000997426;9.84729e-05;0.00138216;0;1;0;0.649757;0;1;
23;0.0725452;-0.0725446;0.0725455;-0.0725456;0.0725463;-0.0725455;0.228167;-0.166138;0.22821;-0.211233;0.229583;-0.207706;3.28416e-05;0.00298728;4.21044e-05;0.000582359;5.6967e-05;0.000807395;0;1;0;0.686417;0;1;
24;0.159618;-0.159618;0.159619;-0.159619;0.159619;-0.159619;0.203875;-0.13391;0.203218;-0.172845;0.222776;-0.181535;1.8816e-05;0.00223655;2.42368e-05;-0.00752125;3.27632e-05;-0.00542993;0;1;0;0.775816;0;1;
25;0.22249;-0.222491;0.22249;-0.22249;0.222491;-0.22249;0.192307;-0.08146;0.191923;-0.124489;0.203345;-0.15014;1.04414e-05;0.0158943;1.35979e-05;-0.00439105;1.85703e-05;-0.00317024;0;1;0;0.862116;0;1;
26;0.261127;-0.261129;0.261127;-0.261128;0.261128;-0.261128;0.166641;-0.0244286;0.166417;-0.0657923;0.173088;-0.104725;5.69847e-06;0.0331199;7.55098e-06;0.0104664;1.0305e-05;-0.00185038;0;1;0;0.952595;0;1;
27;0.282492;-0.282494;0.282492;-0.282493;0.282493;-0.282493;0.127781;0.0219299;0.127648;0.0276367;0.131544;-0.0327988;0.00535697;0.0283695;3.96931e-06;0.0455801;5.60797e-06;-0.00107963;0.510231;1;0;1;0;0.741357;
28;0.292154;-0.292156;0.292154;-0.292155;0.292154;-0.292155;0.072707;0.0648714;0.0726287;0.0679348;0.074902;0.0703919;0.00565699;0.0190193;0.0211752;0.0266241;0.00896472;0.0227669;0.758515;0.885018;1;0.862498;0.721742;1;
29;0.292412;-0.293123;0.291698;-0.292764;0.291766;-0.294035;-0.00181745;0.0821654;-0.00185492;0.0839549;-0.000523899;0.0853906;0.00732379;0.0111069;0.0233654;0.0155483;0.0307223;0.0132962;0.578233;0;1;0;1;0.210503;
30;0.283579;-0.283995;0.283162;-0.283785;0.283202;-0.284527;-0.0861312;0.133056;-0.0861435;0.134101;-0.0853626;0.134939;0.00427892;0.006486;0.0191074;0.00907979;0.0252653;0.00776456;0.887976;0;1;0;1;0;
31;0.263267;-0.26351;0.263024;-0.263387;0.263047;-0.263821;-0.156657;0.184062;-0.156657;0.184673;-0.156197;0.185162;0.00250006;0.00378736;0.0111617;0.00530213;0.0147589;0.00453403;0.909185;0;1;0;1;0;
32;0.231747;-0.231888;0.231604;-0.231817;0.231618;-0.23207;-0.203547;0.219553;-0.203542;0.219909;-0.20327;0.220195;0.00146053;0.00221132;0.00651933;0.00309594;0.00862072;0.00264738;0.7641;0;1;0;1;0;
33;0.189512;-0.189595;0.18943;-0.189553;0.189438;-0.189701;-0.23117;0.240518;-0.231163;0.240726;-0.207181;0.240893;0.000852926;0.00129087;0.00380704;0.00180752;0.00503425;0.00154557;0.727277;0;1;0;1;0;
34;0.13391;-0.133958;0.133861;-0.133934;0.133866;-0.13402;-0.245723;0.251183;-0.228936;0.251305;-0.20234;0.251402;0.000497767;0.000753318;0.00222267;0.00105503;0.00293975;0.000902046;0.780446;0;1;0;1;0;
35;0.0591712;-0.0591995;0.059143;-0.0591851;0.059146;-0.0592356;-0.238972;0.250101;-0.225124;0.248627;-0.191934;0.249128;0.000290121;0.000439381;0.0012976;0.000615601;0.00171665;0.000526255;1;0;1;0;1;0;
36;-0.0359256;0.035909;-0.0359421;0.0359175;-0.03594;0.035888;-0.218358;0.227084;-0.213087;0.234603;-0.170538;0.235124;0.000169148;0.000256035;0.000757595;0.000358961;0.00100287;0.000306782;1;0;1;0;1;0;
37;-0.132212;0.132202;-0.132222;0.132207;-0.13222;0.13219;-0.183278;0.203843;-0.191658;0.201215;-0.14713;0.202522;-0.00625073;0.000149034;-0.00531158;0.000209359;0.000586965;0.00017888;1;0;1;0;1;0;
38;-0.205023;0.205017;-0.205029;0.20502;-0.205028;0.20501;-0.138748;0.170454;-0.15834;0.173217;-0.0842553;0.175819;-0.00364939;8.67004e-05;-0.00310144;0.000121657;0.024315;0.000103838;0.95306;0;1;0;1;0;
39;-0.250956;0.250953;-0.250959;0.250954;-0.250959;0.250949;-0.0860396;0.159495;-0.117144;0.161109;-0.0329609;0.162629;0.00946219;5.00312e-05;-0.00181018;7.06222e-05;0.0304081;6.02153e-05;1;0;0.953398;0;1;0;
40;-0.277084;0.277082;-0.277086;0.277083;-0.277087;0.277079;-0.000786896;0.130869;-0.059049;0.131813;0.0323207;0.132699;0.0277882;2.87544e-05;-0.00105592;0.00277313;0.0456526;3.47908e-05;1;0;1;0.320012;1;0;
41;-0.289952;0.28995;-0.289953;0.28995;-0.289954;0.289949;0.0499998;0.0844795;0.0503319;0.0850361;0.0612171;0.0855499;0.0240214;1.65163e-05;0.0220561;0.00937065;0.0266681;0.0033608;1;0.157486;1;0.712766;1;1;
42;-0.293162;0.290784;-0.293162;0.29316;-0.293163;0.293159;0.0613703;0.0194703;0.0918901;0.0177343;0.0565965;0.0180411;0.014029;0.0359961;0.0128822;0.00607114;0.0155743;0.025353;0.365446;1;0.532857;0.519232;0.108086;1;
43;-0.287143;0.28585;-0.287143;0.287142;-0.287143;0.287141;0.111137;-0.0639089;0.12896;-0.0649393;0.108349;-0.0647483;0.00819244;0.0406992;0.00752262;0.00354715;0.00909499;0.0293736;0;1;0;0.281502;0;1;
44;-0.270065;0.26931;-0.270065;0.270064;-0.270065;0.270064;0.167498;-0.139904;0.177907;-0.140518;0.16587;-0.140398;0.00478399;0.0242966;0.00439277;0.00451596;0.00531099;0.0171582;0;1;0;0.392851;0;1;
45;-0.241493;0.241052;-0.241493;0.241492;-0.241493;0.241492;0.209153;-0.193028;0.215232;-0.193395;0.208202;-0.19332;0.00279338;0.0141915;0.00256493;0.0026382;0.00310114;0.010022;0;1;0;0.392506;0;1;
46;-0.202303;0.202045;-0.202303;0.202302;-0.202303;0.202302;0.234627;-0.208618;0.238177;-0.225423;0.234071;-0.225375;0.00163082;0.00828851;0.0014974;0.00154107;0.00181053;0.00585321;0;1;0;0.415777;0;1;
47;-0.150865;0.150714;-0.150865;0.150864;-0.150865;0.150864;0.248304;-0.206247;0.250378;-0.242928;0.24798;-0.22992;0.000951876;0.00483972;0.00087395;0.000899919;0.00105679;0.0034179;0;1;0;0.421329;0;1;
48;-0.081984;0.0818967;-0.081984;0.0819838;-0.081984;0.0819839;0.251013;-0.197797;0.251545;-0.242952;0.252371;-0.224641;0.000555387;0.00282571;0.000509832;0.000525143;0.000616606;0.00199585;0;1;0;0.518174;0;1;
49;0.00835573;-0.00840635;0.00835569;-0.00835581;0.00835582;-0.00835575;0.239671;-0.179751;0.240207;-0.22684;0.234121;-0.216442;0.000323811;0.00164982;0.000297221;0.000306394;0.000359514;0.0011655;0;1;0;0.79294;0;1;
50;0.107334;-0.107364;0.107334;-0.107334;0.107335;-0.107334;0.215889;-0.150521;0.215594;-0.200129;0.213249;-0.201163;0.000188597;0.000963673;0.000173052;-0.00224526;0.00020941;0.000680962;0;1;0;0.988155;0;1;
51;0.187852;-0.18787;0.187852;-0.187852;0.187852;-0.187852;0.194776;-0.11417;0.185473;-0.149623;0.177354;-0.167728;0.000109758;0.00524917;0.00010076;-0.00418842;0.000121777;-0.00455744;0;1;0;1;0;1;
52;0.240616;-0.240628;0.240616;-0.240616;0.240617;-0.240616;0.17899;-0.0539913;0.173557;-0.103496;0.168815;-0.130941;6.35998e-05;0.0221328;5.83118e-05;0.00982202;7.06014e-05;-0.00266069;0;1;0;1;0;1;
53;0.27144;-0.271448;0.27144;-0.27144;0.27144;-0.27144;0.148951;0.00915303;0.145779;-0.016019;0.143009;-0.0841899;3.67674e-05;0.0309399;3.37192e-05;0.0170783;4.07162e-05;-0.00155285;0;1;0;1;0;1;
54;0.287466;-0.287472;0.287466;-0.287467;0.287467;-0.287467;0.104186;0.0483645;0.102328;0.0388211;0.100711;0.0180962;0.0102863;0.0297617;1.9302e-05;0.0305216;2.33583e-05;0.0136805;0.844688;1;0;1;0;1;
55;0.293158;-0.293162;0.293158;-0.293159;0.293158;-0.293159;0.0408863;0.0735569;0.0398055;0.0726571;0.0388627;0.0834993;0.0103219;0.0173827;0.0275642;0.017826;0.0262587;0.0155536;0.641752;0.0439351;1;0.0920093;1;0.528982;
56;0.289812;-0.289815;0.286214;-0.289813;0.289813;-0.289813;-0.0402643;0.1071;-0.0408821;0.106574;-0.041326;0.112906;0.00602989;0.010151;0.0389307;0.0104098;0.0412878;0.0090827;0.528616;0;1;0;1;0;
57;0.275955;-0.275956;0.273853;-0.275955;0.275955;-0.275955;-0.120858;0.159891;-0.121212;0.159585;-0.121467;0.163282;0.00352296;0.00592773;0.0227396;0.0060789;0.024118;0.00530391;0.486665;0;1;0;1;0;
58;0.250436;-0.250437;0.249208;-0.250436;0.250436;-0.250436;-0.180666;0.203462;-0.180866;0.203283;-0.181012;0.205443;0.00205823;0.00346132;0.013282;0.00354963;0.0140876;0.00309703;0.810399;0;1;0;1;0;
59;0.214179;-0.214179;0.213462;-0.214179;0.214179;-0.214179;-0.218015;0.231329;-0.218127;0.231224;-0.210911;0.232486;0.00120218;0.00202088;0.00775709;0.00207247;0.00822775;0.00180813;0.764328;0;1;0;1;0;
60;0.166496;-0.166496;0.166077;-0.166496;0.166496;-0.166496;-0.23907;0.246846;-0.231229;0.246785;-0.203333;0.247521;0.000701765;0.00117966;0.00452959;0.00120978;0.00480475;0.00105542;0.829965;0;1;0;1;0;
61;0.103062;-0.103062;0.102818;-0.103062;0.103062;-0.103062;-0.247586;0.253743;-0.227785;0.253707;-0.198579;0.25392;0.000409282;0.000688361;0.00264484;0.000705966;0.00280584;0.000615803;0.916141;0;1;0;1;0;
62;0.0184141;-0.0184141;0.0182715;-0.0184141;0.0184147;-0.0184142;-0.231473;0.238419;-0.219589;0.243949;-0.182752;0.243646;0.000238498;0.000401437;0.00154427;0.000411737;0.00163864;0.000359085;1;0;1;0;1;0;
63;-0.0808904;0.0808906;-0.0809737;0.0808904;-0.0808899;0.0808904;-0.20569;0.217932;-0.205773;0.225925;-0.158458;0.226342;-0.000731889;0.000233905;0.000901899;0.000239937;0.000957666;0.000209171;1;0;1;0;1;0;
64;-0.168493;0.168493;-0.168541;0.168493;-0.168493;0.168493;-0.167491;0.18841;-0.180106;0.218444;-0.119766;0.218688;-0.0113982;0.000136065;-0.0108781;0.000139625;0.00591343;0.000121651;1;0;1;0;1;0;
65;-0.228615;0.228615;-0.228643;0.228615;-0.228615;0.228615;-0.119669;0.1803;-0.142934;0.19784;-0.0591911;0.197982;-0.00665504;7.89764e-05;-0.00635205;8.10746e-05;0.021072;7.05682e-05;1;0;1;0;1;0;
66;-0.264692;0.264691;-0.264708;0.264691;-0.264692;0.264691;-0.053971;0.155936;-0.0935705;0.166179;-0.000621031;0.166262;0.022208;4.56183e-05;-0.00370832;4.69377e-05;0.0312035;4.07836e-05;1;0;1;0;1;0;
67;-0.284217;0.284217;-0.284226;0.284216;-0.284218;0.284216;0.0398971;0.116621;-0.0173371;0.122606;0.0379056;0.122652;0.0371807;2.61884e-05;0.0134135;0.00105741;0.029701;2.34258e-05;1;0;1;0.283149;1;0;
68;-0.29249;0.292489;-0.292495;0.292488;-0.29249;0.292489;0.0640115;0.0594579;0.0701818;0.0629527;0.0689658;0.0629807;0.0217177;0.0153761;0.0254856;0.0103026;0.0173499;0.023633;0.771014;0.801231;0.648735;0.658036;0.470301;1;
69;-0.291686;0.281639;-0.291779;0.287024;-0.292115;0.287845;0.0894814;-0.0142392;0.0930847;-0.0153331;0.0923743;-0.0153054;0.0126827;0.048367;0.0148832;0.00601879;0.0101318;0.0319588;0;1;0;0.385139;0;1;
70;-0.280941;0.275074;-0.280995;0.278218;-0.281192;0.278698;0.142642;-0.0986864;0.144746;-0.0993379;0.144332;-0.099313;0.0074063;0.0426131;0.00869137;0.00351692;0.00591652;0.0243881;0;1;0;0.427187;0;1;
71;-0.258577;0.255151;-0.258609;0.256987;-0.258724;0.257267;0.191408;-0.165725;0.192637;-0.166117;0.192394;-0.166095;0.00432479;0.0248907;0.00507526;0.00205521;0.00345479;0.0142457;0;1;0;0.549763;0;1;
72;-0.225212;0.22321;-0.22523;0.224283;-0.225297;0.224446;0.224105;-0.198774;0.224822;-0.209333;0.224681;-0.209316;0.00252521;0.0145375;0.0029635;0.00120077;0.00201708;0.00832037;0;1;0;0.568966;0;1;
73;-0.180948;0.179779;-0.180959;0.180405;-0.180998;0.180501;0.242997;-0.203834;0.243416;-0.234369;0.243333;-0.23433;0.00147418;0.00849061;0.00173012;0.000701726;0.00117743;0.00485909;0;1;0;0.635283;0;1;
74;-0.12247;0.121787;-0.122476;0.122153;-0.122499;0.122209;0.252226;-0.201665;0.252471;-0.247186;0.252422;-0.227664;0.00086041;0.00495774;0.00100987;0.00041003;0.000687043;0.00283729;0;1;0;0.83782;0;1;
75;-0.0438947;0.0434966;-0.0438985;0.0437098;-0.0439117;0.0437424;0.246677;-0.190286;0.246709;-0.236009;0.24674;-0.222914;0.000501962;0.00289485;0.000589223;0.000239061;0.000400662;0.00165683;0;1;0;0.86171;0;1;
76;0.0534501;-0.0536825;0.0534479;-0.0535581;0.0534404;-0.053539;0.231468;-0.167247;0.231896;-0.215354;0.223273;-0.209738;0.000292625;0.00169052;0.000343578;0.000139532;0.00023341;0.000967621;0;1;0;0.947172;0;1;
77;0.146925;-0.147061;0.146924;-0.146988;0.14692;-0.146977;0.218416;-0.136744;0.219597;-0.178759;0.19868;-0.187896;0.000170473;0.00506941;0.000200208;-0.00827812;0.00013578;-0.00516332;0;1;0;0.899818;0;1;
78;0.214778;-0.214858;0.214777;-0.214815;0.214775;-0.214808;0.202613;-0.0860478;0.203303;-0.130437;0.191088;-0.154579;9.90409e-05;0.0164738;0.000116414;-0.00483299;7.87748e-05;-0.0030147;0;1;0;0.890881;0;1;
79;0.256704;-0.256752;0.256704;-0.256726;0.256702;-0.256722;0.174783;-0.0320405;0.175186;-0.0716384;0.168052;-0.109523;5.74345e-05;0.0328257;6.75681e-05;0.0197485;4.54917e-05;-0.00175957;0;1;0;0.937567;0;1;
80;0.280131;-0.280161;0.280131;-0.280145;0.280131;-0.280142;0.135287;0.0181775;0.135521;0.0241543;0.131355;-0.0414928;0.00295504;0.0302908;3.90194e-05;0.0349885;2.616e-05;-0.00102682;0.672043;1;0;1;0;0.878679;
81;0.291149;-0.291168;0.29115;-0.291158;0.29115;-0.291157;0.0808667;0.066696;0.0810005;0.0705104;0.0785651;0.0654813;0.00706509;0.0297065;0.0152252;0.0204392;1.56925e-05;0.0364402;0.794085;1;1;0.836197;0.590598;1;
82;0.292813;-0.292824;0.292813;-0.292818;0.291724;-0.292817;0.00752248;0.079893;0.00760611;0.0808857;0.00618759;0.0833011;0.00733141;0.0173485;0.0217832;0.0119364;0.0306345;0.0212823;0.676259;0;1;0;1;0.480733;
83;0.285021;-0.285027;0.285021;-0.285024;0.284385;-0.285024;-0.0772603;0.128312;-0.0771997;0.128891;-0.0780243;0.130302;0.00428321;0.010131;0.025463;0.00697038;0.0399738;0.0124283;0.566514;0;1;0;1;0;
84;0.265889;-0.265893;0.265889;-0.265891;0.265518;-0.265891;-0.150244;0.180059;-0.150202;0.180398;-0.15068;0.181222;0.00250282;0.00591604;0.0148737;0.00407027;0.0233493;0.00725768;0.650223;0;1;0;1;0;
85;0.23544;-0.235442;0.23544;-0.235441;0.235224;-0.235441;-0.199584;0.216997;-0.199554;0.217195;-0.199829;0.217676;0.00146239;0.00345446;0.00868746;0.00237655;0.0136379;0.00423799;0.766644;0;1;0;1;0;
86;0.194343;-0.194345;0.194343;-0.194344;0.194217;-0.194344;-0.228938;0.239108;-0.228916;0.239224;-0.206056;0.239505;0.000854195;0.00201686;0.00507344;0.0013874;0.00796462;0.00247447;0.831691;0;1;0;1;0;
87;0.140326;-0.140327;0.140326;-0.140326;0.140253;-0.140326;-0.244638;0.250578;-0.22864;0.250646;-0.202187;0.25081;0.000498657;0.00117729;0.00296235;0.000809693;0.0046513;0.00144453;0.863805;0;1;0;1;0;
88;0.0677848;-0.0677854;0.0677849;-0.067785;0.0677422;-0.067785;-0.239631;0.251066;-0.22479;0.249637;-0.192549;0.249563;0.000290756;0.000686984;0.00172969;0.000472328;0.00271636;0.000843057;0.931841;0;1;0;1;0;
89;-0.0257064;0.025706;-0.0257062;0.0257063;-0.0257308;0.0257063;-0.221307;0.23034;-0.214023;0.236789;-0.172957;0.236852;0.000169598;0.000400626;0.00101;0.000275292;0.0015867;0.000491795;1;0;1;0;1;0;
90;-0.123251;0.123251;-0.123251;0.123251;-0.123265;0.123251;-0.190599;0.208273;-0.195422;0.205118;-0.146925;0.20145;-0.00407325;0.000233393;-0.0020793;0.000160327;0.000927739;0.000286693;1;0;1;0;1;0;
91;-0.198942;0.198942;-0.198942;0.198942;-0.19895;0.198942;-0.14631;0.191634;-0.16139;0.167291;-0.0967284;0.167434;-0.00237766;0.000135861;-0.00121366;9.32304e-05;0.00911915;0.000166927;1;0;1;0;1;0;
92;-0.247327;0.247327;-0.247327;0.247327;-0.247332;0.247327;-0.0929062;0.173848;-0.121019;0.15706;-0.0434972;0.157054;0.00697443;7.87908e-05;-0.00070774;5.398e-05;0.0250031;9.71003e-05;1;0;0.729815;0;1;0;
93;-0.275124;0.275124;-0.275124;0.275124;-0.275128;0.275124;-0.0137218;0.141781;-0.0696284;0.131977;0.0213111;0.131974;0.027812;4.55132e-05;-0.000278028;3.11562e-05;0.0355908;5.63345e-05;1;0;1;0;1;0;
94;-0.289121;0.289121;-0.289121;0.28912;-0.289124;0.289121;0.0418473;0.0943168;0.0444435;0.0885975;0.0586591;0.0885908;0.0219664;2.61977e-05;0.0224598;0.00735606;0.0378328;0.00636318;1;0;1;0.49455;1;0.912568;
95;-0.293239;0.290722;-0.293239;0.293238;-0.29324;0.293238;0.083277;0.0281417;0.0900122;0.0242891;0.0504941;0.0242912;0.012829;0.0377875;0.0131187;0.0118622;0.0220946;0.0248127;0;1;0.486455;0.473495;0.0641232;1;
96;-0.288224;0.286253;-0.288223;0.288223;-0.288224;0.288223;0.119956;-0.0548707;0.123889;-0.0571361;0.100811;-0.0571236;0.00749163;0.0419751;0.00766077;0.00692953;0.0129028;0.0201589;0;1;0;0.411458;0;1;
97;-0.27234;0.27119;-0.27234;0.27234;-0.272341;0.27234;0.170901;-0.132878;0.173198;-0.134213;0.15972;-0.134198;0.00437468;0.0263788;0.00447345;0.00404853;0.00753477;0.0117768;0;1;0;0.521429;0;1;
98;-0.244882;0.24421;-0.244882;0.244881;-0.244882;0.244882;0.21075;-0.188535;0.212092;-0.189324;0.204221;-0.189309;0.00255434;0.0154076;0.00261202;0.00236531;0.00439981;0.00687944;0;1;0;0.673817;0;1;
