1;-0.000363589;0.000116065;9.94842e-05;-0.000363589;0.000116065;9.94842e-05;0.0349769;0.0347456;0.0352595;0.0349769;0.0347456;0.0352595;0.808667;0.808665;0.808666;0.808667;0.808665;0.808666;0;0;0;0;0;0;
2;-0.000686351;0.000272762;0.000654895;-0.001167;0.000676641;0.000177749;0.11712;0.11876;0.12195;0.116901;0.118684;0.121694;0.472376;0.472379;0.472385;0.472377;0.472379;0.472386;1;0.899985;1;0.639189;0.906131;1;
3;-0.000820932;-0.00026426;0.000657129;-0.00186127;0.000572822;-0.000371787;0.0684827;0.069271;0.0713026;0.068185;0.0693966;0.0709836;0.275874;0.275876;0.275879;0.275874;0.275876;0.275879;0;0;0;0;0;0;
4;-0.000504805;-0.00117663;0.00102592;-0.00199596;2.21437e-05;-0.000495454;0.101684;0.103293;0.116896;0.101544;0.103409;0.117066;0.161119;0.161118;0.161124;0.161119;0.161118;0.161125;0.396169;0.539953;0.635976;0.213706;0.550438;0.66041;
5;0.000583616;-0.000391472;0.00168869;-0.000895902;0.000879271;0.000154556;0.128302;0.132883;0.137964;0.131935;0.137955;0.143675;0.12552;0.121772;0.132621;0.119702;0.114466;0.124667;1;0.694615;0.87096;0.477469;0.712264;0.966325;
6;0.00109458;-8.55684e-05;0.00197589;-0.00106028;0.000495006;-0.000222047;0.125199;0.130101;0.134454;0.134579;0.137904;0.144841;0.124205;0.120445;0.132603;0.118567;0.116298;0.124473;1;0.722921;0.964894;0.530475;0.771734;0.997214;
7;0.000977539;-0.000341247;0.00179041;-0.0010701;0.000439372;-0.000303146;0.124018;0.129896;0.132927;0.135177;0.136775;0.144165;0.123847;0.118868;0.13232;0.116959;0.117006;0.124559;1;0.716395;0.971215;0.531087;0.791078;0.993671;
8;0.00105452;-0.000227316;0.00189333;-0.00102035;0.000546603;-0.000226699;0.12287;0.129952;0.131579;0.134858;0.135166;0.143721;0.125044;0.118691;0.133697;0.114904;0.11661;0.122543;1;0.688733;0.971202;0.522419;0.803403;0.976572;
9;0.000876516;-0.000329581;0.00177481;-0.000814185;0.000787146;2.03169e-05;0.120246;0.129827;0.129265;0.136229;0.135171;0.145371;0.125375;0.115851;0.133106;0.113477;0.117172;0.12115;1;0.656915;0.990885;0.508989;0.81542;0.948601;
10;0.000315444;-0.000817466;0.00123277;-0.000400221;0.00116211;0.000450605;0.117132;0.128796;0.126018;0.138569;0.134509;0.147546;0.125012;0.112554;0.131693;0.112205;0.120146;0.121101;1;0.638906;1;0.501555;0.858071;0.914296;
11;-0.000519415;-0.00146209;0.000407005;0.000681982;0.00211849;0.0015293;0.115709;0.12986;0.124664;0.139836;0.133437;0.14912;0.12583;0.109518;0.13028;0.108991;0.120772;0.119497;1;0.594714;1;0.501233;0.657273;0.87769;
12;-0.00260726;-0.00332501;-0.00169366;0.00237136;0.00349717;0.00319246;0.113778;0.129987;0.123486;0.139901;0.131907;0.149811;0.129337;0.108846;0.128653;0.10523;0.120783;0.118973;1;0.565317;1;0.513465;0.696357;0.820672;
13;-0.00587472;-0.00612934;-0.00493861;0.00517657;0.00585597;0.00599993;0.112127;0.129092;0.121028;0.139802;0.132672;0.151024;0.131667;0.107509;0.125341;0.102524;0.119899;0.121135;1;0.557675;1;0.542155;0.692831;0.745898;
14;-0.00934635;-0.00884875;-0.00852695;0.00894025;0.00869888;0.0096086;0.115577;0.128838;0.126041;0.138196;0.132844;0.149878;0.130425;0.107778;0.114729;0.0989097;0.117411;0.124184;0.984967;0.595051;1;0.593442;0.689233;0.70561;
15;-0.0130262;-0.0112187;-0.0122799;0.0144615;0.0131569;0.0150153;0.129777;0.13281;0.134764;0.124044;0.125505;0.13415;0.125742;0.111935;0.107818;0.100949;0.115096;0.137141;0.836035;0.720447;1;0.676563;0.555322;0.652376;
16;-0.0173698;-0.0142997;-0.0169476;0.0190545;0.0157567;0.0192147;0.145676;0.131729;0.150242;0.109406;0.127078;0.115866;0.121424;0.124908;0.0959456;0.101504;0.099376;0.150082;0.510904;0.93945;1;0.818688;0.547771;0.728338;
17;-0.0358987;-0.00544724;-0.0112292;0.0680102;-0.0179413;0.0672362;0.145128;0.115509;0.184338;0.0592222;0.121315;0.104946;0.079824;0.186024;0.0676974;0.0992529;0.0580416;0.151152;0.261247;0.686021;1;0.80036;0.473967;1;
18;-0.072114;0.00224114;-0.00562261;0.106456;-0.0772168;0.104449;0.174451;0.120114;0.229199;-0.000536399;0.131398;0.0549665;0.046621;0.242936;0.0582109;0.101645;0.0338953;0.172858;0.528261;0.733451;0.946752;0.783534;0;1;
19;-0.099684;0.0024221;-0.0059918;0.121956;-0.105851;0.115581;0.191248;0.107422;0.262435;-0.0468138;0.164519;0.0272141;0.0272289;0.292673;0.0485233;0.124798;0.0197943;0.179091;0.994418;0.927783;0.712908;0.653921;0;1;
20;-0.0819104;0.0341063;-0.0287704;0.0745478;-0.108906;0.0747681;0.215477;0.12102;0.268704;-0.0733395;0.198202;-0.0358777;0.0155053;0.315167;0.0382493;0.155259;0.0115591;0.162829;1;1;0.24028;0.482048;0;1;
21;-0.0730901;0.0422058;-0.0350288;0.0557578;-0.0758233;0.0558853;0.232165;0.11308;0.262731;-0.0710335;0.222071;-0.0488078;-0.0207278;0.317268;0.0223374;0.165785;0.00674999;0.162339;1;1;0.317347;0.535186;0;1;
22;-0.084221;0.025893;0.0115171;0.000597505;-0.0123048;0.000656233;0.238504;0.110826;0.240752;-0.0619243;0.234708;-0.0662777;-0.0280779;0.330697;0.0159795;0.153474;0.00394132;0.142942;1;0.919367;0;0.566028;0;1;
23;-0.0968948;0.00934313;0.0816454;-0.0779688;0.0754651;-0.0822765;0.249721;0.0982123;0.232687;-0.0526894;0.227333;-0.0703013;-0.0527613;0.353207;0.0109694;0.162127;0.00230117;0.103448;1;0.450473;0;0.556767;0;1;
24;-0.11711;-0.0147763;0.164934;-0.147984;0.161324;-0.165307;0.235329;0.114792;0.215124;-0.0385083;0.190963;-0.0733641;-0.045074;0.32915;0.00640574;0.174149;0.00134342;0.0883896;1;0.236559;0.0225658;0.383531;0;1;
25;-0.0139056;-0.0208789;0.225595;-0.181309;0.223486;-0.225812;0.216818;0.0763272;0.198876;-0.0098055;0.151215;-0.115148;-0.0453967;0.262769;0.0037406;0.139549;0.000783865;-0.000243994;1;0.631904;0;0.572672;0;1;
26;0.0425172;-0.0640474;0.26294;-0.199637;0.261708;-0.263067;0.1847;0.0597678;0.170478;0.0127525;0.140961;-0.12117;-0.0283602;0.193537;0.00218362;0.130532;0.000457485;-0.0549516;1;0.27745;0;0.287511;0;1;
27;0.0735618;-0.141008;0.283552;-0.21425;0.282832;-0.285032;0.139214;0.0353057;0.13002;0.0667674;0.112782;-0.108089;-0.0210734;0.113041;0.0012752;0.109214;0.000266607;-0.077002;1;0;0;0.73806;0;1;
28;0.169893;-0.209528;0.292773;-0.214456;0.290115;-0.295836;0.0882003;0.0225377;0.074008;0.0896407;0.0639448;-0.11864;0.0327002;0.0660148;0.000744233;0.0949556;0.0332743;-0.150827;1;0;0;0.184582;0.551073;1;
29;0.178064;-0.244477;0.290122;-0.240443;0.263381;-0.260866;0.00723716;0.0574423;-0.00106335;0.11162;0.049514;-0.0250256;0.0234188;0.0385519;0.000434132;0.0554555;0.165198;-0.157072;1;0;0;0;0.102345;1;
30;0.131577;-0.255585;0.287358;-0.25323;0.230936;-0.262296;-0.0734074;0.118617;-0.0856945;0.150257;0.0431204;0.0704407;0.0615978;0.0225138;0.00964441;0.0323852;0.235006;-0.176698;1;0;0.208452;0;0.193165;1;
31;0.0975144;-0.246919;0.265519;-0.245543;0.213326;-0.251307;-0.12055;0.17563;-0.156402;0.194108;0.0504637;0.134073;0.0704154;0.0131476;0.0111518;0.0189123;0.286679;-0.161834;1;0;0.742733;0;0.4251;1;
32;0.0566684;-0.222199;0.233064;-0.221396;0.213965;-0.238458;-0.136717;0.214628;-0.203394;0.225419;0.0709475;0.157195;0.0876761;0.00767765;0.0234743;0.0110442;0.275343;-0.138848;1;0;1;0;0.909183;1;
33;0.0140743;-0.183937;0.190286;-0.183468;0.205437;-0.239476;-0.134278;0.237642;-0.220692;0.243944;0.0678967;0.160439;0.0897951;0.00448313;0.0146247;0.00644924;0.278405;-0.109589;1;0;1;0;1;0.758888;
34;-0.00459115;-0.130654;0.134683;-0.13038;0.160433;-0.177881;-0.0824472;0.249504;-0.131402;0.253183;-0.0063253;0.195919;0.146099;0.00261779;0.0625803;0.00376558;0.197644;-0.0696588;1;0;1;0;1;0;
35;-0.0747722;-0.0572701;0.0596331;-0.05711;0.0746485;-0.0848503;-0.0701532;0.245008;-0.134019;0.239437;-0.00596425;0.222148;0.140147;0.00152778;0.0838421;0.00219906;0.165636;-0.0406803;1;0;1;0;1;0;
36;-0.160435;0.0370362;-0.0356434;0.0371291;-0.0268925;0.0209286;-0.0923922;0.233749;-0.162628;0.232826;0.0311712;0.232046;0.0964207;0.000891797;0.0489728;0.00128357;0.196569;-0.0237575;1;0;1;0;1;0;
37;-0.235193;0.132861;-0.132032;0.132915;-0.126936;0.123453;-0.0413217;0.206218;-0.122476;0.206363;0.0164049;0.209692;0.11988;0.000520228;0.0737508;0.00074913;0.153321;-0.0138747;1;0;1;0;1;0;
38;-0.298107;0.205402;-0.204909;0.205431;-0.201936;0.199908;-0.0319385;0.198395;-0.105382;0.19848;0.051716;0.200424;0.105762;0.000303226;0.0485441;0.0105238;0.14854;-0.00810304;1;0;1;0.121286;1;0;
39;-0.328868;0.251178;-0.249712;0.229424;-0.220742;0.247969;0.0133786;0.175813;-0.07334;0.175862;0.039963;0.176998;0.123219;0.000176601;0.0381924;-0.0332779;0.125143;-0.00473253;1;0;1;0.602605;1;0;
40;-0.325799;0.277213;-0.242314;0.218049;-0.244473;0.27534;0.0432969;0.140399;-0.0303982;0.140432;0.0458972;0.141091;0.112003;0.000102695;0.0223047;-0.0194367;0.0879895;-0.00276419;1;0;1;0.549448;0.954323;0;
41;-0.326894;0.289407;-0.243777;0.214938;-0.25595;0.288933;0.077288;0.090047;0.0192136;0.0900743;0.0528167;0.0904487;0.0894068;0.0207049;-0.0213456;0.0226449;0.0624106;-0.00161464;1;0.289594;1;0.872896;0.549018;0;
42;-0.318328;0.251122;-0.26476;0.232374;-0.269479;0.310192;0.0855393;0.051709;0.0431548;0.0206871;0.0605404;0.0208939;0.0522135;0.109885;-0.024214;0.0409791;0.0364469;0.0396156;0;0.492051;1;0.693307;0;0.603969;
43;-0.301839;0.218736;-0.269263;0.215766;-0.273313;0.299222;0.125252;0.0462127;0.100502;-0.0623167;0.110652;-0.0630807;0.0304919;0.169686;-0.0218007;0.0846573;0.0212846;0.0724113;0;0.998694;0.943321;0.733698;0;1;
44;-0.278647;0.193549;-0.265005;0.193901;-0.261988;0.277118;0.175741;0.0402324;0.161288;-0.112528;0.167215;-0.118507;0.0178067;0.226137;-0.0130712;0.100298;0.0124298;0.0664741;0;1;0.409553;0.497652;0;1;
45;-0.246505;0.123032;-0.238538;0.173836;-0.236776;0.245609;0.213967;0.0244122;0.205526;-0.125886;0.208988;-0.117853;0.0103985;0.209583;-0.00763405;0.101774;0.00725845;0.105112;0;0.96869;0;0.604732;0;1;
46;-0.20523;0.107237;-0.200577;0.126616;-0.199549;0.204703;0.237438;0.0185328;0.232509;-0.128518;0.23453;-0.124542;0.00607225;0.209764;-0.00445859;0.110432;0.00423826;0.0876609;0;1;0;0.61161;0;1;
47;-0.152574;0.0586828;-0.149857;0.0766541;-0.149256;0.152267;0.249946;0.0173736;0.247067;-0.127643;0.248248;-0.132341;0.00354568;0.207557;-0.00260435;0.0967196;0.00247458;0.0797246;0;0.989303;0;0.639847;0;1;
48;-0.0829821;0.0275449;-0.0813953;0.015374;-0.0810448;0.0828122;0.250323;0.00626993;0.249309;-0.109026;0.250431;-0.126783;0.00207013;0.18372;-0.00152139;0.111286;0.00144454;0.0774173;0;1;0;0.642715;0;1;
49;0.00777291;-0.0401496;0.00869955;-0.061167;0.00890429;-0.00785503;0.239327;0.0146538;0.240171;-0.10278;0.235757;-0.139827;0.00120848;0.187013;-0.000888963;0.0955799;0.000843001;0.0679488;0;1;0;0.815165;0;1;
50;0.106994;-0.125899;0.107535;-0.145372;0.107655;-0.107021;0.213064;0.0219361;0.215798;-0.0829163;0.216668;-0.124072;0.000705246;0.166365;-0.000519656;0.101699;0.000491786;0.068033;0;1;0;0.590572;0;1;
51;0.187654;-0.198687;0.187969;-0.220529;0.18804;-0.18765;0.205224;0.0305428;0.208394;-0.0496734;0.208903;-0.101383;0.000411489;0.15192;-0.00030388;0.100183;0.000286621;0.0661643;0;1;0;0.710505;0;0.881126;
52;0.232228;-0.229471;0.240686;-0.266889;0.240726;-0.240489;0.185091;0.0452334;0.186943;-0.0133195;0.18724;-0.0754045;-0.0118241;0.124856;-0.000177893;0.0986784;0.000166901;0.0466501;0.637297;1;0;0.875114;0;1;
53;0.231058;-0.244792;0.27148;-0.286786;0.271504;-0.263083;0.152516;0.0421119;0.153596;0.0292029;0.153769;-0.0402259;-0.0180243;0.10136;-0.000104336;0.092163;9.69821e-05;0.0272474;0.924594;1;0;0.716879;0;1;
54;0.227055;-0.267466;0.28749;-0.296224;0.287504;-0.272352;0.106269;0.0463262;0.106893;0.0700834;0.106995;0.00224807;-0.0105266;0.0592075;-6.1309e-05;0.0922999;5.62335e-05;0.0159085;1;0.719592;0;0.523562;0;1;
55;0.232215;-0.271354;0.293244;-0.298832;0.276084;-0.28019;0.0421108;0.0519545;0.0424623;0.0832016;0.053193;0.0575259;0.0432814;0.0345763;0.0127378;0.0539063;0.0708078;-0.0405102;1;0.391165;0.831568;0;0.868064;1;
56;0.237219;-0.27708;0.2985;-0.293126;0.234328;-0.291061;-0.0395365;0.0944842;-0.0393341;0.112733;0.0386263;0.0977403;0.0697064;0.0201921;0.0583052;0.0314805;0.147819;-0.0266761;1;0;1;0;1;0.757962;
57;0.21469;-0.268519;0.280666;-0.27789;0.205693;-0.279048;-0.107695;0.152524;-0.105584;0.163181;0.0387931;0.154427;0.102021;0.0117918;0.0671442;0.018384;0.198599;-0.0164427;0.633098;0;1;0;1;0.449665;
58;0.19308;-0.246093;0.253181;-0.251566;0.137867;-0.252242;-0.131202;0.199159;-0.12228;0.205383;0.0188477;0.200271;0.0897368;0.00688592;0.0875371;0.0107356;0.22332;-0.00960296;1;0;1;0;1;0;
59;0.151961;-0.211643;0.215778;-0.214839;0.124195;-0.215234;-0.12911;0.228816;-0.123995;0.232451;0.0142037;0.229465;0.107657;0.00402074;0.0907959;0.00626915;0.199747;-0.00560847;0.809566;0;1;0;1;0;
60;0.115042;-0.165015;0.167432;-0.166881;0.0474203;-0.167112;-0.141718;0.245378;-0.130496;0.247501;0.015323;0.245757;0.0890885;0.0023475;0.0929162;0.0036607;0.198745;-0.00327579;0.943948;0;1;0;1;0;
61;0.0567245;-0.102197;0.103618;-0.103287;-0.00672475;-0.103422;-0.136022;0.251474;-0.12538;0.253417;0.00264409;0.253107;0.0980755;0.00137037;0.0967398;0.00213728;0.187262;-0.00191355;0.949661;0;1;0;1;0;
62;-0.0188933;-0.0179093;0.0187556;-0.0185453;-0.0457017;-0.018624;-0.119352;0.239221;-0.134006;0.241745;0.00736185;0.243785;0.0944202;0.000799648;0.0827942;0.0012477;0.17643;-0.00111794;1;0;1;0;1;0;
63;-0.106268;0.0811854;-0.0806698;0.080814;-0.11833;0.0807679;-0.0990351;0.221631;-0.126429;0.222934;0.0147396;0.22188;0.0861653;0.000466476;0.0698402;0.000728142;0.168737;-0.000653407;1;0;1;0;1;0;
64;-0.187336;0.168665;-0.168343;0.168448;-0.19035;0.168421;-0.0717643;0.208012;-0.109395;0.213764;0.02557;0.211134;0.0972647;0.000271935;0.0752259;0.000424837;0.1443;-0.000381965;1;0;1;0;1;0;
65;-0.245407;0.228716;-0.228512;0.228589;-0.241372;0.228573;-0.0321833;0.191747;-0.0819356;0.195107;0.0378953;0.193571;0.0845556;0.00015819;0.0613652;0.000247681;0.128359;-0.000223515;1;0;0.953429;0;1;0;
66;-0.276768;0.264751;-0.264625;0.260044;-0.244993;0.264667;0.00446902;0.162621;-0.054486;0.164583;0.0449381;0.163686;0.0917796;9.18946e-05;0.0358446;-0.0153672;0.0960576;-0.000130944;1;0;1;0.452611;1;0;
67;-0.291269;0.284251;-0.278982;0.251765;-0.271054;0.284202;0.0529315;0.120525;-0.0120467;0.121675;0.0434059;0.121147;0.0770898;5.32524e-05;0.0209316;-0.00931537;0.0681771;-7.69203e-05;1;0;1;0.801635;1;0;
68;-0.294343;0.292325;-0.280395;0.245648;-0.283724;0.290363;0.0770146;0.0617377;0.055188;0.0624148;0.057636;0.0620958;0.0615997;0.0360592;-0.0484312;0.0492263;0.0398175;0.0119509;0.385243;0.990852;1;0.838321;0.823574;0.681504;
69;-0.29194;0.237802;-0.304087;0.258893;-0.286567;0.301915;0.097075;0.039307;0.0854809;-0.0156347;0.085757;-0.0158232;0.0359735;0.121169;-0.0329657;0.0580757;0.015844;0.0646603;0;1;1;0.654756;0;1;
70;-0.281089;0.216379;-0.289521;0.23604;-0.277952;0.282824;0.147077;0.0343444;0.140309;-0.0909093;0.140467;-0.0908987;0.0210079;0.183762;-0.0185114;0.102058;0.00925246;0.071892;0;1;0.526796;0.379031;0;1;
71;-0.258664;0.152301;-0.263588;0.211639;-0.256831;0.25712;0.193998;0.0339378;0.190045;-0.134269;0.190137;-0.129631;0.012268;0.21573;-0.010811;0.0914445;0.00540298;0.0796083;0;1;0;0.442106;0;1;
72;-0.225262;0.129997;-0.228138;0.180802;-0.224192;0.224356;0.225617;0.0124957;0.223309;-0.128356;0.223363;-0.119535;0.00716396;0.202162;-0.00631405;0.105813;0.0031548;0.0895576;0;1;0;0.45328;0;1;
73;-0.180978;0.0564853;-0.182657;0.149535;-0.180353;0.180452;0.24388;0.00797882;0.242532;-0.140576;0.242564;-0.120813;0.00418331;0.202219;-0.0036878;0.0906385;0.00184176;0.0931852;0;1;0;0.459296;0;1;
74;-0.122487;-0.000811904;-0.123468;0.0966234;-0.122122;0.122189;0.252742;0.01034;0.251954;-0.140462;0.251973;-0.125958;0.00244245;0.193545;-0.00215416;0.0794047;0.00107505;0.0902772;0;1;0;0.604282;0;1;
75;-0.0439045;-0.0281016;-0.0444774;0.0251633;-0.043692;0.0437469;0.24613;-0.00139115;0.246531;-0.11984;0.245846;-0.125273;0.0014259;0.179431;-0.00125849;0.0926919;0.000627212;0.0824202;0;1;0;0.620238;0;1;
76;0.0534446;-0.0954934;0.05311;-0.0644088;0.0535686;-0.0535172;0.23073;0.0153004;0.227671;-0.112272;0.22771;-0.134964;0.000832267;0.172388;-0.00073544;0.0831585;0.000365692;0.0735208;0;1;0;0.756051;0;1;
77;0.146922;-0.171472;0.146726;-0.153344;0.146994;-0.146945;0.199449;0.011162;0.20182;-0.0761793;0.198818;-0.107717;0.000485767;0.156931;-0.000430013;0.0880272;0.000213049;0.0705405;0;1;0;0.872342;0;1;
78;0.214777;-0.229106;0.214662;-0.218543;0.214819;-0.214776;0.164046;0.034497;0.192922;-0.0513389;0.191074;-0.092449;0.000283367;0.137328;-0.000251512;0.081846;0.000123844;0.0652982;0;1;0;0.970443;0;1;
79;0.230177;-0.233557;0.256637;-0.257476;0.256728;-0.256704;0.125474;0.0271154;0.169123;-0.00410446;0.168044;-0.0562767;-0.0200189;0.107936;-0.000147269;0.0951978;7.18035e-05;0.0381419;0.852379;1;0;0.745389;0;1;
80;0.217519;-0.253494;0.280092;-0.27898;0.280146;-0.280128;0.106492;0.0363438;0.13198;0.0302687;0.13135;-0.0315593;-0.0180524;0.089908;-8.64224e-05;0.0755876;4.15034e-05;0.0222741;1;1;0;0.689004;0;1;
81;0.218653;-0.262937;0.291127;-0.2844;0.285916;-0.286708;0.0738957;0.0491742;0.0789292;0.0683537;0.0785632;0.0344344;-0.00717482;0.0525127;-5.08037e-05;0.0581122;0.0187724;-0.0430866;1;0.915341;0;0.470271;0.429128;1;
82;0.233163;-0.276336;0.307282;-0.287301;0.266994;-0.28346;0.0034592;0.0659114;0.00639357;0.0800431;0.0376512;0.0598203;0.0292466;0.0306645;0.0554471;0.0339383;0.117828;-0.0343086;1;0;1;0.0671112;0.588748;1;
83;0.215031;-0.281212;0.294061;-0.281802;0.236851;-0.280693;-0.0796204;0.120146;-0.0779043;0.128399;0.0399255;0.116591;0.0750078;0.0179077;0.0793556;0.0198193;0.171229;-0.0212856;1;0;1;0;1;1;
84;0.192626;-0.263665;0.271167;-0.26401;0.184177;-0.267171;-0.135296;0.175291;-0.114306;0.180111;0.030162;0.173216;0.0850931;0.0104577;0.070448;0.011574;0.222336;-0.0124311;0.714736;0;1;0;1;0.448034;
85;0.164106;-0.234141;0.238517;-0.234342;0.133722;-0.236188;-0.142251;0.214212;-0.107961;0.217027;0.00542445;0.213001;0.101047;0.00610672;0.100964;0.00675858;0.209515;-0.00726014;0.868227;0;1;0;1;0;
86;0.115407;-0.193585;0.196137;-0.193702;0.100785;-0.19478;-0.143768;0.237482;-0.124264;0.239126;0.0152874;0.236774;0.0879983;0.00356566;0.0911538;0.00394663;0.199749;-0.00424028;0.849271;0;1;0;1;0;
87;0.0586789;-0.139883;0.141374;-0.139952;0.0849845;-0.140581;-0.137777;0.249628;-0.133762;0.250589;0.00784169;0.249215;0.100061;0.00208179;0.0811471;0.00230425;0.193342;-0.00247681;0.950059;0;1;0;1;0;
88;-0.00364913;-0.0675265;0.0684063;-0.0675662;0.0354626;-0.0679339;-0.120241;0.250056;-0.127385;0.249526;-0.00338656;0.248126;0.102331;0.00121513;0.0784101;0.0013452;0.176565;-0.00144693;0.943905;0;1;0;1;0;
89;-0.0859691;0.0258573;-0.0253264;0.025834;-0.0445823;0.0256192;-0.113091;0.230048;-0.13546;0.234609;0.00807331;0.238094;0.0858467;0.00070905;0.0698726;0.000785105;0.173982;-0.000845486;1;0;1;0;1;0;
90;-0.17235;0.12334;-0.123009;0.123326;-0.13427;0.1232;-0.0897396;0.210556;-0.118892;0.210831;0.0135351;0.204462;0.0981731;0.000413537;0.0795026;0.000458034;0.14903;-0.000494169;1;0;1;0;1;0;
91;-0.245708;0.198994;-0.198785;0.198986;-0.205369;0.198913;-0.0501804;0.200717;-0.0957152;0.202742;0.0298723;0.17049;0.0845963;0.000240929;0.0736256;0.000267119;0.129479;-0.000288933;1;0;1;0;1;0;
92;-0.293279;0.247357;-0.247228;0.24392;-0.250446;0.24731;-0.023499;0.179152;-0.0714068;0.180335;0.0494073;0.1615;0.0765644;0.0001402;0.0568463;0.000155473;0.113922;-0.000169238;1;0;1;0.223233;1;0;
93;-0.312961;0.275142;-0.27506;0.266652;-0.258247;0.275114;0.0290117;0.144878;-0.0302274;0.14557;0.038139;0.13457;0.0787855;8.14035e-05;0.0332039;-0.0193594;0.0869256;-9.92093e-05;1;0;1;0.790312;1;0;
94;-0.314875;0.288083;-0.276038;0.263811;-0.279224;0.289115;0.0711127;0.0961265;0.0136674;0.096538;0.0394081;0.0901055;0.0691125;0.0110356;0.0193877;-0.00259081;0.0507719;-5.82974e-05;1;0.2074;1;1;0.860224;0;
95;-0.310779;0.277669;-0.280589;0.255194;-0.287458;0.291149;0.0812438;0.0477324;0.0359431;0.0325626;0.0486493;0.0251678;0.0403631;0.0818247;0.00432899;0.0582193;0.0296492;0.0375555;0.115518;0.788357;1;1;0.394231;1;
96;-0.298467;0.226463;-0.296633;0.245445;-0.284848;0.280467;0.118768;0.0379607;0.0923177;-0.0522902;0.0997329;-0.0566091;0.0235714;0.153971;0.0127625;0.0840037;0.0173147;0.065215;0;1;0.626259;0.744307;0;1;
97;-0.278322;0.171919;-0.277252;0.212291;-0.270369;0.241603;0.170207;0.0278034;0.15476;-0.114557;0.15909;-0.116362;0.0137652;0.214176;0.00745296;0.0970788;0.0101114;0.0630598;0;1;0;0.567829;0;1;
98;-0.248375;0.143206;-0.24775;0.163646;-0.24373;0.192844;0.210345;0.0178382;0.201324;-0.119916;0.203853;-0.139351;0.00803829;0.204346;0.00435199;0.109794;0.00590452;0.0853063;0;1;0;0.845961;0;1;
