1;-0.000363588;0.000116065;9.94839e-05;-0.000363588;0.000116064;9.94837e-05;0.0349769;0.0347456;0.0352594;0.0349769;0.0347456;0.0352595;0.808667;0.808665;0.808666;0.808667;0.808665;0.808666;0;0;0;0;0;0;
2;2.35256e-05;-0.000523514;-2.60427e-05;-0.000450479;-0.000119886;-0.000690009;0.125339;0.119542;0.12255;0.121657;0.123659;0.125655;0.472393;0.472382;0.472389;0.472385;0.472389;0.472395;0.355283;0.826809;1;0.844169;0.722028;0.945214;
3;-0.006863;-0.00874413;-0.00605155;0.00595115;0.00879973;0.0063255;0.0732813;0.0697281;0.0667909;0.0780244;0.0723008;0.0695717;0.275884;0.27588;0.275883;0.27588;0.275879;0.275882;0;0;0;0;0;0;
4;-0.00663693;-0.00686724;-0.00435037;-0.0083779;-0.00820285;-0.00818154;0.14812;0.134565;0.130221;0.119704;0.109218;0.0993254;0.161136;0.161126;0.161127;0.161134;0.161129;0.161128;0.35633;0.607566;0.696644;0.297654;0.580242;0.900549;
5;-0.00355018;-0.00364009;-0.00159735;-0.00465275;-0.00431842;-0.0049274;0.146609;0.142691;0.139583;0.145523;0.142159;0.138475;0.153212;0.140918;0.139186;0.133888;0.12479;0.116805;0.56588;0.648952;0.872753;0.458707;0.674974;0.98703;
6;-0.00144081;-0.00144997;0.000316347;-0.00166058;-0.00115196;-0.0021333;0.138177;0.135186;0.129524;0.154792;0.149398;0.14421;0.142505;0.128672;0.129482;0.140416;0.13431;0.12866;0.752425;0.714716;0.923654;0.507704;0.701011;0.960767;
7;-0.000470333;-0.00033847;0.00131822;-0.000858565;-7.85157e-05;-0.00131303;0.137244;0.135561;0.129741;0.157237;0.151304;0.147899;0.138403;0.123389;0.12447;0.139402;0.13396;0.12605;0.802683;0.718329;0.973085;0.542222;0.755198;0.989589;
8;-0.000180637;-3.47352e-05;0.00158036;-0.00105715;-0.000250548;-0.00148477;0.142353;0.14261;0.134375;0.150678;0.14359;0.141389;0.147842;0.130883;0.135208;0.128466;0.124367;0.114832;0.774401;0.672311;0.949337;0.54745;0.783535;0.995424;
9;-0.00059743;-0.000401368;0.0012382;-0.00076184;0.000139697;-0.00112725;0.13961;0.141784;0.13141;0.147978;0.139456;0.139015;0.151519;0.132052;0.138467;0.128236;0.126491;0.115397;0.755827;0.628045;0.947144;0.520627;0.774888;0.919329;
10;-0.0010497;-0.000921983;0.000706189;-2.11479e-05;0.000775113;-0.000473926;0.130097;0.134547;0.122329;0.158072;0.146469;0.149442;0.142366;0.119857;0.127762;0.133539;0.136399;0.121758;0.810943;0.627081;1;0.498767;0.804062;0.86999;
11;-0.00254771;-0.00238881;-0.000810667;0.000882583;0.00151329;0.000402473;0.128626;0.134946;0.120647;0.160895;0.147245;0.152275;0.141014;0.115336;0.124188;0.130104;0.136682;0.121224;0.832622;0.613798;1;0.516115;0.8641;0.880948;
12;-0.00381528;-0.00317184;-0.00198004;0.0021386;0.00259592;0.00179794;0.132296;0.14271;0.12622;0.154701;0.140215;0.14688;0.151924;0.120236;0.130317;0.119099;0.127937;0.112119;0.791084;0.532193;1;0.527305;0.889067;0.849143;
13;-0.0064655;-0.00531347;-0.00464091;0.00498038;0.00501673;0.00464741;0.130619;0.140299;0.122639;0.152544;0.137393;0.146003;0.154922;0.121842;0.130017;0.117693;0.130138;0.115218;0.719165;0.534756;1;0.54026;0.885184;0.724688;
14;-0.0107078;-0.00906397;-0.00914744;0.00885735;0.0079196;0.00828714;0.126957;0.133533;0.121531;0.156861;0.143871;0.150731;0.147756;0.115002;0.111343;0.121027;0.134803;0.126862;0.681742;0.592959;1;0.584133;0.851348;0.675971;
15;-0.013903;-0.0109083;-0.0124262;0.0136949;0.0116037;0.0130836;0.142903;0.139313;0.131451;0.140821;0.135595;0.134375;0.1399;0.116463;0.103485;0.125749;0.133589;0.140055;0.547027;0.687062;1;0.652398;0.698377;0.613856;
16;-0.0178842;-0.0134568;-0.0166489;0.018093;0.01413;0.0173174;0.157974;0.137578;0.149419;0.127834;0.143336;0.123187;0.145643;0.139402;0.0979397;0.114778;0.100875;0.134653;0.255758;0.904032;1;0.863536;0.524535;0.866304;
17;-0.0496225;-0.00780887;-0.0135459;0.068016;-0.0357196;0.0674355;0.157037;0.123083;0.182527;0.0724041;0.126061;0.0992364;0.0963231;0.203539;0.0727512;0.109263;0.058919;0.150452;0.455515;0.549175;1;0.75707;0.252715;1;
18;-0.0849957;0.00198031;-0.00616095;0.106459;-0.0808778;0.104256;0.185683;0.131143;0.227164;0.0143968;0.134082;0.0528339;0.0562564;0.244993;0.0544103;0.11997;0.0344078;0.177093;0.17798;0.853092;1;0.808246;0;1;
19;-0.104496;-0.00473166;-0.0129729;0.12219;-0.10799;0.115263;0.218472;0.129583;0.26589;-0.0389781;0.166087;0.00929694;0.0328561;0.287784;0.0404984;0.141266;0.0200935;0.201238;0;1;0.800516;0.737116;0;1;
20;-0.079083;0.0294246;-0.0306827;0.0819103;-0.108358;0.0810431;0.229151;0.125099;0.27371;-0.0539008;0.199118;-0.0336365;0.019185;0.330816;0.0389811;0.15677;0.011734;0.164807;0.662402;1;0.136057;0.617536;0;1;
21;-0.070674;0.0367648;-0.0351612;0.0600577;-0.0755035;0.0595509;0.240147;0.119564;0.267061;-0.0519508;0.222606;-0.0412458;-0.00818633;0.332423;0.0227656;0.165785;0.00685211;0.152613;0.741222;0.994835;0.427802;0.595106;0;1;
22;-0.0808189;0.0215499;0.0114402;0.00310908;-0.0121181;0.00279619;0.247046;0.105019;0.253598;-0.0507078;0.23502;-0.0604425;-0.0227565;0.355868;0.0132964;0.171233;0.00400094;0.139432;0.965078;0.689978;0;0.601212;0;1;
23;-0.0956946;0.0016038;0.0893322;-0.0763706;0.0755743;-0.0810282;0.248615;0.123171;0.243488;-0.0425447;0.228084;-0.0680636;-0.0359402;0.335382;0.00776499;0.18269;0.00233595;0.108447;1;0.696899;0;0.474518;0;1;
24;-0.106408;-0.0161851;0.169423;-0.143709;0.161388;-0.164578;0.24184;0.107133;0.230897;-0.0169096;0.191286;-0.0710946;-0.0398169;0.358475;0.00453422;0.177485;0.00136365;0.0845799;1;0.0405246;0;0.462881;0;1;
25;-0.028581;-0.0179685;0.228216;-0.180894;0.223523;-0.225385;0.219735;0.0950218;0.208088;0.000918451;0.150796;-0.109795;-0.0307223;0.283647;0.00264752;0.164234;0.00079579;0.0250171;1;0.283921;0;0.48647;0;1;
26;0.0628565;-0.0470466;0.264471;-0.196389;0.26173;-0.262817;0.187897;0.0684813;0.175857;0.0303664;0.141508;-0.120042;-0.0183596;0.204998;0.00154547;0.146459;0.000464357;-0.058874;1;0.347973;0;0.38559;0;1;
27;0.0735204;-0.115891;0.284446;-0.217551;0.282845;-0.28348;0.141848;0.0499623;0.133161;0.0713468;0.113101;-0.0957513;-0.0178287;0.122729;0.000902339;0.128713;0.000270757;-0.0634581;1;0.171301;0;0.544302;0;1;
28;0.170095;-0.194858;0.293295;-0.221767;0.296532;-0.298053;0.0852051;0.0310975;0.0758427;0.0896033;0.0641344;-0.0948117;0.0404703;0.0716728;0.00052658;0.0858253;0.0335523;-0.152059;1;0;0;0.286363;0.598441;1;
29;0.187413;-0.235911;0.296445;-0.245907;0.281964;-0.248315;0.00548585;0.0624412;2.77153e-05;0.10505;0.0356787;-0.0111077;0.0297008;0.041856;0.000307029;0.0501223;0.160486;-0.145335;1;0;0;0;0.519986;1;
30;0.159279;-0.250583;0.291441;-0.256421;0.236858;-0.254246;-0.0818533;0.121536;-0.0850689;0.14642;0.0363435;0.0785707;0.0371914;0.0244435;-0.00521754;0.0292707;0.207922;-0.136187;1;0;0.461911;0;0.604575;1;
31;0.128602;-0.243997;0.267859;-0.247407;0.214522;-0.251458;-0.140893;0.177335;-0.156034;0.191867;0.0371038;0.140438;0.0663536;0.0142746;0.0078987;0.0170934;0.25843;-0.129946;1;0;1;0;0.848773;1;
32;0.0866961;-0.220493;0.23443;-0.222484;0.211932;-0.239693;-0.159129;0.215624;-0.203178;0.224111;0.059721;0.168858;0.079359;0.00833575;0.0149731;0.00998201;0.24932;-0.108125;1;0;1;0;0.94496;0.660095;
33;0.0797773;-0.18294;0.191086;-0.184104;0.174813;-0.194155;-0.1118;0.238223;-0.123725;0.243179;-0.0323329;0.210911;0.158285;0.00486761;0.121136;0.00582883;0.168172;-0.0631473;0.718334;0;1;0;1;0;
34;0.0172517;-0.130073;0.134836;-0.130751;0.125314;-0.136621;-0.110192;0.249843;-0.135382;0.252738;-0.0153579;0.233893;0.122497;0.00284179;0.081309;0.00340377;0.168213;-0.0368778;1;0;1;0;1;0;
35;-0.0591224;-0.05693;0.0597169;-0.0573265;0.0541447;-0.0607544;-0.12167;0.248729;-0.165888;0.247722;0.00981978;0.244324;0.0817957;0.00165919;0.0474958;0.00198717;0.187334;-0.021537;1;0;1;0;1;0;
36;-0.131353;0.0372345;-0.0355923;0.0370027;-0.0388627;0.0350007;-0.087763;0.229559;-0.130603;0.229649;-0.0196932;0.234594;0.106459;0.000968391;0.0681131;0.00115997;0.155425;-0.012578;1;0;1;0;1;0;
37;-0.21711;0.132977;-0.132002;0.132841;-0.133925;0.131672;-0.0796809;0.20692;-0.131974;0.207689;0.0130429;0.205392;0.0840341;0.0005649;0.0555321;0.000677027;0.151893;-0.00734562;1;0;0.926715;0;1;0;
38;-0.286005;0.20547;-0.204889;0.205391;-0.206019;0.204708;-0.0458339;0.198805;-0.105097;0.199254;0.0262927;0.170329;0.0810395;0.000329457;0.0488351;0.000394874;0.135086;-0.00429049;1;0;1;0;1;0;
39;-0.318085;0.251217;-0.250874;0.241698;-0.242555;0.250772;-0.00862759;0.176052;-0.0747579;0.176315;0.0290941;0.159422;0.0908141;0.000191879;0.0412579;-0.00580104;0.109345;-0.00250597;1;0;0.883221;0.428272;1;0;
40;-0.334471;0.277236;-0.271589;0.240336;-0.258918;0.276976;0.030141;0.140539;-0.0400869;0.140694;0.0338521;0.130827;0.0904492;0.000111604;0.0240957;-0.00832507;0.0753029;-0.00146387;1;0;1;0.632553;0.78727;0;
41;-0.332533;0.290041;-0.267012;0.234925;-0.277139;0.289889;0.0709348;0.090128;0.0119666;0.0902247;0.0390277;0.0844546;0.0663461;0.0137797;-0.0105554;0.0253815;0.0439806;-0.000855179;0.966773;0.300574;1;0.719331;0.885401;0;
42;-0.325055;0.267676;-0.27958;0.243142;-0.280488;0.295889;0.0833239;0.0414123;0.0389222;0.0314116;0.0372776;0.0173927;0.0387467;0.0953696;-0.0275175;0.0637917;0.0256771;0.0280787;0.21226;0.626984;1;0.675869;0.352359;0.881449;
43;-0.305768;0.216545;-0.294938;0.230744;-0.282641;0.289068;0.123958;0.0386451;0.0980295;-0.0569357;0.0970665;-0.0651271;0.0226274;0.164146;-0.0196871;0.0875247;0.014995;0.055261;0;0.991963;0.663333;0.561293;0;1;
44;-0.280942;0.175631;-0.274619;0.217373;-0.267435;0.271187;0.174986;0.0358421;0.159844;-0.114178;0.159281;-0.119156;0.0132139;0.214023;-0.0123322;0.101181;0.00875675;0.0629761;0;1;0.240238;0.385416;0;1;
45;-0.247845;0.13494;-0.244152;0.190744;-0.239957;0.241704;0.213526;0.0175446;0.204683;-0.11922;0.204354;-0.121498;0.0077163;0.20951;-0.00720239;0.104784;0.00511342;0.0841853;0;1;0;0.491701;0;1;
46;-0.206012;0.0866153;-0.203856;0.15783;-0.201406;0.202427;0.23718;0.0158344;0.232016;-0.129564;0.231824;-0.123382;0.00450588;0.202049;-0.00420657;0.102315;0.00298561;0.0820858;0;1;0;0.454018;0;1;
47;-0.153031;0.0209804;-0.151772;0.115206;-0.150341;0.150943;0.249796;0.012916;0.24678;-0.13637;0.246668;-0.132296;0.00263086;0.197665;-0.0024571;0.0927791;0.00174303;0.094017;0;1;0;0.612453;0;1;
48;-0.0832489;0.00612844;-0.0825135;0.0509269;-0.0816785;0.0820431;0.250971;0.00174163;0.249838;-0.118129;0.250366;-0.131639;0.00153592;0.183643;-0.00143542;0.10762;0.00101731;0.080768;0;1;0;0.591284;0;1;
49;0.00761716;-0.0526566;0.00804654;-0.0265108;0.00853417;-0.0083035;0.236575;0.0112492;0.239294;-0.108527;0.234739;-0.142795;0.000896494;0.184892;-0.000838747;0.089198;0.000593512;0.0654432;0;1;0;0.772879;0;0.982753;
50;0.106903;-0.133203;0.107154;-0.117956;0.107439;-0.107284;0.216067;0.0155479;0.2157;-0.0848082;0.216494;-0.127219;0.000523069;0.164022;-0.00049035;0.0938151;0.000346078;0.0670106;0;1;0;0.758391;0;1;
51;0.1876;-0.202954;0.187747;-0.19407;0.187913;-0.187807;0.208551;0.0287876;0.208337;-0.0539678;0.208801;-0.10639;0.000305074;0.14736;-0.000286756;0.0885688;0.000201528;0.0624985;0;1;0;0.805647;0;1;
52;0.24047;-0.24943;0.240555;-0.244259;0.240653;-0.240579;0.187035;0.0465847;0.18691;-0.020179;0.187181;-0.0800875;0.000177844;0.125812;-0.000167918;0.0776368;0.00011718;0.0492318;0.232913;1;0;0.881104;0;0.920797;
53;0.255589;-0.264656;0.271404;-0.272952;0.271461;-0.271415;0.15365;0.0416818;0.153576;0.0215858;0.153734;-0.0426588;-0.0167874;0.0994067;-9.84599e-05;0.0863382;6.79433e-05;0.0287566;0.898061;1;0;0.634287;0;1;
54;0.256328;-0.283286;0.287446;-0.285364;0.287479;-0.286355;0.106932;0.0470508;0.106882;0.0621121;0.106975;-0.00381664;-0.00980329;0.0580665;-5.79109e-05;0.0881537;3.92761e-05;0.0167891;1;0.710813;0;0.568274;0;1;
55;0.255222;-0.290089;0.293847;-0.29202;0.282364;-0.287672;0.0424973;0.0520514;0.0424561;0.0749649;0.0425177;0.019885;0.0450135;0.0339085;0.019376;0.0514833;0.0744472;0.00570538;1;0.442804;0.708891;0.0818215;0.691325;1;
56;0.250995;-0.289079;0.290061;-0.289148;0.240177;-0.299083;-0.0393093;0.0945403;-0.0393363;0.107922;0.0328826;0.0757617;0.0778122;0.015206;0.061106;0.0300655;0.138041;-0.000542291;1;0;1;0;0.71836;0.941517;
57;0.234544;-0.275526;0.273432;-0.275567;0.1984;-0.285167;-0.111661;0.152556;-0.110099;0.160372;0.0416457;0.141592;0.0949866;0.00887992;0.0639569;0.0175577;0.191861;0.00415909;0.79173;0;1;0;1;0.417827;
58;0.21486;-0.250186;0.246978;-0.250209;0.145013;-0.255816;-0.137221;0.199179;-0.125914;0.203743;0.0192067;0.192775;0.0984525;0.00518543;0.0837357;0.010253;0.216347;0.0024284;1;0;1;0;1;0;
59;0.188241;-0.214033;0.21216;-0.214046;0.106553;-0.217321;-0.136369;0.228827;-0.115084;0.231493;0.012588;0.225088;0.104393;0.00302767;0.0908879;0.00598733;0.190298;0.00141777;0.970266;0;1;0;1;0;
60;0.147887;-0.166411;0.165322;-0.166418;0.0429539;-0.168331;-0.146334;0.245385;-0.129279;0.246941;0.0120635;0.243201;0.0829671;0.00176756;0.0920406;0.00349606;0.198583;0.000827517;1;0;1;0;1;0;
61;0.0889849;-0.103012;0.102388;-0.103017;0.0296318;-0.104133;-0.130529;0.25289;-0.127529;0.253124;0.00071106;0.251614;0.0948929;0.0010317;0.076475;0.00204114;0.186519;0.000482721;1;0;1;0;1;0;
62;0.0101765;-0.0183852;0.0180372;-0.0183875;-0.0244707;-0.0190397;-0.118157;0.240509;-0.136845;0.241927;-0.00031248;0.243091;0.0882701;0.000601881;0.0753873;0.00119155;0.179548;0.000281428;1;0;1;0;1;0;
63;-0.0857169;0.0809075;-0.0810945;0.0809061;-0.105933;0.0805251;-0.10591;0.222244;-0.13438;0.22351;0.0140618;0.223094;0.0819755;0.000350939;0.0721088;0.000695384;0.163969;0.000163852;1;0;1;0;1;0;
64;-0.171323;0.168503;-0.1686;0.168502;-0.183112;0.16828;-0.0774155;0.186945;-0.108481;0.216948;0.019605;0.216791;0.0913647;0.000204561;0.0708433;0.000405679;0.142767;9.52697e-05;1;0;1;0;1;0;
65;-0.230275;0.228621;-0.22867;0.228621;-0.237147;0.228491;-0.0391801;0.179418;-0.0836203;0.196966;0.0366558;0.196875;0.0736362;0.000118808;0.0598765;0.000236496;0.123772;5.52049e-05;1;0;0.98334;0;1;0;
66;-0.264925;0.264695;-0.264723;0.256465;-0.261802;0.264619;-0.00207139;0.15542;-0.0536384;0.165668;0.0488747;0.165615;0.0705605;6.89371e-05;0.0421357;-0.00602792;0.0931878;3.17984e-05;1;0;1;0.356695;1;0;
67;-0.280869;0.284219;-0.284235;0.258913;-0.281516;0.284174;0.0409749;0.11632;-0.0102199;0.122308;0.047155;0.122274;0.0746997;3.98274e-05;0.0246078;-0.00990357;0.0584445;1.8162e-05;1;0;1;0.661971;0.8783;0;
68;-0.288143;0.292218;-0.288089;0.251835;-0.290912;0.291099;0.0718257;0.0592814;0.0530402;0.0627836;0.0603244;0.0627532;0.0507759;0.030144;-0.0441797;0.0493893;0.0341318;0.00623784;0.563583;0.76025;0.906048;0.81512;0.584227;0.425719;
69;-0.295257;0.238656;-0.311508;0.263452;-0.293346;0.297128;0.0940447;0.03466;0.0842861;-0.015419;0.0873271;-0.0154396;0.0296525;0.113173;-0.0303138;0.0660268;0.0139047;0.0587394;0;0.875669;1;0.608058;0;1;
70;-0.283027;0.212482;-0.293851;0.245649;-0.28191;0.281752;0.145307;0.0307958;0.139611;-0.0931316;0.141384;-0.0937102;0.0173165;0.18346;-0.0140747;0.102453;0.00811991;0.0654489;0;0.890206;0.606868;0.449169;0;1;
71;-0.259795;0.151644;-0.266117;0.21806;-0.259143;0.252029;0.192964;0.0297922;0.189638;-0.133534;0.190673;-0.128623;0.0101122;0.21159;-0.00822004;0.0940702;0.00474162;0.068476;0;0.98981;0;0.583507;0;1;
72;-0.225923;0.123996;-0.229615;0.192229;-0.225542;0.221385;0.225013;0.00603817;0.223071;-0.129691;0.223675;-0.121897;0.00590504;0.20064;-0.00480092;0.107759;0.00276854;0.0895817;0;0.968303;0;0.533261;0;1;
73;-0.181363;0.0568204;-0.183519;0.160046;-0.181141;0.178716;0.243528;0.0112317;0.242393;-0.142422;0.242746;-0.125967;0.00344807;0.193664;-0.00280413;0.0914174;0.00161619;0.0883948;0;1;0;0.587986;0;1;
74;-0.122712;0.00500932;-0.123972;0.109423;-0.122583;0.121176;0.252536;0.00789385;0.251873;-0.143386;0.252079;-0.13255;0.00201314;0.187724;-0.00163812;0.0880524;0.000943295;0.0908645;0;1;0;0.628994;0;1;
75;-0.0440361;-0.0247044;-0.0447715;0.0362335;-0.0439609;0.0431543;0.247958;0.00129792;0.247643;-0.125185;0.245339;-0.13489;0.0011752;0.17013;-0.00095709;0.0985716;0.000550256;0.0856209;0;1;0;0.674594;0;1;
76;0.0533677;-0.0935102;0.0529381;-0.0579401;0.0534116;-0.0538665;0.22898;0.0117375;0.229745;-0.110542;0.227001;-0.138325;0.00068584;0.168961;-0.000559437;0.0799034;0.000320754;0.0712947;0;1;0;0.827914;0;1;
77;0.146877;-0.170316;0.146626;-0.149559;0.146903;-0.147156;0.204875;0.0150261;0.197513;-0.0787614;0.199994;-0.113356;0.000400052;0.148174;-0.000327159;0.0848843;0.000186775;0.067684;0;1;0;0.901508;0;1;
78;0.21475;-0.228433;0.214604;-0.216322;0.214766;-0.214906;0.194706;0.0337793;0.190406;-0.0481411;0.191855;-0.0956737;0.000233243;0.131264;-0.000191484;0.0740143;0.000108511;0.0623084;0;1;0;0.910522;0;1;
79;0.246725;-0.256645;0.256603;-0.256186;0.256697;-0.25678;0.170164;0.0403944;0.167654;-0.00540698;0.1685;-0.0603727;-0.0122506;0.104983;-0.000112257;0.0694624;6.29198e-05;0.0402473;0.580764;1;0;0.992108;0;1;
80;0.247217;-0.2729;0.280072;-0.274773;0.280127;-0.280176;0.13259;0.0446616;0.131122;0.0291548;0.131617;-0.0270319;-0.0102378;0.074151;-6.59565e-05;0.0717508;3.62841e-05;0.0235058;0.964731;0.805835;0;0.761935;0;1;
81;0.244274;-0.28516;0.291116;-0.284374;0.290053;-0.289167;0.0792937;0.0536659;0.0784281;0.0655035;0.078719;0.0297698;0.0249682;0.0433089;-3.8835e-05;0.058341;0.0131824;-0.0270205;1;0.824437;0;0.473248;0.475508;1;
82;0.256259;-0.290469;0.30206;-0.288729;0.256116;-0.297334;0.00661471;0.0674051;0.00610193;0.0783184;0.0414178;0.0655197;0.0498661;0.0252892;0.0485894;0.0340714;0.109677;-0.0255149;0.903804;0;1;0.0419505;0.813702;1;
83;0.236204;-0.283653;0.289852;-0.282636;0.233398;-0.288829;-0.0713028;0.121018;-0.0747477;0.127392;0.0343534;0.119923;0.0940942;0.0147685;0.0725254;0.0198971;0.172899;-0.0148986;0.884912;0;1;0;1;0.949641;
84;0.221576;-0.26509;0.268705;-0.264496;0.171552;-0.274351;-0.129408;0.1758;-0.124005;0.179523;0.0372801;0.175161;0.0900284;0.00862439;0.0699917;0.0116194;0.220591;-0.00848656;0.734073;0;1;0;1;0.0108998;
85;0.195905;-0.234974;0.23708;-0.234627;0.134179;-0.240382;-0.129704;0.21451;-0.118989;0.216684;0.0183573;0.214137;0.102138;0.00503613;0.096207;0.00678509;0.201898;-0.0049566;0.849142;0;1;0;1;0;
86;0.163777;-0.194071;0.195304;-0.193868;0.0775653;-0.197229;-0.138129;0.237655;-0.114638;0.238925;0.00899883;0.237438;0.0954546;0.00294043;0.090422;0.0039621;0.202309;-0.00289501;0.784751;0;1;0;1;0;
87;0.114113;-0.140167;0.140895;-0.140049;0.0181283;-0.142011;-0.14505;0.24973;-0.127638;0.250471;0.0168453;0.249603;0.0807283;0.00171667;0.0892149;0.00231327;0.195704;-0.00169118;0.7596;0;1;0;1;0;
88;0.0467133;-0.0676923;0.0681322;-0.0676227;-0.00358003;-0.068769;-0.121575;0.249999;-0.123859;0.249721;-1.34238e-05;0.248448;0.0971278;0.00100192;0.0856852;0.00135045;0.177835;-0.00098813;0.92217;0;1;0;1;0;
89;-0.038031;0.0257603;-0.0254846;0.0258011;-0.0673821;0.0251315;-0.114109;0.230547;-0.134778;0.235233;0.0137931;0.238141;0.080628;0.00058451;0.0702308;0.000788206;0.17666;-0.000577537;0.89035;0;0.968825;0;1;0;
90;-0.130468;0.123283;-0.123102;0.123307;-0.147585;0.122916;-0.0863094;0.210383;-0.117429;0.21227;0.0138739;0.205951;0.0833272;0.000340833;0.0719688;0.000459811;0.162257;-0.000337811;0.91094;0;0.875809;0;1;0;
91;-0.203174;0.198961;-0.198839;0.198975;-0.213145;0.198746;-0.0564438;0.20248;-0.0937205;0.203582;0.0338127;0.192692;0.082045;0.000198475;0.0646893;0.000268132;0.135313;-0.000197605;1;0;0.994401;0;1;0;
92;-0.249811;0.247338;-0.247253;0.247346;-0.255614;0.247212;-0.0224157;0.180182;-0.0690865;0.180826;0.0485037;0.174466;0.0734895;0.000115387;0.0550734;0.000156156;0.114844;-0.000115874;1;0;0.932422;0;1;0;
93;-0.276727;0.27513;-0.27508;0.265416;-0.267507;0.275057;0.0203425;0.14548;-0.0313778;0.145856;0.0499024;0.142141;0.0794762;6.69114e-05;0.0321689;-0.0130545;0.0806802;-6.807e-05;1;0;1;0.469221;1;0;
94;-0.287699;0.28569;-0.287634;0.266611;-0.284671;0.289082;0.0696515;0.0964778;0.00794023;0.0967031;0.050331;0.0945274;0.0674301;0.0108251;0.0187827;-0.000744129;0.0471264;-4.01238e-05;1;0.138685;1;0.826496;0.885506;0;
95;-0.293198;0.275604;-0.289266;0.263925;-0.290781;0.29337;0.0799798;0.0512782;0.0329332;0.0325789;0.055716;0.0277515;0.0393794;0.0841355;0.00390241;0.0556753;0.02752;0.0430973;0.266801;1;1;0.80677;0.269826;1;
96;-0.2882;0.230503;-0.298701;0.244387;-0.286788;0.276529;0.11803;0.0464835;0.0905604;-0.0522803;0.10386;-0.0550997;0.0229969;0.146884;0.0151952;0.0879254;0.0160713;0.065108;0;1;0.641463;0.561493;0;1;
97;-0.272327;0.172126;-0.27846;0.220524;-0.271502;0.246328;0.169776;0.0403195;0.153734;-0.119008;0.161501;-0.115418;0.0134297;0.208822;0.00887412;0.0969925;0.00938524;0.0654702;0;1;0;0.419166;0;1;
98;-0.244874;0.147808;-0.248456;0.165022;-0.244393;0.192089;0.210094;0.0114566;0.200725;-0.114381;0.205261;-0.127187;0.00784231;0.213851;0.00518196;0.107898;0.00548049;0.0759622;0;1;0;0.52967;0;1;
