1;-0.000363588;0.000116064;9.94834e-05;-0.000363587;0.000116064;9.94836e-05;0.0349769;0.0347456;0.0352595;0.0349768;0.0347455;0.0352594;0.808667;0.808665;0.808666;0.808667;0.808665;0.808666;0;0;0;0;0;0;
2;0.00838397;-0.0253789;-0.0408459;-0.00561304;0.0514876;0.0227714;0.170788;0.178234;0.200768;0.170371;0.191696;0.190484;0.472533;0.472563;0.472656;0.472502;0.47262;0.472556;1;0.682609;0;0.85091;0;0.978897;
3;-0.0108817;-0.0213321;-0.0327159;0.00228711;0.0364446;0.0179098;0.0998283;0.106997;0.21298;0.100745;0.24195;0.111189;0.275978;0.275998;0.276088;0.275962;0.27611;0.275998;0.669238;1;0;0.735106;0;1;
4;-0.00571967;-0.0130925;-0.018471;0.00221688;0.0219181;0.00982496;0.0582799;0.0779867;0.124352;0.0588681;0.14127;0.0875908;0.161178;0.161194;0.161241;0.161168;0.161253;0.161195;0.932847;1;0.380788;0.698775;0;1;
5;-0.00246386;-0.00852183;-0.00991082;0.000725759;0.013676;0.00486205;0.0337845;0.047327;0.0723681;0.0474475;0.082244;0.0692788;0.0941312;0.0941437;0.0941673;0.0941272;0.0941722;0.0941457;0.79658;0.843637;0.800381;0.800415;0;0.808743;
6;-0.000331388;-0.00608406;-0.00468046;-0.000692766;0.0090944;0.00173223;0.0273411;0.0345244;0.0416102;0.0528722;0.0473732;0.0453322;0.0549755;0.0549837;0.0549972;0.0549757;0.0549979;0.0549862;0.86667;0.613829;0.864974;0.549706;0.460694;1;
7;0.0010498;-0.00479638;-0.00149007;-0.00164798;0.00655456;-0.000231586;0.024599;0.0315423;0.0344954;0.0364803;0.026369;0.0338562;0.0321083;0.0321132;0.0321217;0.0321094;0.0321213;0.0321153;0.785699;0.664492;0.839529;0.541667;0.665474;0.981316;
8;0.00174673;-0.00393462;0.000263488;-0.00212228;0.00496158;-0.0012687;0.0235932;0.0313691;0.0330948;0.0378667;0.0260776;0.035131;0.0187538;0.0187564;0.0187626;0.0187547;0.0187617;0.0187581;0.802309;0.64438;0.902408;0.457977;0.705657;0.975401;
9;0.00161059;-0.00283617;0.0006923;-0.00193636;0.00343608;-0.000643478;0.0203454;0.030286;0.0308318;0.0376934;0.0246273;0.0360557;0.0109549;0.0109559;0.0109609;0.0109556;0.0109598;0.0109573;0.823682;0.605082;1;0.568835;0.730958;0.948166;
10;4.54594e-05;-0.000761029;-0.000490945;-0.000235696;0.00111156;0.00051958;0.0184788;0.0302911;0.0284589;0.039704;0.0243633;0.0377992;0.00640046;0.0064;0.00640483;0.00640065;0.00640377;0.00640156;0.898669;0.43682;1;0.556225;0.775486;0.920468;
11;-0.00361948;0.0032016;-0.00393267;0.00350828;-0.00299673;0.00394955;0.0163675;0.0304558;0.0255101;0.0420613;0.0241682;0.0403439;0.00374079;0.00373905;0.00709498;0.00374039;0.00597127;0.00374084;0.991124;0.442252;1;0.537102;0.729177;0.679545;
12;-0.0104134;0.0101695;-0.0105964;0.0103485;-0.0100496;0.0106064;0.0141059;0.0309393;0.0240024;0.0438203;0.0237246;0.042556;0.0045911;0.00218481;0.00746186;0.00218671;0.00679925;0.00218689;1;0.437727;1;0.524988;1;0.836959;
13;-0.0215394;0.0213969;-0.0216461;0.0215013;-0.0213267;0.0216522;0.0145874;0.0314171;0.0302211;0.0446382;0.0222653;0.0416164;0.00579313;0.00127701;0.00771892;0.00146767;0.0101736;0.00127933;1;0.381719;0.888296;0.524783;1;0.965135;
14;-0.0380753;0.0379921;-0.0381375;0.038053;-0.0379509;0.0381413;0.0161608;0.0300264;0.0243025;0.0421658;0.0227827;0.0396092;0.00376023;0.000747239;0.0071001;0.0011306;0.00735201;0.00196874;1;0.362321;1;0.54122;1;1;
15;-0.0603172;0.0602685;-0.0603534;0.0603041;-0.0602443;0.0603558;0.0227927;0.0285366;0.0327635;0.0329571;0.0237152;0.0319169;0.00244605;0.00318308;0.00488729;0.00442145;0.00429613;0.00503345;1;0.658135;1;0.450181;0.672762;1;
16;-0.0867414;0.0867129;-0.0867624;0.0867336;-0.0866987;0.0867641;0.0398927;0.026777;0.0525831;0.0169821;0.0307523;0.0196437;0.00142982;0.0149607;0.00285645;0.00721481;0.00250927;0.00931415;0.669785;0.959988;0.939801;0.749305;0.334217;1;
17;-0.113123;0.113106;-0.113135;0.113118;-0.113098;0.113136;0.0561745;0.00926237;0.063588;-0.0229539;0.0508362;-0.0213982;0.000834841;0.0224169;0.00166907;0.00863465;0.00146506;0.0162063;0;1;0.513596;0.730197;0;1;
18;-0.132803;0.132793;-0.13281;0.1328;-0.132788;0.132811;0.0943706;-0.0555162;0.0987001;-0.0749665;0.0912531;-0.0740518;0.00048717;0.0311517;0.000974349;0.00506139;0.000855213;0.0130666;0;1;0;0.511316;0;1;
19;-0.138313;0.138308;-0.138317;0.138311;-0.138305;0.138318;0.142895;-0.120191;0.145424;-0.13156;0.141075;-0.131021;0.000284114;0.0181985;0.000568633;0.0029579;0.000499033;0.00763445;0;1;0;0.409094;0;1;
20;-0.123567;0.123565;-0.12357;0.123566;-0.123563;0.12357;0.185575;-0.172304;0.187051;-0.178952;0.184511;-0.178634;0.000165488;0.0106313;0.000331648;0.00172883;0.000290988;0.0044603;0;1;0;0.581721;0;1;
21;-0.0843857;0.0843844;-0.0843871;0.084385;-0.0843829;0.0843876;0.214697;-0.187987;0.215559;-0.210827;0.214076;-0.210638;9.61911e-05;0.0062101;0.000193229;0.00101043;0.000169448;0.00260549;0;1;0;0.626237;0;1;
22;-0.0173049;0.0173045;-0.0173057;0.0173045;-0.0173033;0.0173063;0.230401;-0.181577;0.230905;-0.228139;0.230038;-0.217549;5.56575e-05;0.00362778;0.000112329;0.000590422;9.84492e-05;0.0015216;0;1;0;0.685266;0;1;
23;0.0725455;-0.072545;0.072545;-0.0725457;0.0725463;-0.0725445;0.227764;-0.160379;0.228686;-0.208889;0.229254;-0.207829;3.20165e-05;0.00211972;6.50824e-05;0.000344838;5.69655e-05;0.000888754;0;1;0;0.673638;0;1;
24;0.159619;-0.159618;0.159619;-0.159619;0.159619;-0.159618;0.190821;-0.130148;0.196266;-0.169569;0.222584;-0.179863;1.84177e-05;0.0078013;3.76984e-05;-0.00763646;3.27922e-05;-0.0081344;0;1;0;1;0;1;
25;0.22249;-0.22249;0.22249;-0.222491;0.222491;-0.22249;0.161436;-0.0736732;0.173095;-0.118921;0.203233;-0.146601;1.01344e-05;0.0163234;2.1517e-05;-0.00445818;1.86167e-05;-0.00474962;0;1;0;1;0;1;
26;0.261128;-0.261128;0.261127;-0.261128;0.261128;-0.261127;0.148613;-0.0223834;0.155421;-0.0650443;0.173022;-0.102506;5.53847e-06;0.031671;1.20755e-05;0.0117803;1.03401e-05;-0.00277246;0;1;0;1;0;1;
27;0.282492;-0.282493;0.282492;-0.282494;0.282493;-0.282492;0.117253;0.0298716;0.121227;0.0241707;0.131506;-0.0295288;3.94939e-06;0.0290679;6.65871e-06;0.0455495;5.58479e-06;0.0100268;0.661481;1;0;1;0;1;
28;0.292154;-0.292155;0.292154;-0.292156;0.292154;-0.292154;0.0665586;0.0613446;0.0688783;0.0655057;0.0748786;0.0701963;0.00910188;0.0196487;0.0163679;0.026607;0.0065236;0.0233906;0.920206;0.947628;1;0.696738;0.508132;1;
29;0.292204;-0.294224;0.291462;-0.294596;0.289062;-0.29273;-0.00540718;0.0801059;-0.0040457;0.082537;0.00402136;0.0852777;0.00531862;0.0114745;0.0232922;0.0155388;0.0494386;0.0136613;0.776872;0;1;0;1;0.477543;
30;0.283457;-0.284638;0.283025;-0.284855;0.281624;-0.283765;-0.0882279;0.131853;-0.0874212;0.133273;-0.0827056;0.134873;0.00477062;0.00670069;0.0257267;0.00907419;0.0485214;0.00797771;0.672448;0;1;0;1;0;
31;0.263196;-0.263885;0.262943;-0.264012;0.262126;-0.263376;-0.157881;0.18336;-0.157403;0.184189;-0.154645;0.185124;0.00278764;0.00391274;0.0150283;0.00529888;0.0283426;0.00465854;0.702427;0;1;0;1;0;
32;0.231705;-0.232108;0.231557;-0.232182;0.23108;-0.23181;-0.204262;0.219143;-0.203977;0.219627;-0.202136;0.220173;0.0016289;0.00228454;0.00877819;0.00309405;0.0165544;0.00272011;0.816706;0;1;0;1;0;
33;0.189488;-0.189723;0.189402;-0.189767;0.189123;-0.18955;-0.231587;0.240278;-0.230121;0.240561;-0.197389;0.24088;0.000951659;0.00133363;0.00512683;0.0018064;0.00966886;0.00158803;0.879534;0;1;0;1;0;
34;0.133896;-0.134033;0.133845;-0.134058;0.133683;-0.133932;-0.245966;0.251043;-0.224533;0.251209;-0.1968;0.251395;0.000555835;0.000778278;0.00299422;0.00105441;0.00564746;0.000926859;0.885521;0;1;0;1;0;
35;0.0591628;-0.0592432;0.0591335;-0.0592579;0.0590395;-0.0591839;-0.238804;0.24955;-0.221571;0.249392;-0.191227;0.249237;0.000324405;0.000453947;0.00174887;0.000615262;0.00329803;0.000540759;0.960717;0;1;0;1;0;
36;-0.0359304;0.0358835;-0.0359475;0.0358749;-0.0360017;0.0359181;-0.219803;0.227175;-0.210137;0.234811;-0.170053;0.234847;0.00018936;0.000264518;0.00102172;0.000358802;0.00192592;0.000315272;1;0;1;0;1;0;
37;-0.132215;0.132187;-0.132224;0.132182;-0.132256;0.132207;-0.183786;0.205635;-0.189412;0.211549;-0.144365;0.207452;-0.00636038;0.000153959;0.000597365;0.000209217;0.00921672;0.000183824;1;0;1;0;1;0;
38;-0.205024;0.205009;-0.20503;0.205006;-0.205049;0.20502;-0.135932;0.198055;-0.158076;0.201508;-0.0914529;0.19717;-0.00371312;8.93699e-05;-0.00365196;0.000121602;0.015603;0.000106761;1;0;1;0;1;0;
39;-0.250957;0.250948;-0.25096;0.250946;-0.250973;0.250954;-0.0845173;0.175614;-0.117594;0.177631;-0.0373976;0.175097;0.00860932;5.16664e-05;-0.00213174;7.05993e-05;0.0236585;6.19301e-05;1;0;1;0;1;0;
40;-0.277085;0.277079;-0.277087;0.277078;-0.277095;0.277083;0.0366182;0.140283;-0.0641296;0.141461;0.0240347;0.139981;0.0263799;2.9678e-05;-0.00124432;4.14111e-05;0.028581;3.58103e-05;0.876669;0;1;0.35481;1;0;
41;-0.289953;0.289949;-0.289954;0.289947;-0.289959;0.289951;0.0608908;0.0899769;0.0519149;0.0906714;0.0615134;0.0898016;0.0250904;1.69982e-05;0.0215306;0.00848732;0.0232455;0.00153996;0.966321;0;1;0.633383;1;0.926673;
42;-0.293162;0.290887;-0.293162;0.293159;-0.293166;0.293161;0.0817468;0.0259996;0.0996723;0.0210261;0.0611426;0.0205241;0.0146528;0.04148;0.0125759;0.0113451;0.0135755;0.0359315;0;1;0.35082;0.505409;0;1;
43;-0.287143;0.285815;-0.287143;0.287141;-0.287145;0.286557;0.123037;-0.0600959;0.133505;-0.0630164;0.111004;-0.0632974;0.00855676;0.0433429;0.00734375;0.00662778;0.00792764;0.0301162;0;1;0;0.352645;0;1;
44;-0.270065;0.269289;-0.270065;0.270063;-0.270066;0.269723;0.174448;-0.137677;0.180561;-0.139394;0.167421;-0.139551;0.00499672;0.0253185;0.00428833;0.00387262;0.0046293;0.0175923;0;1;0;0.474868;0;1;
45;-0.241493;0.24104;-0.241493;0.241492;-0.241494;0.241293;0.213212;-0.191726;0.216782;-0.192739;0.209108;-0.192824;0.0029176;0.0147889;0.00250389;0.00226287;0.00270302;0.0102759;0;1;0;0.722947;0;1;
46;-0.202303;0.202039;-0.202303;0.202302;-0.202303;0.202186;0.236997;-0.205239;0.239082;-0.225039;0.2346;-0.225085;0.00170339;0.00863736;0.00146179;0.00132212;0.00157803;0.00600158;0;1;0;0.528593;0;1;
47;-0.150865;0.150711;-0.150865;0.150864;-0.150865;0.150797;0.249689;-0.201499;0.250906;-0.242704;0.248289;-0.22733;0.000994227;0.00504455;0.000853129;0.000772241;0.000921026;0.00350466;0;1;0;0.588402;0;1;
48;-0.081984;0.0818946;-0.081984;0.0819838;-0.0819843;0.0819444;0.250559;-0.193542;0.252006;-0.241425;0.251636;-0.223794;0.0005801;0.00294624;0.000497678;0.000450828;0.000537331;0.00204662;0;1;0;0.624086;0;1;
49;0.0083558;-0.00840737;0.00835577;-0.00835585;0.00835553;-0.00837877;0.239094;-0.176837;0.240101;-0.223969;0.23405;-0.214706;0.000338231;0.00172103;0.000290107;0.000263286;0.000313227;0.00119526;0;1;0;0.533053;0;1;
50;0.107334;-0.107364;0.107334;-0.107334;0.107334;-0.107348;0.216942;-0.149034;0.215402;-0.198092;0.213193;-0.200936;0.000197023;0.00100579;0.000168896;0.00015407;0.000182379;0.000698442;0;1;0;0.79422;0;1;
51;0.187852;-0.187869;0.187852;-0.187852;0.187852;-0.18786;0.193704;-0.117662;0.177231;-0.150184;0.177567;-0.166025;0.000114677;0.00431276;9.83841e-05;-0.0128139;0.000105998;-0.00750717;0;1;0;0.937558;0;1;
52;0.240617;-0.240629;0.240617;-0.240617;0.240616;-0.240621;0.178364;-0.0633754;0.158138;-0.0994354;0.16894;-0.135485;6.64807e-05;0.0121811;5.70255e-05;-0.00748148;6.1374e-05;-0.00438367;0;1;0;0.829244;0;0.998992;
53;0.27144;-0.271447;0.27144;-0.27144;0.27144;-0.271442;0.148586;0.00149931;0.136773;-0.0256653;0.143082;-0.0999697;3.83625e-05;0.0299034;3.2787e-05;0.0258823;3.54488e-05;-0.00255977;0;1;0;1;0;0.89295;
54;0.287466;-0.287472;0.287467;-0.287467;0.287467;-0.287469;0.103973;0.0341632;0.0970695;0.031738;0.100754;-0.0111841;0.0139172;0.0229863;1.88093e-05;0.0223807;2.0225e-05;-0.00149363;0.354416;1;0;0.95257;0;0.586294;
55;0.293157;-0.293162;0.293158;-0.293159;0.293158;-0.29316;0.0407621;0.0734361;0.0406354;0.0756493;0.0392691;0.0705725;0.0170105;0.0134254;0.0277651;0.0130721;0.0311914;0.0103267;0.585829;0.242252;1;0.196355;1;0.849753;
56;0.289812;-0.289815;0.289813;-0.289813;0.289813;-0.289814;-0.0403369;0.107029;-0.0403984;0.108322;-0.0371161;0.105357;0.00993628;0.00783996;0.0298659;0.00763357;0.0325534;0.0060303;0.601664;0;1;0;1;0;
57;0.275954;-0.275956;0.275955;-0.275955;0.275955;-0.275955;-0.120899;0.15985;-0.12093;0.160605;-0.119009;0.158874;0.00580491;0.00457813;0.0222879;0.00445765;0.0192054;0.00352147;1;0;1;0;1;0;
58;0.250436;-0.250437;0.250436;-0.250436;0.250436;-0.250436;-0.18069;0.203438;-0.180699;0.203879;-0.179573;0.202867;0.00339106;0.00267314;0.0130194;0.0026027;0.0112194;0.0020559;0.910084;0;1;0;1;0;
59;0.214178;-0.214179;0.214179;-0.214179;0.214179;-0.214179;-0.218029;0.231315;-0.21803;0.231572;-0.199117;0.230982;0.00198061;0.00156058;0.00760374;0.00151955;0.00655296;0.00120024;0.853404;0;1;0;1;0;
60;0.166496;-0.166496;0.166496;-0.166496;0.166496;-0.166496;-0.239078;0.246837;-0.225427;0.246988;-0.207227;0.246643;0.00115658;0.000910814;0.00444008;0.000886882;0.00382733;0.000700367;0.885938;0;1;0;1;0;
61;0.103062;-0.103062;0.103062;-0.103062;0.103062;-0.103062;-0.247288;0.253738;-0.226547;0.253803;-0.193361;0.252922;0.000675018;0.000531386;0.00259218;0.000517395;0.00223516;0.000408484;0.900118;0;1;0;1;0;
62;0.018414;-0.0184142;0.0184142;-0.018414;0.0184148;-0.0184141;-0.22969;0.238294;-0.222843;0.243216;-0.183064;0.242502;0.000393828;0.00030977;0.00151334;0.000301598;0.00130583;0.00023798;1;0;1;0;1;0;
63;-0.0808904;0.0808904;-0.0808903;0.0808905;-0.0808898;0.0808905;-0.205158;0.218046;-0.206172;0.226143;-0.155356;0.226127;0.000229929;0.000180376;-0.00121036;0.000175616;0.000763442;0.00013846;1;0;1;0;1;0;
64;-0.168493;0.168493;-0.168493;0.168493;-0.168492;0.168493;-0.165934;0.186325;-0.181488;0.218572;-0.119576;0.218562;-0.0132284;0.000104809;-0.017379;0.000102063;0.00843401;8.03408e-05;1;0;1;0;1;0;
65;-0.228615;0.228615;-0.228615;0.228615;-0.228615;0.228615;-0.122147;0.178865;-0.140722;0.197915;-0.0642123;0.197909;-0.0201831;6.07186e-05;-0.0101489;5.91488e-05;0.0223716;4.64508e-05;1;0;1;0;1;0;
66;-0.264692;0.264691;-0.264691;0.264691;-0.264692;0.264691;-0.0557031;0.155098;-0.0947413;0.166223;0.00413715;0.166219;-0.0117841;3.49583e-05;-0.00592598;3.41097e-05;0.0303749;2.67004e-05;1;0;0.966748;0;1;0;
67;-0.284217;0.284217;-0.284217;0.284216;-0.284218;0.284216;0.0354182;0.116132;-0.0181775;0.122631;0.0323992;0.122627;0.0530013;2.00224e-05;0.00581518;2.07147e-05;0.0241615;1.51647e-05;1;0;1;0.470569;1;0;
68;-0.292489;0.292488;-0.292489;0.292488;-0.29249;0.292488;0.060462;0.0591722;0.0784002;0.0629679;0.073743;0.0629649;0.0309571;0.0147188;0.0190232;0.0099906;0.0214649;0.0218807;0.814955;0.8123;1;0.372491;0.851056;1;
69;-0.291686;0.284705;-0.292142;0.292178;-0.291843;0.283804;0.0874083;-0.0145439;0.0978847;-0.0153233;0.0951644;-0.0153159;0.0180784;0.044198;0.0111094;0.00583716;0.0125351;0.0260381;0;1;0.341152;0.385479;0;1;
70;-0.280941;0.276865;-0.281207;0.281228;-0.281033;0.276337;0.141431;-0.0988632;0.14755;-0.0993322;0.145961;-0.0993184;0.0105574;0.0418648;0.00648745;0.00341107;0.00732003;0.0188823;0;1;0;0.481075;0;1;
71;-0.258577;0.256197;-0.258733;0.258745;-0.258631;0.255888;0.190701;-0.165828;0.194274;-0.166114;0.193346;-0.166098;0.00616503;0.0244541;0.00378819;0.00199348;0.00427441;0.0110305;0;1;0;0.480027;0;1;
72;-0.225212;0.223822;-0.225302;0.22531;-0.225243;0.223641;0.223692;-0.197961;0.225778;-0.209331;0.225236;-0.209317;0.00359988;0.0142821;0.00221183;0.00116489;0.00249572;0.00644313;0;1;0;0.544731;0;1;
73;-0.180948;0.180136;-0.181001;0.181005;-0.180966;0.180031;0.242756;-0.208117;0.243974;-0.234368;0.243658;-0.234357;0.00210184;0.00834077;0.00129126;0.000680282;0.00145697;0.0037627;0;1;0;0.607812;0;1;
74;-0.12247;0.121996;-0.122501;0.122503;-0.12248;0.121934;0.252085;-0.190095;0.252796;-0.247186;0.252612;-0.223394;0.00122688;0.00487069;0.000753449;0.000397165;0.000850293;0.00219729;0;0.770855;0;0.515057;0;1;
75;-0.0438949;0.0436186;-0.043913;0.0439147;-0.043901;0.0435819;0.243654;-0.189166;0.245746;-0.234602;0.244793;-0.220333;0.000715985;-0.00399331;0.000439545;0.000231416;0.000495997;0.00128294;0;1;0;0.697416;0;1;
76;0.0534499;-0.0536105;0.0534393;-0.0534381;0.0534467;-0.0536328;0.233132;-0.169337;0.231906;-0.216131;0.227626;-0.20586;0.000417625;-0.00233313;0.000256136;0.000134789;0.00028909;0.000749424;0;1;0;0.723106;0;1;
77;0.146925;-0.147019;0.146918;-0.146918;0.146923;-0.147032;0.225539;-0.140001;0.201094;-0.179637;0.197643;-0.185249;0.000243403;-0.00136184;0.000149314;-0.0115614;0.000168284;-0.0027072;0;1;0;0.82593;0;1;
78;0.214778;-0.214833;0.214774;-0.214774;0.214777;-0.214841;0.206774;-0.0895733;0.187502;-0.13209;0.190482;-0.151314;0.00014167;0.0131384;8.66312e-05;-0.0067509;9.77479e-05;-0.00158015;0;1;0;0.898058;0;1;
79;0.256704;-0.256737;0.256702;-0.256701;0.256704;-0.256741;0.177212;-0.0333873;0.165958;-0.0762672;0.167698;-0.109969;8.23181e-05;0.0294928;5.01742e-05;0.0129067;5.65766e-05;-0.000921758;0;1;0;0.873856;0;1;
80;0.280131;-0.280152;0.28013;-0.28013;0.280131;-0.280153;0.136705;0.0283938;0.130132;0.0299091;0.131148;-0.0457373;4.8294e-05;0.0289635;2.88896e-05;0.0339672;3.26272e-05;-0.000537612;0.669744;1;0;1;0;0.839558;
81;0.291148;-0.291162;0.291149;-0.29115;0.29115;-0.291163;0.0816947;0.0610725;0.0778535;0.0557;0.0784453;0.0599163;0.0105758;0.0222008;0.0181304;0.0198427;0.00289342;0.0236964;1;1;1;1;0.77052;1;
82;0.292812;-0.29282;0.292813;-0.292813;0.292813;-0.292821;0.00800549;0.0755356;0.00576885;0.0722377;0.00969593;0.0747009;0.00974768;0.0129652;0.0298828;0.0115887;0.0328904;0.0138397;1;0;1;0;1;0.506396;
83;0.28502;-0.285026;0.285021;-0.285021;0.285022;-0.285026;-0.0769782;0.125767;-0.078272;0.123841;-0.0759758;0.125279;0.00569434;0.00757121;0.0320096;0.00676736;0.0299311;0.00808194;0.894525;0;1;0;0.958949;0;
84;0.265889;-0.265892;0.26589;-0.265889;0.26589;-0.265892;-0.15008;0.178573;-0.150828;0.177449;-0.149483;0.178289;0.00332692;0.00442114;0.018697;0.0039517;0.0174847;0.0047194;0.640256;0;1;0;1;0;
85;0.23544;-0.235442;0.235441;-0.23544;0.235441;-0.235442;-0.199488;0.216129;-0.19992;0.215473;-0.19913;0.215963;0.00194362;0.00258146;0.0109202;0.00230731;0.0102131;0.00275565;0.601525;0;1;0;1;0;
86;0.194343;-0.194344;0.194344;-0.194344;0.194344;-0.194344;-0.228882;0.238601;-0.22913;0.238218;-0.206178;0.238504;0.00113515;0.00150704;0.00637716;0.00134696;0.00596477;0.00160879;0.687258;0;1;0;1;0;
87;0.140326;-0.140327;0.140326;-0.140326;0.140327;-0.140327;-0.244605;0.250282;-0.229188;0.250058;-0.202035;0.250226;0.000662644;0.000879567;0.00372354;0.000786076;0.00348342;0.000938973;0.852371;0;1;0;1;0;
88;0.0677848;-0.0677853;0.0677852;-0.0677849;0.0677857;-0.0677852;-0.240592;0.251076;-0.225203;0.249873;-0.192931;0.250113;0.000386428;0.000513116;0.00217401;0.000458537;0.00203431;0.000547813;1;0;1;0;1;0;
89;-0.0257063;0.025706;-0.0257059;0.0257062;-0.0257054;0.025706;-0.210872;0.229969;-0.217463;0.235817;-0.168637;0.236118;-0.00154736;0.000299076;0.00126928;0.000267255;0.00118834;0.000319391;1;0;1;0;1;0;
90;-0.123251;0.123251;-0.123251;0.123251;-0.123251;0.123251;-0.190934;0.205278;-0.195506;0.212949;-0.14346;0.205877;-0.000903364;0.000174122;-0.00198523;0.000155587;0.000695171;0.000185985;0.927167;0;1;0;1;0;
91;-0.198942;0.198942;-0.198942;0.198942;-0.198942;0.198942;-0.140582;0.170933;-0.161002;0.20381;-0.097079;0.165555;-0.0133775;0.00010118;-0.00234437;9.03601e-05;0.0124963;0.00010828;1;0;1;0;1;0;
92;-0.247327;0.247327;-0.247326;0.247326;-0.247327;0.247326;-0.0937144;0.161759;-0.121776;0.180959;-0.0366309;0.123967;-0.00781042;5.85906e-05;-0.00136817;5.23427e-05;0.0228939;6.26885e-05;1;0;1;0;1;0;
93;-0.275124;0.275124;-0.275123;0.275123;-0.275125;0.275123;-0.0142416;0.134721;-0.0675822;0.145934;0.0243697;0.11265;0.0372685;3.37536e-05;-0.000135312;3.01807e-05;0.0349366;3.62719e-05;1;0;1;0;1;0;
94;-0.289122;0.289121;-0.289121;0.28912;-0.289122;0.289121;0.0499571;0.0901938;0.0331405;0.0967477;0.0557092;0.0773062;0.0319338;1.93183e-05;0.021874;0.0122551;0.0322655;0.00385776;1;0;1;0.69677;1;0.9223;
95;-0.293239;0.28998;-0.293238;0.293237;-0.293239;0.293238;0.0859112;0.0260133;0.0864607;0.0290484;0.0482518;0.017701;0.0186502;0.0396604;0.0127763;0.0142535;0.0188433;0.0254222;0.0133967;0.994756;0.60207;0.550602;0;1;
96;-0.288224;0.28632;-0.288223;0.288222;-0.288224;0.288223;0.121494;-0.0561135;0.121815;-0.0543563;0.0995009;-0.0609725;0.0108912;0.0466201;0.00746083;0.00832639;0.0110039;0.0191999;0;1;0;0.551722;0;1;
97;-0.27234;0.271229;-0.27234;0.27234;-0.272341;0.27234;0.171799;-0.133604;0.171986;-0.132589;0.158955;-0.136445;0.00635999;0.0299817;0.0043567;0.00486464;0.00642584;0.0112169;0;1;0;0.474698;0;1;
98;-0.244882;0.244233;-0.244882;0.244881;-0.244882;0.244882;0.211275;-0.187352;0.211385;-0.188375;0.203774;-0.190621;0.00371376;0.0175138;0.00254383;0.0028421;0.00375222;0.00655269;0;1;0;0.470392;0;1;
