1;-0.000363588;0.000116065;9.94842e-05;-0.000363588;0.000116065;9.94841e-05;0.0349769;0.0347456;0.0352595;0.0349769;0.0347455;0.0352594;0.808667;0.808665;0.808666;0.808667;0.808665;0.808666;0;0;0;0;0;0;
2;0.000120607;-2.83047e-05;0.000421395;-0.000180509;0.000461099;-6.26023e-05;0.148227;0.149428;0.153753;0.158842;0.154556;0.158159;0.47242;0.472423;0.472429;0.47242;0.472422;0.472429;1;0.970376;1;1;1;1;
3;0.00648814;0.00510358;0.00387409;-0.00693406;-0.00732365;-0.00406208;0.0975936;0.0964055;0.094696;0.100415;0.0968417;0.0922821;0.275911;0.275911;0.275912;0.275909;0.275911;0.275913;0.82621;0.230549;0;0.762478;0.363304;0;
4;0.00507725;0.00250257;0.00331149;-0.00672539;-0.00608657;-0.00633941;0.0586385;0.0659741;0.0649254;0.0661227;0.0612012;0.0670683;0.161143;0.161143;0.161144;0.161141;0.161144;0.161145;0.97376;0.472142;0.844831;0.761926;0.724717;0.787712;
5;0.00384116;0.000585227;0.00182048;-0.00480356;-0.00267832;-0.00457824;0.0407927;0.041628;0.0433291;0.041279;0.0426237;0.0427724;0.0941142;0.0941134;0.0941146;0.094113;0.0941147;0.0941147;0.827174;0.711888;0.993452;0.569337;0.649185;0.924032;
6;0.00333787;-0.000765535;0.00202949;-0.00391263;-0.000456772;-0.00378105;0.0358785;0.0393642;0.040689;0.0374215;0.039347;0.0423193;0.0549673;0.0549667;0.0549679;0.0549663;0.0549679;0.0549678;0.834546;0.887805;1;0.543089;0.696835;0.985845;
7;0.00319264;-0.00169032;0.0024285;-0.00352824;0.000976535;-0.0034514;0.0311378;0.0349583;0.034813;0.0344064;0.0349529;0.03812;0.0321049;0.0321043;0.0321056;0.032104;0.0321056;0.0321053;0.83951;0.910653;1;0.535755;0.71008;0.96777;
8;0.00304669;-0.00211919;0.0027181;-0.00319406;0.00170387;-0.00314919;0.0271343;0.0327464;0.031371;0.0322189;0.0320071;0.0365311;0.0187527;0.0187522;0.0187534;0.0187517;0.0187536;0.0187529;0.855604;0.84178;0.993406;0.525667;0.721318;0.936073;
9;0.00231771;-0.00177602;0.00212579;-0.0024037;0.00153349;-0.00237752;0.0243795;0.0312711;0.0281737;0.0334793;0.0310791;0.0372962;0.0109547;0.0109536;0.0109555;0.0109535;0.0109559;0.0109546;0.873315;0.829728;0.939615;0.514555;0.767556;0.93318;
10;0.000458369;-0.00014205;0.000346272;-0.000508543;4.68026e-06;-0.000493265;0.0215869;0.0306058;0.0253272;0.0345135;0.0295717;0.0383279;0.00640071;0.00639879;0.00640143;0.00639906;0.00715585;0.00640006;0.898915;0.767137;0.93871;0.497864;0.806474;0.903898;
11;-0.00337818;0.00356283;-0.00344367;0.00334893;-0.00364566;0.00335785;0.0189784;0.0304204;0.0225065;0.0365454;0.0287548;0.0403609;0.00447036;0.00373834;0.00502057;0.00373897;0.00776171;0.00373995;0.926749;0.698239;0.995303;0.483462;0.847603;0.876043;
12;-0.0102723;0.01038;-0.0103106;0.0102553;-0.0104284;0.0102605;0.0165063;0.0304662;0.019739;0.038441;0.0284701;0.0421132;0.00505658;0.00218435;0.00575729;0.00218529;0.00850765;0.0021863;0.950446;0.623018;1;0.470507;0.883672;0.849106;
13;-0.0214566;0.0215192;-0.0214791;0.0214469;-0.0215475;0.0214497;0.0166164;0.0307026;0.0192278;0.0387935;0.0274058;0.0420236;0.00449265;0.00127675;0.00528519;0.00127788;0.00941692;0.00127896;0.955896;0.541;1;0.468442;0.884577;0.833826;
14;-0.0380264;0.0380625;-0.0380398;0.0380211;-0.0380792;0.0380224;0.0189273;0.0306158;0.0213527;0.0367791;0.0281361;0.0399118;0.00485172;0.000747141;0.00461904;0.000748126;0.00763636;0.00127109;0.925904;0.472882;1;0.487488;0.846297;0.858008;
15;-0.0602878;0.0603084;-0.060296;0.0602851;-0.0603183;0.0602856;0.02638;0.0301524;0.0299401;0.0286577;0.0295725;0.0328756;0.004403;0.00284764;0.003113;0.000894443;0.00446245;0.00398254;0.817627;0.647158;1;0.421209;0.70321;0.697464;
16;-0.0867235;0.0867348;-0.0867283;0.0867221;-0.0867409;0.0867222;0.0426946;0.0288548;0.0489273;0.0117094;0.0334655;0.0193706;0.00257296;0.0145012;0.00181961;0.00554324;0.00260646;0.0103873;0.605378;0.914051;1;0.688074;0.397678;1;
17;-0.113112;0.113117;-0.113114;0.113111;-0.113122;0.113111;0.0578111;0.0165103;0.0614531;-0.026033;0.0524207;-0.0215565;0.00150259;0.0277652;0.00106366;0.00965457;0.00152174;0.0157392;0.293498;1;0.555542;0.648724;0;1;
18;-0.132797;0.1328;-0.132798;0.132796;-0.132803;0.132796;0.0953264;-0.0299805;0.0974533;-0.0767632;0.0921784;-0.0741432;0.000877127;0.0501369;0.000620752;0.0114046;0.000888332;0.021253;0;1;0;0.52571;0;1;
19;-0.13831;0.138312;-0.13831;0.138309;-0.138313;0.138309;0.143454;-0.105274;0.144696;-0.132608;0.141615;-0.131073;0.000511866;0.0457644;0.000362138;0.0136488;0.000518355;0.0197546;0;1;0;0.525532;0;1;
20;-0.123565;0.123567;-0.123566;0.123565;-0.123567;0.123565;0.1859;-0.163557;0.186626;-0.179562;0.184827;-0.178662;0.000298503;0.0311989;0.000211057;0.00838758;0.000302266;0.0117043;0;1;0;0.569393;0;1;
21;-0.0843845;0.0843853;-0.0843847;0.084384;-0.0843858;0.0843841;0.214887;-0.172748;0.215311;-0.211183;0.21426;-0.210654;0.000173876;0.0182241;0.000122816;0.00490009;0.000176032;0.00683686;0;1;0;0.636948;0;1;
22;-0.0173042;0.0173049;-0.0173044;0.017304;-0.0173049;0.0173041;0.230512;-0.175609;0.23076;-0.225906;0.230146;-0.215833;0.000101021;0.0106459;7.11921e-05;0.0028625;0.000102302;0.00399301;0;1;0;0.677764;0;1;
23;0.0725459;-0.0725451;0.0725458;-0.0725458;0.0725455;-0.0725458;0.228226;-0.169164;0.228411;-0.211149;0.230024;-0.208008;5.85403e-05;0.00621726;4.10921e-05;0.00167161;5.91993e-05;0.00233193;0;1;0;0.709703;0;1;
24;0.159619;-0.159619;0.159619;-0.159619;0.159619;-0.159619;0.210541;-0.13442;0.210133;-0.174927;0.223034;-0.183767;3.37653e-05;0.00363112;2.35871e-05;-0.0134632;3.40688e-05;-0.00954846;0;1;0;0.795258;0;0.970886;
25;0.222491;-0.222491;0.222491;-0.222491;0.222491;-0.222491;0.1962;-0.0869264;0.195961;-0.126326;0.203496;-0.150029;1.92006e-05;0.000205086;1.32485e-05;-0.00786233;1.93479e-05;-0.00557631;0;1;0;0.871628;0;0.968199;
26;0.261128;-0.261129;0.261128;-0.261128;0.261128;-0.261128;0.168915;-0.0372866;0.168776;-0.0651601;0.173176;-0.106295;1.07914e-05;-0.042017;7.31981e-06;-0.0123291;1.0775e-05;-0.00325632;0;1;0;0.96694;0;1;
27;0.282492;-0.282495;0.282493;-0.282494;0.282493;-0.282494;0.129108;0.0264766;0.129026;-0.000697497;0.131595;-0.0814856;6.07827e-06;-0.0245347;3.80644e-06;0.0211578;5.91589e-06;-0.00190085;0.657343;1;0;1;0;1;
28;0.292153;-0.292157;0.292155;-0.292156;0.292155;-0.292156;0.0734859;0.0424766;0.0734274;0.0540897;0.0749281;-0.0373144;0.0210086;-0.0143259;1.88364e-06;0.0192895;3.027e-06;0.00507281;1;0.78392;0;0.65369;0;1;
29;0.288146;-0.299061;0.289691;-0.296674;0.285302;-0.298399;-0.00135475;0.0690877;-0.00139531;0.0758693;-0.000515114;0.0224981;0.0272353;-0.0083666;0.0164353;0.011265;0.0390876;0.00509367;1;0;1;0;1;1;
30;0.281087;-0.287462;0.28199;-0.286068;0.279363;-0.287076;-0.0858591;0.125418;-0.0858722;0.129379;-0.0845758;0.0982101;0.0159105;-0.00488648;0.0358471;0.00657832;0.0574246;0.00297427;0.565649;0;1;0;1;0;
31;0.261811;-0.265535;0.262338;-0.264721;0.260804;-0.265309;-0.156496;0.179602;-0.156498;0.181915;-0.155673;0.163713;0.0135516;-0.00285408;0.0209398;0.00384136;0.0409239;0.00173666;0.761051;0;1;0;1;0;
32;0.230896;-0.233071;0.231204;-0.232596;0.230308;-0.232939;-0.203451;0.216948;-0.203447;0.218299;-0.185328;0.207668;0.00791678;-0.00166725;0.0122316;0.00224281;0.0239062;0.00101367;0.731214;0;1;0;1;0;
33;0.189016;-0.190286;0.189196;-0.190008;0.188672;-0.190209;-0.231112;0.238997;-0.231107;0.239785;-0.199504;0.233578;0.00462453;-0.000974186;0.00714391;0.00130931;0.0139631;0.000591539;0.879264;0;1;0;1;0;
34;0.13362;-0.134362;0.133725;-0.1342;0.133419;-0.134317;-0.245689;0.250295;-0.228883;0.250756;-0.199589;0.24713;0.00270097;-0.000569461;0.00417126;0.000764091;0.00815496;0.000344909;0.894352;0;1;0;1;0;
35;0.059002;-0.059435;0.0590634;-0.0593404;0.0588848;-0.0594088;-0.23994;0.249681;-0.224022;0.248731;-0.195618;0.248715;0.00157676;-0.00033311;0.00243548;0.000445716;0.00476188;0.000200902;0.942767;0;1;0;1;0;
36;-0.0360243;0.0357715;-0.0359884;0.0358268;-0.0360923;0.0357868;-0.219845;0.229398;-0.212896;0.233866;-0.176001;0.235385;6.06502e-06;-0.000195103;0.00142177;0.000259765;0.00277997;0.000116796;1;0;1;0;1;0;
37;-0.13227;0.132122;-0.132249;0.132154;-0.132309;0.132131;-0.189131;0.20625;-0.193569;0.202439;-0.147691;0.206125;-0.015628;-0.000114481;-0.0100045;0.000151188;0.00162341;6.7917e-05;1;0;1;0;1;0;
38;-0.205057;0.204971;-0.205045;0.204989;-0.205081;0.204976;-0.140623;0.198414;-0.159174;0.192547;-0.101127;0.193837;-0.00912684;-6.73623e-05;-0.00584275;8.78837e-05;-0.00812422;3.90922e-05;1;0;1;0;1;0;
39;-0.250976;0.250926;-0.250969;0.250936;-0.250991;0.250929;-0.0837444;0.175824;-0.117046;0.172398;-0.0489185;0.173151;-0.00966413;-3.9859e-05;-0.00341195;5.0879e-05;-0.00474317;2.23878e-05;1;0;1;0;1;0;
40;-0.277096;0.277066;-0.277092;0.277072;-0.277106;0.277068;-0.0121948;0.140405;-0.0676045;0.138404;0.000228157;0.138844;0.0225128;-2.36962e-05;-0.0019925;2.92435e-05;-0.0364828;1.26305e-05;1;0;0.85437;0;0.883296;0;
41;-0.28996;0.289941;-0.289957;0.289944;-0.289966;0.289942;0.05683;0.0900483;0.0311696;0.0888853;0.0440424;0.0891368;0.0306301;-1.42645e-05;-0.0320685;0.0107688;-0.0213033;7.04869e-06;1;0;1;0.3964;0.822995;0;
42;-0.293166;0.289936;-0.29354;0.289746;-0.293171;0.293151;0.0775631;0.0340294;0.0949259;0.0199848;0.0641681;0.0201333;0.0178889;0.0475829;-0.0187269;0.0159347;-0.0124411;0.0332877;0.0774377;1;0.703418;0.510301;0.199603;1;
43;-0.287145;0.285258;-0.287364;0.285148;-0.287148;0.287136;0.120593;-0.0554033;0.130733;-0.0636228;0.112771;-0.0635242;0.0104466;0.062631;-0.0109369;0.0161647;-0.00726603;0.0377384;0;1;0;0.309844;0;1;
44;-0.270066;0.268964;-0.270194;0.268899;-0.270068;0.27006;0.173021;-0.134933;0.178943;-0.139747;0.168453;-0.139681;0.00610041;0.0458886;-0.00638751;0.012267;-0.00424377;0.0229465;0;1;0;0.457139;0;1;
45;-0.241494;0.240849;-0.241568;0.240811;-0.241495;0.24149;0.212378;-0.18958;0.215837;-0.192944;0.20971;-0.1929;0.00356213;0.027049;-0.00373075;0.00716644;-0.00247879;0.013404;0;1;0;0.523759;0;1;
46;-0.202303;0.201926;-0.202347;0.201904;-0.202304;0.202301;0.23651;-0.192231;0.23853;-0.225158;0.234952;-0.225129;0.00207976;0.0157995;-0.00217922;0.00418667;-0.00144811;0.00782905;0;1;0;0.572815;0;1;
47;-0.150865;0.150645;-0.15089;0.150632;-0.150865;0.150864;0.249404;-0.198845;0.250584;-0.242773;0.248494;-0.229679;0.00121404;0.00922859;-0.0012732;0.00244574;-0.00084622;0.00457185;0;1;0;0.598053;0;1;
48;-0.0819842;0.0818557;-0.081999;0.0818483;-0.0819843;0.0819835;0.250932;-0.198573;0.251719;-0.244373;0.252142;-0.225334;0.000708482;0.00538898;-0.00074407;0.00142804;-0.00049474;0.00266946;0;1;0;0.607308;0;1;
49;0.00835566;-0.00843015;0.00834699;-0.00843494;0.00835554;-0.00835587;0.238238;-0.182083;0.24035;-0.226234;0.234494;-0.217135;0.000413214;0.00314616;-0.00043506;0.000833152;-0.000289495;0.00155844;0;1;0;0.679753;0;1;
50;0.107334;-0.107378;0.107329;-0.107381;0.107334;-0.107334;0.217711;-0.155456;0.212186;-0.199986;0.212656;-0.202801;0.00024082;0.00183674;-0.000254588;-0.00875038;-0.000169617;-0.00613491;0;1;0;0.580846;0;1;
51;0.187852;-0.187878;0.187849;-0.187879;0.187852;-0.187852;0.203605;-0.117864;0.184799;-0.153125;0.178243;-0.167921;0.000140182;-0.00558113;-0.000148976;-0.00648766;-9.95509e-05;-0.00763811;0;1;0;0.665366;0;1;
52;0.240617;-0.240633;0.240615;-0.240633;0.240617;-0.240617;0.184146;-0.0612973;0.173163;-0.102614;0.169334;-0.12996;8.1401e-05;-0.00712872;-8.75564e-05;-0.0140942;-5.86458e-05;-0.00446049;0;1;0;0.680448;0;1;
53;0.27144;-0.271451;0.271439;-0.27145;0.27144;-0.271441;0.151963;-0.0108208;0.145549;-0.0420354;0.143312;-0.0833549;4.71248e-05;-0.0222595;-5.15142e-05;0.0173006;-3.47124e-05;-0.00260475;0;1;0;0.78288;0;1;
54;0.287465;-0.287474;0.287466;-0.287473;0.287467;-0.287468;0.105943;0.026667;0.102194;0.0443711;0.100888;0.00165264;0.00193709;0.0179189;-3.04781e-05;0.0364132;-2.06773e-05;-0.0218786;0.659707;1;0;0.732077;0;0.98844;
55;0.289798;-0.29397;0.293158;-0.293551;0.291907;-0.293159;0.0419153;0.0679396;0.039723;0.0721201;0.0394047;0.0791724;0.021368;0.0104655;0.0288657;0.0212677;0.036231;-0.0127759;0.814009;0.431328;1;0.18205;1;0.955737;
56;0.284442;-0.290287;0.287911;-0.290043;0.287055;-0.289814;-0.0396614;0.10382;-0.0409301;0.106261;-0.0328791;0.11038;0.0143038;0.00611141;0.0374292;0.0124198;0.0583652;-0.00746132;0.764047;0;1;0;1;0;
57;0.272818;-0.276232;0.274844;-0.276089;0.274344;-0.275955;-0.120504;0.157976;-0.121237;0.159401;-0.116529;0.161807;0.0123637;0.00356862;0.0218654;0.00725277;0.0468116;-0.0043578;0.931591;0;1;0;1;0;
58;0.248603;-0.250598;0.249787;-0.250514;0.249494;-0.250436;-0.180457;0.202343;-0.180879;0.203176;-0.178123;0.204581;0.00727937;0.00208361;0.0127735;0.00423513;0.0303545;-0.00254539;1;0;1;0;1;0;
59;0.213108;-0.214273;0.213799;-0.214224;0.213628;-0.214179;-0.217892;0.230676;-0.218134;0.231162;-0.194643;0.231982;0.00425256;0.00121631;0.00746102;0.00247281;0.01773;-0.00148696;1;0;1;0;1;0;
60;0.16587;-0.166551;0.166274;-0.166523;0.166174;-0.166496;-0.238997;0.246464;-0.231028;0.246748;-0.196417;0.247227;0.00248424;0.000709799;0.00435691;0.00144356;0.0103563;-0.000868929;1;0;1;0;1;0;
61;0.102697;-0.103094;0.102933;-0.103078;0.102874;-0.103062;-0.247132;0.25352;-0.226673;0.253686;-0.200976;0.253966;0.00145079;0.00041396;0.00254393;0.000842508;0.00604806;-0.000507979;1;0;1;0;1;0;
62;0.018201;-0.0184329;0.0183388;-0.0184232;0.0183049;-0.0184141;-0.232244;0.239813;-0.220255;0.242675;-0.187266;0.243307;0.000846402;0.000241186;0.00148514;0.000491491;0.00353104;-0.000297186;1;0;1;0;1;0;
63;-0.0810149;0.0808796;-0.0809344;0.0808852;-0.0809539;0.0808905;-0.20753;0.218191;-0.206382;0.225703;-0.164565;0.226547;-0.00651123;0.000140309;-0.00355635;0.000286515;0.00206144;-0.000174074;1;0;1;0;1;0;
64;-0.168566;0.168487;-0.168519;0.16849;-0.16853;0.168493;-0.167711;0.187481;-0.17997;0.218315;-0.127203;0.218808;-0.0145305;8.14042e-05;-0.0166467;0.00016684;-0.00104566;-0.000102152;1;0;1;0;1;0;
65;-0.228658;0.228612;-0.22863;0.228613;-0.228638;0.228615;-0.117405;0.179758;-0.143243;0.197765;-0.0767872;0.198052;-0.00848526;4.70403e-05;-0.00972168;9.69814e-05;-0.00728043;-6.01133e-05;1;0;1;0;1;0;
66;-0.264717;0.264689;-0.264701;0.26469;-0.264707;0.264691;-0.0497178;0.155619;-0.0962383;0.166135;-0.0278699;0.166303;-0.0065856;2.69946e-05;-0.00567753;5.61953e-05;-0.001172;-3.55397e-05;1;0;1;0;1;0;
67;-0.284232;0.284215;-0.284223;0.284215;-0.284227;0.284217;0.023155;0.116437;-0.0396444;0.122579;0.0242041;0.122676;0.0300896;1.54294e-05;-0.00957139;3.31196e-05;0.022417;-2.12481e-05;1;0;1;0.467742;1;0;
68;-0.292499;0.292487;-0.292493;0.292099;-0.29255;0.292348;0.0641205;0.0593479;0.0650969;0.0629404;0.065337;0.0629892;0.0184705;0.0214292;-0.00599636;0.0215626;0.0130939;0.00818209;1;0.723218;0.967618;0.494305;0.952214;1;
69;-0.291692;0.283216;-0.29194;0.284743;-0.291759;0.28469;0.0895451;0.00470984;0.0901172;-0.0153378;0.0902557;-0.0153003;0.0107864;0.0583968;-0.00319535;0.0161144;0.00764653;0.0302059;0;1;0.0656135;0.323171;0;1;
70;-0.280944;0.275994;-0.281089;0.276886;-0.280984;0.276855;0.142679;-0.0876144;0.143013;-0.0993385;0.143094;-0.0993068;0.00629885;0.0620287;-0.00186651;0.0173183;0.00446512;0.0332074;0;1;0;0.35215;0;1;
71;-0.258579;0.255687;-0.258664;0.256208;-0.258602;0.25619;0.191429;-0.159255;0.191625;-0.166115;0.191672;-0.16609;0.00367808;0.0386551;-0.00109046;0.0104958;0.00260717;0.0193984;0;1;0;0.418812;0;1;
72;-0.225213;0.223523;-0.225262;0.223827;-0.225226;0.223817;0.224117;-0.194426;0.224231;-0.209331;0.224259;-0.209312;0.00214752;0.0225788;-0.000637274;0.00613134;0.00152207;0.0113308;0;1;0;0.633787;0;1;
73;-0.180949;0.179962;-0.180977;0.180139;-0.180956;0.180134;0.243004;-0.192616;0.243071;-0.234368;0.243087;-0.231442;0.00125359;0.0131887;-0.000372704;0.0035816;0.000888372;0.00661722;0;1;0;0.727628;0;1;
74;-0.12247;0.121894;-0.122487;0.121998;-0.122475;0.121994;0.25223;-0.200998;0.252269;-0.247027;0.252278;-0.228575;0.000731573;0.0077028;-0.000218184;0.00209206;0.000518248;0.00386399;0;1;0;0.809157;0;1;
75;-0.0438949;0.0435587;-0.0439048;0.0436192;-0.0438976;0.0436173;0.247949;-0.192071;0.246752;-0.236849;0.247241;-0.22224;0.000426705;0.00449763;-0.000127936;0.00122105;0.000302094;0.00225604;0;1;0;0.876292;0;1;
76;0.05345;-0.053646;0.0534443;-0.053611;0.0534485;-0.0536121;0.231805;-0.171655;0.231249;-0.21557;0.224179;-0.209985;0.000248679;0.00262573;-7.52446e-05;-0.00207211;0.00017586;0.00131705;0;1;0;0.972277;0;1;
77;0.146925;-0.147039;0.146922;-0.147019;0.146924;-0.14702;0.219839;-0.139524;0.218174;-0.181097;0.200388;-0.188652;0.000144789;0.00153346;-4.43716e-05;-0.0161363;0.000102181;-0.0125004;0;1;0;1;0;1;
78;0.214778;-0.214846;0.214776;-0.214833;0.214778;-0.214834;0.203445;-0.0907058;0.202472;-0.132663;0.192085;-0.15359;8.40573e-05;-0.00557665;-2.6426e-05;-0.00942355;5.91583e-05;-0.00730027;0;1;0;0.874846;0;1;
79;0.256704;-0.256745;0.256703;-0.256737;0.256704;-0.256737;0.175268;-0.0402028;0.1747;-0.0715142;0.168634;-0.109367;4.86612e-05;-0.00304623;-1.58586e-05;-0.0108695;3.4034e-05;-0.00426319;0;1;0;0.974191;0;1;
80;0.280131;-0.280157;0.280131;-0.280152;0.280131;-0.280151;0.135569;0.021742;0.135237;-0.00503905;0.131695;-0.0787841;2.80416e-05;0.0244949;-9.70052e-06;0.0205761;1.94842e-05;-0.00248937;0.291076;1;0;1;0;0.774113;
81;0.291149;-0.291166;0.29115;-0.291163;0.29115;-0.291163;0.0810348;0.0398876;0.0808311;0.0540624;0.0787625;-0.0178108;0.0165311;0.0143086;-6.04871e-06;0.0230259;1.09912e-05;0.00381541;1;0.824827;0;0.682361;0;1;
82;0.290136;-0.300818;0.291111;-0.292821;0.288028;-0.296842;0.00762611;0.063004;0.00750167;0.0712809;0.00629819;0.0293149;0.0237332;0.00835664;0.0179116;0.0134475;0.0386319;0.00847581;1;0;1;0;1;0.907631;
83;0.283458;-0.289696;0.284026;-0.285026;0.282143;-0.287374;-0.0771975;0.118448;-0.0772596;0.123282;-0.0779563;0.0987742;0.0159932;0.00487987;0.0339113;0.00785289;0.0576761;0.0049494;0.567753;0;1;0;1;0;
84;0.264976;-0.26862;0.265308;-0.265892;0.264208;-0.267264;-0.150205;0.174299;-0.150235;0.177122;-0.150637;0.16281;0.0112523;0.0028494;0.0206384;0.00458568;0.0357274;0.0028901;0.735315;0;1;0;1;0;
85;0.234906;-0.237035;0.235101;-0.235442;0.234457;-0.236243;-0.19956;0.213634;-0.199572;0.215282;-0.18495;0.206924;0.00657369;0.00166358;0.0120555;0.00267753;0.0231867;0.00168735;0.810918;0;1;0;1;0;
86;0.194031;-0.195275;0.194145;-0.194344;0.193769;-0.194812;-0.228923;0.237144;-0.228499;0.238106;-0.191528;0.233225;0.00384055;0.000971012;0.00704148;0.00156315;0.0135446;0.00098489;0.844243;0;1;0;1;0;
87;0.140144;-0.14087;0.14021;-0.140327;0.139991;-0.1406;-0.244628;0.249431;-0.227417;0.249993;-0.205127;0.247143;0.00224354;0.000566505;0.00411189;0.000912354;0.00791082;0.000574642;0.861171;0;1;0;1;0;
88;0.0676786;-0.0681024;0.0677174;-0.0677852;0.0675894;-0.0679448;-0.240322;0.250421;-0.22357;0.250294;-0.193767;0.249119;0.00130922;0.000330294;0.00240054;0.000532278;0.00461889;0.000335057;0.97376;0;1;0;1;0;
89;-0.0257682;0.0255208;-0.0257455;0.025706;-0.02582;0.0256129;-0.222703;0.231612;-0.214597;0.236384;-0.179229;0.236689;-0.00049245;0.000192324;0.00140156;0.000310321;0.00269666;0.000195144;1;0;1;0;1;0;
90;-0.123287;0.123143;-0.123274;0.123251;-0.123318;0.123197;-0.194562;0.208658;-0.196337;0.20677;-0.150366;0.208038;-0.0136026;0.00011175;-0.00778716;0.000180735;0.00157437;0.000113467;1;0;1;0;1;0;
91;-0.198963;0.198879;-0.198956;0.198942;-0.198982;0.19891;-0.14633;0.200159;-0.163008;0.196271;-0.106608;0.199577;-0.00794413;6.47641e-05;-0.00454777;0.000105126;-0.00844257;6.57984e-05;1;0;1;0;1;0;
92;-0.24734;0.24729;-0.247335;0.247327;-0.247351;0.247308;-0.0911129;0.178826;-0.122236;0.176556;-0.0539426;0.178486;-0.0122714;3.73015e-05;-0.0026557;6.09373e-05;-0.0049292;3.79858e-05;1;0;1;0;1;0;
93;-0.275132;0.275102;-0.275129;0.275124;-0.275139;0.275113;-0.0213412;0.144688;-0.0735795;0.143362;-0.00335985;0.14449;0.019251;2.13468e-05;-0.00155081;3.51475e-05;-0.0335659;2.17648e-05;1;0;0.89097;0;1;0;
94;-0.289127;0.289108;-0.289125;0.28912;-0.289132;0.289115;0.0565627;0.0960148;0.0167301;0.0952445;0.0418662;0.0958989;0.0272977;1.20631e-05;-0.00487538;0.00492973;-0.0195994;1.23247e-05;1;0;1;0.301844;1;0;
95;-0.293858;0.291869;-0.293241;0.290225;-0.294439;0.293212;0.0809458;0.037272;0.0872137;0.0281731;0.0792685;0.0285554;0.015943;0.0431619;0.00259093;0.0188586;-0.0114467;0.0346448;0.125915;1;0.799219;0.478201;0.0787185;1;
96;-0.288585;0.287423;-0.288225;0.287382;-0.288924;0.288196;0.118594;-0.0473405;0.122255;-0.0548661;0.117615;-0.0546306;0.00931027;0.0633905;0.00151272;0.015199;-0.00668522;0.039324;0;1;0;0.501878;0;1;
97;-0.272552;0.271873;-0.272341;0.271848;-0.27275;0.272324;0.170106;-0.128476;0.172243;-0.132885;0.169534;-0.132739;0.00543678;0.046766;0.000883011;0.011617;-0.00390458;0.022972;0;1;0;0.346418;0;1;
98;-0.245005;0.244608;-0.244882;0.244594;-0.245121;0.244872;0.210286;-0.18596;0.211535;-0.188547;0.209952;-0.188456;0.00317458;0.0276216;0.000515199;0.00678708;-0.00228071;0.0134192;0;1;0;0.517742;0;1;
