1;-0.000363587;0.000116064;9.94836e-05;-0.000363587;0.000116065;9.94838e-05;0.0349769;0.0347456;0.0352595;0.034977;0.0347457;0.0352595;0.808667;0.808665;0.808666;0.808667;0.808665;0.808666;0;0;0;0;0;0;
2;-0.000405765;-0.000172575;2.88419e-05;0.000201809;0.00115508;0.000676739;0.150909;0.16091;0.154315;0.165234;0.166677;0.166637;0.472417;0.472419;0.472418;0.472424;0.472424;0.47242;1;1;1;1;1;1;
3;-0.00098369;-0.000281205;0.00155891;-0.00289326;0.00136199;-3.13167e-06;0.0903599;0.101253;0.0941223;0.0974083;0.10095;0.100376;0.275909;0.275907;0.27591;0.275913;0.275912;0.27591;0.847894;0.405819;1;0.523665;0.464577;0.857463;
4;6.05151e-05;-0.000799034;0.00157544;-0.0023244;0.00135261;-0.000635553;0.0527487;0.0591626;0.0549472;0.0569185;0.0589337;0.0586513;0.161137;0.161134;0.161138;0.161139;0.161138;0.161137;0.822388;0.657572;1;0.463935;1;1;
5;0.000911479;-0.00134278;0.00179621;-0.001725;0.00166603;-0.0012473;0.0334912;0.0348104;0.0333172;0.0335006;0.0341668;0.0345129;0.0941068;0.0941051;0.0941081;0.0941079;0.0941079;0.0941071;0.988766;0.723043;1;0.541895;0.637804;1;
6;0.00163974;-0.00189157;0.00215641;-0.00211477;0.00208034;-0.00183581;0.0282552;0.0323174;0.0340667;0.0314557;0.0324918;0.0348966;0.0549607;0.0549598;0.0549619;0.0549613;0.0549617;0.0549611;1;0.945295;1;0.569223;0.799672;1;
7;0.00393136;-0.00234797;0.00250266;-0.0024783;0.00245819;-0.0023154;0.0259355;0.0320316;0.0305142;0.0280086;0.0286625;0.0329391;0.0320996;0.0320989;0.0321006;0.0320997;0.0321005;0.0320999;0.937829;0.924078;1;0.62381;0.827999;0.84879;
8;0.00342953;-0.00250479;0.00264077;-0.00245876;0.00237827;-0.00248576;0.02488;0.0306246;0.0289149;0.0312627;0.0289057;0.0328096;0.0187487;0.0187479;0.0187497;0.0187485;0.0187496;0.0187487;0.890141;0.96529;1;0.707026;0.859508;1;
9;0.00254125;-0.00200116;0.00208061;-0.00197426;0.00192727;-0.00199004;0.0218048;0.029438;0.025366;0.0332545;0.0287026;0.0345045;0.0109518;0.0109508;0.010953;0.0109513;0.010953;0.0109517;0.97217;0.851034;1;0.70829;0.897771;1;
10;0.000588841;-0.000273396;0.000319828;-0.000257668;0.000230257;-0.000266889;0.0189478;0.0301176;0.02466;0.0348234;0.0285335;0.0380345;0.00639859;0.00639695;0.00639968;0.00639756;0.00639994;0.00639801;0.859853;0.709423;1;0.724243;0.946537;1;
11;-0.00330215;0.0034864;-0.00345927;0.00349561;-0.00351163;0.00349021;0.0167577;0.0305774;0.0219869;0.0371771;0.0273506;0.0401307;0.00373964;0.00373726;0.00537662;0.00373809;0.0069717;0.00373856;1;0.571283;1;0.736533;0.993016;1;
12;-0.0102282;0.0103358;-0.01032;0.0103412;-0.0103506;0.0103381;0.0151791;0.0313142;0.0192767;0.0392032;0.0264228;0.0413086;0.00425458;0.00218378;0.00681531;0.00218487;0.00766617;0.00218537;1;0.456319;1;0.734514;1;0.985771;
13;-0.0214313;0.0214942;-0.0214849;0.0214974;-0.0215028;0.0214955;0.0154052;0.0321365;0.0191983;0.0403525;0.026387;0.0419283;0.00447689;0.00127648;0.00521632;0.00127777;0.0078412;0.00127826;1;0.542186;1;0.727138;1;0.974484;
14;-0.0380123;0.038049;-0.0380436;0.0380509;-0.0380541;0.0380499;0.0172433;0.0312531;0.0214081;0.0372893;0.0258246;0.0396069;0.00301415;0.000746946;0.00628033;0.000748167;0.00874054;0.000748656;1;0.593349;1;0.724607;0.992089;1;
15;-0.0602806;0.060302;-0.0602989;0.0603032;-0.060305;0.0603025;0.0238167;0.0281167;0.0285465;0.0282436;0.0273524;0.0307094;0.00290618;0.00228195;0.00367052;0.00197864;0.00510721;0.00317398;1;0.757569;1;0.753257;0.815465;1;
16;-0.0867202;0.0867328;-0.0867309;0.0867335;-0.0867345;0.0867331;0.0426795;0.0240721;0.0480737;0.0111265;0.0351878;0.0160767;0.00169857;0.0147371;0.00214571;0.00689786;0.00298325;0.00880611;0.839125;1;1;0.843662;0.41855;1;
17;-0.11311;0.113117;-0.113116;0.113118;-0.113119;0.113118;0.057802;0.0111504;0.0609546;-0.0263737;0.0534265;-0.0234813;0.000991795;0.0236295;0.0012541;0.00813294;0.00174187;0.0100009;0.362074;1;0.995687;0.747696;0;1;
18;-0.132796;0.1328;-0.132799;0.1328;-0.132801;0.1328;0.095321;-0.0510357;0.0971621;-0.0769638;0.0927659;-0.0752687;0.000578786;0.039933;0.000731966;0.00475181;0.00101692;0.0151936;0;1;0;0.639016;0;1;
19;-0.138309;0.138313;-0.138311;0.138312;-0.138312;0.138312;0.14345;-0.117574;0.144526;-0.132727;0.141958;-0.131732;0.000337601;0.027214;0.000427046;0.00277647;0.000593496;0.0094085;0;1;0;0.735311;0;1;
20;-0.123565;0.123568;-0.123566;0.123566;-0.123567;0.123566;0.185899;-0.170776;0.186527;-0.179634;0.185027;-0.179049;0.000196743;0.0158949;0.000248961;0.00162217;0.000346137;0.00549601;0;1;0;0.716313;0;1;
21;-0.0843844;0.0843864;-0.0843851;0.0843851;-0.0843852;0.0843852;0.214886;-0.205663;0.215253;-0.211226;0.214377;-0.210881;0.000114462;0.00928137;0.00014494;0.000947523;0.000201627;0.00321008;0;1;0;0.814205;0;1;
22;-0.0173043;0.0173055;-0.0173047;0.0173047;-0.0173045;0.0173048;0.230512;-0.201172;0.230726;-0.228372;0.230214;-0.220522;6.63869e-05;0.00541793;8.41746e-05;0.00055318;0.000117201;0.0018746;0;1;0;1;0;1;
23;0.0725454;-0.0725448;0.0725451;-0.0725452;0.0725461;-0.0725451;0.229603;-0.172334;0.229066;-0.211892;0.228299;-0.207969;3.82848e-05;0.00316323;4.86369e-05;0.000322923;6.78924e-05;0.00109498;0;1;0;0.603203;0;1;
24;0.159618;-0.159619;0.159618;-0.159618;0.15962;-0.159618;0.217033;-0.135714;0.203527;-0.170837;0.194306;-0.183326;2.1916e-05;0.00409675;2.80801e-05;0.000189193;3.90915e-05;0.000640101;0;1;0;0.949891;0;1;
25;0.22249;-0.222491;0.22249;-0.22249;0.222491;-0.22249;0.199991;-0.0842421;0.192103;-0.125658;0.186504;-0.146332;1.23005e-05;0.0140998;1.58415e-05;0.00712567;2.23009e-05;0.000374811;0;1;0;1;0;1;
26;0.261127;-0.261129;0.261127;-0.261127;0.261128;-0.261127;0.171129;-0.0269165;0.166523;-0.0651292;0.163253;-0.103063;6.76001e-06;0.0312677;8.8516e-06;0.0170098;1.25096e-05;0.00649997;0;1;0;1;0;1;
27;0.282492;-0.282495;0.282492;-0.282493;0.282493;-0.282492;0.130402;0.0297594;0.12771;0.0220926;0.1258;-0.0275547;0.0115295;0.03316;4.80062e-06;0.0421092;6.87896e-06;0.00379723;0.662984;1;0;0.892366;0;0.877807;
28;0.292154;-0.292156;0.292154;-0.292155;0.292155;-0.292154;0.0742365;0.0657469;0.0726657;0.0575494;0.0715483;0.0676475;0.0067358;0.0247065;0.03468;0.0245968;0.0175042;0.0433971;0.794441;1;1;0.834325;0.93573;1;
29;0.29272;-0.293606;0.280778;-0.292579;0.292664;-0.292359;-0.000924727;0.0826766;-0.00183247;0.0778897;0.00265314;0.0837877;0.0039359;0.0144282;0.0380343;0.0143643;0.0355842;0.025344;0.750927;0;1;0;1;0.392118;
30;0.283759;-0.284277;0.273944;-0.283677;0.283727;-0.283549;-0.0856106;0.133354;-0.0861291;0.130559;-0.083506;0.134003;0.00229968;0.0084256;0.0328073;0.00838831;0.0348658;0.0148004;0.731284;0;1;0;1;0;
31;0.263372;-0.263675;0.25764;-0.263324;0.263354;-0.263249;-0.156354;0.184237;-0.156649;0.182604;-0.155113;0.184616;0.00134382;0.0049201;0.0191629;0.00489832;0.0230162;0.00864293;0.81915;0;1;0;1;0;
32;0.231808;-0.231985;0.228461;-0.23178;0.231798;-0.231736;-0.20337;0.219655;-0.203537;0.218701;-0.202635;0.219876;0.000785195;0.00287285;0.0111922;0.00286011;0.0134444;0.00504693;1;0;1;0;1;0;
33;0.189548;-0.189652;0.187594;-0.189532;0.189543;-0.189506;-0.231066;0.240577;-0.231159;0.24002;-0.215734;0.240706;0.00045853;0.00167718;0.00653614;0.00166982;0.00784978;0.0029469;1;0;1;0;1;0;
34;0.133931;-0.133991;0.132789;-0.133921;0.133928;-0.133906;-0.245663;0.251218;-0.231374;0.250893;-0.213348;0.251293;0.000267508;0.000978885;0.00381672;0.000974659;0.00458138;0.00172045;1;0;1;0;1;0;
35;0.0591834;-0.0592188;0.0585168;-0.0591778;0.0591824;-0.0591691;-0.239177;0.248049;-0.221431;0.246627;-0.189591;0.246442;0.000155908;0.000571119;0.00222883;0.000568661;0.00267459;0.00100417;1;0;1;0;1;0;
36;-0.0359185;0.0358979;-0.0363077;0.0359217;-0.0359185;0.0359268;-0.219657;0.229535;-0.212325;0.236477;-0.174908;0.236342;9.08941e-05;0.000332951;0.00130159;0.0003316;0.00156137;0.000585921;1;0;1;0;1;0;
37;-0.132208;0.132196;-0.132435;0.132209;-0.132208;0.132212;-0.185021;0.200586;-0.191611;0.206776;-0.143391;0.196837;5.36191e-05;0.000193886;0.000760647;0.00019331;0.0101571;0.000341727;1;0;1;0;1;0;
38;-0.20502;0.205014;-0.205153;0.205021;-0.205021;0.205023;-0.134765;0.167343;-0.159357;0.198721;-0.0915326;0.176902;0.00752595;0.000112705;0.000445069;0.00011232;0.0157534;0.000199039;1;0;1;0;1;0;
39;-0.250955;0.250951;-0.251032;0.250955;-0.250956;0.250956;-0.0821233;0.157679;-0.116418;0.176003;-0.0356523;0.163261;0.0162627;6.5333e-05;0.00335478;6.51488e-05;0.0273386;0.00011584;1;0;0.965606;0;1;0;
40;-0.277084;0.277081;-0.277128;0.277083;-0.277086;0.277084;-0.00562266;0.129808;-0.0587202;0.140511;0.0277899;0.133069;0.0249488;3.76667e-05;0.00196069;0.00266462;0.033756;6.7283e-05;1;0;1;0.303697;1;0;
41;-0.289952;0.28995;-0.289978;0.289951;-0.289953;0.289952;0.0480995;0.0838604;0.0510048;0.0901151;0.0586214;0.0857662;0.0288303;2.19329e-05;0.0387517;0.0049737;0.0264856;0.0139533;1;0.390831;1;0.56612;1;0.772349;
42;-0.293161;0.290727;-0.293176;0.293161;-0.293162;0.285919;0.0662611;0.0195287;0.0876103;0.0206994;0.0661965;0.0181676;0.0168373;0.0304863;0.022632;0.00480249;0.0154676;0.0341561;0.309741;1;0.63668;0.602119;0.0288195;1;
43;-0.287143;0.286204;-0.287151;0.287142;-0.287143;0.267423;0.113993;-0.0638734;0.126461;-0.0632079;0.113956;-0.0646732;0.00983249;0.0472005;0.0132165;0.00359808;0.00903267;0.0324651;0;1;0;0.446923;0;1;
44;-0.270065;0.269517;-0.27007;0.270064;-0.270065;0.258549;0.169166;-0.139883;0.176448;-0.139507;0.169144;-0.140355;0.00574172;0.0292858;0.00771794;0.00210234;0.00527466;0.0189632;0;1;0;0.548651;0;1;
45;-0.241493;0.241173;-0.241496;0.241492;-0.241493;0.234767;0.210127;-0.193016;0.214379;-0.192805;0.210114;-0.193295;0.0033527;0.0171035;0.00450679;0.00122825;0.00307989;0.0110761;0;1;0;0.800026;0;1;
46;-0.202303;0.202116;-0.202305;0.202303;-0.202303;0.198375;0.235195;-0.224471;0.237679;-0.225079;0.235188;-0.22536;0.00195749;0.00998614;0.00263146;0.000717352;0.00179809;0.00646861;0;1;0;0.618128;0;1;
47;-0.150864;0.150756;-0.150866;0.150865;-0.150865;0.148571;0.248637;-0.219104;0.250087;-0.242728;0.248632;-0.230154;0.00114266;0.00582883;0.00153626;0.000418682;0.0010495;0.00377727;0;1;0;0.659475;0;1;
48;-0.0819839;0.0819213;-0.0819845;0.0819839;-0.0819841;0.0806446;0.251544;-0.202001;0.251845;-0.243577;0.252035;-0.225125;0.000666817;0.00340212;0.000896619;0.000244086;0.000612329;0.00220573;0;1;0;0.677858;0;1;
49;0.00835567;-0.00839189;0.00835529;-0.00835572;0.00835585;-0.00913785;0.241236;-0.180882;0.239708;-0.226333;0.233656;-0.217567;0.000388898;0.00198619;0.000523104;0.000142298;0.000357021;0.00128812;0;1;0;0.791005;0;1;
50;0.107334;-0.107355;0.107334;-0.107334;0.107335;-0.107791;0.212775;-0.149768;0.213035;-0.1994;0.210314;-0.201198;0.000226604;0.00116034;0.00030496;8.32794e-05;0.000207948;0.000752595;0;1;0;0.875962;0;1;
51;0.187852;-0.187865;0.187852;-0.187852;0.187853;-0.188118;0.175399;-0.112161;0.178256;-0.151928;0.174301;-0.166919;0.00013199;0.013102;0.000177776;0.00349882;0.000120895;0.000440346;0;1;0;1;0;1;
52;0.240616;-0.240625;0.240616;-0.240616;0.240617;-0.240772;0.16647;-0.0444805;0.168935;-0.0971739;0.16621;-0.127609;7.65665e-05;0.0292387;0.000103281;0.00504714;7.01409e-05;0.00134315;0;1;0;1;0;0.931593;
53;0.271439;-0.271446;0.271439;-0.27144;0.27144;-0.27153;0.14164;0.0119061;0.143079;-0.0339476;0.141488;-0.0782549;4.43222e-05;0.0365379;5.99588e-05;0.0155763;4.04506e-05;0.00387186;0;1;0;1;0;1;
54;0.287466;-0.287472;0.287466;-0.287467;0.287467;-0.28752;0.0999159;0.0552865;0.100752;0.0307932;0.0998225;0.0242694;0.00771371;0.0319843;3.46983e-05;0.0281553;2.31611e-05;0.0341186;1;1;0;1;0;1;
55;0.293158;-0.293161;0.293158;-0.293159;0.293158;-0.293189;0.038392;0.0688011;0.038886;0.0776932;0.0383439;0.0877539;0.0112581;0.01868;0.0247827;0.0164441;0.0373026;0.0199285;1;0.357179;1;0.29625;1;0.859664;
56;0.289813;-0.289815;0.277432;-0.289813;0.287116;-0.289831;-0.0417214;0.104323;-0.0414198;0.109516;-0.041732;0.115391;0.00657625;0.0109086;0.0376655;0.00960276;0.0420718;0.0116377;0.814086;0;1;0;1;0;
57;0.275955;-0.275956;0.268725;-0.275955;0.274381;-0.275966;-0.121709;0.15827;-0.121525;0.161302;-0.121703;0.164734;0.0101785;0.0063702;0.0220013;0.00560757;0.030161;0.00679594;1;0;1;0;1;0;
58;0.250436;-0.250437;0.246214;-0.250436;0.249517;-0.250442;-0.181163;0.202515;-0.181048;0.204286;-0.181149;0.20629;0.00621544;0.00371971;0.0128511;0.00327435;0.017617;0.00396834;1;0;1;0;1;0;
59;0.214179;-0.214179;0.211713;-0.214179;0.213642;-0.214182;-0.218305;0.230776;-0.218234;0.23181;-0.21829;0.23298;0.00362999;0.00217177;0.00750539;0.00191173;0.010287;0.00231702;1;0;1;0;1;0;
60;0.166496;-0.166496;0.165056;-0.166496;0.166183;-0.166498;-0.239239;0.246523;-0.232715;0.247127;-0.215177;0.24781;0.00211974;0.00126774;0.00438279;0.00111594;0.00600553;0.00135263;1;0;1;0;1;0;
61;0.103062;-0.103062;0.102221;-0.103062;0.10288;-0.103063;-0.248471;0.253554;-0.228113;0.253907;-0.208799;0.253948;0.00123756;0.000739774;0.00255934;0.000651187;0.00350535;0.000789386;1;0;1;0;1;0;
62;0.0184139;-0.0184142;0.0179229;-0.018414;0.0183081;-0.0184147;-0.233463;0.23926;-0.220264;0.244886;-0.189845;0.244256;0.00072245;0.000431449;0.00149453;0.000379775;0.00204618;0.000460467;1;0;1;0;1;0;
63;-0.0808906;0.0808905;-0.0811773;0.0808905;-0.080952;0.0808901;-0.206774;0.217668;-0.205253;0.223038;-0.163204;0.22513;0.000421921;0.000251419;0.000872976;0.000221272;0.00119481;0.000268375;1;0;1;0;1;0;
64;-0.168493;0.168493;-0.16866;0.168493;-0.168529;0.168493;-0.167817;0.185758;-0.177516;0.210067;-0.123397;0.214445;0.000247349;0.000146279;0.000510518;0.00012881;0.00836968;0.000156272;1;0;1;0;1;0;
65;-0.228615;0.228615;-0.228713;0.228615;-0.228637;0.228615;-0.112395;0.148118;-0.136734;0.192948;-0.0611324;0.195505;0.00641878;8.49214e-05;0.00151707;7.47392e-05;0.0532785;9.07923e-05;1;0;1;0;1;0;
66;-0.264692;0.264692;-0.264748;0.264691;-0.264705;0.264691;-0.0498988;0.137142;-0.0924139;0.163322;0.000995968;0.164815;0.0148372;4.91372e-05;0.00879676;4.31849e-05;0.0481279;5.25766e-05;1;0;1;0;1;0;
67;-0.284217;0.284216;-0.28425;0.284216;-0.284227;0.284216;0.0196013;0.105646;-0.0143085;0.120937;0.0410966;0.121807;0.0342456;2.8269e-05;0.0248611;0.00995065;0.0281143;3.03711e-05;1;0;1;0.358811;1;0;
68;-0.292489;0.292489;-0.292509;0.292489;-0.292495;0.292489;0.0665779;0.0530503;0.0710723;0.0619777;0.0693123;0.0624876;0.0200026;0.0284724;0.0324241;0.00676629;0.0164231;0.0335625;0.847574;1;1;0.588945;0.842685;1;
69;-0.291686;0.278535;-0.292859;0.291271;-0.291768;0.281411;0.0909798;-0.0191494;0.0936051;-0.0159021;0.0925767;-0.0155941;0.0116809;0.0361334;0.0189354;0.0050515;0.0095906;0.035354;0;1;0;0.447387;0;1;
70;-0.280941;0.273262;-0.281626;0.280698;-0.280989;0.273484;0.143517;-0.101552;0.14505;-0.099671;0.14445;-0.0994803;0.0068212;0.0402748;0.0110578;0.00295129;0.00560047;0.0286683;0;1;0;0.61943;0;1;
71;-0.258577;0.254093;-0.258977;0.258435;-0.258605;0.254223;0.191919;-0.167399;0.192814;-0.166311;0.192463;-0.166194;0.00398311;0.0235254;0.00645724;0.00328679;0.00327023;0.0167448;0;1;0;0.742877;0;1;
72;-0.225211;0.222593;-0.225445;0.225129;-0.225228;0.222669;0.224403;-0.210075;0.224926;-0.209447;0.224721;-0.209374;0.00232565;0.0137383;0.00377052;0.00191976;0.00190929;0.00977958;0;1;0;0.845891;0;1;
73;-0.180948;0.179419;-0.181084;0.1809;-0.180957;0.179463;0.243171;-0.219717;0.243477;-0.234436;0.243357;-0.234286;0.00135767;0.00802092;0.00220147;0.00112105;0.00111446;0.00571099;0;1;0;0.898876;0;1;
74;-0.12247;0.121577;-0.122549;0.122441;-0.122475;0.121603;0.252328;-0.213741;0.252506;-0.247225;0.252436;-0.22904;0.000792365;0.00468207;0.00128512;0.000654368;0.000650258;0.00333489;0;1;0;0.925882;0;1;
75;-0.0438949;0.0433738;-0.0439415;0.0438784;-0.0438978;0.0433885;0.247952;-0.197663;0.246773;-0.238458;0.248479;-0.223439;0.000462217;0.00273302;0.000749958;0.0003818;0.00037917;0.00194738;0;1;0;0.908801;0;1;
76;0.0534497;-0.0537542;0.0534225;-0.0534593;0.0534487;-0.0537454;0.232846;-0.172655;0.232826;-0.215776;0.225685;-0.210856;0.000269423;0.00159577;0.000437446;0.000222887;0.000220863;0.00113736;0;1;0;0.828996;0;1;
77;0.146924;-0.147103;0.146908;-0.14693;0.146925;-0.147097;0.224606;-0.137253;0.223418;-0.179947;0.195324;-0.188456;0.000156875;0.00175202;0.000254999;0.000130732;0.000128433;0.00066473;0;1;0;0.945569;0;1;
78;0.214778;-0.214883;0.214768;-0.214781;0.214778;-0.214878;0.206228;-0.0897457;0.205534;-0.128761;0.156979;-0.15096;9.11282e-05;0.0100001;0.000148429;0.0036413;7.44632e-05;0.00156106;0;1;0;1;0;1;
79;0.256704;-0.256767;0.256698;-0.256706;0.256704;-0.256763;0.176894;-0.0262595;0.176489;-0.0736542;0.148132;-0.106514;5.27872e-05;0.0189351;8.62717e-05;0.0130142;4.29954e-05;0.00259318;0;1;0;1;0;1;
80;0.280131;-0.28017;0.280128;-0.280133;0.280132;-0.280166;0.13652;0.0282793;0.136282;0.0120568;0.119722;-0.0411995;0.00566944;0.0338591;5.00149e-05;0.0274218;2.46292e-05;0.0111316;0.443029;1;0;0.912195;0;1;
81;0.29115;-0.291173;0.291148;-0.291151;0.29115;-0.29117;0.0815856;0.0619858;0.0814454;0.0485675;0.0717728;0.0556565;0.00795324;0.022672;0.0226035;0.0168868;0.00411646;0.0436442;1;1;1;1;0.568907;1;
82;0.292813;-0.292826;0.28976;-0.292814;0.292066;-0.292825;0.0079414;0.0759075;0.00786576;0.0680718;0.00278374;0.0722134;0.00464739;0.0132403;0.0265219;0.00986203;0.0324172;0.0254891;0.783767;0;1;0;1;0.580077;
83;0.285021;-0.285029;0.281714;-0.285022;0.284586;-0.285028;-0.0770162;0.125984;-0.0770466;0.121408;-0.0800109;0.123827;0.00271515;0.00773191;0.0355542;0.00575899;0.0438256;0.0148851;0.62289;0;1;0;1;0;
84;0.265889;-0.265894;0.263958;-0.26589;0.265636;-0.265893;-0.150102;0.1787;-0.150112;0.176028;-0.151839;0.17744;0.00158659;0.004515;0.0207669;0.00336281;0.0255998;0.00869244;1;0;1;0;1;0;
85;0.23544;-0.235443;0.234312;-0.235441;0.235293;-0.235443;-0.199501;0.216204;-0.199502;0.214643;-0.200507;0.215468;0.000926961;0.00263626;0.0121292;0.00196341;0.0149519;0.00507587;0.882908;0;1;0;1;0;
86;0.194343;-0.194345;0.193685;-0.194344;0.194258;-0.194345;-0.22889;0.238645;-0.228886;0.237733;-0.21319;0.238215;0.00054133;0.00153902;0.00708351;0.00114616;0.00873029;0.00296381;1;0;1;0;1;0;
87;0.140326;-0.140327;0.139941;-0.140326;0.140276;-0.140327;-0.24461;0.250308;-0.230357;0.249775;-0.213241;0.250057;0.000315866;0.000898207;0.00413647;0.000668836;0.00509593;0.00173033;1;0;1;0;1;0;
88;0.0677848;-0.0677855;0.0675602;-0.0677848;0.0677563;-0.0677853;-0.241106;0.250247;-0.223945;0.250667;-0.19958;0.250438;0.000184065;0.000523972;0.0024156;0.000390087;0.00297474;0.00100996;1;0;1;0;1;0;
89;-0.0257063;0.025706;-0.0258375;0.0257063;-0.0257225;0.025706;-0.223049;0.229651;-0.213945;0.238476;-0.177344;0.237585;0.000107326;0.000305426;0.00141081;0.000227291;0.00173702;0.000589288;1;0;1;0;1;0;
90;-0.123251;0.123251;-0.123328;0.123251;-0.123261;0.123251;-0.194091;0.206174;-0.196247;0.207536;-0.146591;0.203133;6.30349e-05;0.000177792;0.000824369;0.000132249;0.00170053;0.000343626;1;0;1;0;1;0;
91;-0.198942;0.198942;-0.198987;0.198942;-0.198948;0.198942;-0.143289;0.16842;-0.159438;0.186585;-0.101803;0.167962;0.00705848;0.000103281;0.0013065;7.68799e-05;0.00914159;0.000200187;1;0;1;0;1;0;
92;-0.247327;0.247327;-0.247353;0.247327;-0.247331;0.247326;-0.0905362;0.160291;-0.118299;0.170899;-0.0414018;0.159521;0.00709376;5.98346e-05;0.0024662;4.43832e-05;0.0212608;0.00011651;1;0;1;0;1;0;
93;-0.275124;0.275124;-0.275139;0.275124;-0.275128;0.275123;-0.0198231;0.133863;-0.0676534;0.140059;0.0242964;0.133414;0.0254516;3.44463e-05;0.008824;2.55543e-05;0.0321891;6.7699e-05;1;0;1;0.0113526;1;0;
94;-0.289121;0.289121;-0.28913;0.28912;-0.289123;0.289121;0.0414755;0.0896932;0.0423576;0.0933169;0.0566195;0.0894323;0.0255588;1.97076e-05;0.0217233;0.0105415;0.0401238;0.0136736;1;0;1;0.781504;1;0.834785;
95;-0.293239;0.288247;-0.293244;0.292176;-0.29324;0.293238;0.0774212;0.0257425;0.0876154;0.0270444;0.0527857;0.0247822;0.0149267;0.0307072;0.0126881;0.00615913;0.0234325;0.0215825;0.201741;1;0.67825;0.61934;0.328033;1;
96;-0.288223;0.285452;-0.288226;0.287603;-0.288224;0.271463;0.116536;-0.0562708;0.122489;-0.0555274;0.102149;-0.0568359;0.00871663;0.0418417;0.00740931;0.00359837;0.0136841;0.0348504;0;1;0;0.374416;0;1;
97;-0.27234;0.270722;-0.272342;0.271978;-0.272341;0.262553;0.168904;-0.133695;0.17238;-0.133274;0.160501;-0.134029;0.00509005;0.0275682;0.0043266;0.00210248;0.00799109;0.0213761;0;1;0;0.512989;0;1;
98;-0.244882;0.243937;-0.244883;0.24467;-0.244882;0.239166;0.209584;-0.189012;0.211614;-0.188776;0.204677;-0.18921;0.00297212;0.016101;0.00252627;0.00122839;0.00466629;0.0124852;0;1;0;0.574829;0;1;
