1;-0.000363589;0.000116065;9.94841e-05;-0.000363589;0.000116065;9.94841e-05;0.0349769;0.0347456;0.0352594;0.0349769;0.0347455;0.0352594;0.808667;0.808665;0.808666;0.808667;0.808665;0.808666;0;0;0;0;0;0;
2;0.0010857;-0.00568061;-0.0158117;-0.00018537;-0.000168755;-0.000514002;0.143776;0.144553;0.146109;0.190556;0.189832;0.189398;0.472424;0.472441;0.472428;0.472424;0.472428;0.472423;1;1;1;1;1;1;
3;0.0049242;-0.00911121;-0.0225955;-0.00254385;0.0118569;-0.00168816;0.0855093;0.0853927;0.087348;0.11554;0.116122;0.114987;0.275912;0.275922;0.275915;0.275914;0.275916;0.275914;0.789196;0.686977;1;0.421923;0.689518;1;
4;0.0035105;-0.00595569;-0.0125607;-0.00212042;0.00755916;-0.00356239;0.0499159;0.0499012;0.0509897;0.0675073;0.0677927;0.0671854;0.161138;0.161144;0.16114;0.161139;0.16114;0.16114;0.959371;1;1;0.618103;0.711862;0.811634;
5;0.00292626;-0.0043542;-0.00645921;-0.00216161;0.00529066;-0.00295656;0.0289002;0.0305699;0.029921;0.0396842;0.0393404;0.039497;0.0941075;0.0941108;0.0941089;0.0941084;0.0941091;0.0941094;0.951351;1;0.968675;0.813703;0.771457;1;
6;0.00294342;-0.00365022;-0.0026647;-0.00236976;0.00419713;-0.00283402;0.0271109;0.0310119;0.0325034;0.0289954;0.0309342;0.0343716;0.0549611;0.0549631;0.0549623;0.0549616;0.0549625;0.0549625;0.945768;0.969419;1;0.692478;0.802423;1;
7;0.003359;-0.003375;-0.000312847;-0.00262722;0.00369442;-0.00289835;0.025259;0.0295641;0.029417;0.0294985;0.0298098;0.0336199;0.0320998;0.0321008;0.0321008;0.0320999;0.0321009;0.0321007;0.98924;0.682573;1;0.623381;0.829483;1;
8;0.00309527;-0.00310456;0.000950978;-0.00261266;0.00329113;-0.00282621;0.0244203;0.0299883;0.0279827;0.031256;0.0298019;0.0347239;0.0187488;0.018749;0.0187498;0.0187486;0.01875;0.0187494;1;0.734422;1;0.611903;0.861567;1;
9;0.00234604;-0.00235143;0.00111573;-0.00206415;0.00246041;-0.00218888;0.0225623;0.0295346;0.0246801;0.0326848;0.0286046;0.0347962;0.0109519;0.0109513;0.0109529;0.0109513;0.0109532;0.010952;0.818085;0.679848;1;0.598292;0.897022;1;
10;0.000474846;-0.00047794;-0.000243685;-0.000310174;0.000541626;-0.00038302;0.0194209;0.0298066;0.0234228;0.0343419;0.0284742;0.0382338;0.00639866;0.00639727;0.00639957;0.00639755;0.00640011;0.00639834;1;0.648484;1;0.569842;0.945978;1;
11;-0.00336862;0.00336693;-0.00378834;0.00346493;-0.00332975;0.00342238;0.0177474;0.0308799;0.0211416;0.0359693;0.027049;0.0405193;0.00373969;0.00373741;0.00760923;0.00373807;0.00795387;0.00373881;1;0.596181;1;0.55739;0.993743;1;
12;-0.0101091;0.010266;-0.0105122;0.0103233;-0.0102443;0.0102985;0.0168607;0.0319311;0.0183327;0.0396821;0.0269497;0.0415424;0.00486237;0.0021838;0.00458911;0.0021847;0.0107539;0.00218567;1;0.514299;1;0.527555;0.805511;1;
13;-0.0213617;0.0214534;-0.0215972;0.0214869;-0.0214407;0.0214724;0.0151837;0.0317697;0.01855;0.0388157;0.0261937;0.0426058;0.00363596;0.00127649;0.00633978;0.00127764;0.00770614;0.0012785;1;0.696289;1;0.530051;1;1;
14;-0.0379717;0.0380252;-0.0381092;0.0380448;-0.0380178;0.0380363;0.0186783;0.0300141;0.0198098;0.0369355;0.0263637;0.040885;0.00539788;0.000746931;0.00435184;0.000748119;0.0100577;0.000748838;1;0.83564;1;0.56476;1;1;
15;-0.0602568;0.0602881;-0.0603372;0.0602996;-0.0602838;0.0602946;0.0245422;0.0282003;0.0276952;0.027512;0.0274937;0.0311947;0.00315479;0.00306089;0.00574267;0.00216146;0.00587653;0.00257838;1;1;0.861633;0.438659;1;1;
16;-0.0867063;0.0867246;-0.0867533;0.0867314;-0.0867221;0.0867284;0.0434871;0.0244408;0.0473964;0.0101067;0.0350473;0.0164624;0.00184379;0.0141026;0.00335574;0.00780359;0.00343259;0.00770722;0.825046;1;1;0.855534;0.317747;1;
17;-0.113102;0.113112;-0.113129;0.113117;-0.113111;0.113115;0.0582736;0.00794641;0.0605588;-0.0269694;0.0533444;-0.0232561;0.00107655;0.0202235;0.00196062;0.00866483;0.00200427;0.0106249;0.26391;1;0.925717;0.975144;0;1;
18;-0.132791;0.132798;-0.132807;0.132799;-0.132796;0.132798;0.0955964;-0.0524451;0.096931;-0.0773118;0.0927179;-0.0751369;0.000628297;0.035274;0.00114458;0.00506236;0.00117014;0.0184977;0;1;0;0.65137;0;1;
19;-0.138306;0.138311;-0.138316;0.138311;-0.13831;0.138311;0.143611;-0.118397;0.144391;-0.132931;0.14193;-0.131655;0.000366511;0.02655;0.000668044;0.0029578;0.000682974;0.0146546;0;1;0;0.670602;0;1;
20;-0.123563;0.123567;-0.123569;0.123566;-0.123565;0.123566;0.185993;-0.171257;0.186448;-0.179753;0.185011;-0.179004;0.00021362;0.0155077;0.000389691;0.00172807;0.000398399;0.00855978;0;1;0;0.858954;0;1;
21;-0.0843833;0.0843858;-0.0843866;0.0843849;-0.0843845;0.084385;0.214941;-0.205664;0.215207;-0.211295;0.214368;-0.210855;0.000124317;0.00905534;0.000227118;0.00100942;0.000232151;0.00499932;0;1;0;0.688017;0;1;
22;-0.0173035;0.0173052;-0.0173054;0.0173044;-0.0173041;0.0173045;0.230544;-0.200047;0.230699;-0.228413;0.230209;-0.22064;7.2137e-05;0.00528598;0.000132165;0.000589383;0.000135029;0.00291948;0;1;0;0.756809;0;1;
23;0.0725461;-0.0725448;0.072545;-0.0725457;0.0725461;-0.0725456;0.22953;-0.170733;0.229028;-0.211114;0.228518;-0.207955;4.16393e-05;0.00308635;7.66554e-05;0.000344134;7.83086e-05;0.00170517;0;1;0;0.822253;0;1;
24;0.159619;-0.159619;0.159618;-0.159619;0.159619;-0.159619;0.21669;-0.135931;0.203033;-0.169619;0.193186;-0.182699;2.38737e-05;0.00661953;4.44389e-05;0.000201652;4.51809e-05;0.000996426;0;1;0;0.946258;0;1;
25;0.22249;-0.222491;0.22249;-0.22249;0.222491;-0.22249;0.199791;-0.0805947;0.191815;-0.125228;0.183464;-0.145813;1.34407e-05;0.013937;2.53876e-05;0.00285399;2.58651e-05;0.0005829;0;1;0;1;0;1;
26;0.261128;-0.261129;0.261127;-0.261128;0.261128;-0.261127;0.171012;-0.0163824;0.166354;-0.0678287;0.161477;-0.101842;7.43007e-06;0.0192329;1.44304e-05;0.0114483;1.4589e-05;0.00580198;0;1;0;1;0;1;
27;0.282492;-0.282496;0.282492;-0.282494;0.282493;-0.282492;0.130334;0.0316312;0.127612;0.020591;0.124763;-0.0247601;0.00371747;0.0347097;8.05746e-06;0.045295;8.0535e-06;0.0155985;0.872219;1;0;1;0;1;
28;0.292154;-0.292157;0.292154;-0.292155;0.292155;-0.292155;0.0741979;0.0593596;0.0726061;0.0533658;0.0709416;0.0644173;0.0095662;0.0202757;0.0188023;0.0264569;0.00580885;0.0180547;0.923707;1;1;0.820532;0.594805;1;
29;0.29273;-0.292929;0.280561;-0.292731;0.297835;-0.292731;-0.000946916;0.0789466;-0.00186854;0.0754467;0.000750568;0.0819024;0.00558917;0.0118407;0.0305469;0.0154506;0.0425032;0.0105448;0.850645;0;1;0;1;0.425113;
30;0.283765;-0.283881;0.259849;-0.283766;0.286748;-0.283766;-0.0856236;0.131176;-0.0861488;0.129132;-0.0846142;0.132902;0.00326515;0.00691456;0.0328649;0.00902272;0.0500961;0.00615762;0.59636;0;1;0;1;0;
31;0.263375;-0.263444;0.249409;-0.263376;0.265118;-0.263376;-0.156361;0.182965;-0.156661;0.181771;-0.155759;0.183973;0.00190777;0.00403768;0.019196;0.00526879;0.0292623;0.00359559;0.805559;0;1;0;1;0;
32;0.23181;-0.23185;0.223653;-0.23181;0.232828;-0.23181;-0.203374;0.218912;-0.203544;0.218215;-0.203015;0.2195;0.00111448;0.00235748;0.0112116;0.0030765;0.0170892;0.00209935;0.889007;0;1;0;1;0;
33;0.18955;-0.189573;0.184786;-0.18955;0.190144;-0.18955;-0.231069;0.240143;-0.231164;0.239736;-0.22097;0.240487;0.000650801;0.0013762;0.00654746;0.00179619;0.00997747;0.00122554;0.942992;0;1;0;1;0;
34;0.133932;-0.133945;0.13115;-0.133932;0.134279;-0.133932;-0.245664;0.250965;-0.230603;0.250727;-0.214477;0.251165;0.000379753;0.000803112;0.00382335;0.00104846;0.00582392;0.000715194;0.979808;0;1;0;1;0;
35;0.0591838;-0.0591918;0.0575593;-0.0591839;0.0593875;-0.0591839;-0.238325;0.249414;-0.224486;0.249411;-0.197193;0.249398;0.000221352;0.000468434;0.00223264;0.000611795;0.00339936;0.000417133;1;0;1;0;1;0;
36;-0.0359182;0.0359137;-0.0368668;0.0359181;-0.0357989;0.0359181;-0.219251;0.226696;-0.213187;0.236905;-0.171698;0.235811;0.000129108;0.000272994;0.00130391;0.000356764;0.00198505;0.000243083;1;0;1;0;1;0;
37;-0.132207;0.132205;-0.132761;0.132207;-0.132138;0.132207;-0.183133;0.202736;-0.192079;0.216728;-0.144641;0.200815;7.58075e-05;0.000158905;0.000761929;0.000207966;0.00732401;0.000141593;1;0;1;0;1;0;
38;-0.20502;0.205019;-0.205344;0.20502;-0.20498;0.20502;-0.134763;0.165419;-0.158071;0.204533;-0.0933143;0.175495;0.00719591;9.2258e-05;0.000445853;0.00012089;0.0180388;8.21034e-05;1;0;1;0;1;0;
39;-0.250955;0.250954;-0.251143;0.250954;-0.250932;0.250954;-0.082874;0.156555;-0.116651;0.179397;-0.0352102;0.162439;0.015542;5.33988e-05;0.000576783;7.01561e-05;0.0267379;4.75577e-05;1;0;1;0;1;0;
40;-0.277084;0.277083;-0.277193;0.277083;-0.277072;0.277083;-0.00558647;0.129152;-0.0598372;0.142493;0.0242975;0.132589;0.0244315;3.07014e-05;0.00477189;0.00197644;0.0376484;2.74086e-05;1;0;1;0.221145;1;0;
41;-0.289952;0.289951;-0.290016;0.289951;-0.289945;0.289951;0.0448265;0.0834774;0.0457248;0.0912726;0.0651912;0.0854856;0.0325813;1.79479e-05;0.0294442;0.00665566;0.0258299;0.0156964;1;0.31989;1;0.616412;1;0.737153;
42;-0.293161;0.290147;-0.293199;0.293161;-0.293157;0.286408;0.0632048;0.0197708;0.0848933;0.0213756;0.0672038;0.0180036;0.0190281;0.0303932;0.0171967;0.00646827;0.0150845;0.0364234;0.303988;1;0.661416;0.454205;0;1;
43;-0.287143;0.286354;-0.287164;0.287142;-0.28714;0.270403;0.112208;-0.063732;0.124874;-0.0628129;0.114544;-0.0647691;0.0111119;0.0479274;0.0100423;0.00377881;0.00880892;0.0309487;0;1;0;0.596536;0;1;
44;-0.270065;0.269604;-0.270077;0.270064;-0.270063;0.260289;0.168124;-0.1398;0.175521;-0.139276;0.169488;-0.140411;0.00648889;0.0297927;0.00586423;0.00220788;0.00514399;0.0180776;0;1;0;0.551958;0;1;
45;-0.241493;0.241224;-0.2415;0.241492;-0.241492;0.235784;0.209519;-0.192968;0.213838;-0.19267;0.210315;-0.193327;0.00378904;0.0173996;0.00342423;0.00128988;0.00300358;0.0105587;0;1;0;0.580392;0;1;
46;-0.202303;0.202146;-0.202307;0.202303;-0.202302;0.198969;0.23484;-0.224447;0.237363;-0.225;0.235305;-0.225379;0.00221231;0.0101591;0.00199925;0.00075333;0.00175353;0.00616645;0;1;0;0.619343;0;1;
47;-0.150864;0.150773;-0.150867;0.150864;-0.150864;0.148918;0.248429;-0.218672;0.249902;-0.242682;0.248701;-0.230542;0.00129148;0.00593008;0.00116705;0.000439686;0.00102348;0.0036008;0;1;0;0.661656;0;1;
48;-0.0819839;0.0819314;-0.0819854;0.0819839;-0.0819839;0.0808469;0.251617;-0.202701;0.251968;-0.243133;0.25196;-0.225781;0.000753723;0.00346125;0.000681004;0.000256345;0.000597132;0.00210265;0;1;0;0.680643;0;1;
49;0.00835571;-0.00838608;0.00835482;-0.00835575;0.00835596;-0.0090197;0.241225;-0.181308;0.239291;-0.226702;0.233544;-0.21758;0.00043965;0.00202067;0.000397187;0.000149455;0.000348146;0.0012279;0;1;0;0.793356;0;1;
50;0.107334;-0.107352;0.107334;-0.107334;0.107335;-0.107722;0.212711;-0.149708;0.211931;-0.19901;0.21056;-0.201258;0.000256239;0.00118049;0.000231422;8.74509e-05;0.000202772;0.000717402;0;1;0;0.873802;0;1;
51;0.187852;-0.187863;0.187852;-0.187852;0.187853;-0.188078;0.177556;-0.110709;0.175396;-0.153427;0.17447;-0.166874;0.000149299;0.0115071;0.000134703;0.00204988;0.000117851;0.000419774;0;1;0;1;0;1;
52;0.240616;-0.240624;0.240616;-0.240617;0.240617;-0.240749;0.168933;-0.0513734;0.167672;-0.0979924;0.166599;-0.127103;8.66767e-05;0.0205604;7.82258e-05;0.0158159;6.83421e-05;0.00107822;0;1;0;1;0;1;
53;0.271439;-0.271445;0.271439;-0.27144;0.27144;-0.271517;0.143078;0.0167388;0.142342;-0.0339595;0.141715;-0.0788841;5.02333e-05;0.0246625;4.53198e-05;0.0270692;3.94186e-05;0.00587496;0;1;0;1;0;1;
54;0.287466;-0.287471;0.287466;-0.287467;0.287467;-0.287512;0.100757;0.0542287;0.100321;0.0327001;0.0999551;0.0236121;0.00714434;0.0353436;2.61263e-05;0.0271907;2.25581e-05;0.0190413;0.912996;1;0;0.97515;0;1;
55;0.293158;-0.293161;0.293158;-0.293159;0.292196;-0.293185;0.0388833;0.067737;0.0386337;0.075409;0.0384208;0.0853596;0.0102898;0.0206418;0.0227602;0.0158806;0.0332162;0.0111231;1;0.288868;1;0.437274;1;0.921569;
56;0.289813;-0.289815;0.274547;-0.289813;0.289669;-0.289828;-0.0414344;0.103701;-0.0415672;0.108182;-0.0416868;0.113993;0.0060108;0.0120543;0.0363596;0.00927372;0.0431527;0.00649541;0.802114;0;1;0;1;0;
57;0.275955;-0.275956;0.26704;-0.275955;0.275872;-0.275964;-0.121542;0.157907;-0.121611;0.160523;-0.121676;0.163917;0.00351146;0.00703929;0.0212385;0.00541541;0.0298536;0.00379286;1;0;1;0;1;0;
58;0.250436;-0.250437;0.24523;-0.250436;0.250388;-0.250441;-0.181065;0.202303;-0.181099;0.203831;-0.181134;0.205813;0.00205129;0.00411044;0.0124053;0.00316214;0.0174361;0.00221457;0.851216;0;1;0;1;0;
59;0.214179;-0.214179;0.211138;-0.214179;0.214151;-0.214182;-0.218249;0.230652;-0.218264;0.231545;-0.218282;0.232702;0.0011981;0.00239994;0.00724511;0.00184621;0.0101809;0.00129283;0.911683;0;1;0;1;0;
60;0.166496;-0.166496;0.16472;-0.166496;0.16648;-0.166498;-0.239206;0.24645;-0.233956;0.246972;-0.221686;0.247648;0.000699486;0.00140099;0.00423072;0.00107768;0.00536455;0.000754517;0.978827;0;1;0;1;0;
61;0.103062;-0.103062;0.102025;-0.103062;0.103053;-0.103063;-0.248292;0.253512;-0.227332;0.253817;-0.205334;0.253747;0.000408098;0.000817585;0.0024705;0.00062885;0.00313083;0.000440102;1;0;1;0;1;0;
62;0.0184141;-0.018414;0.0178086;-0.0184141;0.0184093;-0.0184148;-0.232006;0.238353;-0.220928;0.244986;-0.188268;0.244524;0.00023799;0.000476887;0.00144265;0.000366742;0.00182715;0.000256486;1;0;1;0;1;0;
63;-0.0808903;0.0808908;-0.0812438;0.0808902;-0.0808931;0.0808898;-0.206097;0.21842;-0.204807;0.224381;-0.158883;0.224958;0.000138995;0.000277956;0.000842696;0.000213658;0.00106713;0.000149256;1;0;1;0;1;0;
64;-0.168493;0.168493;-0.168699;0.168493;-0.168495;0.168492;-0.167091;0.186892;-0.177531;0.216194;-0.121106;0.216006;8.20337e-05;0.000161779;0.000492852;0.000124305;0.00931321;8.66901e-05;1;0;1;0;1;0;
65;-0.228615;0.228615;-0.228735;0.228615;-0.228617;0.228615;-0.115114;0.178793;-0.139249;0.196526;-0.0702311;0.196416;0.00911424;9.39829e-05;0.0026837;7.21116e-05;0.0216605;5.01498e-05;1;0;1;0;1;0;
66;-0.264691;0.264692;-0.264762;0.264691;-0.264694;0.264691;-0.0595491;0.155055;-0.0928586;0.165412;-0.00845348;0.165347;0.0076127;5.44111e-05;0.00342573;4.16602e-05;0.0302393;2.88625e-05;1;0;1;0;1;0;
67;-0.284216;0.284216;-0.284258;0.284216;-0.284219;0.284216;0.0423066;0.116107;-0.00987798;0.122158;0.0388145;0.122118;0.0529576;3.12817e-05;0.0340933;0.0048271;0.0258089;1.65251e-05;1;0;1;0.659738;1;0;
68;-0.292489;0.292489;-0.292513;0.292489;-0.29249;0.292489;0.0601893;0.0591587;0.075318;0.0626905;0.0707634;0.0626693;0.0309306;0.0230833;0.0199149;0.00928277;0.015077;0.0336173;0.795412;0.940083;1;0.67082;0.933072;1;
69;-0.287415;0.270176;-0.284784;0.292504;-0.291701;0.276435;0.0872492;-0.0133943;0.0960843;-0.0154857;0.0934241;-0.0154875;0.0180629;0.0404319;0.0116299;0.00584611;0.00880447;0.0363541;0;1;0.054622;0.601687;0;1;
70;-0.278447;0.27135;-0.27691;0.281419;-0.28095;0.26299;0.141338;-0.0981906;0.146498;-0.0994276;0.144945;-0.099418;0.0105483;0.0420375;0.0067914;0.00341541;0.00514139;0.0285669;0;1;0;0.423917;0;1;
71;-0.257121;0.252976;-0.256223;0.258856;-0.258582;0.248094;0.190646;-0.165436;0.19366;-0.166169;0.192752;-0.166157;0.0061597;0.0245547;0.00396571;0.0019954;0.00300212;0.0166857;0;1;0;0.569331;0;1;
72;-0.224361;0.221941;-0.223837;0.225374;-0.225215;0.219089;0.22366;-0.208929;0.22542;-0.209365;0.22489;-0.209352;0.00359678;0.0143392;0.00231549;0.00116558;0.00175271;0.0097452;0;1;0;0.599223;0;1;
73;-0.180451;0.179038;-0.180145;0.181043;-0.18095;0.177373;0.242737;-0.220309;0.243765;-0.234388;0.243455;-0.234377;0.00210002;0.00837112;0.00135176;0.000680575;0.00102301;0.00569095;0;1;0;0.63967;0;1;
74;-0.122179;0.121355;-0.122001;0.122525;-0.122471;0.120382;0.252074;-0.211433;0.252674;-0.247197;0.252494;-0.229981;0.0012259;0.00488574;0.000788898;0.000397105;0.000596847;0.00332316;0;1;0;0.659714;0;1;
75;-0.0437252;0.0432442;-0.0436209;0.0439271;-0.0438953;0.0426754;0.247402;-0.192411;0.246932;-0.236421;0.246858;-0.223389;0.000715415;0.00285185;0.00046017;0.00023151;0.000347978;0.00194056;0;1;0;0.729689;0;1;
76;0.053549;-0.0538297;0.0536099;-0.0534312;0.05345;-0.0541621;0.233267;-0.166511;0.232816;-0.21423;0.221977;-0.210213;0.000417277;0.00166553;0.000268211;0.000135102;0.000202658;0.0011334;0;1;0;0.82958;0;1;
77;0.146983;-0.147147;0.147018;-0.146914;0.146925;-0.147341;0.222476;-0.135221;0.217182;-0.177691;0.197948;-0.187802;0.000243219;0.00845174;0.000156199;7.9446e-05;-0.000659366;0.000662444;0;1;0;0.935129;0;1;
78;0.214812;-0.214909;0.214833;-0.214772;0.214779;-0.215021;0.204985;-0.0828763;0.201893;-0.129504;0.16009;-0.149886;0.000141526;0.0175047;9.06803e-05;0.00393618;-0.000385602;0.000419163;0;1;0;0.753054;0;1;
79;0.256724;-0.256781;0.256736;-0.256701;0.256704;-0.256846;0.176168;-0.0223386;0.174362;-0.0733068;0.149949;-0.107157;8.22135e-05;0.026209;5.25397e-05;0.0136608;-0.000225672;0.00440887;0;1;0;0.97481;0;1;
80;0.280143;-0.280179;0.28015;-0.280131;0.280132;-0.280214;0.136096;0.0304722;0.13504;0.0136579;0.120783;-0.0390038;0.00330188;0.0362166;3.03076e-05;0.033666;-0.000132262;0.00740324;0.873236;1;0;1;0;1;
81;0.291157;-0.291178;0.291161;-0.29115;0.29115;-0.291198;0.0813379;0.0612262;0.0807201;0.049542;0.0723923;0.0570442;0.00809485;0.0211566;0.0232299;0.0196659;0.00515936;0.0303305;0.987848;1;1;1;0.561741;1;
82;0.292817;-0.292829;0.289328;-0.292813;0.28784;-0.292841;0.00779684;0.0754639;0.0074421;0.0686408;0.00377108;0.0730238;0.00473013;0.0123554;0.0277713;0.011485;0.0314221;0.017714;0.810792;0;1;0;1;0.563038;
83;0.285023;-0.285031;0.28019;-0.285021;0.282129;-0.285038;-0.0771003;0.125725;-0.0772945;0.12174;-0.0794337;0.1243;0.00276359;0.00721511;0.0332046;0.00670677;0.0439542;0.0103444;0.744197;0;1;0;1;0;
84;0.26589;-0.265895;0.263068;-0.265889;0.2642;-0.265899;-0.150151;0.178549;-0.150257;0.176222;-0.151502;0.177717;0.00161491;0.0042132;0.0193947;0.0039163;0.025843;0.0060407;0.63315;0;1;0;1;0;
85;0.235441;-0.235444;0.233793;-0.23544;0.234454;-0.235446;-0.19953;0.216115;-0.199586;0.214756;-0.200311;0.215629;0.000943478;0.00245999;0.0113278;0.00228666;0.0150922;0.00352729;0.873247;0;1;0;1;0;
86;0.194344;-0.194345;0.193381;-0.194343;0.193768;-0.194347;-0.228907;0.238593;-0.228935;0.237799;-0.223154;0.238309;0.000550964;0.00143606;0.00661542;0.00133494;0.00881119;0.00205945;0.932833;0;1;0;1;0;
87;0.140326;-0.140327;0.139764;-0.140326;0.13999;-0.140328;-0.24462;0.250277;-0.230454;0.249814;-0.216265;0.250112;0.00032147;0.000838076;0.00386305;0.00077909;0.00514289;0.0012022;0.979759;0;1;0;1;0;
88;0.0677851;-0.0677855;0.0674569;-0.0677849;0.0675893;-0.0677861;-0.24034;0.250486;-0.225299;0.250486;-0.199763;0.250737;0.000187307;0.00048885;0.00225583;0.000454487;0.00300155;0.000701538;0.837994;0;1;0;1;0;
89;-0.025706;0.0257061;-0.0258976;0.0257061;-0.0258202;0.0257054;-0.222224;0.229516;-0.214782;0.238682;-0.175837;0.237303;0.000109187;0.000284913;0.00131743;0.000264899;0.00175249;0.000409178;1;0;1;0;1;0;
90;-0.123251;0.123252;-0.123363;0.123251;-0.123318;0.12325;-0.193698;0.205716;-0.196834;0.202425;-0.145037;0.203683;6.41277e-05;0.00016583;0.000769774;0.000154331;0.00102442;0.000238431;1;0;1;0;1;0;
91;-0.198942;0.198943;-0.199007;0.198942;-0.198982;0.198942;-0.141751;0.171671;-0.160476;0.178719;-0.0982512;0.165141;0.00613524;9.62895e-05;0.000764984;8.95947e-05;0.0100427;0.000138762;1;0;1;0;1;0;
92;-0.247326;0.247327;-0.247364;0.247326;-0.247351;0.247326;-0.0896956;0.16219;-0.118887;0.166305;-0.0436719;0.149284;0.0119253;5.57646e-05;0.00190095;5.18845e-05;0.0235359;8.07192e-05;1;0;1;0;1;0;
93;-0.275124;0.275124;-0.275146;0.275123;-0.275139;0.275123;-0.0191915;0.134972;-0.0665038;0.137377;0.0185614;0.127436;0.0244006;3.20766e-05;0.00440252;3.02137e-05;0.0404167;4.67242e-05;1;0;1;0.186375;1;0;
94;-0.289122;0.289121;-0.289134;0.28912;-0.28913;0.289121;0.0422338;0.0903408;0.0386759;0.09175;0.0540496;0.085941;0.031722;1.83237e-05;0.0293952;0.0103088;0.0371557;0.0113473;1;0;1;0.771015;1;0.5777;
95;-0.293239;0.289045;-0.293246;0.287449;-0.293244;0.293238;0.0787359;0.0253158;0.0900957;0.02613;0.0530841;0.0227435;0.018526;0.031802;0.0171688;0.0123141;0.0216991;0.0244202;0.013464;1;0.743187;0.852064;0.312976;1;
96;-0.288224;0.286532;-0.288228;0.284842;-0.288227;0.286957;0.117304;-0.0565199;0.123938;-0.0560615;0.102323;-0.0580266;0.0108187;0.0418891;0.010026;0.00719285;0.0126718;0.0342943;0;1;0;0.538653;0;1;
97;-0.27234;0.271353;-0.272343;0.270366;-0.272342;0.271601;0.169352;-0.133841;0.173226;-0.133586;0.160603;-0.134725;0.00631763;0.0270541;0.00585472;0.00420168;0.00739992;0.020032;0;1;0;0.695714;0;1;
98;-0.244882;0.244306;-0.244883;0.243729;-0.244883;0.24445;0.209846;-0.189098;0.212108;-0.188958;0.204737;-0.189617;0.00368902;0.0158003;0.00341868;0.0024543;0.00432104;0.0117004;0;1;0;0.795728;0;1;
