1;-0.000363589;0.000116065;9.94845e-05;-0.00036359;0.000116065;9.94844e-05;0.0349769;0.0347456;0.0352595;0.0349769;0.0347456;0.0352595;0.808667;0.808665;0.808666;0.808667;0.808665;0.808666;0;0;0;0;0;0;
2;-0.0162668;-0.0283476;-0.0155301;0.0227971;0.0468596;0.105362;0.158045;0.128349;-0.100619;0.098244;0.0718395;0.135433;0.472554;0.472435;0.472471;0.472435;0.472366;0.472416;0.868123;1;0;0.00301265;0.596999;1;
3;-0.00907415;-0.0169802;-0.00864386;0.012887;0.0277884;0.0611126;0.0923835;0.0755076;-0.058676;0.0572891;0.0462506;0.0859347;0.275985;0.275921;0.275923;0.275913;0.275871;0.275912;0.751598;0.769044;0;0.429126;0.647384;0.921652;
4;-0.00466424;-0.0105512;-0.00441339;0.00689095;0.0168614;0.035056;0.0539305;0.0882065;-0.0342947;0.033483;0.0540009;0.08652;0.16118;0.161145;0.161137;0.161134;0.161114;0.16114;0.620649;0.914088;0;0.0850895;0.870654;1;
5;-0.00184735;-0.00703755;-0.00170139;0.00314819;0.0107227;0.0195964;0.0396961;0.058966;-0.0202847;0.0198084;0.0356699;0.0564259;0.0941324;0.0941158;0.0941022;0.0941012;0.0940943;0.0941133;1;0.829634;0;0.165995;0.626698;1;
6;2.88936e-05;-0.00521719;0.000113719;0.00073076;0.00736908;0.0103366;0.0396331;0.0679549;-0.0125053;0.0122265;0.0359221;0.0662221;0.0549764;0.0549687;0.0549547;0.0549555;0.0549541;0.0549669;0.932642;0.816907;0;0.394021;0.629422;1;
7;0.0012603;0.0012186;0.00130965;-0.000816828;0.00554677;0.00479332;0.0361581;0.0654078;-0.0117958;0.00837497;0.0320561;0.0656023;0.0321097;0.0321077;0.0320929;0.0320938;0.0320966;0.032107;0.882769;0.626011;0;0.257881;0.658389;1;
8;0.00186975;-0.000173877;0.00189835;-0.00510508;0.0043729;0.00166585;0.0347362;0.064594;-0.0135806;0.00594468;0.0297833;0.0648292;0.0187553;0.0187559;0.0187418;0.0187429;0.0187475;0.0187557;0.837538;0.77116;0;0.28756;0.640487;0.917652;
9;0.00279057;0.00166585;0.0011343;-0.00351985;0.00309228;0.000898783;0.032918;0.0681924;-0.0177677;-0.000340534;0.0284388;0.0740805;0.0109565;0.020842;0.0109448;0.0109456;0.0109518;0.0211771;1;0.922896;0;0.297348;0.667253;1;
10;0.000547648;0.00563254;-0.000232921;-0.00116037;0.000910885;0.00522974;0.0286792;0.0684632;-0.0198105;0.00388667;0.0252896;0.0753267;0.00640209;0.0121768;0.00639148;0.0063919;0.00639932;0.0184387;1;1;0;0;0.683755;1;
11;-0.00332665;0.0137479;-0.00378199;0.00296837;-0.00311371;0.010776;0.0258766;0.0703994;-0.0242094;0.00780382;0.0225144;0.0767142;0.0047913;0.0126181;0.00373296;0.00373254;0.00583255;0.0209932;1;1;0.427726;0;0.693413;1;
12;-0.0102426;0.016329;-0.0105083;0.0100332;-0.0101177;0.0145935;0.0210732;0.0727272;-0.0227844;0.0115913;0.0195011;0.0836276;0.00583874;0.0146976;0.00218068;0.00217949;0.00561333;0.0181193;1;0.999469;0.597421;0;0.703814;1;
13;-0.0214395;0.0249948;-0.0215948;0.0213174;-0.0213662;0.0239813;0.0183443;0.0760024;-0.0268089;0.012683;0.0172953;0.086151;0.00770171;0.0129331;0.00127399;0.00127251;0.00521465;0.0213385;1;0.968839;0.62971;0;0.682294;1;
14;-0.0380169;0.0400942;-0.0381079;0.0379457;-0.0379737;0.0395023;0.0217009;0.0798117;-0.0262645;0.00894592;0.0200917;0.0832504;0.00504118;0.0165002;0.000743846;0.000742851;0.00591507;0.0198123;1;0.955479;0.0402026;0;0.665823;1;
15;-0.0602829;0.0614972;-0.0603366;0.0602416;-0.0602577;0.0611513;0.0254071;0.0701629;-0.0164747;-0.00910927;0.025655;0.0607298;0.0029464;0.0185479;0.000434164;0.000434239;0.00584394;0.0179165;1;1;0;0.342864;0.603121;0.968642;
16;-0.0867214;0.0874313;-0.086753;0.0866975;-0.0867067;0.087229;0.0365473;0.0603361;0.001813;-0.00112287;0.0303846;0.0344461;0.00172152;0.0270071;0.00025333;0.0017174;0.00341342;0.0151175;1;1;0;0.474679;0.381439;1;
17;-0.113111;0.113526;-0.113129;0.113097;-0.113102;0.113407;0.0542206;0.0192232;0.0339358;-0.033529;0.0506214;-0.012751;0.00100508;0.0328262;0.000147676;0.00488474;0.00199306;0.0202738;0;1;0;0.534102;0;1;
18;-0.132796;0.133039;-0.132807;0.132788;-0.132791;0.132969;0.0932296;-0.0503239;0.0813834;-0.0811427;0.0911277;-0.0690026;0.000586623;0.0212739;8.59236e-05;0.00285473;0.00116355;0.0118445;0;0.96098;0;0.510352;0;1;
19;-0.138309;0.138451;-0.138316;0.138304;-0.138306;0.13841;0.142229;-0.11716;0.135311;-0.135168;0.141002;-0.128073;0.000342198;0.0136598;4.98185e-05;0.00166864;0.000679101;0.00692014;0;1;0;0.706214;0;1;
20;-0.123565;0.123648;-0.123569;0.123562;-0.123563;0.123624;0.185185;-0.170534;0.181145;-0.181059;0.184469;-0.176913;0.00019941;0.00797957;2.86738e-05;0.000975341;0.00039614;0.00404283;0;1;0;0.497639;0;1;
21;-0.0843843;0.084433;-0.0843865;0.0843827;-0.0843834;0.0844189;0.21447;-0.194202;0.21211;-0.212058;0.214051;-0.209633;0.000116005;0.00466052;1.63025e-05;0.000569908;0.00023085;0.00236139;0;1;0;0.536503;0;1;
22;-0.017304;0.0173328;-0.0173053;0.0173031;-0.0173036;0.0173243;0.230268;-0.187592;0.22889;-0.228858;0.230024;-0.218337;6.72254e-05;0.00272199;9.0094e-06;0.000332789;0.000134308;0.00137889;0;1;0;0.580945;0;1;
23;0.0725461;-0.0725289;0.0725454;-0.0725466;0.0725462;-0.0725342;0.22852;-0.165159;0.228875;-0.208128;0.228719;-0.208108;3.87359e-05;0.00159031;4.73341e-06;0.000194263;7.79137e-05;0.000805294;0;1;0;0.622613;0;1;
24;0.159619;-0.159609;0.159619;-0.159619;0.159619;-0.159612;0.188365;-0.131148;0.188242;-0.170067;0.196773;-0.177676;2.22016e-05;0.00821184;2.3446e-06;0.000114128;4.49295e-05;0.000470764;0;0.995899;0;0.693247;0;1;
25;0.222491;-0.222485;0.22249;-0.222491;0.222491;-0.222487;0.155104;-0.0694891;0.151843;-0.125164;0.188159;-0.147478;1.24287e-05;0.0150476;8.17613e-07;0.00297567;2.57395e-05;0.00027581;0;1;0;0.760365;0;0.748853;
26;0.261128;-0.261125;0.261128;-0.261128;0.261128;-0.261125;0.144915;-0.00690562;0.142642;-0.067893;0.164219;-0.0995421;6.87653e-06;0.0279303;9.77623e-08;0.0200264;1.45329e-05;0.00485266;0;1;0;0.711327;0;1;
27;0.282492;-0.282492;0.282492;-0.282493;0.282493;-0.282491;0.115091;0.0714787;0.113764;0.0183832;0.126365;-0.0430915;3.6772e-06;0.050102;-2.75526e-07;0.032612;7.99665e-06;0.00515795;0;1;0;1;0;0.966214;
28;0.292154;-0.292155;0.292154;-0.292155;0.292154;-0.292154;0.0652945;0.116132;0.0645148;0.0774173;0.0718795;0.0356803;0.0324402;0.054315;-5.22327e-07;0.0528526;0.0297072;0.00301422;0.521666;1;0;0.545882;0.682956;0.88217;
29;0.297481;-0.297352;0.270871;-0.290325;0.285568;-0.29937;-0.00614387;0.192701;-0.00660274;0.0894917;0.000672036;0.114028;0.0305567;0.0317272;0.0222704;0.0308652;0.0359112;0.0138048;0.455949;0.93461;0.574172;0;1;0.71534;
30;0.286541;-0.286464;0.217921;-0.282361;0.279583;-0.287643;-0.088658;0.225933;-0.088913;0.137334;-0.0846615;0.151663;0.0178474;0.0185305;0.0360282;0.0180248;0.0388614;0.00806176;0.70715;0.511163;1;0;1;0;
31;0.264998;-0.264952;0.203334;-0.262556;0.260934;-0.265641;-0.158131;0.245177;-0.158276;0.186561;-0.155786;0.194929;0.0104258;0.0108216;0.0210437;0.0105261;0.0266797;0.00470757;0.673759;0;1;0;1;0;
32;0.23276;-0.232731;0.196748;-0.231332;0.230384;-0.233134;-0.204405;0.255243;-0.204489;0.221012;-0.201918;0.225898;0.00609158;0.00631931;0.0122899;0.00614671;0.015586;0.00274858;1;0;1;0;0.853899;0;
33;0.190107;-0.190088;0.169075;-0.189272;0.188716;-0.190324;-0.23167;0.261129;-0.231717;0.24137;-0.203235;0.244224;-0.0137675;0.00369006;0.00717766;0.00358896;0.00977453;0.00160454;0.930734;0;0.922059;0;1;0;
34;0.134259;-0.134246;0.121978;-0.133771;0.133444;-0.134386;-0.246016;0.257701;-0.22961;0.251681;-0.197464;0.253348;-0.00804391;0.0021546;0.00419405;0.00209528;0.0057115;0.000936427;0.949336;0;0.908812;0;0.984701;0;
35;0.0593769;-0.0593677;0.0522064;-0.0590921;0.058898;-0.0594511;-0.248485;0.247676;-0.220664;0.248483;-0.172163;0.248554;-0.00470057;0.00125786;0.00245082;0.00122291;0.0133172;0.000546256;0.966158;0;1;0;1;0;
36;-0.035804;0.0358114;-0.039991;0.0359703;-0.0360862;0.0357606;-0.228187;0.229546;-0.225611;0.23546;-0.16159;0.233729;-0.00637964;0.000734184;0.00143;0.000713484;0.0140805;0.00031835;0.97503;0;1;0;1;0;
37;-0.13214;0.132146;-0.134585;0.132237;-0.132307;0.132114;-0.199882;0.202047;-0.200294;0.198647;-0.125682;0.198676;-0.00682338;0.000428346;-0.00844865;0.000416188;0.0243955;0.000185292;1;0;0.831597;0;1;0;
38;-0.20498;0.204985;-0.206408;0.205037;-0.205078;0.204965;-0.149467;0.167053;-0.158527;0.169743;-0.0637768;0.175244;-0.00398643;0.000249763;-0.00493493;0.000242364;0.0382808;0.000107622;1;0;1;0;1;0;
39;-0.250932;0.250934;-0.251765;0.250964;-0.250988;0.250922;-0.0967153;0.157509;-0.116321;0.15908;-0.0254813;0.162293;-0.00481611;0.000145516;-0.00288196;0.000140997;0.0600592;6.2311e-05;1;0;0.954071;0;1;0;
40;-0.183837;0.183838;-0.184323;-0.114457;0.114425;-0.114481;-0.018748;0.0542586;-0.0302021;0.0551859;0.0940881;0.0570661;0.00374842;8.48363e-05;-0.00168279;8.21763e-05;0.0350842;0.0827762;1;0;0.877368;0;0.543833;0.822785;
41;-0.143971;0.143971;-0.144254;-0.323108;0.323081;-0.323124;0.0597295;0.025718;-0.00958146;0.0241698;0.0773307;0.0254832;0.00991212;0.0193663;-0.000981626;4.80133e-05;0.0240667;0.048355;0.845479;0.783194;0.540581;0;0.810301;0.902292;
42;-0.119459;0.119459;-0.119625;-0.436355;0.436339;-0.436365;0.00295702;0.0469495;-0.0366047;0.0460448;0.0155734;0.0666893;0.00579126;0.0113096;0.00252052;2.7765e-05;0.0333344;0.0282409;0.923613;0;0.859819;0;1;0.711974;
43;-0.102889;0.102889;-0.102986;-0.486699;0.486691;-0.486711;-0.0735613;0.102715;-0.0966726;0.0153858;-0.0606042;0.125323;0.00421685;0.00660451;0.00674739;-0.0646954;0.0273417;0.0286066;1;0;0.255683;0.292623;0.760889;1;
44;-0.0893375;0.0893367;-0.0893938;-0.471905;0.485728;-0.513717;-0.145545;0.162579;-0.159051;0.101814;-0.12284;0.183367;0.0051882;0.00385666;0.0137291;-0.0763969;0.049641;0.033947;1;0;0.544162;0;0.462285;1;
45;-0.0761094;0.0761084;-0.0761431;-0.443143;0.451215;-0.467562;-0.196329;0.20628;-0.198206;0.170794;-0.183062;0.218424;0.00303047;0.00225179;0.0252707;-0.0446164;0.0289927;0.019827;0.961595;0;1;0;1;0.450719;
46;-0.0619545;0.0619532;-0.0619746;-0.381337;0.386052;-0.395598;-0.227135;0.232949;-0.219606;0.212225;-0.219382;0.240045;0.00176924;0.00131447;0.0186842;-0.0260562;0.016932;0.0115816;0.93838;0;1;0;0.776153;0.6336;
47;-0.0455301;0.0455293;-0.0455421;-0.288141;0.290895;-0.296469;-0.243927;0.247325;-0.238429;0.235222;-0.203291;0.279109;0.00103221;0.00076711;0.0109112;-0.0152172;0.00988866;0.00676604;0.908137;0;1;0;1;0.750089;
48;-0.0248408;0.0248402;-0.0248478;-0.156033;0.157643;-0.160898;-0.235515;0.252511;-0.236712;0.246101;-0.206278;0.271734;0.000601816;0.000447466;0.00637118;-0.00888726;0.00577531;0.00395324;0.857059;0;1;0;1;0.56906;
49;0.00155994;-0.0015604;0.00155589;0.0213429;-0.0204003;0.0185009;-0.217714;0.235267;-0.227418;0.239873;-0.198949;0.267884;0.000350733;0.000260776;0.00371991;-0.00519064;0.00337336;0.00432727;1;0;1;0;1;0.743899;
50;0.0301838;-0.0301842;0.0301815;0.21737;-0.216817;0.215709;-0.188031;0.213029;-0.20834;0.212289;-0.180986;0.263643;0.000204739;0.000151776;0.00217195;-0.00303182;0.00197084;0.0140834;1;0;0.923249;0;1;0.79025;
51;0.0533876;-0.0533898;0.0533887;0.377276;-0.376953;0.376305;-0.158804;0.176079;-0.170663;0.205781;-0.156343;0.245896;-0.00769004;8.80969e-05;0.00126868;-0.00177089;0.00112795;0.019267;0.987154;0;0.716047;0;0.665298;1;
52;0.0685812;-0.0685826;0.068582;0.482146;-0.481961;0.48158;-0.115252;0.155069;-0.117977;0.185417;-0.0563129;0.208846;-0.00747644;5.10815e-05;0.00693918;-0.00103457;0.0211989;0.0112527;1;0;1;0;1;0.150593;
53;0.0774566;-0.0774579;0.0774571;0.530389;-0.543303;0.543081;-0.0464652;0.134981;-0.0437097;0.152709;-0.028771;0.166387;0.0143624;2.9354e-05;0.0230224;-0.000604596;0.0440639;0.00657125;1;0;1;0.854811;1;0;
54;0.0820762;-0.082077;0.0820763;0.567633;-0.575176;0.575054;0.0211331;0.0960228;0.00180317;0.106379;-0.0113273;0.11437;0.0192506;1.6775e-05;0.0134476;-0.000353418;0.0257329;0.0311638;1;0;1;0.452442;0.98205;0.901116;
55;0.0837259;-0.0954435;0.083726;0.551919;-0.581371;0.621909;0.0786268;0.0361216;0.0423583;0.0421632;-0.00362594;0.0754943;0.0112443;0.0247126;0.00785448;-0.00020724;-0.0299506;0.0562865;0.578603;0.912085;0.676883;0.569926;0.487574;1;
56;0.082784;-0.0896278;0.0827841;0.545856;-0.576442;0.609566;0.110061;-0.0430359;0.08888;-0.0395154;0.0147351;0.0561997;0.00656618;0.0207891;0.00458663;0.00601949;-0.0314787;0.098669;0;1;0;0.552352;0.209302;0.895234;
57;0.0788328;-0.0828296;0.0788327;0.522605;-0.550054;0.59202;0.16162;-0.122466;0.149251;-0.12042;0.0880699;-0.00927506;0.00383411;0.0140228;0.00267825;0.00351603;-0.058597;0.109546;0;1;0;0.357989;0;1;
58;0.0715462;-0.0738803;0.0715461;0.483751;-0.499788;0.524305;0.204472;-0.181596;0.197248;-0.180413;0.161518;-0.11549;0.00223867;0.00819106;0.00156361;-0.00587459;-0.0342214;0.0639856;0;1;0;0.484786;0;1;
59;0.0611896;-0.0625525;0.0611896;0.418354;-0.427725;0.442051;0.231919;-0.218551;0.2277;-0.21787;0.206834;-0.179943;0.0013069;0.0047827;0.000912656;-0.00487612;-0.0199856;0.0373745;0;1;0;0.729504;0;1;
60;0.077151;-0.0779461;0.0771519;0.202906;-0.208381;0.21676;0.0236955;-0.0158902;0.0212397;-0.0155108;0.00907179;0.00669495;0.000763073;-0.0128908;0.0579545;-0.00284805;-0.0116729;0.0238686;0;0.480637;1;0.561549;0;1;
61;0.0467217;-0.0471839;0.0467223;0.130151;-0.133353;0.138257;0.123423;-0.118854;0.12199;-0.118634;0.114867;-0.10568;-0.00233535;0.0148953;0.0338454;0.00983371;-0.00757093;0.0401222;0;1;0;0.426933;0;1;
62;-0.014488;0.014219;-0.0144854;0.0496147;-0.119651;0.18794;-0.0336233;0.0362807;-0.0344491;0.036421;-0.0386112;0.0439908;0.000880752;0.00869938;0.0390535;0.00574443;-0.00442188;0.0234353;0;0;1;0.465222;0;1;
63;-0.100104;0.0999478;-0.100102;0.120618;-0.161518;0.204103;-0.118203;0.119759;-0.118682;0.119839;-0.121108;0.124262;0.0247874;0.00508012;0.0228112;0.00335457;0.0133016;0.0136863;1;0;0.771071;0;1;0;
64;-0.0931039;0.0930134;-0.0931028;-0.172052;0.148132;-0.123275;0.0174867;-0.0165581;0.0171964;-0.0165214;0.015784;-0.013919;0.014479;0.0273379;0.0133225;0.00195932;0.00776928;0.0633771;1;0.723222;0;0;0;1;
65;-0.065981;0.1024;-0.0705894;-0.360905;0.346904;-0.332413;0.0804804;-0.0799307;0.0803111;-0.0799181;0.0794815;-0.0783888;0.00845553;0.0159691;0.00778034;0.00114409;0.0045371;0.0370151;0;0.943683;0;0;0;1;
66;-0.0760114;0.0972821;-0.0787033;-0.473128;0.464937;-0.456481;0.0976425;-0.0197857;0.0975438;-0.0567008;0.0970613;-0.090978;0.00493784;0.0175762;0.00454347;0.0239354;0.00264937;0.0216171;0;1;0;0.518442;0;1;
67;-0.0814291;0.0938522;-0.060802;-0.535572;0.525291;-0.525852;0.0881512;0.0149522;0.123457;-0.0734388;0.0531272;-0.0140627;0.010934;0.0183751;0.0354103;-0.0313645;-0.0474387;0.0126253;0;1;0.820514;0.793126;0.489106;1;
68;-0.174061;0.181315;-0.161394;-0.186331;0.180301;-0.180625;0.0604254;0.0267285;0.0807603;0.0905727;0.0528981;0.0224886;0.0188014;0.0107327;0.0251631;0.0798771;-0.0277031;0.0250129;0.601708;0.812432;1;1;0.520595;0.361056;
69;-0.222524;0.226757;-0.21512;0.0120539;-0.0155598;0.0153932;0.087387;-0.0364753;0.0992643;0.000817694;0.0829889;-0.0389549;0.0109796;0.0200131;0.0146937;0.0466557;-0.0161781;0.0464473;0;1;0.746936;0.562915;0;1;
70;-0.161556;0.164026;-0.157228;-0.214146;0.212093;-0.212188;-0.0393347;0.0690814;-0.0324128;0.090852;-0.041931;0.0676523;0.049814;0.0116877;0.00858137;0.0272484;0.0251693;0.0372363;1;0;0;0;0.594936;1;
71;-0.121352;0.122793;-0.115763;-0.314078;0.312875;-0.312933;-0.13107;0.148448;-0.127027;0.161163;-0.132584;0.147617;0.0290951;0.00682525;0.0535217;0.0159125;0.0147046;0.021748;0.815976;0;1;0;0.971362;0.714613;
72;-0.145072;0.145914;-0.141808;-0.109246;0.10852;-0.108551;0.0357787;-0.0256182;0.0381371;-0.0181968;0.0348908;-0.0261137;0.0169954;0.0416433;0.0312568;0.00929401;0.00858795;0.0342333;1;0.904994;0;1;0;1;
73;-0.134147;0.13464;-0.13224;-0.0143835;0.0139503;-0.0139612;0.133014;-0.127068;0.134392;-0.122741;0.132495;-0.127359;0.00992499;0.0267803;0.0182538;0.00542692;0.00501529;0.0233747;0;0.953857;0;0;0;1;
74;-0.0951377;0.0954283;-0.0940245;-0.000711044;-0.00865028;0.00864786;0.187996;-0.184513;0.188801;-0.181997;0.187693;-0.184685;0.00579577;0.015641;0.0106598;-0.0126825;0.0029285;0.0184716;0;0.79642;0;0.669583;0;1;
75;-0.0279327;0.0281057;-0.0272828;-0.0280458;0.0225748;-0.0225739;0.2168;-0.193501;0.21727;-0.213295;0.216623;-0.21486;0.00338424;0.00913489;0.00622494;-0.007408;0.00170971;0.0107904;0;1;0;0.501319;0;1;
76;0.0627724;-0.0626682;0.0631519;-0.0954636;0.092267;-0.0922679;0.227591;-0.171796;0.227866;-0.211269;0.227488;-0.211093;0.00197589;0.00533519;0.00363478;-0.00432554;0.000997941;0.00630162;0;1;0;0.692768;0;1;
77;0.15237;-0.152306;0.152591;-0.171461;0.169593;-0.169595;0.196164;-0.130735;0.195788;-0.176774;0.197828;-0.186443;0.00115344;0.00311694;0.00212219;-0.00252501;0.000582234;0.00368047;0;1;0;0.856005;0;1;
78;0.217958;-0.21792;0.218087;-0.229107;0.228016;-0.228018;0.1604;-0.0922078;0.152541;-0.123531;0.160058;-0.147755;0.000673359;0.00979963;0.001239;0.00767958;0.000339512;0.00215036;0;1;0;0.947388;0;1;
79;0.258561;-0.258539;0.258637;-0.265072;0.264435;-0.264436;0.15013;-0.0279004;0.120792;-0.0752736;0.14993;-0.109512;0.000392723;-0.022661;0.000723106;0.0187199;0.000197806;0.00125677;0;1;0;1;0;0.794802;
80;0.281216;-0.281204;0.28126;-0.285019;0.284646;-0.284647;0.120891;0.0205428;0.103756;0.0242184;0.120772;-0.044134;0.00827878;0.0435552;0.00042186;0.0339793;0.000115063;0.0109325;0.629636;1;0.203165;1;0;0.756755;
81;0.200673;-0.200669;0.235042;0.0886024;-0.0888161;0.0888429;0.0687466;0.0199984;0.0587452;0.0567865;0.0686799;-0.0228641;0.00783822;0.0254364;-0.0209355;-0.0556332;6.70405e-05;0.00638613;0;0.284505;1;1;0;0;
82;0.239973;-0.239971;0.319955;-0.0710275;0.0709114;-0.0708857;0.00648549;0.0513858;-0.00539537;0.0935957;0.0339448;0.0263455;0.037572;0.0148546;-0.0122273;-0.0324893;0.0614195;0.00372971;1;0;0.349508;1;1;0.692697;
83;0.254163;-0.254162;0.300872;-0.155498;0.155431;-0.155415;-0.0778632;0.111663;-0.0847961;0.136315;-0.0618153;0.0970395;0.0228498;0.00867463;0.0159154;-0.0189736;0.0358772;0.00217778;0.623852;0;1;0;1;0;
84;0.247868;-0.247868;0.275146;-0.190248;0.19021;-0.1902;-0.150596;0.170337;-0.154639;0.184733;-0.141214;0.161797;0.0133461;0.00506552;0.00929712;-0.0110808;0.0209566;0.00127144;0.913133;0;1;0;1;0;
85;0.224916;-0.224916;0.240846;-0.19402;0.195951;-0.194093;-0.199789;0.211319;-0.202146;0.219727;-0.194301;0.206332;0.00779502;0.00295777;0.00543029;-0.00647157;0.0122403;0.000742065;0.711149;0;1;0;1;0;
86;0.188197;-0.188197;0.197501;-0.170154;0.171283;-0.170197;-0.229057;0.235792;-0.23043;0.240702;-0.208067;0.23288;0.00455256;0.0017268;0.00317101;-0.00377983;0.00714813;0.000432881;0.934273;0;0.957544;0;1;0;
87;0.136737;-0.136737;0.142171;-0.1262;0.126859;-0.126225;-0.244707;0.248642;-0.232249;0.251509;-0.205747;0.246941;0.00265873;0.00100792;0.00185055;-0.00220794;0.00417402;0.000252266;0.911328;0;1;0;1;0;
88;0.0656881;-0.0656897;0.068863;-0.0595349;0.059921;-0.0595495;-0.236392;0.249403;-0.227055;0.250476;-0.196272;0.250942;0.00155258;0.000588096;0.00107953;-0.00128997;0.00243722;0.000146768;0.824263;0;1;0;1;0;
89;-0.0269314;0.0269291;-0.0250767;0.0305246;-0.0302977;0.0305161;-0.21914;0.231058;-0.214076;0.237585;-0.178317;0.237693;0.000906842;0.000342888;-0.00153406;-0.000753887;0.00142347;8.51503e-05;0.919999;0;1;0;1;0;
90;-0.123967;0.123965;-0.122884;0.126066;-0.125932;0.126061;-0.187506;0.208774;-0.195957;0.205426;-0.145685;0.205563;0.000530185;0.00019969;-0.00451352;-0.000440765;0.000832202;4.92132e-05;1;0;0.828794;0;1;0;
91;-0.199361;0.199359;-0.198728;0.200586;-0.200507;0.200583;-0.141043;0.19804;-0.159908;0.165249;-0.0979442;0.168883;0.00085211;0.000116165;-0.00263541;-0.00025783;0.0150499;2.83492e-05;1;0;0.843246;0;1;0;
92;-0.247571;0.247569;-0.247201;0.248281;-0.248239;0.248285;-0.1068;0.177589;-0.109554;0.163683;-0.0751773;0.158956;0.0138627;6.73064e-05;0.00014476;-0.00100022;0.00879214;1.61708e-05;0.977982;0;1;0.650718;1;0;
93;-0.275266;0.275265;-0.27505;0.275677;-0.275655;0.275685;-0.0078098;0.143966;-0.059002;0.135847;-0.0213946;0.14114;0.0240065;3.8922e-05;0.0022853;-0.000584679;0.0167444;0.0235029;1;0;0.78218;0.431862;1;0.85761;
94;-0.197457;0.197456;-0.197329;-0.0958653;0.0958538;-0.0958488;0.119694;0.0725657;-0.0229381;0.067825;-0.000986692;0.085259;0.0724096;0.0399184;0.00312021;0.0395508;0.00977943;0.0564968;1;0.71507;0;0.629526;0;1;
95;-0.150858;0.150857;-0.150781;-0.304768;0.304733;-0.304756;0.0424581;0.0551314;-0.0152091;0.0480981;-0.0148094;0.115156;0.042296;0.0233122;0.03631;0.0230988;0.00871367;0.032997;1;0.00390147;0.507246;0;0.991725;0.886511;
96;-0.20507;0.205072;-0.205028;-0.0610639;0.0610071;-0.0610195;0.0961139;-0.039113;0.0624401;-0.0432134;0.0626715;-0.00408394;0.0247012;0.0394162;0.0212059;0.0227618;0.00508966;0.0192721;0;0.982128;0.352299;1;0;0;
97;-0.223779;0.223782;-0.223754;0.0683537;-0.0683909;0.0683923;0.156977;-0.123676;0.137311;-0.126084;0.137447;-0.103209;0.014425;0.0230238;0.0123842;0.0132926;0.00297196;0.0459452;0;1;0;0.388279;0;1;
98;-0.216522;0.216525;-0.216508;0.125747;-0.125777;0.125782;0.202619;-0.183161;0.191134;-0.184578;0.191214;-0.17121;0.00842367;0.0134475;0.0072321;0.00776086;0.00173515;0.0268382;0;1;0;0.499545;0;1;
