1;-0.000363588;0.000116064;9.94838e-05;-0.000363588;0.000116064;9.94838e-05;0.0349769;0.0347456;0.0352595;0.0349769;0.0347456;0.0352594;0.808667;0.808665;0.808666;0.808667;0.808665;0.808666;0;0;0;0;0;0;
2;0.0425055;0.0285667;0.0262151;-0.0193252;-0.0195408;0.0117458;0.167745;0.197164;0.244407;-0.0589013;-0.00609308;0.307234;0.472393;0.472427;0.47245;0.472348;0.472315;0.4725;1;1;1;0;0.176762;1;
3;0.0252487;0.0162569;0.0223515;-0.0117102;-0.0109853;0.00978272;0.111914;0.115055;0.142818;-0.0158105;-0.0143476;0.211059;0.275898;0.275915;0.275936;0.275858;0.275841;0.275989;1;0.364416;0;0.439837;0;1;
4;0.0153803;0.00885992;0.0136882;-0.0166375;-0.0133091;0.0741086;0.0671062;0.0672224;0.083377;0.00113558;-0.00674419;0.123309;0.161134;0.161138;0.161149;0.161102;0.161092;0.161207;1;0.52222;0;0.252718;0.210798;1;
5;0.00985853;0.00429845;0.00887034;-0.0306268;-0.00885674;0.0424081;0.0389397;0.0405329;0.0514165;0.0537285;0.0546357;0.0722771;0.0941037;0.0941063;0.0941132;0.0940873;0.0940801;0.0941538;0.655075;0.605006;1;0.482515;0.491293;0.867804;
6;0.0068648;0.00140289;0.00628767;-0.0189938;-0.00406553;0.0236581;0.0222912;0.025316;0.0314802;0.0323315;0.0338483;0.042871;0.0549575;0.0549597;0.0549649;0.0549506;0.0549471;0.054988;0.715739;0.593214;0.934855;0.358551;0.626755;0.809961;
7;0.00525223;-0.000424135;0.00491519;-0.012336;-0.00113136;0.0125726;0.0257627;0.0275189;0.0275134;0.0347717;0.0330789;0.03537;0.0320967;0.0320978;0.0321017;0.0320943;0.0320927;0.0321161;0.945339;0.583152;0.891013;0.480979;0.651077;1;
8;0.0042008;-0.00138137;0.00400396;-0.00833796;0.000472555;0.00620855;0.0223565;0.0262166;0.0240943;0.0338544;0.0323269;0.0357866;0.0187461;0.0187465;0.0187495;0.018746;0.018746;0.018759;0.931421;0.563298;1;0.460751;0.829336;1;
9;0.00299159;-0.00191842;0.00287657;-0.0054078;0.000190348;0.00308714;0.018667;0.0265107;0.0231243;0.0339049;0.0326836;0.0373293;0.0109494;0.0109492;0.0109517;0.0109505;0.0109519;0.0109582;0.868986;0.546078;1;0.453548;0.617671;1;
10;0.000851745;-0.000225176;0.000784559;-0.00226293;-0.000784243;-0.00232189;0.0180934;0.0269078;0.0193418;0.0361974;0.0314739;0.0378833;0.00639623;0.00639535;0.00639781;0.00639777;0.0102519;0.00640239;0.815413;0.512469;0.875948;0.315194;0.688095;0.865962;
11;-0.0031487;0.00351443;-0.00318797;0.00232453;-0.00410401;0.00228973;0.0153235;0.0275703;0.0181736;0.0382198;0.0310807;0.0409732;0.00373728;0.00373565;0.00373817;0.00373881;0.0130701;0.00374144;0.677173;0.469933;0.794484;0.401401;0.711701;0.994263;
12;-0.0101386;0.0103521;-0.0101616;0.00965729;-0.0106965;0.00963692;0.0133926;0.0277159;0.0159014;0.0402744;0.031179;0.0425038;0.00218444;0.00218222;0.00218512;0.00218581;0.0137645;0.00218764;0.87815;0.435863;0.876696;0.449059;0.740417;0.849352;
13;-0.021379;0.0215036;-0.0213924;0.0210979;-0.0217047;0.021086;0.0120066;0.0270338;0.014524;0.0418009;0.0315284;0.0436029;0.0012776;0.00127497;0.00127813;0.00127883;0.0159003;0.0030876;0.886309;0.426761;0.946131;0.509495;0.743439;0.907138;
14;-0.0379818;0.0380544;-0.0379897;0.0378176;-0.0381719;0.0378106;0.0147506;0.026832;0.016804;0.0386682;0.0302399;0.0420049;0.000747931;0.000745378;0.000748364;0.00199797;0.0143856;0.002747;0.860388;0.466388;1;0.515165;0.71504;0.920753;
15;-0.0602628;0.0603051;-0.0602674;0.0601663;-0.0603736;0.0601628;0.0207317;0.0246548;0.0248161;0.0299569;0.0296641;0.0328564;0.000438318;0.000436818;0.000438724;0.00394607;0.00840476;0.00591144;0.760495;0.593857;1;0.642758;0.509895;1;
16;-0.0867098;0.0867346;-0.0867125;0.0866527;-0.0867743;0.0866514;0.0387876;0.0235994;0.0460449;0.0150163;0.0317922;0.0239516;0.000256693;0.00516448;0.000257323;0.0103155;0.0049089;0.018828;0.54787;0.893504;1;0.841178;0.401321;1;
17;-0.113104;0.113119;-0.113106;0.113071;-0.113142;0.11307;0.055529;0.003977;0.0597682;-0.0241027;0.0514434;-0.0182207;0.000149739;0.0118431;0.000150405;0.0122856;0.0028663;0.0183794;0;1;0.461784;0.566106;0;1;
18;-0.132792;0.132802;-0.132793;0.138666;-0.132814;0.132772;0.0939936;-0.0592294;0.0964691;-0.0756392;0.0916076;-0.0721946;8.71247e-05;0.0147038;8.75781e-05;0.00736665;0.00167346;0.0240947;0;1;0;1;0;1;
19;-0.138306;0.138313;-0.138307;0.175562;-0.13832;0.137758;0.142674;-0.122363;0.144121;-0.131954;0.141282;-0.129935;5.05118e-05;0.00858767;5.0802e-05;0.00430181;0.000976921;0.0140765;0;1;0;0;0;1;
20;-0.123563;0.123567;-0.123564;0.145322;-0.123572;0.123242;0.185445;-0.173576;0.18629;-0.179183;0.184632;-0.177999;2.90223e-05;0.00501362;2.94104e-05;0.00251113;0.000570047;0.00917272;0;1;0;0.494382;0;1;
21;-0.0843839;0.0843852;-0.0843843;0.0970913;-0.08439;0.0841947;0.214621;-0.200972;0.215115;-0.195384;0.214146;-0.210269;1.65452e-05;-0.00631628;1.69109e-05;0.0073474;0.000332305;0.00535771;0;1;0;0.81216;0;0.952358;
22;-0.017304;0.0173045;-0.0173044;0.0247241;-0.0173095;0.0171925;0.230357;-0.19912;0.230645;-0.218396;0.23008;-0.227264;9.27285e-06;-0.00643331;9.40178e-06;0.00429254;0.000193533;0.00312912;0;1;0;0.853437;0;1;
23;0.012671;-0.0135094;0.0135094;0.17973;-0.175409;0.17533;0.035087;-0.0168308;0.0352389;-0.0281004;0.0349146;-0.0332696;0.0622202;-0.0154645;5.2479e-06;0.00250751;0.0108904;0.0204056;1;0;0;0;0.800681;1;
24;0.0408989;-0.0413896;0.0413901;0.339458;-0.336942;0.336884;-0.0681984;0.0788741;-0.0681225;0.0722976;-0.0683111;0.0692895;0.0363427;-0.00903139;2.90813e-06;0.00146421;0.00636018;0.04;1;0;0;0;0;1;
25;0.0608201;-0.0611063;0.0611068;0.456783;-0.455316;0.455279;-0.113068;0.119307;-0.113024;0.115468;-0.113136;0.199797;0.0212247;-0.00527471;0.00227914;0.000854994;-0.0120865;0.0233669;1;0;0.919208;0;0.919384;0.427584;
26;0.0730025;-0.0731696;0.0731696;0.529143;-0.528287;0.528264;-0.0761293;0.121038;-0.0990233;0.119699;0.00472608;0.17102;0.0123959;-0.00308075;0.00133263;0.00049906;0.0420085;0.0136463;0.816203;0;1;0;1;0.0889771;
27;0.0797741;-0.0798719;0.0798715;0.569005;-0.568507;0.568491;0.00607137;0.101147;-0.017242;0.100368;0.0325979;0.130338;0.0276252;-0.00179953;0.023564;0.00929272;0.0472265;0.00765264;0.96857;0;1;0.292475;1;0.495584;
28;0.0829246;-0.0829823;0.0829813;0.586655;-0.583768;0.587625;0.0622223;0.0571514;0.041214;0.0566952;0.0121297;0.0937624;0.0232127;0.00985562;0.0137643;0.00542835;0.0275809;0.0236959;0.766526;0.580293;0.885207;0.458356;1;0.534425;
29;0.0833171;-0.0884595;0.0823928;0.580061;-0.592403;0.581744;0.0806181;-0.0107723;0.0683504;-0.0111677;0.051368;0.0104846;0.0135558;0.0261667;0.00803845;0.0065238;0.0161086;0.0226384;0;1;0;0.451752;0;1;
30;0.0808888;-0.0838918;0.080349;0.564377;-0.571585;0.56536;0.132152;-0.0913488;0.124988;-0.091591;0.11507;-0.0789378;0.00791613;0.0247274;0.00469402;0.00381156;0.00940701;0.0191053;0;1;0;0.472058;0;1;
31;0.075141;-0.0768947;0.0748257;0.524909;-0.529119;0.525484;0.183535;-0.159694;0.179351;-0.159845;0.173559;-0.15245;0.00462254;0.0144441;0.00274084;0.00222697;0.00549326;0.01116;0;1;0;0.69289;0;1;
32;0.0661677;-0.067192;0.0659836;0.462544;-0.465003;0.46288;0.219245;-0.205313;0.216801;-0.205408;0.213419;-0.201086;0.00269908;0.00843634;0.00160018;0.00130083;0.00320757;0.00651803;0;1;0;0.518021;0;1;
33;0.0541198;-0.0547181;0.0540123;0.378471;-0.379908;0.378667;0.240338;-0.207658;0.238911;-0.232256;0.236936;-0.229729;0.00157575;0.00492638;0.000933995;0.0007595;0.00187269;0.00380617;0;0.996759;0;0.53226;0;1;
34;0.0382444;-0.0385939;0.0381816;0.267497;-0.268337;0.267611;0.251078;-0.205295;0.250245;-0.246357;0.249091;-0.232122;0.000919685;0.00287656;0.000544904;0.000443159;0.00109311;0.00222212;0;1;0;0.553783;0;1;
35;0.0168969;-0.0171011;0.0168602;0.118155;-0.118647;0.118222;0.249009;-0.192676;0.249301;-0.236347;0.250438;-0.225953;0.000536534;0.00167971;0.000317662;0.000258399;0.000637845;0.00129726;0;1;0;0.573965;0;1;
36;-0.0102699;0.0101505;-0.0102913;-0.0719572;0.0716676;-0.071918;0.236002;-0.171298;0.236125;-0.217017;0.225416;-0.213643;0.000312781;0.000981478;0.00018498;0.000150888;0.000371979;0.00075742;0;1;0;0.618385;0;1;
37;-0.0377781;0.0377083;-0.0377906;-0.264482;0.26431;-0.26446;0.19767;-0.146969;0.200375;-0.18362;0.202147;-0.190264;0.000182264;0.000574537;0.00010765;8.87364e-05;0.000216747;0.0004426;0;1;0;0.670711;0;1;
38;-0.0585798;0.0585387;-0.0585872;-0.410079;0.409976;-0.410066;0.175166;-0.0852584;0.170831;-0.132816;0.169307;-0.151814;0.000105858;0.0189402;6.22616e-05;0.00310577;0.000126108;0.000259271;0;1;0;0.714448;0;0.987197;
39;-0.0717027;0.0716784;-0.071707;-0.501931;0.50187;-0.501923;0.162248;-0.0371683;0.159716;-0.0886077;0.158825;-0.111364;6.14124e-05;0.0203056;3.59594e-05;0.0120997;7.31931e-05;0.00973087;0;1;0;0.76898;0;1;
40;-0.0791672;0.0779843;-0.0791698;-0.547223;0.548882;-0.554174;0.132477;0.0386601;0.130998;-0.0489198;0.130456;-0.0463242;3.54148e-05;0.0509373;2.05543e-05;-0.0193072;-0.0302812;0.00568489;0;1;0;0.81839;0.380957;1;
41;-0.0828435;0.0821528;-0.0828451;-0.56656;0.572704;-0.579907;0.0854181;0.0524476;0.0845619;-0.0767382;0.0902363;-0.00320791;2.03188e-05;0.0297542;0.0155892;-0.0297051;-0.0176837;0.00332127;0;0.823878;1;0.981277;0.397959;0.931364;
42;-0.0837606;0.0833571;-0.0837613;-0.544957;0.555024;-0.586325;0.0179539;0.0625595;0.017465;-0.033897;0.0891891;0.0300571;0.00351793;0.0173761;0.0228366;-0.0467448;0.0324401;0.00193942;0.541289;0;1;1;0.459017;0.431582;
43;-0.0820409;0.0818052;-0.0820411;-0.521117;0.545448;-0.574286;-0.064812;0.111831;-0.0650863;-0.00529735;0.0887562;0.0928503;0.00205564;0.0101472;0.0164531;-0.0594851;0.0747809;0.00113226;0.522768;0;1;1;0.49655;0;
44;-0.0771614;0.0770237;-0.0771613;-0.487112;0.530282;-0.54013;-0.140445;0.167903;-0.140595;0.0343232;0.0995755;0.156819;0.00120144;0.00592554;0.0096127;-0.0657786;0.125417;0.000660857;0.55244;0;1;0.836584;0.514693;0;
45;-0.068998;0.0689176;-0.0689977;-0.46902;0.508063;-0.482986;-0.193353;0.20939;-0.193434;0.0619186;0.113333;0.202917;0.000702358;0.00345998;0.00561626;-0.0527719;0.153866;0.000385534;0.627225;0;1;0.886853;0.471404;0;
46;-0.0578009;0.0577539;-0.0578004;-0.447042;0.485204;-0.404606;-0.225399;0.234765;-0.205924;0.089869;0.129999;0.230984;0.000410624;0.00202003;0.00328152;-0.0308263;0.190768;0.000224715;0.616151;0;1;0.803293;0.409712;0;
47;-0.0431043;0.0430767;-0.0431036;-0.425419;0.46521;-0.30173;-0.242915;0.248385;-0.196827;0.122643;0.150987;0.246178;0.000240077;0.00117906;0.00803461;-0.0180045;0.222886;0.000130799;0.455324;0;1;1;0.316196;0;
48;-0.0234242;0.0234079;-0.0234232;-0.23622;0.269135;-0.163969;-0.233172;0.247538;-0.190406;0.180356;-0.0147145;0.242637;0.000140911;0.000687932;0.0134802;0.0406751;0.197013;7.5788e-05;0.569342;0;1;0;1;0;
49;0.00238726;-0.00239698;0.00238806;-0.025488;0.044719;0.0167091;-0.223842;0.24102;-0.215343;0.209479;-0.112727;0.242834;8.27362e-05;0.000401162;0.00787336;0.0237546;0.115063;4.39091e-05;0.888516;0;1;0.150855;1;0;
50;0.0306668;-0.0306727;0.0306673;0.190017;-0.178777;0.214666;-0.203752;0.208465;-0.194844;0.241343;-0.161592;0.208012;4.89577e-05;0.000233691;0.00459827;0.0138731;0.0671985;2.53578e-05;0.889272;0;1;0.378388;1;0;
51;0.0536718;-0.0536751;0.0536719;0.361303;-0.354731;0.375702;-0.159414;0.175346;-0.163621;0.223316;-0.122023;0.185457;0.00179177;-0.000950558;-0.00866176;0.00810212;0.0392447;1.42471e-05;0.903016;0;1;0.329142;1;0;
52;0.0687473;-0.0687493;0.0687474;0.472822;-0.46898;0.481232;-0.100593;0.137389;-0.120056;0.195658;-0.0453159;0.173548;0.0160972;-0.000555611;-0.00505758;0.00473139;0.0229232;7.79655e-06;1;0;1;0.147874;1;0;
53;0.0775538;-0.077555;0.077554;0.537966;-0.535722;0.542878;-0.0456709;0.124656;-0.075202;0.158685;0.0227256;0.145773;0.0281588;-0.000324929;-0.00295213;0.00276269;0.0332154;4.11421e-06;1;0;1;0;0.945971;0;
54;0.0821329;-0.0821337;0.0821331;0.572064;-0.570751;0.574933;0.0388781;0.089993;0.0164659;0.109868;0.0445504;0.102329;0.0346608;-0.00019019;0.0362788;0.00622808;0.0334628;0.00386072;1;0;0.994832;0.235761;1;0.310934;
55;0.0837593;-0.0837598;0.0837594;0.584641;-0.578335;0.597007;0.0787647;0.0394716;0.0635056;0.0442019;0.022354;0.0605278;0.0202425;0.0370394;0.021188;0.00447552;0.0195422;0.040355;0.159644;1;0.507155;0.295864;1;0.498815;
56;0.0828035;-0.0768271;0.0828036;0.578648;-0.574965;0.585869;0.110141;-0.0410764;0.10123;-0.0383272;0.0771995;-0.0287832;0.0118211;0.0276686;0.0123733;0.00924653;0.0114129;0.0294253;0;1;0;0.4072;0;1;
57;0.0788441;-0.0753537;0.0788442;0.551339;-0.549188;0.555556;0.161668;-0.121322;0.156464;-0.119726;0.14243;-0.114145;0.00690302;0.0161635;0.00722555;0.00540179;0.0066648;0.0171887;0;1;0;0.467383;0;1;
58;0.071553;-0.0695144;0.071553;0.500539;-0.499283;0.503002;0.204499;-0.180927;0.20146;-0.180004;0.193265;-0.176739;0.00403086;0.0094417;0.00421924;0.00315567;0.0038918;0.0100401;0;1;0;0.489249;0;0.966823;
59;0.0611938;-0.0600031;0.0611938;0.428163;-0.42743;0.429601;0.231935;-0.214746;0.23016;-0.217628;0.225374;-0.215718;0.0023535;0.00551416;0.00246352;0.00184324;0.00227232;0.00586378;0;1;0;0.710937;0;1;
60;0.0475701;-0.0468746;0.0475701;0.332879;-0.332451;0.333719;0.247199;-0.20693;0.246163;-0.238843;0.243368;-0.233955;0.00137388;0.00321983;0.00143815;0.00107635;0.00132652;0.00342399;0;1;0;0.453665;0;1;
61;0.0294461;-0.0290398;0.0294461;0.206059;-0.20581;0.206549;0.25395;-0.1999;0.253344;-0.243546;0.251712;-0.227936;0.000801792;0.00187998;0.000839323;0.000628218;0.000774155;0.00199912;0;0.885557;0;0.763267;0;1;
62;0.00526098;-0.0050235;0.00526096;0.0367926;-0.0366487;0.0370791;0.244705;-0.18591;0.244465;-0.230678;0.239167;-0.219769;0.000467677;0.00109799;0.000489619;0.0003667;0.000451575;0.00116716;0;0.966101;0;0.589763;0;1;
63;-0.0231118;0.0232507;-0.0231119;-0.161798;0.161879;-0.161631;0.22598;-0.157943;0.226174;-0.204909;0.217476;-0.20163;0.000272575;0.00064207;0.000285404;0.000214291;0.000263223;0.00068145;0;1;0;0.620483;0;1;
64;-0.0481409;0.048222;-0.048141;-0.336995;0.337036;-0.336895;0.218403;-0.128852;0.21859;-0.160532;0.188273;-0.183266;0.000158617;0.00319185;0.0001662;0.000126308;0.000153256;-0.0095749;0;1;0;0.669705;0;1;
65;-0.0653185;0.0653656;-0.0653186;-0.457235;0.457256;-0.457177;0.197816;-0.0576701;0.197925;-0.115643;0.179974;-0.136317;9.21713e-05;0.0211074;9.65795e-05;0.00685169;8.90519e-05;-0.00559139;0;1;0;0.758261;0;1;
66;-0.0756259;0.0756532;-0.075626;-0.529386;0.529396;-0.529351;0.166165;-0.00363659;0.166229;-0.0501656;0.155745;-0.0830543;5.33859e-05;0.0357516;5.59186e-05;0.0189016;5.15653e-05;0.00233085;0;1;0;0.684965;0;1;
67;-0.0812045;0.0812203;-0.0812046;-0.561366;0.567526;-0.568415;0.122595;0.0474234;0.122634;-0.0581381;0.116516;-0.00171351;3.0719e-05;0.0396646;0.00890676;-0.0157892;-0.0086733;0.0177797;0;1;0.320805;0.583148;0.364048;1;
68;-0.0835681;0.0835775;-0.0835681;-0.556728;0.573849;-0.584967;0.0629405;0.0504487;0.0629731;-0.0534507;0.104481;0.0076536;1.78012e-05;0.023167;0.017336;-0.0280862;0.0132207;0.0103838;0.12025;0.569302;1;1;0.390224;0.443079;
69;-0.0837049;0.083575;-0.0819802;-0.547148;0.561152;-0.583319;-0.0153412;0.0815603;-0.0153113;-0.0192016;0.0942865;0.0565688;0.000788587;0.0135291;0.0199983;-0.0496646;0.0535255;0.00606392;0.53486;0;1;1;0.472303;0;
70;-0.0804827;0.0804067;-0.0794752;-0.515295;0.553407;-0.561851;-0.0993443;0.138016;-0.0993169;0.0141184;0.0971125;0.123421;0.000461584;0.00790058;0.0116841;-0.0627534;0.104464;0.00354096;0.552352;0;1;1;0.5203;0;
71;-0.0740041;0.0739597;-0.0734155;-0.489949;0.529701;-0.517136;-0.166122;0.188706;-0.166097;0.0486561;0.109223;0.180183;0.000270324;0.00461345;0.00682685;-0.0541487;0.14681;0.00206752;0.592954;0;1;0.956476;0.492234;0;
72;-0.0644192;0.0643931;-0.0640752;-0.468102;0.508141;-0.450413;-0.209337;0.222526;-0.209315;0.0790198;0.127224;0.217549;0.00015837;0.00269371;0.00398922;-0.0399057;0.176976;0.00120696;0.593957;0;1;1;0.47686;0;
73;-0.0517422;0.0517269;-0.0515409;-0.44658;0.48682;-0.361891;-0.234372;0.242075;-0.20064;0.109122;0.145848;0.239169;9.27981e-05;0.0015725;0.00425916;-0.023309;0.209995;0.00070446;0.736898;0;1;0.769884;0.410799;0;
74;-0.0350164;0.0350073;-0.0348983;-0.414535;0.474382;-0.244938;-0.247189;0.251687;-0.195324;0.141085;0.171551;0.24999;5.43795e-05;0.000917697;0.0130931;-0.0120053;0.244845;0.000410958;0.860129;0;1;1;0.313406;0;
75;-0.012556;0.0125505;-0.0124866;-0.39998;0.444511;-0.087793;-0.235589;0.245195;-0.192884;0.146306;0.188642;0.251759;3.21512e-05;0.000535296;0.00764893;0.0591702;0.279181;0.000240239;0.997829;0;1;1;0.235693;0.575443;
76;0.0152628;-0.0152663;0.015304;-0.0865468;0.129687;0.106891;-0.198542;0.225942;-0.14705;0.19615;0.00925517;0.21179;0.00434576;0.000312001;0.0271028;0.0345624;0.222324;0.000140286;0.80214;0;1;0;1;0;
77;0.0419736;-0.0419758;0.041998;0.180855;-0.155668;0.29384;-0.184774;0.197684;-0.168035;0.265427;-0.0849346;0.20741;0.00253865;0.000181611;0.0158303;0.0201841;0.129841;8.17689e-05;0.677037;0;1;0.62433;0.864976;0;
78;0.0613623;-0.0613635;0.0613768;0.363559;-0.348845;0.42955;-0.154888;0.190506;-0.120977;0.230076;-0.117961;0.196186;0.00148335;0.000105511;0.00924697;0.0117874;0.0758283;4.74927e-05;0.733449;0;1;0.445257;0.717904;0;
79;0.0733423;-0.0733429;0.0733508;0.474863;-0.466266;0.513404;-0.0824637;0.167712;-0.0914327;0.190823;-0.0161992;0.171029;0.0144769;6.11223e-05;0.00540188;0.00688368;0.0442876;2.73011e-05;1;0;1;0.323383;1;0;
80;0.0800362;-0.0800367;0.0800414;0.537752;-0.53273;0.56026;-0.00606792;0.131156;-0.0383993;0.144654;0.0625857;0.133094;0.0287144;3.52536e-05;0.00315648;0.00700607;0.0551827;1.53926e-05;1;0;1;0.207975;1;0;
81;0.0831851;-0.0831851;0.083188;0.569154;-0.564192;0.584282;0.0594147;0.0784504;0.0565673;0.086334;0.0639234;0.0795864;0.0254144;0.0119912;0.0352461;0.0040932;0.0327591;0.0200383;1;0.664503;1;0.338019;0.819364;0.877055;
82;0.0836605;-0.0821347;0.0836622;0.57795;-0.575051;0.586819;0.0744057;0.00612193;0.072743;0.010714;0.0770388;0.00678307;0.0148417;0.0283152;0.0205834;0.00363996;0.019131;0.0246534;0;0.976457;0;0.618418;0;1;
83;0.0814344;-0.0805431;0.0814354;0.56556;-0.563867;0.570739;0.125107;-0.0780655;0.124136;-0.0753946;0.126645;-0.0776822;0.00866711;0.0253363;0.0120203;0.00541458;0.011172;0.0217349;0;1;0;0.454813;0;1;
84;0.0759682;-0.0754475;0.0759688;0.529161;-0.528172;0.532186;0.178188;-0.150705;0.177621;-0.149154;0.179086;-0.150484;0.00506112;0.0148001;0.00701937;0.00316365;0.00652401;0.0126963;0;1;0;0.435606;0;1;
85;0.0672685;-0.0669643;0.0672688;0.469352;-0.468775;0.471119;0.215904;-0.199845;0.215573;-0.198947;0.216429;-0.199719;0.00295519;0.00864448;0.00409881;0.00184838;0.00380953;0.00741568;0;1;0;0.498939;0;1;
86;0.0555266;-0.0553488;0.0555268;0.387795;-0.387458;0.388826;0.23847;-0.20916;0.238277;-0.228565;0.238776;-0.229013;0.00172531;0.00504795;0.00239319;0.00107962;0.00222424;0.00433068;0;1;0;0.512063;0;1;
87;0.0400931;-0.0399891;0.0400932;0.280132;-0.279935;0.280735;0.250206;-0.205755;0.250093;-0.24442;0.250385;-0.230299;0.00100702;0.0029475;0.00139707;0.000630376;0.00129841;0.00252864;0;1;0;0.537132;0;1;
88;0.0193669;-0.019306;0.019367;0.135268;-0.135154;0.135619;0.249526;-0.194612;0.249719;-0.238097;0.251436;-0.22582;0.000587546;0.00172103;0.000815338;0.000367848;0.000757738;0.00147638;0;1;0;0.558183;0;1;
89;-0.00734479;0.0073807;-0.0073448;-0.0515868;0.0516483;-0.0513783;0.237051;-0.174898;0.235824;-0.222998;0.228501;-0.210383;0.000342513;0.00100551;0.000475662;0.000214975;0.000442021;0.000862052;0;0.99229;0;0.628416;0;1;
90;-0.0352145;0.0352356;-0.0352145;-0.246604;0.246628;-0.24648;0.204246;-0.147485;0.205299;-0.186715;0.207849;-0.199781;0.000199512;0.000588095;0.000277326;0.000126473;0.000257651;-0.00709407;0;1;0;0.673275;0;1;
91;-0.0568403;0.0568527;-0.0568404;-0.397943;0.397951;-0.397871;0.167731;-0.0975481;0.167493;-0.141359;0.173297;-0.156348;0.000116038;0.0309002;-0.00053917;0.00270376;0.000149985;-0.00414239;0;1;0;0.719378;0;1;
92;-0.0706644;0.0706716;-0.0706645;-0.494687;0.49469;-0.494646;0.148803;-0.0387879;0.151616;-0.0819414;0.163139;-0.114776;6.74204e-05;0.0354667;-0.000315292;0.0117635;8.71912e-05;-0.00241787;0;1;0;0.781074;0;1;
93;-0.0786064;0.0786102;-0.0786066;-0.55026;0.544582;-0.550243;0.127154;0.0314321;0.128798;-0.0426187;0.133476;-0.060802;3.8928e-05;0.0475145;-0.000184558;-0.018728;-0.0314092;0.00748722;0;1;0;0.875778;0.383011;1;
94;-0.0826057;0.0826079;-0.0826059;-0.571637;0.57085;-0.578239;0.0857756;0.0456047;0.0867405;-0.0751047;0.0894756;-0.00226539;2.26744e-05;0.0277545;0.00855206;-0.0283865;-0.0183434;0.00437407;0;0.771195;0.874073;1;0.398369;0.942858;
95;-0.0837823;0.0837835;-0.0837822;-0.552526;0.552969;-0.586475;0.0226371;0.0540893;0.023211;-0.0334478;0.0882637;0.0261335;0.00474111;0.0162085;0.0232234;-0.044681;0.0287577;0.00255449;0.547747;0;1;1;0.459949;0.404996;
96;-0.0823495;0.0823501;-0.0823492;-0.527354;0.547564;-0.576446;-0.0581022;0.10291;-0.0577557;-0.00536836;0.0864316;0.0865841;0.00276993;0.00946539;0.0195604;-0.0624832;0.0728658;0.00149147;0.517042;0;1;1;0.495786;0;
97;-0.15211;0.152111;-0.15211;-0.203988;0.215784;-0.232663;0.0669103;-0.0407334;0.0671213;-0.103964;0.151319;-0.0502679;0.00161744;0.0314675;0.0236449;-0.0364884;0.0425568;0.0318047;0;1;0.158686;0.720882;0;1;
98;-0.174668;0.174669;-0.174668;-0.0332957;0.0401835;-0.0500424;0.15002;-0.134721;0.150143;-0.171658;0.199316;-0.140295;0.000944288;0.0183817;0.0138084;-0.0213076;0.0248519;0.0185796;0;1;0;0.810359;0;1;
