1;-0.000363588;0.000116064;9.94837e-05;-0.000363588;0.000116064;9.94837e-05;0.0349769;0.0347456;0.0352595;0.034977;0.0347457;0.0352595;0.808667;0.808665;0.808666;0.808667;0.808665;0.808666;0;0;0;0;0;0;
2;-0.019685;-0.0269647;-0.0206147;-0.0457943;-0.0663745;0.0338531;0.269231;0.132411;-0.00443941;0.157788;0.0779883;0.0523975;0.472621;0.472401;0.472429;0.472482;0.472337;0.472322;1;1;1;1;1;0.776608;
3;-0.0249071;-0.0160664;-0.0119169;-0.0331011;-0.0429948;0.0206193;0.157121;0.0773995;0.0581539;0.0978357;0.067804;0.062143;0.276037;0.275897;0.275908;0.275949;0.275867;0.275854;0.907272;0.132725;0.811169;0;0.66181;0.76691;
4;-0.0139118;-0.0397653;-0.0177364;-0.0199652;-0.024474;0.0114066;0.091741;0.0452285;0.036885;0.0571608;0.0505832;0.0502367;0.161212;0.161126;0.161135;0.161155;0.161113;0.161105;1;0.188881;0.566228;0;0.757264;0.97554;
5;-0.00724854;-0.0365668;-0.0094824;-0.0125357;-0.0134165;0.00578526;0.0533247;0.0478276;0.0375041;0.0343754;0.0349202;0.029949;0.0941483;0.0941;0.0941056;0.0941159;0.0940938;0.0940883;0.497863;0.774;0.728054;0.443189;0.673246;0.80366;
6;-0.00312589;-0.0224628;-0.00443067;-0.00842823;-0.00672795;0.00227093;0.0304883;0.0337027;0.0309091;0.0288515;0.0320605;0.0309104;0.0549856;0.0549579;0.0549605;0.0549662;0.0549537;0.0549496;0.791271;0.626788;0.875286;0.503747;0.57101;1;
7;-0.00058236;-0.0143617;-0.00134443;-0.00616539;-0.00268595;8.2789e-05;0.028473;0.0317893;0.0285993;0.0304915;0.0315108;0.0307828;0.0321144;0.0320981;0.0320999;0.0321024;0.0320958;0.032093;0.776214;0.601709;0.903549;0.623098;0.886593;1;
8;0.000793389;-0.00952087;0.000348312;-0.00473421;-0.000435116;-0.00108537;0.0248229;0.0300479;0.0283691;0.0309739;0.0304897;0.0340011;0.0187577;0.0187477;0.0187494;0.0187499;0.0187469;0.0187446;0.782756;0.733872;1;0.63084;0.560046;0.865215;
9;0.000919149;-0.00609863;0.000525283;-0.0033032;0.000284252;-0.00188236;0.0234861;0.029631;0.0262923;0.0322739;0.02994;0.0350357;0.0109573;0.0109507;0.0109528;0.010952;0.0109514;0.0109491;0.804884;0.660045;1;0.489947;0.69927;0.842996;
10;-0.000358548;-0.00266636;-0.00058861;-0.00103382;-0.000729354;-0.000204076;0.0210153;0.029097;0.0241227;0.0338128;0.0295999;0.0368742;0.00640204;0.00639689;0.00639964;0.00639787;0.00639912;0.00639647;0.825506;0.510684;0.982359;0.457447;0.732356;0.822913;
11;-0.00385545;0.00208884;-0.00398982;0.00304227;-0.00407201;0.00352683;0.0188396;0.029448;0.0223457;0.0356179;0.0290737;0.0395829;0.00374187;0.00373714;0.0069611;0.00373814;0.00747527;0.00373759;0.852719;0.476345;1;0.443517;0.765272;0.803316;
12;-0.0105513;0.0095196;-0.0106298;0.0100764;-0.0106778;0.0103594;0.0169351;0.0295577;0.0203077;0.0375627;0.0286745;0.0412528;0.00425531;0.0021836;0.00647256;0.00218476;0.00857155;0.0021847;0.87287;0.447059;1;0.395768;0.793734;0.778774;
13;-0.02162;0.0210174;-0.0216659;0.0213426;-0.0216939;0.0215079;0.0168219;0.029684;0.0189971;0.0385684;0.0284533;0.0411725;0.00448329;0.00127625;0.00632108;0.00127757;0.00881357;0.0012778;0.880559;0.439153;1;0.544776;0.805086;0.771415;
14;-0.0381225;0.0377705;-0.0381493;0.0379605;-0.0381656;0.038057;0.0190392;0.0298047;0.0212073;0.0366171;0.0287205;0.0388657;0.00544357;0.000746711;0.0046542;0.000747927;0.00716926;0.000748314;0.851763;0.476071;1;0.631375;0.766154;0.795661;
15;-0.0603449;0.0601393;-0.0603605;0.0602503;-0.06037;0.0603066;0.0245225;0.0280205;0.0278247;0.0274911;0.028292;0.0313113;0.00318153;0.00234492;0.00508474;0.00226336;0.00418961;0.00277377;0.762618;0.597081;0.924343;0.656261;0.6413;0.890661;
16;-0.0867577;0.0866376;-0.0867668;0.0867025;-0.0867724;0.0867354;0.042877;0.0281313;0.0468872;0.0122509;0.0332194;0.0184768;0.00185929;0.014238;0.00297139;0.00850451;0.00244718;0.0089489;0.559414;0.870878;0.766349;0.697489;0.347613;1;
17;-0.113132;0.113062;-0.113137;0.1131;-0.113141;0.113119;0.0579171;0.0168605;0.0602605;-0.0257179;0.052277;-0.0220789;0.00108556;0.0231003;0.00173573;0.00773681;0.00142878;0.0103154;0.135159;1;0.497537;0.637952;0;1;
18;-0.132809;0.132768;-0.132812;0.13279;-0.132814;0.132801;0.0953883;-0.0517032;0.0967568;-0.0765807;0.0920945;-0.0744503;0.00063358;0.03212;0.00101328;0.00452054;0.000834039;0.0122254;0;1;0;0.711744;0;1;
19;-0.138316;0.138293;-0.138318;0.138305;-0.138319;0.138312;0.14349;-0.117965;0.144289;-0.132504;0.141566;-0.131255;0.000369619;0.0187629;0.000591363;0.0026415;0.000486661;0.00714246;0;1;0;0.571934;0;1;
20;-0.123569;0.123556;-0.12357;0.123563;-0.123571;0.123567;0.185922;-0.171005;0.186388;-0.179504;0.184798;-0.178771;0.000215422;0.0109598;0.000344923;0.0015435;0.000283755;0.00417261;0;0.987604;0;0.530798;0;1;
21;-0.0843868;0.084379;-0.0843874;0.084383;-0.0843878;0.0843853;0.214899;-0.193733;0.215172;-0.211149;0.214243;-0.210719;0.000125355;0.00640105;0.000200985;0.000901714;0.000165218;0.00243715;0;1;0;0.5483;0;1;
22;-0.0173055;0.0173013;-0.0173058;0.0173033;-0.0173062;0.0173047;0.230519;-0.184363;0.230679;-0.228327;0.230136;-0.217394;7.26888e-05;0.00373872;0.000116858;0.000526563;9.59802e-05;0.00142312;0;1;0;0.59243;0;0.9716;
23;0.0725452;-0.0725471;0.072545;-0.0725464;0.0725447;-0.0725456;0.228817;-0.163464;0.228832;-0.209315;0.228565;-0.207719;4.19319e-05;0.00218427;6.77134e-05;0.00030743;5.55287e-05;0.000831164;0;0.986426;0;0.635009;0;1;
24;0.159619;-0.159619;0.159619;-0.159619;0.159618;-0.159619;0.189096;-0.129983;0.188747;-0.170997;0.194394;-0.177399;2.40631e-05;0.00911749;3.90948e-05;0.00018022;3.18502e-05;0.000485937;0;1;0;0.702946;0;1;
25;0.22249;-0.222491;0.22249;-0.222491;0.22249;-0.22249;0.151848;-0.0744413;0.151204;-0.124005;0.18289;-0.144296;1.35309e-05;0.0190201;2.22902e-05;0.0034202;1.81233e-05;0.000284761;0;1;0;1;0;1;
26;0.261128;-0.261128;0.261127;-0.261128;0.261127;-0.261128;0.143014;-0.00470315;0.142002;-0.0615763;0.161142;-0.101165;7.49751e-06;0.0313243;1.2622e-05;0.0150649;1.00912e-05;0.00538776;0;1;0;1;0;0.686642;
27;0.282492;-0.282494;0.282492;-0.282493;0.282492;-0.282493;0.113983;0.032836;0.11339;0.018892;0.124568;-0.0235462;0.00343008;0.0430339;7.00704e-06;0.0330666;5.389e-06;0.0155196;0.524872;1;0;1;0;0.972254;
28;0.292154;-0.292155;0.292154;-0.292155;0.292154;-0.292155;0.0646487;0.0561085;0.0643017;0.0631797;0.0708278;0.0655197;0.0107748;0.0251367;0.0199907;0.0193152;0.0159121;0.0360029;1;0.780812;0.679171;0.825242;0.551828;1;
29;0.29273;-0.293284;0.29273;-0.292751;0.294978;-0.29273;-0.00652428;0.0770476;-0.00671679;0.0811775;-0.00290207;0.0825446;0.00636601;0.0146793;0.021586;0.0112797;0.0273199;0.0210256;0.692793;0;1;0;1;0;
30;0.283765;-0.284089;0.283765;-0.283778;0.285078;-0.283765;-0.0888802;0.130067;-0.088983;0.132479;-0.0867513;0.133277;0.00371926;0.00857224;0.0176281;0.00658692;0.0342148;0.0122784;0.819766;0;1;0;1;0;
31;0.263375;-0.263565;0.263376;-0.263383;0.264142;-0.263376;-0.158263;0.182317;-0.158316;0.183725;-0.157009;0.184192;0.00217303;0.00500572;0.0102975;0.00384631;0.0199851;0.00717015;0.916343;0;1;0;0.987368;0;
32;0.23181;-0.23192;0.23181;-0.231814;0.232258;-0.23181;-0.204485;0.218533;-0.204511;0.219356;-0.203744;0.219628;0.00126947;0.00292283;0.00601456;0.00224576;0.0116724;0.00418686;0.781523;0;1;0;1;0;
33;0.18955;-0.189614;0.18955;-0.189552;0.189811;-0.18955;-0.231717;0.239922;-0.231728;0.240403;-0.205554;0.240562;0.000741646;0.00170639;0.0035123;0.00131102;0.00681639;0.0024446;1;0;1;0;1;0;
34;0.133932;-0.133969;0.133932;-0.133933;0.134085;-0.133932;-0.246043;0.250836;-0.229773;0.251116;-0.201151;0.251209;0.000432797;0.000995973;0.00205071;0.000765089;0.00398056;0.00142709;0.886791;0;1;0;1;0;
35;0.0591839;-0.0592059;0.059184;-0.0591847;0.0592735;-0.0591839;-0.239556;0.249875;-0.224079;0.249049;-0.191053;0.249523;0.000252278;0.000581087;0.0011973;0.000446267;0.00232463;0.000832865;1;0;1;0;1;0;
36;-0.0359181;0.0359054;-0.035918;0.0359177;-0.0358654;0.0359181;-0.219698;0.225323;-0.211786;0.235706;-0.169807;0.235816;0.000147139;0.000338796;0.000699177;0.000260072;0.00135833;0.00048584;0.895312;0;1;0;1;0;
37;-0.132207;0.1322;-0.132207;0.132207;-0.132177;0.132208;-0.184655;0.201745;-0.191259;0.198614;-0.145201;0.199905;8.62917e-05;0.000197309;0.000408696;0.00015147;0.00118809;0.000283319;1;0;0.880471;0;1;0;
38;-0.20502;0.205016;-0.20502;0.20502;-0.205002;0.20502;-0.13437;0.166097;-0.154906;0.174412;-0.0838985;0.17276;5.16376e-05;0.000114735;0.00023952;8.79084e-05;0.0233411;0.000164865;1;0;1;0;1;0;
39;-0.250955;0.250952;-0.250954;0.250954;-0.250945;0.250954;-0.0884344;0.156951;-0.113891;0.161807;-0.0297451;0.160842;0.0099709;6.65259e-05;0.00507014;5.09309e-05;0.0234703;9.58879e-05;1;0;1;0;1;0;
40;-0.277083;0.277081;-0.277083;0.277083;-0.277078;0.277083;-0.00740002;0.129383;-0.0542976;0.132221;0.0384199;0.131656;0.0314092;3.83993e-05;0.00296266;0.00936284;0.0516125;5.55902e-05;1;0;1;0.22724;1;0;
41;-0.289951;0.28995;-0.289951;0.289951;-0.289949;0.289951;0.0459938;0.0836118;0.0516898;0.0852744;0.0611336;0.0849408;0.030211;2.20799e-05;0.0238633;0.0118175;0.0301484;0.0134458;1;0.0786446;1;0.492483;1;0.76238;
42;-0.293161;0.29316;-0.293161;0.293161;-0.29316;0.293161;0.0616133;0.0192528;0.0740253;0.0178724;0.0684476;0.0176852;0.0176436;0.0291823;0.0139371;0.006904;0.0176064;0.0214211;0.0581982;1;0.513287;0.450937;0;1;
43;-0.287142;0.287142;-0.287142;0.287142;-0.287141;0.287142;0.111279;-0.0640377;0.118527;-0.0648584;0.11527;-0.064957;0.0103034;0.0338466;0.00813875;0.00403349;0.0102817;0.0208224;0;1;0;0.396628;0;1;
44;-0.270064;0.270064;-0.270064;0.270064;-0.270064;0.270064;0.167581;-0.13998;0.171814;-0.140471;0.169912;-0.140521;0.00601676;0.0197709;0.0047526;0.00235669;0.00600404;0.0121636;0;1;0;0.43823;0;1;
45;-0.241493;0.241493;-0.241493;0.241492;-0.241492;0.241493;0.209202;-0.193073;0.211674;-0.193368;0.210563;-0.193392;0.00351331;0.0115478;0.00277504;0.00137687;0.00350586;0.00710482;0;0.966992;0;0.467001;0;1;
46;-0.202303;0.202303;-0.202303;0.202303;-0.202303;0.202303;0.234655;-0.209779;0.236099;-0.225407;0.23545;-0.225417;0.00205128;0.00674376;0.00162013;0.000804139;0.00204688;0.00414922;0;1;0;0.494764;0;1;
47;-0.150865;0.150865;-0.150865;0.150864;-0.150865;0.150865;0.248321;-0.203678;0.249164;-0.242919;0.248785;-0.229413;0.00119739;0.00393819;0.000945602;0.000469366;0.00119483;0.00242264;0;1;0;0.529207;0;1;
48;-0.0819839;0.0819844;-0.0819839;0.0819838;-0.0819839;0.081984;0.251185;-0.19587;0.252092;-0.242258;0.251549;-0.226081;0.000698749;0.00229971;0.000551673;0.000273649;0.000697229;0.00141449;0;1;0;0.547217;0;1;
49;0.00835587;-0.00835511;0.00835585;-0.00835589;0.00835578;-0.00835577;0.240042;-0.177291;0.240134;-0.226684;0.232976;-0.215508;0.000407506;0.00134351;0.000321643;0.000159558;0.000406615;0.000825894;0;1;0;0.614665;0;1;
50;0.107335;-0.107334;0.107335;-0.107335;0.107334;-0.107334;0.211556;-0.148224;0.21301;-0.199387;0.210495;-0.201758;0.00023746;0.000785567;0.000187301;9.33409e-05;0.000236921;0.000482546;0;1;0;0.517857;0;1;
51;0.187852;-0.187852;0.187852;-0.187852;0.187852;-0.187852;0.174453;-0.105857;0.175332;-0.151843;0.174052;-0.166546;0.000138202;0.0140217;0.000108899;0.00174787;0.000137798;0.000282566;0;1;0;0.750017;0;1;
52;0.240617;-0.240617;0.240616;-0.240617;0.240617;-0.240616;0.154233;-0.0474257;0.151788;-0.0931705;0.134149;-0.12449;8.0354e-05;0.0303062;6.32553e-05;0.00710622;8.00243e-05;0.00324658;0;1;0;0.792833;0;1;
53;0.27144;-0.271441;0.27144;-0.27144;0.27144;-0.27144;0.134493;0.0255077;0.133065;-0.0323078;0.122764;-0.0768591;4.64768e-05;0.0447437;3.64868e-05;0.0181064;4.62751e-05;0.00341542;0;1;0;0.871034;0;0.907187;
54;0.287466;-0.287468;0.287466;-0.287467;0.287467;-0.287467;0.0957428;0.053818;0.0949038;0.0351916;0.088888;0.0229115;0.00878243;0.032854;2.09392e-05;0.0471633;2.65935e-05;0.0204667;0.937932;1;0;0.785572;0;1;
55;0.293158;-0.293159;0.293158;-0.293159;0.293158;-0.293158;0.0359548;0.0662108;0.0354706;0.0677482;0.0365767;0.0783618;0.00792876;0.0191874;0.0253415;0.0275438;0.0374785;0.0119547;0.752198;0.0842437;1;0.159712;1;0.797253;
56;0.289813;-0.289813;0.289813;-0.289813;0.289813;-0.289813;-0.0431445;0.10281;-0.0434162;0.103708;-0.0427663;0.109906;0.00463199;0.0112049;0.0185921;0.016085;0.0305748;0.00698104;0.567302;0;1;0;1;0;
57;0.275955;-0.275955;0.275955;-0.275955;0.275955;-0.275955;-0.12254;0.157386;-0.122691;0.15791;-0.122308;0.16153;0.00270635;0.00654322;0.0109203;0.0093932;0.0178608;0.0040765;0.64792;0;1;0;1;0;
58;0.250436;-0.250436;0.250436;-0.250436;0.250436;-0.250436;-0.181648;0.201999;-0.18173;0.202305;-0.181503;0.204419;0.00158122;0.00382075;0.00637915;0.00548514;0.0104328;0.00238021;0.689549;0;1;0;1;0;
59;0.214179;-0.214179;0.214179;-0.214179;0.214179;-0.214179;-0.218589;0.230475;-0.218632;0.230654;-0.212917;0.231888;0.000923589;0.00223079;0.00372567;0.00320281;0.00609291;0.00138955;0.729474;0;1;0;1;0;
60;0.166496;-0.166496;0.166496;-0.166496;0.166496;-0.166496;-0.239405;0.246347;-0.230999;0.246451;-0.205309;0.247172;0.000539166;0.00130224;0.0021753;0.00186988;0.00355796;0.00081096;0.787721;0;1;0;1;0;
61;0.103062;-0.103062;0.103062;-0.103062;0.103062;-0.103062;-0.246445;0.253452;-0.226622;0.253513;-0.19748;0.253934;0.000314426;0.000759951;0.00126998;0.00109146;0.00207766;0.000473045;0.808743;0;1;0;1;0;
62;0.018414;-0.0184141;0.0184141;-0.018414;0.0184147;-0.018414;-0.232149;0.238047;-0.219009;0.244649;-0.183343;0.243943;0.000183284;0.000443245;0.000741462;0.000636862;0.00121362;0.000275709;0.89574;0;0.954623;0;1;0;
63;-0.0808905;0.0808905;-0.0808904;0.0808905;-0.0808896;0.0808905;-0.205264;0.217071;-0.20299;0.225989;-0.156895;0.226536;0.000107006;0.00025832;0.000433129;0.000371391;0.00190477;0.000160469;0.970213;0;1;0;1;0;
64;-0.168493;0.168493;-0.168493;0.168489;-0.168491;0.168493;-0.175657;0.183041;-0.170585;0.233948;-0.160791;0.218801;6.32944e-05;0.000150335;0.000253615;0.0117132;0.00111356;9.32778e-05;0.92689;0;1;0.381136;1;0;
65;-0.228615;0.228614;-0.228615;0.228608;-0.228612;0.228616;-0.143405;0.143491;-0.113159;0.207785;-0.124384;0.198049;3.76684e-05;8.72677e-05;-0.00390049;0.00684237;0.000651455;5.40823e-05;0.799897;0;1;0.612045;1;0;
66;-0.264691;0.26469;-0.264691;0.264683;-0.264688;0.264692;-0.0815118;0.13444;-0.0586164;0.171994;-0.0608188;0.166301;2.27484e-05;5.05501e-05;0.0211254;0.0039983;0.00667216;3.11643e-05;0.781477;0;1;0.598928;0.88567;0;
67;-0.284215;0.284216;-0.284217;0.284207;-0.284213;0.284217;-0.0132773;0.104068;-0.0257132;0.126008;-0.0113613;0.122674;0.00713937;2.92264e-05;-0.0210136;0.00644127;0.00389893;1.76322e-05;1;0;1;0.574423;1;0;
68;-0.292487;0.292489;-0.292489;0.263144;-0.292487;0.292489;0.0414455;0.0521207;0.00725306;0.0649418;0.0559;0.0629868;0.00417106;1.69537e-05;-0.0138457;-0.000373022;0.00227859;9.91401e-06;0.64018;0;1;0.998952;0.600298;0.18778;
69;-0.288684;0.296369;-0.285595;0.274549;-0.292994;0.294362;0.076303;-0.0216454;0.0563363;-0.0141702;0.084744;-0.0153038;0.00243575;0.0281881;-0.00808608;0.00370146;0.00133032;0.0193673;0;1;0;0.345267;0;1;
70;-0.279188;0.283677;-0.277384;0.270933;-0.281705;0.282504;0.134946;-0.103011;0.123285;-0.0986594;0.139875;-0.0993119;0.00142208;0.0383459;-0.00472263;0.00216311;0.00077652;0.0159746;0;1;0;0.413303;0;1;
71;-0.257553;0.260175;-0.2565;0.252733;-0.259023;0.25949;0.186913;-0.168252;0.180104;-0.165721;0.189792;-0.166095;0.000830067;0.0223977;-0.00275841;0.00126423;0.000453062;0.00933132;0;1;0;0.441148;0;1;
72;-0.224614;0.226146;-0.223999;0.221799;-0.225472;0.225745;0.22148;-0.208673;0.217503;-0.209103;0.223161;-0.209316;0.000484287;0.0130815;-0.00161137;0.000738697;0.000264119;0.0054499;0;1;0;0.455197;0;1;
73;-0.180599;0.181494;-0.18024;0.178955;-0.181101;0.18126;0.241464;-0.204449;0.239142;-0.234235;0.242446;-0.233044;0.000282307;0.00763968;-0.000941538;0.000431371;0.000153736;0.00318223;0;1;0;0.695902;0;1;
74;-0.122266;0.12279;-0.122056;0.121306;-0.122559;0.122652;0.251331;-0.198777;0.249974;-0.247108;0.251904;-0.227989;0.000164335;0.00446156;-0.000550387;0.000251633;8.92436e-05;0.00185777;0;1;0;0.546302;0;1;
75;-0.0437754;0.0440827;-0.0436529;0.0432149;-0.0439474;0.0440009;0.247596;-0.186449;0.247671;-0.237076;0.2464;-0.222324;9.54326e-05;0.00260597;-0.00032198;0.000146556;5.15726e-05;0.00108452;0;0.953952;0;0.569703;0;1;
76;0.0535202;-0.053339;0.0535917;-0.0538474;0.0534188;-0.0533884;0.232407;-0.16255;0.232347;-0.214943;0.221102;-0.208191;5.51817e-05;0.00190907;-0.000188595;8.54624e-05;2.95828e-05;0.000633196;0;1;0;0.789025;0;1;
77;0.146966;-0.146859;0.147008;-0.147157;0.146906;-0.146889;0.207089;-0.137254;0.207147;-0.177824;0.19591;-0.185153;3.1878e-05;0.00601894;-0.000110508;5.03492e-05;-0.000838136;0.000370104;0;1;0;0.743673;0;1;
78;0.214802;-0.21474;0.214827;-0.214914;0.214767;-0.214757;0.195999;-0.0834802;0.196032;-0.125294;0.189157;-0.159268;1.79994e-05;0.0134269;-6.52027e-05;0.00143036;-0.000489936;-0.013042;0;1;0;0.79127;0;0.932872;
79;0.256718;-0.256683;0.256732;-0.256783;0.256698;-0.256692;0.17092;-0.0273924;0.170939;-0.0657274;0.166924;-0.110927;1.00431e-05;0.0261872;-3.85546e-05;0.0114989;-0.000286613;-0.00761747;0;1;0;0.619169;0.174844;0.842364;
80;0.28014;-0.28012;0.280148;-0.280178;0.280128;-0.280124;0.13303;0.0331455;0.133041;0.0035049;0.130697;-0.0448095;5.47185e-06;0.0397583;-2.29923e-05;0.0254621;-0.000167683;-0.0044479;0.184211;1;0;0.71929;0.304127;0.644772;
81;0.291155;-0.291144;0.29116;-0.291177;0.291148;-0.291146;0.0795483;0.0654542;0.0795511;0.0520897;0.0781817;0.0547338;0.00809412;0.0232242;0.0153647;0.0226039;0.00537539;0.023281;0.700211;0.939989;0.827586;0.708495;0.223295;0.80814;
82;0.292816;-0.29281;0.292819;-0.292829;0.292812;-0.292811;0.00675137;0.0779325;0.00676047;0.0701284;0.00596395;0.0716741;0.00485413;0.0135625;0.0193134;0.0132007;0.0300674;0.0135971;0.673375;0;1;0;1;0.604603;
83;0.285023;-0.285019;0.285025;-0.285031;0.285021;-0.28502;-0.0777106;0.127167;-0.0776948;0.122609;-0.0781561;0.123512;0.00283604;0.00792006;0.0205686;0.00770878;0.0362746;0.00794022;0.616255;0;1;0;1;0;
84;0.26589;-0.265888;0.265891;-0.265895;0.265889;-0.265889;-0.150508;0.179391;-0.150491;0.176729;-0.150757;0.177256;0.00165711;0.00462486;0.0120148;0.00450148;0.0211886;0.00463664;0.66611;0;1;0;1;0;
85;0.235441;-0.23544;0.235442;-0.235443;0.235441;-0.23544;-0.199738;0.216607;-0.199723;0.215053;-0.199875;0.21536;0.00096805;0.00270043;0.00701749;0.00262837;0.0123758;0.0027073;0.710881;0;1;0;1;0;
86;0.194344;-0.194343;0.194344;-0.194345;0.194344;-0.194343;-0.229028;0.23888;-0.229015;0.237972;-0.205741;0.238152;0.000565154;0.00157652;0.0040979;0.00153446;0.00722742;0.00158056;0.754909;0;1;0;1;0;
87;0.140326;-0.140326;0.140327;-0.140327;0.140327;-0.140326;-0.244691;0.250445;-0.2299;0.249915;-0.202274;0.25002;0.000329621;0.000920143;0.00239252;0.000895569;0.00422082;0.000922483;0.791891;0;1;0;1;0;
88;0.0677848;-0.067785;0.0677851;-0.0677854;0.0677857;-0.0677847;-0.240722;0.251397;-0.225715;0.250465;-0.191324;0.250616;0.000191893;0.000536813;0.00139675;0.000522467;0.00246505;0.000538171;0.840789;0;1;0;1;0;
89;-0.0257065;0.025706;-0.0257063;0.0257061;-0.025705;0.0257065;-0.222836;0.227531;-0.212976;0.237289;-0.170797;0.237429;0.000111754;0.000312944;0.000815475;0.000304565;0.0014405;0.00031373;0.936041;0;1;0;1;0;
90;-0.123251;0.123251;-0.123251;0.123251;-0.12325;0.123252;-0.190846;0.205405;-0.195874;0.203552;-0.147548;0.205405;6.54614e-05;0.000182199;0.000476444;0.000177361;0.00169254;0.000182695;1;0;1;0;0.947351;0;
91;-0.198942;0.198942;-0.198942;0.198942;-0.198942;0.198942;-0.141253;0.189864;-0.174208;0.165646;-0.100522;0.18058;3.95858e-05;0.000106033;-0.00988345;0.000103036;0.0107478;0.000106326;1;0;0.85223;0;1;0;
92;-0.247327;0.247327;-0.247327;0.247327;-0.247328;0.247327;-0.0727007;0.172814;-0.137231;0.141791;-0.048639;0.167392;0.0175995;6.14245e-05;-0.00577257;5.98691e-05;0.0342439;6.14879e-05;1;0;0.795464;0;1;0;
93;-0.275124;0.275124;-0.275123;0.275123;-0.275125;0.275124;-0.00763119;0.141177;-0.0932287;0.123061;0.00462043;0.13801;0.0250741;3.54309e-05;-0.00337113;0.0053746;0.0419795;3.54502e-05;1;0;0.747858;0.348769;1;0;
94;-0.289121;0.289121;-0.289121;0.287137;-0.289122;0.289121;0.0131837;0.0939642;-0.0659569;0.0833932;0.0243608;0.0921151;0.0146474;2.0295e-05;-0.00196723;0.00577492;0.0245193;2.0462e-05;0.918022;0;0.931102;0.595081;0.74845;0;
95;-0.293238;0.293239;-0.293239;0.288467;-0.293239;0.293239;0.0351582;0.0274187;-0.0110525;0.0212556;0.0416856;0.0263378;0.00855536;0.0151942;0.0048395;0.0189369;0.0143202;0.00374747;0.31939;0.316288;1;0.770637;0.374854;0.568103;
96;-0.288223;0.288223;-0.288224;0.285437;-0.288224;0.288224;0.0918544;-0.0552944;0.0648687;-0.0589072;0.0956663;-0.0559299;0.00499589;0.0253674;0.00282642;0.011061;0.00836263;0.0154537;0;1;0;0.35992;0;1;
97;-0.27234;0.27234;-0.272341;0.270713;-0.272341;0.27234;0.15449;-0.133126;0.13873;-0.135247;0.156716;-0.133501;0.0029172;0.0183075;0.00165028;0.00646067;0.00488336;0.00931779;0;1;0;0.43877;0;1;
98;-0.244882;0.244882;-0.244882;0.243932;-0.244882;0.244882;0.201166;-0.18868;0.191963;-0.189928;0.202466;-0.188902;0.00170318;0.0106937;0.000963343;0.00377349;0.00285141;0.00544279;0;1;0;0.466126;0;1;
