1;-0.000363587;0.000116064;9.94836e-05;-0.000363587;0.000116064;9.94836e-05;0.0349768;0.0347455;0.0352594;0.0349769;0.0347456;0.0352595;0.808667;0.808665;0.808666;0.808667;0.808665;0.808666;0;0;0;0;0;0;
2;-0.0179875;-0.0179063;0.0223817;-0.00140777;-0.00606206;-0.00358609;-0.0898416;0.0245189;0.253752;-0.00942164;0.10257;0.179698;0.472496;0.472347;0.472515;0.472472;0.472347;0.472387;1;1;1;1;1;1;
3;0.0487949;0.040049;-0.0119428;0.0182696;0.0199534;0.0168226;0.0198653;0.0721884;0.148278;0.0383648;0.0803546;0.115049;0.275955;0.275869;0.275991;0.275939;0.275876;0.2759;1;1;0;1;1;1;
4;0.029135;0.0227558;-0.00730209;0.0100365;0.0122874;0.00918959;0.0598261;0.0781673;0.0865787;0.0524884;0.0672536;0.0690591;0.161165;0.161121;0.161193;0.161155;0.161124;0.16114;1;1;0;1;1;1;
5;0.0178928;0.0124154;-0.00446959;0.00509224;0.00805206;0.00449077;0.0533936;0.0671652;0.0644358;0.0527515;0.0630877;0.0654041;0.0941296;0.0941064;0.0941476;0.0941236;0.0941069;0.0941167;1;1;1;1;1;1;
6;0.011558;0.00614483;-0.00150354;0.00199552;0.00580994;0.00151547;0.0436884;0.0522704;0.0508975;0.0444412;0.0506535;0.0538715;0.0549792;0.0549669;0.0549905;0.0549754;0.0549671;0.0549728;1;1;1;1;1;1;
7;0.00799374;0.00234554;0.000364809;-7.76521e-05;0.00463607;-0.000358372;0.0348048;0.0426314;0.0422362;0.0380123;0.0412086;0.0461388;0.0321136;0.0321068;0.0321207;0.032111;0.0321073;0.0321103;1;1;1;1;1;1;
8;0.00580226;0.000236293;0.00134635;-0.00117875;0.00384089;-0.00134296;0.0287729;0.0373188;0.03559;0.0347355;0.0350209;0.0421094;0.0187589;0.0187547;0.0187635;0.0187568;0.0187559;0.0187571;1;1;1;1;1;1;
9;0.00392715;-0.000400456;0.000978088;-0.00133382;0.00278144;-0.00185861;0.0238609;0.0344892;0.0307206;0.034181;0.0306224;0.0405508;0.010959;0.0109559;0.010962;0.010957;0.0109579;0.0109578;1;1;1;1;1;1;
10;0.00139846;0.000661235;-0.000323897;0.000116155;0.000729364;-0.000190362;0.0196431;0.0333016;0.0264986;0.0348292;0.0274871;0.0407859;0.0064035;0.00640055;0.00640555;0.00640129;0.00724838;0.00640239;1;1;1;1;1;1;
11;-0.00282891;0.00403168;-0.00383484;0.00371353;-0.00321949;0.00353452;0.0158574;0.0329411;0.0226076;0.0358487;0.0252159;0.0423257;0.00460675;0.00373965;0.00505313;0.00374032;0.00652946;0.00374158;1;1;1;1;1;1;
12;-0.00995117;0.0106532;-0.0105387;0.0104679;-0.0101788;0.0103633;0.0130268;0.032911;0.0193015;0.0367534;0.0239167;0.0442447;0.00415431;0.00218532;0.0044172;0.00218597;0.00675343;0.00218747;1;1;1;1;1;1;
13;-0.0212685;0.0216778;-0.0216116;0.0215703;-0.0214006;0.0215092;0.0120295;0.0326665;0.017488;0.0367535;0.0233911;0.0449849;0.00396977;0.00127758;0.00349179;0.00127801;0.00672928;0.00127995;1;1;1;1;1;1;
14;-0.0379157;0.0381536;-0.0381162;0.038092;-0.0379917;0.0380563;0.0146921;0.0318458;0.0195523;0.0340174;0.0240696;0.0424159;0.00348076;0.000747964;0.00204171;0.000747839;0.00527755;0.00266166;1;1;1;1;1;1;
15;-0.0602221;0.0603595;-0.0603392;0.0603252;-0.0602651;0.0603042;0.0236689;0.0293752;0.0283468;0.025787;0.0271662;0.0345996;0.00310573;0.00415043;0.00119403;0.00045019;0.00308382;0.00523352;1;1;1;1;1;1;
16;-0.0866835;0.0867618;-0.086752;0.086744;-0.0867072;0.0867315;0.0425782;0.0242898;0.0491514;0.00720108;0.0327052;0.0181678;0.00181494;0.0138092;-0.00195072;0.00441595;0.00180005;0.0101454;1;1;1;1;1;1;
17;-0.113087;0.11313;-0.113126;0.113123;-0.113102;0.113116;0.0577445;0.0087548;0.0615844;-0.0286649;0.0519766;-0.0195447;0.0010611;0.0301798;-0.00113862;0.0114722;0.000311309;0.0236809;1;1;0.925678;1;0.712969;1;
18;-0.132782;0.132806;-0.132804;0.132803;-0.132791;0.132798;0.0952875;-0.0179606;0.0975301;-0.0782993;0.091919;-0.0729681;0.000619319;0.0533037;-0.00073758;0.0132055;0.000181416;0.0219277;0.546942;1;0.0360812;1;0;1;
19;-0.138301;0.138315;-0.138088;0.138313;-0.138307;0.13831;0.143431;-0.0722738;0.144739;-0.133504;0.141464;-0.130384;0.000361306;0.0631;-0.0120219;0.021178;0.000105518;0.0275703;0;1;0;1;0;1;
20;-0.12356;0.123569;-0.123437;0.123566;-0.123564;0.123565;0.185887;-0.119334;0.186651;-0.180083;0.184738;-0.178257;0.000210576;0.0518389;-0.00702122;0.0171155;6.11696e-05;0.0167613;0;1;1;1;0;1;
21;-0.0843816;0.0843867;-0.0843094;0.0843847;-0.0843835;0.0843841;0.214879;-0.151511;0.215326;-0.211484;0.214208;-0.207576;0.000122511;0.0340558;-0.00410083;0.0104884;3.52403e-05;0.00979264;0;1;0;1;0;1;
22;-0.0173026;0.0173056;-0.0172604;0.0173044;-0.0173036;0.0173042;0.230508;-0.171436;0.230768;-0.221534;0.230116;-0.210175;7.10563e-05;0.019894;-0.00239535;0.00612755;2.00689e-05;0.00572025;0;1;0;1;0;1;
23;0.0725468;-0.0725446;0.0725715;-0.0725457;0.0725463;-0.0725457;0.229309;-0.170049;0.229598;-0.20864;0.22986;-0.20385;4.10383e-05;0.0116185;-0.00139934;0.00357863;1.11823e-05;0.00334112;0;1;0;1;0;1;
24;0.15962;-0.159619;0.159634;-0.159619;0.159619;-0.159619;0.222616;-0.14572;0.222785;-0.179608;0.222938;-0.185415;2.34801e-05;0.00678327;-0.00081769;-0.00255358;5.99003e-06;-0.00225561;0;1;0;1;0;1;
25;0.222491;-0.222492;0.222499;-0.222491;0.222491;-0.222491;0.203252;-0.109832;0.20335;-0.132385;0.20344;-0.150749;1.32407e-05;-0.00784582;-0.000477999;-0.0118922;2.972e-06;-0.0103025;0;1;0;1;0;1;
26;0.261128;-0.26113;0.261133;-0.261129;0.261128;-0.261129;0.173033;-0.0732216;0.173092;-0.0736426;0.173143;-0.118817;7.24042e-06;-0.0198354;-0.000279255;-0.0119053;1.26707e-06;-0.00601814;0;1;0.715955;1;0;1;
27;0.282493;-0.282497;0.282497;-0.282495;0.282493;-0.282495;0.131512;-0.0271912;0.131549;-0.0409804;0.131576;-0.0998479;3.8532e-06;-0.0236851;-0.000162281;-0.0103234;2.60053e-07;-0.00351461;0;1;1;1;0;1;
28;0.292154;-0.306611;0.292159;-0.292448;0.292155;-0.292156;0.0748813;0.00657908;0.0749051;-0.0220063;0.0749169;-0.0563873;2.91849e-06;-0.0138342;-9.36286e-05;-0.00602886;-2.35852e-07;-0.00428072;0.785815;1;1;1;0;1;
29;0.281606;-0.31826;0.316894;-0.305973;0.281564;-0.304547;-0.000544675;0.0481223;-0.000530574;0.0314301;-0.000523967;0.0113543;0.018875;-0.00877834;0.0106829;-0.00662157;0.0457197;-0.00630392;1;1;1;1;1;1;
30;0.25878;-0.298675;0.297877;-0.291499;0.244736;-0.290666;-0.085383;0.113174;-0.0853687;0.103426;-0.0639046;0.0917022;0.0242341;-0.00512691;0.0314536;-0.00386734;0.0647515;-0.00433804;1;0;1;0;1;1;
31;0.248782;-0.272083;0.271617;-0.267892;0.212116;-0.267406;-0.156215;0.172452;-0.156199;0.166759;-0.120565;0.159912;0.0217828;-0.00299454;0.0322258;-0.0022589;0.0606844;-0.00253378;1;0;1;0;1;0;
32;0.223285;-0.236895;0.236623;-0.234448;0.201872;-0.234164;-0.203283;0.212772;-0.203271;0.209448;-0.142048;0.205449;0.0203096;-0.00174925;0.0188258;-0.00131965;0.0482954;-0.00148016;1;0;1;0;1;0;
33;0.18457;-0.192519;0.19236;-0.19109;0.172064;-0.190924;-0.228429;0.236558;-0.214754;0.234616;-0.16469;0.232281;0.0148092;-0.00102205;0.0109973;-0.000771172;0.0299551;-0.000864923;1;0;1;0;1;0;
34;0.131023;-0.135666;0.135574;-0.134831;0.123719;-0.134734;-0.233877;0.248871;-0.215258;0.247737;-0.182412;0.246373;0.00865216;-0.000597437;0.00642488;-0.000450847;0.0174988;-0.000505597;1;0;1;0;1;0;
35;0.057485;-0.0601967;0.0601434;-0.0597093;0.0532201;-0.0596527;-0.231062;0.249558;-0.218301;0.249846;-0.187043;0.249825;0.00505424;-0.000349461;0.00375323;-0.000263799;0.0102209;-0.000295769;1;0;1;0;1;0;
36;-0.0369105;0.0353267;-0.0353573;0.0356114;-0.0394009;0.0356444;-0.21726;0.230344;-0.213491;0.232702;-0.181972;0.232787;0.00295165;-0.000204656;0.00219164;-0.000154559;0.00596789;-0.000173242;1;0;1;0;1;0;
37;-0.132787;0.131862;-0.13188;0.132028;-0.134242;0.132048;-0.189346;0.207499;-0.196747;0.207481;-0.159782;0.205253;-0.00189068;-0.000120072;-0.00685819;-9.07388e-05;-0.00475362;-0.000101663;1;0;1;0;1;0;
38;-0.20536;0.204819;-0.204829;0.204916;-0.20621;0.204927;-0.144175;0.199143;-0.165438;0.199133;-0.128013;0.197832;-0.0115116;-7.06247e-05;-0.0101494;-5.34494e-05;-0.0157285;-5.9828e-05;1;0;1;0;1;0;
39;-0.251154;0.250837;-0.250844;0.250894;-0.251651;0.2509;-0.0977468;0.17625;-0.151864;0.176244;-0.0807511;0.175484;-0.0115753;-4.17143e-05;-0.00592811;-3.1672e-05;-0.0206991;-3.53996e-05;1;0;1;0;1;0;
40;-0.277201;0.277014;-0.277019;0.277047;-0.277492;0.277051;-0.0581327;0.140654;-0.126412;0.14065;-0.0327825;0.140207;-0.012048;-2.48355e-05;-0.00346352;-1.88998e-05;-0.0216279;-2.10784e-05;1;0;1;0;1;0;
41;-0.290021;0.289911;-0.289914;0.28993;-0.290194;0.289933;-0.0414057;0.0901935;-0.0818754;0.090194;0.0198615;0.0899326;-0.00703646;-1.4894e-05;-0.00847485;-1.00087e-05;-0.0185515;-1.24993e-05;1;0;1;0.978586;1;0.233573;
42;-0.299817;0.293138;-0.293532;0.286683;-0.313849;0.29315;0.00775284;0.0207433;-0.015881;0.0207471;0.0435277;0.0205932;-0.00417103;0.00356334;-0.00633765;0.0114143;-0.0144331;0.0103477;1;0.853117;1;1;1;1;
43;-0.291029;0.261705;-0.287359;0.274092;-0.299224;0.285491;0.0798247;-0.040883;0.0660238;-0.063175;0.100717;-0.0632602;-0.0029804;0.0686953;-0.00392733;0.0159204;-0.00842928;0.023462;0.242989;1;1;1;0;1;
44;-0.272334;0.24405;-0.270191;0.262441;-0.27712;0.269099;0.149212;-0.105738;0.141152;-0.139483;0.161413;-0.139524;-0.00174091;0.0640314;-0.00229394;0.0261016;-0.00492311;0.0359476;0;1;0.470347;1;0;1;
45;-0.242818;0.226298;-0.241567;0.237039;-0.245613;0.240928;0.198474;-0.149198;0.193767;-0.192786;0.205599;-0.192805;-0.00101712;0.0463092;-0.00134006;0.0162169;-0.00287553;0.0210002;0;1;0;1;0;1;
46;-0.203077;0.193428;-0.202346;0.199701;-0.204709;0.201973;0.22839;-0.175722;0.225641;-0.225064;0.232551;-0.222486;-0.000594473;0.0270535;-0.000783075;0.00947445;-0.00167979;0.0122671;0;1;0;1;0;1;
47;-0.151317;0.145681;-0.15089;0.149345;-0.15227;0.150672;0.244662;-0.193854;0.243057;-0.242686;0.247092;-0.225806;-0.000347671;0.0158028;-0.000457817;0.00553525;-0.000981526;0.00716441;0;1;0;1;0;1;
48;-0.082248;0.0789572;-0.0819988;0.0810968;-0.0828047;0.0818718;0.251614;-0.19971;0.250677;-0.242397;0.252286;-0.223586;-0.000203552;0.00922871;-0.000267879;0.00323256;-0.000573754;0.00418382;0;1;0;1;0;1;
49;0.00820155;-0.0101229;0.00834712;-0.00887389;0.00787651;-0.00842103;0.238866;-0.192967;0.239903;-0.22946;0.235017;-0.218024;-0.000119384;0.00538722;-0.000156956;0.00188655;-0.000335642;0.00244258;0;1;0;1;0;1;
50;0.107244;-0.108366;0.107329;-0.107637;0.107055;-0.107373;0.212155;-0.169879;0.213662;-0.202706;0.215483;-0.202186;-7.0216e-05;-0.00894544;-9.21707e-05;-0.00575221;-0.000196561;-0.00547988;0;1;0;1;0;1;
51;0.1878;-0.188456;0.187849;-0.188029;0.187689;-0.187875;0.205671;-0.139481;0.207147;-0.163093;0.208211;-0.173485;-4.14474e-05;-0.0136486;-5.42853e-05;-0.0112572;-0.000115311;-0.0106152;0;1;0;1;0;1;
52;0.240586;-0.240971;0.240615;-0.240721;0.240521;-0.240631;0.185353;-0.101606;0.186214;-0.108569;0.186836;-0.139808;-2.46948e-05;-0.0207966;-3.21857e-05;-0.0124381;-6.78115e-05;-0.00620141;0;1;0;1;0;1;
53;0.271422;-0.271649;0.271439;-0.271502;0.271384;-0.271449;0.152667;-0.0435531;0.15317;-0.069132;0.153533;-0.12566;-1.48314e-05;-0.0280806;-1.92101e-05;-0.011387;-4.01049e-05;-0.00362145;0;1;0;1;0;1;
54;0.287456;-0.287592;0.287466;-0.287504;0.287434;-0.287473;0.106352;0.0107191;0.106645;-0.0526508;0.106857;-0.0905779;-8.41704e-06;-0.0206584;-1.16244e-05;-0.00665137;-2.38226e-05;-0.00574986;0.701766;1;0;1;0;1;
55;0.290767;-0.31592;0.293158;-0.293181;0.293139;-0.293162;0.0421491;0.0262241;0.0423186;-0.0107816;0.0424399;-0.0329306;0.00880937;-0.0120677;-5.50023e-06;-0.00388439;-1.39554e-05;-0.00444119;1;1;1;1;0.180571;1;
56;0.28196;-0.303106;0.286669;-0.290202;0.269986;-0.289875;-0.0395225;0.0794576;-0.0394208;0.0578469;-0.0258723;0.0449144;0.0150918;-0.00893553;0.0162858;-0.0036332;0.0646923;-0.00561334;1;0;1;0.855981;1;1;
57;0.271368;-0.283718;0.274117;-0.276182;0.240826;-0.275991;-0.12042;0.143748;-0.120352;0.131128;-0.0903922;0.123575;0.0249567;-0.00521875;0.0394176;-0.00212213;0.0659331;-0.00327867;1;0;1;0;1;0;
58;0.247755;-0.25497;0.249362;-0.250569;0.229919;-0.250457;-0.180405;0.194035;-0.180359;0.186664;-0.132754;0.182254;0.0182358;-0.00304817;0.0238977;-0.00123973;0.0559252;-0.00191513;1;0;1;0;1;0;
59;0.212612;-0.216826;0.213551;-0.214256;0.202195;-0.214191;-0.217859;0.225823;-0.217474;0.221519;-0.159712;0.218943;0.0108099;-0.0017806;0.0139608;-0.00072447;0.034882;-0.00111889;1;0;1;0;1;0;
60;0.165581;-0.168042;0.166129;-0.166541;0.159496;-0.166503;-0.234859;0.243631;-0.217951;0.241117;-0.177979;0.239613;0.00729418;-0.00104037;0.00815449;-0.000423608;0.0203785;-0.000653954;1;0;1;0;1;0;
61;0.102527;-0.103965;0.102848;-0.103088;0.0989743;-0.103066;-0.238708;0.251865;-0.218003;0.250397;-0.190357;0.249519;0.00426182;-0.00060815;0.00476383;-0.000247871;0.0119032;-0.000382396;1;0;1;0;1;0;
62;0.0181019;-0.0189414;0.0182893;-0.0184295;0.0160275;-0.0184166;-0.232085;0.242446;-0.218473;0.243965;-0.191202;0.245305;0.00248858;-0.000355722;0.00278224;-0.000145266;0.00695094;-0.00022383;1;0;1;0;1;0;
63;-0.0810729;0.0805826;-0.0809634;0.0808815;-0.0822839;0.0808891;-0.212348;0.220011;-0.208492;0.22448;-0.175837;0.2205;0.000657001;-0.000208297;-0.00301853;-8.53271e-05;0.00405675;-0.000131229;1;0;1;0;1;0;
64;-0.1686;0.168313;-0.168536;0.168488;-0.169307;0.168492;-0.172221;0.188946;-0.18079;0.2176;-0.148301;0.191284;-0.00970708;-0.000122167;-0.014117;-5.03323e-05;-0.00765648;-7.69496e-05;1;0;1;0;1;0;
65;-0.228678;0.22851;-0.228641;0.228612;-0.229092;0.228615;-0.121221;0.180613;-0.146805;0.197347;-0.11221;0.181978;-0.0126848;-7.18398e-05;-0.0082461;-2.98431e-05;-0.0208278;-4.54929e-05;1;0;1;0;1;0;
66;-0.264729;0.26463;-0.264708;0.26469;-0.264972;0.264691;-0.0789687;0.156118;-0.130043;0.165891;-0.0586891;0.156916;-0.0114492;-4.24151e-05;-0.00481625;-1.78945e-05;-0.0249775;-2.7009e-05;1;0;1;0;1;0;
67;-0.28424;0.284181;-0.284227;0.284216;-0.284383;0.284216;-0.0437926;0.116728;-0.101498;0.122435;-0.00900769;0.117194;-0.00668873;-2.51874e-05;-0.00303942;-1.08695e-05;-0.0229272;-1.61749e-05;1;0;1;0;1;0;
68;-0.292503;0.292468;-0.292495;0.290903;-0.30362;0.292489;-0.00771087;0.0441294;-0.0506177;0.0628504;0.0145968;0.0597872;0.00332979;0.0179489;-0.00356934;0.00511898;-0.00471136;-9.0433e-06;1;0;1;1;1;1;
69;-0.296539;0.274605;-0.296099;0.282529;-0.303507;0.286682;0.047596;-0.0165585;0.0225409;-0.0153884;0.0606229;-0.0171772;-0.00361189;0.0521183;-0.00689758;0.0166732;-0.013184;0.0123672;1;1;1;1;0.856246;1;
70;-0.283775;0.247911;-0.283519;0.275592;-0.287844;0.278017;0.118181;-0.0728812;0.103549;-0.099366;0.125789;-0.100403;-0.00210969;0.0649629;-0.00593665;0.0229924;-0.00769985;0.0367357;0;1;0.639488;1;0;1;
71;-0.260232;0.239286;-0.260082;0.255452;-0.262609;0.256869;0.177123;-0.128286;0.168577;-0.166128;0.181565;-0.166727;-0.00123245;0.0568161;-0.00346738;0.0219546;-0.00449713;0.0259777;0;1;0;1;0;1;
72;-0.226178;0.213944;-0.226091;0.223385;-0.227566;0.224213;0.215762;-0.162676;0.210772;-0.209336;0.218357;-0.209682;-0.0007202;0.0369397;-0.00202538;0.0130887;-0.00262677;0.0151757;0;1;0;1;0;1;
73;-0.181512;0.174367;-0.181461;0.179881;-0.182323;0.180365;0.238125;-0.185685;0.235211;-0.234368;0.23964;-0.225565;-0.000421093;0.0215791;-0.00118331;0.00764685;-0.00153453;0.00886403;0;1;0;1;0;1;
74;-0.122799;0.118626;-0.12277;0.121847;-0.123273;0.122129;0.249381;-0.197857;0.247679;-0.244768;0.250265;-0.225209;-0.000246428;0.0126039;-0.000691561;0.00446694;-0.000896703;0.0051766;0;1;0;1;0;1;
75;-0.0440873;0.0416506;-0.0440699;0.043531;-0.0443637;0.0436963;0.247377;-0.198559;0.248046;-0.237916;0.247977;-0.221872;-0.00014441;0.00735939;-0.000404372;0.00260804;-0.000524223;0.00302274;0;1;0;1;0;1;
76;0.0533378;-0.0547603;0.0533479;-0.0536627;0.0531764;-0.0535659;0.230432;-0.185393;0.231316;-0.217464;0.224522;-0.210758;-8.48587e-05;-0.00277082;-0.000236681;0.00152148;-0.000306707;-0.000344349;0;1;0;1;0;1;
77;0.146859;-0.147691;0.146865;-0.147049;0.146765;-0.146993;0.221417;-0.157176;0.223899;-0.186503;0.200222;-0.191069;-4.99869e-05;-0.0114798;-0.00013868;-0.0094281;-0.000179658;-0.0115642;0;1;0;1;0;1;
78;0.21474;-0.215227;0.214744;-0.214851;0.214685;-0.214819;0.204366;-0.125909;0.205815;-0.137952;0.191989;-0.157722;-2.96938e-05;-0.0165052;-8.14792e-05;-0.0114874;-0.000105406;-0.00802895;0;1;0;1;0;1;
79;0.256682;-0.256969;0.256684;-0.256748;0.25665;-0.256729;0.175807;-0.0816083;0.176653;-0.0867227;0.168578;-0.12346;-1.73465e-05;-0.0262612;-4.80632e-05;-0.0103815;-6.2018e-05;-0.00528445;0.682578;1;0;1;0;1;
80;0.28012;-0.280289;0.28012;-0.280159;0.2801;-0.280147;0.135886;-0.0221175;0.136378;-0.0558519;0.131662;-0.105036;-9.34424e-06;-0.0227625;-2.84625e-05;-0.0129331;-3.66995e-05;-0.00308616;1;1;0;1;0;1;
81;0.291145;-0.316637;0.291143;-0.291167;0.291132;-0.291159;0.0812127;0.0292863;0.0814983;-0.0344715;0.0787431;-0.0631913;-4.92176e-06;-0.0132958;-1.6348e-05;-0.00761184;-2.18068e-05;-0.00378381;1;1;0.791425;1;0;1;
82;0.300356;-0.310734;0.292324;-0.293378;0.287519;-0.291792;0.00772497;0.0568098;0.00789111;0.0195785;0.00628123;0.00280684;0.0112699;-0.010621;0.0088477;-0.00624924;0.0299182;-0.00593481;1;0.952426;1;1;1;1;
83;0.289426;-0.295487;0.283772;-0.285351;0.260232;-0.284425;-0.0771372;0.114831;-0.0770344;0.0930882;-0.0482672;0.0832935;0.0191338;-0.00620301;0.0362321;-0.00364988;0.0710099;-0.00375796;1;0;1;0;1;1;
84;0.26846;-0.272001;0.265158;-0.266082;0.25141;-0.265541;-0.150167;0.172187;-0.150098;0.159489;-0.103738;0.153769;0.0245382;-0.00362298;0.0379099;-0.00213191;0.0712496;-0.00219502;1;0;1;0;1;0;
85;0.23694;-0.23901;0.235011;-0.235553;0.226983;-0.235237;-0.199535;0.2124;-0.199356;0.204984;-0.141295;0.201644;0.0146303;-0.00211627;0.0222314;-0.00124547;0.0516914;-0.00128231;1;0;1;0;1;0;
86;0.195219;-0.196428;0.194092;-0.194409;0.189403;-0.194225;-0.228906;0.236423;-0.218811;0.232093;-0.17835;0.230142;0.0085482;-0.00123641;0.0129865;-0.000727826;0.0301969;-0.000749341;1;0;1;0;1;0;
87;0.140837;-0.141544;0.140179;-0.140365;0.137441;-0.140257;-0.244197;0.24901;-0.224554;0.246481;-0.192994;0.245342;0.00499392;-0.000722602;0.00758495;-0.00042555;0.0176382;-0.000438116;1;0;1;0;1;0;
88;0.0680834;-0.0684958;0.0676995;-0.0678073;0.0661002;-0.0677444;-0.240495;0.250976;-0.221983;0.250878;-0.198561;0.251128;0.00291611;-0.000422556;0.0044295;-0.000249022;0.0103005;-0.000256372;1;0;1;0;1;0;
89;-0.0255319;0.0252911;-0.025756;0.0256932;-0.0266896;0.0257299;-0.226147;0.232095;-0.215915;0.235187;-0.189636;0.235279;0.00170163;-0.000247335;0.00258608;-0.000145945;0.006013;-0.000150239;1;0;1;0;1;0;
90;-0.123149;0.123009;-0.123281;0.123244;-0.123825;0.123265;-0.196509;0.209154;-0.197246;0.208597;-0.165125;0.207787;-0.00639561;-0.000144991;-0.00660615;-8.57217e-05;-0.00973387;-8.82399e-05;1;0;1;0;1;0;
91;-0.198883;0.198801;-0.19896;0.198938;-0.199279;0.19895;-0.154953;0.201763;-0.167312;0.201437;-0.133297;0.200964;-0.0140035;-8.51859e-05;-0.00925259;-5.051e-05;-0.0152567;-5.1984e-05;1;0;1;0;1;0;
92;-0.247293;0.247244;-0.247338;0.247324;-0.247525;0.247332;-0.10086;0.179763;-0.134148;0.179573;-0.0941463;0.179297;-0.012985;-5.0201e-05;-0.00540551;-2.99891e-05;-0.0216426;-3.08433e-05;1;0;1;0;1;0;
93;-0.275105;0.275076;-0.275132;0.275122;-0.275242;0.275126;-0.0600052;0.145235;-0.118594;0.145124;-0.0345447;0.144963;-0.0131092;-2.98207e-05;-0.00315654;-1.79007e-05;-0.0300415;-1.8408e-05;1;0;1;0;1;0;
94;-0.289111;0.289093;-0.289126;0.28912;-0.289193;0.289122;-0.0460694;0.0963351;-0.0807753;0.0962715;0.0186815;0.0961755;-0.00765681;-1.74813e-05;-0.00579461;-9.67985e-06;-0.0212312;-1.094e-05;1;1;1;0.747052;1;0.132477;
95;-0.293233;0.293223;-0.293242;0.290713;-0.314084;0.293239;0.000553743;0.0288062;-0.0197139;0.0287699;0.0383648;0.0287128;-0.0046905;0.000164973;-0.00505781;0.00803512;-0.0166908;0.00667497;1;1;1;1;1;1;
96;-0.28822;0.264398;-0.288225;0.286748;-0.300397;0.288223;0.0716457;-0.0407398;0.05981;-0.0545155;0.0937268;-0.0545455;-0.00273968;0.0651169;-0.00379959;0.0116928;-0.0097478;0.0210275;1;1;1;1;0;1;
97;-0.272339;0.23444;-0.272342;0.271477;-0.27945;0.272339;0.142688;-0.102554;0.135776;-0.132678;0.155583;-0.132686;-0.00160034;0.0617252;-0.00221933;0.0239061;-0.00569313;0.0370573;0;1;0;1;0;1;
98;-0.244881;0.222746;-0.244883;0.244376;-0.249034;0.24488;0.194274;-0.149039;0.190238;-0.188422;0.201805;-0.188422;-0.000935015;0.0457788;-0.00129649;0.0171919;-0.00332521;0.021763;0;1;0;1;0;1;
