1;-0.000363589;0.000116065;9.94843e-05;-0.000363588;0.000116065;9.94845e-05;0.034977;0.0347457;0.0352596;0.0349768;0.0347454;0.0352593;0.808667;0.808665;0.808666;0.808667;0.808665;0.808666;0;0;0;0;0;0;
2;0.000351528;-0.000219011;0.00021293;-0.00016648;0.000209454;-0.000168356;0.146892;0.148734;0.154628;0.16939;0.171337;0.176863;0.472416;0.472418;0.472422;0.472434;0.472436;0.47244;1;1;1;1;1;1;
3;0.00153446;-0.000553017;0.000619108;-0.000230323;0.000547483;-0.000514329;0.0906283;0.0922664;0.0956183;0.0988443;0.100241;0.10321;0.275906;0.275909;0.275911;0.275918;0.27592;0.275922;0.956566;0.647758;0.86686;0.634636;0.661613;0.839579;
4;0.000118088;-0.000881561;0.0010874;-0.000769299;0.000722408;-0.000946613;0.0529049;0.053916;0.0558198;0.0577565;0.0595813;0.0603064;0.161135;0.161136;0.161138;0.161141;0.161144;0.161144;0.95909;0.686496;0.981733;0.755608;0.999312;1;
5;-0.00213878;-0.00115719;0.00357755;-0.00132542;0.00129793;-0.00142899;0.0306463;0.0356349;0.0359473;0.0339897;0.0345453;0.0361724;0.0941062;0.0941064;0.0941077;0.0941092;0.0941111;0.0941114;1;1;1;0.87862;0.641546;1;
6;-0.000141578;-0.00178316;0.00319672;-0.00188143;0.00186534;-0.00194192;0.027931;0.0315183;0.0331921;0.0305854;0.0320057;0.0344479;0.0549604;0.0549605;0.0549616;0.054962;0.0549634;0.0549635;1;1;1;0.889931;0.822939;1;
7;0.00116069;-0.00228464;0.00316406;-0.00234202;0.00233261;-0.00237736;0.0248491;0.0291806;0.0288877;0.0295838;0.0290613;0.0317448;0.0320993;0.0320992;0.0321004;0.0321001;0.0321014;0.0321012;1;1;1;0.898311;0.84694;0.910175;
8;0.00181148;-0.00246778;0.00298142;-0.0025013;0.00246577;-0.00252194;0.0232813;0.0339511;0.0277081;0.0315945;0.0294875;0.0339793;0.0187486;0.0187481;0.0187495;0.0187487;0.0187501;0.0187495;1;0.826854;1;0.89518;0.890871;1;
9;0.00159633;-0.00197953;0.00227955;-0.00199911;0.00197833;-0.00201118;0.0221047;0.0305844;0.0267077;0.0329736;0.0286945;0.0353626;0.0109518;0.0109509;0.0109526;0.0109514;0.0109531;0.010952;0.923729;0.950145;1;0.867831;0.922619;1;
10;3.71381e-05;-0.000260747;0.000436015;-0.000272182;0.000260039;-0.000279235;0.0188886;0.0298704;0.0234401;0.0349828;0.0277803;0.0371041;0.00639858;0.00639705;0.00639938;0.00639762;0.00639993;0.00639813;1;0.725657;1;0.794949;0.968244;1;
11;-0.00362442;0.00349377;-0.00339143;0.00348711;-0.00349424;0.00348304;0.0179822;0.0315102;0.0216584;0.0417117;0.026643;0.0389233;0.0047487;0.00373736;0.00435439;0.00412996;0.00783354;0.00373857;1;0.614869;1;0.667934;1;1;
12;-0.0104164;0.0103401;-0.0102804;0.0103362;-0.0103404;0.0103339;0.0158432;0.0317259;0.0231853;0.0418816;0.0257235;0.0406341;0.00383899;0.00218384;0.0118066;0.0024142;0.00839106;0.00218528;1;0.561538;1;0.922457;1;1;
13;-0.0215412;0.0214966;-0.0214618;0.0214943;-0.0214969;0.0214931;0.0139195;0.0318359;0.0196978;0.0404346;0.0249663;0.0424545;0.00525577;0.00127657;0.00689847;0.00141201;0.00819296;0.00127812;1;0.55831;1;0.937471;0.936602;0.988815;
14;-0.0380765;0.0380505;-0.0380301;0.0380491;-0.0380506;0.0380485;0.0172917;0.0310515;0.0204303;0.0388354;0.0260522;0.0389624;0.00310012;0.000746997;0.00523594;0.000826688;0.00661595;0.000748515;1;0.603793;1;0.843834;1;1;
15;-0.0603181;0.0603028;-0.060291;0.0603021;-0.0603029;0.0603018;0.0233957;0.0282196;0.0291793;0.0284256;0.026945;0.0305926;0.00511038;0.00345411;0.00403268;0.00245246;0.00386634;0.00345657;0.975283;0.773766;1;0.834533;1;1;
16;-0.0867421;0.0867332;-0.0867263;0.0867327;-0.0867332;0.0867327;0.0426538;0.0250395;0.0497792;0.00939732;0.0342703;0.0231051;0.00298592;0.0140161;0.00235712;0.0087981;0.00225847;0.0174047;0.745171;1;1;0.871364;0.49981;1;
17;-0.113123;0.113117;-0.113114;0.113118;-0.113118;0.113118;0.057787;0.00504616;0.0619507;-0.0273837;0.0528907;-0.0193769;0.00174354;0.0194129;0.00137759;0.0119402;0.00131858;0.0101685;0;1;0.650353;0.918667;0;1;
18;-0.132803;0.132801;-0.132798;0.1328;-0.1328;0.1328;0.0953122;-0.0515611;0.0977438;-0.0775538;0.0924529;-0.0728713;0.0010178;0.0355668;0.000804103;0.00697522;0.000769714;0.0211545;0;1;0;0.628653;0;1;
19;-0.138314;0.138313;-0.13831;0.138311;-0.138312;0.138312;0.143445;-0.11788;0.144865;-0.133072;0.141775;-0.130332;0.000593983;0.0266059;0.000469173;0.00407494;0.000449128;0.0123575;0;1;0;0.676663;0;1;
20;-0.123568;0.123568;-0.123566;0.123566;-0.123567;0.123567;0.185896;-0.170955;0.186725;-0.179836;0.184921;-0.178231;0.000346464;0.0155401;0.000273564;0.00238052;0.000261831;0.0072184;0;1;0;0.679988;0;1;
21;-0.0843859;0.0843865;-0.0843848;0.0843851;-0.0843852;0.0843854;0.214884;-0.201365;0.215369;-0.211344;0.214315;-0.210404;0.000201906;0.00907445;0.000159316;0.00139046;0.000152393;0.004216;0;1;0;0.714635;0;1;
22;-0.0173052;0.0173057;-0.0173046;0.0173047;-0.0173045;0.0173049;0.230511;-0.197581;0.230793;-0.228441;0.230178;-0.220046;0.000117444;0.00529786;9.25604e-05;0.000811938;8.84534e-05;0.00246214;0;1;0;1;0;1;
23;0.0725449;-0.0725447;0.0725452;-0.0725452;0.0725461;-0.072545;0.229896;-0.175313;0.229197;-0.212376;0.227989;-0.208569;6.81025e-05;0.00309293;5.35412e-05;0.00047411;5.11023e-05;0.0014381;0;1;0;1;0;1;
24;0.159618;-0.159619;0.159618;-0.159618;0.159619;-0.159618;0.219648;-0.134425;0.207147;-0.172635;0.194035;-0.177618;3.93023e-05;0.00180691;3.09294e-05;0.000277567;2.92685e-05;0.000840558;0;1;0;0.912626;0;1;
25;0.22249;-0.222491;0.22249;-0.22249;0.222491;-0.222489;0.201518;-0.0803435;0.194217;-0.128064;0.186561;-0.143823;2.24573e-05;0.0111097;1.75418e-05;0.0023206;1.65599e-05;0.00725668;0;1;0;1;0;1;
26;0.261127;-0.261129;0.261127;-0.261128;0.261128;-0.261127;0.172021;-0.0187572;0.167757;-0.0671479;0.163286;-0.100305;1.2703e-05;0.0233942;9.84603e-06;0.0140872;9.14816e-06;0.00423929;0;1;0;1;0;1;
27;0.282492;-0.282495;0.282492;-0.282493;0.282493;-0.282492;0.130923;0.0326139;0.128431;0.0222547;0.125819;-0.0262807;0.00484142;0.0376439;5.37462e-06;0.0493182;4.86759e-06;0.0232526;0.767057;1;0;1;0;1;
28;0.292154;-0.292156;0.292154;-0.292155;0.292155;-0.292154;0.0745413;0.0616721;0.0730856;0.0549374;0.0715589;0.0643861;0.00819041;0.0219896;0.0254924;0.0288065;0.008826;0.0205312;0.896276;0.914619;1;0.841482;0.673807;1;
29;0.292331;-0.293166;0.285343;-0.292487;0.284878;-0.292055;-0.000746042;0.0802971;-0.00158872;0.0763644;-0.000946144;0.0818837;0.00478572;0.0128416;0.0366942;0.0168228;0.0346228;0.0119907;0.859516;0;1;0;1;0.484312;
30;0.283532;-0.28402;0.277429;-0.283623;0.279181;-0.283371;-0.0855063;0.131965;-0.0859856;0.129668;-0.0856063;0.132891;0.00279604;0.00749903;0.0344204;0.00982404;0.0440131;0.0070021;0.97029;0;1;0;1;0;
31;0.263239;-0.263524;0.259675;-0.263293;0.260699;-0.263146;-0.156292;0.183425;-0.156565;0.182084;-0.156339;0.183966;0.00163382;0.004379;0.0201046;0.00573677;0.0257094;0.00408877;1;0;1;0;1;0;
32;0.23173;-0.231897;0.229649;-0.231762;0.230247;-0.231676;-0.203334;0.219181;-0.203488;0.218397;-0.203353;0.219497;0.000954528;0.00255682;0.0117422;0.00334979;0.0150149;0.00238736;0.905357;0;1;0;1;0;
33;0.189503;-0.1896;0.188288;-0.189521;0.188637;-0.189471;-0.231045;0.2403;-0.231131;0.239843;-0.215395;0.240485;0.000557424;0.00149262;0.00685737;0.00195578;0.00876675;0.00139373;0.973144;0;1;0;1;0;
34;0.133904;-0.133961;0.133195;-0.133915;0.133399;-0.133886;-0.245651;0.251056;-0.231798;0.250789;-0.213448;0.251164;0.000325245;0.000871103;0.00400425;0.00114166;0.00511702;0.000813415;1;0;1;0;1;0;
35;0.059168;-0.0592012;0.0587536;-0.0591742;0.0588733;-0.0591571;-0.240013;0.249168;-0.224267;0.25007;-0.199289;0.24868;0.000189565;0.000508146;0.00233821;0.000666198;0.00298693;0.000474486;1;0;1;0;1;0;
36;-0.0359274;0.0359082;-0.0361693;0.0359237;-0.0360992;0.0359337;-0.220357;0.226688;-0.213811;0.236727;-0.176558;0.236223;0.000110576;0.000296183;0.00136548;0.000388543;0.00174395;0.000276565;1;0;1;0;1;0;
37;-0.132213;0.132202;-0.132354;0.132211;-0.132313;0.132216;-0.183489;0.203025;-0.192233;0.216257;-0.14859;0.203534;6.496e-05;0.00017246;0.000797787;0.000226533;0.00526056;0.000161225;1;0;1;0;1;0;
38;-0.205023;0.205017;-0.205106;0.205022;-0.205083;0.205026;-0.136332;0.167629;-0.157198;0.204258;-0.0955411;0.174412;0.00511202;0.000100159;0.000466863;0.000131735;0.0139979;9.35353e-05;1;0;1;0;1;0;
39;-0.250956;0.250953;-0.251004;0.250956;-0.250992;0.250958;-0.0829536;0.157846;-0.116449;0.179237;-0.0379391;0.161807;0.0156299;5.80006e-05;0.00493385;7.64982e-05;0.0234137;5.42412e-05;1;0;1;0;1;0;
40;-0.277085;0.277082;-0.277112;0.277083;-0.277107;0.277085;-0.00364929;0.129906;-0.0583453;0.142399;0.0240352;0.132219;0.0258841;3.33699e-05;0.00288295;0.00253838;0.0370588;3.13184e-05;1;0;1;0.2545;1;0;
41;-0.289952;0.289951;-0.289968;0.289951;-0.289965;0.289952;0.0432973;0.0839176;0.045483;0.0912176;0.0731016;0.0852699;0.0253025;1.95234e-05;0.0370952;0.0063063;0.0260605;0.0166839;1;0.340299;1;0.549262;1;0.698958;
42;-0.293162;0.293161;-0.293171;0.293161;-0.293169;0.293162;0.0635474;0.0170872;0.0612143;0.0213447;0.0653127;0.0178761;0.0147773;0.0242934;0.0216654;0.00600431;0.0152192;0.0157596;0.201036;1;0.726041;0.721525;0.0518047;1;
43;-0.287143;0.28755;-0.287148;0.287142;-0.287147;0.269215;0.112408;-0.0652995;0.111046;-0.0628309;0.113439;-0.0648435;0.00862943;0.0434388;0.0126521;0.00398774;0.0088876;0.0342624;0;1;0;0.466688;0;1;
44;-0.270065;0.270303;-0.270068;0.270064;-0.270067;0.259595;0.168241;-0.140716;0.167445;-0.139287;0.168843;-0.140454;0.00503916;0.0288138;0.00738838;0.0023299;0.00518993;0.0200131;0;1;0;0.682595;0;1;
45;-0.241493;0.241632;-0.241495;0.241492;-0.241494;0.235378;0.209587;-0.193502;0.209122;-0.192677;0.209938;-0.193353;0.0029424;0.0168284;0.00431434;0.00136118;0.00303041;0.0116892;0;1;0;0.602948;0;1;
46;-0.202303;0.202385;-0.202304;0.202303;-0.202304;0.198732;0.23488;-0.214899;0.234608;-0.225004;0.235085;-0.225394;0.0017179;0.00982604;0.00251909;0.000794992;0.0017692;0.00682668;0;1;0;0.631229;0;1;
47;-0.150865;0.150913;-0.150865;0.150865;-0.150865;0.148779;0.248452;-0.205091;0.248294;-0.242684;0.248572;-0.226662;0.00100274;0.00573673;0.00147063;0.000464049;0.00103264;0.00398685;0;1;0;0.666985;0;1;
48;-0.081984;0.0820128;-0.0819844;0.081984;-0.0819843;0.0807663;0.252109;-0.206326;0.251309;-0.243485;0.251756;-0.227534;0.000585108;0.0033478;0.000858302;0.000270575;0.00060248;0.00232827;0;1;0;0.68556;0;1;
49;0.00835558;-0.00833864;0.00835534;-0.00835561;0.00835577;-0.00906672;0.241236;-0.18062;0.239322;-0.227366;0.234171;-0.216687;0.000341159;0.00195477;0.000500724;0.000157801;0.000351267;0.00135969;0;1;0;0.82228;0;1;
50;0.107334;-0.107324;0.107334;-0.107334;0.107335;-0.107749;0.211813;-0.152588;0.213346;-0.199845;0.210878;-0.201365;0.000198727;0.00114198;0.000291891;9.23267e-05;0.000204591;0.000794389;0;1;0;0.896118;0;1;
51;0.187852;-0.187847;0.187852;-0.187852;0.187853;-0.188094;0.17584;-0.112045;0.180282;-0.152293;0.173513;-0.167031;0.000115596;0.00867879;0.000170158;0.00410141;0.000118924;0.000464743;0;1;0;1;0;1;
52;0.240616;-0.240614;0.240616;-0.240616;0.240617;-0.240758;0.167931;-0.0535158;0.170525;-0.0985335;0.135959;-0.127178;6.70539e-05;0.0192919;9.88297e-05;0.0104703;6.89427e-05;0.00151753;0;1;0;1;0;1;
53;0.271439;-0.27144;0.271439;-0.27144;0.27144;-0.271522;0.142493;0.0160913;0.144008;-0.0341942;0.123821;-0.0782053;3.87922e-05;0.0238184;5.73646e-05;0.0220237;3.97892e-05;0.00347182;0;1;0;1;0;1;
54;0.287466;-0.287468;0.287466;-0.287467;0.287467;-0.287515;0.100415;0.0542832;0.101294;0.0328736;0.0895051;0.0238861;0.00760478;0.0359897;3.3151e-05;0.0383918;2.27957e-05;0.0187624;0.951038;1;0.00451199;1;0;1;
55;0.293158;-0.293159;0.293158;-0.293158;0.293158;-0.293186;0.0386835;0.0668523;0.0392021;0.0657956;0.0323184;0.0776596;0.00444425;0.0210191;0.0176695;0.0224217;0.025947;0.0109598;1;0.291453;1;0.335557;1;0.914118;
56;0.289813;-0.289814;0.277245;-0.289813;0.283677;-0.289829;-0.0415511;0.103185;-0.0412353;0.102567;-0.0452509;0.109496;0.00643636;0.0122746;0.0383748;0.0130937;0.0430829;0.0064001;0.627423;0;1;0;1;0;
57;0.275955;-0.275955;0.268615;-0.275955;0.272373;-0.275965;-0.12161;0.157605;-0.121417;0.157245;-0.123758;0.161291;0.00376001;0.00716796;0.0224156;0.00764627;0.031001;0.00373722;0.780571;0;1;0;1;0;
58;0.250436;-0.250436;0.24615;-0.250436;0.248344;-0.250442;-0.181105;0.202127;-0.180986;0.201916;-0.182349;0.204279;0.00219649;0.0041856;0.0130927;0.00446494;0.0181072;0.00218207;0.715632;0;1;0;1;0;
59;0.214179;-0.214179;0.211676;-0.214179;0.212958;-0.214182;-0.218272;0.230549;-0.217742;0.230426;-0.217324;0.231806;0.00128292;0.00244388;0.00764665;0.00260703;0.0105742;0.00127387;1;0;1;0;1;0;
60;0.166496;-0.166496;0.165034;-0.166496;0.165783;-0.166498;-0.239219;0.24639;-0.23332;0.246319;-0.212775;0.247124;0.000749074;0.00142662;0.00446534;0.001522;0.00617288;0.000743422;0.984258;0;1;0;1;0;
61;0.103062;-0.103062;0.102208;-0.103062;0.102646;-0.103063;-0.248742;0.253477;-0.229104;0.253435;-0.209546;0.253906;0.000437096;0.000832559;0.00260752;0.000888331;0.00360281;0.000433623;1;0;1;0;1;0;
62;0.0184139;-0.0184141;0.0179155;-0.018414;0.0181716;-0.0184147;-0.233468;0.239735;-0.220731;0.244892;-0.191506;0.244236;0.000254986;0.000485632;0.0015227;0.000518263;0.00210284;0.000252704;1;0;1;0;1;0;
63;-0.0808906;0.0808906;-0.0811816;0.0808905;-0.0810318;0.0808901;-0.206627;0.217836;-0.20546;0.221918;-0.165023;0.22463;0.000148927;0.000283058;0.000889422;0.000302151;0.00122767;0.000147049;1;0;1;0;1;0;
64;-0.168493;0.168493;-0.168663;0.168493;-0.168576;0.168493;-0.1669;0.186377;-0.177014;0.192647;-0.127233;0.211534;8.78371e-05;0.000164768;0.000520146;0.00017619;0.0100432;8.54363e-05;1;0;1;0;1;0;
65;-0.228615;0.228615;-0.228714;0.228615;-0.228664;0.228615;-0.114702;0.178918;-0.139896;0.182774;-0.0650858;0.193804;0.00460006;9.57161e-05;0.000304788;0.000102304;0.0143747;4.94035e-05;1;0;1;0;1;0;
66;-0.264692;0.264692;-0.264749;0.264691;-0.264722;0.264691;-0.0558349;0.155129;-0.0909233;0.157381;-0.00893316;0.163822;0.0157317;5.53868e-05;0.0121381;5.93484e-05;0.0257041;2.84622e-05;1;0;1;0;1;0;
67;-0.284217;0.284217;-0.28425;0.284216;-0.284236;0.284216;0.0327148;0.11615;-0.00625163;0.117469;0.0446077;0.121227;0.0337226;3.18124e-05;0.0246347;0.00994598;0.0348776;1.62949e-05;1;0;1;0.586612;1;0;
68;-0.292489;0.292489;-0.292509;0.292489;-0.2925;0.292489;0.0697246;0.0591833;0.0731921;0.0599523;0.0604908;0.0621485;0.019697;0.0256472;0.0361031;0.0075166;0.0203727;0.0241041;1;0.844582;1;0.640352;0.910285;1;
69;-0.291686;0.279802;-0.289891;0.291521;-0.291811;0.280613;0.0928176;-0.0165533;0.0948432;-0.017085;0.0874251;-0.015792;0.0115025;0.0354452;0.021084;0.00515244;0.0118972;0.0379417;0;1;0;0.487266;0;1;
70;-0.280941;0.274002;-0.279893;0.280844;-0.281014;0.272822;0.14459;-0.100036;0.145773;-0.100362;0.141441;-0.0995961;0.00671702;0.0378477;0.0123125;0.00301023;0.00694752;0.0288065;0;1;0;0.506279;0;1;
71;-0.258577;0.254525;-0.257965;0.258521;-0.25862;0.253836;0.192546;-0.166514;0.193236;-0.166715;0.190706;-0.166261;0.00392227;0.0221075;0.00719002;0.00175879;0.00405689;0.0168256;0;1;0;0.81681;0;1;
72;-0.225211;0.222845;-0.224854;0.225178;-0.225236;0.222443;0.224769;-0.209558;0.225172;-0.209683;0.223695;-0.209413;0.00229014;0.0129105;0.00419846;0.00131405;0.0023687;0.00982696;0;1;0;0.871126;0;1;
73;-0.180948;0.179566;-0.180739;0.180929;-0.180962;0.179331;0.243385;-0.21815;0.243621;-0.234574;0.242758;-0.234281;0.00133693;0.00753751;0.00245139;0.000767318;0.00138275;0.00573877;0;1;0;0.925992;0;1;
74;-0.12247;0.121663;-0.122348;0.122458;-0.122478;0.121526;0.252452;-0.212171;0.25259;-0.247306;0.252086;-0.228318;0.000780251;0.00439986;0.00143107;0.000447796;0.000806937;0.0033512;0;1;0;0.891029;0;1;
75;-0.0438949;0.0434241;-0.0438237;0.0438882;-0.0438995;0.0433435;0.248001;-0.196453;0.246571;-0.238046;0.248021;-0.222949;0.000455144;0.00256832;0.000835193;0.000261158;0.000470669;0.00195699;0;1;0;0.733452;0;1;
76;0.0534497;-0.0537246;0.0534913;-0.0534536;0.0534477;-0.0537717;0.232728;-0.171644;0.232802;-0.215791;0.224464;-0.210917;0.0002653;0.00149972;0.000487219;0.000152409;0.000274299;0.00114306;0;1;0;0.841177;0;1;
77;0.146924;-0.147086;0.146949;-0.146927;0.146924;-0.147112;0.224892;-0.136997;0.223068;-0.17858;0.195034;-0.187303;0.000154471;0.00435492;0.000284073;8.95229e-05;0.000159646;0.000668136;0;1;0;0.776814;0;1;
78;0.214778;-0.214873;0.214792;-0.214779;0.214778;-0.214887;0.206396;-0.0748095;0.20533;-0.126002;0.158855;-0.151022;8.97228e-05;0.0213757;0.000165415;0.00510515;9.27087e-05;0.00339531;0;1;0;1;0;1;
79;0.256704;-0.256761;0.256712;-0.256705;0.256704;-0.256768;0.176991;-0.0243347;0.176369;-0.0722937;0.149228;-0.106191;5.19231e-05;0.0233445;9.61625e-05;0.0132851;5.36643e-05;0.00249766;0;1;0;1;0;1;
80;0.280131;-0.280166;0.280136;-0.280132;0.280131;-0.280169;0.136577;0.0393802;0.136212;0.00805233;0.120361;-0.0356534;0.00707871;0.0452565;5.57921e-05;0.0289791;3.08672e-05;0.00831842;0.722778;1;0;1;0;1;
81;0.29115;-0.291171;0.291153;-0.291151;0.29115;-0.291172;0.0816192;0.061174;0.0814048;0.0482425;0.0721462;0.0588551;0.00841617;0.026436;0.0219762;0.0169286;0.00387204;0.0432263;1;1;1;0.92732;0.702054;1;
82;0.292813;-0.292825;0.292815;-0.292814;0.29206;-0.292826;0.00796158;0.0754332;0.00784182;0.0678818;0.00591958;0.074082;0.00491798;0.0154384;0.0193927;0.00988639;0.0375841;0.0252454;1;0;1;0;1;0.683926;
83;0.285021;-0.285028;0.28303;-0.285021;0.28458;-0.285029;-0.0770038;0.125707;-0.077061;0.121297;-0.0781785;0.124918;0.00287346;0.00901563;0.0333627;0.00577313;0.0503001;0.0147427;0.68914;0;1;0;1;0;
84;0.265889;-0.265894;0.264727;-0.26589;0.265633;-0.265894;-0.150095;0.178538;-0.150121;0.175963;-0.15077;0.178078;0.00167902;0.00526468;0.0194872;0.00337111;0.0293804;0.00860932;0.817243;0;1;0;1;0;
85;0.23544;-0.235443;0.234761;-0.23544;0.235292;-0.235443;-0.199498;0.216109;-0.199506;0.214605;-0.199883;0.21584;0.000980929;0.00307405;0.0113819;0.00196828;0.0171585;0.00502732;0.863133;0;1;0;1;0;
86;0.194343;-0.194345;0.193947;-0.194344;0.194257;-0.194345;-0.228888;0.238589;-0.228889;0.237711;-0.212022;0.238432;0.000572878;0.00179468;0.00664702;0.00114901;0.0100188;0.00293547;1;0;1;0;1;0;
87;0.140326;-0.140327;0.140095;-0.140326;0.140276;-0.140327;-0.244609;0.250275;-0.230157;0.249762;-0.213424;0.250184;0.000334323;0.00104751;0.00388152;0.000670498;0.00584851;0.00171377;1;0;1;0;1;0;
88;0.0677847;-0.0677855;0.0676497;-0.0677848;0.0677562;-0.0677853;-0.241163;0.250142;-0.224345;0.250984;-0.201243;0.250278;0.00019487;0.000611165;0.00226665;0.000391054;0.00341414;0.00100029;1;0;1;0;1;0;
89;-0.0257065;0.0257059;-0.0257853;0.0257064;-0.0257225;0.0257061;-0.223075;0.230058;-0.214447;0.238347;-0.179019;0.237872;0.000113647;0.000356347;0.00132374;0.000227862;0.00199343;0.000583642;1;0;1;0;1;0;
90;-0.123251;0.123251;-0.123297;0.123251;-0.123261;0.123251;-0.193837;0.20696;-0.195835;0.205721;-0.147635;0.202873;6.67427e-05;0.000207529;0.000773475;0.00013258;0.00234009;0.000340329;1;0;1;0;1;0;
91;-0.198942;0.198942;-0.198969;0.198942;-0.198948;0.198942;-0.143168;0.170019;-0.159143;0.170098;-0.101264;0.166585;0.00660106;0.000120643;0.000452604;7.70641e-05;0.0127124;0.000198255;1;0;1;0;1;0;
92;-0.247327;0.247327;-0.247342;0.247327;-0.247331;0.247327;-0.0877606;0.161225;-0.120328;0.161271;-0.0407244;0.157452;0.00803244;6.99797e-05;0.0011232;4.45054e-05;0.0234363;0.000115395;1;0;1;0;1;0;
93;-0.275124;0.275124;-0.275133;0.275124;-0.275128;0.275124;-0.0153174;0.134409;-0.0662302;0.134436;0.0243907;0.132206;0.024998;4.03681e-05;0.00718362;2.59776e-05;0.0272003;6.70309e-05;1;0;1;0.300321;1;0;
94;-0.289121;0.289121;-0.289126;0.289121;-0.289124;0.289121;0.0366003;0.0900117;0.043074;0.090033;0.0555902;0.0887265;0.0288586;2.31709e-05;0.0267252;0.00657566;0.0377795;0.0156012;1;0;1;0.667036;1;1;
95;-0.293239;0.293239;-0.293242;0.293238;-0.29324;0.293238;0.0767744;0.0251226;0.0870542;0.0251266;0.0528616;0.02437;0.0168538;0.0293518;0.0156093;0.0116576;0.0220634;0.0209249;0.114975;1;0.765992;0.764817;0.330168;1;
96;-0.288223;0.285122;-0.288225;0.288223;-0.288224;0.285396;0.116158;-0.0566343;0.122161;-0.0566474;0.102193;-0.0570774;0.00984213;0.0341193;0.00911533;0.00680948;0.0128845;0.0307088;0;1;0;0.444768;0;1;
97;-0.27234;0.27053;-0.272341;0.27234;-0.272341;0.270689;0.168683;-0.133909;0.172189;-0.133928;0.160527;-0.134171;0.00574736;0.0242326;0.00532291;0.00397777;0.00752412;0.0179378;0;1;0;0.746799;0;1;
98;-0.244882;0.243825;-0.244882;0.244882;-0.244882;0.243918;0.209455;-0.189137;0.211503;-0.189158;0.204692;-0.189293;0.003356;0.0141538;0.0031081;0.0023235;0.00439358;0.0104772;0;1;0;0.604269;0;1;
