1;-0.000363588;0.000116064;9.94838e-05;-0.000363587;0.000116064;9.94837e-05;0.0349769;0.0347456;0.0352595;0.0349769;0.0347456;0.0352595;0.808667;0.808665;0.808666;0.808667;0.808665;0.808666;0;0;0;0;0;0;
2;0.00151862;0.00140842;0.00140327;-0.000396859;0.000122185;-0.000273316;0.168308;0.16742;0.167452;0.153943;0.152828;0.152088;0.47242;0.472421;0.472422;0.472418;0.472419;0.472419;1;1;1;1;1;1;
3;0.00158753;0.000854144;0.0016393;-0.00192016;0.000157232;-0.00110461;0.101114;0.100715;0.100569;0.0944967;0.0943574;0.0935989;0.27591;0.275911;0.275911;0.275908;0.275909;0.275909;0.727081;0.475838;1;0.484335;0.592704;1;
4;0.00276107;-0.000136038;0.00258141;-0.00236592;-0.00630067;-0.00255506;0.0590288;0.0588502;0.0587105;0.0552175;0.0550834;0.054695;0.161137;0.161138;0.161138;0.161135;0.161137;0.161137;0.705249;0.592526;1;0.687218;0.931477;1;
5;0.00255724;-0.000955537;0.00243241;-0.001065;-0.00468732;0.000598061;0.0342227;0.034629;0.034036;0.0325062;0.032694;0.0346017;0.0941072;0.0941077;0.0941073;0.0941054;0.0941072;0.0941084;1;0.783606;1;0.683044;1;1;
6;0.00310201;-0.00166541;0.00308571;-0.00172935;-0.00163069;0.000608065;0.032803;0.0310062;0.0321383;0.0280013;0.0312295;0.038663;0.0549611;0.0549613;0.0549613;0.0549597;0.054961;0.0549623;1;0.753892;1;0.559613;1;1;
7;0.00358907;-0.00221583;0.00363271;-0.00225323;-0.00188803;-0.000855669;0.0279241;0.0305689;0.0283875;0.0296335;0.0299305;0.0350419;0.0320999;0.0320997;0.0321002;0.0320985;0.0320996;0.0321013;1;0.742636;1;0.488255;1;1;
8;0.00336963;-0.0024131;0.00325513;-0.00218271;-0.00174302;-0.00163309;0.0250744;0.0282266;0.0268445;0.0292769;0.0303523;0.0359416;0.0187491;0.0187484;0.0187494;0.0187476;0.0187488;0.0187502;1;0.724434;1;0.47892;1;1;
9;0.00250631;-0.0019476;0.00243941;-0.00181304;-0.0011754;-0.000752196;0.02295;0.030668;0.0267845;0.0327589;0.0294738;0.0366002;0.0109522;0.010951;0.0109526;0.0109506;0.0109524;0.0109526;1;0.683755;1;0.595944;1;1;
10;0.000568448;-0.000242104;0.000529369;-0.000163518;-0.00158164;0.000456013;0.0194726;0.029783;0.0233151;0.0331821;0.0276123;0.0369767;0.00639885;0.00639707;0.00639945;0.00639704;0.00639972;0.00639856;1;0.630696;1;0.653232;1;1;
11;-0.00331404;0.00350469;-0.00333688;0.00355059;-0.00456968;0.00391238;0.0172416;0.0305224;0.0213748;0.0362389;0.0269574;0.0404394;0.00373986;0.00373737;0.00477483;0.00373776;0.00937413;0.00373897;1;0.599871;1;0.746253;1;1;
12;-0.0102351;0.0103465;-0.0102485;0.0103733;-0.0109684;0.0105846;0.0161876;0.031955;0.0197155;0.0385896;0.0266482;0.0420863;0.00470971;0.00218383;0.00510308;0.00218459;0.00831932;0.00218562;1;0.551012;1;0.760267;1;0.933102;
13;-0.0214353;0.0215004;-0.0214431;0.0215161;-0.0218636;0.0216395;0.015177;0.0315399;0.0183461;0.0389767;0.0261792;0.0424175;0.00368413;0.00127652;0.00558543;0.00127754;0.00753314;0.00127845;1;0.536086;1;0.726935;0.859798;0.979314;
14;-0.0380146;0.0380527;-0.0380192;0.0380619;-0.0382647;0.0381339;0.0175332;0.0312216;0.0206663;0.037209;0.0271302;0.0403721;0.00542772;0.000747006;0.00504558;0.000748022;0.00724985;0.000748776;1;0.597497;1;0.740496;0.740773;0.903285;
15;-0.0602819;0.0603042;-0.0602846;0.0603096;-0.060428;0.0603516;0.0234884;0.0270781;0.0313041;0.0284634;0.0284065;0.03146;0.00317223;0.00215716;0.00454316;0.00244887;0.00423666;0.00272892;1;0.752221;1;0.775259;0.81666;0.868957;
16;-0.086721;0.086734;-0.0867225;0.0867372;-0.0868063;0.0867617;0.0437598;0.024054;0.050385;0.0106824;0.0346244;0.0159973;0.00185396;0.0135224;0.0026553;0.00651461;0.00247491;0.00676593;0.693598;1;1;0.974201;0.431672;1;
17;-0.113111;0.113118;-0.113112;0.11312;-0.113161;0.113134;0.0584332;0.0131204;0.0623042;-0.0266333;0.0530975;-0.0235274;0.00108267;0.0256498;0.00155161;0.00840226;0.001445;0.0104585;0.394383;1;0.955839;1;0;1;
18;-0.132796;0.132801;-0.132797;0.132802;-0.132825;0.132809;0.0956897;-0.0464355;0.0979503;-0.0771155;0.0925737;-0.075295;0.000631876;0.0413441;0.000905734;0.00631272;0.000843532;0.0208085;0;1;0;0.636006;0;1;
19;-0.138309;0.13832;-0.13831;0.138312;-0.138326;0.138168;0.143666;-0.114482;0.144986;-0.132816;0.141846;-0.131748;0.000368653;0.0319483;0.000528577;0.00368802;0.000492222;0.0145145;0;1;0;0.502766;0;1;
20;-0.123565;0.123573;-0.123565;0.123567;-0.123575;0.123483;0.186024;-0.168968;0.186795;-0.179686;0.184962;-0.179058;0.000214828;0.0201032;0.000308189;0.00215454;0.000287024;0.00847818;0;1;0;0.771585;0;1;
21;-0.0843845;0.0843893;-0.0843846;0.0843855;-0.0843901;0.0843364;0.214959;-0.204464;0.21541;-0.211256;0.214339;-0.210886;0.000125019;0.0117397;0.000179527;0.00125846;0.000167113;0.00495166;0;1;0;0.698915;0;1;
22;-0.0173045;0.0173072;-0.0173046;0.0173051;-0.0173073;0.0172764;0.230555;-0.200797;0.230817;-0.22839;0.230192;-0.220423;7.25542e-05;0.00685364;0.000104375;0.000734802;9.70449e-05;0.00289169;0;1;0;0.747445;0;1;
23;0.0725451;-0.0725439;0.072545;-0.0725448;0.0725445;-0.0725615;0.229596;-0.171871;0.229062;-0.211664;0.228251;-0.208019;4.18886e-05;0.00400176;6.04363e-05;0.000429039;5.61202e-05;0.00168897;0;1;0;1;0;1;
24;0.159618;-0.159618;0.159618;-0.159618;0.159619;-0.159627;0.215626;-0.135411;0.202367;-0.170646;0.195022;-0.183469;2.40374e-05;0.00436273;3.49845e-05;0.000251228;3.22154e-05;0.000987002;0;1;0;0.945804;0;1;
25;0.22249;-0.222491;0.22249;-0.222489;0.222491;-0.222495;0.199169;-0.0833775;0.191426;-0.124875;0.187137;-0.146066;1.35348e-05;0.0136768;1.98712e-05;0.00866998;1.82842e-05;0.000577401;0;1;0;1;0;1;
26;0.261127;-0.261129;0.261127;-0.261127;0.261128;-0.26113;0.170649;-0.0184782;0.166127;-0.0685757;0.163622;-0.10281;7.47744e-06;0.0198967;1.12164e-05;0.0141481;1.01605e-05;0.00623227;0;1;0;1;0;1;
27;0.282492;-0.282495;0.282492;-0.282493;0.282493;-0.282494;0.130122;0.0356723;0.127479;0.0147195;0.126016;-0.0264748;0.00229152;0.0342421;6.22274e-06;0.0244991;5.44087e-06;0.0101167;0.816928;1;0;1;0;1;
28;0.292154;-0.292156;0.292154;-0.292155;0.292154;-0.292155;0.0740736;0.0632988;0.0725301;0.0550288;0.0716741;0.0645423;0.0122685;0.0200029;0.0283092;0.0200676;0.016354;0.0490663;1;1;1;1;0.727558;1;
29;0.294769;-0.292953;0.284292;-0.292565;0.284371;-0.291633;-0.00101986;0.081247;-0.00191238;0.0764177;0.00101595;0.0819741;0.00716704;0.0116813;0.0351295;0.0117193;0.038136;0.0286547;0.9921;0;1;0;1;0.419074;
30;0.284956;-0.283895;0.277517;-0.283669;0.282069;-0.283124;-0.0856664;0.132519;-0.0861743;0.129699;-0.0844596;0.132944;0.0041866;0.00682146;0.0327589;0.0068436;0.0493719;0.0167337;0.921196;0;1;0;1;0;
31;0.264071;-0.263452;0.259727;-0.26332;0.262386;-0.263002;-0.156386;0.183749;-0.156675;0.182102;-0.155669;0.183997;0.0024459;0.0039833;0.0191342;0.0039962;0.0288397;0.00977201;1;0;1;0;1;0;
32;0.232216;-0.231855;0.229679;-0.231777;0.231232;-0.231592;-0.203389;0.21937;-0.203552;0.218408;-0.202962;0.219515;0.00142874;0.00232573;0.0111754;0.0023333;0.0168426;0.00570634;1;0;1;0;1;0;
33;0.189787;-0.189576;0.188305;-0.18953;0.189212;-0.189422;-0.231077;0.240411;-0.231169;0.239849;-0.218571;0.240496;0.000834323;0.00135766;0.00652633;0.00136218;0.00983357;0.003332;1;0;1;0;1;0;
34;0.13407;-0.133947;0.133205;-0.13392;0.133735;-0.133857;-0.245669;0.251121;-0.231461;0.250793;-0.215356;0.25117;0.000486925;0.000792283;0.00381099;0.000795;0.00573959;0.00194535;1;0;1;0;1;0;
35;0.0592647;-0.0591928;0.0587596;-0.0591773;0.0590696;-0.0591403;-0.23872;0.249093;-0.223836;0.249678;-0.196391;0.249036;0.000283942;0.000462111;0.00222543;0.000463771;0.00335025;0.00113553;1;0;1;0;1;0;
36;-0.0358709;0.0359131;-0.0361659;0.0359219;-0.0359845;0.0359435;-0.218881;0.226212;-0.212801;0.23586;-0.171469;0.235674;0.000165666;0.000269311;0.0012997;0.000270315;0.0019569;0.000662608;1;0;1;0;1;0;
37;-0.13218;0.132205;-0.132352;0.13221;-0.132246;0.132222;-0.184988;0.201325;-0.192496;0.205964;-0.145512;0.197359;9.71998e-05;0.00015673;0.000759487;0.000157521;0.00660367;0.000386529;1;0;1;0;1;0;
38;-0.205004;0.205019;-0.205105;0.205022;-0.205044;0.205029;-0.135544;0.166754;-0.158283;0.198246;-0.0928257;0.176666;0.00917869;9.09991e-05;0.000444423;9.14222e-05;0.0145233;0.000225202;1;0;1;0;1;0;
39;-0.250945;0.250954;-0.251004;0.250955;-0.250969;0.250959;-0.0854498;0.157335;-0.114128;0.175726;-0.0313601;0.163123;0.0100564;5.26539e-05;0.00190988;5.29531e-05;0.0200807;0.000131124;1;0;1;0;1;0;
40;-0.277078;0.277082;-0.277112;0.277083;-0.277093;0.277086;-0.0116128;0.129607;-0.0597082;0.140349;0.022402;0.132988;0.0223385;3.02642e-05;0.00318293;3.09006e-05;0.0447131;7.62102e-05;1;0;1;0.310625;1;0;
41;-0.289949;0.289951;-0.289968;0.289951;-0.289957;0.289953;0.0439689;0.083743;0.0531625;0.0900207;0.0636843;0.0857188;0.0300158;1.75206e-05;0.0261823;0.00743851;0.0261184;0.020662;1;0.220727;1;0.616351;1;1;
42;-0.293159;0.29085;-0.293171;0.293161;-0.293165;0.285441;0.0662126;0.0186538;0.0874651;0.0206439;0.0659361;0.0181404;0.0175298;0.0271352;0.0152914;0.00434644;0.0152531;0.0290536;0.241424;1;0.603577;0.588006;0;1;
43;-0.287141;0.285793;-0.287148;0.287142;-0.287144;0.26846;0.113965;-0.0643851;0.126376;-0.0632402;0.113803;-0.0646896;0.0102369;0.0420952;0.00892965;0.00302698;0.00890737;0.0320005;0;1;0;0.451435;0;1;
44;-0.270064;0.269277;-0.270068;0.270064;-0.270066;0.259154;0.16915;-0.140182;0.176398;-0.139526;0.169056;-0.140364;0.0059779;0.0263775;0.00521445;0.00176879;0.00520148;0.0186919;0;1;0;0.758402;0;1;
45;-0.241492;0.241033;-0.241495;0.241492;-0.241493;0.235121;0.210118;-0.193191;0.214351;-0.192816;0.210063;-0.1933;0.00349063;0.015405;0.00304477;0.00103344;0.00303715;0.0109176;0;1;0;0.576952;0;1;
46;-0.202302;0.202035;-0.202304;0.202303;-0.202303;0.198582;0.23519;-0.224553;0.237662;-0.225085;0.235158;-0.225363;0.00203804;0.00899423;0.00177765;0.000603564;0.00177313;0.00637603;0;1;0;0.61642;0;1;
47;-0.150864;0.150708;-0.150865;0.150864;-0.150865;0.148692;0.248633;-0.218599;0.250077;-0.242731;0.248615;-0.230178;0.0011897;0.00524979;0.00103763;0.000352222;0.00103493;0.0037232;0;1;0;0.657704;0;1;
48;-0.0819838;0.0818933;-0.0819843;0.0819839;-0.0819842;0.0807149;0.251535;-0.202504;0.251981;-0.243458;0.252103;-0.22556;0.000694283;0.00306407;0.000605423;0.000205268;0.000603819;0.00217414;0;1;0;0.678048;0;1;
49;0.00835578;-0.00840827;0.00835548;-0.00835578;0.00835577;-0.0090968;0.241313;-0.181394;0.239361;-0.226739;0.233896;-0.217579;0.000404935;0.0017888;0.000353046;0.000119632;0.000352053;0.00126965;0;1;0;0.789492;0;1;
50;0.107334;-0.107365;0.107334;-0.107334;0.107335;-0.107767;0.212687;-0.150038;0.210821;-0.199376;0.210191;-0.201187;0.000235968;0.00104507;0.000205645;7.00479e-05;0.000205049;0.000741793;0;1;0;0.872276;0;1;
51;0.187852;-0.187871;0.187852;-0.187852;0.187852;-0.188105;0.176164;-0.109212;0.172746;-0.154122;0.174659;-0.166793;0.00013745;0.009088;0.000119623;0.00338476;0.000119177;0.000434006;0;1;0;1;0;1;
52;0.240616;-0.240628;0.240616;-0.240616;0.240617;-0.240764;0.16615;-0.0514862;0.156301;-0.0993222;0.135807;-0.126551;7.97736e-05;0.0212752;6.95355e-05;0.0139626;6.92238e-05;0.00135217;0;1;0;1;0;1;
53;0.271439;-0.271448;0.271439;-0.27144;0.27144;-0.271526;0.141453;0.0170851;0.135701;-0.0374749;0.123733;-0.0788619;4.62026e-05;0.0300408;4.01912e-05;0.0158807;3.98885e-05;0.00685583;0;1;0;1;0;1;
54;0.287466;-0.287472;0.287466;-0.287467;0.287467;-0.287517;0.0998076;0.049181;0.0964434;0.0342622;0.0894536;0.0234967;0.00692395;0.0401523;2.33871e-05;0.0300872;2.28634e-05;0.0189317;1;1;0.0619534;1;0;1;
55;0.293158;-0.293162;0.293158;-0.293159;0.293158;-0.293188;0.0383295;0.0653432;0.0363687;0.075108;0.0329091;0.0812204;0.0109668;0.0234499;0.0226655;0.0175717;0.0343666;0.0110589;0.978111;0.272375;1;0.220334;1;1;
56;0.289813;-0.289815;0.274954;-0.289813;0.292539;-0.28983;-0.0417581;0.102303;-0.0428898;0.108006;-0.0449058;0.111575;0.00640608;0.0136942;0.0367829;0.0102613;0.0414924;0.0064579;0.512379;0;1;0;1;0;
57;0.275955;-0.275956;0.267278;-0.275955;0.277548;-0.275965;-0.121731;0.15709;-0.122383;0.160421;-0.123556;0.162505;0.00374231;0.00799701;0.0214858;0.00599217;0.0288528;0.00377098;0.757904;0;1;0;1;0;
58;0.250436;-0.250437;0.245368;-0.250436;0.251366;-0.250442;-0.181176;0.201826;-0.18155;0.203771;-0.182232;0.204989;0.00218608;0.00466974;0.0125497;0.00349896;0.0168516;0.00220179;0.852638;0;1;0;1;0;
59;0.214178;-0.214179;0.211219;-0.214179;0.214722;-0.214182;-0.218313;0.230374;-0.218527;0.23151;-0.218923;0.232221;0.00127686;0.00272657;0.00732942;0.00204292;0.00983973;0.00128535;1;0;1;0;1;0;
60;0.166496;-0.166496;0.164768;-0.166496;0.166813;-0.166498;-0.239243;0.246288;-0.233758;0.246951;-0.220988;0.247366;0.00074548;0.00159174;0.00427996;0.00119256;0.00574322;0.000750149;1;0;1;0;1;0;
61;0.103062;-0.103062;0.102053;-0.103062;0.103248;-0.103063;-0.248182;0.253417;-0.22616;0.253805;-0.206401;0.254023;0.000434954;0.000928981;0.00249925;0.000695936;0.00335195;0.000437557;1;0;1;0;1;0;
62;0.0184141;-0.018414;0.0178249;-0.0184142;0.0185231;-0.0184149;-0.232182;0.238473;-0.220427;0.244706;-0.187322;0.244427;0.000253672;0.000541944;0.00145946;0.000405921;0.00195643;0.000254994;1;0;1;0;1;0;
63;-0.0808902;0.0808908;-0.0812343;0.0808902;-0.0808267;0.0808897;-0.205401;0.217468;-0.204114;0.225478;-0.159428;0.225842;0.000148161;0.000315946;0.000852516;0.000236537;0.00114274;0.000148389;1;0;1;0;1;0;
64;-0.168492;0.168493;-0.168693;0.168492;-0.168456;0.168492;-0.167335;0.185608;-0.177827;0.218183;-0.121161;0.218396;8.73729e-05;0.000183966;0.000498579;0.000137654;0.00851903;8.6165e-05;1;0;1;0;1;0;
65;-0.228615;0.228615;-0.228732;0.228615;-0.228594;0.228615;-0.112063;0.147774;-0.139266;0.197688;-0.0703431;0.197812;0.00904904;0.000106919;0.00315018;7.99187e-05;0.0197211;4.98492e-05;1;0;1;0;1;0;
66;-0.264691;0.264692;-0.26476;0.264691;-0.264681;0.264691;-0.0544324;0.136941;-0.0924355;0.16609;-0.00133498;0.166163;0.0218929;6.1959e-05;0.00184106;4.6248e-05;0.026941;2.87182e-05;1;0;1;0;1;0;
67;-0.284218;0.284217;-0.284256;0.284216;-0.284212;0.284216;0.0299384;0.105528;-0.00890956;0.122555;0.0388582;0.122594;0.0345055;3.57356e-05;0.0214596;0.0109671;0.0303234;1.64016e-05;1;0;1;0.52216;1;0;
68;-0.29249;0.292489;-0.292512;0.292489;-0.292486;0.292489;0.0599834;0.0529807;0.0714175;0.062922;0.0682125;0.0629472;0.0201543;0.0205816;0.0325847;0.00640744;0.0177131;0.0320912;0.90218;0.971912;1;0.491384;0.82546;1;
69;-0.291686;0.286497;-0.291563;0.29143;-0.291726;0.276332;0.0871288;-0.0181348;0.0938067;-0.0153509;0.0919344;-0.0153252;0.0117696;0.037111;0.0190292;0.00540327;0.010344;0.0372641;0;1;0;0.467163;0;1;
70;-0.280941;0.277912;-0.280869;0.280791;-0.280964;0.261044;0.141268;-0.100959;0.145168;-0.0993492;0.144075;-0.0993229;0.00687301;0.0393327;0.0111125;0.00315667;0.00604046;0.0292734;0;1;0;0.488708;0;1;
71;-0.258577;0.256808;-0.258535;0.25849;-0.258591;0.246957;0.190605;-0.167053;0.192883;-0.166124;0.192244;-0.166102;0.00401337;0.0229745;0.00648922;0.00184429;0.00352717;0.0170983;0;1;0;0.567296;0;1;
72;-0.225212;0.224179;-0.225187;0.22516;-0.22522;0.218426;0.223636;-0.209873;0.224966;-0.209338;0.224593;-0.20932;0.00234333;0.0134162;0.00378921;0.00107732;0.00205933;0.00998619;0;1;0;0.72028;0;1;
73;-0.180948;0.180345;-0.180934;0.180918;-0.180953;0.176985;0.242723;-0.22017;0.2435;-0.234372;0.243282;-0.234358;0.00136802;0.00783206;0.0022124;0.000629027;0.00120208;0.00583169;0;1;0;0.638351;0;1;
74;-0.12247;0.122118;-0.122461;0.122452;-0.122472;0.120155;0.252066;-0.211368;0.25252;-0.247188;0.252392;-0.229743;0.000798413;0.00457098;0.00129151;0.000367002;0.000701421;0.00340536;0;1;0;0.653358;0;1;
75;-0.0438947;0.0436899;-0.0438898;0.0438845;-0.0438963;0.0425432;0.247465;-0.192418;0.246686;-0.236367;0.247094;-0.223152;0.000465765;0.00266817;0.000753686;0.000213933;0.000409051;0.00198858;0;1;0;0.726235;0;1;
76;0.05345;-0.0535695;0.0534529;-0.053456;0.0534495;-0.0542393;0.233427;-0.16637;0.23276;-0.214371;0.221891;-0.210162;0.00027148;0.00155839;0.000439624;0.00012485;0.000238323;0.00116145;0;1;0;0.829605;0;1;
77;0.146925;-0.146995;0.146926;-0.146928;0.146925;-0.147386;0.223531;-0.135841;0.217572;-0.177945;0.197919;-0.188067;0.000158069;0.00769433;0.000256301;7.34536e-05;-0.000611032;0.000678832;0;1;0;1;0;1;
78;0.214778;-0.21482;0.214779;-0.21478;0.214778;-0.215047;0.2056;-0.0847455;0.202121;-0.129634;0.160558;-0.15043;9.18081e-05;0.0188734;0.000149145;0.00393152;-0.000357381;0.000602781;0;1;0;1;0;1;
79;0.256704;-0.25673;0.256705;-0.256706;0.256704;-0.256861;0.176527;-0.0194009;0.174495;-0.0735535;0.150222;-0.106826;5.31768e-05;0.021387;8.66847e-05;0.0108913;-0.000209191;0.00181966;0;1;0;1;0;1;
80;0.280131;-0.280148;0.280132;-0.280133;0.280132;-0.280223;0.136306;0.0311409;0.135118;0.00777695;0.120942;-0.0425328;0.00749946;0.0365481;5.0253e-05;0.026192;-0.000122649;0.00438714;0.496883;1;0;1;0;1;
81;0.29115;-0.29116;0.29115;-0.291151;0.29115;-0.291204;0.0814608;0.0663102;0.0807654;0.0484741;0.0724857;0.0620082;0.00852138;0.024078;0.0295966;0.0153008;0.00250654;0.0245694;1;1;1;0.91172;0.762252;1;
82;0.292813;-0.292819;0.286048;-0.292814;0.291089;-0.292844;0.0078679;0.0784328;0.00746944;0.0680171;0.00263674;0.0759219;0.00497885;0.0140613;0.035986;0.00893576;0.0280743;0.0143491;0.808866;0;1;0;1;0.65671;
83;0.285021;-0.285025;0.278767;-0.285022;0.284015;-0.28504;-0.0770589;0.127459;-0.077279;0.121376;-0.0800984;0.125992;0.00290874;0.00821134;0.0343331;0.00521807;0.038043;0.00837941;0.666035;0;1;0;1;0;
84;0.265889;-0.265891;0.262237;-0.26589;0.265302;-0.2659;-0.150127;0.179561;-0.150247;0.176009;-0.151888;0.178705;0.00169961;0.00479501;0.0200543;0.00304688;0.0264234;0.00489309;0.824949;0;1;0;1;0;
85;0.23544;-0.235442;0.233307;-0.23544;0.235098;-0.235447;-0.199516;0.216706;-0.199581;0.214632;-0.200536;0.216206;0.000992968;0.00279977;0.0117128;0.0017789;0.0154324;0.00285709;1;0;1;0;1;0;
86;0.194343;-0.194344;0.193098;-0.194344;0.194144;-0.194347;-0.228898;0.238938;-0.228932;0.237727;-0.22143;0.238646;0.00057986;0.0016345;0.00684029;0.00103841;0.0090101;0.00166805;0.928888;0;1;0;1;0;
87;0.140326;-0.140327;0.139599;-0.140326;0.14021;-0.140328;-0.244615;0.250479;-0.230944;0.249772;-0.215471;0.250309;0.000338345;0.000953965;0.00399435;0.000605919;0.00525912;0.000973616;0.982722;0;1;0;1;0;
88;0.0677848;-0.0677852;0.0673601;-0.0677848;0.0677176;-0.0677861;-0.240133;0.25055;-0.225279;0.250587;-0.199122;0.25074;0.000197161;0.000556529;0.00233249;0.000353353;0.0030694;0.000568048;1;0;1;0;1;0;
89;-0.0257063;0.0257062;-0.0259543;0.0257062;-0.0257452;0.0257055;-0.221959;0.229331;-0.214534;0.238653;-0.174527;0.237355;0.000114947;0.000324441;0.00136219;0.000205836;0.00179225;0.000331216;1;0;1;0;1;0;
90;-0.123251;0.123251;-0.123396;0.123251;-0.123274;0.123251;-0.193032;0.205066;-0.196771;0.204123;-0.14459;0.202941;6.75038e-05;0.000188916;0.00079591;0.000119853;0.00175987;0.000192897;1;0;1;0;1;0;
91;-0.198942;0.198942;-0.199027;0.198942;-0.198956;0.198942;-0.143718;0.172114;-0.16009;0.180197;-0.0979699;0.165294;4.08741e-05;0.000109783;0.00160193;6.94229e-05;0.0251426;0.000112149;1;0;1;0;1;0;
92;-0.247327;0.247327;-0.247376;0.247327;-0.247336;0.247326;-0.0866684;0.162448;-0.118352;0.167169;-0.0372283;0.146665;0.0122446;6.36556e-05;0.000936795;4.01241e-05;0.0232058;6.5212e-05;1;0;1;0;1;0;
93;-0.275124;0.275124;-0.275152;0.275123;-0.275131;0.275123;-0.0198576;0.135124;-0.0679975;0.137881;0.0288872;0.125906;0.0206805;3.66825e-05;0.00869033;2.33259e-05;0.0289179;3.76514e-05;1;0;1;0.385272;1;0;
94;-0.289121;0.289121;-0.289138;0.289121;-0.289125;0.289121;0.0386154;0.0904291;0.0421194;0.0920447;0.0561811;0.0850477;0.0318239;2.10179e-05;0.0239588;0.00818167;0.0377214;0.0153712;1;0;1;0.770817;1;0.975665;
95;-0.293239;0.289963;-0.293248;0.293238;-0.293241;0.293238;0.0771363;0.0268241;0.0879159;0.0263015;0.0530326;0.0222218;0.0185855;0.0327722;0.0139937;0.00478109;0.0220294;0.0216636;0.151657;1;0.92108;0.749393;0.316539;1;
96;-0.288223;0.287419;-0.288229;0.288223;-0.288225;0.273794;0.116369;-0.0556384;0.122665;-0.0559613;0.102293;-0.0583311;0.0108534;0.0434464;0.00817175;0.00373676;0.0128647;0.0318214;0;1;0;0.434007;0;1;
97;-0.27234;0.271871;-0.272344;0.27234;-0.272341;0.263913;0.168806;-0.133326;0.172483;-0.133527;0.160586;-0.134903;0.00633792;0.0277488;0.00477184;0.00218333;0.00751259;0.0185875;0;1;0;0.53168;0;1;
98;-0.244882;0.244608;-0.244884;0.244882;-0.244882;0.23996;0.209527;-0.188797;0.211674;-0.188923;0.204727;-0.189721;0.00370088;0.016206;0.00278629;0.00127557;0.00438683;0.0108568;0;1;0;0.570216;0;1;
