1;-0.000363588;0.000116064;9.94837e-05;-0.000363588;0.000116064;9.94837e-05;0.0349769;0.0347456;0.0352595;0.0349769;0.0347456;0.0352595;0.808667;0.808665;0.808666;0.808667;0.808665;0.808666;0;0;0;0;0;0;
2;-0.000604501;-0.0242155;-0.000493324;2.3526e-05;0.000655576;0.000132205;0.167016;0.17271;0.168305;0.153576;0.153387;0.154891;0.472422;0.472429;0.472427;0.472421;0.472422;0.472426;1;1;1;1;1;1;
3;0.0046762;-0.0385335;0.00585537;-0.0025417;-3.75198e-05;-0.00111529;0.100184;0.103972;0.100829;0.0937075;0.0942813;0.0943546;0.275912;0.275918;0.275915;0.27591;0.275911;0.275913;0.774333;0.780017;0.918497;0.479079;0.722315;0.851368;
4;0.00336574;-0.0231381;0.00405432;-0.00211912;0.000613008;-0.00128615;0.0584857;0.0607516;0.0588631;0.0547566;0.0550394;0.0551352;0.161138;0.161141;0.16114;0.161136;0.161138;0.161139;0.91952;0.722319;1;0.787103;0.858373;1;
5;0.00284176;-0.0143886;0.00324386;-0.0019023;0.00123414;-0.00459032;0.0339051;0.035739;0.034126;0.0322378;0.032824;0.0336126;0.0941075;0.0941094;0.0941092;0.0941064;0.0941079;0.0941081;0.930641;0.740096;1;0.610314;0.929474;1;
6;0.00302704;-0.00951027;0.00300183;-0.0022183;0.00182818;-0.00486465;0.0298492;0.0327032;0.0328289;0.0297602;0.0306656;0.0384994;0.0549612;0.0549623;0.0549625;0.0549604;0.0549616;0.0549618;0.940937;0.749924;1;0.60247;0.777222;1;
7;0.00329802;-0.00679724;0.00316747;-0.00253876;0.00231098;-0.00531967;0.0251465;0.0303325;0.0313433;0.0283771;0.0296003;0.0345799;0.0320999;0.0321003;0.0321009;0.0320991;0.0321004;0.0321003;0.950774;0.7313;1;0.605001;0.806942;1;
8;0.00305966;-0.00510312;0.0029834;-0.00256953;0.00248322;-0.00424024;0.0239373;0.0292921;0.0271053;0.0308379;0.0293589;0.0340059;0.0187489;0.0187488;0.0187498;0.0187481;0.0187496;0.0187491;0.989898;0.717748;1;0.602081;0.840586;0.993824;
9;0.00232525;-0.00351856;0.00228071;-0.00203896;0.0019886;-0.00301465;0.022448;0.0299974;0.0260666;0.03263;0.0292912;0.0361763;0.010952;0.0109512;0.0109529;0.010951;0.010953;0.0109519;1;0.680906;1;0.522916;0.880995;1;
10;0.000462708;-0.00115954;0.000436684;-0.00029546;0.000266116;-0.00086526;0.0197031;0.0299833;0.0238264;0.034279;0.0286514;0.0383081;0.00639873;0.00639721;0.00639959;0.00639734;0.00639995;0.00639821;0.859736;0.630374;1;0.594433;0.922944;1;
11;-0.0033758;0.0029689;-0.00339101;0.00347353;-0.00349064;0.00314076;0.017259;0.0303242;0.0213045;0.0363517;0.0276365;0.0404897;0.00373977;0.00373739;0.00518925;0.00373791;0.00641957;0.00373874;1;0.584642;1;0.633742;0.972366;1;
12;-0.0102712;0.0100336;-0.0102801;0.0103283;-0.0103383;0.010134;0.0159028;0.0313622;0.0188962;0.0384328;0.0265077;0.041939;0.00441246;0.00218384;0.00766203;0.00218474;0.00948623;0.00218553;1;0.547852;1;0.647554;1;1;
13;-0.0214564;0.0213177;-0.0214616;0.0214898;-0.0214956;0.0213763;0.0157936;0.0316009;0.0182713;0.03973;0.026777;0.0424881;0.00376447;0.00127649;0.00538586;0.00127762;0.00788389;0.00127838;1;0.380307;1;0.638198;1;1;
14;-0.038027;0.037946;-0.03803;0.0380465;-0.0380498;0.0379802;0.0176575;0.0310248;0.0206053;0.0369586;0.0271604;0.0401315;0.004308;0.00074695;0.00536445;0.000748044;0.00658188;0.00074876;1;0.58412;1;0.655282;0.971805;0.907197;
15;-0.0602891;0.0602419;-0.0602909;0.0603006;-0.0603025;0.0602619;0.0241386;0.0278996;0.0278178;0.0273729;0.02771;0.0311095;0.00251833;0.0023385;0.0031356;0.00164958;0.00384657;0.00312418;0.784993;0.739295;1;0.713255;0.801442;1;
16;-0.0867252;0.0866976;-0.0867262;0.086732;-0.086733;0.0867093;0.0434399;0.0246198;0.0470708;0.0102623;0.0350551;0.0164473;0.0014721;0.0148489;0.00328529;0.0071216;0.00224708;0.00862008;0.678444;1;0.768113;0.886215;0.419835;1;
17;-0.113113;0.113097;-0.113114;0.113117;-0.113118;0.113104;0.058246;0.0108837;0.0603685;-0.0268787;0.053349;-0.0232648;0.000859475;0.0217134;0.00191944;0.00772955;0.00131194;0.0103644;0.336337;1;0.792744;1;0;1;
18;-0.132797;0.132788;-0.132798;0.1328;-0.1328;0.132792;0.0955803;-0.0532541;0.0968198;-0.0772588;0.0927206;-0.0751424;0.000501522;0.0399287;0.00112052;0.00451618;0.000765834;0.0123821;0;1;0;0.68289;0;1;
19;-0.13831;0.138306;-0.13831;0.138311;-0.138312;0.138307;0.143602;-0.118869;0.144326;-0.1329;0.141932;-0.131659;0.000292472;0.0276558;0.000653957;0.00263886;0.000446867;0.00723399;0;1;0;0.651701;0;1;
20;-0.123566;0.123564;-0.123566;0.123566;-0.123567;0.123564;0.185987;-0.171533;0.18641;-0.179735;0.185012;-0.179006;0.000170383;0.0161532;0.000381472;0.00154181;0.000260511;0.00422605;0;1;0;0.655645;0;1;
21;-0.0843847;0.0843839;-0.0843848;0.084385;-0.0843851;0.0843836;0.214938;-0.204601;0.215185;-0.211285;0.214368;-0.210856;9.90699e-05;0.00943231;0.000222328;0.00090062;0.000151622;0.00246839;0;1;0;0.92361;0;1;
22;-0.0173045;0.0173041;-0.0173045;0.0173046;-0.0173044;0.0173038;0.230542;-0.20018;0.230686;-0.228407;0.230209;-0.220091;5.7389e-05;0.00550653;0.000129359;0.000525841;8.8002e-05;0.00144148;0;1;0;0.943948;0;1;
23;0.0725453;-0.0725456;0.0725453;-0.0725453;0.0725461;-0.0725457;0.229791;-0.173558;0.22912;-0.211663;0.228081;-0.208349;3.30331e-05;0.0032149;7.50323e-05;0.000307013;5.08403e-05;0.000842;0;1;0;1;0;1;
24;0.159618;-0.159619;0.159618;-0.159618;0.15962;-0.159618;0.217427;-0.135788;0.200829;-0.170384;0.194606;-0.183482;1.88487e-05;0.00424779;4.35144e-05;0.000179969;2.91331e-05;0.000492354;0;1;0;0.85616;0;1;
25;0.22249;-0.222492;0.22249;-0.22249;0.222491;-0.22249;0.200221;-0.0828029;0.190528;-0.124729;0.186847;-0.145986;1.05123e-05;0.0126767;2.48423e-05;0.00892646;1.64852e-05;0.000288518;0;1;0;1;0;1;
26;0.261127;-0.26113;0.261127;-0.261127;0.261128;-0.261127;0.171263;-0.018048;0.165603;-0.068471;0.163453;-0.102795;5.71598e-06;0.019649;1.41217e-05;0.0137464;9.10797e-06;0.00646319;0;1;0;1;0;1;
27;0.282492;-0.282495;0.282492;-0.282493;0.282493;-0.282492;0.13048;0.0352972;0.127173;0.0164408;0.125917;-0.0275933;0.00524817;0.0442766;7.89952e-06;0.0254075;4.83517e-06;0.0104259;0.640279;1;0;1;0;0.97657;
28;0.292154;-0.292156;0.292154;-0.292155;0.292155;-0.292154;0.0742823;0.0639507;0.0723514;0.05543;0.0716158;0.0638891;0.00685646;0.0258631;0.0299004;0.0148426;0.0123603;0.047301;1;0.772443;1;0.843703;0.590127;1;
29;0.29273;-0.293049;0.28216;-0.292731;0.290817;-0.292576;-0.00089772;0.0816276;-0.00201664;0.0766522;0.000447874;0.0815931;0.00710716;0.0151036;0.0364648;0.00866802;0.0380133;0.027624;1;0;1;0;1;0.380703;
30;0.283765;-0.283952;0.26938;-0.283766;0.282649;-0.283675;-0.0855949;0.132742;-0.0862358;0.129836;-0.0847922;0.132721;0.00415168;0.00882008;0.0333028;0.00506168;0.0446461;0.0161318;0.864017;0;1;0;1;0;
31;0.263375;-0.263485;0.254975;-0.263376;0.262724;-0.263323;-0.156344;0.183879;-0.156711;0.182182;-0.155864;0.183867;0.00242546;0.00515047;0.0194519;0.00295557;0.026079;0.00942049;1;0;1;0;1;0;
32;0.23181;-0.231874;0.226904;-0.23181;0.23143;-0.231779;-0.203364;0.219446;-0.203573;0.218455;-0.203076;0.219439;0.00421948;0.00300735;0.0113609;0.00172559;0.0152305;0.00550106;0.784332;0;1;0;1;0;
33;0.18955;-0.189587;0.186685;-0.18955;0.189328;-0.189532;-0.231063;0.240455;-0.231181;0.239877;-0.216629;0.240451;0.00246412;0.00175572;0.00663463;0.00100727;0.00889232;0.00321212;0.707651;0;1;0;1;0;
34;0.133932;-0.133953;0.132258;-0.133932;0.133802;-0.133921;-0.245661;0.251147;-0.231748;0.250809;-0.214795;0.251144;0.00143873;0.00102475;0.00387424;0.000587737;0.00518998;0.00187534;0.962201;0;1;0;1;0;
35;0.0591838;-0.0591966;0.0582068;-0.0591838;0.059109;-0.0591777;-0.239321;0.248949;-0.223507;0.250046;-0.196269;0.248622;0.000839811;0.000597874;0.00226239;0.000342719;0.00302962;0.00109464;1;0;1;0;1;0;
36;-0.0359182;0.0359108;-0.0364887;0.0359181;-0.0359615;0.0359217;-0.22;0.226758;-0.212788;0.236502;-0.173061;0.23626;0.000490313;0.000348588;0.0013213;0.000199633;0.00176927;0.00063873;1;0;1;0;1;0;
37;-0.132207;0.132203;-0.132541;0.132207;-0.132233;0.132209;-0.182906;0.202932;-0.190548;0.209626;-0.148669;0.202578;0.000286731;0.00020307;0.00077207;0.000116255;0.00897638;0.000372711;1;0;1;0;1;0;
38;-0.20502;0.205018;-0.205215;0.20502;-0.205036;0.205022;-0.142011;0.165859;-0.157146;0.200385;-0.0930809;0.174121;0.00222749;0.000118036;0.000451767;6.72742e-05;0.0154506;0.000217047;1;0;1;0;1;0;
39;-0.250954;0.250953;-0.251068;0.250955;-0.250964;0.250955;-0.0902229;0.156812;-0.113129;0.176975;-0.0474391;0.161637;-0.00903186;6.84919e-05;0.0019491;3.88364e-05;0.0169023;0.000126329;1;0;1;0;1;0;
40;-0.277083;0.277082;-0.277149;0.277083;-0.277089;0.277083;0.00588854;0.129302;-0.0589133;0.141078;0.0290629;0.13212;0.0420322;3.94812e-05;0.0078098;0.00880224;0.0289102;7.34329e-05;1;0;1;0.361707;1;0;
41;-0.289951;0.289951;-0.28999;0.289951;-0.289955;0.289951;0.0466594;0.0835646;0.050433;0.090447;0.0601603;0.0852117;0.0245525;2.28002e-05;0.0207688;0.00861535;0.0373955;0.01852;1;0.239497;1;0.61802;1;0.661561;
42;-0.293161;0.280202;-0.293184;0.293161;-0.293163;0.288073;0.0681476;0.0192279;0.0866512;0.020893;0.0662329;0.017844;0.0143392;0.0286948;0.0121299;0.00503381;0.0218389;0.0266836;0.200731;1;0.638494;0.736063;0;1;
43;-0.287142;0.26886;-0.287155;0.287142;-0.287144;0.269219;0.115095;-0.0640503;0.125901;-0.0630942;0.113977;-0.0648632;0.00837354;0.0424749;0.00708336;0.00319114;0.0127534;0.0312211;0;1;0;0.48092;0;1;
44;-0.270064;0.259388;-0.270072;0.270064;-0.270065;0.259597;0.16981;-0.139986;0.176121;-0.13944;0.169157;-0.140466;0.00488968;0.0269019;0.00413622;0.00186469;0.00744757;0.0182367;0;1;0;0.545365;0;1;
45;-0.241493;0.235258;-0.241497;0.241492;-0.241493;0.23538;0.210503;-0.193077;0.214188;-0.192766;0.210122;-0.19336;0.00285511;0.0157114;0.00241508;0.00108945;0.00434886;0.0106516;0;1;0;0.560165;0;1;
46;-0.202303;0.198662;-0.202305;0.202303;-0.202303;0.198733;0.235415;-0.223277;0.237567;-0.225056;0.235192;-0.225398;0.0016669;0.00917318;0.00140992;0.000636279;0.00253917;0.00622061;0;1;0;0.853724;0;1;
47;-0.150864;0.148739;-0.150866;0.150864;-0.150865;0.14878;0.248765;-0.218484;0.250022;-0.242714;0.248635;-0.230425;0.000972953;0.00535467;0.000822871;0.000371335;0.00148229;0.00363245;0;1;0;0.846598;0;1;
48;-0.0819838;0.0807431;-0.0819848;0.0819838;-0.0819842;0.0807665;0.252686;-0.203006;0.251457;-0.244588;0.25123;-0.220252;0.000567696;0.00312552;0.000480005;0.000216456;0.000865079;0.00212104;0;1;0;0.784743;0;1;
49;0.00835591;-0.00908;0.00835535;-0.00835596;0.00835566;-0.00906685;0.240686;-0.183289;0.240604;-0.228137;0.235415;-0.217361;0.000331008;0.00182452;0.000279797;0.000126193;0.000504621;0.00123868;0;1;0;0.987297;0;1;
50;0.107334;-0.107757;0.107334;-0.107335;0.107335;-0.10775;0.212214;-0.150939;0.211153;-0.200329;0.211661;-0.20012;0.000192802;0.00106601;0.000162868;7.39059e-05;0.000294139;0.00072373;0;1;0;1;0;1;
51;0.187852;-0.188099;0.187852;-0.187852;0.187852;-0.188094;0.176865;-0.110233;0.175627;-0.152851;0.178213;-0.166449;0.000112217;0.00782813;9.46337e-05;0.0050338;0.000171207;0.000423468;0;1;0;1;0;1;
52;0.240616;-0.240762;0.240616;-0.240617;0.240617;-0.240758;0.16853;-0.0516149;0.167167;-0.099997;0.169317;-0.126465;6.50341e-05;0.0207694;5.48509e-05;0.00943977;9.94976e-05;0.00169287;0;1;0;1;0;1;
53;0.27144;-0.271526;0.271439;-0.27144;0.27144;-0.271522;0.142843;0.00983354;0.142047;-0.035204;0.143302;-0.0764784;3.76039e-05;0.0353133;3.16589e-05;0.0210872;5.76153e-05;0.00529249;0;1;0;1;0;1;
54;0.287466;-0.287518;0.287466;-0.287467;0.287467;-0.287515;0.100619;0.0530867;0.100149;0.037043;0.100882;0.0312093;0.00961621;0.033197;1.81651e-05;0.0366026;3.31748e-05;0.0247545;0.892011;1;0;1;0;1;
55;0.293158;-0.293188;0.293158;-0.293159;0.293158;-0.293186;0.038803;0.0694595;0.0385336;0.0794571;0.0389633;0.0900899;0.012555;0.0193882;0.0282216;0.021377;0.0357254;0.0144598;1;0.261129;1;0.218613;1;0.847328;
56;0.289813;-0.289831;0.274366;-0.289813;0.290386;-0.289829;-0.0414814;0.104707;-0.041626;0.110546;-0.0413706;0.116755;0.00733359;0.0113222;0.0341914;0.0124836;0.0391639;0.00844397;0.633237;0;1;0;1;0;
57;0.275955;-0.275965;0.266934;-0.275955;0.27629;-0.275965;-0.121569;0.158494;-0.121645;0.161904;-0.121492;0.16553;0.00428398;0.00661174;0.0199722;0.00728993;0.0272811;0.00493081;0.784185;0;1;0;1;0;
58;0.250436;-0.250442;0.245168;-0.250436;0.250632;-0.250442;-0.181081;0.202646;-0.181119;0.204637;-0.181027;0.206755;0.00250244;0.00386075;0.0116656;0.00425685;0.0159335;0.00287913;0.835316;0;1;0;1;0;
59;0.214179;-0.214182;0.211102;-0.214179;0.214294;-0.214182;-0.218258;0.230853;-0.218275;0.232015;-0.218219;0.233252;0.00146157;0.00225412;0.00681314;0.00248551;0.00930336;0.00168092;0.895511;0;1;0;1;0;
60;0.166496;-0.166498;0.164699;-0.166496;0.166563;-0.166498;-0.239211;0.246567;-0.23357;0.247247;-0.220228;0.247969;0.000853363;0.00131583;0.00397846;0.00145103;0.00543028;0.000981156;0.809479;0;1;0;1;0;
61;0.103062;-0.103063;0.102013;-0.103062;0.103102;-0.103063;-0.248513;0.253581;-0.227424;0.253977;-0.206558;0.253667;0.000497974;0.000767857;0.0023232;0.000846876;0.00316945;0.000572455;1;0;1;0;1;0;
62;0.018414;-0.0184147;0.0178013;-0.018414;0.0184378;-0.0184147;-0.233223;0.239029;-0.220393;0.244832;-0.189454;0.244349;0.000290511;0.00044785;0.00135663;0.00049406;0.00184999;0.000333776;1;0;1;0;1;0;
63;-0.0808904;0.0808903;-0.0812482;0.0808904;-0.0808764;0.08089;-0.206798;0.217805;-0.205297;0.223205;-0.161934;0.22486;0.000169672;0.000260996;0.000792451;0.000288012;0.00108028;0.000194391;1;0;1;0;1;0;
64;-0.168493;0.168493;-0.168702;0.168493;-0.168485;0.168492;-0.167126;0.185676;-0.177408;0.208551;-0.123775;0.213722;9.99479e-05;0.000151878;0.000463511;0.000167795;0.00961897;0.000113068;1;0;1;0;1;0;
65;-0.228615;0.228615;-0.228737;0.228615;-0.228611;0.228615;-0.112483;0.148942;-0.139068;0.192062;-0.0703386;0.195082;0.00684575;8.81759e-05;0.00134428;9.7478e-05;0.0194468;6.55402e-05;1;0;1;0;1;0;
66;-0.264692;0.264692;-0.264762;0.264691;-0.26469;0.264691;-0.0536634;0.137622;-0.0923922;0.162805;-0.00113588;0.164568;0.0282076;5.10137e-05;0.00203988;5.65161e-05;0.0235831;3.78773e-05;1;0;1;0;1;0;
67;-0.284218;0.284217;-0.284258;0.284216;-0.284217;0.284216;0.0318698;0.105926;-0.00706643;0.120636;0.0388805;0.121663;0.0348249;2.93381e-05;0.010419;0.0149841;0.0271344;2.17528e-05;1;0;1;0.45725;1;0;
68;-0.29249;0.292489;-0.292513;0.292489;-0.292489;0.292489;0.0595049;0.0532132;0.0730789;0.0618015;0.0688369;0.062404;0.020341;0.0218382;0.0329478;0.00875333;0.0158506;0.0337007;1;1;1;0.467458;0.759269;1;
69;-0.291686;0.285461;-0.291451;0.291683;-0.291727;0.275994;0.0868494;-0.0165218;0.0947768;-0.0160054;0.0922991;-0.0156423;0.0118786;0.0393075;0.0192411;0.00511376;0.00925624;0.0347888;0;1;0;0.618585;0;1;
70;-0.280941;0.277306;-0.280804;0.280939;-0.280965;0.264876;0.141105;-0.100019;0.145735;-0.0997312;0.144288;-0.0995093;0.00693672;0.0352527;0.0112364;0.00298762;0.00540521;0.0239977;0;1;0;0.39385;0;1;
71;-0.258577;0.256455;-0.258497;0.258576;-0.258591;0.249195;0.19051;-0.166502;0.193214;-0.166347;0.192369;-0.16621;0.00405055;0.0227639;0.0065615;0.00174554;0.0031562;0.0140174;0;1;0;0.716634;0;1;
72;-0.225212;0.223972;-0.225165;0.225211;-0.22522;0.219732;0.22358;-0.209551;0.225159;-0.209468;0.224666;-0.209383;0.00236504;0.0132938;0.00383142;0.00101966;0.0018427;0.00818683;0;1;0;0.835151;0;1;
73;-0.180948;0.180224;-0.180921;0.180948;-0.180953;0.177748;0.242691;-0.218907;0.243613;-0.234448;0.243325;-0.234395;0.00138068;0.00776096;0.00223704;0.000595362;0.00107557;0.00478086;0;1;0;0.871991;0;1;
74;-0.12247;0.122048;-0.122454;0.122469;-0.122473;0.120601;0.252047;-0.211771;0.252585;-0.247233;0.252417;-0.229772;0.000805808;0.00452979;0.00130589;0.000347348;0.000627544;0.00279169;0;1;0;0.853582;0;1;
75;-0.0438947;0.0436488;-0.0438854;0.0438946;-0.0438963;0.0428035;0.248236;-0.193702;0.246545;-0.237312;0.247815;-0.2229;0.000470071;0.00264424;0.000762086;0.000202472;0.00036591;0.00163019;0;1;0;1;0;1;
76;0.0534501;-0.0535934;0.0534555;-0.0534502;0.0534494;-0.0540873;0.233405;-0.168079;0.2328;-0.215107;0.223272;-0.209954;0.000274002;0.00154436;0.00044452;0.000118165;0.000213127;0.000952157;0;1;0;1;0;1;
77;0.146925;-0.147009;0.146928;-0.146925;0.146925;-0.147297;0.225808;-0.135985;0.220955;-0.179091;0.195835;-0.188497;0.000159529;0.00571465;0.000259144;6.95591e-05;0.000123929;0.000556615;0;1;0;0.909402;0;1;
78;0.214778;-0.214828;0.21478;-0.214778;0.214778;-0.214995;0.206931;-0.0869511;0.204096;-0.127422;0.157658;-0.150818;9.26736e-05;0.0169865;0.000150823;0.00405585;7.18386e-05;0.00186712;0;1;0;1;0;1;
79;0.256704;-0.256735;0.256705;-0.256704;0.256704;-0.256831;0.177304;-0.0226997;0.175649;-0.073472;0.148529;-0.107208;5.368e-05;0.0239277;8.76613e-05;0.0107794;4.1477e-05;0.0015839;0;1;0;1;0;1;
80;0.280131;-0.280151;0.280132;-0.280133;0.280132;-0.280206;0.13676;0.0295838;0.135791;0.0143437;0.119953;-0.039957;0.00403567;0.0356895;5.08181e-05;0.0335008;2.37572e-05;0.0106162;0.454312;1;0;1;0;1;
81;0.29115;-0.291162;0.291151;-0.291151;0.29115;-0.291193;0.0817256;0.0618535;0.0811588;0.0499866;0.0719079;0.0565323;0.00813643;0.0208488;0.0241035;0.0195694;0.00482499;0.0276657;1;1;1;1;0.771186;1;
82;0.292813;-0.29282;0.292813;-0.292814;0.283204;-0.292838;0.00802427;0.0758301;0.00769803;0.0689003;0.00284962;0.0727252;0.0135847;0.0121755;0.0184699;0.0114286;0.0338558;0.0161579;1;0;1;0;1;0.629471;
83;0.285021;-0.285025;0.285021;-0.285022;0.280952;-0.285036;-0.0769672;0.125939;-0.0771452;0.121892;-0.079972;0.124125;0.007935;0.00711009;0.0339648;0.0066738;0.0464184;0.00943572;0.956102;0;1;0;1;0;
84;0.265889;-0.265892;0.265889;-0.26589;0.263513;-0.265898;-0.150073;0.178674;-0.15017;0.17631;-0.151816;0.177615;0.00463502;0.00415187;0.0198387;0.00389705;0.0271147;0.00551;1;0;1;0;1;0;
85;0.23544;-0.235442;0.23544;-0.23544;0.234053;-0.235445;-0.199485;0.216188;-0.199535;0.214808;-0.200494;0.21557;0.00270724;0.00242418;0.011587;0.00227541;0.0158352;0.00321736;1;0;1;0;1;0;
86;0.194343;-0.194344;0.194344;-0.194344;0.193533;-0.194346;-0.22888;0.238636;-0.228906;0.23783;-0.216795;0.238275;0.001581;0.00141516;0.00676677;0.00132837;0.0092455;0.00187846;1;0;1;0;1;0;
87;0.140326;-0.140327;0.140326;-0.140326;0.139853;-0.140328;-0.244604;0.250302;-0.231948;0.249832;-0.215746;0.250091;0.000923011;0.000825865;0.00395143;0.000775257;0.00539643;0.0010965;1;0;1;0;1;0;
88;0.0677849;-0.0677852;0.067785;-0.0677849;0.0675094;-0.0677859;-0.241196;0.249977;-0.224507;0.250839;-0.199578;0.250351;0.000538624;0.000481724;0.00230746;0.000452238;0.00314999;0.000639799;1;0;1;0;1;0;
89;-0.0257062;0.0257063;-0.0257061;0.0257061;-0.0258668;0.0257055;-0.222919;0.229919;-0.214364;0.238364;-0.1773;0.237485;0.000314377;0.000280755;0.00134758;0.000263586;0.0018393;0.000373121;1;0;1;0;1;0;
90;-0.123251;0.123252;-0.123251;0.123251;-0.123345;0.123251;-0.194091;0.206511;-0.196295;0.205291;-0.14593;0.205218;0.000183947;0.00016339;0.000787386;0.000153437;0.00126571;0.000217386;1;0;1;0;1;0;
91;-0.198942;0.198943;-0.198942;0.198942;-0.198998;0.198942;-0.142424;0.168741;-0.159565;0.169831;-0.102872;0.170302;0.00773384;9.48594e-05;0.00132749;8.92078e-05;0.0106811;0.00012649;1;0;1;0;1;0;
92;-0.247327;0.247327;-0.247326;0.247326;-0.24736;0.247326;-0.0885291;0.159641;-0.119794;0.161114;-0.0412057;0.16139;0.0150392;5.4918e-05;0.00300375;5.16226e-05;0.0223353;7.34483e-05;1;0;1;0;1;0;
93;-0.275124;0.275124;-0.275123;0.275123;-0.275145;0.275123;-0.0188004;0.133484;-0.0665639;0.134345;0.0179504;0.134505;0.0311463;3.15916e-05;0.00427369;3.00768e-05;0.0368805;4.25255e-05;1;0;1;0.274714;1;0;
94;-0.289121;0.289121;-0.289121;0.28912;-0.289133;0.289121;0.0367178;0.0894715;0.047327;0.0899802;0.0557295;0.0900698;0.0229506;1.80399e-05;0.0355142;0.0073176;0.0415018;0.0150663;1;0;1;0.713034;1;0.804446;
95;-0.293239;0.290837;-0.293238;0.293238;-0.293246;0.293238;0.0774533;0.0269362;0.0880295;0.0250957;0.0527178;0.0251547;0.0134035;0.0326797;0.020742;0.00527517;0.0242372;0.0218971;0.190762;1;0.680709;0.744317;0.320561;1;
96;-0.288223;0.288314;-0.288223;0.288223;-0.288228;0.277638;0.116555;-0.0555732;0.122731;-0.0566656;0.102109;-0.0566182;0.00782712;0.0436001;0.0121127;0.00349876;0.0141541;0.0323539;0;1;0;0.441334;0;1;
97;-0.27234;0.272394;-0.27234;0.27234;-0.272343;0.266159;0.168914;-0.133288;0.172521;-0.133938;0.160478;-0.133903;0.00457058;0.0281275;0.00707335;0.00204434;0.00826554;0.0188985;0;1;0;0.533055;0;1;
98;-0.244882;0.244913;-0.244882;0.244882;-0.244883;0.241272;0.20959;-0.188775;0.211697;-0.189164;0.204664;-0.189137;0.00266876;0.0164273;0.00413036;0.0011944;0.00482656;0.0110384;0;1;0;0.566327;0;1;
