1;-0.000363586;0.000116064;9.94835e-05;-0.000363586;0.000116064;9.94835e-05;0.0349769;0.0347456;0.0352595;0.034977;0.0347457;0.0352595;0.808667;0.808665;0.808666;0.808667;0.808665;0.808666;0;0;0;0;0;0;
2;-0.0203657;0.00026257;0.000799807;-0.000898761;-0.00059085;-0.000970523;0.180121;0.172788;0.177517;0.159471;0.160456;0.164764;0.472456;0.472452;0.472459;0.472431;0.472433;0.47244;1;1;1;1;1;1;
3;-0.0299351;0.00385769;0.00546019;-0.0022802;-0.00099669;-0.00166501;0.105283;0.100929;0.103761;0.0960421;0.0965232;0.0977233;0.275934;0.275931;0.275934;0.275917;0.275918;0.275922;1;0.7908;0.935426;0.628581;0.58185;1;
4;-0.0168471;0.00161807;0.00382354;-0.00196642;5.29553e-05;-0.00122434;0.0614629;0.0589748;0.060575;0.0561205;0.0563479;0.0571027;0.161151;0.161149;0.161151;0.161141;0.161142;0.161144;0.887536;0.784858;1;0.613035;0.76428;1;
5;-0.00896238;6.88692e-05;0.00310908;-0.00202452;0.00090702;-0.00159117;0.0356432;0.0347018;0.0351258;0.0330345;0.032657;0.0336083;0.0941148;0.0941145;0.0941158;0.0941093;0.0941101;0.0941113;1;0.770965;1;0.620281;0.785792;1;
6;-0.00412652;-0.00106723;0.00292312;-0.00228971;0.00163713;-0.00203665;0.0280021;0.0315858;0.0341925;0.0302161;0.0322611;0.0359068;0.0549654;0.0549652;0.0549663;0.0549621;0.0549629;0.0549635;1;0.740649;1;0.604956;0.781091;1;
7;-0.00116652;-0.00186655;0.00326904;-0.00258048;0.00219941;-0.0024327;0.0253815;0.0287905;0.0290263;0.0291508;0.029063;0.0323278;0.0321023;0.032102;0.0321032;0.0321002;0.0321012;0.0321013;1;0.727827;1;0.608153;0.643726;1;
8;0.00045241;-0.00222364;0.00304272;-0.00257235;0.00241807;-0.00255428;0.0235772;0.0291559;0.0290701;0.0291211;0.0284271;0.0343095;0.0187504;0.0187497;0.0187512;0.0187487;0.0187501;0.0187497;1;0.707331;1;0.602796;0.923968;1;
9;0.00080263;-0.00183697;0.00231534;-0.00204062;0.00195057;-0.00203007;0.0222343;0.0294482;0.0265493;0.0327846;0.0294914;0.0365691;0.0109529;0.0109517;0.0109537;0.0109514;0.0109532;0.0109522;1;0.676502;1;0.589594;1;1;
10;-0.000426502;-0.000177508;0.000456902;-0.000296433;0.00024392;-0.000290288;0.0201439;0.0295452;0.0238066;0.0346266;0.0285255;0.0378055;0.00639922;0.00639745;0.0064001;0.00639759;0.00640012;0.0063984;0.977778;0.625578;1;0.563223;1;1;
11;-0.00389509;0.0035424;-0.00337921;0.00347295;-0.00350359;0.00347653;0.0177766;0.0303311;0.022309;0.0342556;0.0313241;0.038496;0.00374006;0.0037375;0.00562922;0.00373805;0.00995084;0.00373882;1;0.583047;1;0.536503;1;0.99108;
12;-0.0105745;0.0103685;-0.0102732;0.010328;-0.0103458;0.0103301;0.0171866;0.0323271;0.0206805;0.0394983;0.0271981;0.0424027;0.00638737;0.00218381;0.0061453;0.00218471;0.00972156;0.00218543;1;0.533588;1;0.525754;1;0.958201;
13;-0.0216335;0.0215133;-0.0214576;0.0214896;-0.0215;0.0214908;0.0154702;0.0299247;0.017862;0.0388143;0.0258115;0.0422193;0.00789428;0.00127646;0.00547601;0.00127765;0.00867518;0.00127834;1;0.518936;1;0.523616;1;0.954795;
14;-0.0381304;0.0380602;-0.0380277;0.0380464;-0.0380524;0.0380471;0.0180792;0.0308892;0.0211115;0.0369611;0.0267607;0.0398334;0.00461318;0.0007469;0.00595589;0.000748087;0.0070183;0.000748746;1;0.584819;1;0.554482;0.974033;1;
15;-0.0603495;0.0603086;-0.0602896;0.0603005;-0.060304;0.0603009;0.0244561;0.0277767;0.0281877;0.0278092;0.0279158;0.0312802;0.00269655;0.00174174;0.00348101;0.00186788;0.00410143;0.00273901;1;0.736933;1;0.604894;0.801462;1;
16;-0.0867605;0.0867366;-0.0867254;0.0867319;-0.0867339;0.0867321;0.0434906;0.0241502;0.0477251;0.0105568;0.0353603;0.0164592;0.00157618;0.0149499;0.00261945;0.0069967;0.00239591;0.00870965;0.634114;1;0.965887;0.617276;0.413249;1;
17;-0.113134;0.113119;-0.113113;0.113117;-0.113118;0.113117;0.0582756;0.00955506;0.0607506;-0.0267067;0.0535272;-0.0232579;0.000920267;0.0200026;0.00153057;0.00786718;0.00139885;0.0102103;0.313924;1;0.647847;1;0;1;
18;-0.132809;0.132802;-0.132798;0.1328;-0.1328;0.1328;0.0955976;-0.0542296;0.097043;-0.0771584;0.0928247;-0.0751385;0.000537027;0.0383934;0.000893431;0.00459655;0.000816584;0.00945794;0;1;0;0.621459;0;1;
19;-0.138317;0.138313;-0.13831;0.138311;-0.138312;0.138311;0.143612;-0.119439;0.144456;-0.132841;0.141993;-0.131656;0.000313225;0.0259347;0.000521334;0.00268576;0.000476481;0.00552631;0;1;0;0.879001;0;1;
20;-0.12357;0.123568;-0.123566;0.123566;-0.123567;0.123566;0.185993;-0.171866;0.186486;-0.179701;0.185047;-0.179005;0.000182491;0.015148;0.000304025;0.00156923;0.000277818;0.00322872;0;1;0;0.659386;0;1;
21;-0.0843871;0.0843865;-0.0843847;0.084385;-0.0843852;0.0843851;0.214941;-0.202723;0.215229;-0.211265;0.214389;-0.210855;0.000106145;0.00884545;0.000177099;0.000916636;0.00016173;0.00188594;0;1;0;0.686611;0;1;
22;-0.0173058;0.0173056;-0.0173045;0.0173046;-0.0173045;0.0173047;0.230544;-0.198303;0.230712;-0.228395;0.230221;-0.220359;6.15202e-05;0.00516398;0.000102944;0.000535202;9.3906e-05;0.00110133;0;1;0;0.736347;0;1;
23;0.0725446;-0.0725448;0.0725454;-0.0725454;0.072546;-0.0725453;0.229841;-0.173771;0.229283;-0.211989;0.228107;-0.208811;3.5446e-05;0.00301484;5.96028e-05;0.000312493;5.42862e-05;0.000643356;0;1;0;0.652544;0;1;
24;0.159618;-0.159619;0.159618;-0.159618;0.15962;-0.159618;0.220634;-0.134601;0.205898;-0.17083;0.1939;-0.184083;2.02314e-05;0.00253723;3.44634e-05;0.000183157;3.11415e-05;0.000376329;0;1;0;1;0;1;
25;0.22249;-0.222491;0.22249;-0.22249;0.222491;-0.22249;0.202094;-0.0845408;0.193488;-0.126171;0.186293;-0.145705;1.13279e-05;0.0138526;1.95755e-05;0.00300655;1.76633e-05;0.000378849;0;1;0;1;0;1;
26;0.261127;-0.261129;0.261127;-0.261127;0.261128;-0.261127;0.172357;-0.0188986;0.167331;-0.0684412;0.163129;-0.101935;6.19215e-06;0.021046;1.10392e-05;0.00862019;9.79818e-06;0.00665706;0;1;0;0.866493;0;1;
27;0.282492;-0.282495;0.282492;-0.282493;0.282493;-0.282492;0.131119;0.0447718;0.128182;0.0138422;0.125728;-0.0279577;0.00731713;0.0490694;6.08673e-06;0.0283964;5.23702e-06;0.00868272;0.715573;1;0;1;0;1;
28;0.292154;-0.292156;0.292154;-0.292155;0.292155;-0.292154;0.074656;0.0689866;0.0729409;0.0563974;0.0715053;0.064638;0.00439749;0.0286617;0.0314232;0.0165881;0.0123474;0.0299203;0.941012;1;1;0.813278;0.783696;1;
29;0.29273;-0.292948;0.28858;-0.292731;0.290283;-0.29273;-0.000679185;0.0845685;-0.00167287;0.0772171;-0.00107509;0.0820308;0.00776161;0.0167379;0.0275574;0.00968733;0.0375091;0.0174739;0.786711;0;1;0;1;0.384526;
30;0.283765;-0.283893;0.279113;-0.283766;0.282337;-0.283765;-0.0854672;0.134459;-0.0860353;0.130166;-0.0856815;0.132977;0.00453394;0.00977448;0.0336585;0.00565697;0.0429851;0.0102042;0.488924;0;1;0;1;0;
31;0.263375;-0.26345;0.260659;-0.263376;0.262542;-0.263376;-0.15627;0.184882;-0.156594;0.182375;-0.156383;0.184016;0.00264874;0.00570784;0.0196596;0.00330321;0.0251085;0.0059588;0.939776;0;1;0;1;0;
32;0.23181;-0.231854;0.230224;-0.23181;0.231324;-0.23181;-0.203321;0.220031;-0.203505;0.218567;-0.20338;0.219526;0.0015472;0.00333284;0.0114822;0.00192861;0.0146629;0.00347946;0.865951;0;1;0;1;0;
33;0.18955;-0.189575;0.188623;-0.18955;0.189266;-0.18955;-0.231038;0.240797;-0.231141;0.239942;-0.216794;0.240502;0.000903513;0.00194581;0.00670551;0.00112583;0.00856063;0.00203152;0.926172;0;1;0;1;0;
34;0.133932;-0.133946;0.133391;-0.133932;0.133766;-0.133932;-0.245646;0.251346;-0.231414;0.250847;-0.214729;0.251174;0.000527341;0.00113576;0.00391566;0.000656979;0.00499625;0.00118588;0.957632;0;1;0;1;0;
35;0.0591838;-0.0591926;0.0588681;-0.0591839;0.0590878;-0.0591839;-0.239425;0.24919;-0.223519;0.250212;-0.197042;0.248537;0.000307564;0.000662698;0.0022866;0.000383155;0.00291638;0.000692005;1;0;1;0;1;0;
36;-0.0359181;0.0359132;-0.0361025;0.0359181;-0.0359739;0.035918;-0.220165;0.226593;-0.212831;0.236569;-0.173636;0.236134;0.000179485;0.000386444;0.00133545;0.000223249;0.00170306;0.000403594;1;0;1;0;1;0;
37;-0.132207;0.132205;-0.132315;0.132207;-0.13224;0.132207;-0.182982;0.202716;-0.191174;0.213341;-0.148523;0.202421;0.000105207;0.000225174;0.00078034;0.000130018;0.00797914;0.000235395;1;0;1;0;1;0;
38;-0.20502;0.205019;-0.205083;0.20502;-0.20504;0.20502;-0.134723;0.168127;-0.157475;0.202554;-0.0930971;0.175183;0.00587819;0.000130949;0.000456602;7.53642e-05;0.0137612;0.000136862;1;0;1;0;1;0;
39;-0.250955;0.250954;-0.250991;0.250954;-0.250967;0.250954;-0.080933;0.158136;-0.116547;0.178242;-0.0322773;0.162257;0.0203152;7.59828e-05;0.00264159;4.35698e-05;0.0174927;7.95342e-05;1;0;1;0;1;0;
40;-0.277084;0.277083;-0.277104;0.277083;-0.277092;0.277083;-0.00298609;0.130076;-0.0604986;0.141818;0.0212295;0.132482;0.0279517;4.3891e-05;0.00154402;2.53938e-05;0.0345142;4.6094e-05;1;0;1;0.176664;1;0;
41;-0.289952;0.289951;-0.289964;0.289951;-0.289957;0.289951;0.0484318;0.0840165;0.0514619;0.0908786;0.0609954;0.0854242;0.0247325;2.55787e-05;0.0452689;0.0104185;0.0294182;0.0177997;1;0.461573;1;0.56285;1;1;
42;-0.293161;0.289054;-0.293168;0.293161;-0.293164;0.288179;0.0659013;0.0203804;0.0855933;0.0211451;0.0660168;0.017968;0.0144442;0.0313271;0.0264378;0.00608692;0.0171801;0.0319715;0.418615;1;0.73616;0.579111;0;1;
43;-0.287143;0.286112;-0.287147;0.287142;-0.287144;0.27552;0.113783;-0.0633767;0.125283;-0.0629475;0.113851;-0.0647902;0.00843491;0.0462351;0.0154391;0.00355606;0.0100328;0.0310776;0;1;0;0.560994;0;1;
44;-0.270065;0.269463;-0.270067;0.270064;-0.270066;0.263277;0.169044;-0.139593;0.17576;-0.139355;0.169083;-0.140423;0.00492553;0.0303236;0.00901595;0.00207776;0.0058587;0.0181529;0;1;0;0.548311;0;1;
45;-0.241493;0.241142;-0.241494;0.241492;-0.241493;0.237529;0.210056;-0.192847;0.213978;-0.192716;0.210079;-0.193335;0.00287604;0.0177104;0.00526481;0.00121388;0.00342097;0.0106027;0;1;0;0.569788;0;1;
46;-0.202303;0.202098;-0.202304;0.202303;-0.202303;0.199988;0.235154;-0.21993;0.237444;-0.225027;0.235167;-0.225383;0.00167913;0.0103408;0.00307415;0.000708945;0.00199729;0.00619208;0;1;0;0.60825;0;1;
47;-0.150865;0.150745;-0.150865;0.150864;-0.150865;0.149513;0.248612;-0.217038;0.24995;-0.242697;0.24862;-0.231373;0.000980094;0.0060368;0.00179477;0.00041378;0.00116584;0.00361583;0;1;0;0.643109;0;1;
48;-0.0819839;0.0819149;-0.0819842;0.0819839;-0.0819842;0.0811946;0.252006;-0.204519;0.251308;-0.243676;0.252002;-0.225992;0.000571864;0.00352396;0.00104759;0.000241234;0.000680269;0.00211145;0;1;0;0.580459;0;1;
49;0.00835578;-0.00839576;0.00835559;-0.00835584;0.00835575;-0.00881671;0.241104;-0.184346;0.23993;-0.227589;0.233889;-0.217846;0.000333437;0.0020572;0.000611271;0.000140659;0.000396698;0.00123304;0;1;0;0.72954;0;1;
50;0.107334;-0.107358;0.107334;-0.107334;0.107335;-0.107603;0.213439;-0.152719;0.211341;-0.200395;0.210496;-0.200464;0.000194224;0.00120157;0.000356451;8.23491e-05;0.000231113;0.000720413;0;1;0;0.815949;0;1;
51;0.187852;-0.187866;0.187852;-0.187852;0.187852;-0.188009;0.196879;-0.109589;0.176665;-0.152649;0.173626;-0.166707;0.000113053;0.00562625;0.000207681;0.00431464;0.000134409;0.000421521;0;1;0;1;0;1;
52;0.240616;-0.240626;0.240616;-0.240616;0.240617;-0.240708;0.180218;-0.0549173;0.166007;-0.0956258;0.13496;-0.127604;6.55113e-05;0.019091;0.000120863;0.0124142;7.79939e-05;0.00430024;0;1;0;1;0;0.928413;
53;0.27144;-0.271447;0.271439;-0.27144;0.27144;-0.271493;0.149668;0.0170029;0.141369;-0.0352711;0.123238;-0.0797845;3.78726e-05;0.0235459;7.02367e-05;0.0194686;4.50764e-05;0.00251267;0;1;0;1;0;1;
54;0.287466;-0.287472;0.287466;-0.287467;0.287467;-0.287498;0.104605;0.0551795;0.0997535;0.0401585;0.0891647;0.0259494;0.0130526;0.0320961;4.06842e-05;0.0411667;2.58856e-05;0.0459918;0.777393;1;0;1;0.0532683;1;
55;0.293158;-0.293161;0.293158;-0.293159;0.291596;-0.293176;0.0411301;0.0695119;0.038303;0.0697745;0.0333578;0.0793148;0.00762565;0.0187452;0.0211297;0.0240421;0.0280427;0.0268619;0.975077;0.236256;1;0.248283;1;0.772592;
56;0.289813;-0.289815;0.288029;-0.289813;0.286243;-0.289824;-0.0401224;0.104738;-0.041761;0.104891;-0.0439531;0.110463;0.00445489;0.0109467;0.0291761;0.01404;0.0367374;0.0156867;0.67564;0;1;0;1;0;
57;0.275955;-0.275956;0.274913;-0.275955;0.273871;-0.275961;-0.120775;0.158512;-0.121725;0.158602;-0.123001;0.161855;0.00260285;0.00639244;0.0170427;0.00819892;0.0275699;0.0091606;0.808333;0;1;0;1;0;
58;0.250436;-0.250437;0.249828;-0.250436;0.249219;-0.25044;-0.180618;0.202657;-0.181165;0.202709;-0.181908;0.204609;0.00152064;0.00373268;0.00995506;0.0047877;0.0161028;0.00534929;1;0;1;0;1;0;
59;0.214179;-0.214179;0.213824;-0.214179;0.213468;-0.214181;-0.217987;0.230859;-0.218302;0.230889;-0.218734;0.231999;0.000888202;0.00217933;0.0058141;0.00279552;0.00940225;0.00312349;0.818181;0;1;0;1;0;
60;0.166496;-0.166496;0.166288;-0.166496;0.166081;-0.166497;-0.239053;0.246571;-0.233919;0.246589;-0.219738;0.247237;0.000518524;0.00127216;0.00339501;0.00163207;0.00548796;0.00182361;0.958018;0;1;0;1;0;
61;0.103062;-0.103062;0.102941;-0.103062;0.10282;-0.103063;-0.248693;0.253583;-0.22723;0.253593;-0.206481;0.253844;0.000302439;0.000742348;0.00198247;0.000952608;0.00320313;0.00106443;0.978561;0;1;0;1;0;
62;0.0184141;-0.018414;0.0183434;-0.0184141;0.0182734;-0.0184146;-0.233114;0.239142;-0.220288;0.244776;-0.189735;0.244372;0.000176314;0.000432953;0.00115765;0.000555807;0.00186963;0.000621093;1;0;1;0;1;0;
63;-0.0808903;0.0808908;-0.0809315;0.0808903;-0.0809724;0.08089;-0.206732;0.217874;-0.205119;0.223495;-0.16204;0.224774;0.00010298;0.000252294;0.000676253;0.000324073;0.00109172;0.000362184;1;0;1;0;1;0;
64;-0.168493;0.168493;-0.168517;0.168493;-0.168541;0.168492;-0.166963;0.186046;-0.177573;0.210858;-0.123612;0.213367;6.09911e-05;0.000146796;0.000395651;0.000188836;0.00892702;0.000211063;1;0;1;0;1;0;
65;-0.228615;0.228615;-0.228629;0.228615;-0.228644;0.228615;-0.114721;0.148439;-0.139247;0.19341;-0.0710469;0.194875;0.00737696;8.52042e-05;0.00168528;0.000109773;0.0209714;0.000122767;1;0;1;0;1;0;
66;-0.264692;0.264692;-0.264699;0.264691;-0.26471;0.264691;-0.0519876;0.137329;-0.0927255;0.163592;-0.0120089;0.164447;0.0279797;4.92791e-05;0.00258639;6.36923e-05;0.0394937;7.12943e-05;1;0;1;0;1;0;
67;-0.284217;0.284217;-0.284221;0.284216;-0.284229;0.284216;0.0264044;0.105755;-0.01084;0.121096;0.0440801;0.121592;0.0316362;2.83426e-05;0.0326489;0.0157591;0.0322783;4.13005e-05;1;0;1;0.488885;1;0;
68;-0.292489;0.292489;-0.292492;0.292489;-0.292496;0.292489;0.0629304;0.0531134;0.0790704;0.0620704;0.0706517;0.0623625;0.0184786;0.0258126;0.0191472;0.00920612;0.0188547;0.0369363;1;1;1;0.602721;0.744222;1;
69;-0.291686;0.290154;-0.291687;0.291686;-0.291747;0.286503;0.0888498;-0.0167774;0.0982757;-0.0158487;0.0933589;-0.0156666;0.010791;0.0384472;0.0111816;0.005378;0.0110106;0.0242663;0;1;0;0.507984;0;1;
70;-0.280941;0.280047;-0.280942;0.280941;-0.280977;0.277914;0.142273;-0.100166;0.147778;-0.09964;0.144906;-0.0995222;0.00630149;0.0412149;0.00652952;0.00314191;0.00642977;0.0270263;0;1;0;0.438362;0;1;
71;-0.258577;0.258055;-0.258578;0.258577;-0.258598;0.256809;0.191192;-0.16659;0.194407;-0.166293;0.19273;-0.166218;0.0036796;0.0240738;0.00381279;0.00183568;0.00375453;0.0157859;0;1;0;0.559344;0;1;
72;-0.225212;0.224907;-0.225212;0.225211;-0.225224;0.224179;0.223979;-0.209602;0.225856;-0.209437;0.224877;-0.209388;0.00214841;0.0140586;0.00222618;0.00107229;0.00219211;0.00921969;0;1;0;0.76169;0;1;
73;-0.180948;0.18077;-0.180948;0.180948;-0.180955;0.180345;0.242923;-0.218925;0.24402;-0.23443;0.243448;-0.234363;0.00125417;0.00820782;0.00129959;0.000626104;0.00127963;0.00538406;0;1;0;0.81091;0;1;
74;-0.12247;0.122366;-0.12247;0.12247;-0.122474;0.122118;0.252183;-0.212052;0.252823;-0.247222;0.252489;-0.229314;0.000731918;0.00479114;0.000758423;0.000365311;0.000746715;0.00314399;0;1;0;0.589032;0;1;
75;-0.0438947;0.0438349;-0.0438948;0.0438947;-0.0438971;0.0436892;0.248067;-0.195645;0.24661;-0.237958;0.247921;-0.223103;0.000426916;0.00279681;0.000442373;0.000212976;0.000435502;0.00183593;0;1;0;0.601187;0;1;
76;0.05345;-0.0534848;0.05345;-0.0534501;0.053449;-0.0535701;0.233589;-0.170195;0.232775;-0.215271;0.224181;-0.21013;0.000248805;0.00163318;0.000257811;0.000124286;0.000253765;0.00107231;0;1;0;0.701872;0;1;
77;0.146925;-0.146945;0.146925;-0.146925;0.146925;-0.146995;0.225828;-0.136828;0.222431;-0.179239;0.195151;-0.188259;0.000144819;0.00548817;0.000150099;7.31316e-05;0.000147656;0.000626769;0;1;0;0.923495;0;1;
78;0.214778;-0.214791;0.214778;-0.214778;0.214778;-0.214819;0.206942;-0.0863588;0.204958;-0.128147;0.157298;-0.150776;8.40921e-05;0.0133863;8.71596e-05;0.00388989;8.5693e-05;0.0014597;0;1;0;1;0;1;
79;0.256704;-0.256713;0.256704;-0.256704;0.256704;-0.256728;0.177311;-0.0241141;0.176152;-0.0746947;0.148319;-0.107446;4.86674e-05;0.0254196;5.04839e-05;0.00867188;4.95598e-05;0.0045059;0;1;0;1;0;1;
80;0.280131;-0.280138;0.280131;-0.280133;0.280132;-0.280145;0.136764;0.0319665;0.136085;0.0110706;0.119831;-0.0401115;0.00571178;0.0354811;2.91109e-05;0.0290758;2.84709e-05;0.00438809;0.476525;1;0;1;0;1;
81;0.29115;-0.291154;0.29115;-0.291151;0.29115;-0.291158;0.0817278;0.0605973;0.0813302;0.047668;0.071836;0.0551148;0.006822;0.0207271;0.0192029;0.0169851;0.00217268;0.0383649;0.813046;1;0.987657;0.909647;0.496739;1;
82;0.292813;-0.292816;0.289564;-0.292814;0.282927;-0.292817;0.00802425;0.0750967;0.00779867;0.0675466;0.00382697;0.0718969;0.00398663;0.0121046;0.0260148;0.00991956;0.0307018;0.022406;1;0;1;0;1;0.575975;
83;0.285021;-0.285023;0.280579;-0.285022;0.282512;-0.285024;-0.0769675;0.12551;-0.0770859;0.121101;-0.0786117;0.123642;0.00232938;0.00706867;0.0323232;0.00579254;0.0450678;0.0130845;0.562363;0;1;0;1;0;
84;0.265889;-0.26589;0.263295;-0.26589;0.264424;-0.265891;-0.150073;0.178424;-0.150136;0.175849;-0.151023;0.177332;0.00136135;0.00412766;0.0188799;0.00338241;0.0263246;0.00764091;0.798452;0;1;0;1;0;
85;0.23544;-0.235441;0.233925;-0.23544;0.234585;-0.235441;-0.199485;0.216042;-0.199515;0.214538;-0.200031;0.215405;0.000795404;0.00241004;0.0110271;0.00197487;0.0153742;0.00446179;0.860297;0;1;0;1;0;
86;0.194343;-0.194344;0.193459;-0.194344;0.193844;-0.194344;-0.22888;0.23855;-0.228894;0.237672;-0.218103;0.238178;0.00046449;0.0014069;0.00643978;0.00115286;0.00897623;0.0026052;0.919334;0;1;0;1;0;
87;0.140326;-0.140326;0.13981;-0.140326;0.140035;-0.140326;-0.244604;0.250253;-0.231308;0.24974;-0.216828;0.250035;0.000270972;0.000821044;0.00376048;0.000672755;0.00523922;0.0015209;0.953259;0;1;0;1;0;
88;0.0677849;-0.0677849;0.0674833;-0.0677849;0.0676153;-0.0677851;-0.240752;0.250795;-0.22616;0.250031;-0.203491;0.250536;0.000157792;0.000478897;0.00219587;0.00039241;0.00305704;0.000887676;1;0;1;0;1;0;
89;-0.0257061;0.0257064;-0.0258822;0.0257061;-0.025805;0.0257059;-0.223083;0.228804;-0.213617;0.238094;-0.173996;0.237342;9.19407e-05;0.000279098;0.0012824;0.000228638;0.00178485;0.000517885;1;0;1;0;1;0;
90;-0.123251;0.123252;-0.123354;0.123251;-0.123309;0.123251;-0.193316;0.204975;-0.195399;0.20589;-0.14484;0.203656;5.40409e-05;0.000162423;0.000749338;0.000133031;0.00599799;0.000301918;1;0;1;0;1;0;
91;-0.198942;0.198943;-0.199002;0.198942;-0.198976;0.198942;-0.138793;0.170962;-0.16117;0.175112;-0.0883849;0.166815;0.00781776;9.43475e-05;0.00174555;7.74115e-05;0.0291474;0.000175869;1;0;1;0;1;0;
92;-0.247326;0.247327;-0.247361;0.247326;-0.247348;0.247326;-0.0889356;0.161776;-0.119757;0.164198;-0.0412975;0.15566;0.0113632;5.46236e-05;0.00138108;4.46103e-05;0.0275897;0.000102289;1;0;1;0;1;0;
93;-0.275123;0.275124;-0.275144;0.275123;-0.275137;0.275123;-0.0270979;0.134731;-0.0623946;0.136146;0.0215367;0.131159;0.0148675;3.14316e-05;0.0131738;2.5665e-05;0.0343039;5.93748e-05;1;0;1;0;1;0;
94;-0.289121;0.289121;-0.289133;0.289121;-0.289129;0.289121;0.0483716;0.0902;0.045093;0.0910323;0.056255;0.0881153;0.0308759;1.81182e-05;0.0341589;0.0118774;0.035096;0.0102277;1;0.211885;1;0.579116;1;0.895978;
95;-0.293238;0.280838;-0.293245;0.293238;-0.293243;0.293238;0.0738749;0.0309503;0.0846484;0.0257101;0.0501166;0.0240132;0.0180316;0.0327473;0.0199504;0.00693926;0.0204961;0.0274677;0.322651;1;0.984665;0.822106;0.265723;1;
96;-0.288223;0.27194;-0.288227;0.288223;-0.288226;0.276345;0.114465;-0.0532291;0.120756;-0.0563061;0.10059;-0.0572854;0.0105299;0.0418359;0.0116504;0.00405417;0.0119693;0.0331111;0;1;0;0.449377;0;1;
97;-0.27234;0.262831;-0.272343;0.27234;-0.272342;0.265403;0.167694;-0.131919;0.171368;-0.133728;0.159591;-0.134292;0.00614901;0.0244386;0.00680341;0.00236867;0.00698965;0.0193409;0;1;0;0.741959;0;1;
98;-0.244882;0.239329;-0.244883;0.244882;-0.244883;0.240831;0.208878;-0.187974;0.211024;-0.189041;0.204146;-0.189364;0.00359053;0.0146543;0.00397268;0.00138381;0.00408147;0.0112968;0;1;0;0.566833;0;1;
