1;-0.000363588;0.000116065;9.94841e-05;-0.000363588;0.000116064;9.94836e-05;0.0349769;0.0347456;0.0352594;0.0349769;0.0347456;0.0352595;0.808667;0.808665;0.808666;0.808667;0.808665;0.808666;0;0;0;0;0;0;
2;0.00213221;-0.000133547;0.000432262;0.00155916;0.000262796;-0.000233186;0.169089;0.174197;0.171202;0.165477;0.170736;0.167655;0.472454;0.472455;0.472458;0.472458;0.472458;0.472462;1;1;1;1;1;1;
3;0.00279358;-0.000256674;0.000922407;0.000639856;0.000578615;-0.000535364;0.10003;0.102885;0.10193;0.0980562;0.101272;0.0999526;0.27593;0.275932;0.275933;0.275932;0.275933;0.275935;0.771583;0.658321;0.867328;0.491036;0.621801;0.868998;
4;0.0022663;-0.000784711;0.00117349;-0.000261117;0.000972715;-0.000947473;0.0583953;0.060117;0.0595054;0.0572964;0.0591214;0.0584047;0.161148;0.16115;0.16115;0.16115;0.161151;0.161152;0.987104;0.601283;0.859112;0.47649;0.436239;0.863425;
5;0.00225074;-0.00133442;0.00156146;-0.00102861;0.00144421;-0.00142948;0.033852;0.0353687;0.034501;0.0337209;0.0342767;0.0343688;0.0941135;0.0941146;0.094115;0.0941141;0.0941152;0.0941159;0.736753;0.601288;0.88564;0.483988;0.849542;0.848874;
6;0.00242185;-0.0018867;0.00201931;-0.0017081;0.00195084;-0.00194221;0.0285902;0.0323448;0.034289;0.0295145;0.0319733;0.0351849;0.0549646;0.0549652;0.0549658;0.0549648;0.054966;0.0549661;0.731794;0.586928;0.889178;0.473378;0.845003;1;
7;0.00265768;-0.00234513;0.00242259;-0.00224081;0.0023826;-0.00237755;0.0244631;0.0283356;0.0286069;0.0282645;0.0291734;0.0323813;0.0321018;0.032102;0.0321029;0.0321017;0.032103;0.0321028;0.753724;0.578219;0.898581;0.478284;0.853965;1;
8;0.00296672;-0.00250313;0.00254839;-0.0024422;0.00252504;-0.00252206;0.0238636;0.0286903;0.0275902;0.0302338;0.0298386;0.0339383;0.0187501;0.0187497;0.018751;0.0187496;0.0187512;0.0187506;0.783148;0.573531;0.940281;0.479291;0.889265;1;
9;0.00227097;-0.0020002;0.00202665;-0.00196461;0.00201301;-0.00201126;0.0229481;0.0294506;0.0269801;0.0324773;0.0307055;0.0364618;0.0109527;0.0109517;0.0109536;0.0109518;0.0109539;0.0109527;0.794606;0.542116;0.952928;0.465097;0.919923;1;
10;0.000430993;-0.000272835;0.000288307;-0.000252042;0.000280363;-0.000279292;0.0205146;0.0287981;0.0243032;0.0339137;0.0301087;0.037647;0.0063992;0.00639739;0.00640005;0.00639775;0.00640061;0.00639859;0.810793;0.503351;0.969471;0.447872;0.955629;1;
11;-0.00339433;0.00348673;-0.00347769;0.00349888;-0.00348233;0.00348296;0.017903;0.0287592;0.0221934;0.0352242;0.028929;0.0400414;0.00374013;0.00373739;0.00750041;0.0037381;0.00889871;0.00373892;0.841631;0.474219;0.996635;0.437864;1;0.935093;
12;-0.010282;0.010336;-0.0103307;0.0103431;-0.0103334;0.0103338;0.0165626;0.029245;0.0202162;0.0375511;0.0288932;0.0413835;0.00456943;0.00218368;0.0058567;0.00218476;0.00884102;0.00218552;0.862235;0.442849;1;0.429987;1;0.795894;
13;-0.0214627;0.0214943;-0.0214912;0.0214985;-0.0214928;0.021493;0.0173985;0.030367;0.0199188;0.0387145;0.0286928;0.0416106;0.00516931;0.00127625;0.00714943;0.00127757;0.00984247;0.0012783;0.864996;0.4348;1;0.424496;1;0.627569;
14;-0.0380307;0.0380491;-0.0380473;0.0380516;-0.0380482;0.0380484;0.0184448;0.0291112;0.0208459;0.0360661;0.0284905;0.038751;0.00386663;0.000746648;0.00490387;0.000747927;0.00702426;0.000748626;0.83905;0.466238;0.992241;0.436168;0.886835;0.785897;
15;-0.0602913;0.0603021;-0.060301;0.0603036;-0.0603016;0.0603017;0.0240504;0.0272557;0.027532;0.0270198;0.0279937;0.0310089;0.00305023;0.00404215;0.00520284;0.0028025;0.00410497;0.00327189;0.757165;0.588444;0.915598;0.479405;0.595977;0.880836;
16;-0.0867265;0.0867328;-0.0867322;0.0867337;-0.0867325;0.0867326;0.0428948;0.0280734;0.0473108;0.0127323;0.033933;0.0189611;0.00178258;0.0158513;0.00304041;0.0061373;0.00239768;0.00839145;0.547384;0.619458;0.757165;0.604154;0.325045;1;
17;-0.113114;0.113118;-0.113117;0.113118;-0.113117;0.113118;0.0579276;0.0153085;0.0605078;-0.0254369;0.0526937;-0.0217953;0.00104076;0.0235633;0.00177596;0.00919904;0.00139987;0.0115663;0.0911789;1;0.480209;0.397757;0;1;
18;-0.132798;0.1328;-0.1328;0.1328;-0.1328;0.1328;0.0953944;-0.0526096;0.0969012;-0.0764168;0.0923379;-0.0742849;0.000607415;0.0321551;0.00103677;0.00537425;0.000817159;0.0104302;0;1;0;0.411074;0;1;
19;-0.13831;0.138312;-0.138311;0.138312;-0.138312;0.138312;0.143493;-0.118495;0.144373;-0.132408;0.141708;-0.131158;0.000354336;0.018783;0.00060508;0.0031398;0.000476805;0.00609378;0;1;0;0.379334;0;1;
20;-0.123566;0.123567;-0.123566;0.123567;-0.123566;0.123566;0.185924;-0.171314;0.186438;-0.179448;0.184881;-0.178714;0.000206494;0.0109713;0.00035293;0.00183424;0.000278001;0.00355998;0;1;0;0.526085;0;1;
21;-0.0843846;0.0843854;-0.084385;0.0843851;-0.0843851;0.0843851;0.214901;-0.194082;0.215201;-0.211117;0.214292;-0.210686;0.000120139;0.00640754;0.000205658;0.00107131;0.000161859;0.00207927;0;1;0;0.543956;0;0.888202;
22;-0.0173041;0.0173048;-0.0173044;0.0173044;-0.0173046;0.0173044;0.23052;-0.188341;0.230695;-0.228308;0.230165;-0.218002;6.96364e-05;0.00374225;0.000119586;0.000625505;9.40158e-05;0.00121417;0;1;0;0.590227;0;1;
23;0.0725461;-0.0725453;0.0725459;-0.0725459;0.0725456;-0.0725459;0.228437;-0.158786;0.2282;-0.209373;0.228613;-0.209186;4.01511e-05;0.00282636;6.93113e-05;0.00036528;5.43887e-05;0.000709179;0;1;0;0.683932;0;1;
24;0.159619;-0.159619;0.159619;-0.159619;0.159619;-0.159619;0.189227;-0.128004;0.187749;-0.170684;0.194578;-0.181025;2.30585e-05;0.00766015;3.99949e-05;0.000214196;3.11872e-05;0.000414849;0;1;0;1;0;1;
25;0.222491;-0.22249;0.222491;-0.222491;0.22249;-0.222491;0.161655;-0.0679936;0.145663;-0.116849;0.15987;-0.143481;1.29373e-05;0.0238397;2.28268e-05;0.0102893;1.76988e-05;0.00649777;0;1;0;1;0;1;
26;0.261128;-0.261128;0.261128;-0.261128;0.261128;-0.261128;0.148741;-0.00353849;0.123789;-0.0644797;0.147699;-0.0976045;7.12844e-06;0.0450164;1.30855e-05;0.0183266;9.8962e-06;0.0037963;0;1;0;1;0;1;
27;0.282492;-0.282493;0.282492;-0.282493;0.282493;-0.282493;0.117328;0.0400347;0.102754;0.0174918;0.116717;-0.0214074;0.0161423;0.0504843;7.17821e-06;0.0532219;5.28415e-06;0.0152914;0.842069;1;0;1;0;1;
28;0.292154;-0.292155;0.292154;-0.292155;0.292154;-0.292154;0.0666017;0.0507192;0.0580905;0.0598437;0.0662437;0.054188;0.00942967;0.0294874;0.0180492;0.0310859;0.0207261;0.0429071;0.94385;0.748402;0.842588;0.8174;0.547869;0.969598;
29;0.29273;-0.292904;0.29273;-0.29273;0.297902;-0.29273;-0.005384;0.0739003;-0.0103443;0.0792291;-0.00557888;0.0759268;0.0055087;0.0172201;0.0198249;0.0181536;0.0252045;0.0250575;0.756759;0;1;0;1;0;
30;0.283765;-0.283867;0.283765;-0.283765;0.286786;-0.283765;-0.0882146;0.128229;-0.0911017;0.131341;-0.0883149;0.129412;0.0032182;0.0100561;0.0165766;0.0106013;0.0349757;0.0146331;0.838538;0;1;0;1;0;
31;0.263376;-0.263435;0.263376;-0.263376;0.26514;-0.263376;-0.157874;0.181243;-0.159553;0.183061;-0.157922;0.181934;0.00188011;0.00587229;0.00968317;0.00619062;0.0204292;0.00854522;0.669369;0;1;0;1;0;
32;0.23181;-0.231845;0.23181;-0.23181;0.232841;-0.23181;-0.204258;0.217907;-0.205234;0.218968;-0.204278;0.21831;0.00109815;0.0034289;0.00565558;0.00361485;0.0119314;0.00498992;0.707117;0;1;0;0.975736;0;
33;0.18955;-0.18957;0.18955;-0.18955;0.190152;-0.18955;-0.231585;0.239556;-0.232151;0.240176;-0.206338;0.239792;0.000641175;0.00200193;0.00330261;0.00211055;0.00696752;0.00291359;0.749718;0;1;0;1;0;
34;0.133932;-0.133943;0.133932;-0.133932;0.134283;-0.133932;-0.245965;0.250622;-0.229426;0.250984;-0.202642;0.250759;0.000374111;0.00116857;0.00192836;0.00123201;0.00406869;0.00170097;0.778242;0;1;0;1;0;
35;0.0591838;-0.0591909;0.0591839;-0.0591838;0.0593895;-0.0591838;-0.238607;0.249977;-0.22422;0.248769;-0.192787;0.249436;0.000218097;0.000681881;0.00112593;0.000718935;0.00237601;0.000992809;0.843732;0;1;0;1;0;
36;-0.0359184;0.035914;-0.0359183;0.0359183;-0.0357976;0.0359183;-0.21968;0.225247;-0.211655;0.235706;-0.170441;0.235535;0.00012728;0.000397659;0.000657605;0.000419318;0.00138844;0.000579253;0.940205;0;1;0;1;0;
37;-0.132208;0.132205;-0.132208;0.132208;-0.132137;0.132208;-0.184301;0.201221;-0.191345;0.199445;-0.144035;0.199552;7.48119e-05;0.000231675;0.000384484;0.000244441;0.00266603;0.000337816;1;0;1;0;1;0;
38;-0.205021;0.205019;-0.20502;0.205021;-0.204979;0.205021;-0.134683;0.169089;-0.15212;0.165539;-0.0815437;0.16179;0.00611834;0.000134776;0.00022553;0.00014221;0.0195745;0.000196731;1;0;1;0;1;0;
39;-0.250955;0.250954;-0.250955;0.250955;-0.250931;0.250955;-0.0802624;0.158698;-0.113054;0.156625;-0.0226101;0.147144;0.0207995;7.82702e-05;0.0102761;8.26362e-05;0.0381901;0.000114538;1;0;1;0;1;0;
40;-0.277083;0.277082;-0.277083;0.277083;-0.27707;0.277083;-0.00456908;0.130404;-0.0498433;0.129195;0.0409417;0.123656;0.0433317;4.52541e-05;0.00600328;0.0130307;0.0482399;6.6419e-05;1;0;0.911702;0.594786;1;0;
41;-0.289951;0.289951;-0.289951;0.289951;-0.289943;0.289951;0.0506758;0.0842078;0.0472566;0.0835061;0.0577405;0.0802695;0.025312;2.61128e-05;0.0470863;0.00761219;0.0281788;0.0201583;1;0.175424;1;0.581647;0.994831;0.572608;
42;-0.293161;0.293161;-0.293161;0.293161;-0.293157;0.293161;0.0635381;0.0172583;0.0598818;0.0168405;0.0669343;0.0149561;0.0147824;0.0247075;0.0274996;0.00659294;0.0164563;0.0183659;0;1;0.554298;0.649825;0;1;
43;-0.287142;0.287143;-0.287142;0.287142;-0.28714;0.287142;0.112403;-0.0652029;0.110268;-0.0654615;0.114386;-0.066551;0.00863247;0.0320256;0.0160592;0.0038514;0.00961001;0.020265;0;1;0;0.391721;0;1;
44;-0.270064;0.270065;-0.270064;0.270064;-0.270063;0.270064;0.168238;-0.140661;0.166991;-0.140823;0.169396;-0.141452;0.00504092;0.0187069;0.00937813;0.00225002;0.00561179;0.0118378;0;1;0;0.434683;0;1;
45;-0.241493;0.241493;-0.241493;0.241493;-0.241492;0.241493;0.209585;-0.193471;0.208857;-0.193574;0.210261;-0.193936;0.00294342;0.0109261;0.00547633;0.00131433;0.00327679;0.00691435;0;1;0;0.462663;0;1;
46;-0.202303;0.202303;-0.202303;0.202303;-0.202302;0.202303;0.234879;-0.209934;0.234454;-0.225528;0.235274;-0.225734;0.00171846;0.00638052;0.00319767;0.000767494;0.00191311;0.00403792;0;1;0;0.488432;0;1;
47;-0.150865;0.150865;-0.150865;0.150864;-0.150864;0.150865;0.248452;-0.20564;0.248203;-0.24299;0.248682;-0.229021;0.00100303;0.00372582;0.00186688;0.000447927;0.0011167;0.00235776;0;1;0;0.514757;0;1;
48;-0.0819838;0.0819844;-0.0819838;0.0819838;-0.0819839;0.0819839;0.251264;-0.197033;0.251548;-0.241907;0.251096;-0.226633;0.000585234;0.00217564;0.0010897;0.000261182;0.000651602;0.00137668;0;1;0;0.544424;0;1;
49;0.00835601;-0.0083552;0.00835599;-0.00835603;0.00835574;-0.00835592;0.240368;-0.1788;0.240019;-0.22696;0.233202;-0.215794;0.000341217;0.00127104;0.000635844;0.000152338;0.000379967;0.000803923;0;0.977082;0;0.619882;0;1;
50;0.107335;-0.107334;0.107335;-0.107335;0.107334;-0.107335;0.209792;-0.147107;0.212135;-0.198724;0.209836;-0.202099;0.000198744;0.000743447;0.000370795;8.92009e-05;0.000221362;0.000469769;0;1;0;0.918693;0;0.932565;
51;0.187852;-0.187852;0.187852;-0.187852;0.187852;-0.187852;0.172895;-0.103808;0.171396;-0.151557;0.174118;-0.165251;0.000115588;0.0293568;0.000216131;0.00547145;0.000128722;0.00122278;0;1;0;0.603028;0;0.978889;
52;0.240617;-0.240616;0.240617;-0.240617;0.240616;-0.240617;0.134374;-0.0443339;0.129821;-0.0919482;0.136761;-0.121591;6.72055e-05;0.0364065;-0.00180503;0.0118813;7.4682e-05;0.00340659;0;1;0;0.795304;0;0.797787;
53;0.27144;-0.27144;0.27144;-0.27144;0.27144;-0.27144;0.122896;0.0304057;0.120237;-0.0332656;0.12429;-0.0744352;3.87818e-05;0.0447561;-0.00105452;0.0182866;4.31762e-05;0.00595181;0.0319428;1;0;0.85513;0;0.890355;
54;0.287466;-0.287467;0.287466;-0.287467;0.287466;-0.287466;0.0889703;0.0520613;0.0874123;0.0346677;0.0897789;0.0250479;0.0124268;0.0376428;-0.000615977;0.0279808;2.47889e-05;0.0182893;0.76021;1;0.352489;0.719956;0;1;
55;0.293158;-0.293159;0.293158;-0.293158;0.293158;-0.293158;0.032;0.0608952;0.0310954;0.0702605;0.0345893;0.0784485;0.0109444;0.0219837;0.0282369;0.0163413;0.0364536;0.0106832;0.767359;0.0545632;1;0.131267;1;0.650829;
56;0.289813;-0.289813;0.289813;-0.289813;0.289813;-0.289813;-0.0454544;0.0997057;-0.0459716;0.105175;-0.0439275;0.109957;0.00639283;0.012838;0.0166827;0.00954281;0.0289564;0.00623849;0.761454;0;1;0;1;0;
57;0.275955;-0.275955;0.275955;-0.275955;0.275955;-0.275955;-0.12389;0.155573;-0.124184;0.158767;-0.122987;0.16156;0.00373436;0.00749691;0.00974626;0.00557256;0.0169152;0.00364285;0.69568;0;1;0;1;0;
58;0.250436;-0.250436;0.250435;-0.250436;0.250437;-0.250436;-0.182436;0.20094;-0.182601;0.202806;-0.181899;0.204437;0.00218128;0.00437769;0.00606944;0.0032539;0.00988029;0.00212698;0.682907;0;1;0;1;0;
59;0.214179;-0.214179;0.214178;-0.214179;0.214179;-0.214179;-0.219049;0.229856;-0.219141;0.230946;-0.213317;0.231898;0.00127388;0.00255604;0.00354494;0.00189979;0.00576997;0.00124167;0.721424;0;1;0;1;0;
60;0.166496;-0.166496;0.166496;-0.166496;0.166496;-0.166496;-0.239673;0.245986;-0.229371;0.246622;-0.207931;0.247178;0.000743703;0.00149218;0.00206981;0.00110892;0.00336923;0.000724595;0.775079;0;1;0;1;0;
61;0.103062;-0.103062;0.103062;-0.103062;0.103062;-0.103062;-0.245426;0.253241;-0.226067;0.253612;-0.200378;0.253937;0.0004339;0.000870874;0.00120848;0.000647064;0.00196731;0.000422606;0.79936;0;0.92815;0;0.927255;0;
62;0.0184138;-0.0184143;0.0184137;-0.0184138;0.0184148;-0.0184138;-0.232432;0.238093;-0.219187;0.244107;-0.184781;0.244205;0.000253137;0.000508021;0.000705626;0.000377339;0.00114915;0.000246263;1;0;1;0;1;0;
63;-0.0808909;0.0808901;-0.0808909;0.0808909;-0.0808896;0.0808909;-0.204834;0.216183;-0.205733;0.224763;-0.156855;0.2248;0.000147935;0.000296142;0.000412281;0.000219829;0.000672281;0.000143272;1;0;1;0;1;0;
64;-0.168493;0.168493;-0.168493;0.168493;-0.168492;0.168493;-0.163735;0.1829;-0.176044;0.209501;-0.116997;0.205131;8.72666e-05;0.000172446;0.000241521;0.000127948;0.0133911;8.32553e-05;1;0;1;0;1;0;
65;-0.228615;0.228615;-0.228615;0.228615;-0.228614;0.228615;-0.111717;0.148269;-0.139463;0.192617;-0.0564218;0.190065;0.00577408;0.0001002;0.00551631;7.42069e-05;0.0311187;4.8058e-05;1;0;1;0;1;0;
66;-0.264692;0.264691;-0.264691;0.264691;-0.264691;0.264691;-0.0508508;0.13723;-0.0887222;0.163129;0.0111918;0.161639;0.0349417;5.80633e-05;0.0032231;4.29183e-05;0.03803;2.76442e-05;1;0;1;0;0.93785;0;
67;-0.284217;0.284216;-0.284217;0.284216;-0.284217;0.284216;0.0320771;0.105697;-0.00277916;0.120825;0.049639;0.119952;0.0572807;3.34287e-05;0.0214752;0.00916245;0.0411653;1.57458e-05;1;0;1;0.44461;1;0;
68;-0.292489;0.292489;-0.292489;0.292489;-0.292489;0.292489;0.0582898;0.0530797;0.0684862;0.0619123;0.0641091;0.0614037;0.0334545;0.0240818;0.0303061;0.00535359;0.0240443;0.0317568;0.57597;0.740862;0.868678;0.47874;0.611047;0.969648;
69;-0.291686;0.292855;-0.291686;0.291686;-0.291721;0.291686;0.0861396;-0.0210844;0.0920945;-0.0159411;0.0895381;-0.0162268;0.0195368;0.0269756;0.0176983;0.00553334;0.0140413;0.018553;0;1;0;0.369374;0;1;
70;-0.280941;0.281624;-0.280941;0.280941;-0.280962;0.280941;0.140691;-0.102685;0.144168;-0.0996937;0.142675;-0.0998516;0.011409;0.0252334;0.0103354;0.00323255;0.00819968;0.0146938;0;1;0;0.418751;0;1;
71;-0.258577;0.258976;-0.258577;0.258577;-0.258589;0.258577;0.190268;-0.168062;0.192299;-0.166325;0.191427;-0.166411;0.00666238;0.0147389;0.00603537;0.00188839;0.00478813;0.00858324;0;1;0;0.625459;0;1;
72;-0.225211;0.225445;-0.225211;0.225211;-0.225219;0.225212;0.223439;-0.210462;0.224625;-0.209456;0.224116;-0.2095;0.00389032;0.00860793;0.00352414;0.00110295;0.00279575;0.00501311;0;1;0;0.521203;0;1;
73;-0.180948;0.181084;-0.180948;0.180948;-0.180952;0.180948;0.242608;-0.205535;0.243301;-0.234441;0.243003;-0.233399;0.00227141;0.00502659;0.00205757;0.000643943;0.00163218;0.00292732;0;1;0;0.62881;0;1;
74;-0.12247;0.122549;-0.12247;0.12247;-0.122472;0.12247;0.251999;-0.201494;0.252403;-0.247228;0.25223;-0.228712;0.00132595;0.00293517;0.00120106;0.0003757;0.00095263;0.00170921;0;1;0;0.385417;0;1;
75;-0.0438946;0.0439416;-0.0438946;0.0438945;-0.0438962;0.0438946;0.246862;-0.191567;0.247254;-0.236881;0.245898;-0.222964;0.000773795;0.00171404;0.000700862;0.000219071;0.000555764;0.000998003;0;1;0;0.576423;0;1;
76;0.0534504;-0.0534225;0.0534504;-0.0534504;0.0534493;-0.0534503;0.231959;-0.1672;0.232689;-0.213564;0.221589;-0.209691;0.000451352;0.00100181;0.000408756;0.000127917;0.000324011;0.00058294;0;1;0;0.637757;0;1;
77;0.146925;-0.146909;0.146925;-0.146925;0.146924;-0.146925;0.193338;-0.13878;0.19635;-0.174571;0.197066;-0.186551;0.000263246;0.00630873;0.000238377;7.52972e-05;-0.00142189;0.000340992;0;1;0;0.505035;0;1;
78;0.214778;-0.214769;0.214778;-0.214778;0.214778;-0.214778;0.167111;-0.0708682;0.152307;-0.123435;0.161883;-0.15022;0.000153166;0.0205751;0.000138584;0.00884434;-0.000830911;0.0050346;0;1;0;0.881653;0;1;
79;0.256704;-0.256699;0.256704;-0.256704;0.256704;-0.256704;0.15405;-0.0244344;0.133348;-0.0669398;0.150996;-0.102106;8.90279e-05;0.0197984;8.06644e-05;0.0275671;-0.000485719;0.00294166;0;1;0;0.884666;0;1;
80;0.280132;-0.280132;0.280132;-0.280132;0.280131;-0.280132;0.123179;0.0400476;0.111088;0.00333363;0.121394;-0.0487654;0.0109759;0.0391997;4.67983e-05;0.0360937;-0.000284152;0.00933946;0.398519;1;0;0.682091;0;0.790635;
81;0.29115;-0.291151;0.29115;-0.29115;0.29115;-0.29115;0.0737952;0.0660473;0.0694995;0.0588165;0.0727504;0.0657773;0.0132773;0.0228983;0.0400836;0.0210836;0.00739701;0.037638;0.673995;1;1;0.640504;0.761624;1;
82;0.292813;-0.292813;0.292813;-0.292813;0.292813;-0.292813;0.00339039;0.0782787;0.000891824;0.0740565;0.00306089;0.0781219;0.00775578;0.0133721;0.0234157;0.0123127;0.0266455;0.0219805;0.786593;0;1;0;1;0.00377366;
83;0.285021;-0.285022;0.285021;-0.285021;0.285022;-0.285021;-0.0796733;0.127369;-0.0811227;0.124903;-0.0798521;0.127277;0.00453058;0.00780885;0.0173282;0.00719015;0.0343566;0.0128361;0.614896;0;1;0;1;0;
84;0.265889;-0.265889;0.265889;-0.265889;0.26589;-0.265889;-0.151654;0.179509;-0.152493;0.178069;-0.151746;0.179455;0.00264662;0.00455995;0.0101223;0.00419858;0.0216902;0.0074958;0.664747;0;1;0;1;0;
85;0.23544;-0.23544;0.23544;-0.235441;0.235441;-0.235441;-0.200408;0.216676;-0.200892;0.215835;-0.200452;0.216645;0.00154587;0.00266252;0.00591227;0.00245147;0.0126689;0.00437703;0.499378;0;1;0;1;0;
86;0.194344;-0.194343;0.194344;-0.194344;0.194344;-0.194344;-0.229419;0.23892;-0.229698;0.238429;-0.206981;0.238902;0.00090267;0.00155437;0.00345258;0.00143116;0.00739826;0.00255567;0.955667;0;1;0;1;0;
87;0.140326;-0.140326;0.140327;-0.140327;0.140327;-0.140327;-0.244919;0.250469;-0.229788;0.250182;-0.203632;0.250458;0.000526845;0.000907194;0.00201594;0.000835253;0.00432023;0.00149195;1;0;1;0;0.909195;0;
88;0.0677853;-0.0677846;0.0677854;-0.0677853;0.067785;-0.0677854;-0.239323;0.251091;-0.224996;0.249604;-0.194714;0.249658;0.000307277;0.000529241;0.00117706;0.000487243;0.00252285;0.000870752;0.832269;0;1;0;1;0;
89;-0.0257056;0.0257068;-0.0257055;0.0257056;-0.0257063;0.0257055;-0.222724;0.228793;-0.213242;0.23689;-0.180211;0.237668;0.000179337;0.000308495;0.000687445;0.000284005;0.0014736;0.000507967;0.934156;0;1;0;1;0;
90;-0.12325;0.123252;-0.12325;0.12325;-0.123252;0.12325;-0.189108;0.205122;-0.194926;0.20137;-0.146209;0.204272;0.000105134;0.000179597;0.000401811;0.00016536;0.000861742;0.000296146;1;0;1;0;1;0;
91;-0.198941;0.198943;-0.198941;0.198941;-0.198942;0.198941;-0.143759;0.171559;-0.154719;0.168398;-0.101577;0.165838;0.00700135;0.000104336;0.00282813;9.60958e-05;0.0113833;0.000172426;1;0;1;0;1;0;
92;-0.247326;0.247327;-0.247326;0.247325;-0.247326;0.247325;-0.0904985;0.161529;-0.115775;0.159705;-0.0349175;0.14591;0.0109172;6.04935e-05;0.0118143;5.57354e-05;0.0330232;0.000100397;1;0;1;0;1;0;
93;-0.275123;0.275124;-0.275123;0.275123;-0.275124;0.275123;-0.0107522;0.134586;-0.0570813;0.133523;0.0412127;0.125465;0.0410338;3.48536e-05;0.00690158;0.0166637;0.0596065;5.81436e-05;1;0;0.904031;0.300291;1;0;
94;-0.28912;0.289121;-0.28912;0.28912;-0.289121;0.28912;0.0430933;0.0901154;0.040394;0.089499;0.0585807;0.0847902;0.02397;1.99211e-05;0.0410678;0.00973389;0.0348176;0.0148668;1;0;1;0.444232;1;0.746286;
95;-0.293238;0.293238;-0.293238;0.293238;-0.293239;0.293238;0.0796901;0.0293976;0.0794887;0.0248139;0.0530911;0.022072;0.0139987;0.0398392;0.0239844;0.00975528;0.0203334;0.0303572;0;1;0.474618;0.406432;0.231567;1;
96;-0.288223;0.288224;-0.288223;0.288223;-0.288223;0.288223;0.117861;-0.0541384;0.117743;-0.05683;0.102327;-0.0584205;0.00817479;0.0310273;0.0140063;0.00569832;0.0118742;0.0192183;0;1;0;0.385291;0;1;
97;-0.27234;0.272341;-0.27234;0.27234;-0.27234;0.27234;0.169677;-0.132451;0.169609;-0.134034;0.160606;-0.134956;0.00477362;0.0181242;0.00817924;0.00332869;0.00693411;0.0112268;0;1;0;0.58565;0;1;
98;-0.244882;0.244883;-0.244882;0.244882;-0.244882;0.244882;0.210036;-0.188286;0.209996;-0.18922;0.204738;-0.189752;0.00278732;0.0105861;0.00477616;0.00194431;0.00404902;0.0065574;0;1;0;0.615475;0;1;
