1;-0.000363588;0.000116064;9.94837e-05;-0.000363588;0.000116064;9.94837e-05;0.0349769;0.0347456;0.0352595;0.0349769;0.0347456;0.0352594;0.808667;0.808665;0.808666;0.808667;0.808665;0.808666;0;0;0;0;0;0;
2;0.00069355;0.00168377;0.0019308;0.00248008;0.0711644;0.0417021;0.162163;0.160127;0.162757;0.186349;0.239457;0.188105;0.472463;0.472457;0.47247;0.472448;0.472507;0.472471;1;1;1;1;1;1;
3;6.24561e-05;0.0104697;-0.00408246;-0.00639681;0.0419856;0.0239288;0.0963468;0.0951373;0.0975297;0.115074;0.139913;0.114738;0.275934;0.275933;0.275939;0.275931;0.275965;0.275945;0.644036;0.902011;0.923637;0.544909;0;0.958728;
4;0.00026216;0.0101113;-0.00174937;-0.00437048;0.0251541;0.0133395;0.0562439;0.055594;0.0569345;0.0672374;0.0816814;0.0670423;0.161151;0.161152;0.161153;0.161151;0.161166;0.16116;0.580359;0.836413;0.596475;0.545286;0.269865;1;
5;0.00102927;0.00502876;-0.000145496;-0.00342843;0.015566;0.00691399;0.0325954;0.0329791;0.032999;0.0395281;0.0474481;0.0394645;0.0941147;0.0941161;0.0941162;0.094116;0.0941223;0.0941218;0.727696;0.798352;0.847896;0.53867;0.603872;0.981141;
6;0.00170852;0.00182936;0.00102241;-0.00310955;0.0101979;0.00293031;0.0262411;0.0302691;0.0318025;0.0285941;0.031866;0.0346722;0.0549653;0.0549662;0.0549665;0.0549661;0.0549699;0.0549699;0.746992;0.700765;0.901107;0.38461;0.615737;0.88122;
7;0.0022411;-0.000174978;0.0018404;-0.00259441;0.0071988;0.000467975;0.0259877;0.0300738;0.0299038;0.0286531;0.0303579;0.0333613;0.0321023;0.0321025;0.0321032;0.0321024;0.0321053;0.032105;0.76697;0.64325;0.909089;0.675191;0.645011;0.87266;
8;0.00244241;-0.00123575;0.00220838;-0.00263653;0.00533766;-0.00086029;0.0245764;0.0292975;0.0274188;0.0305811;0.0307364;0.0343085;0.0187503;0.01875;0.0187512;0.0187499;0.0187525;0.0187518;0.77886;0.557283;0.929264;0.474396;0.664277;0.650472;
9;0.00196477;-0.00118702;0.00182808;-0.0020781;0.00365557;-0.00104079;0.0227991;0.0291803;0.0259555;0.0316792;0.0304572;0.0357907;0.0109529;0.0109519;0.0109537;0.010952;0.0109547;0.0109534;0.598728;0.441772;1;0.460292;0.691058;1;
10;0.000252184;0.00020208;0.000172353;-0.00031832;0.00123958;0.000287464;0.0206409;0.0286936;0.0234613;0.0331571;0.029849;0.0368442;0.00639931;0.0063975;0.00640006;0.00639782;0.00640111;0.00639903;0.749943;0.506731;1;0.447917;0.725916;0.864128;
11;-0.00349876;0.00376407;-0.00354541;0.00346017;-0.00292214;0.00381392;0.0184505;0.0293327;0.0217012;0.0347938;0.0293033;0.039904;0.00374022;0.00373746;0.00714863;0.00373809;0.00797186;0.0037392;0.886923;0.477784;0.845757;0.433504;0.759533;1;
12;-0.010343;0.010498;-0.0103703;0.0103205;-0.0100063;0.0105271;0.0161678;0.0293148;0.0208229;0.0370396;0.0292999;0.0417413;0.00576124;0.00218372;0.0112603;0.00218471;0.00884027;0.00218568;0.961487;0.443792;1;0.41282;0.805667;0.689315;
13;-0.0214983;0.0215889;-0.0215143;0.0214852;-0.0213017;0.0216059;0.016606;0.0296548;0.0191468;0.0379511;0.0282098;0.0417893;0.00487657;0.00127628;0.00657936;0.0012775;0.0119607;0.0012784;0.990835;0.43626;1;0.593881;1;0.765712;
14;-0.0380515;0.0381044;-0.0380608;0.0380438;-0.0379366;0.0381143;0.0188985;0.0294679;0.0209622;0.0353901;0.0283801;0.0386272;0.00414733;0.000746687;0.00448144;0.000747886;0.00796089;0.000748708;0.955705;0.471425;0.990384;0.373553;0.630652;0.788355;
15;-0.0603034;0.0603344;-0.0603089;0.060299;-0.0602364;0.0603401;0.0245505;0.0276497;0.027427;0.0268943;0.0285246;0.0313581;0.00300142;0.0034715;0.00508981;0.00296632;0.00465196;0.00288716;0.813161;0.723633;0.913905;0.47647;0.87811;0.884247;
16;-0.0867335;0.0867517;-0.0867367;0.086731;-0.0866944;0.086755;0.0434031;0.032505;0.0473666;0.0123088;0.0341912;0.0192699;0.00175405;0.0165283;0.00297435;0.00667161;0.00271717;0.00863347;0.391083;0.903467;0.745534;0.601798;0.305618;0.938691;
17;-0.113118;0.113129;-0.11312;0.113117;-0.113095;0.113131;0.0582244;0.0145015;0.0605403;-0.0256842;0.0528444;-0.0183536;0.00102411;0.0286213;0.00173738;0.00854173;0.00158645;0.0113244;0.108322;1;0.479515;0.775506;0;1;
18;-0.1328;0.132807;-0.132801;0.132799;-0.132787;0.132808;0.0955677;-0.053081;0.0969202;-0.0765613;0.092426;-0.072275;0.000597691;0.0311762;0.00101424;0.00499037;0.000926122;0.0100147;0;0.960382;0;0.43059;0;1;
19;-0.138312;0.138316;-0.138312;0.138311;-0.138304;0.138316;0.143594;-0.11877;0.144384;-0.132492;0.14176;-0.129985;0.000348659;0.0182113;0.000591926;0.00291561;0.00054044;0.00585117;0;1;0;0.51035;0;1;
20;-0.123566;0.123569;-0.123567;0.123566;-0.123562;0.123569;0.185983;-0.171475;0.186444;-0.179497;0.184911;-0.178029;0.000203176;0.0106374;0.000345246;0.00170331;0.000315166;0.0034183;0;1;0;0.742306;0;0.934139;
21;-0.084385;0.0843867;-0.0843853;0.0843849;-0.0843827;0.0843866;0.214935;-0.193952;0.215205;-0.211146;0.214309;-0.210286;0.0001182;0.00621254;0.000201169;0.000994844;0.000183567;0.00199653;0;1;0;0.608811;0;1;
22;-0.0173043;0.0173059;-0.0173044;0.0173042;-0.0173034;0.0173052;0.23054;-0.188465;0.230698;-0.228325;0.230175;-0.21823;6.85015e-05;0.00362838;0.000116962;0.000580846;0.000106698;0.00116584;0;1;0;0.642449;0;1;
23;0.0725462;-0.0725442;0.0725461;-0.0725463;0.0725458;-0.0725457;0.227514;-0.164891;0.228068;-0.207254;0.228462;-0.208609;3.94754e-05;0.00211981;6.77664e-05;0.000339207;6.17951e-05;0.00068101;0;1;0;0.81119;0;1;
24;0.15962;-0.159617;0.159619;-0.15962;0.159618;-0.159619;0.190484;-0.128374;0.189703;-0.170133;0.193065;-0.179641;2.25873e-05;0.00579035;3.90817e-05;0.000198923;3.55065e-05;0.000398318;0;1;0;0.930409;0;1;
25;0.222491;-0.222489;0.222491;-0.222491;0.22249;-0.222491;0.151115;-0.0721936;0.150169;-0.117093;0.158676;-0.141376;1.27612e-05;0.0285503;-0.00359804;0.0111969;2.02239e-05;0.00156132;0;1;0;0.709841;0;1;
26;0.261128;-0.261127;0.261128;-0.261128;0.261127;-0.261128;0.142127;0.000662555;0.137193;-0.0647752;0.147001;-0.0995251;7.0045e-06;0.0366887;-0.00210162;0.0127193;1.13733e-05;0.00700892;0;1;0;0.825236;0;1;
27;0.282493;-0.282493;0.282493;-0.282493;0.282492;-0.282493;0.113465;0.0410865;0.110582;0.018869;0.116309;-0.0217988;0.0150611;0.0342223;-0.00122773;0.0326864;6.15308e-06;0.00859114;0.954084;1;0;0.903882;0;1;
28;0.292154;-0.292155;0.292154;-0.292155;0.292154;-0.292154;0.0643453;0.0583176;0.062662;0.0648935;0.0660059;0.0627808;0.008798;0.0199908;0.0226563;0.019093;0.026462;0.0563145;0.740967;0.786423;1;0.592263;0.64874;0.965578;
29;0.29273;-0.292935;0.292866;-0.292731;0.29815;-0.29273;-0.00670188;0.0783377;-0.00767433;0.0821781;-0.00571786;0.0809447;0.00513969;0.0116741;0.0205537;0.0111499;0.0242716;0.0328872;0.550374;0;1;0;1;0;
30;0.283765;-0.283885;0.283845;-0.283765;0.28693;-0.283765;-0.0889841;0.13082;-0.0895427;0.133063;-0.0883963;0.132343;0.00300273;0.00681726;0.0162578;0.00651107;0.0319242;0.0192056;0.629036;0;1;0;1;0;
31;0.263376;-0.263445;0.263422;-0.263376;0.265224;-0.263376;-0.158324;0.182757;-0.158643;0.184067;-0.15797;0.183646;0.00175423;0.00398081;0.00949697;0.00380201;0.018647;0.0112156;0.494966;0;1;0;0.97751;0;
32;0.23181;-0.231851;0.231837;-0.23181;0.23289;-0.23181;-0.204521;0.21879;-0.204702;0.219555;-0.204306;0.21931;0.00102466;0.00232429;0.00554691;0.00221988;0.0108906;0.00654936;0.664507;0;1;0;1;0;
33;0.18955;-0.189573;0.189566;-0.18955;0.19018;-0.18955;-0.231738;0.240072;-0.23184;0.240519;-0.205804;0.240376;0.000598244;0.00135685;0.00323915;0.0012959;0.00635966;0.00382429;0.689903;0;1;0;0.942416;0;
34;0.133932;-0.133945;0.133941;-0.133932;0.1343;-0.133932;-0.246055;0.250923;-0.229588;0.251184;-0.202908;0.2511;0.000349031;0.000791842;0.0018913;0.000756259;0.00371368;0.00223281;0.608645;0;1;0;1;0;
35;0.0591841;-0.0591918;0.0591895;-0.0591841;0.0593991;-0.0591841;-0.238548;0.249828;-0.223903;0.248392;-0.193731;0.249032;0.00020344;0.000461874;0.0011043;0.000441106;0.00216864;0.00130341;0.845885;0;1;0;1;0;
36;-0.035918;0.0359136;-0.0359141;0.0359179;-0.0357924;0.0359179;-0.2175;0.2252;-0.212749;0.234316;-0.179249;0.23593;0.000118739;0.000269181;0.000644551;0.000257033;0.00126691;0.000760634;0.909926;0;1;0;1;0;
37;-0.132207;0.132205;-0.132205;0.132207;-0.132134;0.132207;-0.184628;0.205277;-0.189841;0.199436;-0.145905;0.200778;6.98212e-05;0.00015664;-0.00435095;0.000149604;0.00289457;0.000443827;1;0;1;0;1;0;
38;-0.20502;0.205019;-0.205019;0.20502;-0.204978;0.20502;-0.136415;0.169445;-0.153349;0.161261;-0.0881444;0.17126;0.00327126;9.09606e-05;-0.00253996;8.68755e-05;0.0238759;0.000258591;1;0;1;0;1;0;
39;-0.250954;0.250954;-0.250953;0.250954;-0.250931;0.250954;-0.0848329;0.158906;-0.111499;0.153012;-0.0235659;0.159967;0.0169108;5.26203e-05;0.00142306;5.0357e-05;0.0508156;0.000150665;1;0;1;0;1;0;
40;-0.277083;0.277082;-0.277082;0.277083;-0.277069;0.277083;-0.00086501;0.130525;-0.0469939;0.127085;0.0477631;0.131144;0.042642;3.03198e-05;0.0186416;0.0194352;0.0528508;8.75088e-05;1;0;1;0.371562;1;0;
41;-0.289951;0.289951;-0.289951;0.289951;-0.289943;0.289951;0.0473917;0.0842786;0.0453819;0.0822745;0.0651172;0.0846422;0.0249091;1.73087e-05;0.0370691;0.0113527;0.0308717;0.0190867;1;0.112475;1;0.625827;0.751414;0.814791;
42;-0.293161;0.293161;-0.293161;0.293161;-0.293157;0.293161;0.0606582;0.017299;0.0588566;0.0161214;0.0681145;0.0175096;0.0145472;0.0286664;0.0216497;0.00663285;0.0180288;0.0192812;0;1;0.738169;0.623149;0;1;
43;-0.287142;0.287143;-0.287142;0.287142;-0.28714;0.287142;0.110721;-0.0651789;0.109669;-0.0658812;0.115076;-0.0650596;0.00849513;0.0306612;0.0126429;0.00387473;0.0105283;0.01988;0;1;0;0.516743;0;1;
44;-0.270064;0.270065;-0.270064;0.270064;-0.270063;0.270064;0.167256;-0.140647;0.166641;-0.141068;0.169799;-0.140581;0.00496072;0.01791;0.00738303;0.00226365;0.00614808;0.011613;0;1;0;0.509167;0;1;
45;-0.241493;0.241493;-0.241493;0.241493;-0.241492;0.241493;0.209011;-0.193462;0.208653;-0.193717;0.210496;-0.193427;0.00289658;0.0104607;0.0043112;0.00132228;0.00358998;0.00678308;0;1;0;0.49361;0;1;
46;-0.202303;0.202303;-0.202303;0.202303;-0.202302;0.202303;0.234544;-0.209997;0.234334;-0.225611;0.235411;-0.225437;0.00169111;0.0061087;0.00251724;0.000772135;0.00209601;0.00396127;0;1;0;0.583112;0;1;
47;-0.150865;0.150865;-0.150865;0.150864;-0.150864;0.150865;0.248256;-0.20585;0.248134;-0.243038;0.248763;-0.229001;0.000987062;0.00356707;0.00146952;0.000450635;0.00122351;0.00231299;0;1;0;0.71213;0;1;
48;-0.0819838;0.0819845;-0.0819838;0.0819838;-0.0819839;0.0819839;0.251315;-0.197614;0.251361;-0.244095;0.251779;-0.2259;0.000575902;0.00208291;0.000857637;0.000262768;0.000713983;0.00135053;0;1;0;0.719202;0;1;
49;0.008356;-0.00835528;0.00835599;-0.00835601;0.00835575;-0.0083559;0.240468;-0.177682;0.240195;-0.226628;0.233556;-0.216627;0.000335768;0.00121694;0.000500321;0.000153268;0.000416396;0.000788649;0;1;0;0.755805;0;1;
50;0.107335;-0.107334;0.107335;-0.107335;0.107334;-0.107335;0.211275;-0.147132;0.208988;-0.199195;0.209241;-0.201873;0.000195569;0.000711806;0.000291656;8.97496e-05;0.00024263;0.000460863;0;1;0;0.843858;0;1;
51;0.187852;-0.187852;0.187852;-0.187852;0.187852;-0.187852;0.177423;-0.0975339;0.175203;-0.153526;0.175714;-0.165132;0.000113725;0.0136756;-0.00107977;0.00561844;-0.00126382;0.00158152;0;1;0;0.814883;0;1;
52;0.240617;-0.240616;0.240617;-0.240617;0.240616;-0.240616;0.167051;-0.0450083;0.135449;-0.0882838;0.135316;-0.124919;6.59586e-05;0.0273202;-0.000630798;0.0173346;-0.000738516;0.00905597;0;1;0;0.77913;0;1;
53;0.27144;-0.27144;0.27144;-0.27144;0.27144;-0.27144;0.141979;0.032633;0.123523;-0.0346185;0.123446;-0.0758901;3.81515e-05;0.0491798;-0.00140214;0.0336369;-0.000431756;0.00529031;0;1;0;0.842233;0;0.88966;
54;0.287466;-0.287467;0.287466;-0.287467;0.287466;-0.287466;0.100115;0.0536909;0.0893319;0.0431522;0.0892862;0.0251335;0.00773043;0.0378747;-0.00081895;0.0392798;-0.000252576;0.025921;0.747629;1;0.287628;0.755562;0;1;
55;0.293158;-0.293159;0.293158;-0.293158;0.293158;-0.293158;0.0385078;0.0629047;0.0338774;0.0737002;0.0378466;0.0768882;0.0117259;0.0221192;0.0303293;0.0229398;0.0364152;0.0151399;0.836657;0;1;0.134214;1;0.609405;
56;0.289813;-0.289813;0.289813;-0.289813;0.289813;-0.289813;-0.0416538;0.100879;-0.0443468;0.107184;-0.0420252;0.109045;0.00684925;0.0129171;0.0177188;0.0133963;0.0299473;0.00884115;0.578106;0;1;0;1;0;
57;0.275955;-0.275955;0.275955;-0.275955;0.275955;-0.275955;-0.12167;0.156259;-0.123235;0.15994;-0.121876;0.161028;0.00400092;0.00754311;0.0103514;0.00782297;0.0174939;0.0051628;0.644117;0;1;0;1;0;
58;0.250436;-0.250436;0.250436;-0.250436;0.250436;-0.250436;-0.18114;0.201341;-0.182048;0.203491;-0.181251;0.204126;0.00233699;0.00440468;0.00604669;0.00456813;0.0102183;0.00301461;0.967019;0;1;0;1;0;
59;0.214179;-0.214179;0.214179;-0.214179;0.214179;-0.214179;-0.218292;0.23009;-0.218818;0.231346;-0.213687;0.231717;0.00136482;0.00257181;0.00353143;0.00266728;0.00596739;0.00176003;0.721018;0;1;0;1;0;
60;0.166496;-0.166496;0.166496;-0.166496;0.166496;-0.166496;-0.239231;0.246122;-0.2294;0.246855;-0.207679;0.247072;0.000796818;0.0015014;0.0020619;0.00155713;0.00348451;0.00102732;0.922676;0;1;0;1;0;
61;0.103062;-0.103062;0.103062;-0.103062;0.103062;-0.103062;-0.245484;0.253321;-0.226242;0.253749;-0.200736;0.253875;0.000464925;0.000876252;0.00120386;0.000908813;0.00203463;0.000599392;1;0;1;0;1;0;
62;0.0184139;-0.0184142;0.018414;-0.0184139;0.0184147;-0.0184139;-0.232495;0.238047;-0.218656;0.242571;-0.192231;0.243983;0.000271254;0.000511147;0.000702928;0.000530194;0.00118777;0.000349494;0.772348;0;1;0;1;0;
63;-0.0808907;0.0808905;-0.0808906;0.0808906;-0.0808902;0.0808906;-0.210526;0.216976;-0.210796;0.227955;-0.18599;0.227208;0.000158268;0.000297919;0.000410515;0.000309191;-0.0104106;0.000203641;0.708102;0;1;0;1;0;
64;-0.168493;0.168493;-0.168493;0.168493;-0.168493;0.168493;-0.163681;0.185676;-0.178504;0.21857;-0.116157;0.218479;9.33406e-05;-0.000860087;0.000240249;0.000180074;-0.00908273;0.000118457;1;0;0.845265;0;1;0;
65;-0.228615;0.228615;-0.228615;0.228615;-0.228615;0.228615;-0.119249;0.144718;-0.136048;0.197913;-0.0642908;0.19786;0.00957626;-0.000502818;0.0130641;0.000104696;0.026672;6.87063e-05;1;0;1;0;1;0;
66;-0.264692;0.264691;-0.264691;0.264691;-0.264692;0.264691;-0.0492223;0.135156;-0.0864008;0.166222;0.0198632;0.166191;0.0222338;-0.000294073;0.00763119;6.07037e-05;0.0548526;3.96667e-05;1;0;0.878993;0;0.917102;0;
67;-0.284217;0.284216;-0.284216;0.284216;-0.284217;0.284216;0.0300169;0.104486;-0.0104841;0.122631;0.0477415;0.12261;0.0337446;-0.000172213;0.0208428;0.0130847;0.0460365;2.27345e-05;1;0;1;0.418593;0.83363;0;
68;-0.292489;0.292489;-0.292489;0.292489;-0.292489;0.292489;0.0657725;0.0523726;0.0711553;0.062967;0.0662885;0.0629559;0.0197094;0.0300656;0.0303726;0.00764422;0.0268893;0.0355916;0.842222;1;0.899454;0.474613;0.489038;1;
69;-0.291686;0.292898;-0.291686;0.291686;-0.29172;0.291818;0.0905095;-0.0214972;0.0936532;-0.0153252;0.0908108;-0.01532;0.0115097;0.0290018;0.0177371;0.00454717;0.0157027;0.0241272;0;1;0;0.371586;0;1;
70;-0.280941;0.281649;-0.280941;0.280941;-0.280961;0.281018;0.143242;-0.102926;0.145078;-0.099334;0.143418;-0.0993223;0.00672124;0.0196675;0.010358;0.00265666;0.00916994;0.0140947;0;1;0;0.418702;0;1;
71;-0.258577;0.258991;-0.258577;0.258577;-0.258589;0.258622;0.191758;-0.168203;0.192831;-0.166115;0.191861;-0.166102;0.00392474;0.0114883;0.00604859;0.00155206;0.00535476;0.00823342;0;1;0;0.620163;0;1;
72;-0.225211;0.225453;-0.225211;0.225211;-0.225218;0.225238;0.224309;-0.210544;0.224935;-0.209333;0.224369;-0.20932;0.00229154;0.00670955;0.00353186;0.000906538;0.00312666;0.00480881;0;1;0;0.474478;0;1;
73;-0.180948;0.181089;-0.180948;0.180948;-0.180952;0.180963;0.243116;-0.20567;0.243482;-0.234369;0.243151;-0.233381;0.00133774;0.0039179;0.00206208;0.00052924;0.00182543;0.00280801;0;1;0;0.504312;0;1;
74;-0.12247;0.122552;-0.12247;0.12247;-0.122472;0.122479;0.252296;-0.201589;0.252509;-0.247186;0.252316;-0.228734;0.000780688;0.00228768;0.00120369;0.000308714;0.00106548;0.00163954;0;1;0;0.526795;0;1;
75;-0.0438946;0.0439432;-0.0438947;0.0438946;-0.043896;0.0439;0.246969;-0.191261;0.247295;-0.236965;0.245764;-0.22299;0.000455371;0.00133592;0.000702401;0.000179954;0.000621669;0.000957313;0;1;0;0.577966;0;1;
76;0.0534502;-0.0534217;0.0534502;-0.0534503;0.0534495;-0.0534471;0.23155;-0.169157;0.232703;-0.213547;0.221585;-0.209178;0.00026539;0.000780886;0.000409651;0.000105072;0.000362499;0.000559177;0;1;0;0.638636;0;1;
77;0.146925;-0.146908;0.146925;-0.146925;0.146925;-0.146923;0.195304;-0.137492;0.198533;-0.174198;0.197255;-0.185112;0.000154683;0.00519018;0.000238937;6.19411e-05;-0.00140331;0.000327092;0;1;0;0.693741;0;1;
78;0.214778;-0.214769;0.214778;-0.214778;0.214778;-0.214777;0.164191;-0.0764807;0.153568;-0.12012;0.164647;-0.1467;8.97393e-05;0.0178472;0.000138912;0.00668812;-0.000820062;0.000479947;0;1;0;0.754946;0;1;
79;0.256704;-0.256699;0.256704;-0.256704;0.256704;-0.256703;0.152344;-0.0219824;0.138547;-0.072859;0.15261;-0.105779;5.19929e-05;0.0317945;8.07882e-05;0.0254698;-0.00047936;0.0124559;0;1;0;0.798542;0;1;
80;0.280131;-0.280129;0.280131;-0.280132;0.280131;-0.280131;0.122183;0.0451321;0.114124;0.00237491;0.122337;-0.0352925;0.0210811;0.0439035;4.67662e-05;0.0357795;-0.000280429;0.00727627;0.411708;1;0;0.89634;0;1;
81;0.29115;-0.291149;0.29115;-0.29115;0.29115;-0.29115;0.0732128;0.0555509;0.0685054;0.0623245;0.0733008;0.0562766;0.0123137;0.0256456;0.0181305;0.02526;0.0180404;0.0442795;0.682383;0.86428;0.786533;0.651781;0.58951;1;
82;0.292813;-0.292812;0.292813;-0.292813;0.292813;-0.292813;0.0030505;0.072149;0.000310825;0.0761048;0.00351913;0.0725739;0.00719323;0.0149766;0.0212277;0.0147515;0.0260069;0.0258592;0.567259;0;1;0;1;0.188776;
83;0.285021;-0.285021;0.285021;-0.285021;0.285022;-0.285021;-0.0798719;0.123789;-0.081462;0.126099;-0.0795845;0.124037;0.00420201;0.00874588;0.0184698;0.0086144;0.0325268;0.0151013;0.615001;0;1;0;1;0;
84;0.265889;-0.265889;0.265889;-0.265889;0.26589;-0.265889;-0.15177;0.177418;-0.152691;0.178767;-0.151592;0.177563;0.00245469;0.00510713;0.010789;0.00503036;0.0189992;0.00881868;0.659399;0;1;0;1;0;
85;0.23544;-0.23544;0.23544;-0.23544;0.235441;-0.23544;-0.200476;0.215455;-0.201008;0.216243;-0.200363;0.21554;0.00143378;0.00298206;0.00630159;0.00293723;0.0110965;0.0051496;0.701902;0;1;0;1;0;
86;0.194343;-0.194344;0.194344;-0.194343;0.194344;-0.194343;-0.229459;0.238207;-0.229766;0.238668;-0.207074;0.238257;0.000837205;0.00174099;0.00367994;0.00171484;0.00647992;0.00300685;0.744829;0;1;0;1;0;
87;0.140326;-0.140326;0.140326;-0.140326;0.140327;-0.140326;-0.244942;0.250052;-0.229866;0.250321;-0.203748;0.250081;0.000488611;0.00101618;0.00214871;0.00100091;0.0037839;0.00175544;0.775246;0;1;0;1;0;
88;0.0677847;-0.0677851;0.0677848;-0.0677847;0.0677855;-0.0677847;-0.239633;0.251143;-0.225275;0.250149;-0.193646;0.250354;0.000284947;0.000592891;0.00125459;0.000583983;0.00220966;0.00102461;0.833609;0;1;0;1;0;
89;-0.0257066;0.0257059;-0.0257065;0.0257066;-0.0257054;0.0257066;-0.222475;0.227856;-0.213746;0.238045;-0.172252;0.237678;0.000166288;0.000345685;0.000732702;0.000340495;0.00129123;0.000597827;0.933021;0;1;0;1;0;
90;-0.123252;0.123251;-0.123252;0.123252;-0.12325;0.123252;-0.189136;0.204604;-0.19486;0.204623;-0.148968;0.204035;9.75095e-05;0.000201318;0.00042827;0.000198341;0.000755469;0.000348602;1;0;1;0;1;0;
91;-0.198943;0.198942;-0.198942;0.198942;-0.198941;0.198942;-0.139247;0.171525;-0.156297;0.169156;-0.0901051;0.162764;0.00547496;0.000117034;0.000251059;0.000115338;0.0156518;0.000203061;1;0;0.873546;0;1;0;
92;-0.247327;0.247326;-0.247327;0.247327;-0.247327;0.247327;-0.0823429;0.162104;-0.117469;0.157515;-0.028004;0.123955;0.0165657;6.7925e-05;0.00773656;6.69244e-05;0.0463185;0.000118377;1;0;1;0;1;0;
93;-0.275124;0.275123;-0.275124;0.275124;-0.275124;0.275124;-0.0134308;0.134923;-0.0599755;0.132243;0.0340635;0.110033;0.040039;3.92205e-05;0.00451984;0.000766448;0.0593176;6.86316e-05;1;0;0.892506;0.273106;1;0;
94;-0.289121;0.289121;-0.289121;0.289121;-0.289121;0.289121;0.0520319;0.0903116;0.0381084;0.0887511;0.0534231;0.0757789;0.0233898;2.24312e-05;0.0517166;0.0052919;0.0346518;0.0141345;1;0;1;0.474153;1;0.701717;
95;-0.293239;0.293238;-0.293238;0.293238;-0.293239;0.293238;0.0795605;0.0280574;0.0793969;0.0243773;0.0538557;0.0168091;0.0136598;0.0391388;0.0302035;0.00802283;0.0202365;0.0294553;0;1;0.681471;0.563369;0;1;
96;-0.288223;0.288224;-0.288223;0.288223;-0.288223;0.288223;0.117785;-0.0549214;0.11769;-0.057085;0.102774;-0.0614941;0.00797683;0.0300323;0.0176382;0.00468659;0.0118176;0.0189976;0;0.906871;0;0.403309;0;1;
97;-0.27234;0.272341;-0.27234;0.27234;-0.27234;0.27234;0.169633;-0.132908;0.169577;-0.134183;0.160866;-0.136751;0.004658;0.0175431;0.0103002;0.00273785;0.00690105;0.0110978;0;1;0;0.433234;0;1;
98;-0.244882;0.244882;-0.244882;0.244882;-0.244882;0.244882;0.21001;-0.188553;0.209978;-0.189307;0.20489;-0.1908;0.0027198;0.0102467;0.00601483;0.00159924;0.00402972;0.00648229;0;1;0;0.461201;0;1;
