1;-0.000363587;0.000116064;9.94833e-05;-0.000363587;0.000116064;9.94833e-05;0.0349769;0.0347456;0.0352595;0.034977;0.0347457;0.0352595;0.808667;0.808665;0.808666;0.808667;0.808665;0.808666;0;0;0;0;0;0;
2;-0.00347592;0.0027511;0.00283605;-0.00227104;-0.00196316;-0.00212536;0.159698;0.153814;0.156145;0.163491;0.164117;0.164322;0.47245;0.472424;0.472422;0.472418;0.472417;0.472412;1;1;1;1;1;1;
3;-0.0120177;0.00152684;0.0031201;0.000795277;-0.00109656;-0.00201824;0.093354;0.0917344;0.0928112;0.100627;0.10151;0.101439;0.275928;0.275913;0.275911;0.275909;0.275908;0.275905;0.947744;0.699566;0.881553;0.641708;0.620643;0.811313;
4;-0.00638337;0.000256875;0.00245694;-0.000170369;-6.70767e-06;-0.00181346;0.0544964;0.0536057;0.0541801;0.0587979;0.0592602;0.0592726;0.161147;0.161139;0.161138;0.161136;0.161136;0.161134;0.940597;0.810847;1;0.619029;0.787334;1;
5;-0.00285166;-0.000726177;0.002311;-0.000975621;0.000872949;-0.00193521;0.0315749;0.0315663;0.031391;0.0345979;0.0343578;0.0348757;0.0941124;0.0941083;0.0941076;0.0941064;0.0941068;0.0941054;0.93729;0.797345;1;0.627264;0.804423;1;
6;-0.000557907;-0.00153147;0.00245704;-0.00167715;0.00161722;-0.00223756;0.0288715;0.0326051;0.0339769;0.030775;0.0325513;0.0358356;0.054964;0.0549616;0.0549615;0.0549604;0.054961;0.0549602;0.952003;0.76653;1;0.618241;0.642364;1;
7;0.000917542;-0.00213767;0.00267823;-0.00222274;0.00218777;-0.00255003;0.0246433;0.0287593;0.0305708;0.0294922;0.0296079;0.0330992;0.0321015;0.0320999;0.0321004;0.0320991;0.0321001;0.0320994;0.802098;0.571095;1;0.616066;0.726254;1;
8;0.00166946;-0.00238198;0.00296659;-0.00243165;0.00241124;-0.0026228;0.0243618;0.0287164;0.0259651;0.0311902;0.0285405;0.0320268;0.0187498;0.0187484;0.0187497;0.0187482;0.0187494;0.0187484;1;0.523022;1;0.491027;0.942925;1;
9;0.00151338;-0.00192944;0.00227089;-0.00195845;0.00194657;-0.00207008;0.0225075;0.0299413;0.0256002;0.0328159;0.0290675;0.0358604;0.0109525;0.010951;0.0109529;0.0109511;0.0109529;0.0109516;1;0.702911;1;0.637049;1;1;
10;-1.18346e-05;-0.00023151;0.000430941;-0.000248444;0.000241562;-0.000313648;0.0196774;0.0303587;0.0242365;0.0344064;0.0287453;0.038863;0.00639903;0.00639709;0.00639952;0.00639739;0.00639988;0.00639799;1;0.646394;1;0.732116;1;1;
11;-0.00365268;0.00351086;-0.00339437;0.00350098;-0.00350499;0.00346289;0.0181403;0.0309045;0.0207926;0.0359536;0.0263905;0.0407474;0.00373994;0.00373734;0.00498343;0.00373796;0.00655196;0.00373867;1;0.599603;1;0.770028;1;1;
12;-0.0104329;0.0103501;-0.0102821;0.0103444;-0.0103467;0.0103221;0.015629;0.0321944;0.0202482;0.0392444;0.0269709;0.0418277;0.00608161;0.0021838;0.00778695;0.00218476;0.00919572;0.00218548;1;0.555579;1;0.69266;1;1;
13;-0.0215508;0.0215025;-0.0214628;0.0214992;-0.0215005;0.0214862;0.0143237;0.0304642;0.0164288;0.0395402;0.026816;0.0417169;0.00355463;0.00127646;0.00460976;0.00127752;0.00968483;0.0012782;1;0.532154;1;0.701715;1;1;
14;-0.0380821;0.0380539;-0.0380307;0.038052;-0.0380527;0.0380444;0.0170593;0.0297719;0.0210475;0.037703;0.0262815;0.0386607;0.00411483;0.00074693;0.00682496;0.000748081;0.00842602;0.000986812;1;0.59382;1;0.763798;1;1;
15;-0.0603213;0.0603049;-0.0602913;0.0603038;-0.0603042;0.0602993;0.0241069;0.0283896;0.0287353;0.0275775;0.0282837;0.0325106;0.00240551;0.00182088;0.00398853;0.00209858;0.00492353;0.00263668;0.709254;0.767981;1;0.73867;0.905369;1;
16;-0.086744;0.0867344;-0.0867265;0.0867338;-0.086734;0.0867312;0.0432777;0.0241552;0.0474676;0.0101053;0.0352311;0.0163694;0.00140623;0.0145543;0.00233134;0.0071885;0.00287603;0.00827313;0.774239;1;1;0.808779;0.425415;1;
17;-0.113124;0.113118;-0.113114;0.113118;-0.113118;0.113117;0.0581514;0.0107451;0.0606004;-0.0269703;0.0534518;-0.0233103;0.000821067;0.0211871;0.0013624;0.00766246;0.00167924;0.0104951;0.492073;1;0.804014;0.804423;0;1;
18;-0.132804;0.132801;-0.132798;0.1328;-0.132801;0.132799;0.095525;-0.0510696;0.0969553;-0.0773122;0.0927806;-0.0751688;0.000479086;0.0382481;0.000795214;0.00447703;0.000980343;0.0163449;0;1;0;0.645612;0;1;
19;-0.138314;0.138313;-0.13831;0.138312;-0.138312;0.138311;0.14357;-0.117593;0.144405;-0.132931;0.141967;-0.131674;0.000279378;0.0267825;0.000463972;0.00261596;0.000572129;0.00994509;0;1;0;0.634446;0;1;
20;-0.123568;0.123568;-0.123566;0.123566;-0.123567;0.123566;0.185968;-0.170788;0.186456;-0.179753;0.185032;-0.179015;0.000162737;0.0156428;0.000270536;0.00152845;0.000333662;0.00580936;0;1;0;0.910226;0;1;
21;-0.084386;0.0843864;-0.0843848;0.0843852;-0.0843852;0.084385;0.214927;-0.20563;0.215212;-0.211295;0.21438;-0.210861;9.4603e-05;0.00913421;0.000157536;0.000892826;0.000194342;0.00339306;0;1;0;0.702761;0;1;
22;-0.0173052;0.0173055;-0.0173045;0.0173047;-0.0173044;0.0173046;0.230535;-0.200916;0.230702;-0.228413;0.230216;-0.220777;5.47914e-05;0.00533185;9.15334e-05;0.000521275;0.000112946;0.00198143;0;1;0;0.756012;0;1;
23;0.0725449;-0.0725448;0.0725453;-0.0725453;0.0725461;-0.0725453;0.229473;-0.171042;0.228962;-0.211365;0.228412;-0.207955;3.15111e-05;0.00311309;5.2931e-05;0.000304346;6.54091e-05;0.00115736;0;1;0;0.826866;0;1;
24;0.159618;-0.159619;0.159618;-0.159618;0.15962;-0.159618;0.217196;-0.135856;0.202834;-0.170069;0.19372;-0.18325;1.79588e-05;0.00550262;3.05919e-05;0.000178401;3.76442e-05;0.000676517;0;1;0;0.952473;0;1;
25;0.22249;-0.222491;0.22249;-0.22249;0.222491;-0.22249;0.200086;-0.0825626;0.191699;-0.125582;0.186303;-0.146204;9.99112e-06;0.0151773;1.73046e-05;0.00375084;2.14556e-05;0.000396074;0;1;0;1;0;1;
26;0.261127;-0.261129;0.261127;-0.261127;0.261128;-0.261127;0.171185;-0.0256712;0.166286;-0.0671198;0.163135;-0.102308;5.40465e-06;0.0326627;9.70511e-06;0.0152605;1.20186e-05;0.00602949;0;1;0;1;0;1;
27;0.282492;-0.282495;0.282492;-0.282493;0.282493;-0.282492;0.130435;0.0286894;0.127572;0.0221803;0.125732;-0.0296229;0.0154014;0.0347711;5.30384e-06;0.0336692;6.58242e-06;0.00352247;0.800838;1;0;1;0;0.878451;
28;0.292154;-0.292156;0.292154;-0.292155;0.292155;-0.292154;0.0742556;0.0661439;0.072585;0.0553206;0.0715077;0.0693711;0.00899698;0.0203119;0.0335527;0.0196677;0.0114786;0.0313984;0.831412;1;1;1;0.660124;1;
29;0.292538;-0.293531;0.283061;-0.292731;0.289957;-0.292374;-0.000913207;0.0829085;-0.00188028;0.0765883;0.00060112;0.0847947;0.00525657;0.0118617;0.0355762;0.0114858;0.0390205;0.018337;1;0;1;0;1;0.465751;
30;0.283653;-0.284233;0.268699;-0.283766;0.282147;-0.283557;-0.085604;0.13349;-0.0861557;0.129799;-0.084702;0.134591;0.00307093;0.00692683;0.0333224;0.00670727;0.0477617;0.0107083;0.671511;0;1;0;1;0;
31;0.26331;-0.263649;0.254577;-0.263376;0.262431;-0.263254;-0.156349;0.184316;-0.156665;0.18216;-0.155811;0.184959;0.00179434;0.00404484;0.0194632;0.00391658;0.0278988;0.00625316;0.850458;0;1;0;1;0;
32;0.231772;-0.23197;0.226672;-0.23181;0.231259;-0.231739;-0.203368;0.219701;-0.203546;0.218442;-0.203045;0.220076;0.00104824;0.00236166;0.0113677;0.00228682;0.0162928;0.00365136;0.897787;0;1;0;1;0;
33;0.189527;-0.189643;0.186549;-0.18955;0.189228;-0.189508;-0.231065;0.240604;-0.231165;0.239869;-0.221901;0.240824;0.000612104;0.00137864;0.00663866;0.00133503;0.00951231;0.0021319;0.943059;0;1;0;1;0;
34;0.133918;-0.133986;0.132179;-0.133932;0.133744;-0.133907;-0.245662;0.251234;-0.230255;0.250804;-0.214161;0.251362;0.000357151;0.000804535;0.00387662;0.000779143;0.00555229;0.0012445;0.989729;0;1;0;1;0;
35;0.0591762;-0.0592157;0.0581605;-0.0591839;0.059075;-0.0591698;-0.238249;0.249871;-0.224894;0.249346;-0.197296;0.249449;0.000208139;0.000469263;0.00226375;0.000454515;0.00324053;0.000726252;1;0;1;0;1;0;
36;-0.0359225;0.0358998;-0.0365157;0.035918;-0.0359814;0.0359263;-0.219286;0.22643;-0.213072;0.236833;-0.170901;0.235852;0.000121389;0.000273478;0.00132208;0.000264916;0.00189231;0.000423603;1;0;1;0;1;0;
37;-0.13221;0.132197;-0.132556;0.132207;-0.132245;0.132212;-0.182686;0.20195;-0.191826;0.216731;-0.144306;0.202327;7.12785e-05;0.000159192;0.000772538;0.000154328;0.00692837;0.000247037;1;0;1;0;1;0;
38;-0.205022;0.205015;-0.205224;0.20502;-0.205043;0.205023;-0.136149;0.165497;-0.157864;0.204534;-0.0933656;0.173355;0.00495289;9.24252e-05;0.000452056;8.95625e-05;0.018627;0.000143667;1;0;1;0;1;0;
39;-0.250955;0.250951;-0.251073;0.250954;-0.250969;0.250956;-0.0829944;0.156601;-0.116487;0.179398;-0.0338606;0.16119;0.0161549;5.34957e-05;0.00208031;5.18643e-05;0.026611;8.35116e-05;1;0;1;0;1;0;
40;-0.277085;0.277081;-0.277152;0.277083;-0.277093;0.277084;-0.00306894;0.129179;-0.0590871;0.142493;0.0267137;0.131859;0.0253938;3.07531e-05;0.00121626;0.00132279;0.0386381;4.84097e-05;1;0;1;0.299495;1;0;
41;-0.289952;0.28995;-0.289992;0.289951;-0.289958;0.289952;0.0439613;0.0834931;0.0475997;0.0912729;0.0594494;0.08506;0.0285841;1.80761e-05;0.0432064;0.00625825;0.035668;0.0209332;1;0.27954;1;0.636429;1;0.723199;
42;-0.293162;0.290258;-0.293185;0.29037;-0.293165;0.290229;0.0648982;0.0196755;0.0842051;0.0213757;0.0672788;0.0177551;0.0166938;0.0298162;0.0252336;0.00672347;0.02083;0.0379252;0.209911;1;0.655632;0.724858;0;1;
43;-0.287143;0.286764;-0.287156;0.285512;-0.287145;0.285348;0.113197;-0.0637876;0.124472;-0.0628129;0.114588;-0.064914;0.00974869;0.048871;0.0147358;0.00392782;0.0121642;0.0318226;0;1;0;0.495852;0;1;
44;-0.270065;0.269844;-0.270073;0.269112;-0.270066;0.269016;0.168702;-0.139832;0.175286;-0.139276;0.169514;-0.140495;0.00569277;0.0302925;0.00860521;0.00229487;0.0071035;0.0185881;0;1;0;0.689504;0;1;
45;-0.241493;0.241364;-0.241497;0.240937;-0.241493;0.24088;0.209856;-0.192987;0.213701;-0.192671;0.21033;-0.193377;0.00332412;0.0176916;0.00502496;0.00134069;0.00414791;0.0108572;0;1;0;0.821817;0;1;
46;-0.202303;0.202228;-0.202305;0.201978;-0.202303;0.201945;0.235037;-0.224406;0.237283;-0.225;0.235314;-0.225408;0.0019408;0.0103298;0.00293407;0.000783;0.00242182;0.00634074;0;1;0;0.873047;0;1;
47;-0.150865;0.150821;-0.150866;0.150675;-0.150865;0.150656;0.248544;-0.219004;0.249856;-0.242682;0.248706;-0.230435;0.00113292;0.00602955;0.00171298;0.00045701;0.00141375;0.00370259;0;1;0;0.9382;0;1;
48;-0.081984;0.0819592;-0.081985;0.0818733;-0.0819841;0.0818622;0.251556;-0.202267;0.251916;-0.243143;0.251886;-0.225644;0.000661126;0.00351931;0.000999822;0.000266457;0.000825048;0.00216211;0;1;0;0.943571;0;1;
49;0.00835554;-0.00836989;0.00835497;-0.00842024;0.00835591;-0.00842668;0.24129;-0.181241;0.239629;-0.226397;0.2333;-0.217708;0.000385573;0.00205447;0.00058338;0.000155346;0.000481246;0.00126263;0;1;0;0.850425;0;1;
50;0.107334;-0.107343;0.107334;-0.107372;0.107335;-0.107376;0.212246;-0.14941;0.212175;-0.199251;0.210555;-0.201256;0.000224663;0.00120022;0.00034016;9.08806e-05;0.000280498;0.000737699;0;1;0;0.878358;0;1;
51;0.187852;-0.187858;0.187851;-0.187874;0.187853;-0.187876;0.176797;-0.110065;0.176268;-0.153372;0.174331;-0.166967;0.000130784;0.0114895;0.000198215;0.0027256;0.000163235;0.000431622;0;1;0;1;0;1;
52;0.240616;-0.240621;0.240616;-0.240629;0.240617;-0.24063;0.167494;-0.0486988;0.165717;-0.0993909;0.135681;-0.126841;7.59075e-05;0.0179172;0.000115333;0.0147816;9.49272e-05;0.00168584;0;1;0;1;0;1;
53;0.271439;-0.271443;0.271439;-0.271447;0.27144;-0.271448;0.142238;0.0159741;0.1412;-0.0381216;0.123659;-0.0793687;4.39471e-05;0.0294557;6.69792e-05;0.0176125;5.49141e-05;0.0085;0;1;0;1;0;1;
54;0.287466;-0.28747;0.287466;-0.287472;0.287467;-0.287471;0.100266;0.0532643;0.0996546;0.0328207;0.0894104;0.0243689;0.00714006;0.034334;3.87742e-05;0.0419038;3.16316e-05;0.0351622;1;1;0;1;0;1;
55;0.293158;-0.29316;0.293158;-0.293161;0.293115;-0.293161;0.0385963;0.0671537;0.0382447;0.0658772;0.0327813;0.0782398;0.00459247;0.0200521;0.0188376;0.0244727;0.0264455;0.0205374;1;0.268353;1;0.296496;1;0.84002;
56;0.289813;-0.289814;0.275462;-0.289815;0.291226;-0.289815;-0.041602;0.103361;-0.0417943;0.102615;-0.044911;0.109835;0.0062591;0.0117099;0.0360577;0.0142915;0.0441291;0.0119933;0.600263;0;1;0;1;0;
57;0.275955;-0.275956;0.267574;-0.275956;0.276781;-0.275956;-0.12164;0.157708;-0.121743;0.157272;-0.123558;0.161489;0.0036565;0.00683817;0.0210625;0.00834576;0.0316485;0.00700363;0.831759;0;1;0;1;0;
58;0.250436;-0.250436;0.245542;-0.250437;0.250919;-0.250437;-0.181122;0.202187;-0.181176;0.201933;-0.182233;0.204395;0.002136;0.00399299;0.0123025;0.00487345;0.0184845;0.00408965;0.763984;0;1;0;1;0;
59;0.214179;-0.214179;0.21132;-0.214179;0.214461;-0.214179;-0.218282;0.230584;-0.218309;0.230436;-0.218924;0.231874;0.00124757;0.00233135;0.00718505;0.0028456;0.0107932;0.00238786;0.721304;0;1;0;1;0;
60;0.166496;-0.166496;0.164827;-0.166496;0.166661;-0.166496;-0.239225;0.246411;-0.233979;0.246324;-0.221542;0.247164;0.000728379;0.00136093;0.00419563;0.00166132;0.00629989;0.00139401;0.711908;0;1;0;1;0;
61;0.103062;-0.103062;0.102087;-0.103062;0.103159;-0.103062;-0.24805;0.253489;-0.227228;0.253438;-0.204818;0.253832;0.000424966;0.000794193;0.00245002;0.000969695;0.00367697;0.000813559;0.723928;0;1;0;1;0;
62;0.0184141;-0.018414;0.0178449;-0.0184142;0.0184712;-0.0184142;-0.23093;0.23841;-0.221963;0.245064;-0.189484;0.244396;0.000247806;0.000463224;0.00143068;0.000565802;-0.00117191;0.000474586;0.987169;0;1;0;1;0;
63;-0.0808902;0.0808909;-0.0812226;0.0808901;-0.0808569;0.0808901;-0.205953;0.217047;-0.206972;0.225399;-0.160542;0.225783;0.000144663;0.000269971;0.000835685;0.000329931;-0.00882942;0.000276638;1;0;1;0;1;0;
64;-0.168492;0.168493;-0.168686;0.168492;-0.168474;0.168492;-0.168436;0.183361;-0.17681;0.217798;-0.120417;0.217531;8.5243e-05;0.000157112;-0.000727783;0.000192214;-0.000306108;0.000161096;1;0;1;0;1;0;
65;-0.228615;0.228615;-0.228728;0.228615;-0.228605;0.228615;-0.111066;0.145238;-0.139305;0.197462;-0.0681218;0.197307;0.0100374;9.12407e-05;0.00293519;0.000111775;0.0238362;9.36025e-05;1;0;1;0;1;0;
66;-0.264691;0.264692;-0.264757;0.264691;-0.264687;0.264691;-0.048583;0.13546;-0.0931235;0.165959;0.00513545;0.165868;0.0252495;5.28074e-05;0.00171547;6.48531e-05;0.033207;5.42724e-05;1;0;1;0;1;0;
67;-0.284216;0.284216;-0.284255;0.284216;-0.284216;0.284216;0.0112539;0.104664;-0.011986;0.122476;0.0482425;0.122422;0.0178863;3.04642e-05;0.0244149;0.0083864;0.0340548;3.13276e-05;1;0;1;0.343443;1;0;
68;-0.292489;0.292489;-0.292511;0.292489;-0.292488;0.292489;0.06742;0.0524766;0.0725961;0.0628769;0.0716768;0.0628464;0.0201909;0.0301981;0.0262283;0.0117631;0.0198922;0.0277042;1;0.898173;1;0.643196;0.915563;1;
69;-0.286129;0.269519;-0.282221;0.286941;-0.292639;0.278805;0.0914716;-0.0150935;0.094495;-0.0153769;0.0939575;-0.0153839;0.0117909;0.0392361;0.0153171;0.00687178;0.0116165;0.0394544;0;1;0;0.478539;0;1;
70;-0.277696;0.269305;-0.275413;0.27817;-0.281498;0.273418;0.143804;-0.0991838;0.14557;-0.0993639;0.145256;-0.0993575;0.00688543;0.0414766;0.00894469;0.00401439;0.00678356;0.0247363;0;1;0;0.711463;0;1;
71;-0.256682;0.251782;-0.255349;0.256959;-0.258902;0.254183;0.192086;-0.166015;0.193118;-0.166132;0.192934;-0.166122;0.0040206;0.0243956;0.00522321;0.00234518;0.00396117;0.0144488;0;1;0;0.575112;0;1;
72;-0.224105;0.221244;-0.223326;0.224266;-0.225401;0.222646;0.224501;-0.209266;0.225103;-0.209343;0.224996;-0.209331;0.00234755;0.0142471;0.00304985;0.00136983;0.00231279;0.00843884;0;1;0;0.597786;0;1;
73;-0.180302;0.178631;-0.179847;0.180396;-0.181059;0.17945;0.243228;-0.215462;0.24358;-0.234375;0.243517;-0.234365;0.00137049;0.00831746;0.00178063;0.000799859;0.0013501;0.00492803;0;1;0;0.638121;0;1;
74;-0.122092;0.121117;-0.121827;0.122147;-0.122534;0.121595;0.252361;-0.21193;0.252566;-0.24719;0.25253;-0.230506;0.000799857;0.00367069;0.00103936;0.000466757;0.000787862;0.00287761;0;1;0;0.657829;0;1;
75;-0.0436744;0.0431053;-0.0435194;0.0437066;-0.0439324;0.0433839;0.247416;-0.191722;0.247025;-0.236376;0.246857;-0.22304;0.000466603;0.00214232;0.000606435;0.000272177;0.000459529;0.00168038;0;1;0;0.732434;0;1;
76;0.0535785;-0.053911;0.053669;-0.0535597;0.0534285;-0.0537482;0.23332;-0.166863;0.232922;-0.213981;0.221916;-0.210256;0.000271977;0.00125113;0.000353632;0.000158839;0.000267802;0.000981461;0;1;0;0.83197;0;1;
77;0.147;-0.147194;0.147053;-0.146989;0.146913;-0.147099;0.222808;-0.135134;0.21762;-0.177626;0.197704;-0.187846;0.000158363;0.00817379;0.000206084;9.33029e-05;-0.000145251;0.00057372;0;1;0;0.689043;0;1;
78;0.214822;-0.214937;0.214853;-0.214815;0.214771;-0.214879;0.205178;-0.0840913;0.202148;-0.12868;0.162088;-0.150404;9.19793e-05;0.0179323;0.000119823;0.00392023;-8.53644e-05;0.0010622;0;1;0;1;0;1;
79;0.25673;-0.256798;0.256747;-0.256726;0.2567;-0.256763;0.176281;-0.028384;0.174511;-0.0740738;0.151116;-0.106966;5.32678e-05;0.0342905;6.95566e-05;0.010513;-5.0335e-05;0.00186063;0;1;0;1;0;1;
80;0.280146;-0.280188;0.280157;-0.280145;0.280129;-0.280166;0.136162;0.0343865;0.135127;0.0103847;0.121464;-0.0404875;0.0107864;0.0428532;4.02421e-05;0.0328848;-2.98513e-05;0.00453634;0.95345;1;0;0.920366;0;1;
81;0.291159;-0.291183;0.291165;-0.291158;0.291149;-0.29117;0.0813762;0.0623754;0.0807713;0.0487469;0.072791;0.055862;0.0106306;0.0250325;0.0239877;0.0192097;0.00313425;0.0434863;1;1;1;0.913808;0.556863;1;
82;0.292818;-0.292833;0.284622;-0.292818;0.28959;-0.292825;0.00781915;0.076135;0.0074724;0.0681766;0.00316766;0.0723332;0.00621099;0.0146188;0.036193;0.0112187;0.0306092;0.0253968;1;0;1;0;1;0.587291;
83;0.285024;-0.285033;0.268573;-0.285024;0.28314;-0.285028;-0.0770874;0.126117;-0.0772763;0.121469;-0.0797861;0.123897;0.00362839;0.00853695;0.036416;0.00655125;0.0436243;0.0148312;0.831678;0;1;0;1;0;
84;0.265891;-0.265896;0.256284;-0.265891;0.264791;-0.265893;-0.150143;0.178778;-0.150246;0.176064;-0.151708;0.177481;0.00211997;0.00498514;0.0212702;0.00382548;0.0254825;0.00866094;1;0;1;0;1;0;
85;0.235441;-0.235444;0.229831;-0.235441;0.234799;-0.235443;-0.199525;0.216249;-0.19958;0.214664;-0.20043;0.215492;0.00405592;0.0029108;0.0124234;0.00223363;0.0148825;0.00505748;1;0;1;0;1;0;
86;0.194344;-0.194346;0.191068;-0.194344;0.193969;-0.194345;-0.228904;0.238671;-0.228932;0.237745;-0.223087;0.238229;0.00236863;0.00169934;0.00725521;0.00130396;0.00868895;0.00295308;1;0;1;0;1;0;
87;0.140326;-0.140328;0.138413;-0.140326;0.140108;-0.140327;-0.244618;0.250323;-0.230864;0.249783;-0.215603;0.250065;0.00138298;0.000991825;0.00423667;0.000761003;0.00507136;0.00172407;1;0;1;0;1;0;
88;0.067785;-0.0677857;0.0666678;-0.0677851;0.067658;-0.0677854;-0.239949;0.250974;-0.225595;0.250557;-0.199153;0.250621;0.000807212;0.000578639;0.00247399;0.000443926;0.00295943;0.00100631;1;0;1;0;1;0;
89;-0.0257061;0.025706;-0.0263585;0.025706;-0.02578;0.0257058;-0.221626;0.228733;-0.214397;0.238406;-0.17372;0.237734;0.000471204;0.00033735;0.00144483;0.000258731;0.00172795;0.00058716;1;0;1;0;1;0;
90;-0.123251;0.123251;-0.123632;0.123251;-0.123294;0.123251;-0.191153;0.205;-0.196095;0.20791;-0.145157;0.202933;0.000275544;0.000196454;0.000844179;0.000150757;0.00336179;0.000342368;1;0;1;0;1;0;
91;-0.198942;0.198942;-0.199164;0.198942;-0.198968;0.198942;-0.14332;0.170368;-0.160834;0.170691;-0.0986744;0.165763;0.00970059;0.00011417;0.000493846;8.75624e-05;0.0133742;0.000199467;1;0;1;0;1;0;
92;-0.247327;0.247327;-0.247456;0.247326;-0.247343;0.247326;-0.0897685;0.161429;-0.11938;0.161617;-0.0388816;0.153943;0.0123318;6.62031e-05;0.00408563;5.06364e-05;0.0248424;0.000116131;1;0;1;0;1;0;
93;-0.275124;0.275124;-0.275199;0.275123;-0.275135;0.275123;-0.0248576;0.134528;-0.0667929;0.134639;0.0265405;0.130156;0.0162449;3.8182e-05;0.0023876;2.95185e-05;0.0298225;6.74195e-05;1;0;1;0.203875;1;0;
94;-0.289121;0.289121;-0.289165;0.28912;-0.289128;0.289121;0.0408183;0.0900814;0.0423989;0.0901514;0.0558633;0.0875298;0.0234112;2.18827e-05;0.0278386;0.00856471;0.0330556;0.0126428;1;0;1;0.646993;1;0.647544;
95;-0.293239;0.291812;-0.293264;0.293238;-0.293242;0.291827;0.0782507;0.0302097;0.0886415;0.0251956;0.0485898;0.023672;0.0136725;0.0323826;0.0162595;0.00500465;0.0193046;0.0333804;0.394284;1;0.705856;0.839172;0.344384;1;
96;-0.288223;0.287452;-0.288238;0.288223;-0.288226;0.270405;0.11702;-0.0536617;0.123088;-0.056607;0.0996985;-0.0574844;0.00798424;0.0384467;0.009495;0.0039749;0.0112735;0.0379968;0;1;0;0.306456;0;1;
97;-0.27234;0.271891;-0.272349;0.27234;-0.272342;0.261934;0.169186;-0.132171;0.17273;-0.133904;0.159071;-0.134408;0.00466235;0.0265985;0.00554461;0.00232242;0.00658328;0.0221943;0;1;0;0.54308;0;1;
98;-0.244882;0.24462;-0.244887;0.244882;-0.244883;0.238805;0.209749;-0.188123;0.211819;-0.189144;0.203842;-0.189432;0.00272235;0.0155345;0.00323758;0.00135681;0.00384413;0.0129633;0;1;0;0.577249;0;1;
