1;-0.000363588;0.000116064;9.94838e-05;-0.000363588;0.000116064;9.94838e-05;0.0349769;0.0347456;0.0352595;0.0349769;0.0347456;0.0352595;0.808667;0.808665;0.808666;0.808667;0.808665;0.808666;0;0;0;0;0;0;
2;0.00440215;0.00309512;0.00577892;0.00681476;0.012125;0.00939499;0.120262;-0.00547805;0.0109892;0.0802446;0.0757618;0.072868;0.472328;0.472321;0.472298;0.47232;0.472314;0.472346;0;0;1;1;1;1;
3;0.0285029;0.0323012;0.0438907;-0.0212817;-0.0273649;-0.0247816;0.196036;0.125951;0.176334;0.185697;0.199687;0.170632;0.275891;0.275854;0.275847;0.275865;0.275864;0.275874;0;0;1;0;0.586953;1;
4;0.0211677;0.0253644;0.0374619;-0.0148195;-0.0225505;-0.0202011;0.218747;0.167594;0.20503;0.204365;0.215381;0.217858;0.24191;0.206111;0.216061;0.214323;0.240457;0.235198;0;0;1;1;1;1;
5;0.0203892;0.0266349;0.0271211;-0.0279817;-0.0343396;-0.0295534;0.228782;0.171465;0.213057;0.159686;0.193729;0.211612;0.20324;0.186568;0.215283;0.152067;0.197353;0.237879;0;0;1;1;1;1;
6;0.0339128;0.0237884;0.000842018;-0.0192111;-0.0344317;-0.0304414;0.169036;0.124452;0.192379;0.11151;0.138619;0.201369;0.121211;0.142436;0.179702;0.0888279;0.150787;0.180954;0;0;0;1;1;1;
7;0.037255;0.0238514;-0.0214444;0.0161228;-0.0254529;-0.00587084;0.115717;0.0888563;0.141566;0.0977122;0.120939;0.180071;0.0873503;0.0891441;0.115916;0.051891;0.171995;0.151946;0;0.351665;0.826445;1;1;1;
8;0.0418187;0.026361;-0.0174154;0.0144802;-0.0161833;-0.0171676;0.0838538;0.081392;0.111306;0.0617333;0.0892506;0.135405;0.0555388;0.0764457;0.0805286;0.0341898;0.100468;0.125734;0;0.338128;1;1;1;1;
9;0.0256785;0.0125703;-0.00963408;0.0246313;-0.00891151;-0.0105641;0.0454422;0.0862994;0.0633152;0.044681;0.0549899;0.0897788;0.0324337;0.0848759;0.0472884;0.0316527;0.0586847;0.073447;0;0;1;1;1;1;
10;0.0141008;-0.00109099;-0.0191249;0.0363652;0.00260108;-0.00527305;0.0214146;0.0850836;0.0469197;0.0441446;0.0514123;0.0823834;0.0189391;0.0743199;0.0286117;0.0300642;0.0342816;0.0429037;0;0;1;1;1;1;
11;0.00488931;-0.00933492;-0.0263712;0.0412584;0.00376087;0.000566807;0.0140387;0.0807602;0.0342915;0.0467137;0.0435074;0.0766982;0.0110578;0.0700122;0.0262306;0.0268766;0.0233663;0.0250641;0;0;1;1;1;1;
12;0.000121691;-0.0136346;-0.030933;0.0439946;0.00556436;0.00589555;0.0110815;0.0820008;0.0298641;0.0475025;0.0380356;0.0737957;0.00645503;0.0611296;0.0210274;0.0267222;0.02173;0.0202329;0;0;1;1;1;1;
13;-0.00465839;-0.0172649;-0.0348692;0.0457618;0.00160408;0.0184864;0.00879101;0.079106;0.0259144;0.0479867;0.0347521;0.0727343;0.00376706;0.0584008;0.0172317;0.0197206;0.0210578;0.0168769;0.00676866;0;1;1;1;1;
14;-0.0112655;-0.0221344;-0.0436554;0.0522206;-0.0231319;0.035989;0.0113136;0.0742531;0.0259909;0.0357166;0.03287;0.068223;0.00198091;0.0588514;0.0103445;0.0129539;0.0195604;0.0168132;0.0358673;0;1;1;1;1;
15;-0.01672;-0.0244815;-0.0635725;0.0685771;-0.0515852;0.0572877;0.0226112;0.0656704;0.0310433;0.023748;0.0404445;0.0549491;-0.00146627;0.0640821;0.00604233;0.0075684;0.0114269;0.0239883;0;0;1;1;1;1;
16;-0.0581289;-0.0136545;-0.0877621;0.0915611;-0.0816367;0.0756518;0.0500467;0.0543535;0.0561634;0.0147137;0.0474559;0.0276422;-0.0103872;0.0743234;0.000181885;0.0103708;0.00667449;0.0327223;0.972035;0.384846;1;1;1;1;
17;-0.0632773;0.0263185;-0.108512;0.115935;-0.11014;0.103442;0.0625948;0.0370869;0.0768655;-0.0119388;0.0605916;0.00624941;-0.00649836;0.0820196;-0.00238261;0.0326396;0.00389762;0.0400571;0.776433;1;1;1;1;1;
18;-0.06127;0.0317674;-0.130106;0.134447;-0.131061;0.126688;0.0981178;0.0272;0.106456;-0.0685261;0.0969501;-0.0526287;-0.0211393;0.116189;-0.00231322;0.0418232;0.0022758;0.0605242;0.744377;1;0.854604;1;0;1;
19;-0.0484619;0.0538534;-0.136738;0.134724;-0.137296;0.124246;0.142773;0.0290282;0.149954;-0.11703;0.144402;-0.106148;-0.0311862;-0.125914;-0.00135117;0.0506448;0.00132863;0.0673444;0.698384;1;0.386986;1;0;1;
20;-0.0391552;0.0706934;-0.122648;0.093839;-0.122974;0.0753184;0.150913;-0.0147831;0.189697;-0.133075;0.186454;-0.164107;-0.018215;0.101019;-0.000789434;0.0530695;0.00077541;0.0466128;0.61669;1;0;1;0;1;
21;-0.0434541;0.0543836;-0.0838485;0.0670235;-0.0840387;0.0515921;0.172007;-0.0212686;0.217104;-0.172805;0.21521;-0.187004;-0.0110598;0.0968466;-0.000461577;0.0348144;0.000452385;0.0376802;0;1;0;1;0;1;
22;-0.0468848;0.0162874;-0.0169911;0.00716664;-0.0171024;-0.00184961;0.162923;-0.0415369;0.231807;-0.174555;0.230701;-0.181945;-0.0511027;0.0883641;-0.000269977;0.0308025;0.000263584;0.0381977;0;1;1;1;0;1;
23;-0.0148606;-0.0556614;0.0727286;-0.0784604;0.0726636;-0.0837378;0.188487;-0.0767995;0.226016;-0.161305;0.228297;-0.177651;-0.0182505;0.0889451;-0.000158155;0.0394229;0.000153365;0.0223122;0;1;0;1;0;1;
24;0.10857;-0.149756;0.159726;-0.16307;0.159688;-0.166156;0.198777;-0.081968;0.194282;-0.132979;0.213673;-0.162476;-0.0106626;0.0525372;-9.27946e-05;0.0368017;8.90628e-05;0.018464;0;1;0;1;0;1;
25;0.192674;-0.216728;0.222553;-0.224501;0.222531;-0.22631;0.189331;-0.0768838;0.186704;-0.103318;0.198029;-0.127303;-0.00622788;0.0306891;-5.46281e-05;0.03294;5.14426e-05;0.0115207;0;1;0;1;0;1;
26;0.243708;-0.236512;0.241217;-0.26204;0.261151;-0.263358;0.164904;-0.0682067;0.163372;-0.0661957;0.169983;-0.0906496;-0.00422408;0.0179232;0.0179944;0.0266463;2.9553e-05;0.00672703;0;1;1;1;0;1;
27;0.252053;-0.237682;0.250806;-0.278478;0.282507;-0.283794;0.126772;-0.0571572;0.125878;-0.0318163;0.129731;-0.0256883;0.00436781;-0.00672891;0.0550242;0.0177059;1.67901e-05;-0.0237245;0;1;1;1;0;1;
28;0.258039;-0.243539;0.267006;-0.288167;0.288581;-0.292913;0.0721231;-0.0578844;0.0753349;0.00148048;0.0738402;0.0397603;0.0277632;-0.0116807;0.0472613;0.0103416;0.0134552;-0.018977;0;1;0;1;0.317345;1;
29;0.254442;-0.259688;0.277917;-0.301161;0.258852;-0.301465;-0.00214721;-0.0171926;0.00901524;0.0451453;0.0191777;0.0825831;0.0258656;-0.0399442;0.0500086;-0.0046725;0.101262;-0.0110811;0;1;1;1;1;1;
30;0.254081;-0.259171;0.27466;-0.288689;0.24314;-0.288869;-0.0729149;0.0230492;-0.0113356;0.111436;-0.0183113;0.133303;0.0413104;-0.0425151;0.0566669;-0.00272915;0.152017;-0.00647339;1;1;1;0;1;1;
31;0.258262;-0.253391;0.259731;-0.266252;0.2037;-0.266359;-0.119103;0.0485062;-0.0155648;0.171436;-0.0292352;0.184207;0.0497348;-0.0291306;0.0845356;-0.0015942;0.153734;-0.00550446;1;1;1;0;1;1;
32;0.22883;-0.241182;0.23623;-0.23349;0.151721;-0.233552;-0.151141;0.0773119;0.00530461;0.212179;-0.0495401;0.219637;0.0389051;-0.0170161;0.0968576;-0.000931456;0.149115;-0.00321497;1;1;1;0;1;0;
33;0.187461;-0.195023;0.192133;-0.190531;0.160647;-0.190568;-0.178014;0.157448;-0.109179;0.236211;-0.0452135;0.240567;0.0570656;-0.00993803;0.0806177;-0.000544497;0.152375;-0.00187809;1;1;1;0;1;0;
34;0.132708;-0.137128;0.135438;-0.134505;0.117057;-0.134526;-0.19608;0.202671;-0.13441;0.248668;-0.038242;0.251212;0.0440673;-0.00580431;0.0677363;-0.000318427;0.14244;-0.00109721;1;0;1;0;1;0;
35;0.0584665;-0.0610508;0.0600645;-0.0595187;0.049335;-0.0595312;-0.18864;0.226091;-0.148536;0.24985;-0.0538098;0.247529;0.0280148;-0.00339012;0.0541027;-0.000186531;0.128063;-0.000641402;1;0;1;0;1;0;
36;-0.0363374;0.034828;-0.035405;0.0357226;-0.041665;0.0357154;-0.173639;0.234348;-0.140714;0.229973;-0.0752048;0.231977;0.0328721;-0.00198039;0.0612177;-0.000109391;0.0890426;-0.000374993;1;0;1;0;1;0;
37;-0.132449;0.118517;-0.131893;0.132093;-0.135558;0.132089;-0.188163;0.202589;-0.134479;0.207524;-0.058197;0.208351;0.0192001;0.00608289;0.0406264;-6.4316e-05;0.100213;-0.00021945;1;1;1;0;1;0;
38;-0.205151;0.140306;-0.204824;0.197366;-0.201656;0.204951;-0.143194;0.177388;-0.10641;0.198522;-0.0385514;0.199641;-0.00691142;0.0102387;0.0355168;0.000249156;0.0855236;-0.000128577;1;0;1;0.19922;1;0;
39;-0.232867;0.137205;-0.250836;0.200213;-0.220442;0.250914;-0.0894195;0.163547;-0.120446;0.175889;-0.0170584;0.176541;-0.0206523;0.0327388;0.0173064;0.0224929;0.0499575;-7.5543e-05;1;0;1;1;1;0;
40;-0.240672;0.140603;-0.277012;0.221467;-0.259254;0.277059;-0.0525304;0.139265;-0.0791036;0.140451;-0.0224135;0.140824;-0.0161433;0.0703106;-0.00464578;0.0395014;0.0291817;-4.45299e-05;1;0;1;1;1;0;
41;-0.248529;0.153489;-0.289909;0.22557;-0.279535;0.289937;-0.0378708;0.101935;-0.0542459;0.116397;0.0161528;0.0902929;-0.0094304;0.105401;-0.00317957;0.0682083;0.0170414;0.00653921;1;0;1;1;1;0.203406;
42;-0.24432;0.168363;-0.291772;0.224903;-0.285698;0.290906;0.00981338;0.0613251;0.000256998;0.0751938;0.0413619;0.0208085;-0.0196649;0.153015;-0.0073798;0.111507;-0.00218524;0.0917402;1;0;1;1;1;1;
43;-0.239947;0.163095;-0.282432;0.213263;-0.282784;0.284683;0.0810199;0.0759728;0.0754527;0.00488585;0.099452;-0.0482366;-0.0286867;0.188908;-0.0067308;0.150352;-0.00127655;0.108239;0.0726037;0;1;1;0;1;
44;-0.225321;0.174427;-0.269908;0.214967;-0.267519;0.279802;0.149899;0.0319978;0.14666;-0.0606385;0.160674;-0.100291;-0.0167559;0.166268;-0.00278766;0.17726;-0.000745946;0.110503;0;0.301565;1;1;0;1;
45;-0.220267;0.16885;-0.241401;0.170261;-0.240007;0.247961;0.195526;0.0319367;0.196983;-0.0776832;0.205168;-0.145435;-0.010926;0.176425;-0.00162838;0.172869;-0.000436144;0.0817006;0;0.465623;1;1;0;1;
46;-0.211127;0.133439;-0.20225;0.13188;-0.201435;0.206079;0.217749;-0.0161294;0.227519;-0.0828498;0.232299;-0.155362;-0.00638148;0.184106;-0.000951491;0.16993;-0.000255225;0.0584358;0;0.897849;0;1;0;1;
47;-0.170221;0.123992;-0.150834;0.102037;-0.150358;0.153078;0.238447;-0.0190904;0.244154;-0.0943093;0.246945;-0.178753;-0.00331174;0.150449;-0.00213478;0.134241;-0.000149689;0.0449276;0;1;0.129626;1;0;1;
48;-0.143342;0.0897424;-0.0819663;0.0534684;-0.0816881;0.0832822;0.221019;-0.0257831;0.251318;-0.104827;0.251648;-0.196794;0.0116556;0.139543;-0.0012469;0.124108;-8.7928e-05;0.0262429;0;1;1;1;0;1;
49;-0.0274927;-0.0038071;0.00684136;-0.0249995;0.0085285;-0.00759596;0.204444;-0.0383659;0.225705;-0.115868;0.236422;-0.206104;-0.0285328;0.112683;0.0184269;0.112171;-5.19224e-05;0.0153253;0;1;1;0;0;1;
50;0.0863963;-0.10467;0.106442;-0.117039;0.107435;-0.10689;0.215162;-0.0595137;0.199074;-0.104568;0.214056;-0.180595;-0.0166633;0.101508;0.0243073;0.0964235;-3.09559e-05;0.00894984;0;1;1;0;0;1;
51;0.172395;-0.186282;0.187328;-0.193508;0.187911;-0.187592;0.185305;-0.0559822;0.190012;-0.075736;0.203171;-0.152487;-0.00973277;0.0725168;0.0141954;0.0859154;-1.85402e-05;0.00522811;0;1;1;1;0;1;
52;0.19941;-0.231785;0.240303;-0.23485;0.240651;-0.240465;0.173459;-0.059863;0.176211;-0.0456209;0.183893;-0.125086;-0.0286736;0.0480641;0.0188752;0.0824974;-1.13726e-05;-0.00604297;0;1;1;1;0;1;
53;0.213475;-0.265905;0.250774;-0.24099;0.27146;-0.271349;0.145724;-0.0620226;0.151699;-0.0160067;0.151814;-0.0712836;-0.0217075;0.0280741;0.046975;0.0694089;-7.08913e-06;-0.0175027;0;1;1;1;0;1;
54;0.22581;-0.266006;0.261103;-0.250418;0.287478;-0.287412;0.104371;-0.0634372;0.114407;0.0248215;0.105853;-0.00311923;-0.012679;0.0163956;0.0798439;0.055647;-4.56145e-06;-0.0243827;0;1;1;1;0;1;
55;0.232738;-0.274912;0.267967;-0.254623;0.283369;-0.292678;0.0576108;-0.0455775;0.0655382;0.0725219;0.0418569;0.0795667;0.00435339;-0.0180863;0.114151;0.0325037;0.0471629;-0.0259059;0;1;0;1;1;1;
56;0.228046;-0.313725;0.261921;-0.267309;0.27261;-0.287196;-0.0120216;0.0121984;0.0109867;0.106496;-0.0231098;0.12282;0.0538431;-0.0460809;0.125665;0.0189824;0.13731;-0.0151264;0;0.641806;1;0.0797041;1;1;
57;0.236781;-0.334365;0.269684;-0.262813;0.248023;-0.274429;-0.0615068;0.0308771;-0.023109;0.159539;-0.0346111;0.169078;0.0601174;-0.0404207;0.124954;0.0110852;0.185473;-0.00883295;0;0.248622;1;0;1;1;
58;0.233894;-0.315943;0.262218;-0.242762;0.234036;-0.249549;-0.0790901;0.0891369;-0.0284229;0.203256;-0.0445609;0.208834;0.0723331;-0.0418836;0.115208;0.00647331;0.199157;-0.00165853;0;0;1;0;1;1;
59;0.236895;-0.30568;0.227736;-0.209697;0.204604;-0.213669;-0.102896;0.0954545;-0.0278275;0.231209;-0.0369811;0.234473;0.0686943;-0.0244611;0.0899434;0.00377992;0.197642;0.00373863;0;0;1;0;1;1;
60;0.223909;-0.308199;0.178541;-0.163879;0.161116;-0.166211;-0.1181;0.104129;-0.0144756;0.246775;-0.0394212;0.253713;0.0611465;-0.0142833;0.0860128;0.00220696;0.192335;0.00218461;0;0;1;0;1;1;
61;0.199459;-0.310368;0.11548;-0.101535;0.0999245;-0.1029;-0.132583;0.111227;0.00468784;0.253702;-0.0352778;0.257755;0.0504577;0.0174205;0.0969853;0.0012884;0.169183;0.00127486;0;0;1;0;1;1;
62;0.0781901;-0.167228;0.0256729;-0.0175238;0.0165949;-0.0183218;-0.170337;0.169366;-0.0731195;0.238537;-0.0148674;0.241108;0.0715242;0.0279234;0.0887412;0.000751929;0.154677;0.00490862;0;0;1;0;1;0.520054;
63;-0.0456275;-0.0292013;-0.0766492;0.0814101;-0.0819434;0.0809411;-0.138999;0.16716;-0.112695;0.222565;-0.0179246;0.224572;0.0627947;-0.0255842;0.0680609;0.000438715;0.134927;0.0038276;0;0;1;0;1;0;
64;-0.145148;0.10419;-0.166021;0.164677;-0.168981;0.168523;-0.104275;0.178451;-0.109884;0.211568;-0.0109923;0.210134;0.0478187;-0.0213663;0.0518972;0.000256563;0.13092;0.0022349;0;1;1;0.217334;1;0;
65;-0.194817;0.189976;-0.227165;0.18053;-0.186043;0.228632;-0.0794808;0.166814;-0.102847;0.193828;0.00811715;0.192987;0.0478841;-0.0124784;0.0303154;0.00936807;0.110563;0.00130472;0;1;1;1;1;0;
66;-0.200319;0.178345;-0.26384;0.189239;-0.193527;0.264701;-0.058755;0.156695;-0.0723517;0.163843;0.0202534;0.163345;0.0420466;0.0118136;0.0177057;0.0326777;0.0805784;0.000761745;0;0;1;1;1;1;
67;-0.198726;0.172344;-0.283717;0.19971;-0.204635;0.28422;-0.0396903;0.159455;-0.0365143;0.134503;0.0128342;0.120951;0.0366652;0.026172;0.0103393;0.0531023;0.0470681;0.00679166;0;0;1;1;1;1;
68;-0.215547;0.175149;-0.28381;0.219683;-0.246006;0.297641;-0.0145236;0.125909;-0.01267;0.0903976;0.0333911;0.0682109;0.0256657;0.0889952;-0.000936845;0.0870411;0.027486;0.059438;0;0;1;1;1;1;
69;-0.23907;0.164349;-0.279999;0.227639;-0.26454;0.317184;0.0436198;0.0680669;0.0447002;0.0224901;0.0715988;0.00581882;0.0133251;0.189267;-0.0223357;0.125348;0.0160513;0.0945712;0;0;1;1;0;1;
70;-0.24741;0.156283;-0.270137;0.20416;-0.270991;0.297596;0.115857;0.0796464;0.11649;-0.0391535;0.132198;-0.0805607;-0.0169692;0.205581;-0.0170236;0.173381;0.00937357;0.0903034;0;0;0.571806;1;0;1;
71;-0.242048;0.137257;-0.252269;0.198997;-0.252766;0.271134;0.175763;0.0441546;0.176135;-0.0527477;0.185308;-0.123293;-0.0284184;0.241009;-0.00994272;0.186221;0.00547377;0.063442;0;0;0;1;0;1;
72;-0.242428;0.108948;-0.221528;0.160428;-0.221818;0.232553;0.214964;0.0424558;0.215185;-0.0635617;0.220542;-0.15689;-0.0390033;0.233486;-0.00580717;0.193302;0.00319612;0.0541056;0;0;1;1;0;1;
73;-0.238914;0.102343;-0.18051;0.139982;-0.178967;0.185244;0.232434;0.0467242;0.237788;-0.0632421;0.240917;-0.175996;-0.0345334;0.23583;-0.00361696;0.185474;0.00186601;0.0342454;0;0;1;1;0;1;
74;-0.182093;0.0934028;-0.12222;0.0985533;-0.121313;0.124983;0.224513;0.0454815;0.248743;-0.0584575;0.251011;-0.195718;-0.0351937;0.236691;-0.00493235;0.182125;0.00108917;0.0200043;0;0;1;1;0;1;
75;-0.115532;0.0465155;-0.0437583;0.0299467;-0.0432193;0.0453622;0.217475;0.0472492;0.239302;-0.0545508;0.246826;-0.203396;-0.0345365;0.226747;-0.00827541;0.177569;0.000635509;0.0116828;0;0;1;1;0;1;
76;-0.0243917;0.0099733;0.0317783;-0.051082;0.0538445;-0.0525931;0.188164;0.0504858;0.222774;-0.0372753;0.228236;-0.200638;-0.0704429;0.212271;0.0213489;0.181111;0.000370566;0.00682061;0;0;1;1;0;1;
77;0.0869464;-0.0648466;0.00292344;-0.116795;0.147155;-0.146425;0.143583;-0.00209748;0.220212;-0.031646;0.205495;-0.165253;-0.0652589;0.123994;0.0596445;0.177411;0.000215864;-0.0238094;0;0;1;1;0;1;
78;0.163399;-0.139666;0.0405681;-0.14002;0.214913;-0.214483;0.128304;-0.0170977;0.25172;-0.00690648;0.195068;-0.163416;-0.0479364;0.0724301;0.0993786;0.148349;0.000125543;-0.0247165;0;1;1;1;0;1;
79;0.226696;-0.210425;0.141662;-0.166669;0.252766;-0.25653;0.119712;-0.031193;0.203474;0.0465721;0.170376;-0.11064;-0.0279953;0.0423072;0.0812403;0.136897;0.00365983;-0.0144382;0;1;1;1;0.190789;1;
80;0.23364;-0.24002;0.150328;-0.16249;0.264627;-0.279369;0.103129;0.0137161;0.159499;0.0560533;0.140887;-0.0679264;-0.0162022;0.024709;0.0974496;0.131304;0.0573341;-0.020574;0.423384;1;0;0;1;1;
81;0.252661;-0.26706;0.157944;-0.167534;0.27012;-0.280408;0.062089;0.0521905;0.105211;0.0828672;0.122981;-0.0415222;0.0212211;0.0144294;0.119605;0.0892826;0.09304;-0.0166195;1;1;0;0;1;1;
82;0.270333;-0.276737;0.167796;-0.201576;0.262901;-0.284884;-0.00343907;0.0709053;0.0563647;0.118126;0.0972542;0.0154614;0.0324331;0.00698742;0.123904;0.0521445;0.155462;-0.010584;1;1;1;1;1;1;
83;0.26966;-0.275146;0.196588;-0.217826;0.250165;-0.283798;-0.0833294;0.0861532;0.0103008;0.150644;0.0766064;0.090679;0.0527319;-0.00865342;0.105369;0.0347823;0.203798;-0.0510628;1;0.899669;1;0.959089;1;1;
84;0.25692;-0.277282;0.212924;-0.226556;0.233212;-0.271699;-0.142181;0.0894888;-0.0145405;0.193101;0.0446612;0.158076;0.0402187;-0.0122025;0.0834576;0.0200769;0.251148;-0.0510298;1;0.695113;1;0;1;0.262282;
85;0.230207;-0.246662;0.212532;-0.212471;0.212896;-0.238833;-0.158888;0.128423;-0.00249807;0.224613;0.0096542;0.204159;0.0412223;-0.00712851;0.135262;0.0117243;0.214484;-0.0298019;1;0;1;0;1;0;
86;0.191694;-0.258004;0.180973;-0.18093;0.181179;-0.196325;-0.181188;0.14325;-0.00255877;0.243556;-0.0116217;0.231611;0.0326992;-0.00416232;0.1189;0.00684641;0.193408;-0.0174046;1;0;1;0;1;0;
87;0.13879;-0.219363;0.154303;-0.132493;0.132641;-0.141484;-0.205542;0.139209;-0.000900255;0.253176;-0.0166885;0.2462;0.0190997;0.0115117;0.117581;0.00399773;0.184753;-0.0101647;1;0;1;0;1;0;
88;0.066901;-0.188297;0.0965614;-0.0632112;0.0633079;-0.0684619;-0.222837;0.13958;0.0131448;0.249578;-0.0222207;0.250842;0.0111516;0.0195676;0.123127;0.0023341;0.190189;-0.00593658;1;0;1;0;1;0;
89;-0.0258253;-0.203722;-0.00753075;0.0305502;-0.0271502;0.0253763;-0.231777;0.158131;0.00066868;0.273396;0.0214016;0.234831;-0.051315;0.0480542;0.114294;-0.0282613;0.207604;-0.00346741;1;0;1;0;1;0;
90;-0.118778;-0.0502331;0.45035;0.128231;-0.11829;0.123236;-0.130142;0.291021;1.22857;0.179097;0.0330188;0.194168;-0.109306;0.0515395;-0.722651;-0.0165063;0.158868;-0.00202566;1;0;1;0;1;0;
91;-0.191052;0.0591509;-0.11049;0.201849;-0.140119;0.198932;-0.141941;0.252391;0.638185;0.176092;0.0263877;0.173447;-0.0638374;0.0388647;-0.422127;-0.00963991;0.160087;-0.00118353;1;0;0;0;1;0;
92;-0.241762;0.119115;-0.191055;0.249023;-0.12896;0.239266;-0.176494;0.126739;0.310816;0.164772;0.070687;0.163559;-0.0426135;0.0290593;-0.246514;-0.00563012;0.133056;0.0268555;1;0;1;0;1;0;
93;-0.265213;0.158458;-0.242253;0.276114;-0.193173;0.270416;-0.143331;0.0508911;0.141285;0.136481;0.082373;0.135772;-0.0459166;0.0169725;-0.143939;-0.00328844;0.115557;0.0156831;1;0;1;0;1;0;
94;-0.283046;0.220983;-0.269921;0.28889;-0.212092;0.286372;-0.0952232;0.0411324;0.0710081;0.0912243;0.107135;0.0908079;-0.0341448;0.00991246;-0.084041;0.000359157;0.0717273;0.00915852;1;0;1;1;1;0;
95;-0.265516;0.19922;-0.271269;0.284791;-0.24204;0.279509;-0.0281641;0.021023;0.105435;0.025823;0.103949;0.0255786;-0.0403496;0.0089794;-0.0490743;0.041815;0.0418873;0.0299111;1;0.419101;1;1;1;1;
96;-0.241875;0.214139;-0.236482;0.318864;-0.258062;0.314096;0.0548656;0.00568463;0.132897;-0.0562282;0.132027;-0.0399412;-0.0334686;0.033766;-0.0197332;0.101266;0.0244604;0.0651229;0;1;1;0;1;1;
97;-0.220986;0.190593;-0.23644;0.290233;-0.258188;0.28788;0.132878;-0.0554414;0.178459;-0.126559;0.17795;-0.124161;-0.0195483;0.0969207;-0.0101117;0.0961888;0.0142844;0.0456271;0;1;0;0.277867;0;1;
98;-0.227516;0.175908;-0.223917;0.255331;-0.236617;0.253958;0.188542;-0.0634075;0.215164;-0.180874;0.214867;-0.183041;-0.0114175;0.073328;0.0111338;0.0640579;0.00834154;0.0276617;0;1;0;0.523683;0;1;
