1;-0.000363587;0.000116064;9.94836e-05;-0.000363587;0.000116064;9.94834e-05;0.0349768;0.0347454;0.0352593;0.034977;0.0347457;0.0352596;0.808667;0.808665;0.808666;0.808667;0.808665;0.808666;0;0;0;0;0;0;
2;-0.00120077;-0.00110036;-0.0161388;0.00507104;0.00872848;0.00716089;0.143552;0.142024;0.187765;0.159626;0.16372;0.166037;0.472348;0.472346;0.472346;0.472331;0.47233;0.472331;1;1;1;0;0;0;
3;-0.0130044;-0.011035;-0.00985453;0.00657675;0.0134481;0.0112583;0.154133;0.155818;0.153291;0.139916;0.149622;0.162282;0.275883;0.275886;0.275888;0.275876;0.275881;0.275884;1;1;1;0;0;0;
4;-0.00695905;0.00324764;-0.00482084;-0.00561904;-0.000938194;-0.00106795;0.0909192;0.0941739;0.095216;0.0817509;0.0898292;0.109681;0.161137;0.161143;0.161137;0.161132;0.161135;0.16114;1;1;1;0.778338;0.674779;0;
5;-0.00381368;0.00311358;-0.00184637;-0.00213032;-0.00106528;-0.000615988;0.0650833;0.0762895;0.100978;0.0531956;0.06746;0.114909;0.0941172;0.0941223;0.0941252;0.0941126;0.0941156;0.0941282;1;1;1;0.687451;0.956355;0;
6;-0.000111275;0.007621;0.00286232;-0.00378005;-0.00444691;-0.00422544;0.05334;0.0604564;0.0789833;0.0500211;0.0629152;0.0823356;0.054973;0.0549807;0.0549849;0.0549686;0.0549736;0.0556336;1;1;1;0.805626;0.993717;1;
7;-0.000628057;0.00584626;0.000609263;-0.00430006;-0.00135373;-0.00278907;0.0485735;0.0500776;0.0512482;0.0520433;0.0495538;0.0533598;0.0321118;0.0324949;0.032121;0.0321088;0.0321132;0.0325004;1;1;1;0.897454;1;1;
8;-0.00244529;0.00292837;0.000886241;-0.00654494;0.000597346;-0.000318262;0.045791;0.0458191;0.0384335;0.0522774;0.043681;0.0417548;0.0235291;0.0197357;0.0187644;0.0232551;0.0187601;0.0189862;1;1;1;0.996564;1;1;
9;-0.0013785;0.00122981;0.00144565;-0.00475678;0.0030737;0.0013549;0.0369846;0.0441348;0.0313504;0.0492322;0.0380334;0.0381252;0.0223644;0.0115297;0.0111997;0.0182953;0.0120848;0.0110919;1;1;1;0.944711;1;1;
10;-0.00208704;0.00116095;0.000145561;-0.00188333;0.00106333;0.0034694;0.0304436;0.0417713;0.0267289;0.0483226;0.0340513;0.0395254;0.0192201;0.0067363;0.00847578;0.0133036;0.0106402;0.00648093;1;1;1;0.852608;1;1;
11;-0.00486472;0.0032632;-0.00349382;0.00254546;-0.00302428;0.00567213;0.0256964;0.0389604;0.0223576;0.0432539;0.0290864;0.0424527;0.0132098;0.00393661;0.00635105;0.00944011;0.010657;0.00378757;1;1;1;0.735464;1;1;
12;-0.00952255;0.0102035;-0.0103395;0.00978478;-0.0100645;0.0116119;0.0238346;0.0373517;0.0182283;0.0468167;0.0278307;0.0441201;0.0152784;0.00230076;0.0050606;0.00551609;0.00960215;0.00338566;1;1;1;0.706549;1;1;
13;-0.0193083;0.0214142;-0.021496;0.0211705;-0.021334;0.0222382;0.0234471;0.0358921;0.0152605;0.0463755;0.0273256;0.0447345;0.01592;0.00134501;0.00295803;0.00322403;0.0106893;0.00454019;1;1;1;0.732237;1;1;
14;-0.0315368;0.0379972;-0.0380496;0.0378565;-0.0379526;0.038482;0.0268181;0.0364087;0.0177993;0.0451994;0.0279713;0.0428682;0.019272;0.000787511;0.00172935;0.00353563;0.00844271;0.00587861;1;1;1;0.68728;1;1;
15;-0.0545344;0.057704;-0.0602998;0.0601857;-0.0602404;0.0605497;0.0360488;0.0355388;0.0288146;0.0353209;0.0308816;0.0406091;0.0195421;0.0080246;0.0010109;0.00495095;0.00493293;0.0153559;1;1;1;0.696776;1;1;
16;-0.0833582;0.0785088;-0.0867256;0.086661;-0.0866887;0.0852325;0.0460048;0.0325217;0.0547477;0.0190916;0.0313138;0.0310603;0.0114152;0.0257267;-0.00663973;0.0113561;0.00287926;0.0276836;1;1;1;0.710556;0.927674;1;
17;-0.101337;0.0980426;-0.113108;0.113072;-0.113084;0.11214;0.0597464;0.029749;0.0861735;-0.00834581;0.0327711;0.010537;0.0111277;0.0523195;-0.00387838;0.0230926;-0.0125078;0.0335081;1;1;1;0.757668;0.823836;1;
18;-0.125919;0.110412;-0.13085;0.13223;-0.13278;0.138015;0.0964574;0.0231486;0.111891;-0.0650594;0.0807009;-0.0550367;0.00839612;0.0947982;-0.000882226;0.0508064;-0.0175759;0.0510539;1;1;0.241892;0.90196;1;1;
19;-0.134293;0.11986;-0.136409;0.123588;-0.1383;0.153037;0.144114;0.0152969;0.153127;-0.115803;0.134912;-0.114277;0.0049029;0.140562;-0.0044463;0.0605765;-0.0102647;0.0481757;0;1;0;1;1;1;
20;-0.12122;0.115507;-0.132847;0.0890472;-0.12356;0.132505;0.186286;-0.0128395;0.191549;-0.151549;0.180912;-0.144382;0.00286276;0.157269;-0.00945574;0.0627739;-0.00599497;0.0469634;0;1;0;1;0;1;
21;-0.0830148;0.09982;-0.104864;0.064224;-0.0843815;0.089606;0.215112;-0.022641;0.196066;-0.185926;0.211974;-0.159863;0.00167143;0.133438;-0.0254833;0.055337;-0.00350155;0.0369118;0;1;0;1;0;1;
22;-0.0165046;0.0272025;-0.0292667;0.00552816;-0.0173026;0.020358;0.230644;-0.0567205;0.219519;-0.154779;0.228811;-0.154169;0.000975642;0.110179;-0.0148837;0.0564764;-0.00204538;0.0508951;0;1;1;1;0;1;
23;0.0730129;-0.0667631;0.0655598;-0.0794258;0.0725471;-0.0707583;0.230893;-0.0625084;0.22766;-0.136777;0.229385;-0.159659;0.000569378;0.0949044;-0.00869227;0.0566091;-0.00119512;0.0393116;0;1;0;1;0;1;
24;0.159892;-0.156239;0.155539;-0.163636;0.15962;-0.158573;0.223542;-0.0461783;0.221009;-0.119062;0.221532;-0.151863;0.00033203;0.0841235;-0.00507667;0.0456653;-0.000698468;0.026335;0;1;0;1;0;1;
25;0.22265;-0.220515;0.220108;-0.224831;0.222491;-0.221881;0.203792;-0.0349172;0.202313;-0.0828036;0.202618;-0.125028;0.000193418;0.0600053;-0.00296521;0.0401737;-0.000408427;0.0195085;0;1;0;1;0;1;
26;0.261221;-0.259975;0.259736;-0.262492;0.261128;-0.260773;0.173349;-0.0168703;0.172485;-0.0501053;0.172663;-0.099689;0.000112557;0.0350507;-0.00173207;0.0273589;-0.000239047;0.0113941;0;1;0;1;0;1;
27;0.280399;-0.281818;0.28168;-0.283288;0.267467;-0.282286;0.131699;0.0108968;0.131192;-0.0104227;0.131298;-0.0755655;0.00711472;0.0204727;-0.00101193;0.019574;0.0281217;0.00665304;1;1;0;1;0.484213;1;
28;0.280353;-0.291762;0.286886;-0.292619;0.258703;-0.291001;0.075;0.0488635;0.0746972;0.0275825;0.104488;-0.0422059;0.0387439;0.00403372;0.0334904;0.0114317;0.0843801;-0.014767;1;1;1;1;0.923142;1;
29;0.263307;-0.311499;0.26629;-0.2966;0.243511;-0.288386;-0.000466827;0.0728171;-0.000645508;0.060387;0.075046;0.0196361;0.0537869;0.00233872;0.0658403;-0.00779011;0.161892;-0.00870917;1;1;1;1;1;1;
30;0.237201;-0.294726;0.246258;-0.301798;0.221249;-0.288778;-0.0853292;0.127596;-0.0854334;0.120331;0.0767292;0.0965382;0.0600295;0.00136537;0.0445725;-0.0434198;0.212949;-0.0219562;1;0;1;1;1;1;
31;0.211409;-0.269777;0.208515;-0.281969;0.228546;-0.266317;-0.156176;0.180874;-0.156239;0.162462;0.0752664;0.162731;0.0514759;0.000796939;0.0337032;-0.0680627;0.23431;-0.0346277;1;0;1;1;1;1;
32;0.201461;-0.235548;0.199771;-0.276668;0.233123;-0.233533;-0.199348;0.217691;-0.192536;0.158767;0.0670102;0.207092;0.0330421;0.000464965;0.0225401;-0.0676674;0.247789;-0.022831;1;0;1;1;1;0;
33;0.171827;-0.191733;0.170839;-0.306339;0.201706;-0.190556;-0.213102;0.23943;-0.192688;0.165378;0.047159;0.233241;0.0225653;0.000270922;0.029652;-0.074747;0.212524;-0.0133336;1;0;1;0.772782;1;0;
34;0.123583;-0.135207;0.123006;-0.288577;0.214169;-0.134519;-0.221217;0.250548;-0.217551;0.151174;0.0493062;0.246934;0.0131828;0.000157619;0.0173208;-0.0645484;0.209177;-0.00778715;1;0;1;1;1;0;
35;0.0531427;-0.0599286;0.052806;-0.275763;0.186696;-0.0595271;-0.222362;0.247058;-0.216857;0.143731;0.0505587;0.248172;0.00769999;9.14242e-05;0.0101171;-0.0588796;0.198744;-0.00454811;1;0;1;1;1;0;
36;-0.0394434;0.035483;-0.0396404;-0.256053;0.192491;0.0357181;-0.207974;0.234347;-0.228954;0.138799;0.0624558;0.232373;0.00449634;5.27874e-05;0.00590634;-0.043938;0.199459;-0.00265652;1;0;1;1;0;0;
37;-0.134264;0.131953;-0.134376;-0.102622;0.109104;0.0821484;-0.173317;0.204166;-0.152143;0.133605;0.036871;0.18324;-0.00295162;3.04609e-05;-0.0177453;-0.0501157;0.184288;-0.0284615;1;0;1;1;0;0.208998;
38;-0.206221;0.204872;-0.206285;0.0287243;0.0519516;0.122976;-0.129736;0.164544;-0.134145;0.109974;0.0158355;0.139873;0.0134814;1.70631e-05;0.0195322;-0.0703831;0.134487;-0.0274582;1;0;1;0;0;1;
39;-0.25165;0.250868;-0.251688;0.0987213;-0.0331457;0.199855;-0.0911467;0.156044;-0.103808;0.0546302;-0.00655327;0.122574;0.0256173;9.52385e-06;0.0114048;-0.0916182;0.111441;-0.0160351;1;0;1;0;0;0.290629;
40;-0.277229;0.277032;-0.271686;0.131708;-0.103166;0.2302;-0.0586742;0.128854;-0.048436;0.0216482;0.00854501;0.10931;0.0149636;5.11904e-06;-0.0359474;-0.0866323;0.0650981;-0.00873963;1;0;1;0;1;0.10035;
41;-0.283372;0.289921;-0.285261;0.156596;-0.147723;0.260991;-0.0132492;0.0833025;0.0257606;-0.0216516;0.00449062;0.071892;0.00873909;2.65768e-06;-0.022969;-0.0736177;0.038021;0.0115407;1;0;1;0;1;0.770888;
42;-0.2835;0.27777;-0.283982;0.164104;-0.179964;0.24589;0.0241981;0.0331181;0.0980595;-0.0419451;0.0345499;0.0225813;0.00510436;0.0933633;-0.013415;-0.0429936;-0.0205104;0.0607585;1;1;1;1;0;1;
43;-0.28244;0.269484;-0.283571;0.211765;-0.221032;0.244872;0.0894293;0.00821389;0.132568;-0.0997821;0.090285;-0.0483824;0.00293718;0.132042;-0.00783467;-0.00681676;-0.0421023;0.0717592;1;1;1;1;1;1;
44;-0.267318;0.259204;-0.267979;0.208674;-0.231456;0.220477;0.154821;-0.0222015;0.180014;-0.160858;0.155319;-0.103354;0.00171502;0.140489;-0.00779357;0.0652514;-0.0263208;0.079768;0;1;1;0.705304;0.73401;1;
45;-0.239889;0.23515;-0.240275;0.188551;-0.218946;0.212334;0.20175;-0.0463999;0.216462;-0.203595;0.20204;-0.138557;0.00100109;0.149977;-0.00455193;0.0475239;-0.0153717;0.0637732;0;1;0;0.610681;0;1;
46;-0.201366;0.198599;-0.201592;0.171384;-0.189136;0.182407;0.230303;-0.0759638;0.238895;-0.213226;0.230473;-0.127837;0.000584206;0.108844;-0.00265866;0.0277628;-0.00897752;0.0836712;0;1;0;1;0;1;
47;-0.150318;0.148708;-0.150449;0.132807;-0.143175;0.139242;0.24578;-0.0836627;0.250797;-0.235803;0.245879;-0.131397;0.000340742;0.10582;-0.00155311;0.0162173;-0.00524341;0.0773264;0;1;0;1;0;1;
48;-0.0816648;0.0807336;-0.0817416;0.0714373;-0.0774935;0.0751936;0.25158;-0.0896303;0.251037;-0.239932;0.252324;-0.133084;0.000198484;0.0950709;-0.000907525;0.00947156;-0.00306267;0.0713375;0;1;0;1;0;1;
49;0.00854206;-0.00907505;0.00849715;-0.0145143;0.0109782;-0.0123249;0.238981;-0.0996276;0.238927;-0.232413;0.235307;-0.124504;0.000115406;0.076373;-0.000530487;0.00552961;-0.00178916;0.076526;0;1;0;1;0;1;
50;0.107443;-0.107743;0.107417;-0.110931;0.108866;-0.109655;0.216622;-0.0945746;0.214012;-0.209262;0.211847;-0.1169;6.69286e-05;0.0536312;-0.000310314;-0.00581734;-0.00104545;0.0642829;0;1;0;1;0;1;
51;0.187916;-0.188084;0.1879;-0.189955;0.188746;-0.189208;0.208876;-0.0988862;0.207351;-0.158985;0.191102;-0.109655;3.85869e-05;0.0313294;-0.000181681;-0.019723;-0.000610853;0.0556116;0;1;0;1;0;1;
52;0.240654;-0.240749;0.240645;-0.241841;0.241139;-0.241415;0.187224;-0.070944;0.186334;-0.134838;0.176844;-0.0897839;2.21309e-05;0.018297;-0.000106498;-0.0177607;-0.000357371;0.0351614;0;1;0;1;0;1;
53;0.271461;-0.271516;0.271456;-0.272155;0.271745;-0.271908;0.15376;-0.0346287;0.15324;-0.108657;0.147698;-0.0615026;1.24172e-05;0.0106847;-6.2704e-05;-0.0171073;-0.000209095;0.0205362;0;1;0;1;0;1;
54;0.286934;-0.287511;0.278929;-0.287651;0.258609;-0.287741;0.10699;0.026784;0.106688;-0.0806481;0.110078;-0.0217372;0.00459417;-0.0198755;0.0195749;-0.0104156;0.0523676;0.0119924;0.765992;1;1;1;1;1;
55;0.287202;-0.293759;0.280236;-0.292873;0.23837;-0.293318;0.0425268;0.059737;0.0465717;-0.0271382;0.089935;0.00727309;0.0480825;-0.0179858;0.0688771;-0.0351568;0.111089;0.00794056;1;1;1;1;1;1;
56;0.26994;-0.295643;0.26873;-0.296943;0.2063;-0.295463;-0.0392949;0.099029;-0.0369281;0.0482892;0.0802567;0.0683954;0.0569522;-0.0136253;0.0588498;-0.0472241;0.191773;0.0107609;1;0;1;1;1;1;
57;0.237084;-0.27936;0.240341;-0.291639;0.206207;-0.280305;-0.120282;0.155178;-0.118897;0.123439;0.046309;0.13729;0.0441994;-0.00795773;0.0410645;-0.100322;0.217757;0.0072005;1;0;1;1;0.108196;1;
58;0.205627;-0.252424;0.191942;-0.259596;0.181289;-0.252977;-0.177024;0.200709;-0.138349;0.182173;-0.0562303;0.190263;0.0634807;-0.00464764;0.0616575;-0.0585898;0.141517;0.00420435;1;0;1;0.867454;1;0.445546;
59;0.18801;-0.21534;0.169602;-0.219528;0.16824;-0.215663;-0.191796;0.229721;-0.162808;0.218896;-0.0925073;0.223621;0.0538403;-0.00271483;0.0555743;-0.0342165;0.099057;0.00245496;1;0;1;0;1;0;
60;0.151213;-0.167174;0.140463;-0.16962;0.139668;-0.167363;-0.207004;0.245907;-0.192185;0.239585;-0.11255;0.242344;0.0314515;-0.00158598;0.0324637;-0.0199827;0.082687;0.00143312;1;0;1;0;1;0;
61;0.0941374;-0.103458;0.087857;-0.104886;0.0873943;-0.103568;-0.213804;0.253195;-0.200852;0.249503;-0.150912;0.251114;0.022818;-0.000926802;0.023606;-0.0116702;0.0483028;0.000836523;1;0;1;0;1;0;
62;0.0132021;-0.0186454;0.00953415;-0.0194796;0.00926447;-0.0187098;-0.21081;0.243928;-0.198202;0.243354;-0.142757;0.243537;0.0133283;-0.000541755;0.0137887;-0.00681588;0.0298653;0.000487964;1;0;1;0;1;0;
63;-0.0839343;0.0807555;-0.0860759;0.0802681;-0.0862332;0.0807177;-0.191558;0.218097;-0.190681;0.220487;-0.149122;0.222971;0.00778655;-0.000316999;0.0101093;-0.0039809;0.0174454;0.00028449;1;0;1;0;1;0;
64;-0.170271;0.168414;-0.171522;0.16813;-0.171613;0.168392;-0.16766;0.186501;-0.170901;0.19739;-0.137788;0.214544;0.00454666;-0.00018564;0.0059047;-0.00232514;0.0101885;0.000165674;1;0;1;0;1;0;
65;-0.229652;0.228569;-0.230382;0.228403;-0.230429;0.228556;-0.135845;0.179185;-0.133298;0.185544;-0.116661;0.195562;-0.0133871;-0.000108909;-0.00707884;-0.00135844;-0.0132159;9.624e-05;1;0;1;0;1;0;
66;-0.265294;0.264665;-0.26572;0.264567;-0.265485;0.264657;-0.105304;0.155285;-0.0898671;0.158998;-0.0991578;0.164849;-0.0115455;-6.40607e-05;-0.0114194;-0.000793745;-0.0371338;5.57623e-05;1;0;1;0;1;0;
67;-0.284567;0.284201;-0.284816;0.270406;-0.267823;0.282747;-0.0870518;0.116241;-0.0730019;0.118415;-0.0834656;0.121827;-0.00674455;-3.78473e-05;-0.00667054;0.0346663;-0.0545975;0.00612093;1;0;1;0.704442;1;0.105572;
68;-0.292693;0.29248;-0.292791;0.263425;-0.280098;0.280855;-0.0421838;0.0592295;-0.033975;0.0738604;-0.0569698;0.0625003;-0.00802026;-2.24691e-05;-0.00545179;0.0851827;-0.101044;0.0518872;1;0;1;1;1;1;
69;-0.291991;0.285915;-0.283126;0.244832;-0.30807;0.27346;0.0274623;-0.00860414;0.0322625;0.0253111;-0.0319493;-0.0155811;-0.0165023;0.0845524;-0.00900127;0.12246;-0.147671;0.0838463;1;1;1;1;1;1;
70;-0.281119;0.26423;-0.287061;0.25504;-0.294894;0.269175;0.106423;-0.0447826;0.109225;-0.0710517;-0.00804672;-0.0271118;-0.00963778;0.0868379;-0.0438982;0.106688;-0.13004;0.0919666;0;1;1;1;1;1;
71;-0.258681;0.243701;-0.262152;0.243451;-0.27873;0.253239;0.170256;-0.0987543;0.171891;-0.123476;0.0165078;0.00685653;-0.00562886;0.0947041;-0.0256376;0.0714676;-0.0987193;0.116762;0;1;0;1;1;1;
72;-0.225273;0.216522;-0.2273;0.216383;-0.275222;0.235182;0.211752;-0.118468;0.212707;-0.149902;0.0345365;0.0123836;-0.00328765;0.068468;-0.0149727;0.0543413;-0.0658003;0.129965;0;1;0;1;1;1;
73;-0.180984;0.175873;-0.182168;0.179386;-0.28229;0.192963;0.235783;-0.134279;0.236341;-0.166332;0.0517501;0.0133536;-0.00192043;0.0549195;-0.0087445;0.038827;-0.0477911;0.121023;0;1;0;1;1;1;
74;-0.122491;0.119509;-0.123183;0.139701;-0.257858;0.142142;0.248013;-0.140201;0.248339;-0.18926;0.0539026;0.0256878;-0.00112204;0.0436572;-0.00510728;0.0226795;-0.0338492;0.123237;0;1;0;1;1;1;
75;-0.0439088;0.042171;-0.0443121;0.0667144;-0.221935;0.0584476;0.248787;-0.116361;0.24915;-0.206302;0.0861578;0.00312127;-0.000655694;0.0412738;-0.00298288;-0.00182918;-0.0224735;0.0983296;0;1;0;1;1;1;
76;0.0534415;-0.0544461;0.0532061;-0.0401263;-0.0505282;-0.0449491;0.226568;-0.0937821;0.218373;-0.219556;0.151296;-0.0991425;-0.000383527;0.0653745;-0.00174273;-0.00347518;-0.0131248;0.0845741;0;1;0;0.646312;0;1;
77;0.14692;-0.147492;0.146783;-0.139152;0.086201;-0.141954;0.200644;-0.0845911;0.203842;-0.196814;0.178684;-0.0952413;-0.000224478;0.0628502;-0.00101822;-0.0123431;-0.00766515;0.0816471;0;1;0;0.779333;0;1;
78;0.214775;-0.215097;0.214695;-0.210241;0.179315;-0.211874;0.192235;-0.0653766;0.194102;-0.161556;0.169735;-0.0704346;-0.000131571;0.03815;-0.000595139;-0.0256804;-0.00447677;0.0677909;0;1;0;0.987814;0;1;
79;0.256702;-0.256884;0.256656;-0.254053;0.235994;-0.255013;0.168722;-0.0431839;0.169812;-0.15048;0.155582;-0.0508583;-7.72595e-05;0.0222831;-0.000347942;-0.0161429;-0.00261492;0.0512434;0;1;0;1;0;1;
80;0.28013;-0.279958;0.278244;-0.277669;0.268037;-0.279146;0.131746;-0.0243588;0.132383;-0.121095;0.124072;-0.0294755;-4.55204e-05;0.0130097;0.0110943;-0.0288814;-0.00152755;0.02993;0;1;0.117241;1;0;1;
81;0.291149;-0.296443;0.275069;-0.281106;0.280705;-0.290573;0.0787921;0.0199741;0.0791749;-0.0725797;0.0743118;0.0310187;-2.69738e-05;-0.0195422;0.0574012;-0.0738303;0.0155596;0.0174772;0;1;1;1;0.277815;1;
82;0.298145;-0.302551;0.281264;-0.279612;0.264069;-0.294886;0.00630869;0.0513681;0.0121074;-0.00436759;0.0241919;0.0578275;0.0446084;-0.0348668;0.0646889;-0.119873;0.11042;0.0102078;1;1;1;1;1;1;
83;0.280059;-0.290708;0.264582;-0.272205;0.242882;-0.286233;-0.0727555;0.111653;-0.0481229;0.0790975;0.0196397;0.115428;0.106017;-0.0203628;0.0840272;-0.0755647;0.161328;0.00559053;1;0;1;1;0.951289;1;
84;0.251403;-0.269211;0.207519;-0.258405;0.196509;-0.266598;-0.147346;0.17033;-0.119373;0.151319;0.0266551;0.172537;0.0740916;-0.0118923;0.0712321;-0.0441305;0.198289;0.00326543;1;0;1;1;1;1;
85;0.226978;-0.23738;0.161047;-0.231069;0.166685;-0.235854;-0.19243;0.211316;-0.125007;0.200213;0.00858792;0.212604;0.0434763;-0.00694553;0.0798661;-0.0257725;0.193247;0.00190648;1;0;1;1;1;0.848014;
86;0.1894;-0.195476;0.110847;-0.191791;0.154192;-0.194585;-0.208004;0.23579;-0.122929;0.229306;-0.019584;0.236543;0.0359915;-0.00405665;0.0948811;-0.0150515;0.171121;0.00111286;1;0;1;0;1;0.22308;
87;0.137437;-0.140988;0.0502034;-0.138836;0.116884;-0.140468;-0.212939;0.248641;-0.098436;0.244854;-0.0504683;0.24908;0.027348;-0.00236969;0.111007;-0.00879037;0.131089;0.000649559;1;0;1;0;1;0.370829;
88;0.0660997;-0.0681713;0.0149683;-0.0669146;0.0541066;-0.0678689;-0.232012;0.249512;-0.0950161;0.251113;-0.0501357;0.24813;0.0159736;-0.00138445;0.108372;-0.00513399;0.128868;0.000378542;1;0;1;0;1;1;
89;-0.0266895;0.0254805;-0.0565568;0.0262142;-0.0336781;0.025653;-0.220909;0.23349;-0.0846117;0.233791;-0.0565691;0.236261;0.00932872;-0.000809071;0.112716;-0.00299873;0.111508;0.000220568;1;0;1;0;1;1;
90;-0.123825;0.123119;-0.141269;0.123548;-0.127573;0.123215;-0.200066;0.211045;-0.0738304;0.214503;-0.0526176;0.226085;0.00544706;-0.000473087;0.110465;-0.0017517;0.0953705;0.000129012;1;0;1;0;1;1;
91;-0.199276;0.198865;-0.209456;0.199116;-0.180458;0.198921;-0.171402;0.202867;-0.0692049;0.204886;-0.0421886;0.21165;0.00317952;-0.000276788;0.0767297;-0.00102346;0.0733387;7.48763e-05;1;0;1;0;1;1;
92;-0.247519;0.247281;-0.253463;0.247072;-0.236516;0.247314;-0.127523;0.180408;-0.0743162;0.181588;-0.0449892;0.185537;-0.0129539;-0.000162151;0.0448195;0.00354086;0.042841;4.32435e-05;1;0;1;0.308557;1;0.629263;
93;-0.275234;0.275097;-0.278706;0.261294;-0.259216;0.273358;-0.107145;0.145612;-0.052882;0.146939;-0.0209665;0.148609;-0.00756648;-9.51472e-05;0.0261748;0.0457822;0.0250257;0.0124716;1;0;1;1;1;0.83218;
94;-0.289184;0.289105;-0.291211;0.264443;-0.27983;0.275437;-0.0740871;0.0965542;0.00842684;0.110717;-0.0151423;0.106498;-0.0044628;-5.59765e-05;0.0152833;0.0721619;0.014614;0.0662837;1;0;1;1;1;1;
95;-0.28939;0.290124;-0.287675;0.257949;-0.294385;0.2741;-0.0158075;0.0289328;0.0570096;0.0622204;0.01861;0.0627992;-0.00846569;0.0519436;0.00892642;0.115191;-0.03011;0.0966487;1;0.951112;1;1;1;1;
96;-0.285976;0.264741;-0.278133;0.247597;-0.311452;0.265595;0.0620915;0.00578984;0.104626;0.000396101;0.0741887;-0.00867234;-0.0101202;0.139416;0.0254342;0.127076;-0.0735964;0.126696;1;1;1;1;1;1;
97;-0.271028;0.199462;-0.278091;0.223138;-0.285906;0.245456;0.137108;0.0259983;0.16196;-0.0901169;0.144172;-0.0958976;-0.00591047;0.22159;0.0561923;0.108183;-0.0429816;0.0973518;0.947349;1;1;1;0;0.68645;
98;-0.244115;0.179812;-0.248243;0.203925;-0.252804;0.229086;0.191016;0.0338851;0.205534;-0.11702;0.195141;-0.119781;-0.00345207;0.234722;0.0328187;0.113339;-0.0251017;0.0884544;0;1;1;1;0;0.805295;
