1;-0.000363589;0.000116065;9.94841e-05;-0.000363589;0.000116065;9.94843e-05;0.0349769;0.0347456;0.0352595;0.0349768;0.0347455;0.0352594;0.808667;0.808665;0.808666;0.808667;0.808665;0.808666;0;0;0;0;0;0;
2;0.0112118;-0.0217653;-0.0226469;0.0161685;0.0439026;0.0387802;-0.097381;-0.0805561;-0.073976;-0.0828141;-0.0455189;0.105627;0.472469;0.472438;0.472382;0.472479;0.47246;0.472315;0;0;0;0.104023;1;1;
3;0.00697296;-0.0131359;-0.0128005;0.00901662;0.0297723;0.0199843;-0.0567859;-0.0471296;-0.0431178;-0.0484491;-0.00675002;0.0907963;0.275924;0.275907;0.275874;0.275927;0.275923;0.275843;0;0;0;0;0.0641343;0.270773;
4;0.00470686;-0.00830645;-0.000222988;0.00463074;0.0132155;-0.0404117;-0.0331913;-0.027498;-0.0121068;-0.0282688;-0.019466;0.0545394;0.161139;0.161129;0.161112;0.16114;0.16114;0.1611;0;0;0.237605;0;0;0.628531;
5;-0.00689672;-0.00684419;0.0264332;0.00182814;0.0146876;-0.0396433;-0.0196402;-0.0158047;0.0426532;-0.0162548;-0.0063796;0.0851727;0.0941042;0.0940984;0.0940951;0.094104;0.094106;0.0940947;0;0;0.339048;0;0.179541;0.844873;
6;-0.00292056;-0.00510483;0.0221444;-4.02036e-05;0.0249388;-0.0242605;-0.012129;-0.00857327;0.0625525;-0.00883616;0.0106074;0.0990165;0.054956;0.0549526;0.0614774;0.0549557;0.0549607;0.0793825;0;0;0.450278;0;0.113968;0.909231;
7;-0.000462621;-0.00498846;0.0236111;-0.00582691;0.0339427;-0.0172163;-0.0111697;-0.00485359;0.064325;-0.00617027;0.0170029;0.096093;0.0320938;0.0320918;0.0636384;0.0320934;0.0321053;0.0749963;0;0;0.118918;0;0.27429;1;
8;0.000341908;-0.00603726;0.0227492;-0.00653179;0.0340187;-0.0145042;-0.0141517;-0.00230016;0.0612963;-0.00337201;0.0134859;0.091346;0.0187424;0.0187412;0.0623944;0.018742;0.0220309;0.0704673;0;0;0.111352;0;0.4394;0.991775;
9;-0.00075689;-0.00406452;0.020851;-0.00435326;0.0316279;-0.0139937;-0.0200734;-0.00279291;0.0595854;0.000147448;0.0101575;0.0918217;0.0109453;0.0109446;0.0592125;0.0109448;0.0188087;0.0674001;0;0;0.121158;0;0.479583;1;
10;-0.00549523;-0.00147881;0.0179623;-0.00164734;0.0313213;-0.0134856;-0.0202673;0.00349645;0.057808;0.00383285;0.00894748;0.0920309;0.00639183;0.00639138;0.0623387;0.00639136;0.0173228;0.0659516;0;0;0.475221;0;0.541248;0.930917;
11;-0.00688724;0.00278202;0.0124888;0.00268366;0.0307326;-0.012796;-0.023706;0.00890706;0.0548218;0.00791623;0.00820357;0.0947046;0.00373265;0.00373235;0.0618961;0.00373215;0.0174615;0.0657458;0;0;0.558068;0;0.599008;0.908703;
12;-0.0123222;0.00992404;0.00283843;0.00986671;0.0309843;-0.0108324;-0.0299875;0.0074683;0.0508557;0.00931457;0.008617;0.0994763;0.00217972;0.0021795;0.0578913;0.00217918;0.0175023;0.0676046;0;0;0.522063;0;0.618757;0.925811;
13;-0.0226545;0.0212533;-0.00557095;0.0212199;0.0258476;-0.0126914;-0.0286603;0.0131903;0.0510217;0.0127699;0.00754106;0.0982954;0.00127282;0.00127263;0.058401;0.00127226;0.0136193;0.0677888;0;0;0.652732;0;0.693957;0.804359;
14;-0.038727;0.0379079;-0.0226204;0.0378885;0.0211703;-0.012843;-0.0238594;0.00782223;0.0511873;0.00802875;0.0077288;0.0982445;0.000743187;0.00074303;0.0528242;0.000742627;0.00869376;0.072935;0;0;0.527287;0;0.722026;0.763026;
15;-0.0606983;0.0602192;-0.0393776;0.060208;0.0161969;-0.0126338;-0.01507;-0.0115507;0.0562153;-0.0105846;0.0071097;0.0936215;0.000433871;0.000433747;0.0426791;0.000433339;0.00507795;0.0824928;0;0;0.561444;0;0.672296;0.702606;
16;-0.0867492;0.0868148;-0.056761;0.0866774;-0.0325125;0.0501801;0.00684867;-0.00263595;0.038699;-0.045023;-0.00833233;-0.361329;0.000253281;0.000253011;0.0279628;0.000252748;-0.00437179;0.978487;0;0;0.45305;0;0;0.304852;
17;-0.113126;0.113165;-0.0956132;0.119096;-0.0814524;0.0847189;0.0368763;-0.0344183;0.0554773;-0.0591728;0.0280103;-0.22219;0.000147755;0.000147906;0.0163304;-0.00307293;-0.00255369;0.57146;0;0;0;0.12109;0;1;
18;-0.132805;0.132828;-0.122578;0.136291;-0.114308;0.106792;0.0831003;-0.081668;0.0939632;-0.0961242;0.0779228;-0.0489721;8.6023e-05;8.62572e-05;0.00953656;-0.00179484;-0.00149176;0.333746;0;0;0;0;0;0.683954;
19;-0.138315;0.138327;-0.0696046;0.14035;-0.127513;0.0785788;0.136314;-0.135479;0.142666;-0.143922;0.133289;-0.0526398;5.0017e-05;5.03819e-05;0.0679448;-0.0010484;-0.000871633;0.194939;0;0;0.517903;0;0;0.848948;
20;-0.123569;0.185802;-0.0801634;0.124757;-0.117261;0.0293031;0.181731;-0.132637;0.185443;-0.186177;0.179964;-0.113147;2.90306e-05;0.0773788;0.0420271;-0.000612566;-0.000509622;0.113873;0;0.526477;0.676974;0;0;1;
21;-0.084387;0.120962;-0.0590385;0.0850801;-0.0807029;-0.000209906;0.212452;-0.12608;0.21462;-0.215051;0.21142;-0.118228;1.66082e-05;0.0943159;0.0245433;-0.000357909;-0.000298145;0.0975239;0;0.66264;0;0;0;1;
22;-0.0173063;0.0386832;-0.00250278;0.0177104;-0.0151546;-0.0320995;0.22909;-0.132175;0.230356;-0.230611;0.228488;-0.106012;9.37813e-06;0.0888746;0.0143328;-0.00020918;-0.000174762;0.11271;0;0.600208;0;0;0;1;
23;0.0725442;-0.0600387;0.0811895;-0.0723105;0.073801;-0.101396;0.225867;-0.125276;0.225585;-0.246859;0.229952;-0.0991067;5.11076e-06;0.0865141;0.00836993;-0.00365521;-0.000102735;0.113018;0;0.537156;0;0.141536;0;1;
24;0.159618;-0.152291;0.164666;-0.159483;0.160352;-0.176465;0.204446;-0.110938;0.200126;-0.232868;0.218223;-0.0845956;2.66325e-06;0.0729628;0.00488762;-0.00495513;-6.05858e-05;0.114015;0;0.433316;0;0.14542;0;1;
25;0.22249;-0.201792;0.225438;-0.222413;0.222918;-0.232328;0.19264;-0.118476;0.190118;-0.209242;0.200686;-0.0765399;1.1641e-06;0.0553855;0.002854;-0.00989606;-3.60452e-05;0.0769098;0;0.2004;0;0.334061;0;0.583735;
26;0.261127;-0.235409;0.262849;-0.261086;0.261377;-0.266869;0.166836;-0.103829;0.165363;-0.176535;0.171535;-0.055683;3.50706e-07;0.0323496;0.00166637;-0.0190465;-2.16883e-05;0.0624716;0;0.245996;0;0.101828;0;0.909177;
27;0.282492;-0.267472;0.283497;-0.282466;0.282638;-0.291956;0.127893;-0.0911772;0.127033;-0.13356;0.130637;-0.0565609;-1.17106e-07;0.0188913;0.000972887;-0.0205228;-1.32484e-05;0.0364851;0;0;0;0.407593;0;0.449096;
28;0.292154;-0.283383;0.292741;-0.291974;0.292239;-0.321063;0.072766;-0.0513269;0.0722635;-0.0760774;0.0743686;-0.0311141;-3.45508e-07;0.0110324;0.000567842;-0.0138085;-8.25332e-06;0.0197236;0;0;0;0.396512;0;0.649884;
29;0.290764;-0.287608;0.291076;-0.307229;0.290502;-0.309613;-0.00178884;0.0143055;-0.00208208;-0.000148469;-0.000852985;0.0261101;-3.65839e-07;0.00644292;0.000331507;-0.0131705;-5.26214e-06;0.0115181;0;0;0;0.438243;0;0.03342;
30;0.282616;-0.280774;0.283526;-0.292232;0.280759;-0.293625;-0.0861176;0.0934258;-0.0862836;0.084985;-0.0855572;0.100319;-2.22739e-07;0.00376251;0.0561401;-0.00769216;0.0930533;0.00672618;0;0;0.758007;0;0.937956;0;
31;0.262704;-0.261629;0.252418;-0.268321;0.27198;-0.269134;-0.156653;0.160919;-0.131557;0.155989;-0.0972348;0.164944;-1.65052e-07;0.00219704;0.0818453;-0.00449266;0.103904;0.00392765;0;0;1;0;1;0;
32;0.231418;-0.23079;0.225406;-0.234698;0.237691;-0.235173;-0.203548;0.206037;-0.148292;0.203158;-0.108224;0.208388;-1.83285e-08;0.00128274;0.0863101;-0.00262426;0.11764;0.00229317;0;0;0.833005;0;1;0;
33;0.189321;-0.188954;0.185809;-0.191236;0.192996;-0.191514;-0.231174;0.232625;-0.157021;0.230943;-0.111387;0.233997;1.32299e-07;0.000748726;0.0854661;-0.00153317;0.109756;0.00133859;0;0;0.729422;0;1;0;
34;0.133798;-0.133584;0.131753;-0.134917;0.135957;-0.135079;-0.245729;0.246574;-0.153029;0.245592;-0.115639;0.247375;2.59197e-07;0.000436858;0.0705226;-0.000895995;0.0995591;0.000781084;0;0;1;0;1;0;
35;0.0591057;-0.0589808;0.0579208;-0.0597594;0.060383;-0.059854;-0.251238;0.249018;-0.155508;0.249442;-0.124356;0.248373;3.58272e-07;0.000254733;0.0668926;-0.000523877;0.0946048;0.000455469;0;0;0.919868;0;1;0;
36;-0.0359632;0.0360368;-0.0366399;0.035582;-0.0351971;0.0355268;-0.251311;0.231998;-0.153227;0.232176;-0.119091;0.229762;7.38453e-07;0.000148334;0.0570666;-0.000306605;0.0814937;0.000265349;0.0732331;0;1;0;1;0;
37;-0.132233;0.132277;-0.132613;0.132011;-0.131764;0.131979;-0.239323;0.207901;-0.143313;0.207479;-0.117718;0.203003;-0.000898608;8.62503e-05;0.0494938;-0.000179666;0.0820566;0.000154299;0;0;0.6554;0;1;0;
38;-0.205036;0.205061;-0.204059;0.204906;-0.204228;0.204887;-0.217734;0.199378;-0.136216;0.199131;-0.100177;0.169408;-0.00675814;5.0012e-05;0.0379916;-0.000105549;0.0621562;8.95814e-05;0.150649;0;0.579673;0;1;0;
39;-0.250962;0.250978;-0.250392;0.250888;-0.250486;0.250877;-0.18711;0.176387;-0.160426;0.176243;-0.0834917;0.158884;-0.0105527;2.88716e-05;0.0221871;-6.21927e-05;0.0366756;5.16809e-05;0;0;0;0;0.900302;0;
40;-0.277087;0.277097;-0.276754;0.277044;-0.276807;0.277037;-0.146999;0.140734;-0.131416;0.14065;-0.0655464;0.130512;-0.00616264;1.6528e-05;0.0129571;-3.68895e-05;0.0214196;2.96651e-05;0;0;0;0;0.760939;0;
41;-0.289953;0.289959;-0.289759;0.289928;-0.289789;0.289925;-0.0939014;0.0902403;-0.0848011;0.0901912;-0.046334;0.084271;-0.00359894;9.37944e-06;0.0075669;-2.20424e-05;0.00692562;1.68362e-05;0;0;0;0;0.657757;0;
42;-0.293162;0.293165;-0.293049;0.293148;-0.293531;0.293146;-0.0229082;0.020767;-0.0175936;0.0207388;0.00487074;0.0172813;-0.00210188;5.25971e-06;0.00441899;-1.3261e-05;-0.0402485;9.42132e-06;0;0;0;0;0.629381;0;
43;-0.287143;0.287145;-0.287077;0.287135;-0.287238;0.287022;0.0619182;-0.0631714;0.0650222;-0.063188;0.0781409;-0.0651991;-0.00122768;2.99254e-06;0.00258061;-8.09956e-06;-0.023506;0.0401906;0;0;0;0;0;0.943346;
44;-0.270064;0.270066;-0.270026;0.27006;-0.27012;0.257304;0.138755;-0.139488;0.140568;-0.139499;0.148228;-0.140661;-0.000717243;1.75453e-06;0.00150684;-4.96189e-06;-0.0137282;0.0519398;0;0;0;0;0;0.907114;
45;-0.241493;0.252533;-0.24147;0.24149;-0.241525;0.234035;0.192367;-0.192792;0.193426;-0.192805;0.197899;-0.178475;-0.00041916;0.0330889;0.000879571;-3.12112e-06;-0.00801774;0.0445043;0;0.23588;0;0;0;1;
46;-0.202303;0.221081;-0.20229;0.202302;-0.202322;0.197953;0.224824;-0.193333;0.225442;-0.225082;0.228054;-0.184399;-0.000245125;0.0275561;0.00051332;-1.98499e-06;-0.00468294;0.0357572;0;0.334129;0;0;0;1;
47;-0.150864;0.167606;-0.150857;0.150864;-0.150876;0.148332;0.24258;-0.197248;0.242941;-0.242733;0.244466;-0.186484;-0.000143527;0.0219051;0.000299381;-1.28304e-06;-0.00273545;0.0298133;0;0.358116;0;0;0;1;
48;-0.0819838;0.0960663;-0.0819794;0.0819837;-0.0819906;0.0805162;0.250398;-0.199214;0.250609;-0.25049;0.2515;-0.188302;-8.4217e-05;0.0142657;0.00017443;-8.52509e-07;-0.00159814;0.0241637;0;0.485424;0;0;0;1;
49;0.00835586;0.00174102;0.00835842;-0.00835592;0.00835191;-0.00919875;0.235795;-0.199881;0.235791;-0.262935;0.237866;-0.187505;-4.95721e-05;0.00833462;0.000101469;-5.91152e-07;-0.000933973;0.0195317;0;0.592358;0;0;0;1;
50;0.107335;-0.0988274;0.107336;-0.107335;0.107332;-0.107812;0.214386;-0.199724;0.214224;-0.249322;0.214529;-0.178312;-2.93116e-05;0.00551757;5.89012e-05;-4.31537e-07;-0.000546101;0.0143317;0;0.65868;0;0;0;1;
51;0.187852;-0.1744;0.187853;-0.187852;0.187851;-0.188117;0.20757;-0.193979;0.207475;-0.227975;0.207653;-0.165907;-1.74536e-05;0.00322183;3.40489e-05;-3.65857e-07;-0.000319535;0.0083712;0;0.651908;0;0;0;0.87021;
52;0.240617;-0.230166;0.240617;-0.240617;0.240616;-0.240763;0.186462;-0.179176;0.186406;-0.198381;0.18651;-0.161023;-1.05335e-05;-0.00221418;1.95604e-05;-3.37993e-07;-0.000187193;0.00427562;0;0.154931;0;0;0;0.632877;
53;0.27144;-0.265336;0.27144;-0.271438;0.27144;-0.271524;0.153315;-0.149063;0.153282;-0.160278;0.153343;-0.138462;-6.46889e-06;-0.00129297;1.10903e-05;-0.00224849;-0.000109909;-0.0308191;0;0;0;0.0173634;0;0.727978;
54;0.287466;-0.283902;0.287467;-0.287466;0.287467;-0.28677;0.106729;-0.104249;0.10671;-0.110799;0.106746;-0.0980644;-4.06761e-06;-0.000755074;6.16287e-06;-0.00131333;-6.46921e-05;-0.0656725;0;0;0;0;0;0.525017;
55;0.293158;-0.291077;0.293158;-0.293158;0.293159;-0.257335;0.0423646;-0.0409191;0.0423535;-0.0447439;0.0423749;-0.0373165;-2.59104e-06;-0.000441026;3.31369e-06;-0.000767288;-3.81964e-05;-0.0910575;0;0;0;0;0;0.505438;
56;0.289813;-0.288597;0.289813;-0.289813;0.289968;-0.254211;-0.0394048;0.0402463;-0.0394112;0.0380124;-0.0393923;0.0423472;-1.65615e-06;-0.000257697;1.86773e-06;-0.000448474;0.0502517;-0.0682613;0;0;0;0;0.610622;0;
57;0.275955;-0.275245;0.275955;-0.275955;0.276048;-0.260001;-0.12036;0.120849;-0.120363;0.119544;-0.114584;0.122075;-9.95012e-07;-0.000150731;1.06141e-06;-0.000262331;0.11453;-0.0398657;0;0;0;0;0.834694;0;
58;0.250436;-0.250021;0.250437;-0.250436;0.250494;-0.241119;-0.180378;0.180662;-0.180379;0.179899;-0.130585;0.181378;-5.41168e-07;-8.83639e-05;0.0154684;-0.000153714;0.0989818;-0.0232821;0;0;0.355788;0;0.905466;0;
59;0.214179;-0.213936;0.214186;-0.214179;0.214223;-0.208738;-0.217851;0.218014;-0.195847;0.217568;-0.137334;0.218432;-2.22661e-07;-5.19718e-05;0.0303764;-9.03346e-05;0.0851795;-0.0135972;0;0;0.767665;0;1;0;
60;0.166496;-0.166354;0.166513;-0.166496;0.166535;-0.163319;-0.238977;0.23907;-0.194138;0.23881;-0.139739;0.239314;0.00215609;-3.07678e-05;0.0240057;-5.33659e-05;0.0728961;-0.00794128;0.0751563;0;0.65783;0;1;0;
61;0.103062;-0.102979;0.106772;-0.103062;0.103103;-0.101206;-0.24915;0.249202;-0.190765;0.24905;-0.143217;0.249344;0.00138073;-1.83848e-05;0.0153906;-3.17987e-05;0.0654291;-0.0046383;0.0219391;0;0.462406;0;1;0;
62;0.0184171;-0.0183653;0.0209864;-0.0184144;0.0184621;-0.0173308;-0.262271;0.242485;-0.192247;0.239983;-0.14423;0.237614;0.000806545;-1.11247e-05;0.00898945;-1.91907e-05;0.0618325;-0.00270946;0.02807;0;0.0443436;0;1;0;
63;-0.0808822;0.0809191;-0.0793695;0.08089;-0.0808358;0.081523;-0.25592;0.219159;-0.191984;0.223776;-0.136754;0.219013;-0.00263382;-6.95044e-06;0.00970714;-1.18349e-05;0.0555938;-0.00158287;0.119087;0;0.346635;0;1;0;
64;-0.168481;0.16851;-0.167594;0.168492;-0.168439;0.168862;-0.236229;0.18643;-0.184266;0.189035;-0.125901;0.193287;-0.0128394;-4.4649e-06;0.0101859;-7.56362e-06;0.0522552;-0.000924987;0.0767171;0;0.216701;0;0.998524;0;
65;-0.228598;0.228625;-0.228087;0.228615;-0.228567;0.228831;-0.20835;0.179144;-0.167807;0.180665;-0.11478;0.183149;-0.0226486;-2.93185e-06;0.00595048;-5.01564e-06;0.0426309;-0.000540766;0.172495;0;0.0812533;0;0.786967;0;
66;-0.261856;0.264697;-0.264383;0.264691;-0.264657;0.264817;-0.172323;0.155261;-0.148642;0.156149;-0.092668;0.157599;-0.0384137;-2.05467e-06;0.0034751;-3.44653e-06;0.0248981;-0.000316335;0.127537;0;0;0;0.580593;0;
67;-0.282559;0.28422;-0.284036;0.284217;-0.284174;0.28429;-0.126199;0.116227;-0.112365;0.116746;-0.0795569;0.117593;-0.0511378;-1.50652e-06;0.00202944;-2.4644e-06;0.0145381;-0.000185269;0.201363;0;0;0;0.512508;0;
68;-0.20117;0.20213;-0.202024;-0.0737821;0.0869859;-0.0869384;-0.0823608;0.0765296;-0.0742773;0.0768404;-0.0445085;0.0773306;-0.0298674;-1.00139e-06;0.00118505;-0.00641312;-0.0132584;-0.000108541;0;0;0;0.388633;0.848757;0;
69;-0.159147;0.152579;-0.152516;-0.284808;0.292533;-0.292499;-0.0578589;0.0967911;-0.0954773;0.0969694;-0.0555129;0.0972553;0.0147646;-9.34964e-07;0.000692078;-0.00374599;0.0221267;-6.35635e-05;1;0;0;0;0.787687;0;
70;-0.158045;0.120705;-0.120668;-0.38752;0.392011;-0.392012;-0.0839499;0.146911;-0.146146;0.147015;-0.10464;0.147182;0.115823;-8.55128e-07;0.00040425;-0.00218802;0.0930958;-3.76737e-05;0.834363;0;0;0;0.662039;0;
71;-0.186806;0.164999;-0.164978;-0.131817;0.134447;-0.134438;0.0590731;-0.0223109;0.0227487;-0.0222424;0.0469925;-0.022144;0.067644;0.00344736;-0.0109115;-0.00122653;0.0543706;0.0334487;0;0;0;0.977677;0;0.466984;
72;-0.183297;0.170563;-0.17055;-0.00278349;0.0043172;-0.00432034;0.146821;-0.125352;0.125608;-0.12531;0.139764;-0.110163;0.0395038;0.00201331;-0.00637238;-0.00943744;0.0317522;0.174878;0;0;0;0.518716;0;0.700974;
73;-0.15647;0.149033;-0.149026;0.0477979;-0.0469052;0.0447709;0.197864;-0.185328;0.185475;-0.185303;0.193743;-0.129798;0.0230696;0.00117577;-0.00372172;-0.00552591;0.0185426;0.151303;0;0;0;0.726477;0;0.927344;
74;-0.108175;0.103844;-0.103827;0.026599;-0.0483358;0.0257129;0.225868;-0.202501;0.218634;-0.21853;0.223462;-0.139449;0.0134721;0.0350236;-0.00217385;0.00626494;0.0108282;0.117225;0;0.729498;0;0.633733;0;0.823465;
75;-0.0355465;0.0359775;-0.0330076;-0.012097;-0.000600777;-0.0126052;0.238917;-0.192375;0.234692;-0.234632;0.237511;-0.143885;0.00786718;0.038607;-0.00126991;0.00369635;0.00632298;0.103602;0;0.712239;0;0.667331;0;0.822011;
76;0.0583257;-0.0496066;0.0598084;-0.0861566;0.078734;-0.0864304;0.232636;-0.184794;0.234211;-0.234838;0.233845;-0.143334;0.00459396;0.0377208;-0.000742014;0.00212751;0.00369195;0.0907689;0;0.803998;0;0.688752;0;0.864801;
77;0.149773;-0.122946;0.150638;-0.166037;0.161691;-0.166165;0.226185;-0.176393;0.227105;-0.220438;0.226891;-0.135199;0.00268243;0.0324437;-0.000433726;0.00124221;0.00215545;0.077808;0;0.768952;0;0.704228;0;0.867006;
78;0.216441;-0.174689;0.216947;-0.225952;0.223402;-0.225742;0.207151;-0.163769;0.207688;-0.203794;0.207563;-0.121792;0.00156615;0.0215966;-0.000253676;0.000725289;0.00125814;0.0657368;0;0.545245;0;0.734996;0;0.686063;
79;0.257676;-0.23024;0.257971;-0.263282;0.26174;-0.261986;0.177433;-0.152114;0.177746;-0.175473;0.177673;-0.109019;0.00091425;0.0127696;-0.000148499;-0.00790667;0.000734172;0.0383963;0;0.238981;0;0.633341;0;0.442096;
80;0.280699;-0.264676;0.280871;-0.283974;0.283072;-0.283216;0.136834;-0.122049;0.137017;-0.135689;0.136974;-0.0968828;0.000533676;0.00745743;-8.70013e-05;-0.0088905;0.000428186;0.022423;0;0;0;0.797923;0;0;
81;0.297582;-0.282124;0.291582;-0.317052;0.292868;-0.292951;0.0817655;-0.0731324;0.0818708;-0.0810947;0.0818455;-0.0584349;0.000473728;0.00435512;-5.10626e-05;-0.00811171;0.000249586;0.0130947;0.756395;0;0;0.652371;0;0;
82;0.303279;-0.287541;0.293066;-0.341051;0.300534;-0.293386;0.00804148;-0.00300273;0.00810198;-0.0076488;0.00808837;0.00558166;0.00373305;0.00254327;-3.00047e-05;-0.00889331;0.000145416;0.00764686;0;0;0;0.724611;0;0;
83;0.291133;-0.281942;0.285169;-0.31851;0.280907;-0.285356;-0.0769575;0.0799006;-0.076925;0.0771866;-0.0769231;0.0849136;0.031248;0.00148513;-1.75576e-05;-0.0222644;0.0689406;0.00446531;0.605355;0;0;0;0.507463;0;
84;0.274328;-0.264091;0.265326;-0.285447;0.197423;-0.266085;-0.150057;0.151788;-0.15005;0.150203;-0.11503;0.154715;0.0901239;0.000866939;0.0387456;-0.0130028;0.0902335;0.00260733;0.119583;0;0.449567;0;0.557338;0;
85;0.240372;-0.23439;0.235107;-0.246861;0.161462;-0.235554;-0.172046;0.200487;-0.199461;0.199561;-0.107634;0.202196;0.0666897;0.000505903;0.0503068;-0.00759413;0.106516;0.00152213;0.415587;0;1;0;0.879347;0;
86;0.197224;-0.19373;0.194148;-0.201013;0.140699;-0.19441;-0.181043;0.229466;-0.214126;0.228926;-0.103529;0.230464;0.0629467;0.000295039;0.0309278;-0.00443551;0.111888;0.00088832;0.485565;0;0.941418;0;0.746272;0;
87;0.142013;-0.139968;0.14021;-0.144221;0.108997;-0.140365;-0.179926;0.244947;-0.220928;0.244632;-0.105795;0.24553;0.0571067;0.000171849;0.0247125;-0.00259093;0.107949;0.000518148;0.560347;0;0.906698;0;0.831704;0;
88;0.0687829;-0.0675752;0.0677105;-0.0700595;0.0494915;-0.0678074;-0.181258;0.24905;-0.220304;0.249045;-0.109772;0.249711;0.0559387;9.98944e-05;0.0214313;-0.00151367;0.100865;0.000301999;0.609887;0;0.88755;0;0.83752;0;
89;-0.0217289;0.0258291;-0.0257617;0.0243778;-0.0363846;0.0256932;-0.17289;0.234557;-0.210468;0.23543;-0.107792;0.234947;0.0443311;5.78618e-05;0.0166757;-0.000884572;0.0894377;0.000175759;0.57178;0;0.678348;0;0.743877;0;
90;-0.10719;0.123323;-0.123298;0.122475;-0.129483;0.123244;-0.160111;0.208227;-0.199455;0.210771;-0.0979103;0.21205;0.031628;3.33239e-05;0.019832;-0.000517169;0.0797369;0.000102052;0.660525;0;0.448151;0;0.759599;0;
91;-0.187074;0.198984;-0.198975;0.198489;-0.202577;0.198938;-0.132566;0.197327;-0.184416;0.202707;-0.0851323;0.203453;0.0298493;1.91025e-05;0.0115827;-0.000302578;0.0614247;5.90303e-05;0.696531;0;0.0662962;0;0.655566;0;
92;-0.240388;0.247352;-0.247346;0.247063;-0.249446;0.247325;-0.0936331;0.177173;-0.169635;0.180314;-0.0672576;0.18075;0.0174346;1.07556e-05;0.00676426;-0.000177212;0.0358799;3.39648e-05;0.937913;0;0;0;0.741211;0;
93;-0.271072;0.275138;-0.275134;0.27497;-0.27636;0.275123;-0.0680347;0.143723;-0.139323;0.145557;-0.0544024;0.145812;0.0101782;5.93528e-06;0.00395027;-0.000103983;0.0209528;1.93479e-05;0.83802;0;0;0;0.810881;0;
94;-0.287221;0.28913;-0.289127;0.285135;-0.289371;0.289121;-0.0448637;0.0954509;-0.0928842;0.0965307;-0.0432918;0.0966707;0.00594539;3.18988e-06;0.00230686;0.0334965;0.00346574;1.08352e-05;0.806936;0;0;0.510696;0.390395;0;
95;-0.309626;0.293244;-0.293241;0.297142;-0.293384;0.293239;0.00126191;0.0282851;-0.0267879;0.0289288;0.00217319;0.0289967;0.0173689;1.7003e-06;0.00134712;0.0517138;0.00202359;5.9131e-06;0.723775;0;0;0.585233;0;0;
96;-0.30303;0.242871;-0.288225;0.301505;-0.288308;0.288224;0.0720599;-0.0547945;0.0556781;-0.0518265;0.0725909;-0.0543908;0.0101431;0.0844665;0.000786475;0.0870672;0.0011814;3.19207e-06;0;0.612434;0;0.648307;0;0;
97;-0.280987;0.190395;-0.272341;0.280099;-0.27239;0.265205;0.14293;-0.0655508;0.133363;-0.0989413;0.143239;-0.132603;0.00592333;0.111747;0.000459135;0.105445;0.000689363;0.0537511;0;0.7569;0;0.563566;0;1;
98;-0.249931;0.153696;-0.244882;0.249414;-0.244911;0.234262;0.194416;-0.05774;0.188829;-0.13028;0.194596;-0.17985;0.00345884;0.138958;0.000267805;0.0959037;0.000402016;0.0506915;0;0.953031;0;0.599536;0;1;
