1;-0.000363589;0.000116065;9.94844e-05;-0.000363589;0.000116065;9.94845e-05;0.0349769;0.0347456;0.0352595;0.034977;0.0347457;0.0352595;0.808667;0.808665;0.808666;0.808667;0.808665;0.808666;0;0;0;0;0;0;
2;0.0032818;0.00259509;0.0034683;-0.0029862;0.0201851;0.0114192;0.0299572;0.0299842;0.0307123;0.0995137;0.104022;0.102651;0.472416;0.472415;0.472415;0.472348;0.472352;0.472353;1;1;1;0.432133;0.480515;0.940508;
3;0.00309162;0.00108984;0.0023271;0.00864696;0.0122132;0.00771145;0.132809;0.134136;0.12386;0.131654;0.132535;0.129109;0.276056;0.27606;0.276029;0.27588;0.275879;0.275877;0.619493;0.487636;0.958302;0.560027;0.511742;0.68181;
4;0.00273396;3.41422e-06;0.00218817;0.0107197;0.00776704;0.00386846;0.0775387;0.0783667;0.0723124;0.0769186;0.0773791;0.0754346;0.161225;0.161226;0.161209;0.161122;0.161121;0.161122;0.810156;0.582372;0.66542;0.308437;0.4181;0.737926;
5;0.00247279;-0.000875295;0.00235428;0.005384;0.00541197;0.00138294;0.0450313;0.0460254;0.0419795;0.0451818;0.0449407;0.0443165;0.0941573;0.0941584;0.0941482;0.0941014;0.0941017;0.0941029;0.773344;0.535261;0.928638;0.503963;0.610181;0.867492;
6;0.00245889;-0.00161862;0.00240567;0.0020368;0.00426795;-0.000299802;0.0261122;0.0292146;0.0293024;0.0450927;0.0456563;0.0464967;0.0549893;0.0549899;0.0549842;0.0549615;0.0549621;0.0549623;1;0.613253;0.940493;0.492846;0.612649;0.846136;
7;0.00552397;-0.00132958;0.00560776;-4.94013e-05;0.0061897;-0.000171453;0.0127903;0.01868;0.0240169;0.0327431;0.0326969;0.0367273;0.0321137;0.0321142;0.0321111;0.0321008;0.0321028;0.0321017;0;0;0;0.272649;0.419325;0.603642;
8;0.00435958;-0.00191007;0.00440851;-0.00116245;0.00474831;-0.00123373;0.0181444;0.0256345;0.0243059;0.0429179;0.041959;0.0473849;0.0187556;0.0187557;0.0187543;0.0210955;0.026873;0.0241102;0.78923;0.576763;0.996659;0.480796;0.533896;1;
9;0.00308438;-0.00165387;0.00311294;-0.00156952;0.00331135;-0.00161732;0.0105495;0.0185521;0.0128412;0.0369223;0.032561;0.038387;0.0109541;0.0109539;0.0109536;0.0123246;0.0203404;0.0140856;0.747835;0.471434;0.905835;0.41847;0.461685;0.898799;
10;0.000905998;-7.06102e-05;0.000922667;-2.1426e-05;0.00103856;-4.92793e-05;0.0128801;0.0239875;0.0172196;0.0439926;0.0363364;0.0470403;0.00639825;0.00639757;0.00639805;0.0156944;0.030503;0.0174834;0.811179;0.48536;0.973939;0.442632;0.52932;0.971059;
11;-0.00311692;0.00360484;-0.0031072;0.00363361;-0.00303954;0.0036173;0.00686657;0.0209472;0.0104057;0.0410286;0.0306907;0.0435475;0.00373764;0.00373657;0.00373775;0.0110951;0.0294832;0.0130211;0.814589;0.422411;0.99426;0.416168;0.497737;0.939362;
12;-0.01012;0.010405;-0.0101144;0.0104218;-0.0100748;0.0104123;0.00740314;0.0235803;0.0101612;0.0477052;0.0368048;0.0496816;0.00218385;0.00218238;0.00218404;0.0121627;0.0295696;0.0134757;0.853491;0.398985;1;0.417364;0.498847;0.985165;
13;-0.0213681;0.0215346;-0.0213649;0.0215443;-0.0213416;0.0215387;0.00517297;0.0229418;0.008394;0.045625;0.0334593;0.0474496;0.00127651;0.00127475;0.0012768;0.00947688;0.0295901;0.0124059;0.857712;0.385996;1;0.413962;0.679818;1;
14;-0.0379755;0.0380726;-0.0379736;0.0380782;-0.0379597;0.0380749;0.00873247;0.0223019;0.0107028;0.0440443;0.0349246;0.0466989;0.000746508;0.00074483;0.000746811;0.0127011;0.0270578;0.0133475;0.830571;0.427264;0.98749;0.422216;0.650626;0.939592;
15;-0.0602591;0.0603159;-0.060258;0.0603188;-0.0602496;0.0603169;0.0160981;0.0203379;0.0206543;0.0352175;0.0343325;0.0379129;0.00043688;0.000435938;0.000437235;0.0154627;0.0206436;0.0192162;0.741526;0.576565;0.913407;0.460978;0.586526;1;
16;-0.0867077;0.086741;-0.086707;0.0867421;-0.086702;0.0867409;0.0296226;0.0149506;0.0422747;0.0179798;0.0364506;0.0259723;0.000255483;0.000256328;0.000256082;0.0241951;0.0120575;0.0342199;0.48396;1;0.750651;0.460505;0.384363;1;
17;-0.113103;0.113123;-0.113103;0.113122;-0.1131;0.113121;0.0501766;-0.0143255;0.057566;-0.0223703;0.0541639;-0.013586;0.000149081;0.0051431;0.000149585;0.0288197;0.00704099;0.0362941;0;1;0.204301;0.584532;0;0.953335;
18;-0.132791;0.132804;-0.132791;0.132802;-0.13279;0.132801;0.0908681;-0.0699212;0.0951834;-0.0746246;0.0931963;-0.0694871;8.68838e-05;0.00300444;8.71983e-05;0.0201229;0.00411136;0.0392231;0;1;0;0.554812;0;0.970307;
19;-0.138306;0.138315;-0.138306;0.138312;-0.138306;0.138311;0.14085;-0.128609;0.14337;-0.131357;0.142209;-0.128353;5.0505e-05;0.0017531;5.066e-05;0.035073;0.00240049;0.0480214;0;1;0;0.762748;0;0.947436;
20;-0.123563;0.123569;-0.123563;0.123566;-0.123563;0.123565;0.18438;-0.177224;0.185852;-0.178832;0.185174;-0.156856;2.93582e-05;-0.0151435;2.93984e-05;0.0204873;0.0014012;0.0511385;0;1;0;0.360207;0;1;
21;-0.0843832;0.0843874;-0.0843831;0.0843848;-0.0843834;0.0843836;0.213999;-0.209816;0.214859;-0.210757;0.214463;-0.197214;1.68385e-05;-0.0179798;1.69301e-05;0.0119683;0.000817612;0.0302745;0;1;0;0.390967;0;0.956039;
22;-0.0173033;0.017306;-0.0173033;0.0173042;-0.0173036;0.0173035;0.229994;-0.227551;0.230496;-0.2281;0.230264;-0.220191;9.4243e-06;-0.0105021;9.47038e-06;0.00699146;0.000476898;0.0176825;0;0.566075;0;0.349055;0;0.526643;
23;0.0725465;-0.0725449;0.0725465;-0.0725459;0.0725463;-0.0725463;0.23052;-0.229916;0.228776;-0.222979;0.229523;-0.225248;5.10147e-06;-0.00613534;5.11326e-06;0.00408529;0.000277887;0.0103285;0;0.625273;0;0.360776;0;0.766128;
24;0.159619;-0.159619;0.159619;-0.159619;0.159619;-0.159619;0.223324;-0.216094;0.222305;-0.189791;0.221112;-0.194411;2.63202e-06;-0.00694487;2.63714e-06;0.0109266;0.000161649;0.00603389;0;0.665516;0;0.375002;0;0.54919;
25;0.222491;-0.222491;0.222491;-0.22249;0.222491;-0.22249;0.203665;-0.199442;0.20307;-0.146879;0.202373;-0.157093;1.17767e-06;-0.00468013;1.17352e-06;0.0178307;9.37603e-05;0.0115475;0;0.831381;0;0.376494;0;0.584117;
26;0.261128;-0.261128;0.261128;-0.261127;0.261128;-0.261127;0.173275;-0.170807;0.172927;-0.100038;0.17252;-0.11804;3.63335e-07;-0.004257;3.77502e-07;0.0204827;5.41253e-05;0.00674617;0;0.985903;0;0.38123;0;0.539579;
27;0.282492;-0.282494;0.282492;-0.282492;0.282493;-0.282492;0.131653;-0.13021;0.13145;-0.0501192;0.131212;-0.099395;-2.69919e-08;-0.0149521;-1.68541e-08;0.0119644;3.1025e-05;0.00530627;0;1;0;0.435609;0;0.809424;
28;0.292154;-0.292156;0.292154;-0.292153;0.292155;-0.292154;0.0749632;-0.0741161;0.0748436;0.0557543;0.0747054;-0.0561239;0.00162812;-0.00873342;-3.18794e-07;0.0690631;1.77995e-05;0.0552678;0.0800728;0.898626;0;0.42014;0;0.891942;
29;0.286728;-0.30387;0.287865;-0.287041;0.252107;-0.281001;-0.000502357;0.0010049;-0.00057802;0.0885833;0.000959532;0.0115105;0.0109671;-0.0050994;0.000191473;0.0403344;0.0664927;0.0371531;0.784356;0.856322;0.54205;0;1;0.816222;
30;0.28026;-0.290271;0.280925;-0.280443;0.248466;-0.278461;-0.0853598;0.0856569;-0.0853962;0.136803;-0.0693934;0.0917928;0.00640564;-0.00297806;0.00501033;0.0235544;0.0821368;0.0216968;0.812841;0;1;0;0.921783;0;
31;0.261329;-0.267174;0.261718;-0.261436;0.201506;-0.260279;-0.156208;0.156382;-0.156223;0.186251;-0.132623;0.159965;0.0037404;-0.00173947;0.00292491;0.0137553;0.066217;0.0126704;0.938833;0;1;0;1;0;
32;0.230615;-0.234029;0.230843;-0.230677;0.16509;-0.230001;-0.203285;0.203387;-0.203292;0.220831;-0.171308;0.20548;0.00218333;-0.00101603;-0.0051883;0.00803226;0.0538366;0.00739883;0.770395;0;1;0;1;0;
33;0.188852;-0.190845;0.188985;-0.188888;0.150585;-0.188493;-0.231019;0.231077;-0.23102;0.241264;-0.212104;0.232299;0.00127472;-0.000593723;-0.00404414;0.00469017;0.0314495;0.00432025;0.415054;0;1;0;0.516158;0;
34;0.133524;-0.134688;0.133602;-0.133545;0.111176;-0.133315;-0.245639;0.24567;-0.245637;0.251619;-0.233264;0.246384;0.000744553;-0.000347167;-0.00524255;0.00273842;0.0183717;0.00252237;0.0412837;0;1;0;0.42581;0;
35;0.0589458;-0.0596256;0.0589916;-0.0589584;0.0458945;-0.0588237;-0.251186;0.250476;-0.251183;0.249078;-0.224258;0.248896;0.000434963;-0.000203181;-0.0030633;0.0015986;0.0107332;0.00147241;0;0;0.959463;0;0.62509;0;
36;-0.0360571;0.0356605;-0.0360302;0.0360497;-0.0436792;0.0361283;-0.251129;0.229933;-0.23455;0.232891;-0.203544;0.232905;0.000254019;-0.000119092;-0.00179084;0.000932939;0.0155596;0.000859218;0.130897;0;0.8315;0;0.75967;0;
37;-0.132288;0.132057;-0.132273;0.132284;-0.13674;0.13233;-0.239216;0.207974;-0.207807;0.204134;-0.174626;0.204449;0.000147651;-6.99159e-05;-0.00104783;0.000544176;0.0295285;0.000501098;0.459762;0;0.844334;0;0.603862;0;
38;-0.205067;0.204933;-0.205058;0.205065;-0.207667;0.205092;-0.217667;0.199421;-0.199323;0.197178;-0.130508;0.197362;8.47852e-05;-4.11804e-05;-0.00061332;0.000317196;0.0305666;0.000292019;0.923232;0;0.86603;0;0.581694;0;
39;-0.250982;0.250903;-0.250976;0.250981;-0.252499;0.250996;-0.187068;0.176412;-0.176356;0.175102;-0.0896585;0.17521;4.77208e-05;-2.43621e-05;-0.000359162;0.000184625;0.0266433;0.000169924;0.856975;0;0.6496;0;0.614272;0;
40;-0.277099;0.277053;-0.277096;0.277098;-0.277983;0.277107;-0.14697;0.140749;-0.140717;0.139984;-0.0165726;0.140047;-0.00125008;-1.46199e-05;-0.000210389;0.00010743;0.075428;9.89259e-05;1;0;0.793696;0;0.704401;0;
41;-0.289961;0.289933;-0.289958;0.28996;-0.290474;0.286894;-0.0908433;0.0902495;-0.09023;0.089804;0.103846;0.122111;-0.000730162;-8.57454e-06;-0.00012262;0.0182305;0.0915057;0.0674905;1;0;1;0.280435;1;1;
42;-0.317382;0.29315;-0.293165;0.293167;-0.293466;0.274234;-0.0211098;0.0207733;-0.0207632;0.0205138;0.0941073;0.0393974;0.00451919;-5.17448e-06;-7.16744e-05;0.0106477;0.0534391;0.0677422;1;0;0.23888;0.234171;0;1;
43;-0.301287;0.287137;-0.287144;0.287147;-0.287321;0.244945;0.0629704;-0.0631541;0.0631715;-0.0633145;0.130255;-0.0522714;0.00263934;0.00834103;-4.195e-05;0.013409;0.0312076;0.0521645;0;1;0;0.371727;0;1;
44;-0.278325;0.270061;-0.270065;0.270068;-0.270169;0.225368;0.139369;-0.139468;0.139487;-0.139567;0.178663;-0.133105;0.00154117;0.00487019;-2.46975e-05;0.0182931;0.0182245;0.0587414;0;1;0;0.296495;0;1;
45;-0.246316;0.241492;-0.241493;0.241494;-0.241554;0.203941;0.192726;-0.192776;0.192795;-0.192841;0.215673;-0.189054;0.00089964;-0.0207381;-1.45806e-05;0.0106835;0.0106425;0.0388875;0;1;0;0.402;0;1;
46;-0.20512;0.202304;-0.202303;0.202302;-0.202339;0.180372;0.225033;-0.225059;0.225073;-0.224832;0.238434;-0.219944;0.000525027;-0.0134779;-8.90784e-06;0.00623868;0.00621449;0.0227154;0;0.993485;0;0.548412;0;0.532145;
47;-0.15251;0.150866;-0.150865;0.150864;-0.150886;0.138057;0.242702;-0.242716;0.242725;-0.214473;0.250528;-0.239732;0.000306283;-0.0133024;-5.68876e-06;0.00664878;0.00362856;0.0132658;0;0.964698;0;0.622408;0;0.211635;
48;-0.0829446;0.0819844;-0.081984;0.0819838;-0.0819964;0.0745043;0.250469;-0.238829;0.250483;-0.202942;0.252028;-0.248736;0.000178539;-0.0166148;-3.74801e-06;0.0156384;0.00211835;0.00774823;0;1;0;0.598739;0;0.482513;
49;0.00779429;-0.00835649;0.00835524;-0.00835428;0.00834896;-0.0127237;0.240585;-0.225121;0.239636;-0.194351;0.235135;-0.239511;0.000103946;-0.0139665;-2.57418e-06;0.0160245;0.00123638;0.00452628;0;1;0;0.569224;0;0.555153;
50;0.107006;-0.107336;0.107333;-0.107331;0.107331;-0.109885;0.21438;-0.202855;0.212963;-0.183452;0.216886;-0.219411;6.03354e-05;-0.0118317;-1.88829e-06;0.0127576;0.000721373;0.00264459;0;1;0;0.521103;0;0.667908;
51;0.18766;-0.187855;0.187851;-0.187848;0.187851;-0.189341;0.207566;-0.170036;0.20656;-0.166531;0.20903;-0.192481;3.48509e-05;-0.00834668;-1.43448e-06;0.00745338;0.000420665;0.00286391;0;0.858721;0;0.440646;0;0.701607;
52;0.240504;-0.240619;0.240616;-0.240614;0.240616;-0.241486;0.18646;-0.125961;0.185872;-0.130298;0.187314;-0.177649;1.99805e-05;-0.00487599;-1.17797e-06;0.00828151;0.000245083;0.00584813;0;1;0;0.358853;0;0.633413;
53;0.271374;-0.271442;0.271439;-0.27144;0.271439;-0.271947;0.153317;-0.0599396;0.15297;-0.0248777;0.153813;-0.120941;0.0141664;-0.00284778;-1.01867e-06;0.0382678;0.000142635;0.0215074;0.970727;0.864605;0;0.55331;0;0.759931;
54;0.195324;-0.195365;0.195362;0.0993208;-0.0993362;0.0990282;0.0723477;-0.0178021;0.0721377;0.0885039;0.072639;-0.0249231;0.00827594;-0.00166228;-5.86151e-07;0.0223518;0.0547535;0.0568474;1;0.918419;0;0;0.433732;1;
55;0.239346;-0.239372;0.239369;-0.0672709;0.0672614;-0.0674425;0.0222943;0.010164;0.0221641;0.0716471;0.0618984;0.00541474;0.0048354;-0.000969542;-3.95434e-07;0.0130534;0.0686817;0.0332038;1;0.856776;0.0971389;0;0.82822;0.631044;
56;0.258386;-0.258402;0.258401;-0.157894;0.157887;-0.157994;-0.0511203;0.0700792;-0.051191;0.105984;-0.0120785;0.0673044;0.00282531;-0.000566142;0.00175531;0.00762225;0.0886906;0.0193901;0.978596;0;1;0;0.960619;0;
57;0.190767;-0.259358;0.261783;-0.198914;0.198908;-0.198972;-0.127192;0.138271;-0.127236;0.15924;-0.104379;0.136651;0.0293318;-0.000330793;0.00102477;0.00445071;0.0641239;0.0113233;1;0;0.809961;0;1;0;
58;0.165714;-0.240743;0.242161;-0.205444;0.205439;-0.205478;-0.184362;0.190836;-0.18439;0.203081;-0.156442;0.18989;0.0171291;-0.000193579;0.000597116;0.00259871;0.0583947;0.00661224;0.972635;0;1;0;1;0;
59;0.144932;-0.208519;0.209347;-0.187904;0.187901;-0.187924;-0.220176;0.223956;-0.220188;0.231107;-0.198001;0.223403;0.0100025;-0.000113329;-0.00554742;0.001517;0.0375165;0.00386082;0.405432;0;1;0;1;0;
60;0.126056;-0.163191;0.163675;-0.151152;0.15115;-0.151164;-0.240335;0.24254;-0.240339;0.246716;-0.22022;0.242217;0.0058415;-6.65978e-05;-0.00440476;0.000885345;0.0219169;0.00225408;0;0;1;0;0.696966;0;
61;0.0794453;-0.101132;0.101414;-0.0941012;0.0941009;-0.0941082;-0.249943;0.251229;-0.249943;0.253667;-0.22375;0.25104;0.00341152;-3.93325e-05;-0.00257399;0.000516433;0.0159075;0.00131574;0.730645;0;0.798664;0;0.627354;0;
62;0.00462136;-0.0172875;0.0174518;-0.013181;0.0131821;-0.0131851;-0.234183;0.241849;-0.251189;0.243679;-0.2091;0.244807;0.0112636;-2.34481e-05;-0.00150398;0.000301031;0.0249815;0.000767737;0.593374;0;0.582458;0;0.62068;0;
63;-0.0889455;0.0815485;-0.0814522;0.0839464;-0.0839447;0.0839441;-0.243995;0.22146;-0.245265;0.218776;-0.188303;0.218462;0.00657843;-1.41064e-05;-0.000879602;0.000175166;0.0246096;0.000447674;0.343315;0;0.928779;0;0.898509;0;
64;-0.173197;0.168877;-0.168821;0.170277;-0.170275;0.170276;-0.229;0.200447;-0.22974;0.191528;-0.165825;0.188496;0.00384198;-8.46068e-06;-0.000514922;0.000101628;0.0144615;0.000260775;0;0;1;0;0.695917;0;
65;-0.231362;0.228839;-0.228807;0.229657;-0.229655;0.229656;-0.204007;0.187329;-0.204438;0.182121;-0.147399;0.18035;0.00224386;-5.40493e-06;-0.000301246;5.87545e-05;0.00844806;0.000151723;0;0;0.616732;0;0.566409;0;
66;-0.266296;0.264822;-0.264803;0.2653;-0.265297;0.2653;-0.169783;0.160041;-0.170034;0.156999;-0.136721;0.155965;0.00131053;-3.50852e-06;-0.000176354;3.3727e-05;0.00493596;8.80444e-05;0;0;0.756106;0;0.44901;0;
67;-0.285153;0.284292;-0.284282;0.284572;-0.28457;0.284572;-0.12471;0.119019;-0.124857;0.117242;-0.105401;0.116638;0.000765362;-2.39978e-06;-0.000103237;1.92014e-05;0.00288372;5.09289e-05;0;0;0.253041;0;0.322381;0;
68;-0.293036;0.292533;-0.292527;0.292696;-0.292695;0.292696;-0.064178;0.0608518;-0.0642623;0.0598139;-0.0529011;0.0594638;0.000446887;-1.66624e-06;-6.06933e-05;1.07814e-05;0.00168426;0.0369212;0;0;0.598055;0;0.16489;0.831043;
69;-0.291981;0.284314;-0.288032;0.293987;-0.293861;0.292411;0.0146195;-0.0165622;0.014576;-0.0171708;0.0212029;-0.0173629;0.000261055;-9.14979e-07;-3.49541e-05;5.7164e-06;0.00098312;0.0366843;0;0;1;0;0;0.755326;
70;-0.281113;0.276637;-0.278807;0.282284;-0.282212;0.281364;0.0989231;-0.100056;0.0989024;-0.100416;0.102767;-0.100514;0.000152334;-7.83942e-07;-1.94515e-05;2.92401e-06;0.000573645;0.0496588;0;0.638931;0.714132;0;0;1;
71;-0.258678;0.256066;-0.257331;0.259362;-0.25932;0.258823;0.165876;-0.166534;0.165864;-0.16675;0.168121;-0.166456;8.87315e-05;-0.00834331;-1.15642e-05;1.4585e-06;0.000334483;0.0520936;0;1;0;0;0;1;
72;-0.225271;0.223748;-0.224484;0.22567;-0.225647;0.225355;0.209194;-0.209577;0.209187;-0.209707;0.210505;-0.209524;5.14612e-05;-0.00721142;-6.97259e-06;7.1541e-07;0.000194804;0.0304312;0;0.573425;0;0;0;0.942358;
73;-0.180983;0.180095;-0.180524;0.181216;-0.181204;0.181032;0.234289;-0.234514;0.234285;-0.234591;0.235055;-0.234481;2.96689e-05;-0.00421262;-4.4567e-06;7.87499e-08;0.000113206;0.0177742;0;0.481735;0;0.18089;0;0.561708;
74;-0.122491;0.121973;-0.122223;0.122629;-0.122621;0.122519;0.247141;-0.247272;0.247138;-0.201602;0.247588;-0.247255;1.70436e-05;-0.0102173;-3.01006e-06;0.0464166;6.54388e-05;0.0103801;0;0.795662;0;0.564431;0;0.597511;
75;-0.043907;0.0436052;-0.0437506;0.0439901;-0.043984;0.0439232;0.248679;-0.234028;0.245947;-0.180119;0.2463;-0.258833;9.72818e-06;-0.0158453;-2.15573e-06;0.042236;3.7472e-05;0.00606202;0;0.97789;0;0.704241;0;0.286629;
76;0.0534428;-0.0536202;0.0535342;-0.0533912;0.0533983;-0.0534336;0.228614;-0.220412;0.228404;-0.178811;0.227104;-0.25214;5.38894e-06;-0.00925785;-1.66073e-06;0.0313292;2.11623e-05;0.00354047;0;1;0;0.669702;0;0.288046;
77;0.14692;-0.147026;0.146974;-0.146889;0.146896;-0.146915;0.197793;-0.187077;0.199887;-0.183645;0.196368;-0.237578;2.79727e-06;-0.00757775;-1.34225e-06;0.0183003;1.16984e-05;0.0020683;0;0.899557;0;0.453566;0;0.185511;
78;0.214775;-0.214838;0.214807;-0.214758;0.214761;-0.214772;0.19057;-0.139318;0.191793;-0.155674;0.188925;-0.213802;1.27731e-06;-0.00442779;-1.10676e-06;0.0106874;6.27532e-06;0.0126412;0;1;0;0.42352;0;0.97962;
79;0.256703;-0.256741;0.256721;-0.256694;0.256694;-0.2567;0.167749;-0.0798846;0.168464;-0.0681845;0.166789;-0.181315;4.52067e-07;-0.00864126;-9.3296e-07;0.0131749;3.16358e-06;0.0135909;0;1;0;0.489261;0;0.969213;
80;0.28013;-0.280154;0.280141;-0.280126;0.280126;-0.280129;0.131187;-0.0409214;0.131595;-0.0313762;0.130617;-0.135031;0.0183146;-0.00504586;-6.30908e-07;0.021677;1.14797e-06;0.0318613;0.929039;0.828752;0;0.488921;0;1;
81;0.291149;-0.291163;0.291156;-0.291147;0.291147;-0.291148;0.0784769;-0.0257529;0.0787043;-0.00118918;0.0781392;-0.0807076;0.0106997;-0.00294672;-6.0078e-07;0.0126601;0.0444644;0.0186115;0.905028;0;0;0.55849;0.555258;0.686416;
82;0.292139;-0.292821;0.292816;-0.292812;0.301831;-0.292812;0.00613069;0.0246681;0.00625326;0.0390126;0.00593723;-0.00742591;0.0062516;-0.00172094;-5.54427e-07;0.0073929;0.0526549;0.0108688;1;0;0;0;0.61278;0;
83;0.284627;-0.285026;0.285023;-0.285021;0.311159;-0.285021;-0.0780677;0.0960604;-0.078005;0.104438;-0.0781775;0.0773174;0.00365192;-0.00100523;-4.06781e-07;0.004317;0.0426923;0.00634696;1;0;0;0;0.666797;0;
84;0.265659;-0.265892;0.26589;-0.265889;0.281157;-0.26589;-0.150716;0.161225;-0.150678;0.166117;-0.131021;0.150279;0.00213218;-0.000587354;-1.23965e-06;0.00252069;0.0411146;0.00370617;0.657654;0;1;0;1;0;
85;0.235306;-0.235442;0.235441;-0.235441;0.244356;-0.235441;-0.19986;0.205998;-0.199834;0.208855;-0.188346;0.199606;0.00124416;-0.000343334;-0.00148201;0.00147145;0.0240169;0.00216376;0.776887;0;1;0;1;0;
86;0.194265;-0.194344;0.194344;-0.194344;0.199549;-0.194344;-0.2291;0.232685;-0.229083;0.234353;-0.189765;0.228952;0.00072475;-0.000200889;-0.00707616;0.000858734;0.0140297;0.00126305;0.839073;0;1;0;1;0;
87;0.140281;-0.140326;0.140327;-0.140326;0.143365;-0.140326;-0.244733;0.246827;-0.244721;0.247801;-0.177891;0.244647;-0.00224781;-0.000117712;-0.00657574;0.000500821;0.0231438;0.000736953;0.896885;0;1;0;1;0;
88;0.0677582;-0.0677848;0.0677855;-0.0677851;0.0695589;-0.0677851;-0.247327;0.251101;-0.240539;0.25036;-0.183007;0.250992;-0.00252248;-6.91541e-05;-0.00700116;0.000291801;0.0135206;0.000429708;0.93962;0;1;0;1;0;
89;-0.0257219;0.0257065;-0.0257059;0.0257061;-0.0246706;0.0257061;-0.22886;0.230356;-0.226167;0.236023;-0.155631;0.2358;-0.0103794;-4.08063e-05;-0.0132274;0.000169738;0.0180746;0.000250273;1;0;1;0;1;0;
90;-0.123261;0.123252;-0.123251;0.123251;-0.122647;0.123251;-0.195327;0.207312;-0.201503;0.206305;-0.125795;0.204118;-0.00606319;-2.42518e-05;-0.00772674;9.85202e-05;0.0204157;0.000145531;1;0;1;0;1;0;
91;-0.198948;0.198943;-0.198942;0.198942;-0.198589;0.198942;-0.151415;0.171226;-0.164233;0.167548;-0.0809992;0.163452;-0.00354205;-1.45683e-05;-0.00451343;5.70844e-05;0.0354391;-0.00304279;0.888194;0;1;0;1;0;
92;-0.247331;0.247327;-0.247327;0.247327;-0.24712;0.247327;-0.097988;0.16193;-0.124192;0.154573;-0.0236023;0.13171;-0.00291211;-8.83257e-06;-0.00263602;3.27361e-05;0.0438093;-0.00177736;1;0;1;0;1;0;
93;-0.275127;0.275124;-0.275124;0.275123;-0.275003;0.275124;-0.0184619;0.134821;-0.0927951;0.130525;0.0413397;0.117172;0.0138034;-5.45641e-06;-0.0015395;0.0070544;0.0557557;-0.00103864;1;0;0.835907;0.389583;1;0;
94;-0.289124;0.289121;-0.289122;0.28912;-0.28905;0.289121;0.0196075;0.0902524;-0.0654807;0.0877516;0.0382531;0.0799454;0.00806428;-3.50053e-06;-0.000897881;0.0118811;0.0325683;-0.000607003;1;0;1;0.545564;0.635897;0;
95;-0.29324;0.293238;-0.29324;0.293237;-0.293197;0.293238;0.0389099;0.0252529;-0.0107759;0.0238007;0.055378;0.0192351;0.00471053;0.0046638;0.000136767;0.023943;0.0190202;0.0109222;0.491017;0.480652;1;0.749466;0;0.933352;
96;-0.288224;0.288224;-0.288224;0.288222;-0.288199;0.288222;0.0940456;-0.0565617;0.0650299;-0.0574212;0.103663;-0.0600769;0.00275067;0.0145759;7.98608e-05;0.0139849;0.0111072;0.025465;0;1;0;0.351182;0;1;
97;-0.272341;0.272342;-0.27234;0.272339;-0.272326;0.272339;0.155769;-0.133869;0.138824;-0.134379;0.161385;-0.135922;0.00160611;0.00851285;4.64237e-05;0.00816878;0.00648605;0.0153418;0;1;0;0.41591;0;1;
98;-0.244882;0.244883;-0.244882;0.244881;-0.244874;0.24488;0.201914;-0.189116;0.192018;-0.189422;0.205194;-0.190314;0.00093763;-0.0223315;2.67393e-05;0.00477146;0.00378731;0.00896364;0;1;0;0.666696;0;1;
