1;-0.000363587;0.000116064;9.94836e-05;-0.000363587;0.000116064;9.94836e-05;0.0349769;0.0347456;0.0352595;0.0349769;0.0347456;0.0352595;0.808667;0.808665;0.808666;0.808667;0.808665;0.808666;0;0;0;0;0;0;
2;-0.0364789;-0.00329761;-0.00900983;0.0220409;0.0143098;0.00247432;0.086686;0.0386923;0.0541839;0.0726868;-0.0521508;-0.0926873;0.472414;0.47232;0.472292;0.472363;0.472394;0.472478;0.885833;0;0;1;0;0;
3;-0.0492222;0.0227514;0.0135475;-0.0182406;0.0118106;0.0175145;0.186664;0.0729255;0.0315579;0.195645;-0.0213987;-0.0540457;0.275927;0.275845;0.275823;0.275905;0.275878;0.275926;0;0;0;0.355216;0.480776;0;
4;-0.0610389;0.0164518;0.00832987;-0.00840716;0.0099952;0.0114986;0.189253;0.11196;0.0184549;0.210687;0.0477566;-0.0315908;0.249107;0.161115;0.16108;0.269291;0.161119;0.161139;0.868681;0.0300071;0;0.524898;0.124131;0;
5;-0.0677782;0.0109073;0.00535776;-0.00342845;0.00709276;0.00846812;0.191421;0.119477;0.00664068;0.209931;0.0720544;-0.0187055;0.23241;0.131284;0.0940693;0.275987;0.0941043;0.0941043;0.876382;0.219518;0;0.531333;0;0;
6;-0.0700783;0.00744717;0.00666208;0.000643876;0.00606431;0.00975846;0.193428;0.1185;-0.0122876;0.207059;0.0710791;-0.0116246;0.230688;0.130243;0.0549359;0.27007;0.0635919;0.0549561;0.979377;0.32345;0;0.545886;0.356594;0;
7;-0.0682356;0.00825779;0.00424755;0.001104;0.00520521;0.0101113;0.190036;0.112671;-0.00849534;0.207243;0.0699619;-0.0124653;0.228577;0.134453;0.0320843;0.267268;0.0652316;0.0320938;0.973609;0.365474;0.00418493;0.581037;0.394693;0;
8;-0.0679692;0.00768671;0.00351938;0.0003349;0.00343642;0.0096277;0.193851;0.114935;-0.00188644;0.20331;0.0681719;-0.0158382;0.22022;0.130137;0.0187393;0.267684;0.0662833;0.0187424;1;0.426645;0.141384;0.622539;0.424626;0;
9;-0.0677788;0.00736666;0.00628352;-0.000500103;0.00208615;0.00679462;0.192633;0.111928;0.00273793;0.204221;0.0686985;-0.0180401;0.217886;0.132323;0.0109452;0.262471;0.0644429;0.0109453;1;0.452526;0.146946;0.653274;0.424312;0;
10;-0.0668809;0.00878998;0.00417016;-0.00144857;0.00115872;0.00217818;0.197084;0.116224;0.00518138;0.203903;0.070239;-0.0212644;0.210318;0.127138;0.00639229;0.257745;0.059891;0.0063918;1;0.451574;0.0111763;0.661187;0.35002;0;
11;-0.0668989;0.00884276;0.00160863;-0.00341769;0.00121523;-0.00601934;0.198074;0.115199;0.0074939;0.201326;0.0703486;-0.0279784;0.205283;0.126821;0.00373273;0.257409;0.0509139;0.00373262;1;0.491282;0;0.679198;0.441334;0;
12;-0.0676294;0.0078322;-0.00127871;-0.00358862;0.00619145;-0.0201141;0.197218;0.112246;0.0110687;0.201785;0.071914;-0.0295332;0.201452;0.126321;0.00217954;0.254918;0.0429448;0.00217969;1;0.48521;0;0.671898;0.487153;0;
13;-0.0681987;0.00840972;-0.00516264;-0.00531973;0.00835352;-0.042662;0.196323;0.10867;0.0106103;0.203339;0.0704265;-0.0308516;0.198155;0.127948;0.00127248;0.251111;0.0450134;0.00127278;1;0.524704;0;0.679509;0.493981;0;
14;-0.0667408;0.0110545;-0.010299;-0.00615675;0.0127999;-0.0759068;0.195918;0.110814;0.00707556;0.205811;0.0691732;-0.0269714;0.196261;0.124931;0.000742773;0.244519;0.0441939;0.000743135;1;0.541852;0;0.64458;0.609595;0;
15;-0.0672052;0.0146846;-0.0163205;-0.0108491;0.0179032;-0.120492;0.193938;0.114945;-0.011012;0.210295;0.0628324;-0.0168874;0.19752;0.121401;0.000433072;0.235172;0.0482491;0.000433815;1;0.466341;0;0.580383;0.750465;0;
16;-0.0653655;0.0188271;-0.0242494;-0.011527;0.0281407;-0.173399;0.186116;0.123302;-0.018911;0.219586;0.053073;0.00157208;0.20697;0.112802;0.000252624;0.219387;0.0564238;0.000253144;1;0.276526;0;0.451073;0.716012;0;
17;-0.0657865;0.0664354;-0.024857;-0.0397295;0.0385595;-0.226195;0.175301;0.688445;-0.0401946;0.227035;0.0287386;0.0337948;0.241184;-1.17568;0.0203313;0.169247;0.0622549;0.00152441;1;0;0;0.35202;0.8935;0;
18;-0.0144997;0.0581478;-0.0264439;-0.125523;0.105377;-0.265575;0.0958093;0.46362;-0.0850405;0.225527;0.0341743;0.0813015;0.242818;-0.686604;0.00343001;0.114271;0.145311;0.000890125;1;0;0.202206;0.304675;1;0;
19;0.00691685;0.0513171;0.00275209;-0.194047;0.126812;-0.276608;0.0416245;0.358536;-0.137443;0.248132;0.0438273;0.135263;0.229784;-0.400977;-0.00127519;0.0667381;0.215607;0.000519363;0.964094;0;1;0.427519;0.972602;0;
20;0.00121292;0.0421964;-0.0164638;-0.224675;0.0668587;-0.247123;0.0102985;0.311508;-0.164824;0.279685;0.0410407;0.181117;0.220243;-0.23417;0.0423561;0.0415846;0.230798;0.000302912;1;0;1;0.313617;1;0;
21;0.0143793;0.0281355;-0.0190934;-0.192682;0.0246699;-0.168765;-0.0118839;0.288241;-0.160751;0.287473;0.0434265;0.212093;0.211698;-0.136755;0.0435111;0.0361547;0.239525;0.000176499;1;0;1;0.460647;1;0;
22;0.0319514;0.00729566;-0.00201223;-0.164086;0.0413119;-0.0346071;-0.0205097;0.273351;-0.170452;0.291708;0.0580489;0.228881;0.200704;-0.0798644;0.0279632;0.0437469;0.247255;0.000102699;1;0;1;0.618346;0.917568;0;
23;0.0638942;-0.0193536;0.0224394;-0.167739;0.0164264;0.145087;-0.0099633;0.259097;-0.143977;0.271928;0.0516449;0.228086;0.199297;-0.046641;0.0470856;0.0496003;0.21929;5.9672e-05;1;0;1;0.668008;0.866221;0;
24;0.0898435;-0.0448028;0.0466035;-0.161526;0.00425521;0.319231;-0.00376583;0.240013;-0.123584;0.256666;0.0575541;0.206516;0.184816;-0.0272387;0.0418768;0.0696313;0.20445;3.47268e-05;1;0;1;0.745085;0.721496;0;
25;0.107894;-0.0630995;0.0637315;-0.162727;-0.0120574;0.444975;0.0167467;0.213411;-0.0883121;0.23389;0.056267;0.193849;0.172887;-0.0159079;0.0381421;0.0784387;0.176184;1.99442e-05;1;0;1;0.853093;0.519957;0;
26;0.114106;-0.0743334;0.0691033;-0.161938;-0.0250898;0.522252;0.0466268;0.178966;-0.0530977;0.207098;0.0506623;0.167542;0.159614;-0.00929077;0.0315259;0.0810917;0.149834;1.14026e-05;0.918569;0;1;0.970499;0.362485;0;
27;0.126959;-0.0803322;0.187661;0.127487;-0.167773;0.564983;0.0840309;0.134977;-0.121786;0.179915;0.00621267;0.128306;0.162532;-0.00542636;-0.124621;0.0915109;0.115972;6.63528e-06;0.0676834;0;1;1;0.26624;0;
28;0.105587;-0.0625612;0.215611;0.327485;-0.352322;0.584307;0.114341;0.0969766;-0.0841507;0.103149;0.0246271;0.073007;0.109154;0.108158;-0.146176;0.0446561;0.0677282;3.48463e-06;0.186182;0.371634;1;0.760643;0;0;
29;0.0929307;-0.0746003;0.181414;0.435459;-0.44998;0.591263;0.133372;0.0944325;-0.00488065;0.0159683;0.0586622;-0.00164769;0.0637482;0.241145;-0.174248;0.0276932;0.039552;1.81398e-06;0.297638;0.387882;1;1;0;0;
30;0.0865035;-0.0623375;0.172625;0.427443;-0.488411;0.582671;0.16296;0.0888646;0.0664219;-0.0655397;0.11933;-0.0860335;0.037228;0.302611;-0.195773;0.0904239;0.0230978;1.41669e-06;0;0.466743;1;0.915475;0;0.521386;
31;0.0784201;-0.145692;0.134348;0.390255;-0.445131;0.523617;0.201526;0.06921;0.145142;-0.088724;0.176046;-0.117392;0.0217405;0.258711;-0.138792;0.12337;0.0134888;0.08993;0;1;0;0.85372;0;1;
32;0.0680836;-0.129632;0.100745;0.299052;-0.415955;0.461785;0.229751;0.0502083;0.196823;-0.0752015;0.214871;-0.145314;0.012696;0.246616;-0.0810554;0.149452;0.00787677;0.0781589;0;1;0;0.673246;0;1;
33;0.055239;-0.106984;0.0743132;0.183053;-0.351263;0.378028;0.246474;0.0438763;0.227244;-0.0572891;0.237784;-0.189897;0.00741384;0.245617;-0.0473364;0.162548;0.00459949;0.045655;0;1;0;0.869734;0;1;
34;0.0388989;-0.122192;0.0500382;0.0862837;-0.251608;0.267245;0.254661;0.0292215;0.243431;-0.0289665;0.249587;-0.203154;0.00432904;0.226104;-0.0276447;0.185486;0.00268554;0.0268136;0;1;0;0.846324;0;1;
35;0.0172796;-0.144099;0.0237848;-0.00658068;-0.108877;0.118031;0.249568;0.0234549;0.249895;0.000953321;0.247377;-0.226248;0.00252763;0.212655;-0.0161448;0.210407;0.00156781;0.0152756;0;0.983711;0;1;0;0.503288;
36;-0.010045;-0.0816927;-0.0062461;-0.144799;0.0773697;-0.0720264;0.233058;0.0629323;0.229893;0.0166235;0.226529;-0.267877;0.0014757;0.242979;-0.00942881;0.216602;0.000915004;-0.0522089;0;1;0;1;0;0.629341;
37;-0.0376461;-0.0272268;-0.0354277;-0.270634;0.267637;-0.264533;0.207407;0.0928784;0.205357;0.0538938;0.206313;-0.29591;0.000861035;0.266848;-0.00550734;0.225357;0.00053423;-0.0780399;0;1;0;0.980542;0;0.600989;
38;-0.0610696;-0.0951634;-0.0572068;-0.335335;0.399792;-0.410113;0.215418;0.111131;0.197893;0.104105;0.175203;-0.251053;0.00461591;0.231166;-0.00321658;0.231061;0.000884092;-0.0578238;0.539405;0.923632;0;1;0.373181;0;
39;-0.0458698;-0.0328809;-0.0708997;-0.37327;0.445118;-0.50195;0.203254;0.15086;0.17552;0.0785047;0.149689;-0.206567;0.0571569;0.298872;-0.00187911;0.186616;-0.0318862;-0.0337688;0.229742;0.693402;0;0.836691;1;0;
40;-0.0640818;-0.00754679;-0.0786982;-0.352756;0.46821;-0.554189;0.156428;0.164379;0.140227;0.0778833;0.125146;-0.158362;0.0333816;0.278741;-0.00109802;0.16212;0.0112857;-0.0197207;0.559832;0.183225;0;0.733245;0.917394;0;
41;-0.0672241;0.0150088;-0.0745967;-0.340816;0.477141;-0.579915;0.107454;0.167526;0.0899485;0.0879921;0.113205;-0.100537;0.086668;0.19636;0.0206367;0.142535;0.0398388;-0.0115169;0.645955;0.328839;0.570419;0.665439;0.83591;0;
42;-0.0771583;0.0330254;-0.086336;-0.335823;0.483711;-0.586329;0.0748084;0.173126;0.0279078;0.116736;0.0974814;-0.0267833;0.133445;0.11469;0.0850381;0.0951423;0.0680258;-0.00672605;0.722925;0.291241;0.90884;0.724049;0.777367;0;
43;-0.0908515;0.0524123;-0.108197;-0.313797;0.477767;-0.574288;0.0126035;0.170898;-0.036799;0.143214;0.0943655;0.0596558;0.17294;0.0669779;0.101301;0.0910896;0.118401;-0.00392835;0.867046;0;0.886177;0.748102;0.963822;0;
44;-0.0877985;0.0598588;-0.103826;-0.38455;0.347587;-0.54013;-0.0908798;0.202398;-0.101392;0.186233;0.0686392;0.137434;0.118926;0.0391144;0.119526;0.0609625;0.227149;-0.00229439;0.793562;0;0.74141;0;1;0;
45;-0.0752127;0.0653745;-0.0849257;-0.391755;0.325197;-0.482986;-0.11312;0.229534;-0.0952065;0.220094;0.0601541;0.191595;0.118075;0.0228422;0.116774;0.035601;0.248173;-0.00134057;0.861118;0;1;0;1;0;
46;-0.0683506;0.0556853;-0.0671057;-0.351328;0.216473;-0.404607;-0.130905;0.246529;-0.0576244;0.241016;0.0382551;0.224373;0.105841;0.0133389;0.164843;0.0207906;0.222081;-0.000783078;0.867727;0;0.958632;0;1;0;
47;-0.0511757;0.041869;-0.0485416;-0.270615;0.187618;-0.301731;-0.158335;0.255255;-0.0703677;0.252036;0.0598488;0.242316;0.0689188;0.00778923;0.145843;0.012141;0.250737;-0.00045782;0.966353;0;1;0;1;0;
48;-0.0364454;0.022703;-0.0266031;-0.145801;0.0973345;-0.163973;-0.158807;0.250622;-0.0250126;0.253182;0.0348189;0.250244;0.0622081;0.0045482;0.197489;0.00708984;0.22246;-0.000267753;0.990233;0;1;0;1;0;
49;-0.0239539;-0.00280825;5.53658e-05;0.0273124;-0.0555951;0.0166981;-0.196268;0.236291;0.00842214;0.239544;0.0261463;0.237975;0.036332;0.00265543;0.250311;0.00414011;0.23775;-0.000156681;0.960527;0;1;0;1;0;
50;-0.0201428;-0.0309124;-0.0150727;0.209665;-0.0728319;0.214653;-0.16555;0.212363;0.0343297;0.211824;0.00812291;0.216261;0.0346634;0.00155014;0.246312;-0.0437548;0.219719;-9.17413e-05;0.960388;0;1;1;0.581646;0;
51;0.016944;-0.0532245;0.0103459;0.234608;-0.0624248;0.375691;-0.145106;0.184272;0.058038;0.185853;0.00653904;0.208665;0.0292406;0.000904608;0.251744;-0.0255585;0.189767;-5.39421e-05;0.704131;0.507306;1;1;0.442294;0;
52;0.03307;-0.0676348;0.0206594;0.260532;-0.0933659;0.481224;-0.128554;0.181962;0.0767501;0.17544;0.00834432;0.187101;0.0196652;0.00961091;0.224516;-0.0164032;0.156698;-3.1943e-05;0.470024;0.472027;1;1;0.361869;0;
53;0.0567187;-0.110065;-0.0156133;0.285517;-0.128332;0.542873;-0.1195;0.169748;0.0950915;0.146879;0.0141688;0.153688;0.0114841;0.0474341;0.181165;-0.0351319;0.11516;-1.90758e-05;0;0.403872;1;1;0.174513;0;
54;0.0699655;-0.0993175;0.00531961;0.420077;-0.310281;0.57493;-0.0869847;0.116335;0.0805189;0.116111;-0.00606046;0.106948;0.00670654;0.0615103;0.105819;0.0156909;0.0672572;-1.13711e-05;0;0.199399;1;0.963581;1;0;
55;0.166132;-0.0749029;0.1046;0.242705;-0.192773;0.210526;-0.0716412;0.0879058;0.0270643;0.123544;0.0757867;0.0824217;0.0039162;-0.0268893;0.0668692;0.079992;0.0557589;-6.70267e-06;0;0.777337;0.426717;0.304979;1;0;
56;0.21563;-0.101317;0.100287;0.219755;-0.150139;0.00434859;-0.105984;0.10827;-0.0483297;0.182825;0.0305507;0.112275;0.00228684;-0.100266;0.0846467;0.0467176;0.156942;-4.22701e-06;0;0.891513;0.761542;0.471918;0.984595;0;
57;0.156416;-0.171095;0.0890549;0.358537;-0.301082;0.215933;0.0354435;-0.0165024;0.0691177;0.00945633;0.115184;-0.0317695;0.00133562;0.182716;0.0494348;0.0737575;0.0916548;0.0334595;0;1;0;0.34424;0;1;
58;0.180625;-0.18596;0.140738;0.241623;-0.109376;0.0448714;-0.0893835;0.100447;-0.0654344;0.115606;-0.0264387;0.0915326;0.000779632;0.106709;0.131681;0.0553552;0.225058;-0.0351499;0;0;1;0.576337;1;0;
59;0.158269;-0.176525;0.114493;0.137399;-0.179418;-0.041722;-0.164706;0.171168;-0.0677569;0.180033;-0.0165543;0.165963;-0.000338958;0.0623175;0.127954;0.0422006;0.231343;-0.0205277;0.595716;0;1;0.908383;1;0;
60;0.104263;-0.12875;0.0818529;0.115556;-0.229427;0.0584667;0.0155573;0.00627125;0.0721836;-0.00657693;0.102076;-0.0148252;-0.0129268;0.272217;0.0688037;0.191066;0.132087;-0.011989;0;0.989064;0.824324;0.780481;0;0;
61;0.0667178;-0.0810201;0.0627586;0.130836;-0.128499;0.0283168;-0.100502;0.113244;-0.0674019;0.105743;-0.0182516;0.100934;-0.00754955;0.158977;0.123478;0.111575;0.21419;-0.0401889;0;0;1;0.568976;1;0;
62;0.0270287;-0.0872118;0.0126307;-0.00712833;0.00850069;-0.0670085;0.0470038;0.0109686;0.0663447;-0.00496805;0.0950351;-0.0467535;-0.00440962;0.204517;0.0751095;0.196079;0.125093;-0.0234711;0;1;0;0.890191;0;0;
63;-0.0103988;-0.0686031;-0.0165572;-0.167069;0.188245;-0.222429;0.126021;0.041423;0.137324;-0.0537626;0.154071;-0.125877;-0.00257566;0.209172;0.104761;0.130524;0.0730545;-0.0700737;0;0.742233;0.503622;0.547352;0;1;
64;-0.127325;0.0811791;-0.12996;0.0236611;-0.0113026;-0.00864872;-0.0129105;0.110693;-0.00630562;0.0551101;0.00352938;0.0129942;-0.00150446;0.122158;0.0558253;-0.0871396;0.0426697;-0.0409245;0;0;1;1;0;0;
65;-0.111562;0.0942847;-0.152301;-0.246584;0.253803;-0.265471;0.0627285;0.0054658;0.149179;-0.0380691;0.0722988;-0.062685;-0.00572107;0.0942411;0.0879759;0.0737671;0.0249219;-0.023901;0;1;0.948957;0.902946;0;0;
66;-0.102632;0.0690142;-0.148011;-0.361971;0.410575;-0.417392;0.0872747;-0.000618581;0.189766;0.0223836;0.0928652;-0.0872524;-0.00334124;0.0673035;0.0876226;0.121794;0.0145537;-0.0139583;0;0.742414;0.549549;0.0362557;0;0;
67;-0.177245;0.169937;-0.217317;-0.0818261;0.110182;-0.114131;0.0254173;0.0251938;0.0852683;0.0345453;0.0286805;-0.0254029;-0.00195154;0.039305;-0.0979906;0.0502244;0.0085005;-0.00815212;0.793675;0;1;1;0;0;
68;-0.165359;0.135388;-0.163054;-0.255531;0.238724;-0.319663;-0.0243442;0.00806669;0.102599;0.0875062;0.0115458;-0.0061846;-0.0512956;0.0229546;-0.0565769;0.0186754;-0.0328921;-0.00476156;1;0;1;0.48139;0.959143;0;
69;-0.127755;0.113602;-0.129812;-0.379828;0.377382;-0.428426;-0.0394872;0.0568092;0.00783373;0.103203;-0.0114672;0.0484865;0.0589252;0.0134047;0.0748796;-0.0166827;-0.027227;-0.00278069;0.564322;0;1;0;1;0;
70;-0.102828;0.0979426;-0.108029;-0.415971;0.428956;-0.471394;-0.113432;0.123561;-0.0857967;0.150653;-0.0318215;0.118701;0.0689284;0.00782792;0.055313;-0.0174366;0.13542;-0.00162422;0.720057;0;1;0.416862;0.833225;0;
71;-0.0889807;0.0842009;-0.0900915;-0.42916;0.382648;-0.46431;-0.158778;0.180264;-0.117604;0.196086;-0.0236464;0.177426;0.0655156;0.00457108;0.0860493;-0.0101837;0.156695;-0.000948979;0.910764;0;1;0.228987;1;0;
72;-0.0782526;0.0703744;-0.0738153;-0.399035;0.323994;-0.419562;-0.183527;0.217597;-0.112548;0.226837;-0.0257456;0.215939;0.0541194;0.0026689;0.10112;-0.00594758;0.159268;-0.000554608;0.822168;0;1;0;1;0;
73;-0.0641815;0.0552202;-0.0572311;-0.331885;0.288059;-0.343873;-0.191644;0.239196;-0.101277;0.244593;-0.030157;0.238229;0.0461473;0.00155799;0.117457;-0.00347383;0.152279;-0.00032431;0.89295;0;1;0;1;0;
74;-0.0521733;0.0370478;-0.0382229;-0.227415;0.201823;-0.234416;-0.216652;0.250006;-0.0819439;0.253158;-0.03182;0.249441;0.0269574;0.000909215;0.133754;-0.00202911;0.150592;-0.000189825;0.908414;0;1;0;1;0;
75;-0.0420787;0.0137426;-0.0150059;-0.0775613;0.0626249;-0.0816505;-0.233535;0.246989;-0.0316259;0.247574;-0.046474;0.2484;0.0140258;0.000530348;0.181357;-0.00118537;0.128243;-0.000111229;0.959793;0;1;0;1;0;
76;-0.00416181;-0.0145698;-0.00617611;0.0374063;0.0207231;0.110478;-0.232074;0.22551;-0.0157138;0.222022;-0.0406929;0.222233;-0.0164853;0.000308982;0.169855;0.0148203;0.128276;-6.51622e-05;0.882647;0;1;1;1;0;
77;0.030625;-0.0415689;0.0119785;0.037891;-0.00472227;0.295933;-0.227456;0.202896;0.0125422;0.210245;-0.0367671;0.20262;-0.00962846;0.000179918;0.181789;0.0144626;0.0945917;-3.86166e-05;0.617962;0;1;1;1;0;
78;0.0488662;-0.0611262;0.0236858;0.059984;0.00442113;0.430771;-0.207897;0.19355;0.0449014;0.196253;-0.039273;0.193389;-0.0103028;0.000104382;0.165232;0.00844679;0.0712355;-2.27485e-05;0.599408;0;1;1;1;0;
79;0.0419598;-0.0732047;0.022664;0.0466237;-0.0324214;0.514117;-0.177875;0.16949;0.0830373;0.17107;-0.0428451;0.169396;-0.0309019;6.04211e-05;0.166004;0.0125793;0.0416117;-1.37264e-05;0.516139;0;1;1;1;0;
80;0.0451142;-0.0802519;0.00556334;0.0459669;-0.0468071;0.560676;-0.137098;0.132195;0.115562;0.133862;-0.0412452;0.13214;-0.0320211;0.00338495;0.127247;0.0323024;0.0243017;-8.29708e-06;0;0.219283;1;1;0.755371;0;
81;0.0627914;-0.0825603;0.00434389;0.14905;-0.233245;0.582542;-0.0819204;0.0790655;0.104564;0.0912191;-0.0388877;0.0790223;-0.0187003;0.0666757;0.0743222;0.0465623;-0.0240287;-4.8657e-06;0;0.424486;1;1;0.233406;0;
82;0.159444;-0.0450401;0.0885763;-0.0357079;-0.0134441;0.217476;-0.125307;0.0504167;0.0213678;0.144077;-0.0130911;0.0836159;-0.0109218;0.0147872;0.0434106;-0.0368054;0.00781702;-2.99918e-06;0;0.82696;1;0;1;0;
83;0.208828;-0.0993842;0.094916;-0.13487;0.106172;0.0129978;-0.133664;0.111095;-0.0691603;0.165793;-0.0584181;0.130484;0.00757608;-0.0375035;0.0949429;-0.0214941;0.0822276;-1.95594e-06;1;0.367003;1;0;1;0;
84;0.150372;-0.0990471;0.0927751;0.119141;-0.136839;0.214822;0.0270431;-0.0402246;0.0647284;-0.00827848;0.0709985;-0.0289123;-0.00315721;0.105351;-0.00941076;0.0719427;0.0407223;0.0571486;0;1;0.656594;0.956673;0;0.860737;
85;0.11072;0.00519309;0.0770837;0.22463;-0.240238;0.296111;0.127636;-0.0252202;0.149644;-0.116662;0.153306;-0.120483;-0.00184412;0.160264;-0.00549621;0.062543;0.0237815;0.105494;0;1;0;0.681477;0;1;
86;0.121507;-0.0468767;0.0587939;0.0743484;-0.0954956;0.116098;-0.0378391;0.0976436;-0.0249615;0.0442498;-0.0228415;0.0420145;-0.00107754;0.0935897;0.180681;-0.0498224;0.102899;-0.0695063;0;0;1;0.867345;0.864005;0;
87;0.0789696;-0.0542064;0.0059946;0.0677293;-0.0697756;0.0409695;-0.133036;0.167963;-0.117446;0.136787;-0.0472411;0.135476;-0.012842;0.0546555;0.105551;-0.025595;0.203707;-0.0405927;0.795643;0;1;0.527543;0.136414;0;
88;0.0420729;-0.0422364;-0.00557409;0.0112164;-0.012419;-0.00440353;0.0304215;0.00136202;0.0395245;-0.0282119;0.0805266;-0.0289992;-0.0188279;0.22735;0.0447714;0.148554;0.118968;-0.0237071;0;0.821631;0;0.704573;0;0;
89;0.00591642;-0.00897348;-0.00798205;-0.115134;0.123324;-0.13316;0.12079;0.013252;0.126109;-0.0198297;0.150053;-0.119953;-0.0109962;0.191259;0.0287094;0.15088;0.0694779;0.0205617;0;0.878001;0;1;0;1;
90;-0.10478;0.102989;-0.0716605;0.0264302;0.00119746;0.0304713;-0.0232378;0.101515;-0.0201227;0.0821971;-0.00615338;0.0237284;-0.0064223;0.0957544;0.0363529;0.0275373;0.0945848;0.0120081;0;0;1;1;0.663454;0;
91;-0.0974679;0.0059456;-0.153587;-0.229232;0.250305;-0.236125;0.06604;0.0219976;0.0678719;0.0156839;0.0760229;-0.0657599;-0.00905681;0.173043;0.0603755;0.158847;0.0536443;0.00741475;0;0.399588;1;0.630455;0.207839;1;
92;-0.188064;0.134614;-0.220835;-0.190388;0.153173;-0.00677274;-0.0233688;0.0747806;-0.022282;0.159217;0.0681129;0.023532;-0.00528972;0.101055;0.0503779;0.0920796;0.154825;0.00544874;0;0;1;0.609307;0.6541;0;
93;-0.150319;0.120377;-0.178492;-0.292834;0.268892;-0.265303;0.0266136;0.0988022;0.119965;0.0554299;0.054947;-0.0265238;-0.00785258;0.209654;0.0689116;0.122441;0.0904184;0.00318203;0.647053;0.460984;0.931485;0.991152;0.17244;0;
94;-0.124486;0.121447;-0.173784;-0.281684;0.317724;-0.411832;0.0408285;0.134668;0.142458;0.048749;0.0610857;-0.0423904;0.00360684;0.170153;0.0575358;0.0715044;0.0528041;0.00185835;0.390342;0.0875145;1;1;0.204276;0;
95;-0.109069;0.125951;-0.157271;-0.303003;0.306009;-0.489294;0.00787833;0.145253;0.115709;0.0668211;0.0337368;0.00270065;0.0547811;0.0993832;0.135972;0.0417507;0.0591824;0.00108509;0.670653;0.267783;1;0.848204;0.641129;0;
96;-0.0638189;0.106976;-0.133032;-0.344692;0.3835;-0.519692;-0.0667063;0.156149;0.00731585;0.110344;0.0369397;0.0728991;0.0840987;0.0580387;0.130954;0.0143206;0.180827;0.00063337;0.811329;0;1;0.495278;0.660197;0;
97;-0.0466416;0.0921935;-0.129659;-0.380008;0.397105;-0.512158;-0.114383;0.192037;-0.0531127;0.165288;0.0728558;0.14342;0.0986179;0.0338939;0.135349;0.00488379;0.204312;0.000369552;0.68771;0;1;0.40614;0.876632;0;
98;-0.0387987;0.0783655;-0.121595;-0.385681;0.338311;-0.47077;-0.148055;0.223094;-0.0624403;0.207471;0.0552158;0.194702;0.0815896;0.0197933;0.1493;-0.00361022;0.243075;0.000215389;0.771891;0;1;0;0.99416;0;
