1;-0.000363588;0.000116065;9.94839e-05;-0.000363588;0.000116065;9.94839e-05;0.0349769;0.0347456;0.0352595;0.0349769;0.0347456;0.0352595;0.808667;0.808665;0.808666;0.808667;0.808665;0.808666;0;0;0;0;0;0;
2;0.00675926;0.0182172;0.0145887;-0.0247174;-0.00717864;-0.0133328;0.117121;0.187154;0.146728;0.341792;0.0455035;0.0740918;0.472347;0.472381;0.472424;0.472418;0.472309;0.472308;1;1;1;1;1;1;
3;0.0071024;0.00636603;0.0147702;-0.0243802;-0.00774623;-0.0102551;0.0770012;0.143676;0.189937;0.219456;0.0368314;0.210482;0.275862;0.275889;0.275931;0.275936;0.275832;0.275872;0;0.016407;0;0.170367;0;0.669818;
4;-0.00423947;0.0595942;0.0478664;-0.0380274;-0.0119473;-0.0337436;0.0598893;0.213625;0.227274;0.134251;0.0821418;0.210892;0.161107;0.165792;0.220614;0.16116;0.161096;0.243784;0.351605;0.897272;0.990472;1;0;0.710716;
5;-0.00529144;0.0365046;0.029152;-0.0242474;-0.000807486;-0.0224257;0.0347189;0.17667;0.22574;0.108107;0.0553002;0.203317;0.0940863;0.144407;0.230463;0.0941343;0.0940868;0.235042;0;0;0.969678;0.432608;0;0.755337;
6;-0.00198323;0.0244116;0.018172;-0.0128334;0.00717047;-0.0128589;0.0196159;0.164862;0.215588;0.120543;0.05902;0.214997;0.0549453;0.154371;0.22649;0.0655699;0.0635647;0.230692;0;0.195171;1;0.618557;0.0179799;0.707397;
7;-0.000661514;0.02162;0.0177086;0.0040233;0.0233218;0.00208949;0.00647727;0.147773;0.223607;0.11027;0.0484891;0.205462;0.0320875;0.129758;0.215945;0.0515653;0.0523086;0.235569;0;0.00165217;1;0.613125;0.319311;0.641129;
8;-0.0032438;0.0218383;0.0174765;0.00197714;0.0187606;-0.000712758;-0.0261391;0.151281;0.218193;0.11076;0.0486564;0.211692;0.0187387;0.115796;0.216214;0.0587087;0.0565769;0.228369;0;0.428712;1;0.578965;0.230132;0.677067;
9;-0.00233881;0.0189009;0.0149216;0.00225586;0.0188943;-0.000305276;-0.0208318;0.151756;0.219313;0.108393;0.0447718;0.210578;0.010943;0.118544;0.215345;0.054938;0.0557003;0.223254;0;0.33434;1;0.628801;0.303838;0.750755;
10;-0.00686312;0.0210208;0.0165034;0.00271784;0.0191035;-0.000273729;-0.0257176;0.153766;0.218306;0.110672;0.0439643;0.210683;0.00639048;0.11526;0.215304;0.0520654;0.0557637;0.218218;0;0.332325;1;0.6298;0.338019;0.754251;
11;-0.013115;0.0217714;0.016647;0.00331145;0.0192076;0.000348462;-0.0282201;0.153068;0.213195;0.113092;0.0435406;0.213364;0.00373177;0.110562;0.215004;0.0516991;0.0587935;0.2152;0;0.251912;1;0.64192;0.354345;0.731934;
12;-0.0159594;0.0216942;0.0157545;0.00789259;0.0234187;0.00428735;-0.0315333;0.154505;0.211304;0.112331;0.0400283;0.213317;0.00217911;0.108213;0.214439;0.0462964;0.0594897;0.211937;0;0.0561713;1;0.639613;0.377093;0.736322;
13;-0.0247787;0.0224725;0.0139848;0.0106933;0.025201;0.0070168;-0.0338946;0.138982;0.208287;0.110864;0.0402263;0.215798;0.00127234;0.0964049;0.207388;0.0497636;0.0629986;0.213851;0;0.108638;1;0.635995;0.40688;0.720327;
14;-0.0399678;0.0237132;0.0117459;0.0196982;0.0349809;0.0151545;-0.0293942;0.138612;0.218003;0.102452;0.0301595;0.206385;0.000742834;0.0976304;0.212661;0.0301854;0.051154;0.202744;0;0.278447;1;0.683657;0.322747;0.768324;
15;-0.0614229;0.0340362;0.0136974;0.0337799;0.0389692;0.0285875;-0.0183023;0.120584;0.21346;0.0919845;0.03443;0.206477;0.000433633;0.0929152;0.206448;0.036912;0.0438935;0.208136;0;0.268167;1;0.631553;0.158706;0.718716;
16;-0.0873878;0.0481117;0.0169323;0.0620415;0.0101351;0.0503663;0.000745661;0.105548;0.221608;0.0616321;0.0389929;0.194223;0.000253011;0.0969449;0.19263;0.0358091;0.025635;0.221682;0;0.17386;1;0.754661;0.169846;0.618693;
17;-0.113501;0.0536732;0.0156491;0.0987008;-0.0565474;0.0879093;0.0333126;0.0917333;0.25147;0.0051435;0.0556486;0.153323;0.000147526;0.136686;0.181748;0.0349955;0.0149704;0.243461;0;0.188285;1;0.635649;0;0.724834;
18;-0.133024;0.0555973;0.0176141;0.124383;-0.099764;0.106765;0.0810195;0.0803897;0.277045;-0.0525598;0.0940635;0.121956;8.58613e-05;0.168408;0.158559;0.0611498;0.00874229;0.271998;0;0.209066;0.783983;0.41767;0;0.858684;
19;-0.138748;0.064924;8.77313e-05;0.127389;-0.119019;0.0969226;0.135098;0.071052;0.308534;-0.118471;0.142716;0.083624;4.98174e-05;0.217553;0.123273;0.0451972;0.0051051;0.270434;0;0.717592;0.45203;0.433968;0;1;
20;-0.123821;0.239077;-0.0370299;0.117187;-0.114169;-0.000492025;0.18102;0.0515532;0.292875;-0.171309;0.185469;0.00919196;2.849e-05;0.225342;0.0719982;0.0297084;0.00298109;0.202994;0;0.629056;0;0;0;1;
21;-0.0845362;0.215012;-0.059078;0.0749412;-0.0788971;-0.0475294;0.212036;0.052843;0.27736;-0.196352;0.214635;-0.0199611;1.63842e-05;0.245296;0.0420462;0.00308598;0.00174043;0.182666;0;0.239781;0;0.836612;0;1;
22;-0.0173935;0.0936113;-0.00252584;0.0117836;-0.0141;-0.0789388;0.228847;0.046709;0.266996;-0.219686;0.230365;0.0079096;9.13663e-06;0.227364;0.0245542;0.00324867;0.00101581;0.216036;0;0.57657;0;0.752497;0;1;
23;0.072493;-0.0272795;0.0811758;-0.0757837;0.0744173;-0.128745;0.228888;0.0553105;0.255386;-0.227758;0.229957;0.0219057;4.86072e-06;0.230087;0.014339;-0.0271774;0.000592687;0.230231;0;0.468368;0;0.938013;0;1;
24;0.159589;-0.0823582;0.164659;-0.164959;0.160712;-0.191394;0.210955;0.0582413;0.237845;-0.196573;0.222173;0.0444806;2.35584e-06;0.207331;0.00837332;-0.0300415;0.000345644;0.230884;0;0.499035;0;1;0;1;
25;0.222472;-0.0929665;0.225433;-0.233081;0.223128;-0.241035;0.196442;0.0624211;0.212145;-0.156207;0.202993;0.0659581;8.58396e-07;0.173953;0.0048894;-0.0209811;0.000201278;0.218921;0;0.606541;0;1;0;1;
26;0.261117;-0.136151;0.251031;-0.294453;0.2615;-0.271958;0.169056;0.082861;0.178229;-0.142203;0.172882;0.0928525;6.34616e-08;0.154179;0.0122714;-0.0193794;0.000117008;0.20632;0;0.640759;0.410073;1;0;0.934589;
27;0.282486;-0.133514;0.260283;-0.307055;0.28271;-0.288748;0.129189;0.0796955;0.136127;-0.108786;0.131424;0.125345;-4.63999e-07;0.116598;0.0441025;-0.0128228;6.78974e-05;0.188441;0;0.427469;0.653675;1;0;0.864014;
28;0.29215;-0.148601;0.261782;-0.328113;0.292281;-0.314885;0.0735231;0.0882163;0.108309;-0.0616052;0.0748283;0.161781;-6.44113e-07;0.068106;0.0716955;-0.0304854;3.92699e-05;0.156312;0;0.203287;0.995228;1;0;0.692399;
29;0.304235;-0.208896;0.317616;-0.312041;0.271674;-0.323118;-0.0013454;0.0957993;0.0678082;0.00830257;0.0214689;0.204892;0.00622085;0.0397731;0.126027;-0.0429476;0.0751498;0.0973546;0.0788182;0.250878;1;0.661081;0.582779;0.446592;
30;0.292907;-0.234808;0.265903;-0.295042;0.319189;-0.301217;-0.0858578;0.141017;-0.0412201;0.089919;0.0109256;0.226522;0.0239076;0.0232271;0.112334;-0.0327653;0.13836;0.0568563;0;0;1;0;1;0;
31;0.237592;-0.236465;0.172267;-0.284438;0.293293;-0.273568;-0.156494;0.188712;-0.129019;0.158862;-0.000665787;0.238646;0.0315971;0.0135641;0.0779951;-0.0623196;0.192246;0.0332031;0.576736;0;1;0.0487789;1;0;
32;0.215604;-0.216094;0.151445;-0.244111;0.249278;-0.237763;-0.179813;0.222268;-0.115051;0.204836;-0.0125386;0.251429;0.0607587;0.0079209;0.0941561;-0.0363949;0.170084;0.0193898;0.614034;0;1;0;1;0;
33;0.180082;-0.180372;0.115054;-0.196733;0.19975;-0.193026;-0.182609;0.242103;-0.111077;0.231923;-0.0241191;0.259133;0.0555008;0.00462508;0.0995927;-0.0212548;0.161107;0.0113231;0.587743;0;1;0;1;0;
34;0.128404;-0.128572;0.0720782;-0.138127;0.139891;-0.135962;-0.194995;0.252109;-0.121366;0.246164;-0.0201141;0.256325;0.0341927;0.0027005;0.0886713;-0.0124132;0.167381;0.00661204;0.617405;0;1;0;1;0;
35;0.0559625;-0.0560537;0.0226855;-0.0616342;0.0626704;-0.0603698;-0.186787;0.248759;-0.0989037;0.249889;-0.0366238;0.246858;0.0390121;0.00157648;0.109186;-0.0072497;0.139667;0.0038609;0.677744;0;1;0;1;0;
36;-0.0377928;0.0377462;-0.0572425;0.0344869;-0.0338729;0.0352253;-0.185416;0.228783;-0.0948155;0.236;-0.0316293;0.233195;0.0270792;0.000920028;0.106735;-0.00423421;0.135238;0.0022543;0.725229;0;1;0;1;0;
37;-0.1333;0.133275;-0.144665;0.131372;-0.131001;0.131803;-0.15618;0.205992;-0.0716379;0.210442;-0.0283034;0.204203;0.0161428;0.000536797;0.10851;-0.0024731;0.118959;0.00131595;0.837193;0;1;0;1;0;
38;-0.205661;0.205644;-0.212296;0.204532;-0.204302;0.204784;-0.125645;0.198263;-0.0479058;0.200861;-0.01281;0.197219;0.0103167;0.000312917;0.108642;-0.0014448;0.0950833;0.000768093;0.948525;0;0.924097;0;1;0;
39;-0.251335;0.251319;-0.255201;0.25067;-0.249537;0.250817;-0.0905802;0.175736;-0.0173303;0.177253;0.0013218;0.175126;0.00602445;0.000182243;0.10012;-0.000844211;0.0649235;0.000448106;1;0;0.834941;0;1;0;
40;-0.277311;0.277296;-0.279563;0.276916;-0.262677;0.277002;-0.0618843;0.140354;0.00721075;0.14124;0.0253311;0.139998;-0.0170291;0.000105919;0.0696217;-0.000493401;0.0379226;0.000261328;1;0;0.742761;0;1;0;
41;-0.291814;0.290075;-0.291505;0.289854;-0.280821;0.284981;-0.0388351;0.0900184;0.0471744;0.0905355;0.0286131;0.0898127;-0.0198345;6.1508e-05;0.040665;-0.000288613;0.0221448;0.0115076;1;0;0.70286;0;0.988109;0.408159;
42;-0.300204;0.267178;-0.306137;0.286936;-0.294301;0.287963;0.00925122;0.0447739;0.0787738;0.0209415;0.0436463;0.0241477;-0.0231434;0.0627712;0.0237505;0.0126231;-0.0309225;0.0564419;0.967522;1;0.362489;0.184755;0.513198;1;
43;-0.291256;0.266105;-0.29472;0.2437;-0.287808;0.251524;0.0806985;0.0238735;0.121301;-0.0630638;0.100786;-0.059773;-0.0227884;0.127904;0.0138698;0.0461783;-0.0180591;0.0666967;0;0.895281;0;0.282207;0;1;
44;-0.272467;0.186984;-0.27449;0.205258;-0.270453;0.209936;0.149723;0.00586088;0.173434;-0.13941;0.161453;-0.113463;-0.0133086;0.182421;0.00809952;0.0698498;-0.010547;0.0784552;0;0.702423;0;0.353676;0;1;
45;-0.242895;0.160137;-0.244077;0.166532;-0.24172;0.174871;0.198772;0.00312073;0.212619;-0.153758;0.205623;-0.137334;-0.00777278;0.198295;0.0047295;0.066735;-0.00615983;0.0772297;0;0.850669;0;0.474782;0;1;
46;-0.203122;0.124492;-0.203812;0.153948;-0.202435;0.160454;0.228564;-0.00390991;0.236651;-0.162671;0.232565;-0.122776;-0.00453965;0.18462;0.00276156;0.075419;-0.00359784;0.0843758;0;0.859095;0;0.469711;0;1;
47;-0.151343;0.104475;-0.151746;0.122625;-0.19022;0.130906;0.244764;-0.0145855;0.249487;-0.154951;0.247099;-0.113195;-0.00265165;0.177391;0.00161221;0.073451;0.00270505;0.0787441;0;0.784392;0;0.550117;0.32525;1;
48;-0.0822636;0.0548858;-0.0824989;0.0655008;-0.213817;0.0879345;0.251562;-0.0193025;0.252632;-0.154431;0.248022;-0.102692;-0.00154901;0.169528;0.000941063;0.0661014;0.0224082;0.0741432;0;0.893002;0;0.51908;0.336707;1;
49;0.00819206;-0.0241894;0.00805472;-0.0116124;-0.252967;0.0234921;0.234113;-0.00901456;0.235477;-0.161387;0.237144;-0.100721;-0.000905092;0.166655;0.000549035;0.0480968;0.0416096;0.0649262;0;0.879053;0;0.48788;0.678803;1;
50;0.000279762;-0.0819542;0.107159;-0.0704516;-0.285021;-0.0358567;0.213637;0.00076239;0.219438;-0.153568;0.238573;-0.0835886;0.00485933;0.155983;0.000320141;0.0389494;0.0628943;0.0482003;1;0.868044;0;0.537549;0.987328;1;
51;0.0217366;-0.0764949;0.187749;-0.11506;-0.241724;-0.00266252;0.207039;0.000787898;0.21052;-0.148832;0.23052;-0.0668835;0.0118794;0.135149;0.00018641;0.0344307;0.0781301;0.0562031;1;0.776757;0;0.497289;1;1;
52;0.0616269;-0.0494994;0.240556;-0.17865;-0.141404;0.0864015;0.186155;-0.00152728;0.188185;-0.137562;0.23216;-0.00394769;0.0186658;0.0791485;0.000108467;0.0201091;0.110466;0.0666624;1;1;0;0.428571;0.767965;1;
53;0.0736905;-0.0420304;0.260745;-0.235252;-0.132922;0.0830311;0.15314;-0.00198512;0.154325;-0.12476;0.224293;0.0232308;0.0274444;0.0513305;0.0166944;0.0117435;0.143245;0.054512;0.996007;1;0.329192;0;0.656606;1;
54;0.0691573;-0.0563136;0.254815;-0.266333;-0.139428;0.0656652;0.113283;-0.006975;0.114836;-0.0900562;0.216461;0.0496777;0.051761;0.0299826;0.0452966;0.00685799;0.177038;0.0365061;1;0.574733;0.60397;0;0.881876;1;
55;0.129885;-0.121247;0.314469;-0.280817;-0.0925343;0.107188;0.0514255;0.0113581;0.0959057;-0.0326302;0.190164;0.086598;0.0961729;0.00423969;0.0840317;0.00400494;0.228127;0.0213179;0.740746;0.223586;1;0;0.536743;1;
56;0.16426;-0.189418;0.34386;-0.282709;-0.11891;0.0754401;-0.0206167;0.0707759;0.0406702;0.0450872;0.170753;0.114718;0.11123;0.00247571;0.134122;0.00233852;0.302315;0.00359295;0.84968;0;0.823827;0;0.304956;1;
57;0.134526;-0.217325;0.325658;-0.271807;-0.132684;0.0492147;-0.0791339;0.138678;-0.0252685;0.123677;0.179139;0.164338;0.134856;0.0014454;0.148579;0.00136551;0.352865;-0.00351681;0.625353;0;1;0;0.552865;0.560717;
58;0.109159;-0.225607;0.346778;-0.248013;-0.000675377;-0.0519057;-0.0632372;0.191072;-0.101498;0.182312;0.0889103;0.206058;0.162444;-0.00468435;0.116188;0.00508988;0.296564;-0.00205377;0.948034;0;0.616139;0;0;0;
59;0.0516329;-0.199679;0.308893;-0.212765;0.0640298;-0.0982384;-0.0641739;0.224093;-0.120677;0.218977;0.0499814;0.232845;0.209979;-0.00273609;0.0767134;0.002972;0.237975;-0.0012001;0.72046;0;1;0;0.0146921;0;
60;-0.0187798;-0.158029;0.227648;-0.165671;-0.0262168;-0.114488;-0.108824;0.24262;-0.159561;0.239632;0.0382665;0.24634;0.14655;-0.00159845;0.0567642;0.00173535;0.172472;-0.000701168;1;0;1;0;0.920512;0;
61;-0.105826;-0.0981176;0.138795;-0.10258;-0.0718743;-0.072689;-0.0951774;0.248247;-0.184884;0.248583;0.0144056;0.247909;0.113098;-0.000933923;0.0370201;0.00101273;0.180307;-0.000410046;1;0;1;0;0.765567;0;
62;-0.179453;-0.0155273;0.0393006;-0.0277383;-0.0739066;-0.000676452;-0.0529355;0.240921;-0.175748;0.237821;-0.0271146;0.2409;0.178822;-0.00054614;0.0368015;-0.00979998;0.164826;-0.000239804;1;0;1;0.364704;0.831124;0;
63;-0.265552;0.0825761;-0.0686701;-0.0464222;-0.107451;0.0912497;-0.0381585;0.222163;-0.201206;0.254307;-0.0133514;0.222484;0.172827;-0.000319537;0.0166117;-0.00723749;0.184276;-0.000140527;0.931299;0;1;0.886104;0.765074;0;
64;-0.324899;0.169477;-0.158558;-0.0376535;-0.105108;0.174543;-0.0145886;0.188918;-0.185594;0.249283;-0.00606886;0.212314;0.173974;-0.000187082;-0.052639;-0.00422872;0.191946;-8.24848e-05;0.766135;0;1;1;0.395547;0;
65;-0.356407;0.22919;-0.219758;0.0567814;-0.0934597;0.232149;-0.00565474;0.151824;-0.241186;0.239712;-0.0257942;0.19426;0.145274;-0.000109829;-0.126128;0.0113006;0.155076;-4.84995e-05;0.916955;0;1;1;0.166464;0;
66;-0.352441;0.265027;-0.215716;0.151222;-0.161647;0.266755;0.0169401;0.139306;-0.261852;0.200587;-0.0534144;0.164088;0.130398;-6.45782e-05;-0.178234;0.0284754;0.0905686;-2.88417e-05;0.721569;0;1;0.904051;0.0126781;0;
67;-0.33919;0.284412;-0.198204;0.154766;-0.220689;0.285421;0.0763145;0.10691;-0.201949;0.14271;-0.0726666;0.121382;0.136095;-3.81281e-05;-0.18187;0.0169071;0.0528914;-1.73975e-05;0.70719;0;1;1;0;0;
68;-0.327345;0.292603;-0.186422;0.128429;-0.255389;0.293192;0.154327;0.0537805;-0.115945;0.0746956;-0.0337853;0.0622317;0.131129;-2.25974e-05;-0.179787;0.00987205;0.0308884;-1.05287e-05;0.727461;0;1;1;0;0;
69;-0.315764;0.273517;-0.177517;0.116041;-0.27002;0.29563;0.21968;-0.0202925;-0.0268664;-0.00846975;0.0323672;-0.015758;0.129592;0.0835981;-0.186437;0.0147305;0.0180389;-6.34155e-06;0.325561;0.78622;1;1;0;0;
70;-0.299215;0.225527;-0.181775;0.136008;-0.268288;0.283245;0.217298;-0.0809855;0.0746756;-0.095326;0.109287;-0.0995909;0.0756821;0.14961;-0.167195;-0.0583847;0.010534;-4.12125e-06;0;0.278865;1;0.963225;0;0;
71;-0.269249;0.225489;-0.118566;0.156321;-0.251188;0.259922;0.235006;-0.139461;0.151714;-0.163782;0.171929;-0.166268;0.044197;0.111954;-0.0976605;-0.0893966;0.00615154;-2.45389e-06;0;0;1;0.994604;0;0;
72;-0.231445;0.195458;-0.0909803;0.11548;-0.220897;0.229692;0.249566;-0.14258;0.200921;-0.207973;0.212729;-0.209421;0.0258104;0.0725767;-0.0776964;-0.0522145;0.00359202;-0.0223134;0;0.564365;1;0.700207;0;1;
73;-0.184588;0.163575;-0.102247;0.0657356;-0.178429;0.183567;0.257866;-0.137321;0.218031;-0.231664;0.236353;-0.234424;0.0150726;0.0759621;-0.0662545;-0.0304904;0.00209719;-0.0230602;0;0.907183;1;0.755602;0;1;
74;-0.124596;0.121093;-0.123644;0.00458853;-0.120999;0.123998;0.255578;-0.134905;0.217328;-0.237461;0.248346;-0.247221;0.00880176;0.067767;-0.0505161;-0.0178063;0.00122419;-0.0218485;0;1;0.983776;0.791574;0;1;
75;-0.0451365;0.0955388;-0.109187;-0.0563742;-0.0430362;0.0447891;0.24788;-0.134726;0.218201;-0.224351;0.247332;-0.251389;0.00513972;0.0524718;-0.0343653;-0.010397;0.000714315;-0.0330914;0;1;0.743415;0.602396;0;1;
76;0.0527243;-0.0232778;-0.00962415;-0.117345;0.0539516;-0.0529161;0.228914;-0.170865;0.219567;-0.198438;0.226256;-0.199616;0.00300104;0.0332548;-0.0268697;0.0185914;0.000416607;-0.020809;0;1;0.10176;0.738348;0;1;
77;0.146501;-0.129298;0.110085;-0.192293;0.147218;-0.146598;0.203204;-0.169837;0.207566;-0.16673;0.198544;-0.178728;0.00175247;0.0141723;-0.0156921;0.0135879;0.000242591;-0.0121514;0;1;0;0.69768;0;1;
78;0.214531;-0.204482;0.193264;-0.251907;0.214949;-0.214576;0.19373;-0.149762;0.196277;-0.129527;0.191009;-0.156474;0.0010228;-0.0260543;-0.00916449;0.00793525;0.000141179;-0.0101179;0;1;0;0.858263;0;1;
79;0.256559;-0.250692;0.244139;-0.289069;0.230113;-0.250552;0.169595;-0.121217;0.171083;-0.117827;0.168007;-0.144926;0.000596964;-0.0510267;-0.00535238;-0.00356856;0.0019529;-0.0161631;0;1;0;0.755194;0.244905;0.941917;
80;0.280047;-0.276623;0.272793;-0.299529;0.239933;-0.251371;0.132256;-0.104003;0.133125;-0.126761;0.142815;-0.123919;0.000348181;-0.0502245;-0.00312619;-0.0264619;0.0187947;-0.0461261;0;1;0;0.416445;0.686086;0.928116;
81;0.2911;-0.322008;0.263943;-0.306664;0.23492;-0.255171;0.0790899;-0.0732913;0.0796009;-0.0861988;0.12415;-0.0855433;0.000202936;-0.0898775;0.00283621;-0.0482441;0.0501997;-0.0707676;0;1;0.54806;0.138404;0.869407;0.708904;
82;0.265286;-0.308475;0.243229;-0.309352;0.246817;-0.270942;0.00648361;-0.0156379;0.024328;-0.0318062;0.0690164;-0.010252;0.0297483;-0.0933174;0.0968095;-0.0975522;0.0765688;-0.0494914;0.584591;0.536345;0.765385;0.210864;0.90451;0;
83;0.264883;-0.294167;0.249445;-0.294679;0.244284;-0.270082;-0.0778647;0.0725208;-0.0674305;0.0630763;0.040702;0.0756674;0.024756;-0.0544991;0.0583755;-0.0603683;0.156203;-0.0289033;0.536288;0;1;0;0.0521331;0;
84;0.249057;-0.271231;0.236858;-0.27153;0.226057;-0.257166;-0.15059;0.147477;-0.134355;0.141962;0.0137416;0.149315;0.0528047;-0.0318282;0.0498;-0.0352555;0.181146;-0.01688;0.32479;0;1;0;0.261521;0;
85;0.225611;-0.23856;0.215728;-0.238735;0.191977;-0.230346;-0.187495;0.197969;-0.162032;0.194749;-0.0114456;0.199043;0.0516227;-0.018588;0.0416638;-0.0205895;0.173689;-0.00985836;0.337855;0;1;0;0.557778;0;
86;0.188604;-0.196166;0.182828;-0.196268;0.1685;-0.191369;-0.182174;0.227996;-0.164818;0.226115;-0.0364357;0.228623;0.0546619;-0.0108558;0.0546739;-0.0120246;0.139341;-0.0057576;0.25433;0;0.805885;0;0.234541;0;
87;0.13698;-0.141391;0.133595;-0.175562;0.143127;-0.138589;-0.186673;0.244089;-0.18243;0.242989;-0.0319482;0.244455;0.0455185;-0.00634026;0.0319396;-0.00702323;0.153452;-0.00336293;0.5515;0;0.858096;0.185901;0.505571;0;
88;0.0658376;-0.0684068;0.0638502;-0.182206;0.107891;-0.0667704;-0.190031;0.250666;-0.208045;0.257624;-0.058554;0.247542;0.0396139;-0.00370315;0.0160119;-0.00369893;0.130811;-0.00196454;0.528024;0;1;0.518977;0.373467;0;
89;-0.0268406;0.02534;-0.0279973;-0.0484939;-0.00227999;0.0262993;-0.205633;0.232138;-0.314;0.329522;-0.137222;0.222876;0.0254802;-0.00216329;-0.110733;-0.0277825;0.0763977;-0.00114771;0.588942;0;1;1;0;0;
90;-0.123901;0.123034;-0.124588;0.079894;-0.109567;0.123598;-0.176491;0.211955;-0.406468;0.286231;-0.173927;0.210902;0.0172919;-0.00126371;-0.190169;-0.0222818;0.0446152;-0.000670851;0.702052;0;1;0.9625;0;0;
91;-0.155365;0.198815;-0.199726;0.163744;-0.19095;0.199144;-0.127295;0.203399;-0.403982;0.246776;-0.181193;0.202783;0.0510327;-0.000737863;-0.219091;-0.0739504;0.0260546;-0.000392417;0.473036;0.168077;1;1;0;0;
92;-0.187923;0.187251;-0.240394;0.125732;-0.242659;0.247444;-0.12071;0.19073;-0.360934;0.206054;-0.167753;0.180359;0.0298081;0.0277226;-0.227652;-0.0444761;0.0152157;-0.000229668;0.148917;0.427812;1;1;0;0;
93;-0.237795;0.188316;-0.223653;0.137207;-0.272398;0.275192;-0.110007;0.178526;-0.322127;0.160593;-0.138224;0.145583;0.0174082;0.0795355;-0.247698;-0.0279004;0.00888578;-0.000134501;0;0.35541;1;1;0;0;
94;-0.267321;0.176673;-0.230843;0.147835;-0.287529;0.289161;-0.0757639;0.162588;-0.274964;0.105311;-0.0922427;0.0965372;0.0101662;0.136733;-0.271584;-0.0162942;0.00518913;-7.9097e-05;0;0.321753;1;0.841352;0;0;
95;-0.280508;0.181569;-0.209899;0.0861597;-0.292309;0.293261;-0.0167899;0.143127;-0.186195;0.0340558;-0.0264139;0.0289188;0.00593692;0.21512;-0.287974;0.0416436;0.00303024;-4.65279e-05;0;0.275335;1;0.855462;0;0;
96;-0.278369;0.172635;-0.198837;0.0982681;-0.287681;0.288237;0.061517;0.12621;-0.120128;-0.0474217;0.0558958;-0.0544366;0.00346698;0.2985;-0.32109;0.0743044;0.00176933;-2.74428e-05;0;0.382766;1;0.636274;0;0;
97;-0.266586;0.174761;-0.189845;0.0654418;-0.272024;0.272348;0.136773;0.114535;-0.0577185;-0.0869342;0.13349;-0.13264;0.00202442;0.344185;-0.346582;0.102231;0.00103296;-1.63016e-05;0;0.37391;1;0.435394;0;0;
98;-0.241521;0.17871;-0.176783;0.0172894;-0.244697;0.244886;0.19082;0.112411;-0.0297917;-0.0933746;0.188902;-0.188409;0.00118194;0.364707;-0.324636;0.111824;0.000602735;-9.67876e-06;0;0.445044;1;0.510868;0;0;
