1;-0.000363587;0.000116064;9.94837e-05;-0.000363587;0.000116064;9.94835e-05;0.034977;0.0347457;0.0352595;0.0349769;0.0347456;0.0352595;0.808667;0.808665;0.808666;0.808667;0.808665;0.808666;0;0;0;0;0;0;
2;0.00410193;0.021193;-0.00107167;-0.0015754;0.0279468;0.024796;0.132317;0.122304;0.135933;0.123693;0.165385;0.125252;0.472339;0.472348;0.472376;0.472346;0.472407;0.472389;1;1;1;1;1;1;
3;0.00679031;0.0122201;-0.00583187;-0.0121246;0.016978;0.0140558;0.0919947;0.0891368;0.0803116;0.0893256;0.0966717;0.079724;0.275863;0.275868;0.275886;0.275866;0.275904;0.275891;1;1;1;1;1;1;
4;-0.00499162;0.00650128;-0.00277124;-0.00771551;0.0105506;0.00757438;0.053703;0.0520853;0.0677859;0.0522005;0.0564338;0.0465901;0.16111;0.16111;0.161126;0.161113;0.161133;0.161125;1;1;1;1;1;1;
5;-0.0235402;0.00292016;-0.000742215;-0.00538195;0.00783588;0.00354753;0.0318237;0.0306761;0.0492515;0.050356;0.0343364;0.0291746;0.0940908;0.0940902;0.094105;0.0940953;0.0941058;0.0940994;1;1;1;1;1;1;
6;-0.0130576;0.000457153;0.000674114;-0.00425046;0.00975074;0.000964296;0.0203686;0.0210361;0.0493207;0.0404511;0.0395694;0.0265332;0.0549504;0.0549501;0.0549622;0.0549555;0.0549627;0.0549558;1;1;1;1;1;1;
7;-0.00691063;-0.000976425;0.00163706;-0.00372545;0.00695406;-0.000680101;0.0221595;0.0210879;0.0465901;0.0361086;0.0412354;0.0231555;0.032092;0.0320923;0.0321036;0.032097;0.0321026;0.0320963;1;1;1;1;1;1;
8;-0.00389208;-0.00364276;0.00208968;-0.00330922;0.0085168;-0.00153077;0.0154919;0.0192191;0.0415086;0.037095;0.0219101;0.028086;0.0187428;0.018743;0.0187534;0.0187478;0.0187499;0.0187464;1;1;1;1;1;1;
9;-0.00799144;-0.0026658;0.00175875;-0.00247087;0.00551233;-0.000416762;0.0142151;0.0236943;0.0399972;0.037616;0.0299787;0.0309086;0.0109461;0.0109471;0.0123662;0.0109515;0.0109518;0.0109501;1;1;1;1;1;1;
10;-0.0131503;-0.000661557;0.000131916;-0.000547606;0.00232407;0.00779826;0.00964906;0.0240728;0.0326126;0.0429245;0.0162064;0.0338879;0.00639323;0.00639424;0.0114437;0.00639838;0.00639791;0.00639648;1;1;1;1;1;1;
11;-0.0187775;0.00325972;-0.00356902;0.00332629;-0.00228876;0.0155192;0.00658334;0.0278475;0.0281044;0.0439925;0.00973805;0.0455929;0.00373407;0.00373533;0.01112;0.00373931;0.00373813;0.00373807;1;1;1;1;1;1;
12;-0.0303179;0.0102034;-0.0103841;0.0102424;-0.00963638;0.030022;0.00645621;0.0317191;0.0216979;0.0459471;0.00462445;0.0518951;0.00218122;0.00218253;0.0122865;0.00218628;0.00218471;0.00430239;1;1;1;1;1;1;
13;-0.035298;0.0214168;-0.0215227;0.021439;-0.0210857;0.0516202;0.0104506;0.0324787;0.0124201;0.0418814;0.00204632;0.0546786;0.0012745;0.00127575;0.00717862;0.00127857;0.00127739;0.00517358;1;1;1;1;1;1;
14;-0.0461103;0.0380038;-0.0380663;0.038016;-0.0378105;0.0559969;0.0155008;0.031024;0.00720664;0.0376318;0.00481861;0.0579771;0.000745368;0.000746522;0.00419411;0.000748117;0.000747235;0.00724385;1;1;1;1;1;1;
15;-0.0650075;0.0602742;-0.0603131;0.0602824;-0.0601627;0.0707833;0.0284231;0.027909;0.0203812;0.0275191;0.0108039;0.035779;0.00335491;0.000436704;0.00245042;0.00043863;0.000437319;0.00423295;1;1;1;1;1;1;
16;-0.0894803;0.0867156;-0.0867391;0.0867212;-0.0866513;0.0928536;0.0429785;0.0134404;0.040413;0.00464033;0.0177452;0.0200871;0.00196107;0.00232335;0.00143229;0.00045962;0.000255717;0.0136513;1;1;1;1;1;1;
17;-0.114722;0.113108;-0.113121;0.113111;-0.11307;0.116692;0.0579778;-0.00648316;0.0564797;-0.030164;0.0432401;-0.0211381;0.00114568;0.0116269;0.000836953;0.000269948;0.000149001;0.0106263;0.86381;1;1;1;0;1;
18;-0.133737;0.132796;-0.132802;0.132796;-0.132772;0.134887;0.0954237;-0.0609244;0.0945488;-0.0791783;0.086817;-0.0739006;0.000668669;0.0273623;0.000488374;0.000158609;8.66941e-05;0.0106169;0;1;0;1;0;1;
19;-0.138859;0.138311;-0.138313;0.138309;-0.138295;0.152628;0.14351;-0.12335;0.142999;-0.134022;0.138484;-0.130933;0.00039011;0.019041;0.000284814;9.28532e-05;5.02508e-05;0.024551;0;1;0;1;0;1;
20;-0.123886;0.123569;-0.123567;0.123565;-0.123557;0.131925;0.185934;-0.168292;0.185635;-0.180392;0.182998;-0.162268;0.000227409;0.0115888;0.000165957;0.00332798;2.88585e-05;0.0480017;0;1;0;0.832122;0;1;
21;-0.0845719;0.0843868;-0.0843857;0.0843859;-0.0843799;0.0892662;0.214906;-0.203153;0.214732;-0.211668;0.213192;-0.20108;0.000132333;0.00676824;9.6509e-05;0.00194453;1.63605e-05;0.0280341;0;1;0;1;0;1;
22;-0.0174137;0.017306;-0.017305;0.0173058;-0.0173016;0.0201549;0.230524;-0.202012;0.230422;-0.225617;0.229522;-0.221578;7.6842e-05;-0.00631926;5.59105e-05;0.0011359;8.99992e-06;0.0163721;0;1;0;1;0;1;
23;0.072482;-0.0725446;0.0725455;-0.0725448;0.0725474;-0.0708813;0.229526;-0.184635;0.229641;-0.219335;0.229348;-0.20891;4.4408e-05;-0.00950359;3.21924e-05;0.000662164;4.69074e-06;0.00956172;0;1;0;1;0;1;
24;0.159582;-0.159618;0.159619;-0.15962;0.15962;-0.158647;0.222743;-0.154713;0.222811;-0.192369;0.222639;-0.181606;2.54515e-05;-0.0120434;1.83294e-05;-0.0123;2.19748e-06;0.00558483;0;1;0;1;0;1;
25;0.222469;-0.22249;0.222491;-0.222493;0.222491;-0.221923;0.203326;-0.111838;0.203365;-0.141074;0.203265;-0.144033;1.44151e-05;-0.0161076;1.02369e-05;-0.0123961;7.52991e-07;0.00326274;0;1;0;1;0;1;
26;0.261115;-0.261128;0.261128;-0.261133;0.261128;-0.260796;0.173077;-0.0610018;0.1731;-0.0697877;0.173041;-0.0973164;7.96061e-06;-0.0724998;5.50081e-06;-0.011065;-3.36201e-08;0.0148096;0;1;0;1;0;1;
27;0.282485;-0.282495;0.282493;-0.291907;0.282493;-0.282299;0.131539;-0.00694407;0.131551;-0.0124731;0.131517;-0.0271627;0.00453365;-0.0423442;2.88695e-06;-0.00629695;-4.9062e-07;0.00865025;0.666077;1;0;1;0;1;
28;0.29198;-0.292112;0.292155;-0.303629;0.292155;-0.292042;0.0749029;0.0689324;0.0749068;0.0466824;0.0748856;0.0811926;0.0238848;-0.0172287;0.0331871;0.0237833;0.00214042;0.0624245;1;1;1;1;1;1;
29;0.2863;-0.297779;0.280652;-0.299432;0.280984;-0.291084;-0.000532991;0.0845373;-0.000522438;0.0715461;0.000579323;0.127909;0.0186018;-0.0100616;0.0333317;0.0138903;0.0571239;0.0364581;1;0;1;0.931684;1;1;
30;0.28001;-0.286714;0.242506;-0.287679;0.276819;-0.282804;-0.0853803;0.134441;-0.0853614;0.126854;-0.0790041;0.15977;0.0169856;-0.00587629;0.0332314;0.00811141;0.0648589;0.021291;1;0;1;0;1;0;
31;0.261182;-0.265098;0.197323;-0.265661;0.259322;-0.262814;-0.156219;0.184871;-0.156195;0.180441;-0.14856;0.199663;0.00992082;-0.00343218;0.0284138;0.00473668;0.0412986;0.0124334;1;0;1;0;1;0;
32;0.230529;-0.232816;0.164054;-0.233145;0.229444;-0.231482;-0.20329;0.220025;-0.203268;0.217438;-0.180633;0.228664;0.0057947;-0.00200488;0.0165996;0.00276577;0.0243975;0.00726051;1;0;1;0;1;0;
33;0.188802;-0.190137;0.149979;-0.190329;0.188168;-0.189358;-0.231018;0.240794;-0.227319;0.239283;-0.187085;0.245838;0.00338617;-0.00117137;0.00969611;0.00161471;0.0142524;0.00423957;1;0;1;0;1;0;
34;0.133495;-0.134275;0.110823;-0.134387;0.133125;-0.13382;-0.245171;0.251344;-0.22677;0.250462;-0.196822;0.254291;0.00197857;-0.000684618;0.00566229;0.000942458;0.0083254;0.00247534;1;0;1;0;1;0;
35;0.0589292;-0.0593841;0.0456886;-0.0594499;0.0587129;-0.0591188;-0.240025;0.25006;-0.22362;0.249484;-0.196959;0.250169;0.00115511;-0.000400374;0.00330626;0.000549865;0.00486141;0.00144505;1;0;1;0;1;0;
36;-0.0360668;0.0358013;-0.0437991;0.0357628;-0.0361931;0.0359561;-0.221612;0.228026;-0.215264;0.234748;-0.184739;0.234637;0.000673573;-0.000234379;0.000875647;0.000320599;-0.000779189;0.000843379;1;0;1;0;1;0;
37;-0.132294;0.132139;-0.13681;0.132117;-0.132368;0.13223;-0.19111;0.204642;-0.195253;0.212876;-0.161694;0.200013;-0.00985919;-0.000137412;-0.0107021;0.000186896;-0.00648552;0.000492105;1;0;1;0;1;0;
38;-0.205071;0.204981;-0.207709;0.204967;-0.205116;0.205033;-0.145429;0.193246;-0.164488;0.202283;-0.122346;0.170414;-0.00869023;-8.07445e-05;-0.00625144;0.000108603;-0.0165189;0.00028688;1;0;1;0;1;0;
39;-0.250985;0.250932;-0.252525;0.250924;-0.251012;0.250962;-0.0981992;0.172806;-0.151251;0.178083;-0.0702671;0.159472;-0.00507676;-4.76286e-05;-0.00365178;6.29388e-05;-0.0162645;0.000167099;1;0;1;0;1;0;
40;-0.277102;0.27707;-0.278001;0.277065;-0.277119;0.277087;-0.0367279;0.138643;-0.126053;0.141729;-0.0375024;0.130856;-0.0131304;-2.82672e-05;-0.00213324;0.00745177;-0.0143189;9.71823e-05;1;0;1;1;1;0;
41;-0.289963;0.289943;-0.290488;0.28994;-0.292948;0.289954;0.0160273;0.0890191;-0.0816608;0.0970633;0.0147822;0.0844714;0.0048752;-1.68764e-05;-0.00147787;0.0319726;-0.00836278;5.63562e-05;1;0;1;1;1;0;
42;-0.293168;0.293156;-0.293475;0.293155;-0.301238;0.294451;0.0412924;0.0200587;-0.0157492;0.0247652;0.0405635;0.0174029;0.00456801;0.00456371;0.00928245;0.0242766;-0.00488394;0.00567869;0.959061;1;1;1;0.289678;1;
43;-0.287147;0.286986;-0.287325;0.287138;-0.291859;0.261768;0.0994116;-0.0635654;0.0661024;-0.0608299;0.0989858;-0.0651239;0.0026672;0.0526669;0.0054216;0.0141805;-0.00285248;0.0229808;0;1;1;1;0;1;
44;-0.270067;0.269976;-0.270171;0.270062;-0.272819;0.208814;0.160651;-0.139345;0.141198;-0.138119;0.160402;-0.140612;0.00155729;0.0362396;0.00316581;0.00828224;-0.00166627;0.0371457;0;1;0;1;0;1;
45;-0.241494;0.241444;-0.241555;0.241491;-0.243101;0.175352;0.205154;-0.184723;0.193794;-0.191995;0.205009;-0.19344;0.000909089;0.0219399;0.00184845;0.00483726;-0.000973592;0.0234788;0;1;0;1;0;1;
46;-0.202304;0.202276;-0.202339;0.202302;-0.203242;0.163675;0.232291;-0.196266;0.225657;-0.224605;0.232206;-0.223663;0.000530455;0.0128156;0.00107903;0.00282514;-0.000569098;0.0137147;0;1;0;1;0;1;
47;-0.150865;0.15085;-0.150886;0.150864;-0.151413;0.128306;0.246941;-0.206661;0.243066;-0.242451;0.246891;-0.225162;0.000309287;0.00748458;0.000629641;0.00164984;-0.000332892;0.00800966;0;1;0;1;0;1;
48;-0.0819844;0.0819766;-0.0819966;0.0819839;-0.0823046;0.0688109;0.252893;-0.206025;0.250682;-0.242411;0.252303;-0.223233;0.000180129;0.00436888;0.000367201;0.000963303;-0.000194966;0.00467737;0;1;0;1;0;1;
49;0.00835538;-0.00835946;0.00834825;-0.00835576;0.00816847;-0.0160478;0.240348;-0.192686;0.239972;-0.225783;0.234155;-0.218483;0.000104687;-0.00568597;0.000213933;0.000562546;-0.000114441;0.0027306;0;1;0;1;0;1;
50;0.107334;-0.107337;0.10733;-0.107334;0.107225;-0.111826;0.213961;-0.166263;0.213874;-0.200237;0.212159;-0.207635;6.06584e-05;-0.00805299;0.000124447;0.000328832;-6.74015e-05;-0.00621897;0;1;0;1;0;1;
51;0.187852;-0.187854;0.187849;-0.187852;0.187788;-0.190475;0.207013;-0.114239;0.206331;-0.156019;0.176801;-0.170674;3.49938e-05;-0.0108135;7.22403e-05;0.00835152;-3.99307e-05;-0.00363255;0;1;0;1;0;1;
52;0.240616;-0.240619;0.240615;-0.240616;0.240579;-0.242148;0.186136;-0.064597;0.185738;-0.101818;0.157395;-0.129579;1.99957e-05;0.0205674;4.17339e-05;0.0190599;-2.37607e-05;-0.00212129;0;1;0;1;0;1;
53;0.271439;-0.271443;0.271438;-0.271439;0.271418;-0.272333;0.153125;0.0180871;0.152892;-0.0394866;0.13634;-0.0829736;1.12661e-05;0.0379629;2.40451e-05;0.0168975;-1.44308e-05;-0.00123806;0;1;0;1;0;1;
54;0.287466;-0.287469;0.287466;-0.287464;0.287454;-0.287989;0.106624;0.0531628;0.106484;0.0349701;0.0968182;0.0143115;0.0128349;0.0517646;0.00807584;0.0476218;0.0166854;0.0219033;1;1;1;1;1;1;
55;0.293157;-0.29316;0.269461;-0.293156;0.29315;-0.293463;0.0423104;0.0631432;0.042234;0.0674534;0.0408945;0.080824;0.0114581;0.0302318;0.0487413;0.027813;0.0505065;0.0127935;1;1;1;1;1;1;
56;0.289812;-0.289814;0.237563;-0.289812;0.272421;-0.289991;-0.0394301;0.101018;-0.0394626;0.103536;-0.0130888;0.111347;0.00925834;0.0176549;0.0475991;0.0162423;0.0725003;0.00747214;1;0;1;0;1;1;
57;0.275954;-0.275956;0.207706;-0.275954;0.265799;-0.276059;-0.12037;0.15634;-0.120374;0.15781;-0.0856155;0.162372;0.00540889;0.01031;0.0621204;0.00948493;0.0744239;0.00436324;1;0;1;0;0.297302;0;
58;0.250435;-0.250436;0.176845;-0.250436;0.244509;-0.250497;-0.18038;0.201388;-0.175501;0.202247;-0.131636;0.204911;0.0241832;0.00602051;0.041724;0.0055388;0.0538689;0.00254768;1;0;1;0;0.420587;0;
59;0.214178;-0.214179;0.137816;-0.214179;0.210722;-0.214215;-0.217849;0.230118;-0.183411;0.230619;-0.174594;0.232175;0.0141232;0.00351542;0.0334346;0.0032342;0.0349773;0.00148734;1;0;1;0;0.539825;0;
60;0.166496;-0.166496;0.121898;-0.166496;0.16448;-0.166517;-0.238973;0.246138;-0.203806;0.246431;-0.183859;0.24734;0.00824784;0.00205239;0.0195329;0.00188831;0.0204306;0.000868146;1;0;1;0;0.580141;0;
61;0.103062;-0.103062;0.0770164;-0.103062;0.101887;-0.103074;-0.24608;0.25333;-0.211959;0.253501;-0.187356;0.254032;0.00481649;0.00119803;0.0114101;0.00110225;0.011934;0.000506461;1;0;1;0;0.549253;0;
62;0.0184141;-0.0184144;0.00320373;-0.0184143;0.0177295;-0.0184214;-0.23069;0.239642;-0.209547;0.243511;-0.182396;0.243757;0.00281265;0.000699072;0.00666495;0.000643202;0.00696999;0.000295253;1;0;1;0;0.60019;0;
63;-0.0808903;0.0808904;-0.0897729;0.0808902;-0.0812894;0.080886;-0.20619;0.220015;-0.20041;0.223916;-0.162015;0.224294;0.00164267;0.000407707;0.0038928;0.000375129;0.00407001;0.000171919;1;0;1;0;0.657227;0;
64;-0.168492;0.168493;-0.17368;0.168493;-0.168726;0.16849;-0.166168;0.186753;-0.178674;0.216672;-0.124312;0.217069;0.000960221;0.00023755;-0.00525556;0.000218609;0.00437747;9.99278e-05;1;0;1;0;0.701972;0;
65;-0.228615;0.228615;-0.231645;0.228615;-0.228752;0.228613;-0.126747;0.179332;-0.13644;0.196805;-0.0818437;0.197037;-0.00437127;0.000138247;-0.00306891;0.000127172;0.00620686;5.78791e-05;1;0;1;0;0.789427;0;
66;-0.264691;0.264691;-0.266462;0.264691;-0.264772;0.26469;-0.0753451;0.15537;-0.0847418;0.165575;-0.0360615;0.16571;-0.0146133;8.02685e-05;0.00775016;7.38163e-05;0.00362486;3.33485e-05;1;0;1;0;1;0;
67;-0.284216;0.284216;-0.285252;0.284216;-0.286525;0.284216;0.0207724;0.116291;-0.0206643;0.12225;0.00897964;0.122332;-0.0175701;4.64467e-05;0.0134598;4.26914e-05;0.00211757;0.000294753;1;0;1;0;1;0.790796;
68;-0.292488;0.292488;-0.293094;0.292489;-0.293837;0.292488;0.0611841;0.0592686;-0.0034121;0.0627435;0.0509699;0.0627976;0.017443;0.0272076;0.00786183;0.017811;0.0311693;0.0249395;1;1;1;1;1;1;
69;-0.291517;0.279324;-0.289259;0.292583;-0.292473;0.274406;0.0878312;-0.0154065;0.0501065;-0.0154558;0.0818651;-0.0154127;0.0101868;0.0407033;0.00459115;0.0104031;0.0182025;0.0292672;0.558472;1;0;0.830425;0;1;
70;-0.280842;0.272368;-0.279524;0.281464;-0.2814;0.245094;0.141678;-0.0993649;0.119647;-0.0994099;0.138194;-0.099374;0.00594863;0.0460454;0.00268082;0.0060769;0.0106298;0.0191945;0;0.343713;0;1;0;1;
71;-0.258519;0.253568;-0.257749;0.258882;-0.258845;0.237642;0.190845;-0.166121;0.177979;-0.166158;0.18881;-0.166131;0.00347351;0.0268959;0.00156521;0.00355099;0.0062073;0.0118501;0;0.298606;0;0.976753;0;1;
72;-0.225178;0.222286;-0.224728;0.22539;-0.225368;0.212986;0.223776;-0.20501;0.216262;-0.209356;0.222587;-0.209339;0.00202803;0.0157095;0.000913574;0.00207563;0.00362457;0.00691885;0;0.292284;0;1;0;1;
73;-0.180928;0.17924;-0.180666;0.181052;-0.18104;0.173809;0.242805;-0.193696;0.238417;-0.234383;0.242111;-0.23423;0.00118384;0.00917593;0.000532976;0.00121243;0.00211624;0.00403855;0;0.305644;0;1;0;1;
74;-0.122458;0.121472;-0.122305;0.12253;-0.122523;0.118301;0.252114;-0.196824;0.249551;-0.246759;0.251708;-0.229453;0.000690799;0.00536021;0.000310687;0.000708089;0.00123534;0.00235723;0;0.340059;0;1;0;1;
75;-0.043888;0.0433127;-0.0437985;0.0439307;-0.043926;0.0414595;0.248259;-0.194643;0.247957;-0.237893;0.24603;-0.219717;0.000402874;0.00313003;0.000180893;0.000412497;0.000720886;0.000507399;0;0.371057;0;1;0;1;
76;0.0534543;-0.0537887;0.0535066;-0.0534296;0.0534317;-0.0548726;0.232862;-0.167133;0.230396;-0.217042;0.222979;-0.204375;0.000234741;0.00182857;0.000105084;-0.0043858;0.00042045;0.000297103;0;0.433846;0;1;0;1;
77;0.146928;-0.147121;0.146958;-0.146914;0.146914;-0.147756;0.226318;-0.133971;0.19549;-0.183753;0.197087;-0.17467;0.000136608;0.0025713;6.08571e-05;-0.0115942;0.000244999;0.00973271;0;0.395925;0;1;0;1;
78;0.21478;-0.214891;0.214798;-0.214774;0.214772;-0.215264;0.207228;-0.0959434;0.184792;-0.134041;0.190158;-0.140513;7.92662e-05;0.00638154;3.50853e-05;-0.00923319;0.000142613;0.0102127;0;0.428033;0;1;0;1;
79;0.256705;-0.256769;0.256716;-0.256704;0.2567;-0.256987;0.177478;-0.0284318;0.164375;-0.0698915;0.167509;-0.100502;4.58065e-05;0.0195552;1.99831e-05;-0.0135528;8.28374e-05;0.0068193;0;0.431484;0;1;0;1;
80;0.280132;-0.280169;0.280138;-0.280134;0.280129;-0.280297;0.136863;0.0154364;0.129208;-0.00571326;0.131037;-0.0145525;0.00493222;0.0274699;1.1247e-05;0.0274145;4.79413e-05;0.0270421;1;0.0342722;0;1;0;1;
81;0.29115;-0.291172;0.291154;-0.291152;0.291149;-0.291247;0.0817873;0.042521;0.0773159;0.0524298;0.0783829;0.0516363;0.0151339;0.0160471;0.0157954;0.0289076;0.0130612;0.0289608;1;1;1;1;1;1;
82;0.290992;-0.293615;0.28849;-0.292814;0.292818;-0.292778;0.00806019;0.0645406;0.00545512;0.0703277;0.00608048;0.0698675;0.00952544;0.00937173;0.0425067;0.0168823;0.0423051;0.0169154;1;0.410946;1;0.495026;1;1;
83;0.283957;-0.28549;0.282497;-0.285022;0.285026;-0.285001;-0.0769463;0.119346;-0.0784545;0.122725;-0.0780845;0.122457;0.0055642;0.00547273;0.0341414;0.00985874;0.04946;0.00987848;1;0;1;0;1;0;
84;0.265268;-0.266163;0.264415;-0.26589;0.265893;-0.265877;-0.150062;0.174823;-0.150934;0.176797;-0.150714;0.176641;0.0032503;0.00319562;0.0199424;0.00575708;0.0288899;0.00576859;1;0;1;0;1;0;
85;0.235077;-0.2356;0.23458;-0.235441;0.235444;-0.235433;-0.199478;0.21394;-0.199981;0.215092;-0.199851;0.215001;0.00189857;0.00186572;0.011648;0.00336169;0.016871;0.0033684;1;0;1;0;1;0;
86;0.194132;-0.194437;0.193841;-0.194344;0.194346;-0.194339;-0.228876;0.237323;-0.229165;0.237996;-0.227923;0.237942;0.00110886;0.00108901;0.00680286;0.00196276;0.00984933;0.00196668;1;0;1;0;1;0;
87;0.140203;-0.140381;0.140032;-0.140326;0.140329;-0.140324;-0.244602;0.249536;-0.220951;0.249929;-0.218232;0.249897;0.000647444;0.000635369;0.00397363;0.00114579;-0.0107159;0.00114805;1;0;1;0;1;0;
88;0.0677126;-0.0678171;0.067613;-0.0677848;0.0677875;-0.0677834;-0.239972;0.250806;-0.223837;0.25046;-0.202677;0.25068;0.000377938;0.000370452;0.00232087;0.000668667;-0.00758319;0.000669949;1;0;1;0;1;0;
89;-0.0257485;0.0256874;-0.0258066;0.0257063;-0.0257038;0.0257071;-0.218886;0.227799;-0.212629;0.23652;-0.175217;0.238019;0.0002208;0.000215762;0.00135586;0.000390003;-0.00841041;0.00039072;1;0;1;0;1;0;
90;-0.123276;0.12324;-0.12331;0.123251;-0.12325;0.123252;-0.188104;0.204637;-0.19453;0.205176;-0.144795;0.205042;0.000129565;0.000125446;0.000792617;0.00022728;-0.0049114;0.000227831;1;0;1;0;1;0;
91;-0.198956;0.198936;-0.198976;0.198942;-0.198942;0.198942;-0.139583;0.171213;-0.161002;0.17829;-0.100526;0.178467;0.0184973;-0.000797645;0.00708037;0.000132478;0.0121647;0.000132504;1;0;1;0;1;0;
92;-0.247335;0.247323;-0.247347;0.247327;-0.247328;0.247327;-0.0895372;0.161922;-0.119443;0.166054;-0.0370367;0.166158;0.0108061;-0.000466329;0.00413635;7.6846e-05;0.0307861;7.70161e-05;1;0;1;0;1;0;
93;-0.275129;0.275121;-0.275135;0.275124;-0.275125;0.275124;-0.0293594;0.134816;-0.0442513;0.13723;0.0104204;0.13729;0.01427;-0.000272756;0.0281277;4.45856e-05;0.0329868;4.45936e-05;1;0;1;0.0809484;1;0;
94;-0.289124;0.289119;-0.289128;0.289121;-0.289121;0.289121;0.026192;0.090253;0.0252815;0.0916635;0.0541902;0.0916988;0.0181763;0.00659534;0.0205251;0.0131463;0.0460233;0.0230072;1;0.857411;1;0.897174;1;1;
95;-0.29324;0.293237;-0.293242;0.292813;-0.293239;0.282269;0.0427574;0.0252584;0.043216;0.0260785;0.0664919;0.0265179;0.0106175;0.0139139;0.0119896;0.0101037;0.0268779;0.0499983;1;1;1;1;0.654154;1;
96;-0.288224;0.248754;-0.288225;0.287974;-0.288223;0.268418;0.0962929;-0.0565552;0.0965612;-0.0560909;0.110153;-0.0558233;0.00620043;0.0340097;0.00700207;0.00605846;0.0156961;0.0322156;0;0.15162;0.320466;1;0;1;
97;-0.27234;0.218006;-0.272341;0.272194;-0.27234;0.260774;0.157082;-0.133859;0.157238;-0.1336;0.165176;-0.133438;0.00362051;0.0432665;0.00408878;0.00550247;0.00916609;0.0188182;0;0.273326;0;1;0;1;
98;-0.244882;0.213151;-0.244882;0.244796;-0.244882;0.238128;0.20268;-0.189108;0.202772;-0.188965;0.207407;-0.188867;0.00211392;0.0252707;0.00238736;0.00321455;0.00535251;0.0109897;0;0.290312;0;1;0;1;
