1;-0.000363587;0.000116064;9.94834e-05;-0.000363586;0.000116064;9.94835e-05;0.0349769;0.0347456;0.0352595;0.0349769;0.0347456;0.0352594;0.808667;0.808665;0.808666;0.808667;0.808665;0.808666;0;0;0;0;0;0;
2;-0.00215154;-0.0302387;-0.0190281;-0.0131704;0.0096573;0.00684911;0.110172;0.144124;0.141387;0.16897;0.179718;0.127072;0.472393;0.472377;0.472362;0.472418;0.47239;0.472315;1;1;1;1;1;1;
3;0.0203351;-0.0242118;-0.0209973;-0.0134017;0.0460702;0.0261566;0.0644295;0.0862946;0.0889747;0.0985991;0.105048;0.085926;0.275893;0.275886;0.275884;0.275913;0.275897;0.275846;1;1;1;1;1;1;
4;0.01251;-0.0147747;-0.0116279;0.0269028;0.0275401;0.0146404;0.0376015;0.0511097;0.0637906;0.100929;0.0613243;0.0502097;0.161124;0.161125;0.161125;0.161149;0.161128;0.161097;0.904021;1;1;1;1;1;
5;0.00818196;-0.00950436;-0.00591432;0.0148344;0.0169599;0.0076734;0.022182;0.0350831;0.0484748;0.0592042;0.0359568;0.029581;0.0940986;0.0941013;0.0941038;0.0941158;0.0941023;0.0940825;1;1;1;1;1;1;
6;0.00588598;-0.00665754;-0.00472682;0.00755513;0.0110122;0.00337325;0.0236483;0.0315415;0.035472;0.0396535;0.0355353;0.0187347;0.0549562;0.0549588;0.0549582;0.0549671;0.0549587;0.0549457;1;1;1;1;1;1;
7;0.00479436;-0.00513095;0.0155536;0.00316785;0.00767436;0.00072641;0.0165446;0.0268891;0.0359727;0.0445982;0.0371727;0.0137943;0.0320969;0.0320978;0.0320957;0.0321044;0.0320992;0.0320891;1;1;1;1;1;1;
8;0.00393357;-0.0041297;0.0102172;-0.0144914;0.00561542;-0.000709373;0.00812694;0.0287452;0.0303336;0.0418662;0.0397344;0.0156449;0.0187461;0.018746;0.0187453;0.0187523;0.0187495;0.0187411;1;1;1;1;1;1;
9;0.00283563;-0.00294989;0.00650547;0.021758;0.00314213;-0.00475555;0.00342889;0.0329498;0.0302026;0.0499477;0.0296501;0.0173378;0.0109489;0.0109486;0.0109487;0.0170674;0.0109534;0.0109457;1;1;1;1;1;1;
10;0.00545948;-0.000827299;0.00290413;0.0136648;0.000939521;-0.0018822;-0.00171876;0.0298843;0.0234441;0.0441714;0.0283221;0.0271552;0.0063947;0.00639481;0.00639555;0.00997068;0.00640015;0.00639349;1;1;1;1;1;1;
11;-0.000457286;0.0031625;0.0194207;0.0151629;-0.00309699;0.00254699;-0.00267379;0.0374711;0.0493426;0.0391432;0.0406075;0.0432168;0.00373486;0.00373527;0.0324381;0.00582449;0.00966788;0.00373593;1;1;1;1;1;1;
12;-0.00856697;0.0101466;0.00304202;0.0199737;-0.0101078;0.00978756;0.0148267;0.0343078;0.0359557;0.0509815;0.0339738;0.0342389;0.0124449;0.00218193;0.0220062;0.00340376;0.0144517;0.00218331;1;1;1;1;1;1;
13;-0.020461;0.0213838;-0.0136817;0.0271226;-0.0213608;0.021174;0.00790465;0.0347701;0.0285482;0.0467598;0.0306374;0.0344499;0.010633;0.00127484;0.0128569;0.00648798;0.0113621;0.00127634;1;1;1;1;1;1;
14;-0.0374456;0.0379846;-0.0334856;0.041336;-0.037971;0.037862;0.0163081;0.0328312;0.0255165;0.0428461;0.0323754;0.0302026;0.00914956;0.000746665;0.00751186;0.00379158;0.00953629;0.000746805;1;1;1;1;1;1;
15;-0.0599496;0.0602643;-0.0576352;0.0622217;-0.0602564;0.0601924;0.0244993;0.0287854;0.0356108;0.0319997;0.0386082;0.020931;0.00534651;0.00558019;0.00438901;0.00245728;0.0088901;0.000437979;1;1;1;1;1;1;
16;-0.0865268;0.0867099;-0.085174;0.087854;-0.086706;0.0866672;0.0457714;0.0219628;0.0572968;0.00850646;0.0535626;0.003482;0.00422056;0.0192993;0.00256513;0.00830636;0.00519438;0.00732168;1;1;1;1;1;1;
17;-0.112997;0.113106;-0.112207;0.113773;-0.113102;0.113077;0.059609;0.00397331;0.0993583;-0.0279042;0.0641594;-0.0256757;0.00246553;0.0286396;0.00149889;0.00538441;0.00303425;0.0164273;1;1;1;1;1;1;
18;-0.13273;0.132796;-0.132268;0.133183;-0.132791;0.132774;0.0963764;-0.0346929;0.119591;-0.0778568;0.0990338;-0.0733225;0.00143949;0.0430155;0.000875491;0.0061208;0.00177159;0.0312757;0;1;1;1;0;1;
19;-0.138271;0.16941;-0.138001;0.129438;-0.138306;0.136748;0.144067;-0.0878653;0.157624;-0.133248;0.145619;-0.129002;0.000840292;0.0495005;0.000510881;0.0121623;0.00103417;0.0361673;0;1;0;1;0;1;
20;-0.123543;0.141732;-0.123385;0.118384;-0.123564;0.122652;0.186259;-0.137082;0.194176;-0.179939;0.187165;-0.159591;0.000490324;0.041759;0.000297907;0.00710345;0.000603499;0.0310407;0;1;0;1;0;1;
21;-0.0843714;0.0949979;-0.0842795;0.0813583;-0.0843838;0.0838491;0.215096;-0.161175;0.21972;-0.211404;0.215626;-0.188727;0.000285908;0.0243952;0.000173524;0.00414872;0.00035193;0.0209704;0;1;0;1;0;1;
22;-0.0172965;0.0235051;-0.0172429;0.0155368;-0.017304;0.0169903;0.230634;-0.16855;0.233335;-0.227072;0.230943;-0.201229;0.000166507;0.0142509;0.000100877;0.00242287;0.000204966;0.0122511;0;1;0;1;0;1;
23;0.0725503;-0.0689224;0.0725816;-0.0735783;0.0725459;-0.0727289;0.229935;-0.164075;0.229977;-0.211184;0.229946;-0.189353;9.67759e-05;0.00832398;5.8401e-05;0.00141508;0.000119177;0.00715684;0;1;0;1;0;1;
24;0.159622;-0.157502;0.15964;-0.160222;0.159619;-0.159726;0.222862;-0.12887;0.222535;-0.175479;0.222989;-0.177134;5.60618e-05;0.00486075;3.36465e-05;0.000827227;6.90296e-05;0.0041812;0;1;0;1;0;1;
25;0.222492;-0.221253;0.222502;-0.222843;0.222491;-0.222553;0.203395;-0.0801485;0.203204;-0.121744;0.203469;-0.142626;3.23158e-05;0.0155572;1.91762e-05;0.0125297;3.97568e-05;0.00426556;0;1;0;1;0;1;
26;0.261129;-0.260405;0.261135;-0.261335;0.261128;-0.261165;0.173117;-0.0341878;0.173005;-0.0869583;0.17316;-0.0944764;1.83619e-05;0.0154229;1.07109e-05;0.00373904;2.27505e-05;0.00552536;0;1;0;1;0;1;
27;0.282493;-0.282071;0.282497;-0.282615;0.282492;-0.282516;0.131561;0.0167436;0.131496;-0.0254486;0.131586;-0.0368913;1.03111e-05;0.00900621;5.84048e-06;-0.0183866;1.28098e-05;0.00868148;0;1;0;1;0;1;
28;0.292155;-0.291908;0.292157;-0.292226;0.292154;-0.317872;0.0749119;0.0808734;0.0748751;0.0574502;0.074927;-0.014859;0.00631311;-0.0920816;0.00620468;-0.0152445;0.0179201;0.00507174;1;1;1;1;1;1;
29;0.294778;-0.29662;0.287289;-0.297844;0.296772;-0.307749;-0.000531192;0.0915109;-0.000541438;0.077835;-0.000512422;0.0356047;0.0061616;-0.0537754;0.0333901;-0.00890103;0.0217667;0.00296237;1;0.329665;1;1;1;0.995565;
30;0.284961;-0.286037;0.273477;-0.286752;0.286126;-0.292536;-0.0853809;0.138513;-0.0853733;0.130527;-0.084511;0.105864;0.00359946;-0.0314052;0.0253879;-0.00519856;0.0578295;0.00172963;1;0;1;0;0.449357;0;
31;0.264074;-0.264703;0.250617;-0.26512;0.264759;-0.268498;-0.15622;0.18725;-0.156201;0.182586;-0.132969;0.168183;0.00210266;-0.0183409;0.0370254;-0.00303629;0.0486021;0.00100972;1;0;1;0;0.264014;0;
32;0.232217;-0.232585;0.224355;-0.232829;0.232618;-0.234802;-0.203291;0.221414;-0.201669;0.21869;-0.147294;0.210279;0.00122944;-0.0107115;0.0217367;-0.00177368;0.0448975;0.000589189;1;0;1;0;0.386983;0;
33;0.189786;-0.190002;0.185194;-0.190145;0.190021;-0.191297;-0.231018;0.241605;-0.205228;0.240014;-0.163084;0.235102;0.000720058;-0.00625596;0.0126987;-0.00103634;0.0295244;0.000343564;1;0;1;0;0.390321;0;
34;0.134069;-0.134196;0.131387;-0.134279;0.134207;-0.134952;-0.245426;0.251818;-0.206271;0.250889;-0.174218;0.24802;0.000421771;-0.00365399;0.00980347;-0.000605741;0.0172486;0.000200124;1;0;1;0;0.448799;0;
35;0.0592637;-0.0593382;0.0576977;-0.0593868;0.0593464;-0.0597797;-0.240735;0.249525;-0.206684;0.24904;-0.180077;0.249646;0.000245468;-0.00213446;0.00707891;-0.000354265;0.0100766;0.000116354;1;0;1;0;0.44843;0;
36;-0.0358723;0.0358281;-0.0367863;0.0357998;-0.0358219;0.0355703;-0.222336;0.230424;-0.202536;0.233592;-0.173544;0.233853;-0.00184496;-0.00124708;0.0041359;-0.000207417;0.00588562;6.74241e-05;1;0;1;0;0.480121;0;
37;-0.132181;0.132155;-0.132715;0.132139;-0.132151;0.132005;-0.188157;0.207193;-0.185773;0.205156;-0.149057;0.206106;-0.00970403;-0.000728829;0.00241596;-0.000121631;0.00343736;3.88687e-05;1;0;1;0;0.490912;0;
38;-0.205006;0.20499;-0.205317;0.20498;-0.204986;0.204902;-0.143084;0.198965;-0.145793;0.197775;-0.103094;0.19833;-0.0121667;-0.000426111;0.00879017;-7.15324e-05;0.0059446;2.21864e-05;1;0;1;0;0.560308;0;
39;-0.250948;0.250937;-0.251128;0.250931;-0.250934;0.250885;-0.0865426;0.176146;-0.108414;0.175452;-0.0596978;0.175775;-0.0136958;-0.00024931;0.00513541;-4.18193e-05;0.0135282;1.244e-05;1;0;1;0.270381;0.554628;0;
40;-0.27708;0.277073;-0.277184;0.277068;-0.277071;0.277043;-0.0365186;0.140593;-0.0326454;0.140193;-0.019794;0.140376;0.0206628;-0.000146048;0.0143175;0.00597388;0.0212811;6.83986e-06;1;0;1;1;1;0;
41;-0.289949;0.289945;-0.290009;0.289943;-0.289944;0.289927;0.0255398;0.0901589;0.0566577;0.0899324;0.0245351;0.0900346;0.0169934;-8.5359e-05;0.0363453;0.0119613;0.0124322;0.00548655;1;0.427156;1;1;1;1;
42;-0.29316;0.305961;-0.293331;0.293156;-0.293157;0.293147;0.0468477;0.0207319;0.111529;0.0205941;0.0462614;0.0206566;0.00992477;0.0373919;0.0212281;0.00744456;0.0072615;0.0172866;1;1;1;1;1;1;
43;-0.287142;0.29499;-0.287241;0.287139;-0.28714;0.235001;0.102656;-0.0569963;0.140432;-0.0632681;0.102313;-0.0615133;0.00579567;0.0574933;0.0123982;0.00936416;0.00424027;0.0659548;0;1;1;0.988506;0;1;
44;-0.270064;0.274653;-0.270122;0.270063;-0.270064;0.21428;0.162545;-0.10984;0.184607;-0.139543;0.162345;-0.135984;0.0033843;0.0561101;0.00724029;0.00546938;0.00247591;0.0521906;0;1;0;0.791776;0;1;
45;-0.241493;0.244176;-0.241527;0.241492;-0.241493;0.185057;0.206261;-0.159311;0.219144;-0.192827;0.206144;-0.189124;0.00197598;0.045802;0.00422787;0.00319478;0.00144553;0.0304871;0;1;0;0.972262;0;1;
46;-0.202304;0.203874;-0.202324;0.202303;-0.202305;0.169344;0.232937;-0.186703;0.240461;-0.225092;0.232869;-0.203468;0.0011535;0.0267545;0.00246859;0.00186563;0.0008437;0.0178099;0;1;0;0.92141;0;1;
47;-0.150865;0.151786;-0.150877;0.150866;-0.150867;0.131566;0.247318;-0.194163;0.251712;-0.242736;0.247278;-0.209061;0.000673178;0.0156265;0.00144111;0.00108892;0.000492179;0.0130364;0;1;0;1;0;1;
48;-0.0819845;0.0825252;-0.0819915;0.081985;-0.0819869;0.0707131;0.252719;-0.19869;0.252019;-0.242872;0.252509;-0.230268;0.000392616;0.00912631;0.000841002;0.000635071;0.000286926;0.00761274;0;1;0;1;0;1;
49;0.00835593;-0.00803784;0.00835179;-0.0083554;0.00835268;-0.0149391;0.239977;-0.190798;0.241188;-0.209812;0.233331;-0.225223;0.000228813;0.00532736;0.000490631;0.00268548;0.000166973;0.0044453;0;1;0;1;0;1;
50;0.107335;-0.107149;0.107333;-0.107335;0.107332;-0.11118;0.210631;-0.152398;0.209536;-0.185549;0.212563;-0.204577;0.000133179;-0.00540012;0.000285984;0.00157026;9.69439e-05;0.00259606;0;1;0;1;0;1;
51;0.187853;-0.187746;0.187851;-0.187853;0.187851;-0.190099;0.182422;-0.118406;0.175687;-0.132008;0.177468;-0.169343;7.75879e-05;-0.0298744;0.000166655;0.0252288;5.60825e-05;0.00151647;0;1;0;1;0;1;
52;0.240617;-0.240558;0.240616;-0.240618;0.240617;-0.241929;0.171775;-0.0508534;0.167842;-0.0842182;0.168882;-0.135546;4.48599e-05;-0.0174465;9.69052e-05;0.0293035;3.22162e-05;0.000886349;0;1;0;1;0;1;
53;0.27144;-0.271409;0.271439;-0.27144;0.27144;-0.272207;0.14474;-0.0151091;0.142441;-0.0460364;0.143048;-0.0650029;0.00157584;0.0192652;5.62684e-05;0.017117;1.83207e-05;0.0175053;0.899699;1;0;1;0;1;
54;0.287466;-0.28745;0.287467;-0.287466;0.287467;-0.287915;0.101727;0.0257176;0.100384;0.0150211;0.100736;0.0116194;0.0128125;0.0371134;0.0217723;0.0341922;0.0102851;0.0313456;1;1;1;1;0.823863;1;
55;0.291601;-0.293149;0.293159;-0.293158;0.293158;-0.29342;0.0394516;0.0352203;0.0414018;0.0630974;0.0388767;0.0552865;0.0206925;0.0216744;0.0358931;0.01997;0.0267848;0.0183079;1;0.354543;1;0.962815;1;1;
56;0.268421;-0.289808;0.289814;-0.289813;0.266325;-0.289966;-0.0410985;0.0847117;-0.0399513;0.100992;-0.0187142;0.0964329;0.0160772;0.0126575;0.0316639;0.011662;0.0724236;0.0106927;1;0;1;0;1;1;
57;0.263461;-0.275952;0.259678;-0.275955;0.263693;-0.276044;-0.121346;0.146817;-0.120662;0.156325;-0.108254;0.153662;0.00939015;0.00739168;0.0408898;0.00681005;0.0587807;0.00624408;1;0;0;0;0;0;
58;0.243139;-0.250435;0.159939;-0.250436;0.243276;-0.250488;-0.18095;0.195827;-0.180539;0.201379;-0.173293;0.199824;0.00548525;0.00431622;0.0281489;0.00397665;0.0343334;0.00364615;1;0;1;0;0.0747256;0;
59;0.209917;-0.214179;0.166432;-0.214178;0.209996;-0.214209;-0.218181;0.22687;-0.217935;0.230113;-0.213284;0.229205;0.00320347;0.00252011;0.0164418;0.00232182;0.0200509;0.00212892;1;0;1;0;0.33377;0;
60;0.164004;-0.166495;0.138611;-0.166495;0.164052;-0.166513;-0.239165;0.244242;-0.239021;0.246135;-0.195224;0.245605;0.00187003;0.00147113;0.0096015;0.00135551;0.0117091;0.00124267;1;0;1;0;0.301663;0;
61;0.101606;-0.103061;0.0867772;-0.103062;0.101636;-0.103072;-0.247439;0.252222;-0.223442;0.253328;-0.1965;0.253018;0.00109097;0.000858631;0.00560477;0.000791035;0.00684021;0.000725071;1;0;1;0;0.228837;0;
62;0.0175636;-0.0184139;0.00890412;-0.0184139;0.0175817;-0.0184201;-0.22989;0.240904;-0.208786;0.244046;-0.188203;0.244819;0.000635858;0.00050088;0.00327372;0.000461411;0.0039952;0.000422902;1;0;1;0;0.350625;0;
63;-0.0813878;0.0808905;-0.0864444;0.0808908;-0.0813755;0.0808872;-0.199916;0.224142;-0.198617;0.219523;-0.160589;0.223396;0.000178236;0.000291983;0.00191216;0.000268936;0.00233427;0.00024643;1;0;1;0;0.332286;0;
64;-0.168784;0.168493;-0.171736;0.168493;-0.168776;0.168491;-0.161125;0.212832;-0.170793;0.189427;-0.125589;0.216319;-0.00649434;0.000170022;0.00712649;0.000156566;0.00506432;0.000143439;1;0;1;0;0.369551;0;
65;-0.228786;0.228615;-0.23051;0.228616;-0.22878;0.228614;-0.110616;0.194563;-0.129224;0.180894;-0.0665288;0.196599;-0.00954478;9.87921e-05;0.00782508;9.09487e-05;0.0167332;8.32448e-05;1;0;1;0;0.398106;0;
66;-0.264792;0.264691;-0.265799;0.264692;-0.264787;0.264691;-0.0509606;0.164265;-0.0829665;0.156282;-0.0148115;0.165455;0.00475966;5.72294e-05;0.0157014;5.26562e-05;0.0237007;4.87625e-05;1;0;1;0;0.26889;0.537419;
67;-0.284276;0.284217;-0.284864;0.284216;-0.284272;0.284216;0.0273317;0.121486;-0.0082141;0.116827;0.000452183;0.122185;0.0372431;3.29962e-05;0.0256211;0.00362689;0.0138461;0.00586865;1;0;1;0.909197;1;1;
68;-0.292525;0.292489;-0.292867;0.292489;-0.293822;0.292488;0.068149;0.062301;0.0494187;0.0595775;0.039643;0.0627107;0.0217548;0.0234059;0.0149655;0.0104047;0.00808641;0.0193596;1;1;1;1;1;1;
69;-0.291758;0.291942;-0.291907;0.291685;-0.292464;0.285547;0.0918979;-0.0156986;0.0809601;-0.0173036;0.07525;-0.0154638;0.0127045;0.0389285;0.00873989;0.00607854;0.00472208;0.0322249;0;1;0.708523;1;0;1;
70;-0.280983;0.282022;-0.28107;0.28094;-0.281396;0.271451;0.144053;-0.0995339;0.137666;-0.100491;0.134331;-0.0993963;0.00741896;0.0393671;0.00510387;0.00355046;0.00275727;0.0699281;0;1;0;0.632674;0;1;
71;-0.258602;0.259212;-0.258653;0.258577;-0.258844;0.184011;0.192232;-0.147964;0.188502;-0.166791;0.186554;-0.163177;0.00433229;0.0393952;0.00298032;0.00207405;0.00160978;0.0519231;0;1;0;0.946366;0;1;
72;-0.225226;0.225585;-0.225256;0.225211;-0.225368;0.148947;0.224586;-0.183779;0.222407;-0.209728;0.22127;-0.198621;0.00252952;0.0265027;0.00174004;0.00121169;0.000939669;0.033968;0;1;0;1;0;1;
73;-0.180957;0.181168;-0.180975;0.180948;-0.181041;0.136411;0.243278;-0.207824;0.242006;-0.2346;0.241342;-0.217344;0.00147673;0.0154788;0.00101573;0.000707744;0.000548243;0.0198392;0;1;0;1;0;1;
74;-0.122476;0.122601;-0.122486;0.122471;-0.122527;0.0964611;0.25239;-0.199924;0.251647;-0.247321;0.251259;-0.225896;0.000861895;0.00903867;0.000592688;0.00041322;0.000319652;0.0115864;0;1;0;1;0;1;
75;-0.0438987;0.0439764;-0.0439048;0.0438958;-0.0439315;0.0287063;0.248203;-0.17799;0.247494;-0.231857;0.245561;-0.218918;0.000502838;0.00527911;0.00034558;0.000241235;0.000186151;0.00676689;0;1;0;1;0;1;
76;0.053448;-0.0533972;0.0534443;-0.0534497;0.0534247;-0.0623202;0.231846;-0.154489;0.232367;-0.210167;0.221694;-0.207955;0.00029313;0.0125813;0.000201254;0.000141116;0.000108211;0.00395254;0;1;0;1;0;1;
77;0.146924;-0.14689;0.146922;-0.146925;0.146907;-0.152105;0.208359;-0.12227;0.208452;-0.178349;0.19642;-0.183796;0.000170834;0.02755;0.000117161;0.00391605;6.27299e-05;0.00230929;0;1;0;1;0;1;
78;0.214778;-0.21476;0.214777;-0.214777;0.214768;-0.217807;0.19674;-0.0827149;0.196794;-0.112535;0.189768;-0.167285;9.92006e-05;0.0180768;-0.000801207;0.00347738;3.62044e-05;-0.0352885;0;1;0;1;0;1;
79;0.256704;-0.256696;0.256703;-0.256704;0.256698;-0.258473;0.171353;-0.0390353;0.171384;-0.0678842;0.167281;-0.139714;5.75038e-05;0.033766;-0.000468314;0.0133095;2.06808e-05;-0.0206078;0;1;0;1;0;1;
80;0.28013;-0.280128;0.280131;-0.298893;0.280128;-0.281164;0.133289;-0.00704766;0.133301;-0.00583584;0.130905;-0.113752;0.00879224;0.026351;-0.000273937;0.0283987;1.16785e-05;-0.012033;1;1;0;1;0;1;
81;0.289156;-0.291148;0.29115;-0.302893;0.291148;-0.291754;0.0797054;0.0465778;0.0797004;0.0249564;0.0783037;-0.0682759;0.0171047;0.0184283;-0.000160305;0.0165866;0.00426525;0.0275907;1;1;0;1;0.851613;1;
82;0.297499;-0.292812;0.303876;-0.299671;0.305375;-0.293313;0.00684822;0.0669091;0.00684303;0.0542817;0.00602937;-0.00016415;0.0141705;0.010762;0.0139545;0.00968613;0.0243687;0.0161169;1;0;1;0;1;1;
83;0.287757;-0.285021;0.291481;-0.289026;0.23024;-0.285313;-0.0776512;0.120729;-0.0776472;0.113355;-0.0781171;0.0815655;0.0100363;0.00628458;0.028297;0.00565615;0.0458908;0.00941294;1;0;1;0;1;0.88518;
84;0.267486;-0.265889;0.269657;-0.268228;0.228331;-0.266059;-0.150472;0.175631;-0.150458;0.171325;-0.14342;0.15276;0.0058631;0.00366973;0.0339946;0.00330272;0.0429631;0.00549681;1;0;1;0;1;0;
85;0.236373;-0.23544;0.237638;-0.236806;0.213508;-0.23554;-0.199717;0.214411;-0.1997;0.211896;-0.178187;0.201055;0.00342449;0.00214262;0.0198588;0.00192834;0.0271648;0.00320966;1;0;1;0;1;0;
86;0.194887;-0.194343;0.195626;-0.195141;0.181536;-0.194402;-0.229015;0.237598;-0.227481;0.236129;-0.190375;0.229798;0.00200126;0.00125075;0.0115998;0.00112568;0.0158682;0.00187393;1;0;1;0;1;0;
87;0.140644;-0.140326;0.141075;-0.140792;0.132847;-0.14036;-0.244682;0.249696;-0.228015;0.248839;-0.199595;0.245141;0.00116935;0.000729888;0.00677393;0.000656867;0.00926867;0.00109384;1;0;1;0;1;0;
88;0.0679705;-0.0677848;0.0682227;-0.068057;0.0634173;-0.0678048;-0.245093;0.250668;-0.222684;0.250687;-0.201465;0.251163;0.000681911;0.000425697;0.00395549;0.00038308;0.00541188;0.000638269;1;0;1;0;1;0;
89;-0.0255979;0.0257064;-0.0254503;0.0255473;-0.0282563;0.0256945;-0.228864;0.231918;-0.213274;0.236105;-0.191067;0.236236;-0.00271612;0.000248048;0.00230939;0.00022319;-0.00286324;0.000372213;1;0;1;0;1;0;
90;-0.123188;0.123252;-0.123102;0.123158;-0.12474;0.123244;-0.200286;0.209513;-0.194699;0.211078;-0.169615;0.207369;-0.00617998;0.000144285;-0.00275002;0.000129872;-0.0101407;0.000216888;1;0;1;0;1;0;
91;-0.198906;0.198943;-0.198856;0.198888;-0.199812;0.198938;-0.161145;0.201972;-0.160685;0.202886;-0.12906;0.20072;-0.0106514;8.37621e-05;-0.00394984;7.53669e-05;-0.0188725;0.000126182;1;0;1;0;1;0;
92;-0.247307;0.247327;-0.247277;0.247295;-0.247835;0.247324;-0.112551;0.179885;-0.11841;0.180419;-0.0815949;0.179154;-0.0137576;4.84052e-05;-0.00230611;4.35881e-05;-0.0167139;7.32528e-05;1;0;1;0;1;0;
93;-0.275114;0.275124;-0.275096;0.275105;-0.275422;0.275122;-0.036383;0.145307;-0.0629369;0.145618;-0.0271983;0.14488;-0.00973636;2.78253e-05;-0.000881416;2.50107e-05;-0.0204637;4.23612e-05;1;0;1;0;1;0;
94;-0.291534;0.289121;-0.289105;0.28911;-0.289326;0.28912;0.05107;0.0963777;0.00329884;0.0965617;0.022872;0.0961309;0.0358149;0.00159996;0.0108457;0.0135878;-0.0119495;0.00990701;1;0.392997;1;1;1;1;
95;-0.295166;0.279584;-0.29323;0.289568;-0.293357;0.293238;0.0804799;0.0299142;0.0293866;0.0289404;0.0408162;0.0286913;0.020917;0.0455151;0.00633579;0.0118659;-0.00697721;0.0143323;1;1;1;1;0.978102;1;
96;-0.289349;0.267991;-0.288218;0.285789;-0.288293;0.28748;0.118322;-0.0538322;0.088484;-0.0544185;0.0951587;-0.0545543;0.0122149;0.0500481;0.00369976;0.0161596;-0.00407498;0.0202204;0;1;0;1;0;1;
97;-0.272998;0.260888;-0.272337;0.270918;-0.272381;0.271904;0.169947;-0.132268;0.152521;-0.132627;0.156419;-0.127455;0.00713301;0.0311274;0.0021604;0.00943804;-0.00238022;0.0571412;0;1;0;0.88969;0;1;
98;-0.245266;0.238197;-0.24488;0.244051;-0.244907;0.244626;0.210193;-0.18161;0.200017;-0.188399;0.202293;-0.185365;0.0041652;0.0241579;0.00126131;0.00551209;-0.00139047;0.0362847;0;1;0;1;0;1;
