1;-0.000363588;0.000116064;9.94837e-05;-0.000363588;0.000116064;9.94837e-05;0.0349769;0.0347456;0.0352595;0.0349769;0.0347456;0.0352595;0.808667;0.808665;0.808666;0.808667;0.808665;0.808666;0;0;0;0;0;0;
2;0.0220544;-0.00589019;-0.0166658;-0.00965371;-0.00173042;0.0119645;0.117664;0.105243;0.107461;0.156983;0.0822242;0.0851741;0.472381;0.472364;0.472365;0.472381;0.472288;0.472291;1;1;1;1;1;1;
3;0.0159742;-0.0201726;-0.0284054;-0.00856178;-0.00339673;0.0307201;0.0688022;0.0618136;0.06396;0.0916034;0.0529736;0.0567715;0.275882;0.275877;0.275878;0.275892;0.275826;0.275828;0.900679;1;1;1;0.909011;1;
4;0.00996365;-0.0124156;-0.0159538;-0.00563503;-0.00134863;0.0173057;0.0401534;0.0505466;0.0554095;0.0634706;0.0309128;0.0331847;0.161116;0.161119;0.161119;0.16113;0.161085;0.161087;0.82755;1;1;1;1;1;
5;0.00669508;-0.00812698;-0.00844095;-0.00416703;8.87844e-05;0.00923038;0.0231955;0.0514161;0.04808;0.0606939;0.0261551;0.0248583;0.0940928;0.0940982;0.094099;0.0941071;0.0940761;0.0940769;1;1;1;1;1;1;
6;0.00501722;-0.00585372;-0.00382225;-0.00354085;0.00115937;0.00428319;0.0134245;0.0529148;0.0398802;0.0524997;0.0269333;0.029535;0.0549513;0.0549584;0.0549586;0.0549648;0.0549432;0.0549435;1;1;1;1;1;1;
7;0.00567646;-0.00405977;-0.032188;-0.00126816;0.00192049;0.00125814;0.0139722;0.0477831;0.0380931;0.0491872;0.0318791;0.0328442;0.0320928;0.0320999;0.0321002;0.0321046;0.0320898;0.0320897;1;1;1;1;1;1;
8;0.00585306;0.000416869;-0.0191559;-0.00187406;0.00225512;-0.000398885;0.0149125;0.0447952;0.0248057;0.0388712;0.0294664;0.0335638;0.0187442;0.0187499;0.0187495;0.0187538;0.0187438;0.0187426;1;1;1;1;1;1;
9;0.00395646;0.0050833;-0.0106487;0.00561105;-0.000350522;-0.00317171;0.0110864;0.0453533;0.0261623;0.0376741;0.0227225;0.0363794;0.0109484;0.0109538;0.010953;0.010954;0.0109499;0.0109487;1;1;1;0.88245;1;1;
10;0.00141518;0.00624688;-0.00711423;-0.000441608;0.0154585;-0.000957072;0.00593183;0.0423214;0.0263016;0.0400828;0.0178747;0.0353468;0.00639572;0.00640024;0.00640001;0.00639936;0.00639612;0.00639661;1;1;1;1;1;1;
11;-0.00281969;0.0155336;-0.0111754;0.00338798;0.00538089;0.00308726;0.00438252;0.0404168;0.0247457;0.042901;0.0132877;0.0323525;0.00373702;0.00374035;0.0112164;0.00373945;0.00373562;0.00373765;1;1;1;1;1;1;
12;-0.00994654;0.017444;-0.0148263;0.0102783;-0.00515871;0.0101029;0.00273269;0.0368293;0.0255906;0.0440891;0.00930991;0.0312683;0.00218442;0.00218636;0.00885284;0.00218593;0.00218049;0.00218436;1;1;1;1;1;1;
13;-0.0212669;0.0256457;-0.0241167;0.0214606;-0.0184721;0.0213583;0.00366459;0.0313693;0.0301203;0.0466551;0.0102619;0.0324217;0.00127787;0.00127829;0.0130021;0.0012786;0.00127186;0.00127714;1;0.905756;1;1;1;1;
14;-0.0379154;0.0404741;-0.0916501;0.0380283;-0.0362846;0.0379698;0.0138023;0.0305158;0.0318599;0.0517751;0.0207833;0.0279914;0.00364542;0.000747958;0.0110609;0.00488661;0.000743687;0.000747234;1;0.881309;1;1;1;1;
15;-0.0602233;0.0617188;-0.108523;0.060288;-0.0592713;0.0602561;0.0181865;0.0272457;0.0481457;0.0383214;0.0251526;0.0266401;0.00240741;0.0055133;0.0202047;0.00285603;0.00297792;0.00730419;1;1;1;1;1;1;
16;-0.0866864;0.0875598;-0.114894;0.0867234;-0.0861307;0.0867062;0.0365433;0.0124293;0.0638625;0.0178347;0.0341262;0.00451239;0.00140701;0.00793337;0.0118033;0.00644066;0.00173979;0.00519265;0.981434;1;1;1;1;1;
17;-0.11309;0.1136;-0.129563;0.113111;-0.112766;0.113102;0.0542188;-0.00525732;0.0984506;-0.0224555;0.0528065;-0.030235;0.000821698;0.0309543;0.00689512;0.00764548;0.00101568;0.0095928;0.232277;1;1;1;0;1;
18;-0.132784;0.133082;-0.142404;0.132796;-0.132595;0.132792;0.0932285;-0.0639947;0.119061;-0.0746747;0.0924037;-0.0792141;0.000479503;0.0180836;0.00402715;0.00756143;0.000592771;0.0108365;0;1;0.687921;1;0;1;
19;-0.138302;0.138476;-0.14392;0.138309;-0.138192;0.138307;0.142228;-0.125143;0.157314;-0.131391;0.141747;-0.134035;0.000279603;0.012359;0.00235145;0.00441702;0.000345749;0.0145103;0;1;0;1;0;1;
20;-0.123561;0.123663;-0.126842;0.123564;-0.123497;0.123564;0.185185;-0.175197;0.193995;-0.178854;0.184904;-0.180394;0.000162846;0.00721966;0.00137282;0.00258005;0.000201455;0.00847651;0;1;0;1;0;1;
21;-0.0843817;0.0844414;-0.0862977;0.0843831;-0.0843444;0.0843836;0.214469;-0.190472;0.219614;-0.210771;0.214305;-0.211666;9.46426e-05;0.00421681;0.000801252;0.00150622;0.00011716;0.004951;0;1;0;1;0;1;
22;-0.0173024;0.0173376;-0.0184213;0.0173022;-0.0172809;0.0173044;0.230268;-0.189595;0.233273;-0.228107;0.230172;-0.228268;5.4721e-05;0.00246302;0.000467349;0.000878065;6.79562e-05;-0.00380097;0;1;0;1;0;1;
23;0.0725471;-0.0725246;0.0718936;-0.0725476;0.0725591;-0.0725457;0.227709;-0.152773;0.226303;-0.216876;0.228917;-0.210901;3.14654e-05;0.0218971;0.000272324;-0.00138721;3.92246e-05;-0.00433745;0;1;0;1;0;1;
24;0.15962;-0.159603;0.159238;-0.159621;0.159627;-0.159619;0.189722;-0.119402;0.189143;-0.175027;0.196476;-0.167225;1.78166e-05;0.0237915;0.000158471;-0.0121745;2.23662e-05;0.00573241;0;1;0;1;0;1;
25;0.222491;-0.222481;0.222268;-0.222492;0.222495;-0.22249;0.152928;-0.0800844;0.152493;-0.118871;0.185151;-0.128943;1.00039e-05;0.0138988;9.21163e-05;-0.0071091;1.2589e-05;0.0127924;0;0;0;1;0;1;
26;0.261128;-0.261122;0.260998;-0.26113;0.26113;-0.261127;0.143644;-0.0224568;0.14339;-0.0648301;0.162462;-0.0947166;5.34502e-06;0.0245257;5.34213e-05;0.0047061;6.90218e-06;0.00747272;0;1;0.316075;1;0;1;
27;0.282492;-0.28249;0.282417;-0.282497;0.282494;-0.282492;0.114351;0.00648356;0.114203;0.0273813;0.125339;-0.0376856;0.00361787;0.023572;3.25646e-05;0.045408;3.6394e-06;0.0129468;0.77956;1;1;1;0;1;
28;0.292153;-0.292153;0.292111;-0.292157;0.292155;-0.292154;0.064864;0.0395071;0.0647802;0.0713083;0.0712816;0.0252812;0.0123464;0.0137696;0.0166065;0.0393622;0.0178365;0.0075629;1;1;1;1;1;1;
29;0.281086;-0.294041;0.300338;-0.29632;0.283593;-0.292227;-0.0063963;0.067353;-0.00643748;0.0859255;0.00559169;0.0590474;0.00747448;0.0080413;0.0246226;0.0229876;0.0529969;0.00441774;1;0;1;0.227009;1;1;
30;0.27688;-0.284531;0.288208;-0.285862;0.278429;-0.283471;-0.0888051;0.124405;-0.0888168;0.135251;-0.0817859;0.119555;0.00929364;0.00469573;0.0459022;0.0134241;0.0482228;0.00257958;1;0;1;0;1;0;
31;0.259354;-0.263823;0.265972;-0.2646;0.260261;-0.263204;-0.158219;0.17901;-0.158216;0.185345;-0.154107;0.176178;0.00542904;0.00274188;0.0268126;0.0078392;0.0283972;0.00150611;1;0;1;0;1;0;
32;0.229462;-0.232073;0.233327;-0.232525;0.229994;-0.23171;-0.204461;0.216603;-0.204449;0.220302;-0.202051;0.214948;0.00317045;0.00160078;0.0156624;0.00457765;0.0165828;0.000879168;0.695247;0;1;0;1;0;
33;0.188179;-0.189704;0.190437;-0.189968;0.188492;-0.189492;-0.231705;0.238795;-0.230363;0.240955;-0.226291;0.237829;0.00185078;0.000934311;0.00914819;0.00267286;0.00968098;0.000513031;1;0;1;0;1;0;
34;0.133131;-0.134024;0.13445;-0.134176;0.133316;-0.133898;-0.244867;0.250177;-0.23384;0.251439;-0.211907;0.249613;-0.0006996;0.000545051;0.00534239;0.00156045;-0.00647519;0.00029916;1;0;1;0;1;0;
35;0.0587147;-0.0592396;0.0594866;-0.0593266;0.0588266;-0.0591645;-0.238647;0.249677;-0.226073;0.250463;-0.186887;0.249653;-0.000409779;0.000317776;0.00311993;0.000910794;-0.00378242;0.000174136;1;0;1;0;1;0;
36;-0.0361969;0.0358847;-0.035741;0.0358353;-0.036124;0.0359299;-0.223085;0.226862;-0.204857;0.230813;-0.16061;0.234009;-0.000240851;-6.95852e-05;0.00768042;0.000531434;0.00553735;0.000101076;1;0;1;0;1;0;
37;-0.132373;0.132188;-0.132104;0.132159;-0.132326;0.132215;-0.195336;0.20249;-0.18689;0.211727;-0.132415;0.202349;-0.00354189;-0.00175828;0.00448739;0.000309884;0.0133845;5.8454e-05;1;0;1;0;1;0;
38;-0.20512;0.205009;-0.204959;0.204993;-0.205089;0.205025;-0.148155;0.165162;-0.147886;0.201613;-0.0980275;0.166325;-0.0100175;-0.00102733;0.00821337;0.000180468;0.0157667;3.3848e-05;1;0;1;0;1;0;
39;-0.251016;0.250948;-0.250918;0.250938;-0.250994;0.250957;-0.0946349;0.156405;-0.11094;0.177692;-0.0442232;0.156723;-0.00584978;-0.000600418;0.00907662;0.000104967;0.0193907;1.92159e-05;1;0;1;0;1;0;
40;-0.277123;0.277079;-0.277061;0.277073;-0.277106;0.277084;-0.0301844;0.129065;-0.0532767;0.141497;0.0161452;0.129251;0.0038331;-0.000351079;0.0102777;6.13081e-05;0.0292261;1.08147e-05;1;0;1;0.298237;1;0;
41;-0.313533;0.28995;-0.292408;0.289945;-0.289965;0.289952;0.0350766;0.0834292;0.0372538;0.0906913;0.0547378;0.0835374;0.0217418;0.00593058;0.0245989;0.0111196;0.0371583;0.0219657;1;0.905302;1;0.929731;1;1;
42;-0.306933;0.318272;-0.29359;0.293158;-0.293169;0.281028;0.0524187;0.0168012;0.0806227;0.0210366;0.0638985;0.0168663;0.0126988;0.0389188;0.0143681;0.00691923;0.0217008;0.0383111;1;1;1;1;0.482627;1;
43;-0.295185;0.301808;-0.287393;0.28714;-0.287147;0.24817;0.105909;-0.0574175;0.122381;-0.0630108;0.112613;-0.0654305;0.00741563;0.0593179;0.00839062;0.00695073;0.0126728;0.0405199;0;1;0;0.726486;0;1;
44;-0.274761;0.278631;-0.270211;0.270063;-0.270067;0.206133;0.164446;-0.13182;0.174065;-0.139392;0.168361;-0.140791;0.00433029;0.0495336;0.00489966;0.00406012;0.00740048;0.0314743;0;1;0;1;0;1;
45;-0.244236;0.246497;-0.241578;0.241491;-0.241494;0.17609;0.20737;-0.165333;0.212988;-0.192738;0.209657;-0.193545;0.00252849;0.0311299;0.0028609;0.00237139;0.00432135;0.025099;0;1;0;1;0;1;
46;-0.203905;0.205227;-0.202353;0.2023;-0.202304;0.164107;0.233585;-0.179601;0.236866;-0.225039;0.234921;-0.205113;0.00147615;0.0181866;0.00167024;0.00138487;0.00252312;0.0146632;0;1;0;1;0;1;
47;-0.1518;0.152573;-0.150894;0.150862;-0.150865;0.128559;0.247696;-0.190385;0.249612;-0.242704;0.248476;-0.212921;0.00086154;0.0106245;0.000974898;0.000808638;0.00147294;0.00856667;0;1;0;1;0;1;
48;-0.0825305;0.0829828;-0.0820013;0.081982;-0.0819843;0.0689584;0.252591;-0.193724;0.252304;-0.242074;0.251627;-0.21621;0.000502639;0.00620552;0.000568814;0.000472021;0.000859635;0.00500466;0;1;0;1;0;1;
49;0.00803651;-0.00777201;0.00834558;-0.00835704;0.00835567;-0.0159623;0.238873;-0.184016;0.239234;-0.231413;0.235287;-0.218155;0.000292997;0.00362331;0.000331666;0.000274626;0.000501456;0.00292276;0;1;0;1;0;1;
50;0.107148;-0.106994;0.107328;-0.107335;0.107335;-0.111776;0.215868;-0.158068;0.215639;-0.203223;0.211276;-0.207498;0.000170607;0.0013416;0.000193189;0.000159846;0.000292302;-0.00599809;0;1;0;1;0;1;
51;0.187743;-0.187654;0.187849;-0.187853;0.187852;-0.190447;0.208435;-0.117091;0.208302;-0.167638;0.176884;-0.168659;9.91744e-05;-0.00430595;0.00011236;-0.00900919;0.000170157;-0.00350223;0;1;0;1;0;1;
52;0.240553;-0.240501;0.240614;-0.240618;0.240617;-0.242132;0.186967;-0.0659516;0.186889;-0.117634;0.139679;-0.125516;5.74763e-05;-0.00137356;6.51674e-05;-0.00526174;9.90334e-05;-0.0020446;0;1;0;1;0;1;
53;0.271402;-0.271373;0.271437;-0.271442;0.27144;-0.272325;0.15361;-0.0351912;0.153567;-0.0418789;0.125993;-0.0749718;3.33216e-05;0.0171752;0.0135074;-0.0102401;5.73233e-05;-0.000201085;0.369964;1;1;1;0;1;
54;0.287444;-0.287428;0.287467;-0.287469;0.287467;-0.287984;0.106907;-0.00428095;0.108324;0.0253318;0.0907741;0.00742871;0.00693486;0.0100326;0.0301372;0.00664944;3.31765e-05;0.0179978;1;1;1;1;0.0442679;1;
55;0.293145;-0.293136;0.333098;-0.29316;0.293158;-0.293461;0.0424741;0.0174623;0.0433092;0.0606886;0.0330565;0.0243055;0.00405156;0.00585888;0.0176064;0.00388428;0.0160806;0.0105127;1;0;1;0.827773;1;1;
56;0.289804;-0.2898;0.313434;-0.289814;0.291362;-0.289989;-0.0393381;0.0743411;-0.0388384;0.0995848;-0.0448241;0.0783379;0.00236648;0.00342133;0.0327439;0.00226793;0.0247113;0.00613926;1;0;1;0;1;0;
57;0.267555;-0.275948;0.289752;-0.275956;0.276861;-0.276058;-0.120318;0.14076;-0.120017;0.155503;-0.123511;0.143094;0.00138216;0.00199764;0.0191261;0.00132411;0.0144341;0.00358497;1;0;1;0;1;0;
58;0.24553;-0.250432;0.258489;-0.250436;0.250965;-0.250496;-0.18035;0.19229;-0.180168;0.200899;-0.182205;0.193653;0.000807817;0.00116609;0.011173;0.000772911;0.00843283;0.00209314;1;0;1;0;1;0;
59;0.211313;-0.214176;0.218881;-0.214179;0.214489;-0.214214;-0.217831;0.224804;-0.217718;0.229832;-0.204237;0.2256;0.000471884;0.000680437;0.00652788;0.000450975;0.00492611;0.0012219;1;0;1;0;1;0;
60;0.164821;-0.166494;0.169243;-0.166496;0.166678;-0.166517;-0.238962;0.243035;-0.232806;0.245972;-0.213453;0.2435;0.000275584;0.000396853;0.00381245;0.000262872;0.00287604;0.000713077;1;0;1;0;1;0;
61;0.102083;-0.103061;0.104668;-0.103062;0.103169;-0.103074;-0.246693;0.251518;-0.227322;0.253233;-0.205895;0.251789;0.000160874;0.000231174;0.00222594;0.000153041;-0.00234594;0.000415902;1;0;1;0;1;0;
62;0.0178409;-0.0184136;0.019355;-0.0184144;0.0184766;-0.0184214;-0.228378;0.241244;-0.223481;0.24342;-0.193246;0.243839;9.4251e-05;0.000134429;0.00129936;8.88631e-05;-0.00470461;0.000242397;1;0;1;0;1;0;
63;-0.0812267;0.080891;-0.0803381;0.0808901;-0.0808542;0.0808859;-0.197448;0.217066;-0.216248;0.226349;-0.167972;0.225475;5.60245e-05;7.79474e-05;-0.0110827;5.14172e-05;-0.00551785;0.000141038;1;0;1;0;1;0;
64;-0.168691;0.168494;-0.168168;0.168492;-0.168473;0.16849;-0.15571;0.185376;-0.18045;0.218692;-0.119029;0.218182;0.0131549;4.49594e-05;-0.00647296;2.96122e-05;-0.00384705;8.19075e-05;1;0;1;0;1;0;
65;-0.228733;0.228616;-0.228424;0.228615;-0.228605;0.228613;-0.11471;0.144757;-0.142886;0.197985;-0.0696699;0.197687;0.0248748;2.57323e-05;-0.0037804;1.67729e-05;0.0181584;4.73811e-05;1;0;1;0;1;0;
66;-0.264764;0.264692;-0.264578;0.264691;-0.264687;0.26469;-0.0579131;0.135179;-0.0906683;0.166265;-0.028124;0.16609;0.0145301;1.4632e-05;-0.00220754;0.00916482;0.0240598;2.7205e-05;1;0;1;0.515784;1;0;
67;-0.284262;0.284217;-0.284148;0.284215;-0.284215;0.284216;-0.00445376;0.104499;-0.0119137;0.12266;0.0113789;0.122551;0.0162516;8.15238e-06;0.00470873;0.0139795;0.0140526;1.55104e-05;1;0;1;1;1;0;
68;-0.340741;0.292489;-0.283385;0.292487;-0.292487;0.292489;0.0636536;0.0523767;0.0857206;0.0629875;0.0503868;0.0629208;0.0231781;0.00665588;0.0649813;0.0233518;0.00820875;0.0165173;1;1;1;1;1;1;
69;-0.319865;0.252637;-0.280793;0.278253;-0.293297;0.304954;0.0892741;-0.00388518;0.102163;-0.0153082;0.0815244;-0.0153411;0.0135364;0.0665499;0.0379502;0.0136427;0.00479363;0.0310111;0.75264;1;1;1;0;1;
70;-0.297398;0.25643;-0.27458;0.273095;-0.281882;0.288686;0.142521;-0.0836692;0.150048;-0.0993224;0.137995;-0.0993292;0.00790467;0.0692103;0.0221622;0.00979724;0.00279913;0.042373;0;1;0;1;0;1;
71;-0.268188;0.244266;-0.254862;0.253995;-0.259127;0.263097;0.191337;-0.15159;0.195733;-0.166108;0.188694;-0.166098;0.0046159;0.0462218;0.0129422;0.00572318;0.00163423;0.0349553;0;1;0;0.966468;0;1;
72;-0.230824;0.216856;-0.223042;0.222535;-0.225533;0.227849;0.224063;-0.182463;0.22663;-0.209328;0.22252;-0.209289;0.00269526;0.0270007;0.00755772;0.00334389;0.000953871;0.0204199;0;1;0;1;0;1;
73;-0.184226;0.17607;-0.179681;0.179385;-0.181136;0.182489;0.242973;-0.197451;0.244472;-0.234366;0.242071;-0.221083;0.00157356;0.0157712;0.00441316;0.00195442;0.000556514;0.011927;0;1;0;1;0;1;
74;-0.124384;0.119622;-0.12173;0.121556;-0.122579;0.123371;0.252212;-0.200184;0.253087;-0.241984;0.251685;-0.220015;0.000918475;0.00921045;0.00257675;0.00114285;0.000324432;0.006966;0;1;0;1;0;1;
75;-0.0450131;0.0422321;-0.0434631;0.0433611;-0.0439589;0.0444233;0.248467;-0.189936;0.248233;-0.224463;0.247338;-0.220655;0.000535924;0.00537791;0.00150432;0.00066922;0.000188874;0.00406811;0;1;0;1;0;1;
76;0.0527966;-0.0544216;0.0537018;-0.0537618;0.0534129;-0.053139;0.23016;-0.166313;0.231126;-0.197027;0.224174;-0.216814;0.000312512;0.00314021;0.000878027;0.00649811;0.000109708;0.00177641;0;1;0;1;0;1;
77;0.146543;-0.147494;0.147071;-0.147107;0.146904;-0.146741;0.204698;-0.129799;0.208094;-0.156044;0.195639;-0.190564;0.000182254;0.018224;0.000512453;0.0200359;6.35058e-05;0.00103687;0;1;0;1;0;1;
78;0.214555;-0.215113;0.214863;-0.214884;0.214766;-0.21467;0.194603;-0.0692563;0.196585;-0.111317;0.157773;-0.153094;0.000106545;0.0390384;0.000298726;0.0256679;3.65102e-05;0.000604911;0.591881;1;0;1;0;1;
79;0.256574;-0.256901;0.256754;-0.256767;0.256697;-0.25664;0.170109;-0.0389638;0.171262;-0.0907118;0.148596;-0.09203;0.00570477;0.0368173;0.000173976;0.0149928;2.09237e-05;0.00932548;1;1;0;1;0;1;
80;0.280055;-0.280248;0.280161;-0.280166;0.280127;-0.280095;0.132564;-0.00802911;0.13323;-0.0385538;0.119993;-0.021572;0.0190235;0.0264056;0.000101144;0.00875809;1.17967e-05;0.00856159;1;1;0;1;0;1;
81;0.357934;-0.291219;0.291167;-0.29117;0.291148;-0.290733;0.0792813;0.0397324;0.0796622;0.0336522;0.0719305;0.0729195;0.0191717;0.0154245;0.0158325;0.00732234;0.0117315;0.0353538;1;1;1;1;0.474476;1;
82;0.331818;-0.299222;0.25041;-0.292824;0.292999;-0.292366;0.00659811;0.062911;0.00682453;0.0593609;0.00231275;0.122726;0.0158593;0.00900763;0.0207031;0.00427624;0.0377829;0.020649;1;0;1;0.103081;1;1;
83;0.307801;-0.288764;0.238033;-0.285028;0.287457;-0.28476;-0.0777996;0.118394;-0.0776538;0.116321;-0.0743097;0.153326;0.00926367;0.00526001;0.0467339;0.00249698;0.0510427;0.0120586;1;0;1;0;1;0;
84;0.279193;-0.268075;0.205128;-0.265893;0.267316;-0.265737;-0.15056;0.174268;-0.15046;0.173057;-0.143225;0.194668;0.00541094;0.00307141;0.0348272;0.00145787;0.0439992;0.00704174;1;0;1;0;1;0;
85;0.243211;-0.236717;0.161441;-0.235443;0.236276;-0.235351;-0.199769;0.213615;-0.1997;0.212908;-0.185042;0.225528;0.00316075;0.0017932;0.0203455;0.00085099;0.0269055;0.00411189;1;0;1;0;1;0;
86;0.198883;-0.195089;0.151125;-0.194345;0.194833;-0.194292;-0.229045;0.237133;-0.227805;0.23672;-0.195557;0.24409;0.00184638;0.00104667;0.0118841;0.000496507;0.0157156;0.00240083;1;0;1;0;1;0;
87;0.142979;-0.140762;0.115086;-0.140327;0.140614;-0.140296;-0.2447;0.249425;-0.223683;0.249184;-0.207793;0.253488;0.00107847;0.000610711;0.00694003;0.000289458;0.00917811;0.00140153;1;0;1;0;1;0;
88;0.0693351;-0.0680395;0.0530442;-0.0677855;0.0679539;-0.0677674;-0.239759;0.250189;-0.223847;0.250775;-0.20373;0.250803;0.000629731;0.000356075;0.00405269;0.000168553;0.00535759;0.000817986;1;0;1;0;1;0;
89;-0.0247992;0.0255575;-0.0343155;0.0257058;-0.0256072;0.0257164;-0.224365;0.231144;-0.219546;0.236962;-0.18752;0.237478;0.00036771;0.00020738;0.00236524;9.79062e-05;-0.00429885;0.000477174;1;0;1;0;1;0;
90;-0.12272;0.123164;-0.12828;0.123251;-0.123193;0.123257;-0.196675;0.20531;-0.201025;0.206968;-0.163768;0.206852;0.00021468;0.000120532;-0.0115279;5.67075e-05;-0.00784965;0.000278183;1;0;1;0;1;0;
91;-0.198629;0.198891;-0.201881;0.198942;-0.198909;0.198946;-0.153028;0.170163;-0.162579;0.199731;-0.108924;0.198829;0.00442419;6.98471e-05;-0.0067327;3.26752e-05;-0.0138179;0.000162014;1;0;1;0;1;0;
92;-0.247141;0.247297;-0.249044;0.247327;-0.247309;0.247329;-0.102167;0.160565;-0.120444;0.178576;-0.0557594;0.17805;0.0117256;4.03e-05;-0.00393173;1.86113e-05;0.0129214;9.41778e-05;1;0;1;0;1;0;
93;-0.275012;0.275106;-0.276128;0.275123;-0.275115;0.275125;-0.0427451;0.134026;-0.0555929;0.144545;0.00652567;0.144235;0.0162412;0.0147681;-0.0022951;0.00130558;0.0360523;5.46137e-05;1;0.345044;1;0.551315;1;0;
94;-0.289055;0.289113;-0.290502;0.28912;-0.289116;0.289121;-0.00678761;0.0897966;0.0320702;0.0959376;0.0421513;0.0957525;0.00948585;0.0167724;0.0138285;0.00686697;0.0383132;0.0149037;1;1;1;1;1;0.916121;
95;-0.2932;0.325151;-0.294046;0.293237;-0.293236;0.279608;0.0234936;0.0249949;0.107214;0.0285759;0.0520729;0.0284714;0.00554032;0.0220179;0.00807736;0.00534299;0.0223749;0.0467843;0.958789;1;1;1;0.399738;1;
96;-0.288201;0.306859;-0.288694;0.288222;-0.288222;0.250878;0.0850424;-0.0541757;0.133938;-0.054631;0.101732;-0.0546818;0.00323509;0.0550718;0.00471782;0.00312177;0.0130665;0.0388697;0;1;1;1;0;1;
97;-0.272327;0.283226;-0.272615;0.272339;-0.272339;0.217594;0.150511;-0.120643;0.179066;-0.132751;0.160258;-0.132766;0.00188887;0.0554318;0.00275469;0.00182341;0.00763044;0.0427386;0;1;0;0.657437;0;1;
98;-0.244874;0.251242;-0.245043;0.244881;-0.244882;0.176389;0.198843;-0.166611;0.215519;-0.188471;0.204535;-0.188466;0.0011027;0.0364784;0.00160829;0.00106453;0.00445567;0.0297867;0;1;0;1;0;1;
