1;-0.000363587;0.000116064;9.94837e-05;-0.000363587;0.000116064;9.94835e-05;0.034977;0.0347457;0.0352595;0.0349769;0.0347456;0.0352595;0.808667;0.808665;0.808666;0.808667;0.808665;0.808666;0;0;0;0;0;0;
2;0.00328041;0.00352836;-0.0109229;-0.00263023;-0.00293877;0.00234948;0.101376;0.101255;0.10209;0.101795;0.103649;0.117529;0.472354;0.472354;0.472358;0.472294;0.472293;0.472302;1;1;1;1;1;1;
3;0.00502842;-0.0212957;-0.0357527;0.0157691;0.0177325;0.00470245;0.0593022;0.0623298;0.0641477;0.0697983;0.0721095;0.0835924;0.275867;0.275871;0.275875;0.27584;0.275836;0.275839;1;1;1;1;1;1;
4;0.0035713;-0.0130719;-0.0202448;0.0138924;0.0109915;0.00211133;0.0346095;0.0390605;0.0377384;0.0407963;0.0420906;0.0488491;0.16111;0.161113;0.161117;0.161098;0.161094;0.161094;1;1;1;1;1;1;
5;0.00296168;-0.00851013;-0.0109468;0.00723764;0.00729581;0.000419249;0.0298874;0.0322929;0.031939;0.0256791;0.0262283;0.028787;0.0940908;0.0940929;0.0940952;0.0940838;0.0940806;0.0940793;1;1;1;1;1;1;
6;0.00194646;-0.00607734;-0.00528547;0.00311978;0.00536823;-0.00086257;0.0291068;0.0319358;0.0306531;0.0294215;0.0289605;0.0293971;0.0549516;0.0549528;0.0549542;0.0549468;0.0549447;0.0549432;1;1;1;1;1;1;
7;0.00238003;-0.00479246;-0.00184338;0.000578919;0.00437839;-0.001747;0.0265447;0.0318894;0.0296897;0.02816;0.0285902;0.0324746;0.0320944;0.032095;0.0320962;0.0320911;0.0320903;0.0320887;1;1;1;1;1;1;
8;0.00252354;-0.00393235;5.71788e-05;-0.000795409;0.00369055;-0.00215388;0.0244653;0.0325613;0.0274742;0.028575;0.0276985;0.0335224;0.0187458;0.0187459;0.0187471;0.0187429;0.0187433;0.0187419;1;1;1;1;1;1;
9;0.00201216;-0.00283485;0.00057176;-0.00102137;0.00269375;-0.00179632;0.0221403;0.0340315;0.0252685;0.030543;0.0276413;0.0357909;0.0109503;0.0109499;0.0109513;0.0109476;0.0109491;0.0109474;1;1;1;1;1;1;
10;0.000279857;-0.000760252;-0.000561359;0.000298708;0.000678193;-0.00015395;0.0190086;0.0355711;0.0222302;0.0323772;0.0268379;0.037791;0.00639777;0.00639695;0.00639865;0.00639498;0.00639754;0.00639538;1;1;1;1;1;1;
11;-0.00348261;0.00320208;-0.00397386;0.00382046;-0.0032494;0.00355577;0.0157742;0.0374751;0.0190305;0.0348851;0.0259566;0.0403078;0.00373919;0.00373784;0.00477925;0.00373635;0.00520873;0.00373688;1;1;1;1;1;1;
12;-0.0103336;0.0101698;-0.0106205;0.0105309;-0.0101964;0.0103756;0.0127101;0.0389588;0.0164844;0.0374501;0.0250455;0.0427948;0.00376812;0.00218481;0.0045957;0.00218363;0.00576632;0.00218431;1;1;1;1;1;1;
13;-0.0214928;0.0213972;-0.0216604;0.0216081;-0.0214114;0.0215162;0.0118071;0.0393836;0.0150371;0.0385165;0.0246908;0.0429641;0.00488726;0.00127781;0.00507616;0.00127681;0.00631661;0.00127768;1;1;1;1;1;1;
14;-0.0380482;0.0379925;-0.0381461;0.0381153;-0.0379989;0.0380609;0.0156974;0.037634;0.0172091;0.0351992;0.0240852;0.0426406;0.00395243;0.000748425;0.00636426;0.000747464;0.00457284;0.00298879;1;1;1;1;1;1;
15;-0.0603015;0.060269;-0.0603587;0.0603392;-0.0602695;0.0603071;0.0255884;0.0306331;0.0296883;0.025518;0.0259735;0.032071;0.00455623;0.00734992;0.00371958;0.00153648;0.00267222;0.00504207;1;1;1;1;1;1;
16;-0.0867324;0.0867135;-0.0867658;0.0867542;-0.0867137;0.0867353;0.0461139;0.0144554;0.052264;0.00347266;0.0378608;0.0158447;0.00266278;0.013975;0.00544205;0.00396477;0.00156155;0.00983333;1;1;1;1;1;1;
17;-0.113117;0.113106;-0.113137;0.11313;-0.113106;0.113119;0.05981;-0.0189452;0.0634028;-0.0308443;0.0549876;-0.0236161;0.00155605;0.0110618;0.0031798;0.00568121;0.000911642;0.0144009;1;1;1;1;0;1;
18;-0.1328;0.117911;-0.132811;0.132808;-0.132794;0.132801;0.0964939;-0.0628085;0.0985926;-0.0795723;0.0936775;-0.0753507;0.000908387;0.0207325;0.00185698;0.0176474;0.000532028;0.0102351;0;0.0943895;0.199053;1;0;1;
19;-0.138311;0.129617;-0.138318;0.138316;-0.138308;0.138313;0.144135;-0.0848292;0.145361;-0.134248;0.142491;-0.131779;0.000530085;0.0527594;0.00108401;0.0195156;0.000310346;0.00743082;0;0;0;1;0;1;
20;-0.123567;0.118488;-0.12357;0.123569;-0.123564;0.123567;0.186299;-0.104998;0.187014;-0.180517;0.185338;-0.176704;0.0003091;0.0616358;0.000632558;0.0217819;0.000180823;0.0195683;0;0;0;1;0;1;
21;-0.0843852;0.0814193;-0.0843875;0.0843861;-0.0843839;0.0843851;0.21512;-0.126087;0.215538;-0.200496;0.214559;-0.191103;0.000180034;0.0500015;0.000368905;0.0209546;0.000105144;0.0141185;0;0;0;1;0;1;
22;-0.0173047;0.0155731;-0.017306;0.0173051;-0.0173039;0.0173047;0.230648;-0.139942;0.230892;-0.201759;0.23032;-0.194328;0.000104666;0.0331188;0.000214938;0.0155036;6.08694e-05;0.0136037;0;0.141159;0;1;0;1;
23;0.0725456;-0.0735563;0.0725448;-0.0725452;0.072546;-0.0725455;0.229611;-0.14082;0.229738;-0.191743;0.229859;-0.192439;6.06552e-05;0.019348;0.000125051;0.00905793;3.50043e-05;0.00825029;0;0.184669;0;1;0;1;
24;0.159619;-0.160209;0.159619;-0.159619;0.159619;-0.159619;0.222793;-0.131519;0.222867;-0.167117;0.222938;-0.177792;3.49454e-05;0.0113016;7.25428e-05;0.00529114;1.98961e-05;0.00481932;0;0.218222;0;1;0;1;
25;0.222491;-0.222836;0.22249;-0.222491;0.222491;-0.222491;0.203355;-0.086476;0.203398;-0.118404;0.20344;-0.139662;1.98914e-05;0.0110018;4.1845e-05;-0.00486461;1.11313e-05;0.00661909;0;0.261176;0;1;0;1;
26;0.261128;-0.26133;0.261128;-0.261128;0.261128;-0.261129;0.173094;-0.0177835;0.173119;-0.0678085;0.173143;-0.0893885;1.11513e-05;0.0343072;2.39801e-05;0.00783093;6.0129e-06;0.0132823;0;0.235599;0;1;0;1;
27;0.282492;-0.282611;0.282493;-0.282494;0.282493;-0.282494;0.131551;0.0123731;0.131562;0.00129534;0.131576;-0.010209;0.00692156;0.0256465;1.36944e-05;0.029939;3.07279e-06;0.0232868;1;0;0.287637;1;0;1;
28;0.292154;-0.292223;0.292154;-0.292155;0.292155;-0.292155;0.0749085;0.0441898;0.0749153;0.0555618;0.0749217;0.0569539;0.00544669;0.0149815;0.016017;0.0253497;0.0140293;0.0257063;1;1;1;1;1;1;
29;0.285888;-0.292424;0.29273;-0.292731;0.290282;-0.292866;-0.000530536;0.0700886;-0.000521761;0.0767293;-0.000512743;0.0775449;0.00588457;0.00874953;0.0169811;0.0148042;0.0403806;0.0150136;1;0.809663;1;0.290069;1;1;
30;0.279769;-0.283587;0.283765;-0.283766;0.282336;-0.283844;-0.08538;0.126003;-0.0853641;0.129881;-0.0853539;0.130358;0.00343792;0.00510932;0.0377856;0.00864517;0.0355112;0.00876759;1;0;0;0;1;0;
31;0.261041;-0.263273;0.263374;-0.263376;0.262545;-0.263422;-0.156221;0.179943;-0.14359;0.182208;-0.152171;0.182487;0.00200796;0.00298332;0.0577723;0.00504839;0.0292813;0.00512008;0.742281;0;1;0;1;0;
32;0.230446;-0.231751;0.231809;-0.231811;0.231328;-0.231837;-0.203293;0.217147;-0.195906;0.21847;-0.190776;0.218633;0.00117289;0.00174179;0.0337445;0.00294779;0.0198293;0.00298965;1;0;0;0;1;0;
33;0.188753;-0.189515;0.189549;-0.18955;0.18927;-0.189566;-0.231022;0.239113;-0.22429;0.239885;-0.214959;0.23998;0.000684953;0.00101666;0.0197079;0.00172103;0.0115804;0.00174546;1;0;1;0;1;0;
34;0.133466;-0.133912;0.133932;-0.133932;0.13377;-0.133941;-0.245637;0.250363;-0.225721;0.250814;-0.214765;0.250869;0.000399794;0.000593142;0.01151;0.00100461;0.00675969;0.00101886;1;0;1;0;1;0;
35;0.0589111;-0.0591731;0.0591842;-0.0591838;0.0590917;-0.0591893;-0.239669;0.249932;-0.21938;0.248824;-0.196638;0.249258;0.000233245;0.000345806;0.00672269;0.000586219;-0.00301504;0.000594467;1;0;1;0;1;0;
36;-0.0360783;0.0359242;-0.0359177;0.0359182;-0.03597;0.035915;-0.217432;0.225187;-0.209959;0.234909;-0.176517;0.236099;0.000136319;0.000201358;0.00392695;0.000341889;-0.0076462;0.000346627;1;0;1;0;1;0;
37;-0.132302;0.132211;-0.132207;0.132207;-0.132237;0.132205;-0.185179;0.200797;-0.189464;0.207794;-0.147981;0.21432;8.04169e-05;0.00011705;0.00229438;0.000199434;-0.00467195;0.000202085;1;0;1;0;1;0;
38;-0.205076;0.205023;-0.205019;0.20502;-0.205038;0.205019;-0.133683;0.164139;-0.156528;0.198123;-0.0965224;0.203126;0.0150932;6.77825e-05;0.00364875;0.000115957;-0.00228623;0.00011747;1;0;1;0;1;0;
39;-0.250988;0.250956;-0.250953;0.250954;-0.250966;0.250953;-0.0789011;0.123483;-0.115727;0.175654;-0.0390545;0.178576;0.024188;3.90523e-05;0.0103319;6.73506e-05;0.0207152;6.8181e-05;1;0;1;0;1;0;
40;-0.277104;0.277084;-0.277082;0.277082;-0.277092;0.277082;-0.0062745;0.109838;-0.0496124;0.140309;0.0203375;0.142013;0.0470259;2.23344e-05;0.00603583;0.00822631;0.0426919;3.9472e-05;1;0;1;0.527317;1;0;
41;-0.289965;0.289952;-0.28995;0.289951;-0.289957;0.289951;0.0323725;0.0722011;0.0332446;0.0899976;0.0625042;0.0909908;0.0274687;0.00861028;0.0182797;0.00703651;0.0470268;0.0196937;1;0.866555;1;1;1;1;
42;-0.285613;0.293161;-0.29316;0.290111;-0.293165;0.29343;0.0508403;0.0102424;0.0525995;0.0206339;0.0683426;0.0212179;0.0160436;0.0121004;0.0106777;0.0303456;0.0274638;0.0252658;1;1;1;1;0.544129;1;
43;-0.280755;0.287142;-0.287142;0.285361;-0.287145;0.2873;0.104988;-0.0693019;0.106017;-0.0632449;0.115209;-0.062896;0.00936898;0.0210835;0.00623616;0.0177249;0.0160384;0.0168166;0;0;1;1;0;1;
44;-0.266334;0.270066;-0.270064;0.269024;-0.270066;0.270158;0.163907;-0.143053;0.164508;-0.139529;0.169876;-0.139316;0.00547106;0.0310317;0.00364146;0.0103531;0.00936593;0.0115171;0;0.216142;0;1;0;1;
45;-0.239315;0.241494;-0.241493;0.240884;-0.241494;0.241549;0.207056;-0.194867;0.207407;-0.192817;0.210542;-0.192688;0.00319468;0.0181245;0.00212613;0.00604784;0.0054692;0.00672642;0;0.157655;0;1;0;1;
46;-0.201031;0.202302;-0.202303;0.201947;-0.202303;0.202337;0.233402;-0.184712;0.233607;-0.225084;0.235438;-0.225007;0.00186516;0.010588;0.00124114;0.00353385;0.00319351;0.00392697;0;0.0544941;0;1;0;1;
47;-0.150122;0.150863;-0.150865;0.150656;-0.150865;0.150886;0.247589;-0.18626;0.247709;-0.238654;0.248778;-0.229092;0.00108867;0.00785111;0.000724231;0.00206564;0.0018645;0.00229232;0;0.151115;0;1;0;1;
48;-0.0815504;0.0819828;-0.0819843;0.081862;-0.0819841;0.0819978;0.252342;-0.186803;0.252465;-0.232521;0.250409;-0.221044;0.00063528;0.00458675;0.000422444;0.00120806;0.0010883;0.00133869;0;0.214888;0;1;0;1;
49;0.00860879;-0.00835643;0.00835538;-0.00842691;0.00835583;-0.00834666;0.238331;-0.176112;0.239244;-0.222517;0.23533;-0.216971;0.000370465;0.00267948;0.000246162;0.000706035;0.000634996;0.000781159;0;0.244917;0;1;0;1;
50;0.107482;-0.107335;0.107334;-0.107376;0.107335;-0.107329;0.21609;-0.154275;0.209989;-0.192933;0.212768;-0.200216;0.000215843;0.00156561;0.000143239;0.000412039;0.000370295;-0.0076707;0;0.22228;0;1;0;1;
51;0.187938;-0.187853;0.187852;-0.187876;0.187853;-0.187849;0.208565;-0.114046;0.176449;-0.147565;0.196929;-0.160562;0.000125585;0.00595325;8.31498e-05;-0.00942368;0.000215845;-0.00866727;0;0.210225;0;1;0;1;
52;0.240667;-0.240618;0.240616;-0.240631;0.240617;-0.240615;0.187043;-0.0595946;0.168287;-0.0982534;0.180247;-0.11656;7.31645e-05;0.0185987;4.80872e-05;0.010481;0.000125522;0.00955321;0.298694;0.275098;0;1;0;1;
53;0.271469;-0.271441;0.271439;-0.271449;0.27144;-0.271438;0.153659;-0.0248312;0.142701;-0.0444436;0.149685;-0.0459079;0.00691693;0.017575;2.76565e-05;0.0198974;7.28036e-05;0.0203825;1;0;0;1;0;1;
54;0.287484;-0.287467;0.287466;-0.287472;0.287467;-0.287465;0.106939;0.0107441;0.100533;0.0174876;0.10461;0.0370068;0.0138728;0.0160115;0.000120382;0.0207705;4.20992e-05;0.0346778;1;1;0.921306;1;0;1;
55;0.293168;-0.293158;0.293158;-0.293374;0.29201;-0.293157;0.0424945;0.0263767;0.0387534;0.0571325;0.0411372;0.102397;0.0109439;0.0093529;0.00971546;0.0121307;0.027966;0.0263306;1;1;1;0.853725;1;1;
56;0.289819;-0.289813;0.289813;-0.289939;0.289824;-0.289933;-0.0393224;0.0795471;-0.0415013;0.0975083;-0.0401043;0.123946;0.0128033;0.00546176;0.0151552;0.00708384;0.0361664;0.0153783;1;0;1;0;1;1;
57;0.275959;-0.275955;0.210028;-0.276029;0.275964;-0.276025;-0.120309;0.143801;-0.121568;0.15429;-0.12075;0.16973;0.00747818;0.00318921;0.0355404;0.00413661;0.0245367;0.00898054;1;0;0;0;1;0;
58;0.250438;-0.250436;0.176519;-0.250479;0.250445;-0.250477;-0.180345;0.194065;-0.18107;0.200191;-0.180589;0.209208;0.00436798;0.001862;0.0387601;0.00241542;0.0200975;0.00524416;1;0;1;0;1;0;
59;0.21418;-0.214179;0.171012;-0.214204;0.214186;-0.214203;-0.217828;0.225841;-0.218245;0.229419;-0.217962;0.234684;0.00255132;0.00108688;0.0226376;0.00141017;0.011737;0.00306211;1;0;1;0;1;0;
60;0.166497;-0.166496;0.141287;-0.166511;0.166501;-0.16651;-0.238961;0.243641;-0.225211;0.24573;-0.221046;0.248805;0.00149015;0.000634164;0.0132214;0.000823084;-0.0124092;0.00178781;1;0;1;0;1;0;
61;0.103063;-0.103062;0.088342;-0.103071;0.103067;-0.103071;-0.249138;0.251871;-0.214684;0.253092;-0.219991;0.254887;0.000870311;0.000369732;0.00772262;0.000480212;-0.0125117;0.00104365;1;0;1;0;1;0;
62;0.0184146;-0.0184148;0.00981927;-0.0184196;0.0184191;-0.0184194;-0.233155;0.240171;-0.208356;0.245213;-0.19618;0.243773;0.000508312;0.000215303;0.00797574;0.000279986;-0.0151831;0.000609035;1;0;1;0;1;0;
63;-0.0808899;0.0808901;-0.0859094;0.080887;-0.080886;0.0808871;-0.204276;0.216169;-0.203224;0.224612;-0.163833;0.226675;0.000297313;0.000125152;0.00465882;0.000163058;-0.00886895;0.000355182;1;0;1;0;1;0;
64;-0.168492;0.168493;-0.171423;0.168491;-0.16849;0.168491;-0.166537;0.184364;-0.174277;0.217586;-0.119552;0.218883;0.00898491;7.25147e-05;0.00383835;9.47832e-05;-0.00350258;0.000206982;1;0;1;0;1;0;
65;-0.228614;0.228615;-0.230326;0.228614;-0.228614;0.228614;-0.116002;0.148049;-0.135115;0.197339;-0.0714891;0.198096;0.0127145;4.17854e-05;0.00370099;5.49161e-05;0.0165312;0.000120454;1;0;1;0;1;0;
66;-0.26469;0.264691;-0.26569;0.26469;-0.264691;0.264691;-0.0634369;0.137101;-0.0766182;0.165889;-0.0234472;0.166329;0.029615;2.39086e-05;0.0158499;0.00884038;0.0349765;6.99559e-05;1;0;1;1;1;0;
67;-0.284215;0.284216;-0.284799;0.284213;-0.284214;0.284216;-0.0103725;0.105622;0.00702063;0.12244;0.0234494;0.122692;0.0207539;1.35205e-05;0.0211246;0.005165;0.0394682;4.1026e-05;1;0;1;1;1;0.755473;
68;-0.292487;0.292488;-0.292828;0.292485;-0.292487;0.292489;0.0426948;0.0530353;0.0645999;0.062857;0.0382781;0.0630068;0.0121224;0.0252848;0.0196909;0.0111034;0.0230505;0.0414087;1;1;1;1;1;1;
69;-0.286845;0.272074;-0.281056;0.273566;-0.293619;0.29315;0.0770329;-0.0139311;0.0898299;-0.0153859;0.0744529;-0.0152907;0.00707929;0.0565299;0.0115019;0.00648666;0.0134611;0.0346299;0.555773;1;1;1;0;1;
70;-0.278114;0.241708;-0.274733;0.247751;-0.28207;0.281284;0.135372;-0.0834076;0.142846;-0.099368;0.133865;-0.0993006;0.00413366;0.0654631;0.00671696;0.00378922;0.00786103;0.0385204;0;0;0.750191;1;0;1;
71;-0.256927;0.317358;-0.254952;0.239194;-0.259238;0.258774;0.187162;-0.147544;0.191528;-0.166134;0.186282;-0.166083;0.00241365;0.0530063;0.00392272;0.00813936;0.00459048;0.0295631;0;0.0989131;0.0629579;1;0;1;
72;-0.224248;0.289014;-0.223095;0.213893;-0.225598;0.225323;0.221625;-0.196238;0.224179;-0.209345;0.221111;-0.176954;0.00140943;0.0333575;0.00979416;0.00475351;0.00268017;0.0347262;0;1;1;1;0;1;
73;-0.180386;0.218213;-0.179712;0.174338;-0.181174;0.181012;0.241549;-0.192066;0.243041;-0.234378;0.241249;-0.206305;0.000822739;0.0194816;0.00571958;0.00277616;0.00156459;0.0202869;0;1;0.399731;0.990956;0;1;
74;-0.122142;0.144235;-0.121748;0.11861;-0.122602;0.122507;0.25138;-0.192232;0.252251;-0.247191;0.251205;-0.211973;0.000479994;0.0113789;0.0033397;0.00162147;0.000913149;0.0118498;0;1;0;1;0;1;
75;-0.0437033;0.0566081;-0.0434737;0.0416406;-0.0439721;0.0439171;0.24819;-0.190666;0.247588;-0.23717;0.24809;-0.207271;0.000279853;0.00664507;0.00194989;0.000947079;0.000532679;0.00692209;0;1;0;1;0;1;
76;0.0535617;-0.0460236;0.0536958;-0.0547662;0.0534049;-0.0534362;0.229996;-0.173498;0.230801;-0.215332;0.225999;-0.201653;0.000162959;0.00387931;0.00113824;0.000553443;0.000310486;0.0040435;0;1;0;1;0;1;
77;0.14699;-0.142587;0.147068;-0.147693;0.146899;-0.146916;0.198118;-0.145138;0.198807;-0.17862;0.199039;-0.180234;9.49155e-05;-0.00298594;0.000664468;0.000324132;0.000180778;-0.000981412;0;1;0;1;0;1;
78;0.214816;-0.212245;0.214862;-0.215226;0.214763;-0.214773;0.166313;-0.0941779;0.17402;-0.126857;0.190484;-0.153723;5.48655e-05;-0.00838939;0.000387889;0.0170656;0.000105019;-0.000572552;0;1;0.581581;1;0;1;
79;0.256726;-0.255227;0.256753;-0.256965;0.256695;-0.256701;0.153585;-0.0674927;0.158086;-0.077407;0.167699;-0.109136;3.27911e-05;0.00585519;0.00022732;0.00997021;6.07835e-05;-0.00466532;0.990913;1;1;1;0;1;
80;0.280146;-0.279273;0.28016;-0.280283;0.280126;-0.280128;0.122912;-0.0306374;0.125539;0.00658431;0.131149;-0.0663693;0.00848137;0.0121297;0.00555478;0.037592;3.5028e-05;-0.00488185;1;1;1;1;0;1;
81;0.291161;-0.273981;0.291166;-0.296286;0.291147;-0.291145;0.0736407;0.0666346;0.0751739;0.0589736;0.0784458;-0.0406084;0.0136255;0.0477103;0.00786481;0.025119;0.000630959;-0.00284955;1;1;1;1;0.5494;1;
82;0.30712;-0.282787;0.292822;-0.31388;0.284975;-0.292663;0.00330148;0.0925262;0.00420312;0.117445;0.00611681;0.0159945;0.00795929;0.0278651;0.0158616;0.0146716;0.0315197;-0.00166359;1;1;1;1;1;1;
83;0.293378;-0.279166;0.285026;-0.297325;0.304519;-0.284934;-0.0797266;0.135689;-0.0791878;0.150242;-0.0780652;0.0909948;0.00464932;0.0162728;0.0150767;0.00856804;0.0433122;-0.000971893;1;0;0;0;1;0;
84;0.27077;-0.26247;0.162283;-0.273074;0.277278;-0.265839;-0.151684;0.184368;-0.151356;0.192867;-0.149621;0.158267;0.00271709;0.00950266;0.0545638;0.00500335;0.0318522;-0.000567954;1;0;1;0;1;0;
85;0.23829;-0.233443;0.174935;-0.239636;0.24209;-0.235411;-0.200423;0.219514;-0.200228;0.224477;-0.199209;0.204271;0.00195468;0.00554903;0.0318669;0.00292145;0.0189599;-0.000332119;1;0;1;0;1;0;
86;0.196007;-0.193177;0.159008;-0.196794;0.198227;-0.194326;-0.229426;0.240578;-0.22931;0.243476;-0.214386;0.231676;0.00523661;0.00324003;0.0186105;0.00170566;0.0110713;-0.000194456;1;0;1;0;1;0;
87;0.141298;-0.139645;0.11969;-0.141757;0.142593;-0.140316;-0.238777;0.251437;-0.232714;0.253129;-0.21424;0.246238;0.00306015;0.00189154;0.0108683;0.000995679;0.00646245;-0.000114074;1;0;1;0;1;0;
88;0.0683531;-0.0673865;0.0557334;-0.0686213;0.0691085;-0.0677798;-0.224688;0.24986;-0.225364;0.250488;-0.185875;0.249667;0.00178937;0.00110403;0.00634731;0.000581046;-0.000164863;-6.7128e-05;1;0;1;0;1;0;
89;-0.0253724;0.0259396;-0.0327426;0.0252158;-0.0249341;0.0257072;-0.198797;0.228946;-0.216372;0.237391;-0.158896;0.238206;0.0094054;0.000644156;0.00370722;0.000338892;0.0115256;-3.97238e-05;1;0;1;0;1;0;
90;-0.123053;0.123388;-0.127359;0.122964;-0.122802;0.123251;-0.192496;0.207638;-0.191188;0.204958;-0.137332;0.202254;0.00549188;0.000375663;-0.0113314;0.000197274;0.0153266;-2.35319e-05;1;0;1;0;1;0;
91;-0.198825;0.199022;-0.201341;0.198774;-0.198681;0.198942;-0.150884;0.170557;-0.152786;0.204069;-0.109545;0.175285;-0.00232314;0.000218827;-0.00661684;0.00276868;0.0133116;-1.42445e-05;1;0;1;0.358457;1;0;
92;-0.247258;0.247373;-0.248728;0.24723;-0.247177;0.247326;-0.0954887;0.161539;-0.106315;0.181115;-0.0773849;0.1643;0.0154576;0.000127338;-0.00386247;0.0121577;0.0141048;-8.69953e-06;1;0;1;0.816041;1;0;
93;-0.275085;0.275151;-0.275942;0.275068;-0.275038;0.275123;-0.0497999;0.134593;-0.0339075;0.148659;-0.0170469;0.136205;0.0127385;7.44935e-05;0.0266211;0.0291956;0.0179999;-5.49477e-06;1;0.468952;1;1;1;0;
94;-0.289098;0.289138;-0.289599;0.28909;-0.289072;0.289121;-0.0294609;0.0901245;0.0479227;0.0983449;0.032709;0.091062;0.00744036;0.0054927;0.0308768;0.0289975;0.0249124;0.00387133;1;1;1;1;1;1;
95;-0.293225;0.327047;-0.293517;0.319967;-0.29321;0.282667;0.0102539;0.0251838;0.124574;0.0299856;0.0465591;0.0257324;0.00434649;0.0173462;0.0180377;0.0317474;0.0145492;0.0355355;1;1;1;1;0.854612;1;
96;-0.288215;0.236522;-0.289653;0.303835;-0.288207;0.228726;0.0773103;-0.0440196;0.158949;-0.0538016;0.0985124;-0.0562829;0.00253784;0.0599205;0.0278768;0.0185452;0.00849638;0.024664;0;1;1;1;0;1;
97;-0.272335;0.230416;-0.273175;0.281459;-0.27233;0.197166;0.145996;-0.116116;0.193673;-0.132262;0.158378;-0.133705;0.00148155;0.0609405;0.0162793;0.0108342;0.00496154;0.0267776;0;1;0;1;0;1;
98;-0.244879;0.220399;-0.245369;0.250208;-0.244876;0.172533;0.196206;-0.168688;0.224049;-0.188183;0.203437;-0.185212;0.000864858;0.0355994;0.00950661;0.00633022;0.00289703;0.0332596;0;1;0;1;0;1;
