1;-0.000363589;0.000116065;9.94843e-05;-0.000363589;0.000116065;9.94842e-05;0.0349769;0.0347456;0.0352595;0.034977;0.0347456;0.0352595;0.808667;0.808665;0.808666;0.808667;0.808665;0.808666;0;0;0;0;0;0;
2;4.98251e-05;0.000878629;-0.00778244;-0.00119738;0.00672406;0.000138617;0.167251;0.164816;0.167264;0.179532;0.182258;0.179249;0.472485;0.472487;0.472491;0.472453;0.472477;0.472456;1;1;1;1;1;1;
3;0.00185965;0.000638445;-0.00467153;-0.00479863;0.0179758;-0.000460912;0.100351;0.0990806;0.100997;0.10505;0.106529;0.105878;0.27595;0.27595;0.275952;0.275931;0.275944;0.275934;0.934778;0.584073;0.826088;0.516885;0.521533;1;
4;0.0010535;-0.000261996;-0.00209332;-0.0034372;0.0111326;-0.0032976;0.0585829;0.0578951;0.0589607;0.0613818;0.0621897;0.0618658;0.16116;0.16116;0.161162;0.161149;0.161156;0.161152;0.704001;0.78965;0.68003;0.506352;0.694562;1;
5;0.00149138;-0.00102914;-0.000346326;-0.00288347;0.0073775;-0.00280192;0.0339618;0.0340707;0.034183;0.0361072;0.0360678;0.0363904;0.0941205;0.0941204;0.0941218;0.0941142;0.0941181;0.0941161;0.753246;0.795822;0.901567;0.486912;0.789419;1;
6;0.00197838;-0.00170841;0.000905191;-0.00241879;0.00541584;-0.00252452;0.0283982;0.0326323;0.0341437;0.0301248;0.0323074;0.0352616;0.0549687;0.0549686;0.0549698;0.0549649;0.0549675;0.0549664;0.733524;0.825326;0.89333;0.675726;0.86277;1;
7;0.0023987;-0.00224101;0.00177195;-0.00265584;0.00440614;-0.0027176;0.0252242;0.0287348;0.0286373;0.028254;0.0288034;0.0316486;0.0321042;0.032104;0.0321052;0.0321018;0.0321039;0.0321029;0.752554;0.795281;0.902235;0.573197;0.895989;0.866245;
8;0.00253445;-0.00244232;0.00216842;-0.00261273;0.00370677;-0.00266751;0.0234132;0.0283953;0.0274397;0.0301596;0.0298608;0.0341357;0.0187515;0.0187509;0.0187524;0.0187496;0.0187517;0.0187507;0.787295;0.609427;0.949694;0.375999;0.908023;0.666363;
9;0.00201852;-0.00196469;0.00180475;-0.0020642;0.00270314;-0.0020962;0.0227967;0.0294675;0.0271352;0.0322947;0.0306144;0.0365885;0.0109535;0.0109524;0.0109544;0.0109518;0.0109542;0.0109527;0.653608;0.54662;0.782576;0.469276;0.871971;0.847542;
10;0.000283575;-0.000252097;0.000158736;-0.000310201;0.000683371;-0.000328899;0.0205903;0.0288801;0.0242587;0.0340436;0.0301263;0.0376612;0.00639968;0.00639778;0.00640051;0.00639778;0.00640079;0.00639862;1;0.506925;1;0.451669;0.825347;0.815587;
11;-0.00348043;0.00349884;-0.00355336;0.00346492;-0.00324697;0.00345399;0.0192963;0.028687;0.0220303;0.0352806;0.0289773;0.0402077;0.00593386;0.00373762;0.00747782;0.00373811;0.00893823;0.00373894;0.875069;0.477121;1;0.440963;0.781581;0.805179;
12;-0.0103323;0.0103431;-0.0103749;0.0103233;-0.010196;0.0103169;0.0170085;0.0294822;0.0230311;0.0380306;0.0291451;0.0412222;0.0043948;0.0021838;0.0051057;0.00218475;0.00818327;0.00218553;1;0.444157;1;0.430889;0.771862;0.777003;
13;-0.0214921;0.0214984;-0.021517;0.0214869;-0.0214125;0.0214831;0.0163006;0.0294353;0.0191576;0.0386721;0.0288433;0.0417089;0.00506571;0.00127633;0.00621974;0.00127758;0.00870336;0.00127832;1;0.436888;1;0.320924;0.783272;0.771314;
14;-0.0380478;0.0380516;-0.0380624;0.0380448;-0.0380014;0.0380426;0.0183264;0.029396;0.0212819;0.0360824;0.0284898;0.0393501;0.00444031;0.000746704;0.00649721;0.000747948;0.00808911;0.000748632;1;0.466906;0.82753;0.605904;0.801335;0.792566;
15;-0.0603013;0.0603035;-0.0603098;0.0602996;-0.0602742;0.0602983;0.0240785;0.0269654;0.0269243;0.0273011;0.0278592;0.0306473;0.00259564;0.00375787;0.00379717;0.00330418;0.00472682;0.00287639;0.763422;0.787293;0.917744;0.559149;0.764861;0.882677;
16;-0.0867323;0.0867337;-0.0867373;0.0867313;-0.0867165;0.0867306;0.0432143;0.0281209;0.0472882;0.0125394;0.0341722;0.0188952;0.00151711;0.0155588;0.00221948;0.00966904;0.00276088;0.00838062;0.557628;1;0.759796;0.607275;0.444426;1;
17;-0.113117;0.113118;-0.11312;0.113117;-0.113108;0.113116;0.0581141;0.0163306;0.0604945;-0.0255496;0.0528334;-0.0218343;0.000885725;0.022461;0.00129651;0.00746019;0.00161198;0.010663;0.0715532;1;0.477835;0.546775;0;1;
18;-0.1328;0.132801;-0.132802;0.1328;-0.132795;0.132799;0.0955033;-0.0520126;0.0968934;-0.0764827;0.0924194;-0.0743074;0.000516888;0.0334875;0.000756779;0.00435876;0.000941021;0.01087;0;1;0;0.503229;0;1;
19;-0.138311;0.138312;-0.138312;0.138311;-0.138308;0.138311;0.143557;-0.118146;0.144369;-0.132446;0.141756;-0.131172;0.00030146;0.0195611;0.000441562;0.00254676;0.000549144;0.00635063;0;1;0;0.517843;0;1;
20;-0.123566;0.123567;-0.123567;0.123566;-0.123565;0.123566;0.185961;-0.171111;0.186435;-0.17947;0.184909;-0.178722;0.000175617;0.0114257;0.000257439;0.00148792;0.000320247;0.00370998;0;1;0;0.530337;0;1;
21;-0.084385;0.0843855;-0.0843853;0.0843849;-0.0843841;0.0843849;0.214922;-0.194072;0.215199;-0.21113;0.214308;-0.21069;0.000102106;0.00667295;0.000149891;0.00086906;0.000186532;0.00216688;0;1;0;0.774382;0;1;
22;-0.0173043;0.017305;-0.0173045;0.0173042;-0.0173041;0.0173043;0.230533;-0.188015;0.230695;-0.228316;0.230174;-0.217806;5.91049e-05;0.00389728;8.70173e-05;0.000507396;0.000108426;0.00126533;0;1;0;0.594523;0;1;
23;0.0725461;-0.0725449;0.072546;-0.0725461;0.0725457;-0.0725461;0.228462;-0.163864;0.228232;-0.207911;0.228497;-0.207595;3.39894e-05;0.00227691;5.02793e-05;0.000296316;6.28042e-05;0.000739063;0;1;0;0.641222;0;1;
24;0.159619;-0.159617;0.159619;-0.159619;0.159619;-0.159619;0.186211;-0.142513;0.188127;-0.174815;0.193082;-0.179982;1.94435e-05;0.00132994;-0.00234688;0.000173772;3.60767e-05;0.000432278;0;1;0;0.708035;0;1;
25;0.222491;-0.22249;0.222491;-0.222491;0.22249;-0.222491;0.164537;-0.103002;0.151361;-0.12993;0.156392;-0.146195;1.08726e-05;-0.0640438;-0.00137108;0.00549445;2.05217e-05;0.00258517;0;1;0;0.758546;0;0.978673;
26;0.261128;-0.261129;0.261128;-0.261128;0.261128;-0.261128;0.150424;-0.0206778;0.141887;-0.0659302;0.145667;-0.102041;5.97077e-06;-0.0373997;-0.000801039;0.0115696;1.15327e-05;0.001511;0;1;0;0.80457;0;0.921156;
27;0.282492;-0.282494;0.282492;-0.282493;0.282492;-0.282493;0.118311;0.0389268;0.113323;0.0207098;0.11553;-0.0258935;0.0163708;0.0652117;-0.000468155;0.0330255;6.24662e-06;0.0105043;0.543122;1;0;1;0;0.895038;
28;0.292154;-0.292155;0.292154;-0.292155;0.292154;-0.292154;0.0671755;0.0554931;0.0642638;0.0607847;0.0655508;0.0680993;0.00956309;0.0380887;0.025066;0.0192911;0.0268003;0.0261899;0.702908;0.979101;0.91748;0.847898;0.519847;0.9658;
29;0.29273;-0.292953;0.29317;-0.292738;0.298039;-0.29273;-0.00504908;0.0766882;-0.00673871;0.0797787;-0.00598361;0.0840507;0.00558653;0.0222432;0.0206468;0.0112656;0.0244696;0.0152946;0.548072;0;1;0;1;0;
30;0.283765;-0.283895;0.284022;-0.28377;0.286866;-0.283765;-0.088019;0.129857;-0.0889961;0.131662;-0.0885514;0.134157;0.00326367;0.0129895;0.0163974;0.00657866;0.0322271;0.00893159;0.62157;0;1;0;1;0;
31;0.263376;-0.263452;0.263526;-0.263378;0.265186;-0.263376;-0.15776;0.182194;-0.158324;0.183248;-0.158061;0.184705;0.00190665;0.0075854;0.00957846;0.00384149;0.0188238;0.00521559;0.667406;0;1;0;1;0;
32;0.23181;-0.231854;0.231898;-0.231812;0.232868;-0.23181;-0.204191;0.218462;-0.204515;0.219077;-0.204358;0.219928;0.00111369;0.00442935;0.00559452;0.00224294;0.0109939;0.00304541;0.829869;0;1;0;1;0;
33;0.18955;-0.189575;0.189601;-0.189551;0.190167;-0.18955;-0.231546;0.239881;-0.231731;0.24024;-0.205756;0.240737;0.000650253;0.00258619;0.00326696;0.00130937;0.00641999;0.00177801;0.872812;0;1;0;1;0;
34;0.133932;-0.133947;0.133962;-0.133932;0.134293;-0.133932;-0.245943;0.250811;-0.227553;0.251021;-0.203814;0.251311;0.000379559;0.00150978;0.00190753;0.000764112;0.0037489;0.00103781;0.992947;0;1;0;1;0;
35;0.0591842;-0.0591929;0.0592013;-0.0591841;0.059395;-0.0591838;-0.236934;0.249634;-0.224759;0.248423;-0.193685;0.249598;0.00022116;0.000881156;0.00111381;0.00044569;0.00218914;0.000605523;1;0;0.993974;0;1;0;
36;-0.0359182;0.0359128;-0.0359082;0.0359182;-0.0357944;0.0359184;-0.218891;0.227072;-0.21263;0.235364;-0.17681;0.234851;0.000128927;0.000514015;0.000650514;0.000259734;0.00127874;0.000353083;1;0;1;0;1;0;
37;-0.132208;0.132204;-0.132202;0.132208;-0.132135;0.132208;-0.184644;0.2024;-0.192355;0.201953;-0.145054;0.196236;7.57603e-05;0.00029962;0.00038031;0.000151194;0.000748073;0.000205672;1;0;1;0;1;0;
38;-0.205021;0.205019;-0.205017;0.205021;-0.204978;0.205021;-0.13686;0.167709;-0.154453;0.162751;-0.0890256;0.159908;0.00665762;0.000174447;0.000602162;8.78868e-05;0.0118386;-0.00213658;1;0;1;0;1;0;
39;-0.250955;0.250953;-0.250953;0.250955;-0.25093;0.250955;-0.082254;0.157892;-0.112979;0.151845;-0.0253048;0.140004;0.0202051;0.000101439;0.0055895;5.08866e-05;0.0276466;-0.00124803;1;0;0.940211;0;1;0;
40;-0.277083;0.277082;-0.277082;0.277083;-0.277069;0.277083;-0.00646496;0.129933;-0.0513155;0.126403;0.0390008;0.119486;0.0426705;5.87755e-05;0.00538571;0.0176638;0.0545599;-0.000729333;1;0;0.942186;0.441164;1;0;
41;-0.289951;0.289951;-0.28995;0.289951;-0.289943;0.289951;0.0518673;0.083933;0.0499904;0.081876;0.0560302;0.0778348;0.0249259;3.40422e-05;0.0488093;0.010318;0.0318696;0.0187918;1;0.183899;0.873613;0.419863;1;0.789471;
42;-0.293161;0.293161;-0.293161;0.293161;-0.293156;0.293161;0.0638426;0.0175378;0.0620103;0.0158884;0.0649415;0.0135342;0.0145569;0.0256052;0.0285057;0.00602846;0.0186116;0.0182895;0;1;0.54607;0.599624;0;1;
43;-0.287142;0.287142;-0.287142;0.287142;-0.28714;0.287142;0.112581;-0.0650394;0.111511;-0.0660174;0.113223;-0.0673814;0.00850073;0.038748;0.0166468;0.0035218;0.0108687;0.0201851;0;0.948478;0;0.460312;0;1;
44;-0.270064;0.270065;-0.270064;0.270064;-0.270063;0.270064;0.168342;-0.140566;0.167717;-0.141148;0.168716;-0.141937;0.00496399;0.0226329;0.00972127;0.00205754;0.00634688;0.0117911;0;1;0;0.427822;0;1;
45;-0.241493;0.241493;-0.241492;0.241492;-0.241492;0.241493;0.209646;-0.193415;0.209281;-0.193764;0.209864;-0.194219;0.00289849;0.013219;0.00567672;0.00120192;0.00370608;0.0068871;0;1;0;0.40249;0;1;
46;-0.202303;0.202303;-0.202303;0.202303;-0.202302;0.202303;0.234914;-0.20974;0.234701;-0.225638;0.235042;-0.2259;0.00169222;0.0077196;0.0033147;0.000701846;0.00216381;0.004022;0;0.988507;0;0.438403;0;1;
47;-0.150864;0.150865;-0.150864;0.150864;-0.150864;0.150865;0.248472;-0.20521;0.248348;-0.243054;0.248547;-0.228926;0.000987708;0.00450792;0.00193522;0.000409589;0.00126311;0.00234846;0;1;0;0.516266;0;1;
48;-0.0819838;0.0819845;-0.0819838;0.0819838;-0.0819839;0.0819839;0.251207;-0.196325;0.251737;-0.241992;0.251293;-0.22659;0.000576292;0.00263244;0.00112961;0.000238788;0.000737102;0.00137124;0;1;0;0.56687;0;1;
49;0.00835601;-0.00835495;0.00835601;-0.00835606;0.0083557;-0.00835596;0.240335;-0.178058;0.239366;-0.227136;0.232991;-0.214835;0.000335991;0.00153792;0.00065915;0.000139255;0.000429903;0.000800755;0;1;0;0.572866;0;1;
50;0.107335;-0.107334;0.107335;-0.107335;0.107334;-0.107335;0.208646;-0.149072;0.218334;-0.197765;0.209611;-0.199241;0.000195694;0.000899397;0.000384401;8.15324e-05;0.000250523;0.000467972;0;1;0;0.660522;0;1;
51;0.187852;-0.187851;0.187852;-0.187852;0.187852;-0.187852;0.175223;-0.0986319;0.209526;-0.153213;0.17587;-0.166702;0.000113777;0.0145692;0.00022398;0.0035635;-3.4524e-05;0.000274156;0;1;0;0.839207;0;1;
52;0.240616;-0.240616;0.240616;-0.240617;0.240616;-0.240616;0.166191;-0.0474526;0.187604;-0.0942082;0.134537;-0.126221;6.60404e-05;0.0230224;0.000130307;0.0224692;-2.06752e-05;0.0119284;0;1;0;1;0;1;
53;0.271439;-0.271439;0.271439;-0.27144;0.27144;-0.271439;0.141477;0.0293322;0.153982;-0.0403511;0.122991;-0.073748;3.82136e-05;0.0766735;7.57023e-05;0.0214118;-1.25329e-05;0.00696789;0;1;0;0.861737;0;0.990552;
54;0.287466;-0.287466;0.287466;-0.287467;0.287466;-0.287466;0.0998219;0.0640604;0.107119;0.04756;0.0890205;0.0292533;0.0138091;0.0447852;4.3804e-05;0.066614;-7.64757e-06;0.0379365;0.784104;0.941549;0;1;0.34113;1;
55;0.293158;-0.293158;0.293158;-0.293158;0.293158;-0.293158;0.0383362;0.07085;0.0426047;0.0587724;0.0362667;0.074566;0.00806706;0.0261552;0.0262302;0.0389024;0.0256769;0.0221568;0.813475;0.0633052;1;0.169835;1;0.59069;
56;0.289813;-0.289813;0.289813;-0.289813;0.289813;-0.289813;-0.041754;0.105519;-0.0392498;0.0984659;-0.0429473;0.107689;0.00471246;0.0152741;0.0183852;0.0227184;0.0344126;0.012939;0.545681;0;1;0;1;0;
57;0.275955;-0.275955;0.275955;-0.275955;0.275956;-0.275955;-0.121728;0.158968;-0.120258;0.154849;-0.122413;0.160236;0.00275307;0.00891962;0.0107407;0.013267;0.0201019;0.00755591;0.893439;0;1;0;1;0;
58;0.250436;-0.250436;0.250436;-0.250436;0.250437;-0.250436;-0.181174;0.202923;-0.18031;0.200518;-0.181565;0.203663;0.00160821;0.00520855;0.00627406;0.00774748;0.0117413;0.00441219;0.69065;0;1;0;1;0;
59;0.214179;-0.214179;0.214179;-0.214179;0.214179;-0.214179;-0.218312;0.231014;-0.217803;0.229609;-0.213776;0.231447;0.000939223;0.00304126;0.00366425;0.004524;0.00685687;0.00257621;0.704076;0;1;0;1;0;
60;0.166496;-0.166496;0.166496;-0.166496;0.166497;-0.166496;-0.239243;0.246662;-0.229504;0.245841;-0.208297;0.246914;0.000548275;0.00177555;0.00213949;0.00264144;0.00400396;0.00150396;0.879533;0;1;0;1;0;
61;0.103062;-0.103062;0.103062;-0.103062;0.103063;-0.103062;-0.246948;0.253636;-0.225298;0.253157;-0.201304;0.253783;0.000319793;0.00103636;0.00124918;0.00154204;0.00233794;0.000877749;1;0;1;0;1;0;
62;0.0184136;-0.0184148;0.0184137;-0.0184136;0.0184154;-0.0184136;-0.232343;0.238007;-0.218866;0.242838;-0.187698;0.244473;0.000186503;0.000604662;0.000729401;0.000899993;0.00136541;0.000512056;0.814215;0;1;0;1;0;
63;-0.0808912;0.0808895;-0.0808911;0.0808912;-0.0808889;0.0808912;-0.204186;0.217218;-0.204211;0.223771;-0.15958;0.226184;0.000109008;0.000352586;0.000426152;0.000525056;0.000798346;0.000298493;0.982303;0;1;0;1;0;
64;-0.168494;0.168492;-0.168494;0.168494;-0.168491;0.168494;-0.164119;0.185119;-0.176399;0.204185;-0.117932;0.21465;6.45349e-05;0.000205404;0.000249589;0.000306252;0.0114073;0.000173823;1;0;1;0;1;0;
65;-0.228616;0.228614;-0.228615;0.228616;-0.228614;0.228615;-0.109796;0.14528;-0.138729;0.189513;-0.0594817;0.195624;0.00458776;0.000119453;0.00414103;0.000178301;0.0236159;0.000100997;1;0;1;0;1;0;
66;-0.264692;0.264691;-0.264692;0.264692;-0.264691;0.264692;-0.0575955;0.134646;-0.090816;0.161316;0.00465868;0.164885;0.0171797;6.92976e-05;0.00693514;0.000103715;0.036763;5.85748e-05;1;0;0.889906;0;1;0;
67;-0.284217;0.284216;-0.284217;0.284216;-0.284217;0.284216;0.0401968;0.104188;0.00106984;0.119767;0.0507433;0.121848;0.0540871;3.99722e-05;0.0216447;0.00823189;0.032041;3.38158e-05;1;0;1;0.635781;1;0;
68;-0.292489;0.292489;-0.292489;0.292489;-0.292489;0.292489;0.0539245;0.0521982;0.070027;0.0612938;0.066669;0.0625113;0.0315894;0.0213513;0.0301725;0.00673691;0.0187158;0.0310542;0.922694;0.833984;1;0.472942;0.592531;1;
69;-0.291686;0.292956;-0.291686;0.291686;-0.291727;0.291698;0.0835903;-0.0215992;0.0929944;-0.0163023;0.091033;-0.01558;0.0184476;0.0275426;0.0176203;0.00393587;0.0109295;0.0184088;0;1;0;0.282106;0;1;
70;-0.280941;0.281683;-0.280941;0.280941;-0.280965;0.280948;0.139202;-0.102986;0.144694;-0.0999046;0.143548;-0.099474;0.010773;0.0199478;0.0102898;0.00229963;0.00638237;0.015011;0;1;0;0.463214;0;1;
71;-0.258577;0.259011;-0.258577;0.258577;-0.258591;0.258581;0.189399;-0.168238;0.192606;-0.166448;0.191937;-0.16619;0.00629094;0.011652;0.00600877;0.00134356;0.00372683;0.00876851;0;1;0;0.669083;0;1;
72;-0.225212;0.225465;-0.225212;0.225211;-0.22522;0.225214;0.222931;-0.210564;0.224804;-0.209527;0.224414;-0.209372;0.0036734;0.00680513;0.0035086;0.000785064;0.00217595;0.00512133;0;1;0;0.575889;0;1;
73;-0.180948;0.181096;-0.180948;0.180948;-0.180953;0.18095;0.242312;-0.205705;0.243406;-0.234483;0.243177;-0.233398;0.00214473;0.00397372;0.0020485;0.000458298;0.00127022;0.00299053;0;1;0;0.557494;0;1;
74;-0.12247;0.122556;-0.12247;0.12247;-0.122472;0.122471;0.251826;-0.200282;0.252464;-0.247253;0.252331;-0.229107;0.00125197;0.00232033;0.00119577;0.000267285;0.000741246;0.00174613;0;1;0;0.405238;0;1;
75;-0.0438949;0.043945;-0.0438949;0.0438949;-0.0438961;0.0438955;0.247666;-0.188051;0.247276;-0.23511;0.245737;-0.22359;0.000730596;0.00135521;0.000697779;0.000155752;0.000432322;0.00101956;0;1;0;0.579062;0;1;
76;0.05345;-0.0534213;0.05345;-0.0534499;0.0534496;-0.0534495;0.232585;-0.164663;0.232447;-0.211433;0.221345;-0.21057;0.000426122;0.000792514;0.000406961;9.09437e-05;0.00025193;0.000595518;0;0.992213;0;0.586867;0;0.976937;
77;0.146925;-0.146908;0.146925;-0.146925;0.146925;-0.146925;0.201717;-0.138262;0.196278;-0.174527;0.195755;-0.185203;0.000248546;0.0104567;0.000237357;5.37257e-05;-0.0012788;0.000348294;0;0.957889;0;0.811601;0;1;
78;0.214778;-0.214769;0.214778;-0.214778;0.214778;-0.214778;0.192861;-0.0666071;0.15509;-0.123295;0.160954;-0.150658;0.000144549;0.0220688;0.000137985;0.00736466;-0.000747343;0.000204426;0;1;0;1;0;1;
79;0.256704;-0.2567;0.256704;-0.256704;0.256704;-0.256704;0.169087;-0.00964728;0.145626;-0.0713708;0.150454;-0.105953;8.39815e-05;0.0362772;8.02275e-05;0.0329539;-0.000436911;0.00576415;0;1;0;1;0;1;
80;0.280131;-0.280129;0.280131;-0.280132;0.280131;-0.280131;0.131961;0.049471;0.118258;0.00591274;0.121077;-0.0372679;0.0214746;0.0394258;4.64438e-05;0.0418712;-0.000255619;0.0104471;0.511206;1;0;1;0;0.9401;
81;0.29115;-0.291149;0.29115;-0.29115;0.29115;-0.29115;0.0789228;0.0597719;0.0709196;0.0597741;0.0725651;0.0563509;0.0125435;0.0230308;0.0236398;0.0244579;0.0123265;0.0399326;0.848756;0.970817;1;0.663981;0.713453;0.890169;
82;0.292813;-0.292813;0.292813;-0.292813;0.292813;-0.292813;0.00638491;0.074614;0.00172101;0.0746155;0.0026852;0.072617;0.00732729;0.0134496;0.0220881;0.0142831;0.0266766;0.0233205;0.539025;0;1;0;1;0;
83;0.285021;-0.285021;0.285021;-0.285021;0.285022;-0.285021;-0.0779245;0.125229;-0.0806386;0.12523;-0.0800719;0.124062;0.00428033;0.00785409;0.0175085;0.00834089;0.0273952;0.0136187;0.625941;0;1;0;1;0;
84;0.265889;-0.265889;0.265889;-0.265889;0.26589;-0.265889;-0.150633;0.178259;-0.15221;0.17826;-0.151876;0.177578;0.00250044;0.00458633;0.0102276;0.00487063;0.0160022;0.00795285;0.663723;0;1;0;1;0;
85;0.23544;-0.23544;0.23544;-0.23544;0.235441;-0.23544;-0.199811;0.215946;-0.200727;0.215946;-0.200529;0.215548;0.0014605;0.00267792;0.00597375;0.00284395;0.00934619;0.00464396;0.704873;0;1;0;0.989556;0;
86;0.194343;-0.194343;0.194344;-0.194343;0.194344;-0.194343;-0.229071;0.238494;-0.229602;0.238494;-0.207203;0.238262;0.000852819;0.00156337;0.00348849;0.00166036;0.00545774;0.00271156;0.867027;0;1;0;1;0;
87;0.140326;-0.140326;0.140326;-0.140326;0.140327;-0.140326;-0.244716;0.25022;-0.229881;0.25022;-0.203953;0.250084;0.000497733;0.000912448;0.0020369;0.000969103;0.00318692;0.00158299;1;0;1;0;1;0;
88;0.0677847;-0.067785;0.0677849;-0.0677847;0.0677853;-0.0677848;-0.239298;0.251095;-0.225499;0.250091;-0.193572;0.250121;0.000290273;0.000532312;0.0011893;0.000565406;0.00186102;0.000923908;1;0;1;0;1;0;
89;-0.0257065;0.0257061;-0.0257064;0.0257065;-0.0257057;0.0257065;-0.222506;0.228057;-0.213628;0.23793;-0.173242;0.237449;0.000169398;0.000310305;0.000694577;0.000329646;0.00108756;0.000539018;1;0;1;0;1;0;
90;-0.123252;0.123251;-0.123251;0.123252;-0.123251;0.123252;-0.190176;0.204624;-0.196097;0.205337;-0.14674;0.201974;9.93232e-05;0.000180654;0.000406003;0.00019201;0.000636532;0.000314259;1;0;1;0;1;0;
91;-0.198942;0.198942;-0.198942;0.198942;-0.198942;0.198942;-0.141105;0.170171;-0.157332;0.169903;-0.0910387;0.165092;0.00766597;0.000104967;0.00212081;0.000111664;0.0142315;-0.00198152;1;0;1;0;1;0;
92;-0.247327;0.247327;-0.247327;0.247327;-0.247327;0.247327;-0.0844384;0.161313;-0.1162;0.159042;-0.0365094;0.126341;0.0115453;6.08889e-05;0.00211154;6.47456e-05;0.0265166;-0.00115738;1;0;0.979403;0;1;0;
93;-0.275124;0.275123;-0.275124;0.275124;-0.275124;0.275123;-0.0239711;0.134461;-0.065888;0.133135;0.0305677;0.1129;0.0299072;3.50633e-05;0.00800814;3.74583e-05;0.0704772;-0.00177502;1;0;0.860367;0;1;0;
94;-0.289121;0.289121;-0.289121;0.28912;-0.289121;0.289121;0.0472129;0.0900422;0.0442326;0.0892737;0.0578917;0.0774526;0.0443114;2.01757e-05;0.0253977;0.0138957;0.0411661;0.0197717;1;0.0970738;1;0.776181;1;1;
95;-0.293238;0.293238;-0.293238;0.293238;-0.293239;0.293238;0.0555284;0.026902;0.0726698;0.0246821;0.0551362;0.0177868;0.0258781;0.0282061;0.0148329;0.00811742;0.0240407;0.021669;0.560048;1;0.467173;0.591183;0;1;
96;-0.288223;0.288201;-0.288223;0.288223;-0.288223;0.288223;0.10375;-0.0555959;0.113761;-0.0569068;0.103522;-0.0609232;0.0151123;0.0306373;0.00866191;0.00474188;0.0140393;0.0179256;0;0.840516;0;0.517985;0;1;
97;-0.27234;0.272328;-0.27234;0.27234;-0.27234;0.27234;0.161437;-0.133303;0.167283;-0.134079;0.161303;-0.136417;0.00882511;0.0178964;0.00505812;0.00277013;0.00819848;0.0104718;0;0.866813;0;0.611693;0;1;
98;-0.244882;0.244875;-0.244882;0.244882;-0.244882;0.244882;0.205224;-0.188783;0.208638;-0.189246;0.205146;-0.190606;0.00515337;0.010453;0.00295347;0.00161812;0.00478741;0.0061167;0;1;0;0.617267;0;1;
