1;-0.000363588;0.000116065;9.9484e-05;-0.000363589;0.000116065;9.94839e-05;0.0349769;0.0347456;0.0352595;0.0349769;0.0347456;0.0352595;0.808667;0.808665;0.808666;0.808667;0.808665;0.808666;0;0;0;0;0;0;
2;-0.0012082;-0.00321638;-0.00227504;-0.00192342;-0.00274345;-0.00281215;0.177898;0.174525;0.17305;0.157568;0.160782;0.159164;0.472453;0.472453;0.472456;0.472452;0.472453;0.472456;1;1;1;1;1;1;
3;-0.000280419;-0.00356236;-0.0017762;-0.00214041;-0.00224459;-0.00339627;0.104381;0.101846;0.101153;0.0919524;0.0958254;0.0944444;0.275928;0.275932;0.275932;0.27593;0.275929;0.27593;0.508269;0.631498;0.784721;0.478778;0.546079;0.698502;
4;0.000471102;-0.00271523;-0.000402494;-0.00188475;-0.000676031;-0.00261823;0.0609345;0.0595118;0.0590518;0.0537326;0.0559405;0.0551871;0.161146;0.161151;0.16115;0.161148;0.161148;0.161148;0.652851;0.650141;0.987695;0.702761;0.60673;0.82684;
5;0.0011513;-0.00246184;0.000641113;-0.00194886;0.000481382;-0.00240519;0.0353342;0.0350157;0.0346673;0.0316401;0.032419;0.0324893;0.0941119;0.0941155;0.094115;0.0941136;0.0941137;0.0941134;0.704947;0.880524;1;0.564799;0.517385;0.66313;
6;0.00177979;-0.00254511;0.00148182;-0.00224551;0.00138854;-0.00251203;0.0276034;0.0316212;0.0336682;0.0301368;0.0326525;0.0361793;0.0549637;0.0549658;0.0549659;0.0549646;0.054965;0.0549647;0.7477;0.700507;0.904624;0.690634;0.810604;1;
7;0.00228272;-0.00272964;0.0021087;-0.00554069;0.00205423;-0.0027103;0.0260632;0.0300323;0.0304155;0.0299384;0.0303292;0.0317813;0.0321013;0.0321023;0.0321029;0.0321016;0.0321024;0.032102;0.684681;0.421289;0.903414;0.497109;0.856325;1;
8;0.00246671;-0.00259759;0.00236507;-0.00763311;0.00370973;-0.00158395;0.0253345;0.0289357;0.0264566;0.0313056;0.0290865;0.0322551;0.0187497;0.0187499;0.018751;0.0187495;0.0187508;0.01875;0.956468;0.568692;0.924937;0.602859;0.901945;1;
9;0.00197896;-0.00205537;0.00191959;-0.00499626;0.0027049;-0.000725219;0.0208752;0.0283457;0.0267845;0.0321184;0.0290184;0.035842;0.0109525;0.0109518;0.0109537;0.0109518;0.0109537;0.0109524;1;0.546706;0.973526;0.453109;0.939507;1;
10;0.000260472;-0.000305054;0.000225792;-0.0020225;0.0006844;0.000471757;0.020439;0.0289044;0.0245091;0.0340499;0.030319;0.0380494;0.00639911;0.00639746;0.00640006;0.00639781;0.00640048;0.00639841;1;0.512088;0.979973;0.60076;0.986902;0.837127;
11;-0.00349392;0.00346791;-0.0035142;0.00246494;-0.00324636;0.00392156;0.0184567;0.0291416;0.0221933;0.0360279;0.0293682;0.0402724;0.00374005;0.00373743;0.00708479;0.00373812;0.00941572;0.00373881;0.966973;0.475861;1;0.647851;1;0.599544;
12;-0.0103402;0.010325;-0.0103521;0.00973933;-0.0101956;0.01059;0.0159201;0.0292264;0.0199899;0.0374495;0.0287061;0.0413211;0.00670267;0.0021837;0.00718863;0.00218475;0.00852099;0.00218544;0.863719;0.443055;1;0.593881;1;0.772974;
13;-0.0214967;0.0214879;-0.0215037;0.0211458;-0.0214123;0.0216426;0.0158588;0.0294203;0.0192361;0.0382426;0.0283443;0.0413333;0.00625676;0.00127628;0.00564749;0.00127758;0.00943541;0.00127826;0.911615;0.435549;1;0.533419;1;0.770213;
14;-0.0380505;0.0380454;-0.0380546;0.0378457;-0.0380012;0.0381358;0.0182665;0.0294469;0.0218133;0.0352157;0.0280721;0.0392346;0.00365692;0.00074669;0.00637861;0.000747959;0.00723567;0.000748629;1;0.472491;1;0.520597;1;0.798605;
15;-0.0603029;0.0602999;-0.0603053;0.0601833;-0.0602741;0.0603527;0.024393;0.0274309;0.0274946;0.0274525;0.0278785;0.0306393;0.00308465;0.00374399;0.0037279;0.00159063;0.00422841;0.00297672;1;0.592395;0.918409;0.654075;0.811148;0.879748;
16;-0.0867333;0.0867315;-0.0867347;0.0866635;-0.0867164;0.0867624;0.0432628;0.0280403;0.0474304;0.0127772;0.0340448;0.0187933;0.00180268;0.0161064;0.00217905;0.00668099;0.00246977;0.0084189;0.770434;0.865356;0.763432;0.84649;0.405101;1;
17;-0.113118;0.113117;-0.113119;0.113077;-0.113108;0.113135;0.0581425;0.0152549;0.0605776;-0.0254106;0.0527589;-0.021894;0.00105249;0.0232804;0.00127294;0.00896646;0.00144198;0.0113966;0.119985;1;0.482453;0.786603;0;1;
18;-0.1328;0.132799;-0.132801;0.132776;-0.132794;0.13281;0.0955199;-0.0526408;0.096942;-0.0764007;0.092376;-0.0743427;0.000614304;0.0321154;0.000743017;0.00719731;0.000841725;0.00973278;0;1;0;0.807279;0;1;
19;-0.138311;0.123968;-0.138312;0.138297;-0.138308;0.138318;0.143567;-0.118513;0.144397;-0.132398;0.141731;-0.131192;0.00035833;0.0211591;0.000433539;0.0061803;0.000491154;0.0056864;0;1;0;0.778176;0;1;
20;-0.123566;0.11519;-0.123567;0.123558;-0.123565;0.12357;0.185966;-0.171325;0.186452;-0.179442;0.184894;-0.178734;0.000208823;0.012359;0.00025275;0.00360993;0.000286379;0.00332206;0;1;0;0.532865;0;1;
21;-0.084385;0.0794933;-0.0843851;0.0843802;-0.084384;0.0843872;0.214926;-0.194014;0.215209;-0.211113;0.214299;-0.210698;0.0001215;0.00721796;0.000147155;0.00210832;0.000166751;0.00194033;0;1;0;0.549115;0;1;
22;-0.0173044;0.0144478;-0.0173045;0.0173016;-0.0173039;0.0173057;0.230535;-0.187645;0.2307;-0.228306;0.230169;-0.217915;7.04318e-05;0.00421561;8.54208e-05;0.00123112;9.6873e-05;0.00113302;0;1;0;0.594884;0;1;
23;0.0725458;-0.0742138;0.0725458;-0.0725475;0.0725461;-0.0725451;0.228505;-0.16295;0.228216;-0.207831;0.228416;-0.207943;4.06097e-05;0.00246287;4.93526e-05;0.000718974;5.60526e-05;0.000661797;0;1;0;0.64055;0;1;
24;0.159619;-0.160593;0.159619;-0.15962;0.159619;-0.159619;0.190337;-0.126802;0.187966;-0.170783;0.194133;-0.180493;2.33364e-05;0.00860443;2.83477e-05;0.00042071;3.21571e-05;0.000387165;0;1;0;0.718196;0;1;
25;0.22249;-0.223059;0.22249;-0.222491;0.222491;-0.22249;0.154067;-0.0711958;0.152269;-0.125586;0.151993;-0.145191;1.30649e-05;0.0173169;1.60708e-05;0.00944127;1.83776e-05;0.000227171;0;1;0;0.77531;0;1;
26;0.261127;-0.26146;0.261127;-0.261128;0.261128;-0.261127;0.14431;-0.00448973;0.142798;-0.0625192;0.142451;-0.0988059;7.24286e-06;0.0450992;8.94816e-06;0.0248956;1.02075e-05;0.00960584;0;1;0;1;0;0.925811;
27;0.282492;-0.282687;0.282492;-0.282491;0.282493;-0.282492;0.11474;0.0392081;0.113855;0.0113771;0.113652;-0.0298948;0.0126831;0.05077;4.86732e-06;0.0341209;5.45528e-06;0.00561228;0.635659;1;0;1;0;1;
28;0.292154;-0.292268;0.292154;-0.292154;0.292154;-0.292154;0.0650902;0.064522;0.0683621;0.0641939;0.0644551;0.0648696;0.0074095;0.0296549;0.0303566;0.0199305;0.0273016;0.047447;0.685907;0.70705;1;0.677912;0.636395;1;
29;0.29273;-0.293039;0.29273;-0.29273;0.297045;-0.29273;-0.00626652;0.0819609;-0.00434544;0.0817694;-0.00508669;0.0821644;0.00432893;0.0173178;0.0188128;0.0116389;0.0257154;0.0277085;0.594339;0;1;0;1;0;
30;0.283765;-0.283945;0.283765;-0.283765;0.286286;-0.283765;-0.0887302;0.132936;-0.0875983;0.132824;-0.0880278;0.133055;0.00252907;0.0101132;0.0192438;0.00679671;0.0339722;0.0161812;0.624594;0;1;0;1;0;
31;0.263376;-0.263481;0.263375;-0.263375;0.264848;-0.263376;-0.158175;0.183993;-0.157507;0.183927;-0.157755;0.184062;0.00147763;0.00590559;0.0112412;0.00396883;0.019843;0.00944936;0.671607;0;1;0;1;0;
32;0.23181;-0.231872;0.23181;-0.23181;0.23267;-0.23181;-0.204434;0.219512;-0.204038;0.219474;-0.20418;0.219552;0.000863131;0.00344835;0.0065656;0.0023173;0.0115891;0.0055179;0.580085;0;1;0;1;0;
33;0.18955;-0.189586;0.18955;-0.18955;0.190052;-0.18955;-0.231688;0.240494;-0.231453;0.240472;-0.204674;0.240518;0.000503925;0.00201329;0.00383408;0.0013528;0.00676762;0.00322193;0.717694;0;1;0;1;0;
34;0.133931;-0.133953;0.133932;-0.133931;0.134225;-0.133932;-0.246025;0.251169;-0.230082;0.251156;-0.20323;0.251183;0.000293961;0.0011752;0.00223875;0.000789482;0.00395194;0.00188104;0.69008;0;1;0;1;0;
35;0.0591837;-0.0591964;0.0591837;-0.0591837;0.0593558;-0.0591837;-0.238993;0.249728;-0.223821;0.248693;-0.191959;0.24933;0.000171289;0.000685755;0.0013072;0.000460505;0.00230787;0.00109797;0.84907;0;1;0;1;0;
36;-0.0359185;0.0359107;-0.0359185;0.0359185;-0.0358172;0.0359185;-0.219566;0.225479;-0.211461;0.235645;-0.17153;0.235617;9.99448e-05;0.000399923;0.000763468;0.000268394;0.00134859;0.000640656;1;0;0.9079;0;1;0;
37;-0.132208;0.132203;-0.132208;0.132208;-0.132148;0.132208;-0.183973;0.201217;-0.19134;0.199543;-0.144385;0.199498;5.88455e-05;0.000232997;0.000446307;0.000156299;0.00284051;0.000373682;1;0;1;0;1;0;
38;-0.205021;0.205018;-0.205021;0.205021;-0.204985;0.205021;-0.136962;0.168981;-0.150782;0.165707;-0.0838696;0.16293;0.00560437;0.00013554;0.000261651;9.07493e-05;0.0240251;0.000217676;1;0;1;0;1;0;
39;-0.250955;0.250953;-0.250955;0.250955;-0.250934;0.250955;-0.0773316;0.158635;-0.113978;0.156428;-0.0209237;0.150258;0.0203873;7.87164e-05;0.0134513;5.25706e-05;0.0305378;0.00012673;1;0;0.959116;0;1;0;
40;-0.277083;0.277082;-0.277083;0.277083;-0.277072;0.277083;-0.0112403;0.130367;-0.0557198;0.129079;0.04065;0.125475;0.0427437;4.54899e-05;0.00785724;0.00732266;0.0493569;7.36206e-05;1;0;0.832566;0.338266;1;0;
41;-0.289951;0.28995;-0.289951;0.289951;-0.289945;0.289951;0.0516753;0.0841868;0.0510939;0.0834391;0.0590623;0.0813319;0.0249684;2.654e-05;0.0504111;0.00745502;0.0288314;0.0238667;1;0.208596;1;0.450268;1;0.700005;
42;-0.293161;0.293161;-0.293161;0.293161;-0.293157;0.293161;0.0647747;0.0173987;0.0650517;0.016801;0.0673511;0.0155768;0.0145817;0.026787;0.0294411;0.0043564;0.0168373;0.0188869;0;1;0.728665;0.476623;0;1;
43;-0.287142;0.287142;-0.287142;0.287142;-0.28714;0.287142;0.113125;-0.0651206;0.113287;-0.0654845;0.11463;-0.0661882;0.00851526;0.0371421;0.017193;0.00254526;0.00983252;0.0207359;0;1;0;0.395254;0;1;
44;-0.270064;0.270065;-0.270064;0.270064;-0.270063;0.270064;0.168659;-0.140613;0.168754;-0.140836;0.169538;-0.14124;0.00497242;0.0216952;0.0100402;0.00148728;0.00574175;0.0121129;0;1;0;0.323452;0;1;
45;-0.241493;0.241493;-0.241493;0.241493;-0.241492;0.241493;0.209831;-0.193442;0.209886;-0.193582;0.210344;-0.193812;0.00290344;0.0126713;0.00586301;0.000868857;0.00335268;0.00707494;0;1;0;0.640527;0;1;
46;-0.202303;0.202303;-0.202303;0.202303;-0.202302;0.202303;0.235023;-0.21005;0.235055;-0.225532;0.235322;-0.225662;0.00169511;0.00739973;0.00342349;0.000507343;0.00195743;0.00413172;0;1;0;0.654085;0;1;
47;-0.150865;0.150865;-0.150865;0.150864;-0.150864;0.150865;0.248536;-0.204661;0.248554;-0.242992;0.248711;-0.228566;0.000989397;0.00432115;0.00199875;0.000296002;0.00114259;0.00241254;0;1;0;0.544665;0;1;
48;-0.0819838;0.0819845;-0.0819839;0.0819838;-0.0819839;0.0819839;0.251276;-0.196547;0.251982;-0.241934;0.251248;-0.22677;0.000577277;0.00252335;0.00116671;0.000172456;0.000666715;0.00140867;0;1;0;0.547546;0;0.960098;
49;0.00835596;-0.00835512;0.00835594;-0.00835599;0.00835577;-0.00835589;0.240483;-0.177117;0.239693;-0.227192;0.233027;-0.215393;0.000336567;0.00147423;0.000680822;0.00010052;0.000388795;0.000822617;0;1;0;0.61602;0;1;
50;0.107335;-0.107334;0.107335;-0.107335;0.107334;-0.107335;0.206557;-0.149543;0.217036;-0.198509;0.209707;-0.199148;0.000196026;0.00086221;0.000397059;5.89235e-05;0.000226514;0.000480733;0;1;0;0.661465;0;1;
51;0.187852;-0.187852;0.187852;-0.187852;0.187852;-0.187852;0.185012;-0.101175;0.206091;-0.150319;0.176809;-0.165452;0.000113976;0.0180158;0.000231393;0.00245532;-0.00204275;0.000281632;0;1;0;0.747027;0;1;
52;0.240616;-0.240616;0.240616;-0.240617;0.240616;-0.240616;0.173288;-0.0459288;0.185598;-0.103552;0.167679;-0.125495;6.61407e-05;0.0275649;0.000134662;0.00839621;-0.00119345;0.00864568;0;1;0;0.791897;0;0.965403;
53;0.271439;-0.27144;0.271439;-0.27144;0.27144;-0.271439;0.145621;0.037864;0.15281;-0.0290378;0.142346;-0.0700987;3.82522e-05;0.0554445;7.82388e-05;0.0327354;-0.000697438;0.00505087;0;1;0;0.965277;0;0.849423;
54;0.287466;-0.287467;0.287466;-0.287467;0.287466;-0.287466;0.102242;0.0588722;0.106435;0.0405492;0.100324;0.0242554;0.00870055;0.0323876;4.52624e-05;0.0542066;-0.000407768;0.0294797;0.755926;1;0;0.991949;0;1;
55;0.293158;-0.293159;0.293158;-0.293158;0.293158;-0.293158;0.0397502;0.0688712;0.0422041;0.0700443;0.0442675;0.0802463;0.0102793;0.0189153;0.0283856;0.0316571;0.0351269;0.0172184;0.758005;0.18278;1;0.0965019;1;0.871006;
56;0.289813;-0.289813;0.289813;-0.289813;0.289813;-0.289813;-0.0409283;0.104364;-0.0394839;0.105049;-0.0382752;0.111007;0.00600438;0.011046;0.0203132;0.0184871;0.0337558;0.010055;0.783288;0;1;0;1;0;
57;0.275955;-0.275955;0.275955;-0.275955;0.275956;-0.275955;-0.121246;0.158294;-0.120395;0.158694;-0.119685;0.162173;0.00350752;0.00645041;0.0118668;0.010796;0.0197185;0.00587168;0.644101;0;1;0;1;0;
58;0.250436;-0.250436;0.250436;-0.250436;0.250437;-0.250436;-0.180893;0.202529;-0.180389;0.202763;-0.179972;0.204795;0.00204885;0.00376655;0.00693175;0.00630437;0.0115175;0.00342858;0.7124;0;1;0;1;0;
59;0.214179;-0.214179;0.214179;-0.214179;0.214179;-0.214179;-0.218148;0.230784;-0.217849;0.230921;-0.21363;0.232107;0.00119656;0.00219914;0.00404835;0.00368123;0.00672622;0.00200179;0.952081;0;1;0;1;0;
60;0.166496;-0.166496;0.166496;-0.166496;0.166496;-0.166496;-0.239147;0.246527;-0.229602;0.246607;-0.206942;0.2473;0.000698555;0.00128376;0.0023638;0.00214928;0.00392772;0.0011685;1;0;1;0;1;0;
61;0.103062;-0.103062;0.103062;-0.103062;0.103062;-0.103062;-0.245677;0.253557;-0.226264;0.253604;-0.199656;0.254008;0.00040754;0.000749155;0.00138018;0.00125462;0.00229352;0.000681845;1;0;1;0;1;0;
62;0.0184138;-0.0184142;0.018414;-0.0184139;0.0184148;-0.0184139;-0.232695;0.237823;-0.218387;0.243923;-0.184457;0.244124;0.000237744;0.000436937;0.000805908;0.000732155;0.0013397;0.000397653;0.977118;0;1;0;1;0;
63;-0.0808908;0.0808904;-0.0808907;0.0808907;-0.0808897;0.0808907;-0.204762;0.216316;-0.20586;0.224353;-0.158448;0.225091;0.000138939;0.000254628;0.000470855;0.000427037;0.000783442;0.000231682;0.980023;0;1;0;0.954306;0;
64;-0.168493;0.168493;-0.168493;0.168493;-0.168492;0.168493;-0.163898;0.182911;-0.17597;0.206272;-0.117554;0.206651;8.20136e-05;0.000148198;0.000275717;0.00024899;0.00946179;0.000134876;1;0;1;0;1;0;
65;-0.228615;0.228615;-0.228615;0.228615;-0.228615;0.228615;-0.110632;0.148059;-0.138597;0.190731;-0.0557118;0.190952;0.00711221;8.60489e-05;0.00533236;0.000144876;0.0226223;7.82123e-05;1;0;1;0;1;0;
66;-0.264691;0.264691;-0.264691;0.264691;-0.264691;0.264691;-0.0588727;0.137107;-0.090302;0.162028;0.00507032;0.162157;0.0189082;4.97849e-05;0.00430081;8.41951e-05;0.0378771;4.5276e-05;1;0;0.889399;0;1;0;
67;-0.284217;0.284216;-0.284216;0.284216;-0.284217;0.284216;0.0391094;0.105626;3.40795e-05;0.120182;0.0479813;0.120254;0.0545126;2.85963e-05;0.0330015;0.00991077;0.0384712;2.60354e-05;1;0;1;0.401023;0.935653;0;
68;-0.292489;0.292489;-0.292489;0.292489;-0.292489;0.292489;0.0577469;0.0530377;0.0726691;0.0615368;0.0656431;0.0615807;0.031838;0.0224825;0.0192768;0.00579058;0.0224709;0.0332122;0.889711;0.739606;0.856224;0.47676;0.7057;1;
69;-0.291686;0.292904;-0.291686;0.291686;-0.291722;0.291686;0.0858226;-0.0211089;0.0945373;-0.0161604;0.0904339;-0.0161235;0.0185928;0.0276209;0.0112573;0.00526823;0.0131225;0.019403;0;1;0;0.367525;0;1;
70;-0.280941;0.281652;-0.280941;0.280941;-0.280962;0.280941;0.140505;-0.102699;0.145595;-0.0998218;0.143198;-0.0997913;0.0108577;0.0254904;0.00657382;0.00307773;0.00766308;0.0138801;0;1;0;0.418184;0;1;
71;-0.258577;0.258993;-0.258577;0.258577;-0.25859;0.258577;0.19016;-0.16807;0.193132;-0.1664;0.191733;-0.166376;0.00634043;0.014889;0.00383864;0.00179798;0.00447476;0.00810807;0;1;0;0.620197;0;1;
72;-0.225211;0.225454;-0.225211;0.225211;-0.225219;0.225212;0.223376;-0.210466;0.225111;-0.209499;0.224294;-0.20948;0.0037023;0.00869562;0.00224127;0.00105015;0.00261275;0.00473561;0;1;0;0.571153;0;1;
73;-0.180948;0.18109;-0.180948;0.180948;-0.180952;0.180948;0.242571;-0.205549;0.243585;-0.234467;0.243108;-0.233405;0.00216161;0.0050778;0.00130838;0.000613113;0.0015253;0.00276526;0;1;0;0.477433;0;0.985151;
74;-0.12247;0.122553;-0.12247;0.12247;-0.122472;0.12247;0.251977;-0.200906;0.252569;-0.247243;0.25229;-0.228769;0.00126182;0.0029651;0.000763538;0.000357695;0.000890217;0.00161457;0;1;0;0.432199;0;1;
75;-0.0438945;0.0439436;-0.0438945;0.0438945;-0.0438963;0.0438946;0.246926;-0.189291;0.247604;-0.236874;0.245777;-0.223277;0.000736352;0.00173166;0.000445355;0.000208556;0.000519317;0.000942733;0;1;0;0.590911;0;1;
76;0.0534505;-0.0534211;0.0534505;-0.0534505;0.0534491;-0.0534504;0.232732;-0.164002;0.232691;-0.213958;0.221329;-0.208644;0.000429482;0.00101238;0.000259536;0.000121767;0.000302736;0.000550659;0;1;0;0.797943;0;1;
77;0.146925;-0.146908;0.146925;-0.146925;0.146924;-0.146925;0.206712;-0.137426;0.199964;-0.174851;0.196126;-0.185584;0.000250473;0.00897709;0.000151267;7.16969e-05;-0.00129292;0.000322147;0;1;0;0.979377;0;1;
78;0.214778;-0.214768;0.214778;-0.214779;0.214778;-0.214778;0.195778;-0.0744253;0.156195;-0.117619;0.160009;-0.147091;0.00014567;0.02444;8.79179e-05;0.00767529;-0.000755562;0.000189218;0;1;0;0.841692;0;1;
79;0.256704;-0.256699;0.256704;-0.256704;0.256704;-0.256704;0.170791;-0.0146974;0.115173;-0.0672358;0.149902;-0.106149;8.46226e-05;0.0379487;5.10491e-05;0.022058;-0.000441685;0.00474787;0;1;0;0.805535;0;1;
80;0.280131;-0.280129;0.280131;-0.280132;0.280131;-0.280132;0.132956;0.0435075;0.100473;0.013901;0.120755;-0.031903;0.0108356;0.0421511;-0.00109809;0.0395497;-0.000258439;0.00793003;0.561187;0.95912;0;0.91886;0;0.769619;
81;0.29115;-0.291149;0.29115;-0.291151;0.29115;-0.29115;0.0795037;0.0506126;0.0605341;0.0649124;0.0723772;0.0483873;0.0063302;0.0246219;0.0119154;0.0231022;0.0168249;0.0502488;0.690922;0.862094;0.830134;0.654466;0.407223;0.815542;
82;0.292813;-0.292812;0.292813;-0.292813;0.292813;-0.292813;0.0067242;0.069265;-0.00434454;0.0776162;0.00290136;0.0679664;0.00396564;0.0143788;0.0204908;0.0134913;0.0260799;0.0293452;0.758897;0;1;0;1;0.141414;
83;0.285021;-0.285021;0.285021;-0.285021;0.285021;-0.285021;-0.0777263;0.122105;-0.0841807;0.126982;-0.0799452;0.121346;0.00231716;0.00839675;0.0177794;0.00787846;0.0357841;0.0171371;0.857515;0;1;0;1;0;
84;0.265889;-0.265889;0.265889;-0.265889;0.265889;-0.265889;-0.150517;0.176435;-0.154279;0.179283;-0.151802;0.175992;0.00135394;0.00490325;0.0103857;0.00460058;0.0209014;0.0100076;0.905;0;1;0;1;0;
85;0.23544;-0.23544;0.23544;-0.23544;0.235441;-0.23544;-0.199744;0.214881;-0.201936;0.216544;-0.200486;0.214622;0.00079095;0.00286299;0.00606604;0.00268624;0.0122074;0.00584392;0.980142;0;1;0;1;0;
86;0.194343;-0.194343;0.194344;-0.194343;0.194344;-0.194343;-0.229031;0.237872;-0.230307;0.238843;-0.206838;0.237721;0.000461801;0.00167145;0.00354236;0.00156826;0.00712874;0.00341233;1;0;1;0;1;0;
87;0.140326;-0.140326;0.140326;-0.140326;0.140327;-0.140326;-0.244692;0.249856;-0.229845;0.250424;-0.203916;0.249768;0.00026938;0.000975571;0.00206837;0.000915313;0.00416281;0.00199223;1;0;1;0;1;0;
88;0.0677847;-0.067785;0.0677848;-0.0677847;0.0677854;-0.0677847;-0.239685;0.251241;-0.225211;0.250008;-0.193771;0.250372;0.000156917;0.000569176;0.00120768;0.000533997;0.00243094;0.0011629;1;0;1;0;1;0;
89;-0.0257066;0.025706;-0.0257065;0.0257065;-0.0257054;0.0257065;-0.222702;0.227924;-0.213012;0.23757;-0.174259;0.237324;9.15154e-05;0.000331835;0.000705312;0.000311303;0.00142035;0.000678588;1;0;1;0;1;0;
90;-0.123252;0.123251;-0.123252;0.123252;-0.12325;0.123252;-0.190456;0.204918;-0.196011;0.204235;-0.145832;0.201574;5.38289e-05;0.000193227;0.000412279;0.0001813;0.000830835;0.000395766;1;0;1;0;1;0;
91;-0.198942;0.198942;-0.198942;0.198942;-0.198942;0.198942;-0.141914;0.170411;-0.156349;0.168742;-0.091046;0.166358;0.00819073;0.000112311;0.00303297;0.00010538;0.0109316;-0.00349983;1;0;0.771539;0;1;0;
92;-0.247327;0.247327;-0.247327;0.247327;-0.247327;0.247327;-0.0887495;0.161454;-0.115561;0.159212;-0.0271673;0.147617;0.009592;6.51595e-05;0.00177268;6.11172e-05;0.0312313;-0.00204423;1;0;0.968103;0;1;0;
93;-0.275124;0.275123;-0.275123;0.275123;-0.275124;0.275123;-0.0116275;0.134543;-0.0612812;0.133234;0.0408196;0.126462;0.0461395;3.75936e-05;0.0155952;0.00578319;0.0458101;-0.00119428;1;0;0.831327;0.372641;1;0;
94;-0.289121;0.289121;-0.289121;0.289121;-0.289121;0.289121;0.0434994;0.0900899;0.0379716;0.0893309;0.0595184;0.0853721;0.0269518;2.15169e-05;0.0264424;0.0132279;0.0287115;0.00868539;1;0;1;0.453233;1;0.938957;
95;-0.293238;0.293238;-0.293238;0.293238;-0.293239;0.293238;0.0560044;0.0274191;0.0733207;0.0247157;0.0534851;0.0224115;0.0157402;0.0269839;0.0154432;0.00772749;0.0167674;0.023309;0.414361;1;0.46881;0.416088;0.238389;1;
96;-0.288223;0.288223;-0.288223;0.288223;-0.288223;0.288223;0.104028;-0.0552936;0.114141;-0.0568873;0.102557;-0.058222;0.00919183;0.0339122;0.00901829;0.0045141;0.00979172;0.019374;0;1;0;0.530152;0;1;
97;-0.27234;0.272341;-0.27234;0.27234;-0.27234;0.27234;0.161599;-0.133126;0.167505;-0.134068;0.16074;-0.13484;0.0053676;0.019809;0.00526625;0.00263711;0.00571792;0.0113177;0;1;0;0.50094;0;1;
98;-0.244882;0.244882;-0.244882;0.244882;-0.244882;0.244882;0.205318;-0.18868;0.208767;-0.189239;0.204817;-0.189684;0.0031342;0.01157;0.00307501;0.00154043;0.00333878;0.00661078;0;1;0;0.462638;0;1;
