1;-0.000363588;0.000116064;9.94838e-05;-0.000363588;0.000116064;9.94838e-05;0.0349769;0.0347456;0.0352595;0.0349769;0.0347456;0.0352595;0.808667;0.808665;0.808666;0.808667;0.808665;0.808666;0;0;0;0;0;0;
2;-0.000393524;0.000253159;0.000594841;-0.00100143;0.000510537;2.79733e-05;0.114125;0.115002;0.117501;0.116558;0.117626;0.11848;0.472339;0.472339;0.472342;0.472339;0.472339;0.472341;1;1;1;1;1;1;
3;-0.00210355;-0.000864865;-0.000374939;-0.00230911;0.0022658;0.00108548;0.0739524;0.0765296;0.0974683;0.0774032;0.0912099;0.0931615;0.275854;0.275854;0.275858;0.275854;0.275856;0.275857;0;0;0.18126;0;0.0383062;0.504891;
4;-0.00039729;-0.000921735;-0.000453726;0.00124879;0.00454564;0.00304224;0.174331;0.177915;0.187678;0.155479;0.170064;0.174548;0.161126;0.161122;0.172883;0.161122;0.16113;0.161129;0.629576;0.853643;0.947265;0.390169;0.504675;1;
5;-0.000327441;-0.00163837;-0.00105503;0.00104379;0.00344105;0.00203818;0.168903;0.173317;0.178663;0.162503;0.167918;0.172887;0.152613;0.150945;0.16822;0.161658;0.173202;0.17206;0.701665;0.726934;1;0.371043;0.527065;0.913857;
6;6.81527e-05;-0.00171687;-0.00107229;0.00124209;0.00318342;0.00180797;0.165944;0.170401;0.176142;0.161615;0.166667;0.171798;0.152284;0.150806;0.167263;0.162756;0.17432;0.173125;0.709567;0.718543;1;0.375441;0.519584;0.92317;
7;0.000113161;-0.00177165;-0.00109688;0.00107086;0.00292774;0.00156558;0.165726;0.171115;0.176201;0.15958;0.163649;0.169917;0.154022;0.151685;0.168664;0.159899;0.172244;0.169718;0.714807;0.702561;1;0.381649;0.53915;0.928643;
8;0.00017786;-0.00162642;-0.000968376;0.00124462;0.00321577;0.00179966;0.164952;0.171642;0.175362;0.159258;0.16176;0.169362;0.154427;0.150608;0.168715;0.156986;0.171046;0.167143;0.727087;0.687947;1;0.387557;0.564038;0.918604;
9;-0.000311594;-0.00214876;-0.00142682;0.00103688;0.00295339;0.00160929;0.162523;0.171037;0.172729;0.160616;0.160846;0.170701;0.153669;0.147641;0.167609;0.155239;0.171984;0.165656;0.743428;0.66228;1;0.387177;0.592707;0.890612;
10;-0.000409849;-0.00206734;-0.0014604;0.00128776;0.00316953;0.00190428;0.159277;0.170322;0.169404;0.16238;0.15968;0.172358;0.153331;0.144195;0.166758;0.153625;0.173902;0.164413;0.763257;0.623915;1;0.381141;0.451546;0.856083;
11;-0.00125884;-0.00271811;-0.00227639;0.00211185;0.00385752;0.00274237;0.156377;0.170232;0.166194;0.163771;0.158933;0.173736;0.154197;0.140946;0.165953;0.150901;0.174364;0.163407;0.773261;0.576119;1;0.3876;0.504091;0.812454;
12;-0.0025872;-0.00363987;-0.00352545;0.00343672;0.00494291;0.00412021;0.153655;0.170311;0.164025;0.16448;0.158088;0.175122;0.155996;0.138203;0.164104;0.147878;0.174261;0.162256;0.770437;0.536637;1;0.400771;0.552403;0.767219;
13;-0.00475944;-0.00527426;-0.00568652;0.00554874;0.00652761;0.00621147;0.151746;0.169896;0.16286;0.164507;0.15747;0.175756;0.158267;0.136764;0.160853;0.144253;0.173205;0.162242;0.74603;0.518777;1;0.427461;0.585335;0.715865;
14;-0.00789885;-0.00773575;-0.00894319;0.00878444;0.00885513;0.0092942;0.152651;0.169009;0.164163;0.161724;0.156744;0.172326;0.159975;0.137774;0.155315;0.141243;0.170366;0.166435;0.688507;0.552626;1;0.48487;0.566874;0.676407;
15;-0.0115062;-0.0104143;-0.0127907;0.0129679;0.0116842;0.013191;0.159627;0.165041;0.169211;0.155019;0.157797;0.163421;0.158213;0.146244;0.148045;0.139139;0.161805;0.174389;0.549144;0.727052;1;0.59363;0.451905;0.495649;
16;-0.0213497;-0.0114667;-0.0155235;0.0250184;0.0244383;0.0258659;0.162678;0.157347;0.182544;0.131466;0.155834;0.149802;0.142976;0.168969;0.136157;0.142176;0.146664;0.183764;0.435663;0.775699;1;0.638812;0.379328;0.664872;
17;-0.0433214;-0.00571173;-0.0124812;0.0676691;-0.0161386;0.0664873;0.172972;0.144299;0.212224;0.0918365;0.147113;0.134167;0.0982958;0.21883;0.110447;0.131693;0.0856596;0.192402;0.159825;0.636416;1;0.452214;0.574788;0.787027;
18;-0.0840921;-0.00157378;-0.00995798;0.102996;-0.0717409;0.101168;0.187452;0.136494;0.251346;0.0360746;0.136397;0.0962715;0.0574102;0.271205;0.0863917;0.142329;0.0500251;0.21866;0.518213;0.748907;1;0.485713;0;1;
19;-0.109174;-0.00801797;-0.0159501;0.119781;-0.102654;0.113938;0.225894;0.139093;0.290213;-0.0128941;0.167439;0.054203;0.0335298;0.320253;0.0830685;0.145833;0.0292139;0.228653;0.446228;1;0.925829;0.433323;0;1;
20;-0.0849304;0.0314411;-0.0453492;0.0643469;-0.114913;0.0649996;0.262159;0.134241;0.283067;-0.0392226;0.199907;-0.0233648;0.0195792;0.39069;0.048517;0.163173;0.0170602;0.18975;1;0.831906;0.895629;0.384976;0;1;
21;-0.0708779;0.0472855;-0.0384402;0.0494426;-0.0793313;0.0501812;0.266918;0.128029;0.272737;-0.0353566;0.223067;-0.0216201;-0.0228611;0.368869;0.0283339;0.191964;0.00996259;0.186356;1;0.871374;0.970263;0.458964;0;1;
22;-0.0892616;0.0227359;0.00952626;-0.00309272;-0.0143533;-0.00267602;0.268612;0.125791;0.267555;-0.0343579;0.235289;-0.0342018;-0.0214461;0.376953;0.0165491;0.189611;0.00581748;0.169434;1;0.801945;0.62612;0.462913;0;1;
23;-0.103283;0.00420382;0.0882151;-0.081502;0.0742689;-0.0842222;0.27101;0.12697;0.255715;-0.0249874;0.228569;-0.0466314;-0.0318658;0.381663;0.00966547;0.197097;0.00339678;0.140637;1;0.505398;0.520033;0.354857;0;1;
24;-0.0468452;-0.0125233;0.168768;-0.144576;0.160625;-0.16644;0.267442;0.102902;0.238038;-0.0138484;0.191186;-0.0989162;-0.0231195;0.32683;0.0225805;0.175317;0.00198303;0.0771615;1;0;0;0.315221;0;1;
25;-0.047384;-0.0486057;0.227833;-0.187358;0.223078;-0.226474;0.229483;0.101467;0.212258;0.0205539;0.184384;-0.0738633;-0.0143255;0.266334;0.0131862;0.179295;0.00115773;0.0437984;1;0.214191;0;0.434187;0;1;
26;-0.035271;-0.069457;0.264249;-0.211088;0.261471;-0.263449;0.195891;0.073242;0.178293;0.060526;0.162014;-0.046079;-0.0127045;0.242322;0.00770047;0.171076;0.000675477;0.00949078;1;0.678981;0;0.468531;0;1;
27;0.103697;-0.0897367;0.284315;-0.20766;0.282693;-0.283848;0.179346;0.0781346;0.134584;0.0570687;0.125077;-0.125971;0.0509346;0.14154;0.00449661;0.116788;0.00039408;-0.0801465;1;0.0241043;0;0.35466;0;1;
28;0.185666;-0.167731;0.293219;-0.221145;0.276487;-0.291941;0.102833;0.0512844;0.0766733;0.113987;0.07113;-0.0948845;0.0549672;0.08266;0.00262554;0.118078;0.0662851;-0.134964;1;0;0;0.109567;0.591145;1;
29;0.199373;-0.220068;0.296846;-0.244499;0.249107;-0.265508;0.0157886;0.07423;0.000493491;0.123562;0.0514439;-0.0111462;0.0409596;0.0482723;0.00153283;0.0689598;0.174598;-0.131031;1;0;0;0;0.695858;1;
30;0.152023;-0.241331;0.285987;-0.255598;0.21723;-0.267292;-0.063216;0.128421;-0.084783;0.157231;0.0518071;0.0785488;0.077238;0.0281905;0.0124987;0.0402716;0.233162;-0.141757;1;0;0.717248;0;0.52581;1;
31;0.126617;-0.239515;0.264673;-0.246926;0.201784;-0.253759;-0.113147;0.181355;-0.155867;0.198181;0.0687409;0.146561;0.087;0.0164628;0.0103213;0.0235179;0.277259;-0.128673;1;0;1;0;0.933932;1;
32;0.138359;-0.217875;0.232341;-0.222204;0.0899901;-0.226754;-0.110001;0.217972;-0.0951816;0.227797;0.0136438;0.19765;0.126211;0.00961388;0.116832;0.0137338;0.203282;-0.079051;1;0;1;0;1;0;
33;0.0879531;-0.181413;0.189862;-0.18394;0.0741545;-0.186596;-0.109128;0.239594;-0.115023;0.245333;0.0168363;0.227727;0.120624;0.00561361;0.102858;0.00802018;0.207283;-0.0461654;0.842561;0;1;0;1;0;
34;0.0239154;-0.129179;0.134114;-0.130656;0.0215671;-0.132207;-0.126223;0.250644;-0.143863;0.253995;0.0363185;0.243714;0.0923368;0.00327789;0.0714746;0.00468312;0.230632;-0.026961;1;0;1;0;1;0;
35;-0.0350202;-0.0564089;0.0592981;-0.0572704;-0.00669091;-0.0581765;-0.0883955;0.245804;-0.122543;0.249944;0.00822419;0.248398;0.134798;0.00191365;0.0938773;0.00273443;0.180854;-0.0157455;1;0;1;0;1;0;
36;-0.116561;0.0375388;-0.0358351;0.0370357;-0.0743897;0.0365065;-0.0889538;0.230689;-0.144939;0.235705;0.0309886;0.235135;0.103216;0.00111691;0.0666212;0.00159649;0.203982;-0.0091957;1;0;1;0;1;0;
37;-0.196795;0.133154;-0.13214;0.13286;-0.154672;0.132551;-0.0524163;0.198923;-0.120566;0.206316;0.0336458;0.203622;0.116544;0.000651794;0.074065;0.000931757;0.172837;-0.00537082;1;0;1;0;1;0;
38;-0.259014;0.205574;-0.204967;0.198931;-0.216977;0.205221;-0.0172368;0.166034;-0.0962805;0.198453;0.0421723;0.191012;0.107696;0.000380036;0.0617718;0.00213673;0.167887;-0.0031368;1;0;1;0.11329;1;0;
39;-0.289296;0.251278;-0.246308;0.235051;-0.214181;0.251072;0.0154564;0.156915;-0.0704507;0.175849;0.0405055;0.171501;0.127484;0.000221483;0.0360816;-0.0248887;0.141473;-0.00183231;1;0;1;0.54001;1;0;
40;-0.299413;0.277272;-0.252982;0.215391;-0.246889;0.277152;0.0476252;0.129362;-0.027433;0.140427;0.0467727;0.137881;0.11838;0.000128931;0.0210709;-0.0145358;0.109628;-0.00107049;0.918923;0;1;0.731504;0.932597;0;
41;-0.298327;0.290674;-0.250687;0.210749;-0.259077;0.289991;0.0745129;0.0836029;0.021548;0.100608;0.0658568;0.0885741;0.0983749;0.02428;-0.0217204;0.0194742;0.0701528;-0.000625485;0.307128;0.270538;1;0.927892;0.561196;0;
42;-0.299729;0.251078;-0.270043;0.238902;-0.271255;0.317248;0.0839647;0.051504;0.0461855;0.0268383;0.0676388;0.0198026;0.0574513;0.114319;-0.0229476;0.0345898;0.0409691;0.0540355;0;0.397871;1;0.827629;0;0.680894;
43;-0.290978;0.221467;-0.271486;0.21436;-0.274846;0.301208;0.124332;0.0458408;0.102272;-0.0596079;0.114798;-0.0637161;0.0335507;0.172137;-0.0155385;0.0875356;0.0239255;0.0812125;0;0.887808;1;0.634645;0;1;
44;-0.272304;0.166412;-0.261174;0.198919;-0.262883;0.278277;0.175204;0.0462796;0.162322;-0.11714;0.169636;-0.10741;0.019593;0.214639;-0.00937726;0.0948487;0.013972;0.0762359;0;1;0.544695;0.474279;0;1;
45;-0.242801;0.145284;-0.2363;0.163923;-0.237299;0.246285;0.213653;0.0267329;0.20613;-0.122006;0.210402;-0.118278;0.0114417;0.216881;-0.00547674;0.10941;0.00815912;0.0913857;0;1;0;0.503178;0;1;
46;-0.203067;0.0875769;-0.199271;0.123711;-0.199854;0.205098;0.237255;0.0228676;0.232861;-0.131804;0.235356;-0.122917;0.00668147;0.213108;-0.00319879;0.100646;0.00476427;0.0925275;0;1;0;0.496285;0;1;
47;-0.151311;0.0355417;-0.149094;0.0749976;-0.149435;0.152497;0.249839;0.018676;0.247273;-0.130974;0.24873;-0.125397;0.00390139;0.205679;-0.00186858;0.095052;0.00278175;0.0904277;0;1;0;0.556619;0;1;
48;-0.0822443;0.0146329;-0.0809497;0.0118082;-0.081149;0.0829456;0.250325;0.00951089;0.249359;-0.112363;0.249674;-0.128957;0.00227791;0.190448;-0.00109171;0.107108;0.00162391;0.0835689;0;1;0;0.564235;0;1;
49;0.00820384;-0.0476894;0.00895984;-0.0653696;0.00884342;-0.00777752;0.239384;0.0168251;0.239902;-0.104323;0.237679;-0.137241;0.00132981;0.18779;-0.000638044;0.0994602;0.000947758;0.0720574;0;1;0;0.639783;0;1;
50;0.107246;-0.130302;0.107687;-0.149983;0.107619;-0.106976;0.218472;0.0205237;0.216434;-0.0784858;0.211548;-0.12286;0.000776119;0.170218;-0.00037311;0.101962;0.000552923;0.0742498;0;1;0;0.705667;0;1;
51;0.187801;-0.201258;0.188058;-0.225858;0.188019;-0.187624;0.209956;0.0368698;0.208766;-0.0506135;0.188264;-0.104235;0.000452861;0.15536;-0.000218284;0.0984688;0.0003225;0.0689357;0;1;0;0.77627;0;0.89705;
52;0.236677;-0.247776;0.240737;-0.274633;0.240714;-0.240472;0.187855;0.0477765;0.18716;-0.0116132;0.175187;-0.0719832;-0.0019844;0.133439;-0.000127947;0.0942363;0.000187749;0.0545283;0.216656;1;0;0.855275;0;0.908969;
53;0.263735;-0.248325;0.27151;-0.295263;0.271497;-0.268218;0.154132;0.044254;0.153723;0.0288084;0.14673;-0.040364;-0.013702;0.103865;-7.51094e-05;0.102165;0.00010918;0.0318499;1;0.877607;0;0.658675;0;1;
54;0.258291;-0.273054;0.287508;-0.295834;0.2875;-0.26565;0.107216;0.0470673;0.106967;0.0703688;0.102884;0.0082509;-0.00185013;0.0606717;-4.42774e-05;0.0942064;6.33529e-05;0.0185963;1;0.526771;0;0.478202;0;1;
55;0.254408;-0.284539;0.295927;-0.298783;0.266687;-0.277414;0.0426642;0.05741;0.0425076;0.067119;0.0498871;0.0370246;0.0460899;0.0354308;0.0214949;0.0550177;0.0831556;0.00100901;1;0.308903;0.680763;0.236665;0.648084;1;
56;0.252105;-0.288207;0.293159;-0.293098;0.230785;-0.287233;-0.0369391;0.0976702;-0.0393054;0.10334;0.0411755;0.0857703;0.0843909;0.0206911;0.0695822;0.0321295;0.141517;-0.00211992;1;0;0.862046;0;1;0.880201;
57;0.231691;-0.275017;0.275793;-0.277873;0.182256;-0.274449;-0.110591;0.154384;-0.109823;0.157696;0.0456926;0.147435;0.0928242;0.0120832;0.0674934;0.0187631;0.206821;-0.00123843;0.795269;0;1;0;1;0.384518;
58;0.198807;-0.249888;0.242319;-0.251556;0.157766;-0.249556;-0.123618;0.200246;-0.125032;0.20218;0.0290228;0.196188;0.107756;0.00705612;0.0770088;0.010957;0.214358;-0.00072375;0.907287;0;1;0;1;0;
59;0.179956;-0.213859;0.209437;-0.214833;0.0913706;-0.213665;-0.132276;0.229451;-0.116687;0.23058;0.0156655;0.227081;0.103176;0.00412011;0.0958561;0.00639844;0.203452;-0.000423041;0.875563;0;1;0;1;0;
60;0.138464;-0.166309;0.163731;-0.166878;0.0516065;-0.166196;-0.137048;0.245749;-0.128832;0.246408;0.0173616;0.244365;0.0909027;0.00240556;0.0858457;0.00373611;0.206565;-0.000247542;0.994371;0;1;0;1;0;
61;0.0799879;-0.102953;0.101459;-0.103285;0.0342115;-0.102887;-0.120909;0.253102;-0.129741;0.253488;0.00659788;0.252294;0.102836;0.00140426;0.0807036;0.00218136;0.189984;-0.000145074;1;0;0.957852;0;1;0;
62;0.00492321;-0.0183505;0.0174931;-0.0185441;-0.0217971;-0.0183116;-0.113406;0.239853;-0.137933;0.2428;0.00980647;0.243603;0.0939808;0.000819449;0.0709773;0.00127345;0.185734;-8.51829e-05;1;0;1;0;1;0;
63;-0.0887845;0.0809278;-0.0814125;0.0808146;-0.104372;0.0809504;-0.0969345;0.222851;-0.129408;0.222554;0.0153152;0.222019;0.0885093;0.000478017;0.0672474;0.000743181;0.174829;-5.0267e-05;1;0;1;0;1;0;
64;-0.173115;0.168515;-0.168785;0.168449;-0.182202;0.168528;-0.0627133;0.18769;-0.106019;0.194865;0.0141208;0.186422;0.0887323;0.000278666;0.0698715;0.000433754;0.164001;-2.95537e-05;1;0;0.933208;0;1;0;
65;-0.231322;0.228628;-0.228777;0.228589;-0.236615;0.228636;-0.0406455;0.177989;-0.0882124;0.184069;0.0475372;0.148673;0.0797898;0.000162172;0.0601239;0.000252796;0.134885;-1.77269e-05;1;0;0.899951;0;1;0;
66;-0.265854;0.264699;-0.264786;0.254403;-0.26575;0.264704;0.00902363;0.154586;-0.0457453;0.158137;0.0456423;0.137466;0.0826703;9.42186e-05;0.0441281;-0.0140283;0.102932;-1.07824e-05;1;0;0.691849;0.313052;1;0;
67;-0.280992;0.284221;-0.284269;0.25668;-0.280168;0.284224;0.0465086;0.115833;-0.00983062;0.117912;0.048133;0.105835;0.0816078;5.46155e-05;0.0257704;-0.00844993;0.072502;-6.67191e-06;1;0;1;0.625383;0.968022;0;
68;-0.282834;0.291801;-0.282032;0.255006;-0.28345;0.291974;0.0775298;0.0589993;0.0429849;0.0641842;0.0623724;0.053155;0.0558252;0.0440783;-0.0309415;0.0446298;0.0423456;0.020344;0.485415;0.668432;0.943319;0.741801;0.441987;0.776866;
69;-0.286047;0.24141;-0.303351;0.262312;-0.286407;0.294864;0.0973758;0.0413693;0.0772083;-0.0146016;0.0885238;-0.0210437;0.0326012;0.115771;-0.0195884;0.0664359;0.0247292;0.064801;0;0.809199;0.673074;0.621203;0;1;
70;-0.277648;0.196683;-0.287753;0.237109;-0.277858;0.272899;0.147253;0.0404545;0.135475;-0.0988962;0.142082;-0.0990464;0.0190385;0.187136;-0.0119259;0.0934253;0.0144414;0.0647295;0;1;0.441186;0.433749;0;1;
71;-0.256654;0.164373;-0.262555;0.19444;-0.256777;0.232566;0.1941;0.0286102;0.187222;-0.123235;0.191081;-0.13078;0.0111178;0.209664;-0.00696521;0.10162;0.00843336;0.0672261;0;1;0;0.478506;0;1;
72;-0.224088;0.114976;-0.227535;0.180353;-0.22416;0.210015;0.225677;0.0133258;0.22166;-0.13113;0.223914;-0.122475;0.00649237;0.200527;-0.00406804;0.105117;0.00492444;0.0877295;0;1;0;0.505871;0;1;
73;-0.180292;0.0649748;-0.182305;0.150552;-0.180334;0.172075;0.243915;0.0132445;0.241569;-0.139203;0.242885;-0.130057;0.003791;0.202536;-0.00237618;0.0907413;0.00287527;0.0861437;0;1;0;0.526343;0;1;
74;-0.122087;0.0282671;-0.123262;0.102879;-0.122111;0.117297;0.252762;0.00560601;0.251392;-0.132923;0.252161;-0.128575;0.00221345;0.190652;-0.00138819;0.0944671;0.00167856;0.0831411;0;1;0;0.555919;0;1;
75;-0.0436708;-0.0111234;-0.0443573;0.0324394;-0.0436855;0.0408874;0.248339;0.00444396;0.247366;-0.120904;0.245528;-0.136188;0.00129215;0.181764;-0.000811149;0.092223;0.00097965;0.0756843;0;1;0;0.609531;0;1;
76;0.053581;-0.0855796;0.0531801;-0.0601544;0.0535725;-0.0551919;0.229124;0.0103466;0.229067;-0.108193;0.228489;-0.134557;0.000754116;0.173414;-0.000474215;0.0854678;0.000571544;0.0700137;0;1;0;0.67454;0;1;
77;0.147002;-0.165684;0.146767;-0.150851;0.146997;-0.147931;0.202709;0.0188892;0.198248;-0.0776086;0.198894;-0.113358;0.000439957;0.148864;-0.000277396;0.0866994;0.000333201;0.0709334;0;1;0;0.74267;0;1;
78;0.214823;-0.225729;0.214686;-0.217076;0.21482;-0.215359;0.193441;0.0343215;0.190835;-0.0491255;0.191213;-0.0916738;0.000256515;0.137615;-0.000162411;0.0769351;0.000194042;0.0606746;0;1;0;0.80158;0;1;
79;0.252753;-0.262288;0.256651;-0.258044;0.256729;-0.257043;0.169426;0.0486035;0.167904;-0.0105346;0.168125;-0.0614397;-0.000104685;0.111589;-9.52875e-05;0.0661557;0.000112848;0.0455759;0.109542;1;0;0.83256;0;1;
80;0.266573;-0.279646;0.2801;-0.276763;0.280146;-0.28033;0.132159;0.04879;0.131269;0.0298896;0.131397;-0.0205584;-0.0085534;0.0765202;-5.60325e-05;0.0726685;6.54525e-05;0.0266193;0.69068;0.996265;0;0.663975;0;1;
81;0.2629;-0.290669;0.291132;-0.28804;0.289588;-0.289987;0.0790419;0.0599534;0.0785135;0.0652895;0.0785907;0.0269271;0.0277545;0.0446931;-3.30342e-05;0.0591739;0.0114014;-0.0133786;0.883977;0.699045;0;0.454831;0.368715;1;
82;0.270693;-0.292656;0.296203;-0.290469;0.254079;-0.302006;0.00646683;0.0743325;0.00615361;0.0780601;0.0399596;0.0620556;0.0579603;0.0261001;0.051116;0.0345577;0.102488;-0.0143777;0.723365;0;0.978654;0.094125;0.582411;1;
83;0.240888;-0.28493;0.27145;-0.283653;0.209651;-0.29039;-0.0778621;0.125064;-0.0774955;0.127241;0.0389656;0.117897;0.0914655;0.015242;0.0654388;0.0201811;0.162958;-0.00839579;0.692057;0;1;0;1;0.74626;
84;0.192506;-0.265836;0.219387;-0.26509;0.163388;-0.269025;-0.120422;0.178163;-0.133426;0.179434;0.0318762;0.173977;0.0992267;0.00890093;0.0650019;0.0117852;0.203077;-0.0049036;0.742034;0;1;0;1;0;
85;0.155381;-0.235409;0.180917;-0.234973;0.127189;-0.237271;-0.121587;0.21589;-0.136329;0.216632;0.0110546;0.213445;0.106051;0.00519755;0.082754;0.00688208;0.200506;-0.00286416;0.818052;0;1;0;1;0;
86;0.140502;-0.194325;0.162501;-0.194071;0.0822105;-0.195413;-0.13385;0.238461;-0.132147;0.238895;0.0108009;0.237034;0.0981326;0.00303475;0.0825749;0.0040186;0.199134;-0.00167305;0.775831;0;0.989418;0;1;0;
87;0.108767;-0.140316;0.121734;-0.140167;0.0368748;-0.140951;-0.136716;0.250201;-0.132653;0.250454;0.00880672;0.249367;0.0906878;0.00177171;0.0800149;0.00234637;0.195889;-0.00097759;0.828761;0;1;0;1;0;
88;0.049344;-0.0677788;0.0569365;-0.0676917;0.00736511;-0.0681495;-0.121413;0.248801;-0.134033;0.249057;0.00147735;0.248393;0.0961944;0.00103406;0.0786336;0.00136975;0.180898;-0.000571368;0.891484;0;1;0;1;0;
89;-0.0364863;0.0257099;-0.0320308;0.0257607;-0.0609911;0.0254933;-0.114098;0.232448;-0.13869;0.234984;0.00896756;0.237034;0.0858241;0.000603285;0.0713359;0.000799461;0.176529;-0.000334159;0.974841;0;1;0;1;0;
90;-0.129554;0.123254;-0.126936;0.123283;-0.143854;0.123127;-0.0875781;0.210311;-0.119836;0.212426;0.0135638;0.207589;0.0853093;0.000351765;0.0715165;0.000466397;0.158282;-0.000195649;0.801391;0;1;0;1;0;
91;-0.202624;0.198944;-0.201091;0.198961;-0.21097;0.19887;-0.0594251;0.202438;-0.0986463;0.203673;0.0297741;0.200849;0.0777781;0.000204864;0.0646622;0.000271974;0.142634;-0.000114659;0.952781;0;0.900896;0;1;0;
92;-0.249471;0.247328;-0.248583;0.247338;-0.254348;0.247284;-0.0256192;0.180157;-0.0718559;0.180879;0.0471613;0.179229;0.0676608;0.000119126;0.0526945;0.00015839;0.118883;-6.7398e-05;1;0;0.864078;0;1;0;
93;-0.270718;0.275124;-0.275861;0.268301;-0.273708;0.275099;0.0172706;0.145466;-0.0303308;0.145887;0.049948;0.144923;0.069753;6.91061e-05;0.0307791;-0.01225;0.0832208;-3.97526e-05;1;0;0.975256;0.499354;1;0;
94;-0.283087;0.289121;-0.288975;0.272316;-0.288174;0.289106;0.0645916;0.0964688;0.0100555;0.0967208;0.0466164;0.096152;0.0681368;3.99654e-05;0.0179708;-0.00757373;0.0486104;-2.36165e-05;0.746946;0;1;0.786086;0.776037;0;
95;-0.290002;0.277293;-0.292947;0.272078;-0.298429;0.294088;0.0754899;0.0415787;0.033584;0.0290399;0.0526596;0.0286986;0.0397919;0.0748282;0.010459;0.051346;0.0283862;0.0285987;0.0685078;0.744439;1;0.976781;0.225864;0.837822;
96;-0.286333;0.228884;-0.298648;0.254169;-0.291255;0.276918;0.115408;0.034133;0.0909389;-0.0543482;0.102075;-0.0545471;0.0232379;0.137146;0.0117214;0.0833169;0.0165771;0.057423;0;1;0.617708;0.746075;0;1;
97;-0.271236;0.170239;-0.278428;0.212128;-0.274111;0.229118;0.168245;0.0314673;0.153955;-0.119849;0.160458;-0.127806;0.0135704;0.188212;0.00684486;0.098891;0.0096806;0.0649064;0;1;0;0.641304;0;1;
98;-0.244237;0.142821;-0.248437;0.166059;-0.245915;0.186434;0.209199;0.0116765;0.200854;-0.123131;0.204652;-0.145271;0.00792455;0.201989;0.00399683;0.0997411;0.00565297;0.073998;0;1;0;0.741277;0;1;
