1;-0.000363588;0.000116064;9.94838e-05;-0.000363588;0.000116064;9.94838e-05;0.0349769;0.0347456;0.0352595;0.0349769;0.0347456;0.0352595;0.808667;0.808665;0.808666;0.808667;0.808665;0.808666;0;0;0;0;0;0;
2;-0.000248353;8.95878e-05;0.000491528;-0.000752743;0.00046789;-8.70974e-06;0.114101;0.114569;0.115893;0.115276;0.116067;0.116965;0.47234;0.47234;0.472342;0.47234;0.47234;0.472342;1;1;1;1;1;1;
3;-0.00142354;-0.0002259;0.00069082;-0.0026227;0.000434249;-0.00050756;0.0728882;0.0744914;0.0747173;0.0734823;0.0755274;0.0750936;0.275853;0.275854;0.275855;0.275853;0.275853;0.275855;0;0;0;0;0;0;
4;-0.000195147;-0.000306184;0.000758482;-0.00140514;0.000635536;-0.000468582;0.146876;0.148486;0.148689;0.14714;0.149142;0.148928;0.161118;0.161118;0.161119;0.161118;0.161118;0.161119;0.743572;0.629328;0.744557;0.641332;0.618769;0.742315;
5;0.000671342;3.1e-05;0.00107347;-0.000819048;0.000734057;-0.000413321;0.158761;0.160702;0.160964;0.151798;0.153022;0.153861;0.144503;0.144203;0.144377;0.151452;0.152279;0.15087;0.741305;0.600011;0.716809;0.616168;0.588294;0.687496;
6;0.000665019;-0.00016059;0.000944996;-0.000959488;0.000471422;-0.000672429;0.157719;0.159893;0.159491;0.151104;0.151455;0.152599;0.143922;0.143363;0.144428;0.150601;0.152402;0.150605;0.759267;0.599703;0.73324;0.626724;0.600942;0.696195;
7;0.000679512;-0.000158303;0.000978056;-0.00106561;0.000401378;-0.000761671;0.156275;0.159293;0.157916;0.151224;0.15043;0.152597;0.143097;0.141564;0.143898;0.149564;0.152717;0.14964;0.76661;0.588833;0.746051;0.62152;0.613705;0.686606;
8;0.000864303;7.36194e-05;0.0011895;-0.000905754;0.000629225;-0.0005787;0.154411;0.158865;0.15597;0.15171;0.149426;0.153189;0.142648;0.139357;0.143582;0.148255;0.15324;0.148218;0.778039;0.570053;0.764341;0.614856;0.633404;0.66656;
9;0.000485116;-0.000305236;0.000837663;-0.000907649;0.000615458;-0.000560038;0.152162;0.158672;0.153922;0.152465;0.148721;0.154156;0.142798;0.136784;0.143062;0.14653;0.153494;0.146716;0.792076;0.544356;0.789197;0.610875;0.653411;0.642965;
10;1.73657e-05;-0.000636829;0.000444059;-0.000499758;0.00104815;-7.9722e-05;0.149448;0.158607;0.151534;0.153667;0.148046;0.15551;0.14348;0.133772;0.142386;0.144327;0.154021;0.145352;0.804466;0.513116;0.829647;0.604993;0.67942;0.612621;
11;-0.000813371;-0.0013109;-0.000384751;0.000317532;0.00169504;0.000723905;0.146912;0.158507;0.149032;0.155421;0.147445;0.157133;0.144147;0.130663;0.141281;0.141297;0.154636;0.144255;0.811866;0.480119;0.875396;0.602429;0.707919;0.568298;
12;-0.00228646;-0.00240047;-0.00179013;0.00171034;0.00284943;0.00217269;0.144356;0.158294;0.146736;0.156649;0.146895;0.158818;0.145582;0.1279;0.139454;0.138177;0.155015;0.143601;0.808413;0.450931;0.929303;0.610469;0.735244;0.724867;
13;-0.00458188;-0.00417251;-0.00409945;0.00394068;0.00454425;0.00438257;0.142833;0.157727;0.145584;0.15672;0.146389;0.159624;0.147502;0.126581;0.136336;0.13474;0.154353;0.14395;0.778406;0.437825;0.986234;0.637646;0.74944;0.670862;
14;-0.00800745;-0.00696342;-0.00769295;0.00720262;0.00683776;0.00748311;0.144151;0.156412;0.14693;0.153949;0.14566;0.156301;0.14923;0.128515;0.131229;0.131523;0.151623;0.148241;0.709072;0.46575;1;0.700309;0.723385;0.630941;
15;-0.0114601;-0.00929317;-0.0113231;0.0116035;0.0099365;0.0116845;0.144008;0.146639;0.145468;0.153766;0.153727;0.156125;0.154148;0.142006;0.130223;0.123788;0.136983;0.147956;0.549555;0.569426;0.988383;0.830175;0.64558;0.655152;
16;-0.0207081;-0.00961535;-0.0134587;0.0238666;0.0221531;0.024043;0.155364;0.144594;0.165796;0.132925;0.153072;0.144844;0.138542;0.165949;0.118658;0.116703;0.112736;0.145853;0.488352;0.607758;0.917368;0.958059;0.460073;0.615004;
17;-0.0482743;0.00123389;-0.00604956;0.0709235;-0.0361935;0.070927;0.163223;0.134323;0.196516;0.0800206;0.133384;0.113497;0.0934326;0.210964;0.0881185;0.125601;0.0658424;0.17842;0.731966;0.625836;0.953304;0.788509;0.488464;0.534136;
18;-0.0922631;0.00285317;-0.00591143;0.10816;-0.0878756;0.106923;0.180127;0.129828;0.236987;0.0231842;0.137733;0.0739109;0.0545682;0.265899;0.0676611;0.131267;0.0384511;0.203101;0.57805;0.581232;0.917902;0.8324;0;0.991252;
19;-0.113934;-0.0041171;-0.0126684;0.11911;-0.112076;0.113263;0.219744;0.133119;0.278136;-0.0228398;0.168218;0.0353755;0.0318708;0.305093;0.0567589;0.142295;0.0224547;0.213243;0.381666;0.882653;0.77017;0.743331;0;1;
20;-0.0936728;0.0330708;-0.0440318;0.0662058;-0.109377;0.0668111;0.25896;0.13128;0.275662;-0.0450801;0.200363;-0.0358439;0.0186113;0.368951;0.0331503;0.154573;0.0131129;0.17604;0.729568;0.752467;0.722284;0.671142;0;1;
21;-0.0788555;0.0498552;-0.0379376;0.0508854;-0.0760989;0.0512394;0.260127;0.123278;0.268385;-0.0427755;0.223333;-0.0311401;-0.0225243;0.348043;0.019361;0.187944;0.00765736;0.170481;0.753224;0.805253;0.548371;0.662271;0;1;
22;-0.0921769;0.0299672;0.00981988;-0.00224906;-0.0124656;-0.00205866;0.26524;0.124767;0.263471;-0.045509;0.235445;-0.0500196;-0.0163619;0.364245;0.0113086;0.182055;0.00447125;0.147855;0.929546;0.667617;0.694853;0.68877;0;1;
23;-0.112704;0.00346918;0.0883865;-0.0796959;0.0753714;-0.0838624;0.263677;0.124742;0.253328;-0.0332555;0.22898;-0.0583152;-0.0228363;0.363946;0.00660386;0.186789;0.00261058;0.126039;0.9672;0.521434;0.335712;0.56229;0;1;
24;-0.105615;-0.0135855;0.168871;-0.145146;0.161269;-0.166231;0.259837;0.10885;0.236643;-0.00943088;0.193929;-0.0721329;-0.0315997;0.343583;0.00385624;0.180948;0.00152403;0.0943395;1;1;0;0.4566;0;1;
25;-0.0211522;-0.0145422;0.227894;-0.18144;0.223454;-0.226351;0.228609;0.082404;0.211444;0.0127487;0.186498;-0.113279;-0.0194859;0.289505;0.00225152;0.169415;0.000889492;0.0351034;1;0.422345;0;0.558966;0;1;
26;0.0577428;-0.0439942;0.264283;-0.199578;0.26169;-0.263382;0.195061;0.0724481;0.177817;0.039705;0.163249;-0.106769;-0.0108189;0.189096;0.00131439;0.161231;0.000518977;-0.056227;1;0;0;0.520014;0;1;
27;0.0714472;-0.106407;0.284335;-0.213977;0.282821;-0.283809;0.14897;0.054479;0.134306;0.0820816;0.125798;-0.0974074;0.0153925;0.121675;0.000767158;0.140222;0.000302714;-0.0636706;1;0.0689053;0;0.627707;0;1;
28;0.16786;-0.18932;0.293231;-0.216324;0.302446;-0.292924;0.104756;0.0337354;0.0765112;0.10014;0.0715507;-0.102832;0.0596412;0.0710575;0.000447703;0.11219;0.0360712;-0.14467;1;0;0;0.172766;0.587914;1;
29;0.182996;-0.232676;0.295858;-0.244305;0.266284;-0.267651;0.0169088;0.0639815;0.000398892;0.10555;0.0656224;-0.0157911;0.0410307;0.0414966;0.000260928;0.0655207;0.16145;-0.148545;1;0;0;0;0.0682994;1;
30;0.165705;-0.248694;0.293575;-0.255485;0.230604;-0.257629;-0.0751812;0.122436;-0.0848401;0.146712;0.0409899;0.0758378;0.0414238;0.0242336;0.000212847;0.0382633;0.219682;-0.121972;1;0;0.77125;0;0.621996;1;
31;0.131802;-0.242894;0.269104;-0.24686;0.214392;-0.249849;-0.132506;0.17786;-0.155899;0.192038;0.0504695;0.146121;0.0733699;0.0141519;0.0129819;0.0223451;0.255982;-0.127241;1;0;1;0;0.632266;0.839841;
32;0.139085;-0.219849;0.235157;-0.222166;0.105251;-0.225156;-0.131514;0.215931;-0.100264;0.22421;-0.0005436;0.197393;0.108857;0.00826436;0.111047;0.0130489;0.188063;-0.0778928;0.879673;0;1;0;1;0;
33;0.0883916;-0.182565;0.191506;-0.183917;0.0771195;-0.185663;-0.128662;0.238402;-0.11374;0.243238;-0.00198582;0.227577;0.103354;0.0048255;0.104655;0.00762021;0.186486;-0.0454891;0.657882;0;1;0;1;0;
34;0.0179987;-0.129853;0.135074;-0.130642;0.0554723;-0.131662;-0.13796;0.249948;-0.150365;0.252771;0.0183707;0.243626;0.0793297;0.00281764;0.0611349;0.00444952;0.210865;-0.026566;1;0;1;0;1;0;
35;-0.0429265;-0.056802;0.0598579;-0.0572629;0.0133606;-0.0578584;-0.102435;0.2464;-0.126642;0.248616;-0.0110001;0.247196;0.113746;0.00164489;0.0850327;0.00259799;0.165708;-0.0155149;0.88123;0;1;0;1;0;
36;-0.12539;0.0373093;-0.0355101;0.0370401;-0.062679;0.0366922;-0.104137;0.228696;-0.143581;0.23611;0.0104971;0.235368;0.090422;0.000959934;0.06137;0.00151684;0.179048;-0.00906097;1;0;1;0;1;0;
37;-0.207047;0.13302;-0.131952;0.132863;-0.147832;0.13266;-0.0732121;0.209279;-0.12357;0.204569;0.0167431;0.202612;0.0991716;0.000560144;0.067402;0.000885225;0.152656;-0.00529215;1;0;1;0;1;0;
38;-0.274903;0.205495;-0.204859;0.205403;-0.21414;0.205285;-0.0359511;0.200183;-0.0998637;0.197432;0.0283935;0.196289;0.0948441;0.000326484;0.0619153;0.000516652;0.137248;-0.00309089;1;0;1;0;1;0;
39;-0.316661;0.251232;-0.250854;0.247893;-0.256275;0.251109;-0.0082383;0.176857;-0.0708296;0.175252;0.0453479;0.174583;0.087778;0.000190217;0.0403505;-0.000724345;0.121745;-0.00180554;1;0;1;0.331062;1;0;
40;-0.326592;0.277245;-0.26744;0.265529;-0.268631;0.277173;0.0370137;0.141009;-0.0296957;0.140075;0.0402275;0.13968;0.0928603;0.000110636;0.0235674;-0.0140944;0.0846815;-0.00105481;0.8761;0;1;0.761335;0.756665;0;
41;-0.322605;0.290133;-0.260443;0.259637;-0.283847;0.290004;0.0678416;0.0904016;0.0166765;0.0898651;0.0530368;0.0896251;0.0703538;0.00893876;-0.00908853;0.0295112;0.0494617;-0.000616356;0.694262;0.037129;1;0.951048;0.471153;0;
42;-0.316804;0.260463;-0.274172;0.265455;-0.289133;0.299869;0.0777745;0.0465401;0.0435768;0.0255171;0.0609572;0.0204144;0.0410877;0.0961501;-0.0148145;0.0567251;0.0288842;0.0341256;0;0.593443;1;1;0;0.839462;
43;-0.30095;0.216078;-0.288313;0.245478;-0.28479;0.281579;0.120717;0.0398878;0.100749;-0.0603787;0.110895;-0.0633598;0.0239945;0.154147;-0.0103719;0.0981572;0.016868;0.0670757;0;0.993808;0.838279;0.718961;0;1;
44;-0.278128;0.1684;-0.270748;0.217085;-0.268691;0.255963;0.173093;0.0409394;0.161432;-0.11644;0.167357;-0.123285;0.0140122;0.210785;-0.00605757;0.0949401;0.00985046;0.0628948;0;1;0;0.539863;0;1;
45;-0.246201;0.145657;-0.241892;0.18703;-0.24069;0.22446;0.21242;0.0223173;0.20561;-0.122703;0.209071;-0.12932;0.00818253;0.209471;-0.0035381;0.111668;0.00575218;0.0769532;0;1;0;0.664561;0;1;
46;-0.205053;0.0798771;-0.202536;0.169935;-0.201834;0.192352;0.236535;0.0138097;0.232558;-0.13187;0.234578;-0.124221;0.00477816;0.202684;-0.00206661;0.10159;0.0033586;0.0902831;0;1;0;0.647623;0;1;
47;-0.15247;0.0308285;-0.151001;0.130782;-0.150591;0.145057;0.249419;0.0152403;0.247096;-0.137463;0.248276;-0.13156;0.00278987;0.20251;-0.0012074;0.0897702;0.00196086;0.0842128;0;1;0;0.748619;0;1;
48;-0.0829216;0.0118795;-0.0820633;0.0701825;-0.0818244;0.078604;0.252491;0.00480543;0.253035;-0.11936;0.250952;-0.132996;0.00162878;0.184485;-0.000705588;0.102332;0.00114454;0.0812915;0;1;0;0.784952;0;1;
49;0.00780827;-0.0492978;0.00830946;-0.0152617;0.00844897;-0.0103156;0.236989;0.0115375;0.238908;-0.112267;0.234852;-0.140724;0.000950742;0.182182;-0.000412538;0.0910749;0.000667778;0.0697864;0;1;0;0.882462;0;1;
50;0.107015;-0.131242;0.107307;-0.111377;0.107389;-0.108468;0.217054;0.015941;0.214342;-0.0893144;0.214128;-0.125473;0.000554726;0.167542;-0.000241432;0.0890103;0.000389445;0.0670552;0;1;0;1;0;1;
51;0.187666;-0.201811;0.187836;-0.190215;0.187884;-0.18851;0.209128;0.029035;0.207544;-0.0581951;0.207389;-0.104077;0.000323559;0.14869;-0.000141396;0.0850558;0.000226863;0.0644786;0;1;0;0.985337;0;0.915546;
52;0.240508;-0.248766;0.240608;-0.241989;0.240636;-0.241003;0.187372;0.0489265;0.186447;-0.0278632;0.186356;-0.079718;0.000188519;0.129091;-8.30101e-05;0.0730388;0.000131959;0.0509783;0;0.945483;0;1;0;0.874432;
53;0.261882;-0.267209;0.271435;-0.265562;0.271451;-0.271668;0.153846;0.0488632;0.153306;0.0150596;0.153253;-0.0391476;-0.0200766;0.0944316;-4.88699e-05;0.0796094;7.65845e-05;0.030486;0.644607;1;0;1;0;0.992944;
54;0.261048;-0.284348;0.287464;-0.279815;0.287473;-0.286801;0.107045;0.050641;0.106724;0.0583469;0.106693;-0.00140886;-0.0117261;0.0594623;-2.89642e-05;0.0759661;4.43288e-05;0.0177997;1;0.719385;0;0.699764;0;1;
55;0.265863;-0.291335;0.293778;-0.288147;0.2774;-0.291878;0.0425627;0.0523716;0.0423645;0.0691328;0.0430374;0.0226396;0.0377958;0.034725;0.0195604;0.0443647;0.0761295;0.00945167;1;0.32708;0.474637;0.275726;0.598996;1;
56;0.251097;-0.288748;0.281179;-0.286886;0.242505;-0.297134;-0.0392718;0.0947278;-0.0393894;0.104517;0.0354388;0.0773692;0.0823773;0.0202789;0.0564672;0.0259083;0.131013;0.00710644;1;0;1;0;0.902247;0.821471;
57;0.227466;-0.275333;0.252664;-0.274246;0.176499;-0.280415;-0.11335;0.152666;-0.110466;0.158383;0.0327982;0.142529;0.0896314;0.0118425;0.0648025;0.0151299;0.194936;0.00414989;0.816044;0;1;0;1;0.0685408;
58;0.169377;-0.250073;0.19886;-0.249438;0.159178;-0.25304;-0.121509;0.199242;-0.139134;0.202581;0.0174811;0.193322;0.107938;0.00691552;0.0739674;0.00883529;0.200074;0.00242302;0.936862;0;1;0;1;0;
59;0.137698;-0.213967;0.160749;-0.213596;0.0933513;-0.2157;-0.132543;0.228865;-0.133446;0.230815;0.00786159;0.225408;0.100597;0.00403804;0.0803059;0.00515934;0.195991;0.00141463;0.978629;0;1;0;1;0;
60;0.116231;-0.166372;0.135294;-0.166155;0.0572057;-0.167384;-0.137463;0.245407;-0.135334;0.246545;0.00800407;0.243388;0.0908366;0.00235763;0.0788739;0.00301248;0.196068;0.000825645;1;0;1;0;1;0;
61;0.0733096;-0.10299;0.0848465;-0.102863;0.0392334;-0.10358;-0.125348;0.252903;-0.13677;0.253568;0.000721632;0.251724;0.0979315;0.00137624;0.0765055;0.00175879;0.183301;0.00048168;1;0;1;0;1;0;
62;0.00102818;-0.0183719;0.00778687;-0.0182978;-0.0188635;-0.0187169;-0.119696;0.240527;-0.14221;0.241601;0.00406943;0.24386;0.0893685;0.000803102;0.0706922;0.00102665;0.177686;0.000280816;1;0;1;0;1;0;
63;-0.0910524;0.0809153;-0.0870873;0.0809584;-0.102659;0.0807136;-0.102244;0.222277;-0.130554;0.222897;0.00796671;0.221037;0.0842289;0.000468454;0.068499;0.00059907;0.165437;0.000163492;1;0;1;0;1;0;
64;-0.174432;0.168508;-0.172105;0.168533;-0.181202;0.16839;-0.0720103;0.186597;-0.108555;0.20801;0.0127579;0.185301;0.0803815;0.000273115;0.0679397;0.000349482;0.154006;9.52295e-05;1;0;1;0;1;0;
65;-0.232083;0.228624;-0.230722;0.228638;-0.236033;0.228555;-0.0429101;0.179241;-0.0847107;0.191746;0.0354879;0.153063;0.0689467;0.000158916;0.056303;0.000203604;0.131562;5.52476e-05;1;0;1;0;1;0;
66;-0.2645;0.264697;-0.265926;0.259642;-0.267396;0.264656;-0.0066729;0.155317;-0.0543805;0.16262;0.0511106;0.140029;0.062704;9.23337e-05;0.0426301;-0.000434424;0.098809;3.17575e-05;1;0;1;0.127502;1;0;
67;-0.278732;0.28422;-0.284939;0.272477;-0.285675;0.284196;0.0397867;0.11626;-0.00857417;0.120528;0.0488582;0.107332;0.0675969;5.34989e-05;0.0248968;-0.00666379;0.0592397;1.8178e-05;1;0;1;0.493443;0.924178;0;
68;-0.283787;0.290562;-0.286237;0.26577;-0.297522;0.289716;0.0700467;0.0592468;0.0398531;0.061744;0.0579169;0.0540288;0.0485122;0.0354582;-0.0177701;0.0470386;0.0345973;0.0179051;0.646853;0.633148;1;0.665244;0.517544;0.478619;
69;-0.286604;0.240605;-0.30553;0.268013;-0.294625;0.287818;0.0930057;0.0395495;0.0753792;-0.0160265;0.0859218;-0.0205332;0.0283304;0.109942;-0.00305792;0.0687856;0.0202042;0.0569113;0;0.861374;0.893584;0.580271;0;1;
70;-0.277973;0.191703;-0.289026;0.231385;-0.282657;0.251817;0.1447;0.0368389;0.134407;-0.0960597;0.140563;-0.102358;0.0165445;0.175813;-0.00178586;0.0949254;0.0117988;0.0595386;0;1;0.152651;0.418947;0;1;
71;-0.256844;0.156289;-0.263299;0.181122;-0.259579;0.203816;0.19261;0.021207;0.186598;-0.11627;0.190194;-0.141122;0.00966137;0.205071;-0.00104346;0.0958023;0.00689007;0.0673449;0;1;0;0.519287;0;1;
72;-0.224199;0.114339;-0.227969;0.150123;-0.225797;0.168841;0.224806;0.00618651;0.221296;-0.123222;0.223395;-0.135306;0.00564177;0.194002;-0.0006098;0.108135;0.0040232;0.0808815;0;1;0;0.498773;0;1;
73;-0.180357;0.0646872;-0.182558;0.134421;-0.18129;0.148028;0.243407;0.0103183;0.241357;-0.137603;0.242583;-0.137134;0.00329425;0.198977;-0.000356562;0.0917495;0.00234894;0.0774672;0;1;0;0.546764;0;1;
74;-0.122124;0.0400968;-0.12341;0.0952918;-0.122669;0.103248;0.252465;0.00262798;0.251268;-0.129566;0.251984;-0.136175;0.00192333;0.187894;-0.000208765;0.0968089;0.0013712;0.0766367;0;1;0;0.568434;0;1;
75;-0.0436929;-0.00421438;-0.0444438;0.0280153;-0.0440114;0.0326765;0.247204;0.000235981;0.247196;-0.118703;0.246586;-0.139161;0.00112274;0.179759;-0.000122378;0.0921045;0.000800154;0.0707605;0;1;0;0.608857;0;1;
76;0.053568;-0.0815453;0.0531295;-0.0627289;0.0533822;-0.0599956;0.229704;0.00769086;0.228165;-0.108491;0.228242;-0.136957;0.00065517;0.171827;-7.1979e-05;0.0835713;0.000466723;0.0656234;0;1;0;0.6781;0;1;
77;0.146994;-0.16333;0.146738;-0.152341;0.146886;-0.150748;0.202053;0.0168698;0.194542;-0.0789296;0.198339;-0.11552;0.000382169;0.146949;-4.24921e-05;0.0839248;0.000271985;0.0677149;0;1;0;0.73471;0;1;
78;0.214819;-0.224357;0.214669;-0.217932;0.214756;-0.217015;0.193058;0.0338659;0.188671;-0.0533287;0.190889;-0.0947796;0.000222768;0.137573;-2.52221e-05;0.072183;0.000158294;0.0568459;0;1;0;0.800274;0;0.894857;
79;0.256728;-0.262297;0.256641;-0.257941;0.256691;-0.258015;0.169202;0.0495335;0.166641;-0.0160456;0.167936;-0.0664041;0.000129665;0.107609;-1.51583e-05;0.0644113;9.19482e-05;0.0474552;0;1;0;0.826972;0;0.841868;
80;0.269546;-0.281999;0.280094;-0.273458;0.280124;-0.280899;0.132028;0.0488409;0.130531;0.0277189;0.131287;-0.0224911;-0.0139484;0.0714637;-9.24133e-06;0.0677764;5.32538e-05;0.0277167;0.654668;1;0;0.693851;0;1;
81;0.268897;-0.292242;0.291129;-0.282783;0.289319;-0.290867;0.0789645;0.0577164;0.0780825;0.0642114;0.0785261;0.0249558;0.022249;0.0417396;-5.6917e-06;0.0529305;0.0122802;-0.0123093;1;0.709265;0;0.478143;0.422117;1;
82;0.275102;-0.296901;0.295434;-0.287927;0.253935;-0.306029;0.00642125;0.0738796;0.00590048;0.0772067;0.0422385;0.0563713;0.0587497;0.0243752;0.0468491;0.0309108;0.0930454;-0.0150336;1;0;1;0;0.826189;1;
83;0.243506;-0.287409;0.268906;-0.282168;0.209711;-0.29274;-0.0778889;0.124799;-0.0781913;0.126743;0.0374566;0.114577;0.0926908;0.0142347;0.0598941;0.0180513;0.1585;-0.00918434;0.815748;0;1;0;1;0.522623;
84;0.194204;-0.267284;0.215046;-0.264223;0.160547;-0.270397;-0.116706;0.178008;-0.136057;0.179143;0.0275558;0.172038;0.0949584;0.00831262;0.0649381;0.0105414;0.200242;-0.00536409;0.888103;0;1;0;1;0;
85;0.159028;-0.236254;0.179033;-0.234467;0.128584;-0.238073;-0.12237;0.215799;-0.140124;0.216462;0.00945274;0.212313;0.105604;0.004854;0.0780092;0.0061557;0.200204;-0.00313309;1;0;1;0;1;0;
86;0.146558;-0.194819;0.1614;-0.193775;0.0812008;-0.195881;-0.133521;0.238409;-0.133301;0.238796;0.00762037;0.236373;0.0984397;0.00283412;0.0817833;0.0035944;0.195948;-0.00183012;0.951525;0;1;0;1;0;
87;0.112415;-0.140604;0.12109;-0.139994;0.0334722;-0.141224;-0.137837;0.25017;-0.134742;0.250396;0.00706516;0.248981;0.0883869;0.00165454;0.078328;0.00209864;0.194203;-0.0010693;1;0;1;0;1;0;
88;0.0514774;-0.0679472;0.0565565;-0.0675909;0.00537856;-0.068309;-0.121957;0.249159;-0.135063;0.249535;-0.000694566;0.248921;0.0936026;0.000965649;0.0747829;0.00122506;0.179928;-0.000624944;1;0;1;0;1;0;
89;-0.0352362;0.0256115;-0.0322568;0.0258196;-0.0621513;0.0254001;-0.112898;0.231821;-0.138265;0.234615;0.00511762;0.236258;0.0851644;0.000563328;0.0690579;0.00071497;0.173657;-0.000365441;1;0;1;0;1;0;
90;-0.128817;0.123196;-0.127074;0.123318;-0.144533;0.123073;-0.0902378;0.208534;-0.122828;0.210374;0.0128988;0.20949;0.0819207;0.000328432;0.0669437;0.00041705;0.159052;-0.000213913;1;0;1;0;1;0;
91;-0.202184;0.19891;-0.201179;0.198981;-0.211368;0.198838;-0.0608316;0.201139;-0.10137;0.202475;0.0282026;0.201959;0.0763402;0.000191249;0.0626117;0.000243154;0.140854;-0.000125332;1;0;0.90401;0;1;0;
92;-0.249211;0.247308;-0.248637;0.247349;-0.254582;0.247266;-0.0268685;0.179399;-0.0741916;0.180179;0.0450673;0.179877;0.0675028;0.000111164;0.0510197;0.00014157;0.116401;-7.36234e-05;1;0;0.863786;0;1;0;
93;-0.270007;0.275113;-0.275893;0.268771;-0.275618;0.275088;0.0162564;0.145023;-0.0338742;0.145478;0.050531;0.145302;0.0655938;6.44663e-05;0.0298006;-0.0090404;0.080438;-4.34019e-05;1;0;0.941755;0.288837;1;0;
94;-0.279688;0.289115;-0.28957;0.277377;-0.28941;0.2891;0.0635321;0.0962101;0.0070689;0.0964819;0.0443292;0.0963731;0.0660426;3.72502e-05;0.0173993;-0.00642933;0.0469844;-2.57377e-05;0.858461;0;1;0.620649;1;0;
95;-0.287202;0.276988;-0.293651;0.272982;-0.303351;0.295028;0.0751938;0.04239;0.031842;0.0289005;0.0534845;0.0288281;0.0385694;0.0721524;0.00993354;0.0537113;0.0274372;0.0287736;0;0.896741;1;0.704517;0.0876687;0.876209;
96;-0.284698;0.216667;-0.290577;0.259199;-0.29413;0.279811;0.115235;0.0355377;0.08992;-0.0544309;0.102557;-0.0544705;0.0225238;0.13592;0.00294686;0.0748363;0.0160229;0.060378;0;1;0.586635;0.465985;0;1;
97;-0.270282;0.180446;-0.273715;0.210539;-0.275789;0.232076;0.168144;0.0291095;0.15336;-0.111225;0.160739;-0.129196;0.0131534;0.189537;0.00172054;0.0966632;0.00935694;0.062965;0;1;0;0.447176;0;1;
98;-0.243679;0.136643;-0.245685;0.167193;-0.246896;0.188836;0.20914;0.0117787;0.200507;-0.124537;0.204816;-0.144107;0.00768102;0.201297;0.00100426;0.0990126;0.00546397;0.0722253;0;1;0;0.54035;0;1;
