1;-0.000363589;0.000116065;9.94846e-05;-0.000363589;0.000116065;9.94845e-05;0.034977;0.0347457;0.0352595;0.0349769;0.0347455;0.0352594;0.808667;0.808665;0.808666;0.808667;0.808665;0.808666;0;0;0;0;0;0;
2;0.000130927;0.00107048;0.00133427;-0.00157301;-0.000390117;-0.000738873;0.121269;0.113693;0.115684;0.124761;0.116595;0.116994;0.472349;0.472338;0.472342;0.472352;0.472341;0.472343;1;1;1;1;1;1;
3;0.00821791;0.00561735;0.00569681;0.00463326;0.00313671;0.00181297;0.0802898;0.0741289;0.0756315;0.0820483;0.0738534;0.0735977;0.275861;0.275853;0.275854;0.275862;0.275855;0.275855;0.0332882;0;0;0;0;0;
4;0.00535418;0.00491368;0.0053785;-0.00463305;-0.00483084;-0.00526929;0.170026;0.164652;0.137791;0.172039;0.159845;0.140587;0.161127;0.161128;0.161113;0.161129;0.161125;0.161117;1;0.349707;1;0.558695;0.515636;0.936291;
5;0.00286724;0.00320951;0.00376824;-0.00511887;-0.00417358;-0.00489171;0.160521;0.153656;0.146254;0.175643;0.168668;0.162282;0.163228;0.165287;0.139247;0.159357;0.154495;0.139865;0.96395;0.46544;1;0.50768;0.56441;0.877383;
6;0.000621073;0.00389844;0.0044267;-0.00726507;-0.00338108;-0.00420329;0.160622;0.157087;0.146489;0.17274;0.166304;0.159368;0.164787;0.162909;0.141055;0.15702;0.151934;0.137819;0.926645;0.359137;0.992154;0.482698;0.63841;0.839748;
7;0.00103514;0.00370258;0.00429367;-0.00656414;-0.00317188;-0.0040551;0.160475;0.158286;0.146402;0.170626;0.163431;0.157174;0.166063;0.162214;0.142327;0.154636;0.150693;0.13623;0.924694;0.461704;1;0.483479;0.633908;0.843393;
8;0.000948296;0.00357303;0.00420945;-0.00639128;-0.00296626;-0.00390312;0.158408;0.157598;0.144449;0.171066;0.162406;0.157287;0.165282;0.159479;0.141546;0.153572;0.151655;0.136149;0.934749;0.448181;1;0.460452;0.648328;0.826374;
9;0.000671114;0.0033649;0.00400381;-0.00616216;-0.00264213;-0.00360615;0.155431;0.156823;0.141664;0.172303;0.162293;0.158689;0.164535;0.155681;0.140472;0.152644;0.152699;0.135833;0.948053;0.430928;1;0.444239;0.471199;0.807158;
10;0.000813135;0.00365056;0.00413913;-0.00504446;-0.00146348;-0.0024773;0.152943;0.156484;0.139434;0.1735;0.161664;0.160079;0.164723;0.152679;0.139739;0.150249;0.153087;0.134544;0.948159;0.410439;1;0.428739;0.505105;0.783298;
11;-0.000731543;0.00215801;0.00261339;-0.00496988;-0.001616;-0.00237017;0.150353;0.156428;0.137027;0.174546;0.160743;0.161539;0.165849;0.149873;0.139399;0.1473;0.153335;0.132981;0.943788;0.385587;1;0.420899;0.540237;0.744359;
12;-0.00189712;0.00123353;0.00135657;-0.00313805;-0.000104855;-0.000618977;0.148007;0.155975;0.135293;0.175502;0.159994;0.16315;0.167141;0.147396;0.137273;0.14397;0.153572;0.132267;0.91567;0.364878;1;0.416252;0.576461;0.699123;
13;-0.00409307;-0.000420739;-0.000852565;-0.000810011;0.0017506;0.00172358;0.146065;0.155152;0.134249;0.175383;0.159729;0.16438;0.168886;0.145654;0.133747;0.141033;0.152973;0.132562;0.861013;0.358719;1;0.43925;0.591705;0.644491;
14;-0.00777589;-0.00348994;-0.00470604;0.00224112;0.00387277;0.00468745;0.147094;0.153978;0.135836;0.173158;0.159489;0.16087;0.170017;0.146314;0.127606;0.137699;0.150342;0.137998;0.773041;0.386913;1;0.48955;0.561744;0.619829;
15;-0.0112512;-0.0059086;-0.0084305;0.00667248;0.00702938;0.00897635;0.162373;0.158675;0.147467;0.158373;0.151587;0.145181;0.158714;0.144487;0.113434;0.144657;0.15244;0.154125;0.612958;0.357327;1;0.590533;0.612551;0.576352;
16;-0.0150429;-0.00813752;-0.0123494;0.0129267;0.0119839;0.0151867;0.170939;0.147204;0.155559;0.152232;0.161394;0.139109;0.161292;0.166739;0.106576;0.135718;0.128763;0.155538;0.192127;0.566826;1;0.757314;0.438486;0.718567;
17;-0.0496915;0.00221014;-0.00513673;0.0665489;-0.0492173;0.068121;0.169309;0.135979;0.188111;0.0937812;0.136676;0.107201;0.0942088;0.215926;0.0725396;0.139879;0.0752008;0.190851;0.448106;0.36053;1;0.543331;0.452756;0.912558;
18;-0.0903675;-0.00196325;-0.0100023;0.1056;-0.0892366;0.10563;0.189932;0.129186;0.234313;0.0352177;0.13779;0.0744413;0.0550237;0.287842;0.0547372;0.130137;0.0439168;0.197339;0.563983;0.385849;1;0.642587;0;1;
19;-0.10844;0.00191795;-0.00726488;0.118114;-0.112871;0.114718;0.229503;0.13349;0.27671;-0.016217;0.168252;0.0311406;0.0321356;0.329845;0.0521719;0.149542;0.0256467;0.204995;0.530669;0.672659;0.826813;0.682398;0;1;
20;-0.0956558;0.0143866;-0.028089;0.0745499;-0.10871;0.0754731;0.245615;0.127245;0.281446;-0.035373;0.200382;-0.0109822;0.0187655;0.355879;0.0389277;0.176726;0.0149769;0.194206;0.693458;0.864589;0.537347;0.483067;0;1;
21;-0.0691467;0.0412432;-0.0344776;0.0550291;-0.0757087;0.0562991;0.270762;0.130282;0.270931;-0.0388082;0.223345;-0.0307235;-0.0215329;0.362913;0.0227358;0.189243;0.00874604;0.169476;0.804176;0.457955;0.904203;0.545418;0;1;
22;-0.0877261;0.0173579;0.0118409;0.000169565;-0.0122377;0.000898444;0.269554;0.123941;0.263244;-0.0358524;0.235451;-0.0415996;-0.0257163;0.36853;0.013279;0.192407;0.00510696;0.156926;0.67277;0.542504;0.524835;0.464914;0;1;
23;-0.103897;-0.00342113;0.0895668;-0.0798767;0.0755044;-0.0821339;0.268992;0.127163;0.253196;-0.0274495;0.228778;-0.0553558;-0.0281159;0.374738;0.00775489;0.196827;0.00298187;0.127998;1;0.411312;0.310142;0.310294;0;1;
24;-0.069868;-0.0166314;0.16956;-0.145006;0.161346;-0.165222;0.263004;0.116191;0.236566;-0.008988;0.196044;-0.0834483;-0.0250732;0.324687;0.00452846;0.182899;0.00174069;0.0706744;1;0;0;0.318276;0;1;
25;0.000126065;-0.0278636;0.228296;-0.18112;0.223499;-0.225762;0.232889;0.0836823;0.211398;0.017232;0.187733;-0.118303;-0.0150572;0.270238;0.00264404;0.170814;0.00101613;0.0243006;1;0.720432;0;0.327625;0;1;
26;0.0035952;-0.07104;0.264518;-0.206716;0.261717;-0.263036;0.194106;0.0761746;0.177791;0.0505611;0.163971;-0.0872095;-0.00127095;0.19913;0.0015436;0.165925;0.000592959;-0.011787;1;0.539643;0;0.287226;0;1;
27;0.0865115;-0.105284;0.284473;-0.211848;0.282837;-0.283606;0.161689;0.0483953;0.134291;0.0768014;0.126219;-0.11019;0.0248558;0.137664;0.000901285;0.140525;0.000345717;-0.0647603;1;0.00461364;0;0.304634;0;1;
28;0.176304;-0.175963;0.293311;-0.216088;0.289286;-0.2929;0.111974;0.0372411;0.076502;0.108537;0.0717961;-0.101532;0.0646051;0.0803961;0.000525794;0.103767;0.0500235;-0.150062;0.994506;0;0;0;0.550935;1;
29;0.188182;-0.224876;0.295457;-0.243154;0.259761;-0.252826;0.0211237;0.0660289;0.000393709;0.130618;0.0524617;-0.0150306;0.0400018;0.0469503;0.000306606;0.060601;0.175218;-0.131425;1;0;0;0;0.460985;1;
30;0.163858;-0.244138;0.299636;-0.254813;0.223506;-0.258913;-0.0727147;0.123632;-0.0848434;0.161352;0.0400881;0.076281;0.0667036;0.0274185;-0.000381556;0.0353902;0.230664;-0.1348;1;0;0.44955;0;0.747658;1;
31;0.128623;-0.241024;0.272646;-0.246468;0.203881;-0.252351;-0.125723;0.178558;-0.155903;0.200587;0.0615469;0.147826;0.0873726;0.016012;0.00544819;0.0206671;0.256833;-0.125803;0.915399;0;0.972013;0;0.875744;0.951899;
32;0.141213;-0.218757;0.237226;-0.221936;0.0809006;-0.225372;-0.115287;0.216339;-0.0884153;0.229203;-0.00172787;0.19839;0.121485;0.00935053;0.12219;0.012069;0.182271;-0.0734701;0.559976;0;1;0;1;0;
33;0.079942;-0.181927;0.192717;-0.183783;0.0887104;-0.18579;-0.1162;0.23864;-0.129394;0.246154;0.0100902;0.228159;0.11091;0.00545988;0.0908326;0.00704791;0.202852;-0.0429063;0.667403;0;1;0;1;0;
34;0.0178266;-0.12948;0.135782;-0.130564;0.0518843;-0.131736;-0.125086;0.250087;-0.15122;0.254474;0.0222359;0.243966;0.0985997;0.0031881;0.0618716;0.00411532;0.214192;-0.0250577;0.775605;0;1;0;1;0;
35;-0.0453443;-0.0565843;0.0602719;-0.0572171;0.0112626;-0.0579016;-0.0901339;0.245411;-0.132715;0.24934;-0.00253204;0.247752;0.126347;0.00186118;0.0820702;0.00240286;0.173082;-0.0146339;0.828747;0;1;0;1;0;
36;-0.124927;0.0374365;-0.0352681;0.0370668;-0.0639059;0.036667;-0.095117;0.231099;-0.150918;0.236102;0.021221;0.235013;0.101114;0.0010863;0.0553695;0.00140282;0.19035;-0.00854658;0.721285;0;1;0;1;0;
37;-0.203728;0.133094;-0.13181;0.132878;-0.14855;0.132645;-0.0593199;0.202196;-0.126805;0.204042;0.0223222;0.200553;0.116585;0.00063388;0.0676164;0.000818692;0.157995;-0.00499171;1;0;1;0;1;0;
38;-0.269519;0.205539;-0.204775;0.205412;-0.21456;0.205276;-0.0268446;0.164271;-0.105505;0.197124;0.0387749;0.193074;0.101946;0.000369668;0.0542992;0.000477775;0.151282;-0.00291542;1;0;0.77056;0;1;0;
39;-0.302667;0.251258;-0.250508;0.242412;-0.233719;0.251104;0.00802592;0.155884;-0.0727262;0.175073;0.0376215;0.172706;0.116056;0.000215402;0.0317164;-0.0265818;0.129257;-0.00170303;1;0;1;0.458749;1;0;
40;-0.307892;0.27726;-0.252966;0.231674;-0.257199;0.27717;0.0399577;0.128761;-0.035323;0.139971;0.0427754;0.138584;0.106138;0.000125363;0.0185216;-0.0155262;0.0969744;-0.00099498;0.82731;0;1;0.469047;1;0;
41;-0.309813;0.289757;-0.254317;0.226212;-0.272659;0.290002;0.07166;0.0832505;0.0174096;0.0938929;0.0578196;0.0889848;0.0889428;0.0216764;-0.0245796;0.0183164;0.0586121;-0.000581395;0.513396;0.326864;1;0.784379;0.648481;0;
42;-0.307362;0.256221;-0.270227;0.244285;-0.276951;0.307089;0.0833785;0.0478745;0.0421009;0.0229173;0.0622385;0.0200396;0.0519441;0.106705;-0.0259501;0.0444857;0.0342288;0.0341706;0.143881;0.490481;1;0.730001;0;0.93778;
43;-0.295435;0.222869;-0.273749;0.226394;-0.281952;0.295275;0.12399;0.042594;0.0998854;-0.0614448;0.111644;-0.0635801;0.0303347;0.168122;-0.0214882;0.0876479;0.0199892;0.0640588;0;0.871686;0.85405;0.575022;0;1;
44;-0.274907;0.165393;-0.26253;0.212446;-0.267033;0.274811;0.175005;0.0416296;0.160928;-0.119111;0.167794;-0.110672;0.0177148;0.209331;-0.013067;0.0947183;0.0116732;0.0724727;0;1;0.242349;0.402617;0;1;
45;-0.244321;0.150702;-0.237093;0.177;-0.239722;0.244259;0.213537;0.0242627;0.205316;-0.12382;0.209326;-0.124458;0.0103449;0.213187;-0.00763149;0.109256;0.00681663;0.0850498;0;1;0;0.457982;0;1;
46;-0.203954;0.0804729;-0.199733;0.146725;-0.201269;0.203916;0.237186;0.0179322;0.232386;-0.134704;0.234727;-0.122997;0.0060409;0.207326;-0.00445718;0.0974781;0.00398029;0.091735;0;1;0;0.45493;0;1;
47;-0.151829;0.0337292;-0.149364;0.0999395;-0.150261;0.15181;0.249799;0.0131223;0.246996;-0.13309;0.248363;-0.125392;0.00352731;0.199648;-0.00260344;0.093434;0.0023239;0.089454;0;1;0;0.528286;0;1;
48;-0.082547;0.0135742;-0.0811074;0.0353807;-0.0816317;0.0825478;0.249914;0.00722654;0.249277;-0.117873;0.249395;-0.132543;0.00205944;0.187196;-0.00152088;0.102371;0.00135653;0.080343;0;1;0;0.52584;0;1;
49;0.00802705;-0.048308;0.0088677;-0.0423199;0.00856154;-0.00800851;0.239493;0.0119838;0.239408;-0.10846;0.238299;-0.138303;0.00120223;0.182611;-0.000888677;0.0955691;0.000791617;0.0704123;0;1;0;0.606442;0;1;
50;0.107143;-0.130663;0.107633;-0.128574;0.107455;-0.107111;0.21867;0.0178683;0.217106;-0.0858979;0.211129;-0.125855;0.00070162;0.164896;-0.000519466;0.0970722;0.000461725;0.0724394;0;1;0;0.67484;0;1;
51;0.18774;-0.201469;0.188027;-0.203661;0.187923;-0.187701;0.210072;0.0294288;0.209158;-0.0515318;0.178063;-0.100729;0.000409314;0.150097;-0.000303791;0.0879589;0.000269079;0.0628314;0;1;0;0.70493;0;1;
52;0.240551;-0.248562;0.240719;-0.255377;0.240658;-0.240514;0.187923;0.0476652;0.187389;-0.0199332;0.16923;-0.0764999;0.000238598;0.129464;-0.000177854;0.080067;0.000156649;0.0517565;0;0.915624;0;0.65549;0;1;
53;0.268499;-0.258049;0.271499;-0.281488;0.271464;-0.271036;0.15417;0.0439647;0.153856;0.0228873;0.143251;-0.0391671;-0.0156453;0.0970557;-0.000104253;0.091659;9.10176e-05;0.0302315;0.65977;1;0;0.577566;0;1;
54;0.26718;-0.278797;0.287502;-0.289669;0.287481;-0.278528;0.107237;0.045686;0.107046;0.0664196;0.100852;0.00399022;-0.00750609;0.0576513;-6.13201e-05;0.0867931;5.27793e-05;0.0176509;1;0.626719;0;0.495432;0;1;
55;0.262607;-0.287955;0.293803;-0.29465;0.274593;-0.284087;0.0426756;0.0528007;0.0425523;0.0674857;0.0437775;0.0266499;0.046519;0.0336663;0.018579;0.0506876;0.0752951;0.00739406;1;0.38614;0.73715;0.140439;0.635854;1;
56;0.252798;-0.286774;0.284207;-0.290684;0.233888;-0.29547;-0.0392054;0.0949783;-0.0392796;0.103555;0.0365096;0.0797113;0.084693;0.0196606;0.058525;0.0296008;0.132097;0.00588102;0.882659;0;1;0;0.905436;1;
57;0.231011;-0.27418;0.262107;-0.276464;0.178969;-0.279259;-0.113001;0.152812;-0.111621;0.157821;0.0371783;0.143897;0.0931809;0.0114814;0.0633166;0.0172863;0.198069;0.00343417;0.645828;0;1;0;1;0.0992409;
58;0.191685;-0.2494;0.225615;-0.250733;0.160045;-0.252366;-0.124416;0.199328;-0.131053;0.202253;0.0226885;0.194121;0.107232;0.00670469;0.0699238;0.0100946;0.206734;0.00200504;0.74519;0;1;0;1;0;
59;0.178516;-0.213574;0.199679;-0.214352;0.0960747;-0.215306;-0.134638;0.228915;-0.123827;0.230623;0.0114659;0.225874;0.100188;0.00391488;0.0882494;0.0058948;0.19959;0.00117054;0.752436;0;1;0;1;0;
60;0.144014;-0.166143;0.158031;-0.166597;0.052174;-0.167154;-0.140284;0.245436;-0.131931;0.246433;0.0116994;0.24366;0.0897559;0.00228571;0.0846679;0.00344199;0.199669;0.000683102;0.830884;0;1;0;1;0;
61;0.0888351;-0.102856;0.0981285;-0.103121;0.0354445;-0.103446;-0.126077;0.25292;-0.134147;0.253502;0.00306216;0.251883;0.100137;0.00133425;0.0791518;0.00200961;0.184334;0.000398433;0.857564;0;1;0;1;0;
62;0.0100923;-0.0182936;0.015546;-0.0184484;-0.0210768;-0.0186384;-0.117468;0.242154;-0.140059;0.242911;0.00486702;0.243533;0.0893301;0.000778583;0.0686199;0.00117313;0.180821;0.000232202;0.931319;0;1;0;1;0;
63;-0.0857608;0.080961;-0.0825542;0.0808705;-0.103952;0.0807595;-0.101545;0.221091;-0.132822;0.223729;0.010609;0.221609;0.0863169;0.00045413;0.0691926;0.000684609;0.167199;0.000135098;1;0;0.988789;0;1;0;
64;-0.171342;0.168534;-0.169458;0.168481;-0.181957;0.168417;-0.0660656;0.187403;-0.107262;0.214714;0.0155454;0.196384;0.0801787;0.000264643;0.0654186;0.000399382;0.151725;7.86336e-05;1;0;1;0;1;0;
65;-0.230278;0.22864;-0.229177;0.228608;-0.236474;0.228571;-0.0435067;0.179712;-0.0870297;0.195662;0.0406192;0.184957;0.0702547;0.000154029;0.052726;0.000232787;0.13359;4.53843e-05;1;0;1;0;1;0;
66;-0.262391;0.264706;-0.265024;0.260255;-0.267714;0.264666;-0.00232742;0.155592;-0.0548844;0.164907;0.0515194;0.158655;0.0660048;8.9487e-05;0.0418534;-0.000816384;0.0997286;2.60819e-05;1;0;1;0.194236;1;0;
67;-0.276836;0.284225;-0.284412;0.271611;-0.285958;0.284201;0.0430333;0.116421;-0.00933711;0.121864;0.04823;0.118209;0.0725341;5.18337e-05;0.0244428;-0.00835265;0.0614896;1.48405e-05;0.945318;0;1;0.525234;0.887199;0;
68;-0.283526;0.291506;-0.286265;0.260107;-0.299882;0.291282;0.0702764;0.0593406;0.0405078;0.0630448;0.0626515;0.0603807;0.0509873;0.0300983;-0.0227573;0.051036;0.035912;0.0135974;0.400993;0.574568;1;0.696518;0.523991;0.684312;
69;-0.286452;0.238678;-0.307892;0.267662;-0.296003;0.293314;0.0931399;0.0379009;0.0757618;-0.0152665;0.0886867;-0.0168243;0.0297759;0.10916;-0.00935269;0.0691597;0.020972;0.0584364;0;0.787689;1;0.58614;0;1;
70;-0.277884;0.196957;-0.290405;0.24176;-0.283462;0.270576;0.144779;0.0376089;0.13463;-0.0981061;0.142178;-0.0995036;0.0173886;0.182732;-0.00546236;0.0945301;0.0122472;0.0591486;0;1;0.420085;0.418047;0;1;
71;-0.256792;0.162613;-0.264104;0.199635;-0.26005;0.230979;0.192655;0.0263848;0.186729;-0.124632;0.191137;-0.132099;0.0101543;0.205586;-0.00319051;0.102769;0.00715198;0.0634222;0;1;0;0.479654;0;1;
72;-0.224169;0.11379;-0.228439;0.186413;-0.226071;0.208909;0.224833;0.0107872;0.221372;-0.13167;0.223946;-0.125054;0.00592966;0.198167;-0.00186365;0.104384;0.00417612;0.0849158;0;1;0;0.513216;0;1;
73;-0.180339;0.0655701;-0.182833;0.156833;-0.18145;0.171428;0.243422;0.0105213;0.241401;-0.139686;0.242904;-0.132516;0.00346238;0.199687;-0.00108882;0.091418;0.00243825;0.0836253;0;1;0;0.534946;0;1;
74;-0.122114;0.0282414;-0.123571;0.108376;-0.122763;0.116918;0.252474;0.00341688;0.251294;-0.133736;0.252172;-0.131403;0.00202154;0.18855;-0.000636391;0.0934316;0.00142335;0.0802845;0;1;0;0.558939;0;1;
75;-0.0436868;-0.0111385;-0.0445374;0.0356516;-0.0440662;0.0406644;0.248374;0.00186193;0.2474;-0.121538;0.245439;-0.138596;0.00118007;0.178945;-0.000372105;0.0915971;0.000830609;0.0736839;0;1;0;0.60891;0;1;
76;0.0535717;-0.0855887;0.0530749;-0.0582747;0.0533502;-0.0553256;0.229128;0.00761187;0.229143;-0.108724;0.228489;-0.13679;0.000688666;0.170437;-0.000217813;0.0847978;0.000484502;0.0680569;0;1;0;0.673798;0;1;
77;0.146996;-0.165691;0.146706;-0.149748;0.146867;-0.148013;0.203103;0.0167943;0.200132;-0.0807096;0.199983;-0.116673;0.000401756;0.146461;-0.000127657;0.08793;0.000282364;0.0691834;0;1;0;0.743911;0;1;
78;0.21482;-0.225734;0.21465;-0.216423;0.214745;-0.215414;0.193671;0.0321983;0.191936;-0.0502802;0.191849;-0.0941354;0.000234193;0.135626;-7.49658e-05;0.0746371;0.000164356;0.0573262;0;1;0;0.801411;0;1;
79;0.256729;-0.263102;0.25663;-0.257655;0.256685;-0.257081;0.16956;0.0507018;0.168547;-0.0160362;0.168496;-0.0676323;0.000136329;0.1091;-4.42153e-05;0.0634778;9.54938e-05;0.0444596;0;1;0;0.841472;0;1;
80;0.267647;-0.2822;0.280088;-0.274081;0.28012;-0.280353;0.132237;0.0472978;0.131644;0.0282059;0.131614;-0.0233285;-0.0172961;0.073237;-2.62097e-05;0.0703928;5.53191e-05;0.0259668;0.951608;0.869946;0;0.67161;0;1;
81;0.265274;-0.292289;0.291125;-0.284681;0.28951;-0.29037;0.0790867;0.057875;0.0787327;0.064231;0.0787172;0.0255481;0.0200991;0.0427753;-1.56139e-05;0.0551218;0.0122354;-0.0172468;1;0.535143;0;0.475466;0.314855;1;
82;0.271779;-0.297048;0.296436;-0.289035;0.255974;-0.303265;0.00649283;0.0736404;0.0062793;0.0772181;0.0377734;0.0559196;0.0569178;0.02498;0.0464173;0.0321905;0.1005;-0.0173529;1;0;0.939572;0;0.645473;1;
83;0.241694;-0.287494;0.270163;-0.282815;0.207201;-0.291125;-0.077847;0.12466;-0.07797;0.12675;0.036387;0.114313;0.0893921;0.0145879;0.0639722;0.0187987;0.159495;-0.0110257;0.989081;0;1;0;1;0.680814;
84;0.192579;-0.267333;0.21851;-0.264601;0.16475;-0.269454;-0.119124;0.177927;-0.134988;0.179147;0.0286154;0.171884;0.0978474;0.0085189;0.0637787;0.0109779;0.200972;-0.00643942;0.853935;0;1;0;1;0;
85;0.157406;-0.236283;0.181322;-0.234688;0.127155;-0.237522;-0.12339;0.215752;-0.138323;0.216464;0.0100566;0.212223;0.104648;0.00497447;0.0797023;0.00641059;0.199247;-0.00376108;0.946435;0;1;0;1;0;
86;0.143374;-0.194836;0.162737;-0.193904;0.0812163;-0.195559;-0.134124;0.238381;-0.132175;0.238797;0.00781552;0.23632;0.0980618;0.00290446;0.0824451;0.00374325;0.195819;-0.00219684;0.922191;0;1;0;1;0;
87;0.110554;-0.140614;0.121872;-0.14007;0.0363146;-0.141036;-0.137955;0.250154;-0.134682;0.250397;0.0072962;0.24895;0.0887912;0.00169562;0.0780148;0.00218558;0.194647;-0.00128347;0.996808;0;1;0;1;0;
88;0.0503886;-0.067953;0.0570159;-0.0676348;0.00703805;-0.0681994;-0.122457;0.249116;-0.135668;0.249012;-0.000486972;0.248379;0.0954559;0.00098963;0.0773321;0.00127584;0.17896;-0.000750011;1;0;1;0;1;0;
89;-0.035875;0.0256081;-0.0319857;0.0257939;-0.0611823;0.0254642;-0.114338;0.232472;-0.139762;0.235113;0.00658518;0.237246;0.0852831;0.000577332;0.0699761;0.00074462;0.174266;-0.000438477;1;0;1;0;1;0;
90;-0.129195;0.123194;-0.126912;0.123303;-0.143966;0.12311;-0.0865174;0.208646;-0.118293;0.20987;0.0106721;0.208092;0.0824521;0.000336634;0.0657112;0.000434346;0.157369;-0.000256588;1;0;0.980508;0;1;0;
91;-0.202412;0.198909;-0.201079;0.198972;-0.211036;0.19886;-0.0606648;0.201466;-0.100749;0.202181;0.0287402;0.201142;0.0746774;0.000196021;0.061563;0.000253264;0.142222;-0.000150244;1;0;0.884403;0;1;0;
92;-0.249343;0.247308;-0.248579;0.247344;-0.254388;0.247279;-0.0271348;0.17959;-0.0739162;0.180007;0.0457646;0.179401;0.0663181;0.000113962;0.0506387;0.000147468;0.117443;-8.81798e-05;1;0;0.870535;0;1;0;
93;-0.269137;0.275113;-0.275859;0.26984;-0.276965;0.275096;0.0138047;0.145134;-0.033143;0.145378;0.050463;0.145024;0.0695142;6.60859e-05;0.0318223;-0.00766345;0.0800828;-5.18937e-05;1;0;0.970785;0.338305;1;0;
94;-0.282511;0.289114;-0.289262;0.274934;-0.290196;0.289104;0.0647905;0.0962752;0.00774895;0.0964235;0.0447194;0.0962105;0.0660949;3.81952e-05;0.01858;-0.00600902;0.0467771;-3.06926e-05;1;0;1;0.624135;0.779363;0;
95;-0.289092;0.276876;-0.293407;0.27124;-0.303284;0.293719;0.0731278;0.0415486;0.0324447;0.0288665;0.0527487;0.0287327;0.0385994;0.073812;0.0106757;0.053693;0.0273159;0.0280991;0;0.71212;1;0.724642;0.229856;0.822198;
96;-0.285802;0.225513;-0.296446;0.255459;-0.29409;0.277486;0.114029;0.0339614;0.0902735;-0.0544495;0.102127;-0.0545274;0.0225414;0.136922;0.009948;0.0829103;0.015952;0.0583033;0;1;0.631614;0.508885;0;1;
97;-0.270926;0.170465;-0.277142;0.211661;-0.275766;0.228767;0.167439;0.0310151;0.153566;-0.116963;0.160488;-0.128174;0.0131637;0.188325;0.00580919;0.0971554;0.00931556;0.0642116;0;1;0;0.451829;0;1;
98;-0.244056;0.14264;-0.247686;0.166853;-0.246882;0.187081;0.208729;0.0123838;0.200627;-0.123031;0.20467;-0.146363;0.00768702;0.202153;0.00339201;0.10014;0.00543979;0.0736604;0;1;0;0.568367;0;1;
