1;-0.000363589;0.000116065;9.94842e-05;-0.000363589;0.000116065;9.94842e-05;0.0349769;0.0347456;0.0352595;0.0349769;0.0347456;0.0352595;0.808667;0.808665;0.808666;0.808667;0.808665;0.808666;0;0;0;0;0;0;
2;-0.000394879;0.000904313;0.00119457;-0.0029526;-0.00120494;-0.00144464;0.0969517;0.111512;0.114524;0.120863;0.122028;0.122736;0.472315;0.472336;0.472339;0.47234;0.472341;0.472342;1;1;1;1;1;1;
3;0.000463859;0.00537874;0.00368885;-0.00781965;-0.00803228;-0.00588816;0.0813712;0.0893805;0.0971771;0.121941;0.149666;0.137661;0.27584;0.275855;0.275862;0.275858;0.275866;0.275863;0;0;0.258651;0;0.11957;0;
4;0.00272338;0.00509197;0.00353166;-0.00308442;-0.00399502;-0.00326148;0.157843;0.164301;0.171314;0.188069;0.188982;0.195073;0.161119;0.161126;0.162704;0.166762;0.161128;0.177603;0.974516;0.661315;0.877102;0.405416;1;1;
5;0.00331044;0.00432521;0.00292391;-0.00163367;-0.00334525;-0.00274895;0.169848;0.175064;0.178311;0.169975;0.173739;0.178073;0.173492;0.174402;0.180109;0.15604;0.146831;0.166144;0.946334;0.593119;0.849849;0.641276;0.869723;1;
6;0.00346523;0.0037607;0.0024736;-0.00143615;-0.00379423;-0.00316323;0.166314;0.171239;0.174144;0.168943;0.170715;0.177141;0.174655;0.17581;0.181905;0.156227;0.149887;0.166109;0.945264;0.576464;0.860667;0.629461;0.86193;1;
7;0.00377816;0.00368049;0.00243602;-0.00111939;-0.00379805;-0.00320129;0.160314;0.165789;0.167997;0.172728;0.17351;0.180934;0.169034;0.169432;0.176293;0.160374;0.155579;0.170173;0.998336;0.579013;0.901681;0.599728;0.8423;1;
8;0.0038454;0.00349243;0.00229205;-0.00102006;-0.00388974;-0.00329783;0.157364;0.164159;0.164903;0.175131;0.174921;0.183318;0.165904;0.164635;0.173194;0.160071;0.156783;0.16981;1;0.567767;0.930178;0.57992;0.84067;1;
9;0.00380495;0.00338856;0.00218737;-0.000753172;-0.00368039;-0.00309887;0.156294;0.165154;0.163876;0.175112;0.173453;0.183337;0.166625;0.162676;0.173479;0.156588;0.15548;0.166443;1;0.538249;0.946585;0.566764;0.857004;1;
10;0.00332093;0.00306027;0.00180114;-0.000365341;-0.00323795;-0.00261815;0.15433;0.165945;0.16232;0.174883;0.171471;0.183412;0.168511;0.160782;0.173871;0.153315;0.155052;0.163601;1;0.505524;0.969867;0.538847;0.878481;0.959251;
11;0.00230789;0.00228578;0.000904517;0.000274396;-0.00263555;-0.00187038;0.15106;0.165811;0.159646;0.175719;0.170497;0.184703;0.169847;0.157499;0.172664;0.150945;0.155946;0.162311;1;0.472179;1;0.515564;0.897803;0.894221;
12;0.000891826;0.0012524;-0.000427853;0.00159481;-0.00151836;-0.000478409;0.147715;0.165438;0.157167;0.176737;0.170186;0.186551;0.171064;0.153799;0.169937;0.148608;0.156755;0.161702;1;0.442242;1;0.511612;0.91377;0.819994;
13;-0.00130916;-0.000407137;-0.00259676;0.0037458;0.000170397;0.00168691;0.145982;0.165149;0.15613;0.176483;0.169618;0.186554;0.172638;0.151562;0.166129;0.145535;0.156285;0.162667;0.977843;0.426639;1;0.537198;0.909017;0.747177;
14;-0.0043839;-0.00277786;-0.00575665;0.00679534;0.00234651;0.00463024;0.147682;0.163901;0.157747;0.173749;0.168713;0.182511;0.173004;0.152758;0.160332;0.142529;0.153958;0.16722;0.875925;0.456167;1;0.608621;0.860736;0.700005;
15;-0.00805357;-0.0055657;-0.00968213;0.011297;0.00554327;0.00883536;0.15393;0.159322;0.16314;0.168374;0.168945;0.174902;0.171509;0.160953;0.151685;0.13897;0.147432;0.174357;0.659224;0.580198;1;0.756404;0.741579;0.697854;
16;-0.0174127;-0.00576892;-0.0115908;0.0245757;0.0193174;0.0223539;0.165743;0.157802;0.183872;0.14724;0.169887;0.163102;0.153106;0.183455;0.138265;0.131315;0.121417;0.173688;0.599013;0.600068;1;0.989788;0.489547;0.875813;
17;-0.0363387;0.000337541;-0.00814322;0.0641982;-0.0244823;0.0622219;0.178947;0.147837;0.214006;0.0957277;0.154723;0.134209;0.107628;0.22998;0.113267;0.135612;0.0709164;0.197431;0.158868;0.523098;1;0.806382;0.482842;0.943254;
18;-0.0803118;0.00046038;-0.00922474;0.10104;-0.0702285;0.0969182;0.188733;0.138073;0.253556;0.0413856;0.143593;0.0992726;0.0628605;0.280231;0.0821249;0.145589;0.0414155;0.226214;0.535083;0.536568;0.952835;0.927144;0.183326;1;
19;-0.103506;3.11761e-05;-0.00985953;0.11976;-0.10177;0.111106;0.228958;0.141526;0.294843;-0.0134995;0.171641;0.0539573;0.0367125;0.332677;0.083709;0.155679;0.024186;0.233156;0.43828;0.800473;0.746704;0.949988;0;1;
20;-0.113954;-0.0119237;-0.0200828;0.0852762;-0.110357;0.0793438;0.235837;0.136091;0.306006;-0.027831;0.202362;0.0357832;0.0214406;0.324254;0.0734789;0.18845;0.0141239;0.244766;0.464383;1;0.423757;0.756874;0;1;
21;-0.0804533;0.0128395;-0.0157364;0.0616158;-0.0766711;0.057614;0.274476;0.14308;0.302313;-0.0443972;0.2245;-0.0117845;0.0103161;0.38493;0.0429179;0.16823;0.00824788;0.195248;0.638242;0.601276;0.637977;0.984514;0;1;
22;-0.0591487;0.0263409;0.0227838;0.00401581;-0.0128002;0.00166672;0.279681;0.130477;0.282474;-0.029634;0.236126;-0.0266318;-0.0297237;0.379365;0.0283857;0.193868;0.00481598;0.179572;0.884685;0.715026;0.30316;0.492422;0;1;
23;-0.0856698;-0.00544749;0.0959575;-0.0774911;0.0751761;-0.0816876;0.267913;0.128407;0.264427;-0.0192427;0.229434;-0.0291362;-0.0260929;0.379417;0.0165776;0.202107;0.00281199;0.151016;1;0.435655;0.489215;0.582113;0;1;
24;-0.0558462;-0.00107543;0.17329;-0.144445;0.161155;-0.16496;0.261358;0.119179;0.243125;-0.00504552;0.197076;-0.0628585;-0.0218131;0.374297;0.0323438;0.199405;0.0016417;0.104084;1;0.554856;0;0.572569;0;1;
25;0.0236493;-0.0286264;0.230474;-0.181082;0.223387;-0.225608;0.234353;0.0846867;0.215229;0.0215323;0.188336;-0.105389;-0.0127382;0.284107;0.0188881;0.178325;0.000958173;0.0481901;1;0.287601;0;0.589242;0;1;
26;0.0413202;-0.0826264;0.26579;-0.205157;0.261651;-0.262947;0.191208;0.0724904;0.180028;0.0505539;0.164322;-0.0955198;0.0130645;0.201333;0.0110299;0.169538;0.00055916;0.0201143;1;0.22268;0;0.637627;0;1;
27;0.0487156;-0.114668;0.285216;-0.218542;0.282799;-0.282148;0.150538;0.0701489;0.135597;0.0937434;0.126425;-0.038348;0.0149362;0.132201;0.00644107;0.166318;0.000326269;-0.0313321;1;0.0736741;0;0.599852;0.0924159;1;
28;0.152999;-0.194145;0.293745;-0.230256;0.304199;-0.293399;0.115687;0.0428868;0.0772652;0.0963457;0.071918;-0.0665064;0.061025;0.0772051;0.00376125;0.109976;0.0471029;-0.108165;1;0;0;0.193025;0.548227;1;
29;0.204372;-0.235493;0.295706;-0.25196;0.267776;-0.279791;0.0232931;0.0693258;0.000838938;0.109203;0.0471173;0.00542952;0.0469922;0.0450867;0.00219604;0.0642263;0.156917;-0.124437;1;0;0;0.106092;0.424757;1;
30;0.177288;-0.250339;0.281499;-0.259956;0.227693;-0.279656;-0.0714513;0.125557;-0.0845805;0.148846;0.0523611;0.0882304;0.076764;0.0263302;0.00378683;0.0375073;0.229398;-0.121323;1;0;0.511309;0;0.485749;1;
31;0.152725;-0.243855;0.262049;-0.249471;0.214967;-0.263688;-0.119131;0.179683;-0.155748;0.193284;0.0678015;0.15787;0.0879158;0.0153764;0.00826176;0.0219036;0.269428;-0.116727;1;0;1;0;0.748676;1;
32;0.157613;-0.22041;0.226836;-0.22369;0.104233;-0.233357;-0.116222;0.216995;-0.0998181;0.224937;0.0116156;0.204256;0.123211;0.00897937;0.112521;0.0127911;0.199929;-0.0681705;0.725138;0;1;0;1;0;
33;0.113085;-0.182893;0.186645;-0.184807;0.0661874;-0.190453;-0.122624;0.239024;-0.117222;0.243663;0.0162728;0.231585;0.107564;0.00524309;0.102625;0.00746962;0.206395;-0.0398113;0.667482;0;1;0;1;0;
34;0.0585545;-0.130044;0.132236;-0.131162;0.0249848;-0.134459;-0.133291;0.250311;-0.138062;0.25302;0.0304951;0.245966;0.0887543;0.00306152;0.0738799;0.00436158;0.21855;-0.0232502;0.932025;0;1;0;1;0;
35;-0.00239368;-0.0569137;0.0582056;-0.0575665;-0.0044447;-0.0594919;-0.0971309;0.246428;-0.11943;0.248815;0.00196406;0.247852;0.120977;0.00178727;0.0923329;0.00254667;0.178514;-0.0135784;0.832143;0;1;0;1;0;
36;-0.0853891;0.037244;-0.0364708;0.0368628;-0.0730771;0.0357383;-0.102013;0.229246;-0.140296;0.235204;0.0264192;0.234931;0.0929877;0.00104312;0.064479;0.00148684;0.196635;-0.00793013;1;0;1;0;1;0;
37;-0.166363;0.132982;-0.132509;0.132759;-0.153904;0.132103;-0.0658607;0.206506;-0.113255;0.201502;0.0265708;0.202891;0.104486;0.000608716;0.0704684;0.000867709;0.16546;-0.00463174;1;0;0.941771;0;1;0;
38;-0.235598;0.205473;-0.205179;0.205343;-0.217684;0.204959;-0.0342015;0.198563;-0.0941639;0.19462;0.0413256;0.196452;0.0969806;0.000354849;0.0652051;0.000506442;0.153154;-0.00270522;1;0;0.662916;0;1;0;
39;-0.272718;0.251219;-0.250998;0.246149;-0.238442;0.250919;0.00534471;0.175911;-0.0617092;0.17361;0.0419417;0.174678;0.107218;0.000206783;0.0457116;-0.0158981;0.126808;-0.00158026;1;0;0.882165;0.425598;1;0;
40;-0.289792;0.277237;-0.267414;0.238536;-0.258018;0.277062;0.0383656;0.140456;-0.0264309;0.139117;0.0470133;0.139736;0.102164;0.0001203;0.0266973;-0.00959063;0.0992283;-0.000923285;0.856653;0;1;0.759993;0.758341;0;
41;-0.293353;0.289218;-0.26874;0.231351;-0.274886;0.289939;0.0708763;0.0900804;0.0237652;0.0962952;0.0634594;0.0896576;0.0839744;0.0203664;-0.0117484;0.0200519;0.0598001;-0.00053951;0.580325;0.117041;1;1;0.377221;0;
42;-0.296521;0.25858;-0.280134;0.24937;-0.281783;0.309754;0.0850899;0.0540044;0.0529564;0.0243203;0.0678074;0.0204362;0.0490417;0.109387;-0.0168563;0.0462956;0.0349231;0.049492;0.0217898;0.50186;1;1;0;0.872949;
43;-0.289104;0.22569;-0.284311;0.230732;-0.281684;0.29683;0.124989;0.0460866;0.106228;-0.0589524;0.114896;-0.0612813;0.0286396;0.169837;-0.0098792;0.0917511;0.0203947;0.0798875;0;0.907576;0.796941;0.80444;0;1;
44;-0.27121;0.167365;-0.268411;0.214055;-0.266877;0.275718;0.175588;0.0496707;0.164632;-0.120481;0.169694;-0.110751;0.0167249;0.217929;-0.00576974;0.0930655;0.01191;0.0737103;0;1;0.395492;0.617748;0;1;
45;-0.242162;0.15121;-0.240527;0.179763;-0.239631;0.244787;0.213877;0.0285654;0.207479;-0.123082;0.210435;-0.119595;0.00976674;0.217891;-0.00336999;0.110378;0.00695494;0.0899877;0;1;0;0.692156;0;1;
46;-0.202694;0.0803128;-0.201739;0.150639;-0.201216;0.204225;0.237386;0.0211785;0.233649;-0.13341;0.235375;-0.116062;0.00570333;0.21019;-0.00196845;0.0997804;0.00406102;0.0973633;0;1;0;0.639112;0;1;
47;-0.151093;0.0349548;-0.150535;0.101531;-0.15023;0.151991;0.249916;0.0196546;0.247733;-0.13401;0.248742;-0.123769;0.00333014;0.207156;-0.00115006;0.0916522;0.00237106;0.09127;0;1;0;0.768426;0;1;
48;-0.082117;0.0144392;-0.0817915;0.036767;-0.0816135;0.0826533;0.2494;0.00989597;0.248692;-0.115604;0.248719;-0.1263;0.0019443;0.189518;-0.000672115;0.104934;0.00138407;0.0860269;0;1;0;0.74662;0;1;
49;0.00827818;-0.0478024;0.0084682;-0.0415965;0.00857216;-0.00794685;0.239885;0.0175167;0.240082;-0.108953;0.238493;-0.135481;0.001135;0.188036;-0.000392987;0.0953731;0.000807687;0.0739822;0;1;0;0.849703;0;1;
50;0.107289;-0.130367;0.1074;-0.128218;0.107461;-0.107074;0.218528;0.0220504;0.217029;-0.0853108;0.21068;-0.121859;0.000662342;0.169266;-0.000230004;0.0982463;0.000471124;0.077123;0;1;0;0.941153;0;1;
51;0.187826;-0.201296;0.187891;-0.204725;0.187926;-0.18768;0.209989;0.0352829;0.209063;-0.0531369;0.178165;-0.0993616;0.000386411;0.15094;-0.000134719;0.0944211;0.000274533;0.0724817;0;1;0;0.995709;0;1;
52;0.240601;-0.24846;0.240639;-0.256845;0.24066;-0.240502;0.187874;0.049797;0.187333;-0.0174733;0.169289;-0.0716637;0.000225321;0.134198;-7.91313e-05;0.0828817;0.000159853;0.0577389;0.138604;1;0;1;0;1;
53;0.268363;-0.254256;0.271453;-0.282426;0.271465;-0.271162;0.154142;0.0471073;0.153824;0.0236853;0.143286;-0.035821;-0.0145835;0.102495;-4.6602e-05;0.0939893;9.2891e-05;0.0337258;0.972398;1;0;0.84213;0;1;
54;0.262413;-0.276531;0.287474;-0.289054;0.287482;-0.272729;0.107221;0.0499213;0.107027;0.0664453;0.100873;0.011039;-0.00587889;0.0598726;-2.76481e-05;0.0883783;5.3872e-05;0.0196924;1;0.576078;0;0.552032;0;1;
55;0.263115;-0.28673;0.294541;-0.295413;0.267629;-0.280241;0.0426661;0.0512471;0.0425422;0.0672418;0.0470254;0.0378825;0.0385933;0.0349641;0.0212618;0.0516136;0.0787506;0.0114958;1;0.349149;0.875386;0.141099;0.554224;1;
56;0.256753;-0.287474;0.288198;-0.29113;0.232916;-0.288979;-0.0392116;0.094071;-0.0392847;0.103412;0.038652;0.0862707;0.0841494;0.0204185;0.0687549;0.0301416;0.133563;0.00859615;1;0;1;0;0.926067;0.85821;
57;0.229222;-0.274589;0.262042;-0.276724;0.182127;-0.275468;-0.112203;0.152282;-0.114286;0.157738;0.0403272;0.147727;0.0916164;0.011924;0.0642154;0.0176021;0.202912;0.00501978;0.866301;0;1;0;1;0.0555528;
58;0.186999;-0.249638;0.2216;-0.250885;0.157671;-0.250152;-0.123515;0.199019;-0.129704;0.202204;0.0235548;0.196358;0.107348;0.0069632;0.0718377;0.010279;0.207887;0.002931;1;0;1;0;1;0;
59;0.173667;-0.213713;0.197334;-0.214441;0.0960081;-0.214013;-0.133579;0.228734;-0.121279;0.230595;0.0123581;0.22718;0.102343;0.00406583;0.0904304;0.00600252;0.199415;0.00171133;1;0;1;0;1;0;
60;0.139469;-0.166224;0.156661;-0.166649;0.0530188;-0.166399;-0.139983;0.24533;-0.132093;0.246417;0.014361;0.244423;0.087633;0.00237388;0.0835231;0.00350488;0.203953;0.000998892;1;0;1;0;1;0;
61;0.085053;-0.102903;0.0973285;-0.103151;0.0365626;-0.103005;-0.122935;0.252858;-0.130235;0.253493;0.00282268;0.252328;0.100602;0.00138575;0.0800876;0.00204633;0.185222;0.000582849;1;0;1;0;1;0;
62;0.00788342;-0.0183214;0.0150789;-0.0184661;-0.0204236;-0.0183809;-0.1182;0.239493;-0.14085;0.242393;0.00805541;0.243435;0.0908547;0.000808631;0.0719235;0.0011946;0.181793;0.000339919;1;0;1;0;1;0;
63;-0.0870517;0.0809448;-0.0828262;0.0808602;-0.10357;0.0809099;-0.099991;0.223133;-0.129247;0.221913;0.011392;0.221455;0.0860556;0.000471705;0.0680166;0.000697128;0.169878;0.000197988;1;0;1;0;1;0;
64;-0.172098;0.168525;-0.169615;0.168475;-0.181734;0.168504;-0.0664239;0.189844;-0.10718;0.187421;0.0118549;0.186643;0.0832624;0.00027502;0.0699089;0.00040693;0.16018;0.000115409;1;0;1;0;1;0;
65;-0.230721;0.228634;-0.229267;0.223427;-0.234311;0.228622;-0.0420267;0.181137;-0.0855936;0.150947;0.0410649;0.172597;0.0751365;0.000160029;0.055927;-0.00333502;0.133027;6.68854e-05;1;0;1;0.189624;1;0;
66;-0.261388;0.264703;-0.265075;0.247927;-0.253858;0.264696;0.00153463;0.156425;-0.0477719;0.137493;0.0386067;0.151437;0.0808428;9.29356e-05;0.0367229;-0.0267387;0.103778;3.86856e-05;1;0;1;0.599342;1;0;
67;-0.277369;0.284223;-0.284437;0.240496;-0.273217;0.284219;0.0338104;0.116907;-0.0177335;0.105854;0.0476056;0.113994;0.0705115;5.38692e-05;0.0214433;-0.0163493;0.0773958;2.2169e-05;1;0;1;0.949823;0.60476;0;
68;-0.280548;0.290065;-0.283785;0.239825;-0.278709;0.291486;0.0701917;0.0596244;0.042109;0.0531746;0.0580258;0.0579181;0.0482799;0.0379956;-0.0378699;0.0262844;0.0452026;0.0077334;0.474117;0.532884;1;1;0.46113;0.490901;
69;-0.284713;0.252272;-0.293764;0.253787;-0.283639;0.301185;0.0930905;0.0372222;0.0766945;-0.0210326;0.0859854;-0.0182639;0.0281948;0.118206;-0.0300463;0.0513076;0.0263977;0.0577882;0;0.855407;1;0.874917;0;1;
70;-0.276868;0.211493;-0.284402;0.236808;-0.276241;0.28498;0.14475;0.0342708;0.135176;-0.102653;0.1406;-0.0930618;0.0164652;0.178877;-0.0185853;0.0889737;0.0154158;0.0731751;0;1;0.723451;0.614354;0;1;
71;-0.256199;0.164056;-0.260598;0.203864;-0.255833;0.254154;0.192639;0.0276472;0.187047;-0.137058;0.190215;-0.126056;0.0096151;0.209322;-0.0108542;0.0871301;0.00900238;0.0726443;0;1;0;0.607268;0;1;
72;-0.223823;0.128111;-0.226392;0.176583;-0.223609;0.222623;0.224823;0.00904961;0.221558;-0.138152;0.223408;-0.120618;0.00561471;0.197086;-0.00633925;0.0980536;0.0052568;0.0905333;0;1;0;0.63862;0;1;
73;-0.180137;0.0640904;-0.181637;0.142833;-0.180012;0.179439;0.243417;0.00659511;0.24151;-0.146731;0.24259;-0.123249;0.00327852;0.194918;-0.00370252;0.0836131;0.00306933;0.0909288;0;1;0;0.625126;0;1;
74;-0.121996;0.025039;-0.122872;0.0881272;-0.121923;0.121597;0.252471;0.00229173;0.251357;-0.142429;0.251988;-0.127735;0.00191412;0.187661;-0.00216277;0.0831469;0.00179191;0.0846547;0;1;0;0.712541;0;1;
75;-0.0436178;-0.0130067;-0.0441297;0.0171687;-0.0435758;0.0434006;0.247873;-0.00265335;0.246981;-0.126366;0.245738;-0.131557;0.00111734;0.173003;-0.00126351;0.0884132;0.00104585;0.0805377;0;1;0;0.778631;0;1;
76;0.053612;-0.0866782;0.053313;-0.0690779;0.0536366;-0.0537195;0.229869;0.00470808;0.22895;-0.114164;0.227953;-0.131658;0.000652046;0.169386;-0.000738375;0.0781692;0.000610196;0.0694747;0;1;0;0.906021;0;1;
77;0.14702;-0.166324;0.146845;-0.156392;0.147034;-0.147061;0.201893;0.0136826;0.195823;-0.0845399;0.198872;-0.111793;0.000380322;0.143908;-0.00043169;0.0817718;0.000355796;0.0717947;0;1;0;1;0;1;
78;0.214834;-0.226098;0.214732;-0.223152;0.214842;-0.21484;0.192964;0.0263366;0.189419;-0.0516925;0.190519;-0.0893165;0.000221705;0.126808;-0.000252502;0.0776166;0.000207229;0.066902;0;1;0;1;0;0.861228;
79;0.256737;-0.263308;0.256677;-0.265985;0.256742;-0.256729;0.169148;0.0435761;0.167077;-0.0150736;0.16772;-0.0611198;0.000129053;0.101182;-0.000147885;0.0661529;0.000120517;0.0515003;0;1;0;1;0;0.826789;
80;0.274016;-0.273104;0.280116;-0.286173;0.280154;-0.280141;0.131996;0.0437937;0.130786;0.0286924;0.131161;-0.0225989;-0.0114491;0.064781;-8.67523e-05;0.0714184;6.99464e-05;0.0300797;0.68312;1;0;0.810478;0;1;
81;0.270746;-0.286708;0.291141;-0.294545;0.290851;-0.288335;0.0789469;0.0512123;0.0782315;0.0647672;0.0784525;0.027087;0.0264876;0.0378359;-5.09693e-05;0.0549735;0.0123379;-0.0103967;1;0.757587;0;0.569726;0.189992;1;
82;0.271309;-0.290451;0.294278;-0.297623;0.25155;-0.307803;0.00641138;0.0696828;0.00598788;0.0775315;0.0369538;0.0594872;0.058264;0.0212907;0.0489497;0.0321041;0.0980401;-0.0163379;1;0;1;0.058177;0.736893;1;
83;0.24436;-0.283642;0.272817;-0.28783;0.210948;-0.293776;-0.0778946;0.122348;-0.0781401;0.126933;0.0375731;0.116397;0.0914313;0.0124333;0.0619495;0.0187482;0.160258;-0.00954075;0.67532;0;1;0;1;0.52137;
84;0.196203;-0.265084;0.221532;-0.26753;0.164849;-0.271002;-0.122996;0.176577;-0.136252;0.179254;0.0315444;0.173101;0.102885;0.00726065;0.0656573;0.0109484;0.198332;-0.00557221;0.680028;0;1;0;1;0;
85;0.154883;-0.23497;0.178363;-0.236398;0.124735;-0.238426;-0.121742;0.214964;-0.13975;0.216527;0.00887413;0.212934;0.104375;0.00423965;0.0815574;0.00639339;0.198646;-0.00325464;0.862644;0;0.994207;0;1;0;
86;0.141097;-0.194069;0.161009;-0.194903;0.0833913;-0.196087;-0.133425;0.23792;-0.13424;0.238834;0.00830562;0.236735;0.0988369;0.00247535;0.0802977;0.0037332;0.196448;-0.0019011;0.763567;0;1;0;1;0;
87;0.109224;-0.140166;0.120863;-0.140653;0.0375432;-0.141345;-0.136812;0.249885;-0.135214;0.250418;0.00680384;0.249192;0.0903592;0.00144502;0.0776219;0.00217971;0.193954;-0.00111076;0.840569;0;1;0;1;0;
88;0.0496124;-0.0676913;0.0564261;-0.0679755;0.00775531;-0.0683794;-0.121767;0.249245;-0.136372;0.249084;-0.000461227;0.248443;0.0957358;0.000843279;0.0763345;0.00127241;0.179047;-0.000649146;0.957153;0;0.882862;0;1;0;
89;-0.0363276;0.025761;-0.0323307;0.025595;-0.0607634;0.025359;-0.114032;0.232359;-0.140483;0.235104;0.00659515;0.236837;0.0858375;0.000491867;0.0698015;0.000742619;0.173907;-0.000379577;1;0;1;0;1;0;
90;-0.129459;0.123283;-0.127114;0.123186;-0.143722;0.123049;-0.0882395;0.209815;-0.121375;0.212722;0.0117382;0.206503;0.084049;0.000286701;0.0679209;0.000433198;0.156955;-0.000222173;1;0;1;0;1;0;
91;-0.202564;0.198961;-0.201198;0.198904;-0.210894;0.198824;-0.0606123;0.202148;-0.101175;0.203846;0.0283894;0.200215;0.0762327;0.000166869;0.0619695;0.000252583;0.141313;-0.000130149;1;0;0.903589;0;0.925501;0;
92;-0.249432;0.247338;-0.248649;0.247305;-0.254305;0.247258;-0.0269055;0.179988;-0.0744622;0.18098;0.0455954;0.178859;0.0669375;9.69371e-05;0.0507059;0.000147065;0.116995;-7.64432e-05;1;0;0.859003;0;0.964767;0;
93;-0.26857;0.27513;-0.275899;0.26993;-0.276847;0.275083;0.0153804;0.145367;-0.0320371;0.145946;0.0492597;0.144707;0.0680561;5.61499e-05;0.0296174;-0.00747754;0.0809673;-4.50469e-05;1;0;0.963766;0.245445;1;0;
94;-0.282094;0.289125;-0.28948;0.27471;-0.290127;0.289097;0.0646561;0.0964111;0.00757563;0.0967553;0.0446395;0.0960257;0.0657545;3.23867e-05;0.0172925;-0.0044397;0.0472933;-2.66887e-05;1;0;1;0.654014;0.787192;0;
95;-0.28871;0.276912;-0.293375;0.271001;-0.303159;0.294276;0.0738182;0.0418503;0.0323709;0.0290605;0.0525076;0.0286248;0.0384008;0.07413;0.00977004;0.0550018;0.0276172;0.0280222;0;0.709994;0.893129;0.789836;0.239764;0.824192;
96;-0.285579;0.225848;-0.296404;0.255483;-0.294017;0.278475;0.114432;0.0346566;0.0902304;-0.0543361;0.101986;-0.0545905;0.0224254;0.137836;0.0102503;0.0835797;0.016128;0.0570643;0;0.998816;0.516487;0.541789;0;1;
97;-0.270796;0.170217;-0.277118;0.212249;-0.275724;0.230901;0.167675;0.0311342;0.153541;-0.116936;0.160406;-0.127655;0.0130959;0.189068;0.00598573;0.0977557;0.00941834;0.0646724;0;1;0;0.478747;0;1;
98;-0.24398;0.14202;-0.247672;0.165763;-0.246857;0.187048;0.208866;0.0127104;0.200612;-0.122566;0.204622;-0.14702;0.00764747;0.201855;0.00349511;0.101058;0.00549981;0.0746314;0;1;0;0.642344;0;1;
