1;-0.000363588;0.000116064;9.94835e-05;-0.000363587;0.000116064;9.94838e-05;0.0349769;0.0347456;0.0352595;0.0349768;0.0347455;0.0352594;0.808667;0.808665;0.808666;0.808667;0.808665;0.808666;0;0;0;0;0;0;
2;-0.00592832;-0.00895917;-0.0322717;-0.0039311;0.0040294;0.0138827;0.0558648;0.059884;0.128057;0.0790149;0.0848951;0.170654;0.472285;0.472285;0.472378;0.472292;0.472294;0.472402;1;1;1;1;1;0;
3;0.0384692;-0.0118359;-0.0475389;-0.00924575;0.032128;0.0147723;0.0608353;0.0614754;0.0844522;0.0532116;0.0568026;0.0995829;0.275829;0.275825;0.275893;0.275831;0.275832;0.275897;1;0.933393;1;1;1;1;
4;0.023101;-0.00754728;-0.0271275;-0.0060344;0.0193972;0.00799211;0.039891;0.0359296;0.0582102;0.0522239;0.0358438;0.0581876;0.161091;0.161084;0.16113;0.161091;0.161091;0.161128;1;1;1;1;1;1;
5;0.0143653;-0.006447;-0.0149663;-0.00451923;0.0122037;0.00379113;0.043284;0.0238197;0.0396894;0.0558797;0.0305118;0.0342407;0.0940811;0.0940742;0.0941039;0.0940838;0.0940808;0.0941013;1;1;1;1;1;1;
6;0.00949599;-0.00953353;-0.00763304;-0.00600284;0.00823404;0.00110655;0.0511218;0.02788;0.0397549;0.0650631;0.032832;0.0304684;0.0549494;0.0549425;0.05496;0.0549534;0.0549472;0.0549576;1;1;1;1;1;1;
7;0.0067891;-0.00681159;-0.00321458;-0.00582873;0.00605159;-0.000597207;0.0508649;0.0270223;0.0381683;0.0606078;0.0310885;0.0330359;0.0320984;0.0320894;0.0320999;0.0321011;0.0320934;0.0320978;1;1;1;1;1;1;
8;0.00516031;-0.00511165;-0.000743931;-0.00491292;0.00466729;-0.00148253;0.0425429;0.0256955;0.0342151;0.0546369;0.0287214;0.0352311;0.0207464;0.0187424;0.0187495;0.0187538;0.0187469;0.0187477;1;1;1;1;1;1;
9;0.00356701;-0.00352381;-5.26862e-05;-0.00340786;0.00326369;-0.00227686;0.0411041;0.0236694;0.0308636;0.0549987;0.0263606;0.0369184;0.0206954;0.0109472;0.0109529;0.0180531;0.0109528;0.0109514;1;1;1;1;1;1;
10;0.00118812;-0.00116271;-0.0014005;-0.00109529;0.00101029;-0.000434589;0.0432544;0.0252858;0.026374;0.0575565;0.0240193;0.0419693;0.025219;0.00639433;0.00639964;0.0181223;0.0107179;0.00639837;1;1;1;1;1;1;
11;-0.00295192;0.00296698;-0.00446422;0.00300601;-0.00305652;0.00339204;0.0416664;0.0266995;0.022806;0.0572856;0.019016;0.0473211;0.0303634;0.00373528;0.00374044;0.0150149;0.0118403;0.00640448;1;1;1;1;1;1;
12;-0.0100228;0.0100324;-0.0109072;0.0100549;-0.0100853;0.0102805;0.0414468;0.0303234;0.0184966;0.0633211;0.0173609;0.0514933;0.0282141;0.00218238;0.00621514;0.0161296;0.0137753;0.00552342;1;1;1;1;1;1;
13;-0.0213107;0.0213169;-0.0218282;0.0213296;-0.0213483;0.0214616;0.0409928;0.0311097;0.0172619;0.0605221;0.0193484;0.0517991;0.0283174;0.00127548;0.00474792;0.0146523;0.0209276;0.00481046;1;1;1;1;1;1;
14;-0.0379412;0.0379454;-0.0382444;0.0379524;-0.0379642;0.0380297;0.0424259;0.028433;0.0177624;0.0591556;0.014983;0.0521239;0.0275619;0.000746053;0.00484111;0.0174783;0.0122258;0.00578261;1;1;1;1;1;1;
15;-0.0602375;0.0602397;-0.0604164;0.060245;-0.0602527;0.0602904;0.0529656;0.0273294;0.0278007;0.0510096;0.0192423;0.0412798;0.0235731;0.00718156;0.00493687;0.017934;0.00714281;0.00634903;1;1;1;1;1;1;
16;-0.086692;0.0866918;-0.0867997;0.0866986;-0.0867039;0.0867256;0.0631594;0.0200944;0.0498025;0.0278046;0.0301771;0.0201761;0.0146898;0.018195;0.00288521;0.0272669;0.00417244;0.00827702;1;1;1;1;0.899665;1;
17;-0.113094;0.113091;-0.113157;0.113097;-0.1131;0.113113;0.070205;-0.00296071;0.0619657;-0.0166302;0.0505002;-0.0210879;0.00857981;0.0262607;0.00168668;0.0214343;0.00243632;0.0125484;1;1;1;1;0;1;
18;-0.132786;0.132782;-0.132823;0.132787;-0.13279;0.132797;0.102564;-0.045972;0.0977542;-0.0712698;0.0910568;-0.0738731;0.00501021;0.0386029;0.000985315;0.0160436;0.00142243;0.00733212;0;1;1;1;0;1;
19;-0.138303;0.1383;-0.138325;0.138303;-0.138306;0.141701;0.147681;-0.114614;0.144871;-0.129399;0.14096;-0.130916;0.00292553;0.0358897;0.00057502;0.0101697;0.000830275;0.0412653;0;1;0;1;0;0;
20;-0.123562;0.123561;-0.123574;0.123561;-0.123564;0.125548;0.188369;-0.164865;0.186729;-0.177691;0.184444;-0.176527;0.00170805;0.0231516;0.000335525;0.00594163;0.0004844;0.0342392;0;1;0;1;0;0;
21;-0.0843824;0.0843833;-0.0843898;0.0843816;-0.0843837;0.0855426;0.216329;-0.197305;0.215371;-0.21009;0.214037;-0.209406;0.000997105;0.013522;0.000195477;0.00884491;0.000282374;0.0199977;0;1;0;1;0;0;
22;-0.0173029;0.0173045;-0.0173072;0.0173023;-0.0173039;0.0179805;0.231354;-0.203992;0.230795;-0.227709;0.230016;-0.217553;0.000581889;0.00789348;0.000113735;0.00516587;0.000164322;0.0116796;0;1;0;1;0;1;
23;0.0725467;-0.0725448;0.0725442;-0.0725471;0.0725459;-0.072151;0.230771;-0.183502;0.229942;-0.211107;0.226887;-0.205844;0.000339415;-0.0115622;6.59707e-05;0.00301738;9.53654e-05;0.00682203;0;1;0;1;0;1;
24;0.15962;-0.159619;0.159618;-0.15962;0.159619;-0.159388;0.223471;-0.139657;0.222911;-0.174096;0.193239;-0.180488;0.000197804;-0.0131526;3.80976e-05;0.00176349;5.50731e-05;0.00398534;0;1;0;1;0;1;
25;0.22249;-0.222491;0.22249;-0.22249;0.222491;-0.222356;0.203751;-0.0753506;0.203424;-0.0970351;0.186096;-0.142633;0.000115265;-0.000768871;2.18493e-05;0.0450662;3.1582e-05;0.00893972;0;1;0;1;0;1;
26;0.261127;-0.261133;0.261127;-0.261127;0.261129;-0.261049;0.173329;-0.0208755;0.173134;-0.0287811;0.163014;-0.0967785;0.00989827;0.0597122;1.24243e-05;0.0476806;1.78558e-05;0.00522271;1;1;0;0;0;1;
27;0.282488;-0.282495;0.282493;-0.282493;0.282493;-0.282447;0.138928;0.0293836;0.131571;0.00724132;0.125661;0.00355384;0.0425115;0.0544764;7.06071e-06;0.0445725;1.00856e-05;0.0516003;1;1;0.157225;1;0;1;
28;0.291983;-0.291106;0.292155;-0.276279;0.292154;-0.292128;0.079224;0.0436284;0.0749204;0.057896;0.0714668;0.0773318;0.0426101;0.0318188;0.0156668;0.0260381;0.0221513;0.0301428;1;1;1;1;1;1;
29;0.269606;-0.300939;0.297155;-0.283459;0.262294;-0.259988;0.00199496;0.0697593;0.00878282;0.0780952;-0.0025332;0.142383;0.0277654;0.0185816;0.0724118;0.0152083;0.0464513;0.0176065;1;0.164271;1;1;1;1;
30;0.235033;-0.288559;0.253054;-0.278351;0.240499;-0.253073;-0.0838992;0.12581;-0.079926;0.130679;-0.0475212;0.168225;0.0261449;0.0108512;0.0527481;0.00888121;0.0852562;0.010283;1;0;1;0;0.659727;1;
31;0.215563;-0.266176;0.206441;-0.260214;0.232475;-0.245452;-0.155351;0.179831;-0.153019;0.182674;-0.0988128;0.204601;0.0171545;0.00633668;0.0353558;0.00518605;0.0815349;0.00600467;1;0;1;0;0.498918;0;
32;0.203886;-0.233445;0.160421;-0.229963;0.213766;-0.221343;-0.202784;0.217082;-0.201412;0.218742;-0.160335;0.231547;0.0100185;0.00370014;0.0226735;0.00302817;0.0526301;0.00350613;1;0;1;0;0.341915;0;
33;0.173241;-0.190504;0.147858;-0.188471;0.179013;-0.183437;-0.230013;0.239075;-0.208744;0.240044;-0.165019;0.247522;0.0177195;0.00216033;0.0132458;0.00176796;0.0307443;0.00204703;1;0;1;0;0.59895;0;
34;0.124407;-0.134489;0.109584;-0.133302;0.127779;-0.130362;-0.237444;0.250341;-0.208882;0.250907;-0.175971;0.255274;0.0103506;0.00126106;0.0116074;0.00103197;0.0179602;0.00119491;1;0;1;0;0.647995;0;
35;0.0536213;-0.0595097;0.0449644;-0.0588161;0.0555918;-0.0570991;-0.233909;0.250608;-0.20863;0.250456;-0.181182;0.248041;0.00604479;0.000735923;0.00678108;0.000602109;0.0104921;0.000697279;1;0;1;0;0.697717;0;
36;-0.0391674;0.0357278;-0.0442219;0.036133;-0.0380149;0.0371357;-0.209637;0.228295;-0.205225;0.234803;-0.165773;0.235189;0.00353114;0.000429184;0.00396197;0.000351158;0.00612789;0.000406703;1;0;1;0;0.90373;0;
37;-0.134106;0.132097;-0.137057;0.132333;-0.133432;0.132919;-0.17628;0.206433;-0.186402;0.224912;-0.142739;0.225691;0.00206261;0.000250114;0.00231411;0.000204634;0.00357946;0.000237061;1;0;1;0;0.962668;0;
38;-0.20613;0.204956;-0.207853;0.205094;-0.205736;0.205436;-0.143141;0.198521;-0.154577;0.209312;-0.0986134;0.209767;-0.00280525;0.000145558;0.00135315;0.000118981;0.0088576;0.00013792;1;0;1;0;1;0;
39;-0.251604;0.250917;-0.252609;0.250998;-0.251372;0.251197;-0.0965674;0.175886;-0.11239;0.182189;-0.0492237;0.182454;-0.0124939;8.45148e-05;0.00379487;6.90286e-05;0.0142651;8.00759e-05;1;0;1;0;1;0;
40;-0.277465;0.277061;-0.278049;0.277108;-0.277327;0.277225;-0.0298291;0.140442;-0.0602499;0.144122;0.00912605;0.144277;-0.0072959;4.88848e-05;0.00428394;3.99065e-05;0.0146185;4.6353e-05;1;0;1;0;1;0;
41;-0.29343;0.289938;-0.290516;0.289965;-0.290096;0.290034;0.0409087;0.0900705;0.0292526;0.0922252;0.0365782;0.0923102;0.0176441;2.86579e-05;0.00889473;0.0116193;0.00853746;0.0124658;1;0.346813;1;1;1;0.537309;
42;-0.303163;0.277614;-0.292421;0.292232;-0.294273;0.292909;0.0582898;0.021734;0.057987;0.0219351;0.0532946;0.0219865;0.0103052;0.0594513;0.00740283;0.0174526;0.00498602;0.0267706;1;1;1;1;1;1;
43;-0.292984;0.256217;-0.28671;0.286599;-0.287792;0.257109;0.109338;-0.0359751;0.109163;-0.0624822;0.106421;-0.0624415;0.00601766;0.0819523;0.00432361;0.0188134;0.00291152;0.0401176;0;1;1;1;0;1;
44;-0.273476;0.260679;-0.269812;0.269747;-0.270444;0.198531;0.166448;-0.120817;0.166345;-0.139083;0.164744;-0.139044;0.00351392;0.0587464;0.00252453;0.0109884;0.00169991;0.0416369;0;1;0;1;0;1;
45;-0.243485;0.236014;-0.241345;0.241307;-0.241714;0.167849;0.20854;-0.161345;0.20848;-0.192557;0.207545;-0.192523;0.00205174;0.0368037;0.00147389;0.0064186;0.000992232;0.026198;0;1;0;1;0;1;
46;-0.203466;0.199105;-0.202217;0.202194;-0.202432;0.159293;0.234268;-0.174784;0.234233;-0.224932;0.233687;-0.212426;0.00119773;0.021501;0.000860242;0.00374966;0.000578941;0.0153041;0;1;0;1;0;1;
47;-0.151544;0.148998;-0.150814;0.150801;-0.15094;0.125746;0.248095;-0.18343;0.248075;-0.242641;0.247756;-0.212705;0.000698972;0.0125611;0.000501866;0.00219077;0.000337544;0.00894025;0;1;0;1;0;1;
48;-0.0823809;0.0808949;-0.0819547;0.0819467;-0.0820282;0.0673152;0.252382;-0.181923;0.251827;-0.234638;0.251865;-0.21296;0.000407709;0.00733833;0.000292578;0.00128035;0.00019657;0.005223;0;1;0;1;0;1;
49;0.0081239;-0.0089913;0.00837275;-0.00837766;0.00833002;-0.0169219;0.239173;-0.168644;0.239618;-0.224713;0.234777;-0.212188;0.000237566;0.0046237;0.000170334;0.000748304;0.000114225;0.00305096;0;1;0;1;0;1;
50;0.107199;-0.107706;0.107344;-0.107347;0.10732;-0.112337;0.21682;-0.145868;0.21547;-0.197631;0.212013;-0.199181;0.000138233;0.00610163;9.89718e-05;0.000437705;6.61594e-05;-0.00112907;0;1;0;1;0;1;
51;0.187773;-0.188069;0.187858;-0.18786;0.187844;-0.190774;0.208991;-0.115683;0.208203;-0.159788;0.180318;-0.166781;8.02418e-05;0.00400325;5.7317e-05;-0.0161993;3.81271e-05;-0.0152355;0;1;0;1;0;1;
52;0.24057;-0.240745;0.24062;-0.240621;0.240612;-0.242324;0.187292;-0.0726442;0.186831;-0.107406;0.170547;-0.130407;4.64353e-05;0.00233714;3.30363e-05;-0.00946079;2.17754e-05;-0.00889771;0;1;0;1;0;1;
53;0.271413;-0.271517;0.271442;-0.271444;0.271437;-0.272437;0.1538;-0.0283191;0.153531;-0.0369722;0.14402;-0.0790118;2.68484e-05;-0.00671158;1.88272e-05;-0.0112956;1.23137e-05;-0.00519691;0.490335;1;0;1;0;1;
54;0.287451;-0.287516;0.287468;-0.287471;0.287465;-0.288049;0.107017;0.0252952;0.106855;0.00687941;0.101301;-0.00963548;1.6872e-05;-0.0137312;1.06186e-05;-0.00659458;6.73218e-06;-0.00956618;1;1;0;1;0;1;
55;0.291689;-0.296572;0.290853;-0.306189;0.293157;-0.293498;0.0425388;0.0598606;0.0424467;0.0246369;0.0391988;0.0143421;0.00731734;-0.00801904;0.0201312;-0.00385159;0.00459388;-0.00558451;1;1;1;1;1;1;
56;0.264384;-0.291807;0.255773;-0.297423;0.289778;-0.290011;-0.0392985;0.0991015;-0.0393402;0.078532;-0.0264221;0.0725199;0.00866936;-0.00468345;0.0403522;-0.00224921;0.0573143;-0.00326142;1;0;1;0.0277467;1;0.697401;
57;0.249961;-0.277119;0.222605;-0.280399;0.275936;-0.276071;-0.120294;0.15522;-0.120304;0.143208;-0.0998463;0.139697;0.00506514;-0.00273556;0.0437734;-0.00131389;0.0607969;-0.00190507;1;0;1;0;1;0;
58;0.235255;-0.251116;0.184021;-0.253031;0.250427;-0.250504;-0.180335;0.200734;-0.180329;0.193719;-0.153135;0.191669;0.00296019;-0.00159803;0.0292976;-0.000767683;0.0442189;-0.00111296;1;0;1;0;1;0;
59;0.205313;-0.214576;0.17539;-0.215695;0.214175;-0.214218;-0.217821;0.229736;-0.209818;0.225639;-0.16587;0.224442;0.0017309;-0.000933743;0.0171153;-0.000448747;0.0272875;-0.000650434;1;0;1;0;1;0;
60;0.161318;-0.166728;0.143843;-0.167381;0.166494;-0.166519;-0.238954;0.245915;-0.206909;0.243523;-0.176721;0.242824;0.00101297;-0.000545849;0.00999888;-0.000262551;0.0161095;-0.000380347;1;0;1;0;1;0;
61;0.100038;-0.103197;0.0898332;-0.103579;0.103062;-0.103076;-0.232551;0.2532;-0.208697;0.251803;-0.179261;0.251394;0.000593563;-0.000319346;0.00596681;-0.00015381;0.00941174;-0.00022262;1;0;1;0;1;0;
62;0.016648;-0.0184932;0.0106894;-0.0187163;0.0184142;-0.0184223;-0.212857;0.241492;-0.215522;0.243948;-0.168387;0.244522;0.00853552;-0.000187088;0.0034861;-9.03096e-05;0.00726721;-0.000130503;1;0;1;0;1;0;
63;-0.0819216;0.0808446;-0.0854005;0.0807137;-0.0808914;0.0808854;-0.1965;0.219051;-0.20825;0.225205;-0.149161;0.22403;0.00498729;-0.000109824;0.00203537;-5.32402e-05;0.0100246;-7.67056e-05;1;0;1;0;1;0;
64;-0.169095;0.168466;-0.171127;0.16839;-0.168495;0.16849;-0.161977;0.18808;-0.179895;0.218024;-0.122927;0.217338;0.00291255;-6.46477e-05;-0.0121531;-3.15965e-05;0.00678833;-4.52859e-05;1;0;1;0;1;0;
65;-0.228967;0.2286;-0.230154;0.228555;-0.228618;0.228613;-0.119963;0.180107;-0.14107;0.197595;-0.0839072;0.197194;-0.0069655;-3.82457e-05;-0.00709766;-1.89046e-05;0.00396447;-2.68976e-05;1;0;1;0;1;0;
66;-0.264899;0.264682;-0.265591;0.264656;-0.264694;0.264691;-0.063307;0.155823;-0.0861327;0.166036;-0.045426;0.165802;-0.013837;-2.27676e-05;-0.00414494;-1.12959e-05;-0.00263586;-1.61797e-05;1;0;1;0.109706;1;0;
67;-0.284339;0.284211;-0.284742;0.284196;-0.284221;0.284216;-0.0111483;0.116556;-0.0138001;0.122525;-0.0131545;0.122383;0.00831741;-1.37514e-05;-0.0102796;0.0114819;-0.0164477;-9.85686e-06;1;0;1;1;1;0;
68;-0.292561;0.292486;-0.292796;0.292477;-0.302116;0.292489;0.044617;0.0594169;0.0706933;0.0629074;0.0147886;0.0628186;0.00485893;0.00474543;0.00556473;0.0146534;-0.010031;0.0107913;1;1;1;1;1;0.877239;
69;-0.291728;0.295889;-0.288235;0.289431;-0.297308;0.273714;0.0781549;-0.0143984;0.0933889;-0.0153557;0.0607353;-0.0154025;0.00283724;0.0495207;0.00540703;0.0128923;-0.00585831;0.0366707;0;1;1;1;0;1;
70;-0.280966;0.28373;-0.278926;0.279623;-0.284224;0.230689;0.136027;-0.0848571;0.144924;-0.0993522;0.125854;-0.0993634;0.00165653;0.0617909;0.0031575;0.00753028;-0.00342161;0.0479319;0;1;0.172935;1;0;1;
71;-0.258592;0.26021;-0.2574;0.257808;-0.260495;0.184945;0.187545;-0.145542;0.192741;-0.166126;0.181604;-0.166117;0.000967061;0.0444082;0.00184357;0.00439831;-0.00199867;0.0403748;0;1;0;1;0;1;
72;-0.22522;0.226168;-0.224524;0.224762;-0.226332;0.14965;0.221849;-0.171011;0.224883;-0.209339;0.218379;-0.203723;0.00056434;0.0261409;0.00107616;0.002569;-0.0011677;0.0235864;0;1;0;1;0;1;
73;-0.180953;0.181509;-0.180547;0.180686;-0.181602;0.136818;0.241679;-0.18288;0.243451;-0.234373;0.239653;-0.205628;0.0003291;0.0152716;0.000627985;0.00150039;-0.00068247;0.0137789;0;1;0;1;0;1;
74;-0.122473;0.1228;-0.122236;0.122317;-0.122852;0.0966973;0.251456;-0.184507;0.252491;-0.247189;0.250273;-0.205425;0.000191697;0.0089216;0.000366232;0.000876122;-0.000399121;0.00805053;0;1;0;1;0;1;
75;-0.0438966;0.0440899;-0.0437581;0.0438053;-0.0441181;0.0288435;0.24827;-0.18014;0.247714;-0.236046;0.248296;-0.20465;0.000111464;0.00521193;0.000213374;0.000511526;-0.000233655;0.00576513;0;1;0;1;0;1;
76;0.053449;-0.0533344;0.0535299;-0.0535023;0.0533197;-0.0622401;0.230197;-0.163863;0.230988;-0.213916;0.226014;-0.197771;6.45935e-05;0.00304458;0.000124097;0.000298832;-0.000137024;0.00336871;0;1;0;1;0;1;
77;0.146924;-0.146857;0.146971;-0.146955;0.146849;-0.152058;0.216176;-0.13778;0.218748;-0.17913;0.198137;-0.179452;3.73463e-05;0.00641826;7.20672e-05;0.000175179;-8.05662e-05;0.00196824;0;1;0;1;0;1;
78;0.214778;-0.214739;0.214805;-0.214796;0.214734;-0.217776;0.201305;-0.086065;0.202808;-0.128052;0.190771;-0.155722;2.13137e-05;0.0157486;4.15789e-05;0.0124066;-4.75679e-05;-0.0101439;0;1;0;1;0;1;
79;0.256704;-0.256684;0.25672;-0.257175;0.256679;-0.258454;0.174019;-0.0343228;0.174896;-0.0441576;0.167867;-0.108434;1.21396e-05;0.0187674;2.37955e-05;0.0494383;-2.82288e-05;-0.00592437;0.472296;1;0;0;0;1;
80;0.280131;-0.280122;0.28014;-0.280407;0.280117;-0.281151;0.134842;0.0247674;0.135352;-0.0181568;0.131247;-0.0546381;7.55018e-06;0.0445069;1.35255e-05;0.0466854;-1.69934e-05;-0.00346046;1;1;0;0;0;1;
81;0.288192;-0.29193;0.291155;-0.291311;0.291141;-0.291744;0.0806066;0.0568384;0.080902;0.0353228;0.0785061;-0.0337605;0.0111498;0.0330664;0.0123061;0.0272688;0.00768835;-0.00703481;1;1;1;1;1;1;
82;0.291082;-0.293268;0.285106;-0.292907;0.28959;-0.291714;0.00736974;0.0729013;0.00754979;0.06034;0.00614923;0.0199941;0.00686707;0.0193106;0.0244288;0.0159267;0.0454538;-0.00451659;1;0.367746;1;1;1;1;
83;0.28401;-0.285287;0.251223;-0.285076;0.283139;-0.284379;-0.0773483;0.124228;-0.0772296;0.116893;-0.0400173;0.093331;0.00884031;0.0112771;0.0439592;0.0093008;0.0795284;-0.002638;1;0;1;0;0;0;
84;0.265298;-0.266045;0.183825;-0.265922;0.264792;-0.265515;-0.150295;0.177675;-0.148398;0.173391;-0.107855;0.159631;0.00516511;0.00658538;0.0560781;0.0054312;0.0709415;-0.00154102;1;0;1;0;0.225805;0;
85;0.235095;-0.235531;0.153708;-0.235459;0.234802;-0.235222;-0.199612;0.215605;-0.179023;0.213103;-0.142883;0.205067;0.00301875;0.00384532;0.0367128;0.0031714;0.0462707;-0.000900376;1;0;1;0;0.401745;0;
86;0.194141;-0.194397;0.115999;-0.194355;0.193973;-0.194216;-0.228953;0.238295;-0.188958;0.236834;-0.162211;0.232141;0.00176492;0.00224509;0.0274126;0.00185162;0.0274326;-0.000526275;1;0;1;0;0.488022;0;
87;0.140208;-0.140357;0.0945723;-0.140333;0.140113;-0.140252;-0.242262;0.250103;-0.195006;0.24925;-0.169478;0.24651;0.00103259;0.00131054;0.018943;0.00108089;0.0174487;-0.000307819;1;0;1;0;0.507396;0;
88;0.0677159;-0.0678033;0.0410651;-0.067789;0.0676622;-0.0677417;-0.226224;0.250498;-0.200761;0.249666;-0.168844;0.249195;0.00421594;0.00076477;0.0130867;0.000630769;0.015153;-0.000180233;1;0;1;0;0.509988;0;
89;-0.0257464;0.0256956;-0.0413097;0.0257036;-0.025777;0.0257311;-0.201703;0.231221;-0.20321;0.236938;-0.154097;0.237702;0.00711742;0.000446035;0.00764511;0.000367882;0.0147708;-0.000105759;1;0;1;0;0.517283;0;
90;-0.123274;0.123245;-0.132362;0.123249;-0.123293;0.123265;-0.162584;0.208416;-0.190783;0.207927;-0.131187;0.210018;0.020391;0.000259935;0.00446503;0.000214536;0.0205099;-6.20697e-05;1;0;1;0;0.474518;0;
91;-0.198955;0.198939;-0.204263;0.198941;-0.198968;0.19895;-0.135886;0.201266;-0.162701;0.164826;-0.073587;0.202049;0.0166121;0.000151236;0.00260819;0.000124849;0.0362493;-3.67945e-05;1;0;1;0;0.555342;0;
92;-0.247334;0.247325;-0.250434;0.247325;-0.247342;0.247331;-0.0925117;0.179473;-0.107595;0.161628;-0.0375209;0.17993;0.00970528;8.78479e-05;0.00500464;7.37368e-05;0.0426646;-2.1994e-05;1;0;1;0.621773;0.296753;0;
93;-0.275129;0.275123;-0.276936;0.275122;-0.275132;0.275126;-0.0416847;0.145066;-0.0397457;0.13465;-0.0063925;0.145333;0.0176392;5.08321e-05;0.0131725;0.00970911;0.0330607;-1.32845e-05;1;0;1;1;0;0;
94;-0.289124;0.28912;-0.290178;0.289118;-0.289125;0.289122;0.0160464;0.0962357;0.0468414;0.0901618;0.0332996;0.0963914;0.0155338;2.94293e-05;0.0267106;0.0241084;0.019312;-8.03101e-06;1;0.312768;1;1;1;0.069197;
95;-0.29324;0.305304;-0.304236;0.289156;-0.29324;0.293238;0.0368298;0.0287533;0.110869;0.0252038;0.0610125;0.0288405;0.0117958;0.0257946;0.0156026;0.0185581;0.0112802;0.00933746;1;1;1;1;1;1;
96;-0.288225;0.295008;-0.294772;0.250972;-0.288225;0.288027;0.0928307;-0.0468885;0.136074;-0.0565956;0.106953;-0.053715;0.00688831;0.0669048;0.00911383;0.0256901;0.00658723;0.0677299;0;1;1;1;0;1;
97;-0.272341;0.285933;-0.276165;0.242498;-0.272342;0.232626;0.15506;-0.0980746;0.180315;-0.133899;0.163307;-0.125361;0.00402242;0.0661542;0.00532249;0.0150036;0.00384654;0.0601327;0;1;0.872273;0.880163;0;1;
98;-0.244883;0.252825;-0.247116;0.227454;-0.244883;0.165601;0.2015;-0.140594;0.216248;-0.189141;0.206316;-0.179452;0.00234873;0.0492183;0.00310779;0.00876243;0.00224588;0.0388118;0;1;0;1;0;1;
