1;-0.000363587;0.000116064;9.94837e-05;-0.000363587;0.000116064;9.94837e-05;0.0349769;0.0347456;0.0352595;0.0349769;0.0347456;0.0352595;0.808667;0.808665;0.808666;0.808667;0.808665;0.808666;0;0;0;0;0;0;
2;0.00256798;0.00242819;0.000655419;-0.0044384;-0.00360053;0.000221595;0.122114;0.124403;0.130307;0.140158;0.126904;0.132143;0.472332;0.472336;0.472342;0.472351;0.472334;0.47234;1;1;1;1;1;1;
3;-0.00237653;-0.017038;-0.0214401;0.0124691;0.00909357;0.00779738;0.0921359;0.0938229;0.0997304;0.102423;0.103645;0.107717;0.275857;0.275866;0.275872;0.275878;0.275859;0.275866;1;1;1;1;0.869882;1;
4;0.00146012;-0.0190064;-0.0204341;0.0212025;0.00594559;0.0100093;0.0537821;0.0559013;0.0604152;0.0800488;0.0605038;0.0629373;0.161104;0.161116;0.161121;0.161127;0.161105;0.161111;1;1;1;1;1;1;
5;0.00858815;-0.0119739;-0.0110561;0.0158495;-0.00264322;0.00925077;0.031156;0.0457827;0.064917;0.0480873;0.0392175;0.0609001;0.0940868;0.0940979;0.0941015;0.0941026;0.0940896;0.0940979;1;1;1;1;1;1;
6;0.00808652;-0.00809956;-0.00534909;0.00814876;-0.00108891;0.00429513;0.0306253;0.0445044;0.0574352;0.0422935;0.0398414;0.0531392;0.0549502;0.0549586;0.0549637;0.0549594;0.0549548;0.0549615;1;1;1;1;1;1;
7;0.0062349;-0.00597322;-0.00188056;0.00351564;-4.05393e-06;0.00126495;0.0272592;0.0390269;0.0469853;0.0399145;0.035087;0.0457529;0.0320947;0.0321006;0.0321057;0.0320996;0.0320995;0.0321039;1;1;1;1;1;1;
8;0.0049346;-0.00462178;3.56845e-05;0.000919607;0.00104174;-0.000394951;0.023478;0.0355897;0.0406121;0.0403163;0.0298467;0.0411991;0.0187467;0.0187504;0.0187552;0.0187493;0.018751;0.0187535;1;1;1;1;1;1;
9;0.00342052;-0.00323751;0.000559176;-3.33854e-06;0.000438058;-0.00120659;0.0197568;0.0335208;0.0358043;0.0418239;0.0260056;0.0392452;0.0109511;0.010953;0.0109578;0.0109525;0.0109548;0.0109557;1;1;1;1;1;1;
10;0.00110265;-0.000995657;-0.000568525;0.000894662;-0.000639368;0.000190425;0.0164538;0.0326553;0.0315693;0.0441029;0.0231437;0.0391052;0.00639844;0.00639874;0.00823822;0.00639916;0.00646806;0.00640107;1;1;1;1;1;1;
11;-0.00300166;0.00306406;-0.00397766;0.0041686;-0.00401901;0.00375678;0.0131576;0.0324357;0.0280941;0.0467881;0.0206959;0.0401721;0.0037396;0.00373848;0.00771326;0.00373988;0.00557185;0.0037407;1;1;1;1;1;1;
12;-0.0100522;0.0100882;-0.0106221;0.0107343;-0.010646;0.0104929;0.0107908;0.0326796;0.0256271;0.0490191;0.0189088;0.0414999;0.003142;0.0021846;0.0074933;0.00321564;0.00565924;0.00218677;1;1;1;1;1;1;
13;-0.0213281;0.0213493;-0.0216609;0.021727;-0.021674;0.0215845;0.0103673;0.0328606;0.0238238;0.0507162;0.0184863;0.0420372;0.00401229;0.00127718;0.00743216;0.00254121;0.00495383;0.0012794;1;1;1;1;1;1;
14;-0.037951;0.0379627;-0.0381454;0.0381851;-0.0381521;0.0380996;0.0133262;0.0323258;0.0258726;0.0474367;0.0193667;0.0392445;0.00262159;0.000747736;0.00589049;0.0029684;0.00396138;0.00206435;1;1;1;1;1;1;
15;-0.0602429;0.0602478;-0.0603564;0.0603816;-0.0603596;0.0603287;0.0211723;0.0296041;0.0338983;0.0374143;0.0229932;0.0324168;0.00153301;0.00390597;0.00431293;0.00448627;0.00231497;0.00380611;1;1;1;1;1;1;
16;-0.0866976;0.0866973;-0.0867612;0.0867792;-0.0867661;0.0867469;0.0426256;0.0283361;0.0540771;0.014046;0.033846;0.0160321;0.00342165;0.0164432;0.0025199;0.00723583;0.00135253;0.00879697;1;1;1;1;1;1;
17;-0.113097;0.113096;-0.113134;0.113144;-0.113137;0.113125;0.0577718;0.00886671;0.0644614;-0.0246683;0.052643;-0.0206979;0.00199866;0.0305297;0.00147291;0.0124179;0.000789572;0.0204941;1;1;1;1;0;1;
18;-0.132788;0.132789;-0.132809;0.132816;-0.132812;0.132803;0.0953034;-0.0297421;0.0992108;-0.0759676;0.0923082;-0.0718481;0.00116683;0.0431694;0.000860109;0.00725441;0.000460742;0.0287864;0;1;0.928565;1;0;1;
19;-0.138305;0.173718;-0.138317;0.138321;-0.138319;0.129962;0.14344;-0.0987198;0.145722;-0.132146;0.141691;-0.129729;0.00068099;0.0489858;0.000501913;0.00423792;0.000268673;0.0328644;0;1;0;1;0;1;
20;-0.123563;0.144248;-0.12357;0.123572;-0.123571;0.118687;0.185893;-0.149688;0.187225;-0.179296;0.184871;-0.17458;0.000397333;0.0338795;0.00029269;0.00247553;0.000156438;0.0272037;0;1;0;1;0;1;
21;-0.0843829;0.0964658;-0.0843872;0.0843882;-0.0843877;0.0815342;0.214883;-0.17449;0.215661;-0.211028;0.214286;-0.203134;0.000231602;0.0197911;0.000170466;0.00144597;9.08576e-05;0.0158921;0;1;0;1;0;1;
22;-0.0173033;0.0243612;-0.0173058;0.0173063;-0.0173061;0.0156393;0.23051;-0.18356;0.230964;-0.228257;0.230161;-0.21067;0.000134791;0.0115596;9.90661e-05;0.000844425;5.25307e-05;0.00928278;0;1;0;1;0;1;
23;0.0725463;-0.0684239;0.0725448;-0.0725446;0.0725448;-0.0735177;0.230056;-0.172529;0.229859;-0.210074;0.23007;-0.205619;7.82566e-05;0.00674982;5.73611e-05;0.000493148;3.01333e-05;0.00542121;0;1;0;1;0;1;
24;0.159619;-0.157213;0.159618;-0.159618;0.159619;-0.160186;0.222785;-0.134951;0.222849;-0.179218;0.223061;-0.191775;4.52157e-05;8.93882e-05;3.30147e-05;0.000288399;1.70563e-05;-0.00337817;0;1;0;1;0;1;
25;0.222491;-0.221088;0.22249;-0.22249;0.222491;-0.222822;0.20335;-0.0936611;0.203388;-0.126929;0.203511;-0.163769;2.59203e-05;-0.00389984;1.88091e-05;0.000860861;9.43473e-06;-0.00497523;0;1;0;0.49659;0;1;
26;0.261128;-0.260311;0.261128;-0.261128;0.261128;-0.261321;0.173091;-0.0410035;0.173113;-0.0751097;0.173185;-0.149975;1.46787e-05;-0.00423285;1.05358e-05;0.000838487;5.01636e-06;-0.00290701;0;1;0;0.556277;0;1;
27;0.282493;-0.28202;0.282492;-0.282494;0.282493;-0.282606;0.131549;-0.00366346;0.131558;0.00322478;0.131601;-0.118046;0.0118259;0.0141032;5.7374e-06;0.0279174;2.45521e-06;-0.00497024;1;1;0;0.53593;0;1;
28;0.285167;-0.292077;0.292155;-0.292155;0.292154;-0.292222;0.0749121;0.0396671;0.0749071;0.043678;0.0749343;-0.0670136;0.0309339;0.00420182;3.25126e-06;0.0163073;0.00369006;-0.0106583;1;1;0.340369;1;0.922709;1;
29;0.28865;-0.296481;0.295531;-0.292727;0.279974;-0.291046;-0.000525738;0.0674462;-0.000529077;0.0697915;-0.000513213;0.00515002;0.0197732;-0.000755143;0.00709837;0.00952464;0.0367786;-0.00670505;1;0.413932;1;1;1;1;
30;0.281222;-0.285956;0.281787;-0.283764;0.263076;-0.282782;-0.0853735;0.12446;-0.0853664;0.125829;-0.0386063;0.0880796;0.0204115;-0.000441289;0.0456945;0.00556192;0.0833379;-0.00391587;1;0;1;0;1;0.887029;
31;0.261888;-0.264655;0.262216;-0.263375;0.251294;-0.262801;-0.156213;0.179042;-0.14845;0.179842;-0.100159;0.157796;0.011924;-0.000258128;0.053176;0.00324771;0.0775866;-0.00228726;1;0;1;0;1;0;
32;0.230939;-0.232557;0.23113;-0.23181;0.224755;-0.231475;-0.203284;0.216621;-0.183908;0.217088;-0.132865;0.204214;0.0145532;-0.000151253;0.0350106;0.00189623;0.0556744;-0.00133616;1;0;1;0;1;0;
33;0.18904;-0.189986;0.189151;-0.189549;0.185429;-0.189354;-0.231012;0.238806;-0.198588;0.239078;-0.154244;0.23156;0.00857458;-8.88618e-05;0.0204532;0.00110689;0.0366503;-0.00078079;1;0;1;0;1;0;
34;0.133633;-0.134186;0.133698;-0.133932;0.131525;-0.133817;-0.241016;0.250183;-0.204346;0.250343;-0.171331;0.245952;0.00500954;-5.24416e-05;0.0119494;0.000645888;0.0214115;-0.000456486;1;0;1;0;1;0;
35;0.0590092;-0.0593327;0.0590475;-0.0591839;0.0577795;-0.0591172;-0.234522;0.249184;-0.208551;0.249494;-0.180384;0.24956;0.00292591;-3.11885e-05;0.00698176;0.000376681;0.0125077;-0.000267075;1;0;1;0;1;0;
36;-0.0360205;0.0358313;-0.0359978;0.0359182;-0.0367377;0.0359572;-0.218404;0.230981;-0.207617;0.23279;-0.175924;0.232884;0.0017081;-1.87794e-05;0.00407857;0.000219462;0.00730485;-0.000156492;1;0;1;0;1;0;
37;-0.132267;0.132157;-0.132254;0.132208;-0.132687;0.13223;-0.189589;0.206056;-0.194852;0.206673;-0.157456;0.204207;-0.00385329;-1.1535e-05;0.00218475;0.000127695;0.00426404;-9.18644e-05;1;0;1;0;1;0;
38;-0.205056;0.204991;-0.205048;0.205021;-0.205301;0.205034;-0.146177;0.198301;-0.163874;0.198661;-0.121989;0.19722;-0.0104771;-7.2165e-06;-0.0092645;7.40868e-05;-0.00718572;-5.41346e-05;1;0;1;0;1;0;
39;-0.250976;0.250938;-0.250972;0.250955;-0.25112;0.250963;-0.0932303;0.175758;-0.142153;0.175968;-0.0802698;0.175127;-0.0104467;-4.66434e-06;-0.00541202;4.27866e-05;-0.0147061;-3.20926e-05;1;0;1;0;1;0;
40;-0.277097;0.277073;-0.277095;0.277083;-0.277182;0.277088;-0.0355702;0.140367;-0.12074;0.140491;-0.0296358;0.139998;-0.0125886;-3.18905e-06;-0.00316104;0.00320238;-0.0204996;-1.91641e-05;1;0;1;0.741332;1;0;
41;-0.291383;0.289945;-0.289959;0.289951;-0.290011;0.289954;0.0245099;0.0900257;-0.0785578;0.0901082;0.0191026;0.0898105;0.00172407;-2.23795e-06;-0.00264144;0.0145348;-0.0119708;-1.15825e-05;1;0;1;1;1;0;
42;-0.293997;0.285085;-0.293166;0.292181;-0.305643;0.293163;0.0462472;0.0206484;-0.0139392;0.0207009;0.0430909;0.0205191;0.00554031;0.0361043;-0.000747854;0.0154407;-0.0069889;-5.60013e-06;1;1;1;1;1;1;
43;-0.287631;0.270472;-0.287145;0.28657;-0.294432;0.263786;0.102305;-0.0555469;0.0671581;-0.0632037;0.100462;-0.0633024;0.00323501;0.0662007;-0.00156942;0.0166286;-0.00408174;0.0313478;0;1;1;1;0;1;
44;-0.27035;0.262129;-0.270066;0.26973;-0.274322;0.208515;0.162341;-0.134298;0.141815;-0.139505;0.161264;-0.139548;0.00188884;0.0470808;-0.000916937;0.0097119;-0.00238413;0.040207;0;1;0;1;0;1;
45;-0.241659;0.236862;-0.241494;0.241298;-0.243979;0.171611;0.206141;-0.180324;0.194154;-0.192805;0.205512;-0.192818;0.00110272;0.0277424;-0.000535873;0.00567214;-0.00139281;0.0244741;0;1;0;1;0;1;
46;-0.2024;0.1996;-0.202303;0.202189;-0.203755;0.161491;0.232868;-0.191985;0.225867;-0.225078;0.2325;-0.222039;0.000643526;0.0162052;-0.000313414;0.00331265;-0.000813916;0.0142963;0;1;0;1;0;1;
47;-0.150921;0.149287;-0.150865;0.150798;-0.151713;0.12703;0.247277;-0.202476;0.243189;-0.242727;0.247063;-0.222895;0.000375315;0.00946498;-0.000183538;0.00193446;-0.000475864;0.00834975;0;1;0;1;0;1;
48;-0.0820173;0.0810638;-0.0819844;0.0819452;-0.0824793;0.0680654;0.252837;-0.201599;0.250754;-0.242249;0.252183;-0.221705;0.000218686;0.00552633;-0.000107695;0.00112945;-0.000278457;0.00487637;0;1;0;1;0;1;
49;0.00833615;-0.00889268;0.00835537;-0.00837833;0.00806656;-0.0164834;0.239121;-0.188057;0.23966;-0.22498;0.23442;-0.218768;0.000127205;0.00215545;-6.34059e-05;0.000659463;-0.000163195;0.00284701;0;1;0;1;0;1;
50;0.107323;-0.107648;0.107334;-0.107348;0.107166;-0.11208;0.212412;-0.159934;0.213192;-0.202649;0.21281;-0.206391;7.37861e-05;-0.00634356;-3.75325e-05;0.000385158;-9.58602e-05;-0.00682977;0;1;0;1;0;1;
51;0.187845;-0.188037;0.187852;-0.18786;0.187754;-0.190623;0.187932;-0.122091;0.20006;-0.153813;0.178047;-0.181725;4.27941e-05;-0.00629182;-2.2324e-05;0.00756617;-5.65143e-05;-0.0114951;0;1;0;1;0;1;
52;0.240613;-0.240727;0.240616;-0.240621;0.240559;-0.242235;0.174993;-0.0688064;0.182076;-0.106017;0.16922;-0.171354;2.4428e-05;-0.00823332;-1.35223e-05;0.00441974;-3.34766e-05;-0.0067149;0;1;0;0.535316;0;1;
53;0.271437;-0.271508;0.27144;-0.271443;0.271406;-0.272385;0.146617;-0.0191206;0.150753;-0.0438299;0.143246;-0.144493;1.40095e-05;0.00190088;-8.3282e-06;0.00292151;-1.99922e-05;-0.00667939;0.146105;1;0;0.586889;0;1;
54;0.284838;-0.28751;0.287467;-0.28747;0.287447;-0.288019;0.102825;0.0149142;0.105234;0.0170719;0.100851;-0.101577;0.0189553;-0.00497445;-5.21971e-06;0.029905;-1.12886e-05;-0.00560244;1;1;0;1;0.552661;1;
55;0.291415;-0.310787;0.293158;-0.29316;0.293147;-0.293482;0.0400934;0.0295722;0.041495;0.0299369;0.0389381;-0.0393545;0.0182044;-0.00587644;0.00285857;0.0174666;0.00578261;-0.00811335;1;1;1;1;1;1;
56;0.288641;-0.300108;0.289569;-0.289814;0.279281;-0.290002;-0.0407246;0.0814131;-0.0398999;0.0816279;-0.0215283;0.0411623;0.0130295;-0.00343214;0.0218174;0.0102008;0.0683165;-0.00610441;1;0;1;0.766611;1;1;
57;0.275269;-0.281967;0.27461;-0.275956;0.269804;-0.276066;-0.121126;0.14489;-0.12063;0.145016;-0.080787;0.121384;0.019328;-0.0020047;0.0566163;0.00595677;0.0763097;-0.00356539;1;0;1;0;0.878249;0;
58;0.250033;-0.253947;0.249647;-0.250436;0.246845;-0.250501;-0.18082;0.194702;-0.176095;0.194775;-0.123341;0.180974;0.0148687;-0.0011712;0.0411285;0.00347835;0.0613965;-0.00208256;1;0;1;0;0.915419;0;
59;0.213942;-0.216229;0.213716;-0.214179;0.212081;-0.214217;-0.218101;0.226213;-0.198031;0.226256;-0.148164;0.218196;0.00994661;-0.00068447;0.0240266;0.00203086;0.0435879;-0.00121667;1;0;1;0;0.983238;0;
60;0.166357;-0.167693;0.166225;-0.166496;0.16527;-0.166518;-0.239117;0.243858;-0.203474;0.243883;-0.167721;0.239176;0.00581177;-0.000400273;0.0140365;0.00118551;0.0254644;-0.000711027;1;0;1;0;1;0;
61;0.10298;-0.103761;0.102903;-0.103062;0.102347;-0.103075;-0.241901;0.251998;-0.209346;0.252013;-0.181462;0.249264;0.00339476;-0.000234309;0.00820105;0.0006918;0.0148759;-0.00041574;1;0;1;0;1;0;
62;0.018366;-0.0188224;0.0183214;-0.0184142;0.0179974;-0.0184216;-0.231658;0.242318;-0.211478;0.243474;-0.184654;0.245131;0.00198184;-0.000137401;0.00479124;0.000403486;0.00868858;-0.000243296;1;0;1;0;1;0;
63;-0.0809188;0.0806522;-0.0809447;0.0808905;-0.0811334;0.0808861;-0.210705;0.220783;-0.205231;0.223047;-0.172644;0.220248;0.000577106;-8.07945e-05;0.00279816;0.000235137;0.00507249;-0.000142597;1;0;1;0;1;0;
64;-0.16851;0.168354;-0.168525;0.168493;-0.168635;0.16849;-0.171912;0.188229;-0.179104;0.207518;-0.145603;0.189819;-0.011184;-4.76952e-05;-0.00868387;0.000136884;-0.00773488;-8.36088e-05;1;0;1;0;1;0;
65;-0.228625;0.228534;-0.228635;0.228615;-0.2287;0.228614;-0.124158;0.180194;-0.145877;0.191459;-0.108796;0.181123;-0.0124477;-2.83468e-05;-0.00661185;7.94447e-05;-0.0152039;-4.938e-05;1;0;1;0;1;0;
66;-0.264699;0.264644;-0.264704;0.264692;-0.264742;0.264691;-0.0740625;0.155874;-0.131349;0.162452;-0.0545262;0.156416;-0.011001;-1.69946e-05;-0.00386165;4.59391e-05;-0.019834;-2.92851e-05;1;0;1;0;1;0;
67;-0.284222;0.284189;-0.284225;0.284216;-0.284247;0.284216;-0.00437358;0.116585;-0.102258;0.120433;-0.014919;0.116902;-0.0134041;-1.03405e-05;-0.00250079;0.012715;-0.0115835;-1.75109e-05;1;0;1;1;0.671407;0;
68;-0.292492;0.292473;-0.292495;0.292487;-0.292507;0.292489;0.0475008;0.059434;-0.0510582;0.0616872;0.0467594;0.0596182;0.012757;0.00756393;-0.00162188;0.020679;-0.00676325;0.00887617;1;1;1;1;1;1;
69;-0.291688;0.276722;-0.294198;0.279883;-0.292506;0.284631;0.0798396;-0.0126512;0.0222837;-0.0160675;0.0794064;-0.0172748;0.00744997;0.0616208;-0.000962372;0.012498;-0.00394979;0.0114952;0.41253;1;1;1;0.869299;1;
70;-0.280942;0.27866;-0.282408;0.274048;-0.28142;0.236752;0.137011;-0.0955875;0.103399;-0.0997675;0.136758;-0.100458;0.00435028;0.05607;-0.000562224;0.00730005;-0.00230705;0.0421322;0;1;0.407815;1;0;1;
71;-0.258578;0.257249;-0.259434;0.254551;-0.258857;0.192785;0.18812;-0.160615;0.16849;-0.166369;0.187972;-0.166757;0.00254022;0.0349873;-0.000328717;0.00426353;-0.00134778;0.0329474;0;1;0;1;0;0.916152;
72;-0.225212;0.224439;-0.225712;0.22286;-0.225375;0.157796;0.222184;-0.189256;0.210721;-0.209481;0.222098;-0.209699;0.00148307;0.020438;-0.000192387;0.00248996;-0.000787612;0.0192473;0;1;0;1;0;0.858589;
73;-0.180948;0.180498;-0.18124;0.179575;-0.181043;0.141577;0.241875;-0.199419;0.235181;-0.234456;0.241825;-0.222237;0.000865624;0.0119379;-0.000112846;0.00145391;-0.000460497;0.0112425;0;1;0;1;0;0.835799;
74;-0.12247;0.122208;-0.122641;0.121667;-0.122525;0.0994777;0.251571;-0.202947;0.247661;-0.247237;0.251541;-0.220677;0.00050502;0.00697137;-6.63979e-05;0.000848685;-0.000269496;0.00656647;0;1;0;1;0;0.827311;
75;-0.043895;0.0437428;-0.0439946;0.0434256;-0.0439273;0.0304686;0.248553;-0.196575;0.247761;-0.236813;0.248408;-0.21941;0.000294431;0.00406959;-3.92776e-05;0.000495251;-0.000157951;0.00383499;0;1;0;1;0;1;
76;0.0534498;-0.0535388;0.0533916;-0.0537246;0.0534313;-0.0612897;0.232084;-0.177997;0.231503;-0.214093;0.226662;-0.211159;0.000171443;-0.00431248;-2.34522e-05;0.000289202;-9.2815e-05;0.00223884;0;1;0;1;0;1;
77;0.146925;-0.146977;0.146891;-0.147086;0.146914;-0.151503;0.222045;-0.136651;0.220292;-0.186745;0.194267;-0.187544;9.97042e-05;-0.00724833;-1.40934e-05;0.000169133;-5.4784e-05;0.00130826;0;1;0;1;0;1;
78;0.214778;-0.214809;0.214758;-0.214873;0.214772;-0.217451;0.204733;-0.0938852;0.203709;-0.137717;0.158669;-0.146197;5.77307e-05;0.013992;-8.73289e-06;0.00868057;-3.2535e-05;0.00762786;0;1;0;0.392767;0;1;
79;0.256704;-0.256723;0.256692;-0.256762;0.256701;-0.258265;0.176021;-0.0315456;0.175423;-0.0882332;0.147578;-0.104389;3.3262e-05;0.0222557;-5.53939e-06;0.00507026;-1.9446e-05;0.00449775;0;1;0;0.474095;0;1;
80;0.280131;-0.280144;0.280125;-0.280168;0.28013;-0.281043;0.136011;0.0259504;0.135659;-0.00713102;0.119398;-0.0337909;0.0119306;0.0357843;-3.61564e-06;0.039127;-1.18262e-05;0.0164529;0.828436;1;0;0.540377;0;1;
81;0.29115;-0.291157;0.291146;-0.291172;0.291149;-0.291682;0.0812874;0.060011;0.0810845;0.0357486;0.0715882;0.0360294;0.00696997;0.0325042;0.0263157;0.0228532;0.0144411;0.020713;1;1;1;1;1;1;
82;0.29214;-0.292872;0.291697;-0.292826;0.291598;-0.293124;0.00776888;0.0747543;0.00765792;0.060588;0.00211027;0.0607526;0.0212174;0.0189823;0.0368137;0.0133478;0.0308278;0.0120984;1;0.418124;1;1;1;1;
83;0.284627;-0.285056;0.284369;-0.285029;0.273753;-0.285203;-0.0771129;0.12531;-0.0771692;0.117038;-0.0522162;0.117134;0.0138926;0.0110853;0.0258117;0.00779471;0.0677206;0.00706537;1;0;1;0;0.940193;0.595623;
84;0.265658;-0.265909;0.265506;-0.265894;0.259308;-0.265995;-0.150156;0.178307;-0.150178;0.173476;-0.108085;0.173532;0.0118459;0.00647336;0.0384507;0.00455166;0.0679242;0.0041257;1;0;1;0;0.84935;0;
85;0.235303;-0.235452;0.235214;-0.235443;0.231597;-0.235502;-0.199529;0.215974;-0.195129;0.213152;-0.136704;0.213185;0.0119363;0.00377993;0.0259669;0.0026577;0.0534407;0.00240892;1;0;1;0;0.964316;0;
86;0.194263;-0.19435;0.19421;-0.194345;0.192098;-0.19438;-0.228902;0.23851;-0.203892;0.236863;-0.159794;0.236882;0.0071193;0.00220694;0.0151699;0.00155158;0.0331801;0.00140629;1;0;1;0;0.99534;0;
87;0.140278;-0.14033;0.140248;-0.140327;0.139015;-0.140347;-0.243001;0.250229;-0.208244;0.249267;-0.176347;0.249278;0.00415984;0.00128828;0.00886332;0.000905592;0.0193837;0.00082075;1;0;1;0;1;0;
88;0.0677566;-0.0677872;0.0677392;-0.0677855;0.0670199;-0.0677973;-0.238414;0.250898;-0.21193;0.250609;-0.18562;0.251123;0.00242929;0.000751785;0.0051788;0.000528342;0.0113228;0.000478802;1;0;1;0;1;0;
89;-0.0257231;0.025705;-0.025733;0.0257059;-0.0261524;0.025699;-0.22368;0.232542;-0.211164;0.234932;-0.18257;0.234867;0.00141762;0.000438474;0.0030252;0.000308029;0.00661203;0.000279097;1;0;1;0;1;0;
90;-0.123261;0.123251;-0.123267;0.123251;-0.123512;0.123247;-0.198936;0.209832;-0.19946;0.209311;-0.159755;0.208651;-0.00629917;0.000255523;-0.00131212;0.000179401;0.00385903;0.000162492;1;0;1;0;1;0;
91;-0.198948;0.198942;-0.198952;0.198942;-0.199095;0.19894;-0.154017;0.202158;-0.165622;0.201854;-0.128342;0.201469;-0.0137327;0.000148729;-0.010462;0.000104293;-0.00559136;9.44151e-05;1;0;1;0;1;0;
92;-0.247331;0.247327;-0.247333;0.247327;-0.247418;0.247325;-0.0979277;0.179994;-0.130668;0.179816;-0.0896819;0.179591;-0.0133901;8.63875e-05;-0.0061117;6.04325e-05;-0.015947;5.46642e-05;1;0;1;0;1;0;
93;-0.275127;0.275124;-0.275129;0.275124;-0.27518;0.275123;-0.0396568;0.14537;-0.0849135;0.14527;-0.0482311;0.145135;-0.0115209;5.00207e-05;-0.012636;0.00530654;-0.0228496;3.14674e-05;1;0;1;0.985591;0.832594;0;
94;-0.289335;0.289121;-0.289123;0.289121;-0.289154;0.28912;0.022662;0.0964131;0.0220648;0.0963627;0.0264104;0.0962765;0.0135863;2.88843e-05;-0.025147;0.0203148;-0.0133422;0.00454434;1;0;1;1;1;0.32566;
95;-0.293363;0.282635;-0.289813;0.293238;-0.293258;0.293237;0.064622;0.0383105;0.106651;0.0288244;0.0431893;0.0287765;0.00793625;0.063118;0.0260661;0.0118677;-0.00778932;0.0196965;1;1;1;1;1;1;
96;-0.288296;0.290989;-0.286223;0.288223;-0.288235;0.267046;0.109061;-0.0403492;0.133607;-0.0544863;0.0965445;-0.0545016;0.0046342;0.0766408;0.0152233;0.0105275;-0.00454917;0.0346119;0;1;1;1;0;1;
97;-0.272383;0.27396;-0.271172;0.27234;-0.272347;0.181139;0.164538;-0.122297;0.178873;-0.132666;0.157229;-0.123868;0.0027061;0.0487032;0.00888999;0.00614883;-0.00265717;0.068133;0;1;0;1;0;1;
98;-0.244907;0.245833;-0.2442;0.244882;-0.244886;0.155141;0.207035;-0.146511;0.215406;-0.188421;0.202766;-0.167695;0.00157999;0.0418096;0.00519131;0.00359143;-0.00155232;0.0500906;0;1;0;1;0;1;
