1;-0.000363589;0.000116065;9.94846e-05;-0.000363589;0.000116065;9.94846e-05;0.0349769;0.0347456;0.0352595;0.0349769;0.0347456;0.0352595;0.808667;0.808665;0.808666;0.808667;0.808665;0.808666;0;0;0;0;0;0;
2;-0.00390189;-0.00146152;-0.000876291;0.0333434;0.002048;0.000677131;0.185248;0.189647;0.185676;0.136239;0.173137;0.15877;0.472369;0.472369;0.472365;0.472364;0.472403;0.4724;1;1;1;1;0;0;
3;-0.00950453;-0.0260619;-0.0416738;0.0384187;-0.00505538;-0.00211933;0.113481;0.117432;0.118858;0.108502;0.117162;0.109092;0.275879;0.275885;0.275892;0.275893;0.275905;0.275905;1;1;1;1;0;0.326372;
4;0.002378;-0.0183802;-0.0266359;0.0218029;-0.011994;-0.00158917;0.0662505;0.071465;0.0793729;0.0728473;0.0765158;0.080486;0.16112;0.161129;0.161138;0.161132;0.16114;0.161145;1;1;1;0.161701;0.634452;1;
5;0.00758082;-0.0116096;-0.0146796;0.0118585;-0.00746443;-0.00492824;0.0527882;0.0603195;0.0663007;0.060723;0.0571793;0.0625645;0.0941031;0.0941097;0.0941162;0.0941107;0.0941172;0.0941201;1;1;1;0.350659;0.867578;1;
6;0.00598995;-0.0078874;-0.00746599;0.00581944;-0.00325279;-0.00479994;0.0425186;0.0496556;0.0539576;0.0520467;0.0461082;0.0514357;0.0549634;0.0549678;0.0549727;0.0549684;0.0549725;0.0549742;1;1;1;0.380554;0.931683;1;
7;0.00504185;-0.00584948;-0.00311711;0.00226851;-0.000657016;-0.00476612;0.0338515;0.0419527;0.0451652;0.0450348;0.0378289;0.0445935;0.032104;0.0321069;0.0321108;0.0321073;0.0321101;0.0321109;1;1;1;0.393839;0.970888;1;
8;0.00414862;-0.00454964;-0.000686925;0.00129577;0.000732665;-0.00428397;0.027486;0.037177;0.0386736;0.041125;0.0321834;0.040919;0.0187529;0.0187545;0.0187582;0.018755;0.0187573;0.0187573;1;1;1;0.397966;1;1;
9;0.00296144;-0.00319542;0.000137251;0.00196237;0.000102449;-0.00320071;0.0225206;0.034507;0.0336389;0.039645;0.0283388;0.0396389;0.0109552;0.0109556;0.0109594;0.0109562;0.0109587;0.0109579;1;1;1;0.391541;1;1;
10;0.000834524;-0.000971071;-0.000814981;0.00500314;-0.00083548;-0.000974331;0.0184468;0.0332254;0.0289179;0.0398407;0.0255603;0.0401507;0.00640098;0.00640026;0.00789891;0.00640095;0.00696244;0.0064024;1;1;1;0.379281;1;1;
11;-0.00315823;0.00307838;-0.00412161;0.00662133;-0.00413374;0.00307635;0.0149631;0.0329647;0.0251578;0.0409961;0.0231918;0.041581;0.00412069;0.00373932;0.0068678;0.00374026;0.0065405;0.00374159;1;1;1;0.362261;1;1;
12;-0.0101435;0.0100965;-0.0107061;0.0121666;-0.0107131;0.0100954;0.0123818;0.0329596;0.0220596;0.0424679;0.0216623;0.0434283;0.0034278;0.00218498;0.00632078;0.00218604;0.00683274;0.00218748;1;1;1;0.352738;1;1;
13;-0.0213808;0.0213526;-0.0217094;0.0225629;-0.021713;0.0213525;0.0115529;0.0327242;0.0203008;0.0428697;0.0212458;0.04412;0.00277016;0.00127721;0.00555887;0.00127823;0.00646793;0.00127996;1;1;1;0.358247;1;1;
14;-0.0379813;0.0379637;-0.0381732;0.0386723;-0.0381744;0.0379645;0.0141315;0.0318529;0.0224791;0.0400018;0.0219786;0.0416857;0.00241177;0.000747596;0.00378574;0.000748185;0.00523921;0.00248706;1;1;1;0.396551;1;1;
15;-0.0602604;0.0602486;-0.0603725;0.0606646;-0.060372;0.0602503;0.0227567;0.0293538;0.031433;0.0313227;0.0256745;0.033794;0.00267264;0.00409959;0.00231043;0.000839396;0.00306142;0.00485208;1;1;1;0.485918;1;1;
16;-0.0867057;0.0866971;-0.0867713;0.0869437;-0.0867729;0.0867007;0.0441868;0.0264548;0.0525826;0.00686233;0.044248;0.0117478;0.00269353;0.0148548;0.000966508;0.00582349;0.00178791;0.0121816;1;1;1;0.540596;0;1;
17;-0.113102;0.113093;-0.113137;0.11324;-0.113139;0.113097;0.0586831;0.00795525;0.0637093;-0.0288636;0.0587199;-0.0260091;0.00157321;0.0292253;0.000565926;0.0119346;0.00104403;0.019861;1;1;1;1;1;1;
18;-0.132791;0.132785;-0.132811;0.132871;-0.132813;0.132787;0.0958357;-0.0214404;0.0987715;-0.0784151;0.0958579;-0.0767442;0.000918392;0.051389;0.000329225;0.0167321;0.000609509;0.0210689;0;1;1;1;1;1;
19;-0.138306;0.136863;-0.138318;0.138353;-0.138319;0.138304;0.143751;-0.0728066;0.145465;-0.13357;0.143764;-0.132589;0.000535956;0.0618462;0.000191864;0.0282298;0.00035552;0.0263902;0;1;0;1;0;1;
20;-0.123563;0.122721;-0.12357;0.123591;-0.123571;0.123561;0.186074;-0.12217;0.187075;-0.180122;0.186082;-0.179545;0.000312585;0.0510316;0.000111585;0.0191801;0.000207169;0.019136;0;1;0;1;0;1;
21;-0.0843834;0.0838905;-0.0843874;0.0843994;-0.0843877;0.0843816;0.214989;-0.157573;0.215573;-0.211506;0.214993;-0.210464;0.000182083;0.032532;6.47189e-05;0.012569;0.000120499;0.0111794;0;1;0;1;0;1;
22;-0.0173036;0.0170154;-0.0173059;0.0173134;-0.017306;0.0173026;0.230572;-0.176825;0.230913;-0.220902;0.230574;-0.214125;0.000105844;0.0190029;3.72962e-05;0.00734265;6.98599e-05;0.00652944;0;1;0;1;0;1;
23;0.0725462;-0.0727146;0.0725449;-0.0725401;0.0725449;-0.0725468;0.229157;-0.175102;0.229796;-0.208293;0.229708;-0.207723;6.13564e-05;0.0110971;2.13135e-05;0.00428838;4.02611e-05;0.003813;0;1;0;1;0;1;
24;0.159619;-0.159718;0.159619;-0.159615;0.159619;-0.15962;0.222528;-0.149759;0.222901;-0.18048;0.22285;-0.189424;3.53426e-05;0.00647782;1.19541e-05;-0.00233699;2.29716e-05;-0.00458231;0;1;0;1;0;1;
25;0.222491;-0.222551;0.22249;-0.222488;0.22249;-0.222492;0.2032;-0.118272;0.203418;-0.129678;0.203388;-0.156064;2.01512e-05;-0.0082888;6.49542e-06;-0.0117389;1.29052e-05;-0.00595021;0;1;0;1;0;1;
26;0.261128;-0.261165;0.261128;-0.261128;0.261128;-0.26113;0.173003;-0.068442;0.17313;-0.079985;0.173113;-0.143481;1.1337e-05;-0.0267899;3.33487e-06;-0.0120666;7.04596e-06;-0.00347486;0;1;0;1;0;1;
27;0.282493;-0.282517;0.282493;-0.282497;0.282493;-0.282494;0.131496;-0.0102612;0.131569;-0.0206114;0.131559;-0.114253;7.08771e-06;-0.0270119;1.55944e-06;-0.014982;3.97451e-06;-0.00253801;0.726519;1;0;0.957609;0.398317;1;
28;0.290644;-0.292378;0.292155;-0.292629;0.292155;-0.292156;0.0748769;0.0318429;0.0749133;0.0136254;0.0749106;-0.0647991;0.0133328;-0.0218296;9.44569e-07;-0.00874952;3.15471e-06;-0.0100139;1;1;0.912394;1;1;1;
29;0.286066;-0.305368;0.290974;-0.290663;0.281393;-0.300385;-0.00054511;0.062876;-0.000527417;0.0522396;-0.000526913;0.0064435;0.015248;-0.0173777;0.00590637;-0.00510939;0.0513286;-0.00703498;1;0.989609;1;1;0.72017;1;
30;0.279872;-0.291146;0.282739;-0.282558;0.253796;-0.288236;-0.0853835;0.121791;-0.0853672;0.115579;-0.0685796;0.0888351;0.0196913;-0.0101489;0.0329403;-0.00298424;0.0667091;-0.0049333;1;0;1;0;1;1;
31;0.261101;-0.267686;0.262775;-0.262671;0.245867;-0.265987;-0.156216;0.177483;-0.156199;0.173856;-0.125268;0.158238;0.0223989;-0.00592737;0.0233199;-0.0017432;0.0560443;-0.00288142;1;0;1;0;1;0;
32;0.230481;-0.234327;0.231459;-0.231399;0.221583;-0.233335;-0.203285;0.215711;-0.203271;0.213592;-0.163109;0.204471;0.0133098;-0.00346202;0.0136236;-0.00101847;0.0374902;-0.00168318;1;0;1;0;1;0;
33;0.188773;-0.19102;0.189344;-0.189309;0.183577;-0.19044;-0.231014;0.238274;-0.227065;0.237037;-0.185583;0.23171;0.00777575;-0.00202231;0.00795788;-0.000595281;0.0219006;-0.000983464;1;0;1;0;1;0;
34;0.133478;-0.13479;0.133812;-0.133791;0.130443;-0.134452;-0.245631;0.249873;-0.229535;0.249151;-0.207953;0.24604;0.00454204;-0.00118157;0.00464691;-0.000348151;0.0127912;-0.000574847;1;0;1;0;1;0;
35;0.0589192;-0.0596852;0.0591145;-0.059102;0.057147;-0.0594877;-0.248206;0.249485;-0.231768;0.249701;-0.212475;0.24927;0.00265106;-0.000690584;0.00271216;-0.000203824;0.00746688;-0.000336204;1;0;1;0;1;0;
36;-0.0360727;0.0356254;-0.0359585;0.035966;-0.0371073;0.0357408;-0.22772;0.229837;-0.219753;0.235374;-0.200104;0.234566;-0.00405605;-0.000403848;-0.00753346;-0.000119575;-0.00784397;-0.000196897;1;0;1;0;1;0;
37;-0.132298;0.132037;-0.132231;0.132236;-0.132903;0.132104;-0.19711;0.205822;-0.200655;0.227587;-0.185825;0.204215;-0.00906155;-0.000236429;-0.0110129;-7.02545e-05;-0.0196639;-0.000115465;1;0;1;0;1;0;
38;-0.205074;0.204921;-0.205035;0.205037;-0.205428;0.20496;-0.156662;0.198164;-0.176644;0.210874;-0.156542;0.197225;-0.0138808;-0.000138537;-0.0096013;-4.15683e-05;-0.0337279;-6.79252e-05;1;0;1;0;1;0;
39;-0.250987;0.250897;-0.250965;0.250964;-0.251195;0.250919;-0.118431;0.175678;-0.163111;0.183101;-0.0955547;0.17513;-0.0139967;-8.13906e-05;-0.00560962;-2.47155e-05;-0.0308827;-4.01078e-05;1;0;1;0;1;0;
40;-0.277103;0.277049;-0.27709;0.277089;-0.277226;0.277062;-0.0667182;0.14032;-0.132981;0.144655;-0.0311992;0.14;-0.0278431;-4.79222e-05;-0.00903267;-1.47648e-05;-0.0263147;-2.3885e-05;1;0;1;0.316322;1;0;
41;-0.289965;0.289931;-0.289956;0.289955;-0.290342;0.289939;-0.038516;0.0899985;-0.0857131;0.0925338;0.0187341;0.089813;-0.0162615;-2.84062e-05;-0.00865393;-7.4155e-06;-0.021213;-1.38702e-05;1;0;1;1;1;1;
42;-0.30919;0.291171;-0.308472;0.285704;-0.314129;0.293154;0.00944352;0.0206292;-0.0181227;0.0221149;0.0428716;0.0205222;-0.00949532;0.0108677;-0.00807766;0.0153565;-0.0126972;0.00566843;1;1;1;1;1;1;
43;-0.296503;0.25992;-0.296084;0.273873;-0.299388;0.287138;0.0808122;-0.0437917;0.0647146;-0.0623756;0.100334;-0.0633024;-0.00556293;0.0684951;-0.00489155;0.0187052;-0.00741554;0.0232879;0.0780709;1;1;1;0.431566;1;
44;-0.275531;0.233602;-0.275286;0.262314;-0.277216;0.27006;0.149789;-0.112933;0.140388;-0.139016;0.161189;-0.139548;-0.00324912;0.0607814;-0.00285703;0.0231261;-0.00433108;0.0379944;0;1;0;1;0;1;
45;-0.244685;0.220196;-0.244542;0.236965;-0.245669;0.24149;0.198811;-0.154113;0.193321;-0.192514;0.205469;-0.19282;-0.00189789;0.0428227;-0.00166889;0.0171856;-0.00252979;0.0221952;0;1;0;1;0;1;
46;-0.204167;0.189865;-0.204084;0.199658;-0.204742;0.202301;0.228587;-0.1786;0.225381;-0.224905;0.232475;-0.223609;-0.00110884;0.0250164;-0.000975115;0.0100402;-0.00147788;0.0129646;0;1;0;1;0;1;
47;-0.151953;0.1436;-0.151905;0.14932;-0.152289;0.150864;0.244777;-0.196714;0.242905;-0.242562;0.247048;-0.228235;-0.000648062;0.0146127;-0.00056997;0.00586568;-0.000863611;0.00757141;0;1;0;1;0;1;
48;-0.0826199;0.0777417;-0.0825914;0.0810821;-0.0828158;0.0819839;0.251681;-0.202691;0.250588;-0.242632;0.25157;-0.225337;-0.000378972;0.00853303;-0.000333377;0.00342558;-0.000504888;0.004421;0;1;0;1;0;1;
49;0.00798439;-0.010833;0.008001;-0.00888242;0.00787005;-0.00835552;0.238232;-0.196108;0.239382;-0.229636;0.236176;-0.22017;-0.000221832;0.00498029;-0.000195203;0.00199926;-0.000295426;0.00258083;0;1;0;1;0;1;
50;0.107118;-0.108781;0.107127;-0.107642;0.107051;-0.107334;0.214692;-0.172073;0.21206;-0.204396;0.213479;-0.204689;-0.000130043;-0.00799857;-0.000114511;-0.00671007;-0.000173077;-0.00748101;0;1;0;1;0;1;
51;0.187726;-0.188698;0.187731;-0.188032;0.187687;-0.187853;0.207749;-0.14486;0.206211;-0.161107;0.205657;-0.173785;-7.63978e-05;-0.0176778;-6.73282e-05;-0.0124966;-0.00010158;-0.00908724;0;1;0;1;0;1;
52;0.240543;-0.241113;0.240546;-0.240722;0.24052;-0.240618;0.186566;-0.103397;0.185668;-0.110983;0.185344;-0.143651;-4.51037e-05;-0.025062;-3.98042e-05;-0.0142944;-5.97998e-05;-0.00530915;0;1;0;1;0;1;
53;0.271397;-0.271731;0.271398;-0.271503;0.271383;-0.271442;0.153376;-0.043902;0.152851;-0.0594564;0.152662;-0.128313;-2.67424e-05;-0.0287818;-2.36581e-05;-0.0132099;-3.54054e-05;-0.00310093;0;1;0;1;0;1;
54;0.287441;-0.28764;0.287443;-0.287505;0.287434;-0.28747;0.106769;0.00134504;0.106459;0.0126411;0.106348;-0.0921265;0.000563538;-0.0286502;-1.42164e-05;-0.015438;-2.10761e-05;-0.00494065;1;1;0;1;0;1;
55;0.287404;-0.314797;0.293144;-0.293367;0.293139;-0.293161;0.0423968;0.0207506;0.0422079;0.0476325;0.0421471;-0.0338345;0.0163153;-0.0167358;-7.93924e-06;-0.00901444;0.000508486;-0.00558387;1;1;1;1;1;1;
56;0.275619;-0.30245;0.283524;-0.289935;0.267038;-0.291006;-0.0393758;0.0762611;-0.0394858;0.0919606;-0.0255417;0.0443862;0.0223376;-0.0149061;0.0180172;-0.0052647;0.0695856;-0.00687213;1;0;1;0.157275;1;1;
57;0.265018;-0.283335;0.271817;-0.276026;0.227178;-0.276652;-0.120334;0.141882;-0.12039;0.15105;-0.0648388;0.123267;0.0334425;-0.00870552;0.046325;-0.00307501;0.0894163;-0.00401368;1;0;1;0;1;1;
58;0.244046;-0.254746;0.248018;-0.250477;0.18346;-0.250843;-0.180352;0.192944;-0.179452;0.198299;-0.108679;0.182074;0.031877;-0.00508445;0.0362129;-0.00179625;0.0733126;-0.00234439;1;0;1;0;1;0;
59;0.210446;-0.216696;0.212766;-0.214203;0.175063;-0.214416;-0.217826;0.225187;-0.216606;0.228314;-0.159836;0.218838;0.0217607;-0.0029698;0.0211537;-0.00104943;0.0462648;-0.00136953;1;0;1;0;1;0;
60;0.164316;-0.167966;0.165671;-0.16651;0.143652;-0.166635;-0.23814;0.243259;-0.222877;0.245085;-0.183661;0.239551;0.012712;-0.00173487;0.0123549;-0.000613375;0.0270251;-0.000800316;1;0;1;0;1;0;
61;0.101789;-0.10392;0.10258;-0.10307;0.089721;-0.103143;-0.240779;0.251648;-0.22294;0.252715;-0.194804;0.249483;0.00742487;-0.00101371;0.00721568;-0.000358715;0.0157844;-0.000467888;1;0;1;0;1;0;
62;0.0176706;-0.0189154;0.0181331;-0.0184189;0.0106234;-0.0184614;-0.231878;0.242148;-0.220105;0.242626;-0.192797;0.244595;0.00433555;-0.000592563;0.0042135;-0.000210005;0.00921701;-0.000273751;1;0;1;0;1;0;
63;-0.0813248;0.0805978;-0.0810546;0.0808877;-0.08544;0.0808629;-0.212138;0.219768;-0.209555;0.222195;-0.177841;0.223793;0.00253038;-0.000346614;-0.00331043;-0.000123133;0.00537981;-0.000160384;1;0;1;0;1;0;
64;-0.168747;0.168322;-0.168589;0.168491;-0.171151;0.168477;-0.174846;0.186216;-0.18579;0.209335;-0.152551;0.213973;-0.00734849;-0.000202953;-0.0127822;-7.23273e-05;-0.00794154;-9.41246e-05;1;0;1;0;1;0;
65;-0.228764;0.228515;-0.228672;0.228614;-0.23017;0.228606;-0.124033;0.179019;-0.157565;0.192521;-0.126646;0.195229;-0.0139325;-0.000118998;-0.00777609;-4.20681e-05;-0.0234159;-5.54627e-05;1;0;1;0.467502;1;0;
66;-0.264779;0.264633;-0.264726;0.264691;-0.265602;0.264686;-0.0897416;0.155188;-0.142657;0.163077;-0.0848875;0.164654;-0.00904311;-6.99689e-05;-0.00454337;0.000853405;-0.0222815;-3.28141e-05;1;0;1;1;1;0;
67;-0.284269;0.284183;-0.284237;0.284216;-0.284752;0.284213;-0.074658;0.116184;-0.108866;0.120798;-0.0274309;0.121713;-0.00528255;-4.12656e-05;-0.00917741;0.00613109;-0.0167737;-1.95874e-05;1;0;1;1;1;0;
68;-0.29252;0.292469;-0.292501;0.292489;-0.29914;0.292487;-0.0349436;0.0591963;-0.0549189;0.0618993;-0.00736407;0.0624257;-0.00351577;-2.44504e-05;-0.0076147;0.0126593;-0.00979874;-1.15909e-05;1;0;1;0;1;1;
69;-0.296743;0.276315;-0.298692;0.286527;-0.302586;0.291926;0.0316935;-0.0147066;0.0200291;-0.0159439;0.0477976;-0.0156373;-0.00500793;0.053435;-0.0104003;0.0149209;-0.0192173;0.007732;1;1;1;0.778359;1;1;
70;-0.283894;0.245229;-0.285033;0.277927;-0.287306;0.28108;0.108894;-0.0768931;0.102082;-0.0996906;0.118299;-0.0995037;-0.002925;0.0646855;-0.00607431;0.0262137;-0.0112233;0.0408424;0;1;0.271085;0.384388;0;1;
71;-0.260302;0.237262;-0.260967;0.256815;-0.262295;0.258657;0.171699;-0.130023;0.167721;-0.166318;0.177191;-0.166202;-0.00170856;0.0548907;-0.00354778;0.0224971;-0.00655482;0.0247048;0;1;0;0.484812;0;1;
72;-0.226219;0.212762;-0.226607;0.224182;-0.227383;0.225258;0.212595;-0.164888;0.210272;-0.209447;0.215802;-0.209375;-0.000998238;0.0357716;-0.00207232;0.0133511;-0.00382845;0.0144323;0;1;0;0.601872;0;1;
73;-0.181536;0.173677;-0.181763;0.180346;-0.182216;0.180975;0.236275;-0.185756;0.234918;-0.234433;0.238148;-0.225848;-0.000583463;0.0208967;-0.00121074;0.00780003;-0.0022363;0.00842975;0;1;0;0.626848;0;1;
74;-0.122813;0.118223;-0.122946;0.122118;-0.12321;0.122486;0.2483;-0.198088;0.247508;-0.244653;0.249394;-0.225473;-0.00034125;0.0122054;-0.000707575;0.00455641;-0.00130653;0.00492292;0;1;0;0.656708;0;1;
75;-0.0440954;0.0414151;-0.0441727;0.0436896;-0.0443271;0.0439044;0.247294;-0.19868;0.248092;-0.237876;0.247675;-0.222112;-0.000199789;0.00712661;-0.000413721;0.00266032;-0.000763558;0.00287455;0;1;0;0.714658;0;1;
76;0.053333;-0.0548979;0.0532878;-0.05357;0.0531977;-0.0534444;0.230385;-0.185362;0.231139;-0.217741;0.224752;-0.211146;-0.000117196;-0.00232384;-0.000242142;0.00155201;-0.000446477;-0.000634659;0;1;0;0.833414;0;1;
77;0.146857;-0.147771;0.14683;-0.146995;0.146778;-0.146922;0.220754;-0.157594;0.223327;-0.185901;0.200693;-0.191203;-6.88706e-05;-0.0129627;-0.000141869;-0.0103868;-0.00026128;-0.0120842;0;1;0;0.967918;0;1;
78;0.214739;-0.215274;0.214723;-0.21482;0.214692;-0.214777;0.203979;-0.126444;0.205482;-0.138393;0.192264;-0.159583;-4.07239e-05;-0.017632;-8.33441e-05;-0.0125336;-0.000153072;-0.00890347;0;1;0;1;0;1;
79;0.256681;-0.256995;0.256672;-0.256729;0.256654;-0.256705;0.17558;-0.0730818;0.176458;-0.0877274;0.168739;-0.146718;-2.42232e-05;-0.0265446;-4.91275e-05;-0.0105853;-8.98742e-05;-0.0052;0;1;0;1;0;1;
80;0.280118;-0.280305;0.280113;-0.280147;0.280102;-0.280134;0.135753;-0.0197653;0.136264;-0.0252827;0.131756;-0.118895;0.000833077;-0.0248597;-2.91139e-05;-0.0165082;-5.29237e-05;-0.00354681;0.879028;1;0;1;1;1;
81;0.290785;-0.291486;0.291139;-0.29116;0.291131;-0.291152;0.0811393;0.0277625;0.081431;0.0142231;0.0788025;-0.0712864;0.0137726;-0.0226677;-1.71274e-05;-0.00964164;-2.95336e-05;-0.00676552;1;1;0.402173;0.408486;1;1;
82;0.284471;-0.308518;0.296653;-0.293646;0.275982;-0.284124;0.00768622;0.05592;0.00785169;0.0480153;0.00631949;-0.00191857;0.0246455;-0.0165325;0.00576862;-0.00563036;0.039954;-0.00554778;1;1;1;0.0332196;0.683798;1;
83;0.275062;-0.294193;0.287263;-0.285508;0.254747;-0.279947;-0.0771584;0.114311;-0.0770577;0.109696;-0.0575532;0.0805348;0.0269255;-0.00965534;0.029819;-0.00328812;0.0698608;-0.00343915;1;0;1;0;1;1;
84;0.260072;-0.271245;0.267197;-0.266174;0.248208;-0.262926;-0.150181;0.171883;-0.150113;0.169188;-0.121958;0.152158;0.0236649;-0.00563912;0.0300379;-0.00192049;0.0597151;-0.00200883;1;0;1;1;1;0;
85;0.232042;-0.238568;0.236203;-0.235606;0.225113;-0.23371;-0.199543;0.212222;-0.199498;0.210649;-0.156395;0.200703;0.0167748;-0.0032937;0.017548;-0.00112198;0.0383851;-0.00117357;1;0;1;0;1;0;
86;0.192358;-0.19617;0.194789;-0.19444;0.188311;-0.193333;-0.228911;0.23632;-0.224795;0.235401;-0.1803;0.229592;0.00980014;-0.00192401;0.0102503;-0.000655724;0.0224245;-0.000685849;1;0;1;0;1;0;
87;0.139167;-0.141393;0.140587;-0.140383;0.136803;-0.139736;-0.243295;0.24895;-0.225896;0.248413;-0.196136;0.245021;0.00572525;-0.00112416;0.00598625;-0.000383444;0.0130987;-0.000401041;1;0;1;0;1;0;
88;0.0671079;-0.0684079;0.0679374;-0.067818;0.0657274;-0.0674403;-0.239446;0.250753;-0.223396;0.250314;-0.200044;0.251211;0.00334349;-0.000657068;0.00349568;-0.000224435;0.00764885;-0.000234712;1;0;1;0;1;0;
89;-0.0261015;0.0253425;-0.0256169;0.0256869;-0.0269075;0.0259075;-0.224739;0.232201;-0.217179;0.235358;-0.19017;0.2352;0.00195144;-0.000384292;0.00204041;-0.000131579;0.00446428;-0.000137587;1;0;1;0;1;0;
90;-0.123482;0.123039;-0.123199;0.12324;-0.123953;0.123369;-0.19738;0.20863;-0.200982;0.209925;-0.163352;0.208687;-0.00795636;-0.000224986;-0.00888361;-7.73202e-05;-0.00597825;-8.08382e-05;1;0;1;0;1;0;
91;-0.199077;0.198818;-0.198912;0.198936;-0.199353;0.199011;-0.147247;0.201457;-0.16579;0.202213;-0.137499;0.20149;-0.0121753;-0.000131885;-0.0104089;-4.54155e-05;-0.0186009;-4.76849e-05;1;0;1;0.18612;1;0;
92;-0.247406;0.247255;-0.24731;0.247323;-0.247569;0.247367;-0.103968;0.179584;-0.124701;0.180029;-0.102639;0.179604;-0.00903732;-7.75221e-05;-0.00843608;-2.52674e-05;-0.0215032;-2.82909e-05;1;0;1;1;1;0;
93;-0.275171;0.275081;-0.275114;0.275121;-0.275268;0.275147;-0.0548092;0.145131;-0.0720875;0.145395;-0.0600945;0.145142;-0.00805643;-4.57049e-05;-0.0195806;0.00371342;-0.0193272;-1.69688e-05;1;0;1;1;1;0;
94;-0.289149;0.289096;-0.289116;0.286418;-0.289208;0.289135;0.0091022;0.0962734;-0.0202199;0.0964347;-0.0429013;0.0962797;-0.00660057;-2.70308e-05;-0.01896;0.0062505;-0.0112906;-1.03284e-05;1;0;1;0;1;0;
95;-0.293268;0.29284;-0.293236;0.282344;-0.303351;0.293247;0.0327751;0.0287691;0.0156529;0.0288665;0.00240353;0.0287713;-0.00378575;0.0181833;-0.0110737;0.0121607;-0.0124514;-5.30616e-06;1;1;1;0;1;1;
96;-0.288241;0.262381;-0.288337;0.277517;-0.298402;0.287806;0.090463;-0.0335225;0.0804644;-0.0544571;0.0727261;-0.0545091;-0.00221109;0.0665106;-0.00984425;0.0295816;-0.0119591;0.0284942;0.711569;1;1;0.429336;1;1;
97;-0.27235;0.239156;-0.272407;0.266086;-0.278285;0.272095;0.153677;-0.100938;0.147838;-0.132645;0.143319;-0.132664;-0.00129167;0.0658709;-0.00574943;0.023573;-0.0069845;0.0487775;0;1;0;0.408879;0;1;
98;-0.244888;0.219625;-0.244921;0.241227;-0.248353;0.244738;0.200692;-0.141779;0.197282;-0.188402;0.194643;-0.188409;-0.000754751;0.0489536;-0.00335805;0.0186421;-0.00407937;0.0284933;0;1;0;0.559709;0;1;
