1;-0.000363588;0.000116065;9.94838e-05;-0.000363588;0.000116064;9.94838e-05;0.0349769;0.0347456;0.0352595;0.0349769;0.0347456;0.0352595;0.808667;0.808665;0.808666;0.808667;0.808665;0.808666;0;0;0;0;0;0;
2;-0.00317804;-0.00367713;-0.00784712;-0.00709552;-0.00864159;-0.0127062;0.11486;0.125105;0.121012;0.129035;0.132746;0.106408;0.472314;0.47232;0.472348;0.472331;0.472332;0.472345;1;1;1;1;1;1;
3;-0.014559;-0.0211257;-0.0124385;0.0538357;-0.00895883;0.0136308;0.1513;0.126465;0.0930717;0.149523;0.13046;0.0688228;0.275862;0.275859;0.275868;0.275869;0.275859;0.275859;0.454523;0.91612;0.520606;0.5463;0.467626;0;
4;-0.0167906;-0.0222386;-0.01404;0.0426842;-0.0175679;0.00365758;0.184873;0.184182;0.164725;0.206162;0.212357;0.174077;0.201767;0.178049;0.166731;0.231126;0.198292;0.161126;0.816598;1;1;0.909305;0.823192;1;
5;-0.0120109;-0.0158202;-0.00839479;0.0431336;-0.0168183;0.00439122;0.193294;0.191465;0.173592;0.204455;0.204683;0.167393;0.20931;0.190242;0.180753;0.209576;0.180927;0.140548;0.727367;1;0.950429;0.775772;0.933502;1;
6;-0.0121918;-0.0156611;-0.00819458;0.0430128;-0.0162832;0.00474362;0.191164;0.190164;0.171738;0.201998;0.201051;0.164415;0.211081;0.19145;0.183298;0.206997;0.18111;0.141791;0.721262;1;0.927066;0.769042;0.944183;1;
7;-0.0126057;-0.015997;-0.0084445;0.0424981;-0.0162109;0.00469243;0.18667;0.187154;0.167929;0.203182;0.2015;0.166021;0.208184;0.187286;0.181019;0.207865;0.183847;0.144599;0.73694;1;0.933642;0.760988;0.946871;1;
8;-0.0127001;-0.0160556;-0.00845962;0.0422446;-0.0160365;0.00478393;0.183309;0.185296;0.165924;0.204421;0.201926;0.167944;0.205598;0.183496;0.178389;0.207195;0.184893;0.145238;0.746651;1;0.913526;0.751141;0.96;1;
9;-0.0125724;-0.0157327;-0.0081568;0.0418496;-0.0160272;0.00477289;0.180653;0.184718;0.164135;0.204947;0.201235;0.168986;0.204658;0.180928;0.178574;0.204936;0.184522;0.14389;0.757105;1;0.883164;0.742206;0.983614;1;
10;-0.0122525;-0.0151941;-0.00772685;0.0423496;-0.015153;0.00559426;0.17785;0.184388;0.162081;0.205926;0.200154;0.170064;0.204803;0.178602;0.179169;0.20133;0.184117;0.142453;0.758515;1;0.866382;0.735506;1;1;
11;-0.0135967;-0.0165822;-0.00911536;0.0417851;-0.01578;0.00510567;0.174563;0.184326;0.158797;0.206761;0.19905;0.171828;0.205332;0.175618;0.179924;0.19809;0.184354;0.141144;0.769288;0.989597;0.981629;0.726277;1;0.953168;
12;-0.0135589;-0.0160572;-0.0089919;0.043603;-0.0137933;0.00719435;0.17116;0.183968;0.156228;0.208105;0.198378;0.173828;0.206331;0.172794;0.179299;0.194061;0.184214;0.140117;0.757807;0.936017;1;0.723825;1;0.873386;
13;-0.0159414;-0.0181023;-0.0114598;0.0452722;-0.0125535;0.00890559;0.168904;0.183634;0.153721;0.207912;0.19823;0.174255;0.207579;0.170664;0.177265;0.190097;0.183184;0.14193;0.735294;0.910383;1;0.735423;1;0.847493;
14;-0.0178686;-0.0191176;-0.0134529;0.0495039;-0.00898845;0.0132009;0.169277;0.183306;0.155298;0.204633;0.198131;0.171775;0.208015;0.170388;0.170039;0.187462;0.180755;0.147003;0.667026;0.981332;1;0.75724;1;0.793999;
15;-0.0210535;-0.0214983;-0.0170031;0.0519711;-0.008494;0.0155012;0.185371;0.189109;0.170441;0.18682;0.188355;0.155123;0.194492;0.168466;0.152842;0.196498;0.184268;0.162158;0.556944;1;1;0.804918;0.845634;0.871258;
16;-0.0291236;-0.0241929;-0.0209347;0.0647066;0.00323204;0.0283098;0.188439;0.181137;0.185188;0.162057;0.186935;0.137331;0.173569;0.193215;0.138801;0.196362;0.16699;0.176939;0.458314;1;1;0.819071;0.552094;1;
17;-0.0426179;-0.028528;-0.0259535;0.102371;-0.0333581;0.0669092;0.197677;0.17134;0.218036;0.114889;0.173003;0.114991;0.101382;0.253004;0.118242;0.175154;0.0975358;0.185693;0.662301;0.704346;1;0.804764;0.489606;1;
18;-0.0742637;-0.0282462;-0.0267495;0.130527;-0.0850496;0.0937478;0.204597;0.148133;0.242236;0.0812835;0.166803;0.0981148;0.0592165;0.290618;0.0807409;0.18887;0.0569609;0.215987;0.629665;0.923783;1;0.956682;0.029825;1;
19;-0.0974452;-0.0318649;-0.0299915;0.152591;-0.110426;0.10829;0.242866;0.160277;0.291625;0.016933;0.185195;0.0459133;0.0345858;0.345185;0.0796985;0.196221;0.0332644;0.225139;0.560498;0.870957;0.914405;0.854197;0;1;
20;-0.0845708;-0.0183258;-0.0318854;0.13218;-0.109354;0.0885964;0.269247;0.157384;0.311108;-0.0129088;0.210277;0.00846532;0.0201967;0.384139;0.0786307;0.215328;0.0194256;0.207745;0.713347;0.985499;0.636849;0.83317;0;1;
21;-0.0691367;-0.00103191;-0.0249747;0.0894251;-0.0760852;0.0522399;0.27733;0.143075;0.295443;-0.00909366;0.229123;-0.014006;-0.0139707;0.399476;0.0552269;0.229984;0.0113438;0.189368;1;1;0.145603;0.802847;0;1;
22;-0.0765908;-0.010157;0.0173908;0.0293583;-0.0124576;-0.00237401;0.278352;0.144863;0.277557;-0.00930445;0.238826;-0.0284394;-0.0197547;0.404816;0.0322521;0.233945;0.00662426;0.16147;1;0.581045;0.156956;0.831809;0;1;
23;-0.0862772;-0.0373034;0.092808;-0.0456624;0.0753759;-0.0840474;0.288538;0.136431;0.261554;-0.000896022;0.22438;-0.0542785;-0.0291961;0.371769;0.0188349;0.22652;0.00386767;0.137755;1;0;0;0.829373;0;1;
24;-0.0236345;-0.0231356;0.171453;-0.110526;0.161271;-0.166343;0.26952;0.112969;0.241447;0.0181471;0.196286;-0.104928;-0.0204581;0.352915;0.0109989;0.2147;0.00225824;0.0791712;1;0.747587;0;0.863373;0;1;
25;0.0160674;-0.0588067;0.229401;-0.147594;0.223455;-0.22642;0.237668;0.0869479;0.214249;0.0466982;0.186714;-0.117901;-0.00525893;0.275908;0.00642276;0.201191;0.00131832;0.0401537;1;0.349578;0;0.856745;0;1;
26;0.0189111;-0.0984802;0.265164;-0.173973;0.261691;-0.263423;0.197134;0.075271;0.179455;0.0775082;0.163375;-0.0991235;0.0139968;0.211934;0.00375035;0.19602;0.000769451;0.0212591;1;0.304203;0;0.826904;0;1;
27;0.105544;-0.0996904;0.28485;-0.17646;0.282821;-0.285496;0.171841;0.0812252;0.135263;0.0815647;0.125875;-0.110672;0.0681484;0.144033;0.00218978;0.162927;0.0117159;-0.0852992;1;0.192242;0;0.674244;0.410323;1;
28;0.153986;-0.179445;0.293531;-0.199459;0.26936;-0.296455;0.118081;0.0548074;0.0770699;0.097402;0.0811129;-0.0909691;0.0792224;0.0841181;0.00127836;0.11073;0.0950443;-0.125031;1;0.0314784;0;0.322618;0.703212;1;
29;0.176613;-0.226907;0.326878;-0.235974;0.217619;-0.306312;0.0246993;0.0679488;0.000728374;0.136514;0.0728083;-0.00885907;0.0692389;0.0491216;0.0101109;0.0646691;0.20265;-0.148134;1;0;0.205582;0.287621;0.611025;1;
30;0.147358;-0.245325;0.304995;-0.25062;0.19926;-0.291696;-0.0529164;0.124753;-0.0846417;0.166072;0.069406;0.0772834;0.109784;0.0286866;0.0161084;0.0377691;0.268437;-0.156903;1;0;1;0.695462;0.85014;1;
31;0.164325;-0.240926;0.282791;-0.244019;0.111487;-0.268008;-0.0825082;0.179214;-0.0779988;0.203343;0.0383974;0.15149;0.152501;0.0167525;0.120412;0.0220567;0.22083;-0.0977576;0.773762;0;1;0;1;0;
32;0.10946;-0.218701;0.246769;-0.220506;0.127443;-0.234515;-0.0886395;0.216721;-0.12295;0.230813;0.0490988;0.200531;0.149874;0.00978278;0.0900233;0.0128807;0.241836;-0.0570904;0.343546;0;1;0;1;0;
33;0.0652509;-0.181894;0.198292;-0.182948;0.0515374;-0.19113;-0.106553;0.238864;-0.134375;0.247093;0.0531188;0.229409;0.133861;0.00571269;0.0839305;0.00752157;0.244986;-0.0333412;0.904888;0;1;0;1;0;
34;0.0130235;-0.129461;0.139043;-0.130076;0.011315;-0.134854;-0.0792231;0.250217;-0.119137;0.255024;0.0295425;0.244696;0.144436;0.00333551;0.0925012;0.00439211;0.218845;-0.0194714;0.795902;0;1;0;1;0;
35;-0.0645119;-0.0565733;0.0621775;-0.0569324;-0.0124271;-0.0597227;-0.081467;0.249877;-0.154414;0.249911;0.0503612;0.249874;0.132315;0.00194735;0.0575227;0.00256447;0.233949;-0.0113717;0.945356;0;1;0;1;0;
36;-0.134833;0.0374427;-0.0341522;0.0372331;-0.0777394;0.0356035;-0.0525009;0.233536;-0.139315;0.232847;0.0343034;0.230138;0.156383;0.00113671;0.065571;0.00149711;0.211205;-0.00664155;0.987294;0;1;0;1;0;
37;-0.210944;0.133098;-0.131155;0.132975;-0.156628;0.132024;-0.0345316;0.203565;-0.135744;0.209578;0.0557062;0.204499;0.142736;0.000663164;0.0525273;0.000873918;0.211243;-0.00387903;1;0;1;0;1;0;
38;-0.269744;0.205541;-0.204387;0.205469;-0.219277;0.204913;0.00471886;0.194287;-0.107504;0.20036;0.0641327;0.197391;0.149263;0.000386868;0.0484076;0.00200606;0.189907;-0.00226583;1;0;1;0.289486;1;0;
39;-0.289652;0.251259;-0.234547;0.220561;-0.219875;0.250892;0.0399377;0.173414;-0.0803242;0.178299;0.0552343;0.175227;0.161096;0.000225387;0.028274;-0.0245064;0.170096;-0.0013236;0.922602;0;1;0.643535;1;0;
40;-0.28848;0.27726;-0.230866;0.213182;-0.23953;0.277046;0.0710991;0.138998;-0.0309459;0.142542;0.0591558;0.140056;0.152148;0.000131184;0.0015587;-0.0143101;0.135306;-0.000773414;0.704379;0;1;0.80196;1;0;
41;-0.290505;0.277271;-0.235964;0.209583;-0.247891;0.28993;0.0903602;0.0892347;0.00172438;0.0944033;0.0917403;0.0898445;0.116042;0.0584773;-0.0281907;0.0334104;0.0920832;-0.000452096;0.279655;0.576021;1;0.928205;0.710454;0;
42;-0.293485;0.235199;-0.261629;0.216828;-0.256019;0.293149;0.0847002;0.0669683;0.0329396;0.0259634;0.0914138;0.0205383;0.0677676;0.123141;-0.0325014;0.0516105;0.0537783;0.0132332;0;0.421483;1;0.943607;0.373265;0.629933;
43;-0.287331;0.207013;-0.264547;0.210294;-0.265452;0.292005;0.124762;0.0572033;0.0945309;-0.0524604;0.128682;-0.063291;0.0395754;0.191397;-0.0437084;0.0887771;0.0314058;0.0572956;0;0.912243;1;0.734766;0;1;
44;-0.270175;0.164285;-0.25687;0.200257;-0.257397;0.272905;0.175455;0.0498431;0.1578;-0.101884;0.177745;-0.101538;0.0231113;0.217578;-0.02618;0.114885;0.0183406;0.0787637;0;1;0.262547;0.598579;0;1;
45;-0.241557;0.134908;-0.233787;0.168251;-0.234095;0.24315;0.2138;0.0334518;0.20349;-0.111287;0.215137;-0.114248;0.0134965;0.222212;-0.0152893;0.124073;0.0107102;0.0936871;0;1;0;0.601786;0;1;
46;-0.20234;0.0883819;-0.197803;0.125711;-0.197983;0.203268;0.23734;0.0357184;0.231319;-0.122572;0.238121;-0.129268;0.00788138;0.228211;-0.00892935;0.109574;0.00625415;0.0838251;0;1;0;0.667956;0;1;
47;-0.150887;0.0247233;-0.148237;0.0847358;-0.148342;0.151431;0.249889;0.0217038;0.246373;-0.11693;0.250345;-0.117721;0.00460218;0.207702;-0.00521516;0.112121;0.00365181;0.0970548;0;1;0;0.658733;0;1;
48;-0.0819967;0.00831385;-0.0804491;0.0206021;-0.0805111;0.0823257;0.249859;0.0197421;0.249678;-0.102923;0.24956;-0.13328;0.0026872;0.206456;-0.00304603;0.112345;0.00213201;0.0795987;0;1;0;0.671968;0;0.953233;
49;0.00834837;-0.0513805;0.00925208;-0.0556735;0.00921589;-0.00813746;0.236573;0.025213;0.239536;-0.0931743;0.237223;-0.137487;0.00156878;0.196581;-0.00177941;0.112396;0.00124452;0.0694917;0;1;0;0.703485;0;1;
50;0.10733;-0.132458;0.107858;-0.138937;0.107837;-0.107185;0.21899;0.030277;0.213146;-0.0682773;0.214666;-0.124898;0.000915737;0.179888;-0.00103961;0.114032;0.000726187;0.0697063;0;1;0;0.75519;0;0.861596;
51;0.18785;-0.202518;0.188158;-0.212361;0.188146;-0.187744;0.210258;0.0487134;0.205764;-0.0423442;0.205282;-0.10816;0.000534354;0.167336;-0.000607551;0.107214;0.000423565;0.0618892;0;1;0;0.815062;0;0.794604;
52;0.240615;-0.249174;0.240795;-0.26146;0.240788;-0.240538;0.188032;0.061651;0.185407;-0.000849076;0.185125;-0.0774429;0.000311631;0.142025;-0.000355237;0.100854;0.00024681;0.0502178;0;1;0;0.922423;0;0.60526;
53;0.268766;-0.255651;0.271544;-0.284945;0.27154;-0.269409;0.154233;0.0620094;0.152699;0.039366;0.152534;-0.0469692;-0.0103411;0.112307;-0.000207846;0.107081;0.00014365;0.0293322;0.811148;1;0;0.851234;0;0.867222;
54;0.251421;-0.276728;0.287527;-0.286536;0.286448;-0.265004;0.107274;0.0806334;0.10637;0.0589226;0.106279;-0.0196938;0.0389848;0.0822304;-0.000121759;0.0883794;0.0323386;0.0171252;1;0.927703;0;0.538189;0.555444;1;
55;0.264719;-0.282194;0.300683;-0.291731;0.257534;-0.277783;0.0471258;0.0761193;0.0421634;0.0842163;0.0832002;0.0112853;0.0585207;0.048027;0.0433248;0.0516177;0.0965998;0.00780378;1;0.414182;0.921575;0.258674;0.899225;1;
56;0.254796;-0.286042;0.294125;-0.288979;0.218802;-0.290147;-0.036606;0.108596;-0.0325536;0.113325;0.0733783;0.0707365;0.0923205;0.0280471;0.0684217;0.0301442;0.164243;0.00318281;0.962096;0;1;0.0628455;1;0.45205;
57;0.222166;-0.273753;0.267449;-0.275468;0.181604;-0.27615;-0.0944301;0.160765;-0.100023;0.163527;0.0639715;0.138655;0.103555;0.0163791;0.074897;0.0176036;0.226625;0.00185837;0.789944;0;1;0;0.960641;0;
58;0.183912;-0.24915;0.228859;-0.250152;0.145797;-0.25055;-0.115496;0.203972;-0.120426;0.205585;0.0495232;0.19106;0.118921;0.00956488;0.085899;0.0102799;0.23601;0.00108479;1;0;1;0;1;0;
59;0.162625;-0.213428;0.201573;-0.214013;0.0999436;-0.214245;-0.119251;0.231627;-0.113515;0.232569;0.0368056;0.224086;0.117083;0.00558526;0.0976875;0.00600294;0.228137;0.00063311;1;0;1;0;1;0;
60;0.129762;-0.166057;0.159137;-0.166399;0.0441583;-0.166535;-0.127549;0.24702;-0.120381;0.24757;0.0373216;0.242616;0.101243;0.00326121;0.0949755;0.00350517;0.23063;0.000369223;1;0;1;0;1;0;
61;0.0746466;-0.102806;0.0987751;-0.103005;0.0245062;-0.103085;-0.111415;0.253529;-0.119908;0.254166;0.0271576;0.251273;0.111542;0.00190397;0.0887763;0.00204647;0.21446;0.000215102;1;0;1;0;1;0;
62;0.00180354;-0.0182647;0.0159265;-0.0183809;-0.0274648;-0.0184273;-0.104277;0.239281;-0.130509;0.243235;0.030603;0.241698;0.105841;0.00111129;0.0809678;0.00119466;0.210012;0.000125147;1;0;1;0;1;0;
63;-0.0906068;0.0809779;-0.0823266;0.08091;-0.107681;0.0808828;-0.0851142;0.221833;-0.120392;0.221693;0.0358282;0.223212;0.100951;0.000648464;0.0758188;0.000697147;0.197201;7.25473e-05;1;0;1;0;1;0;
64;-0.174179;0.168544;-0.169318;0.168504;-0.184133;0.168488;-0.0539497;0.187252;-0.100146;0.200672;0.0409028;0.208377;0.0984209;0.000378204;0.0758657;0.000406817;0.186017;4.1988e-05;1;0;0.998983;0;1;0;
65;-0.231941;0.228645;-0.229089;0.228622;-0.237742;0.228613;-0.0249137;0.179624;-0.0766364;0.187461;0.0668674;0.191961;0.0889845;0.000220317;0.0636478;0.000237054;0.160627;2.40264e-05;1;0;0.975833;0;1;0;
66;-0.266621;0.264709;-0.264966;0.261904;-0.26859;0.26469;0.0150751;0.155541;-0.0448857;0.160118;0.0792866;0.162745;0.0837195;0.0001282;0.0500534;-0.000553822;0.129978;1.35796e-05;1;0;0.961132;0.169632;1;0;
67;-0.281428;0.284227;-0.284375;0.278211;-0.28132;0.284058;0.0612266;0.116391;-0.00149643;0.119066;0.0777786;0.120598;0.0863128;7.44657e-05;0.0292339;-0.00705118;0.0927456;0.00345124;1;0;0.899968;0.582356;1;0.140339;
68;-0.272443;0.285647;-0.272894;0.283258;-0.290726;0.29065;0.0986874;0.0806574;0.0351971;0.0608885;0.0773215;0.0617843;0.0674603;0.0655728;0.0170697;0.035298;0.0602;0.0434306;0.803649;0.823395;0.930398;0.734776;0.47267;0.775136;
69;-0.279979;0.238016;-0.282777;0.262883;-0.292866;0.270887;0.110003;0.0577261;0.0726554;-0.0165293;0.097254;-0.00221781;0.0393977;0.128621;0.0110314;0.0707385;0.035156;0.0652981;0.724412;1;0.498691;0.530181;0;1;
70;-0.274104;0.189232;-0.275738;0.219641;-0.28163;0.232514;0.154627;0.0494869;0.132816;-0.0918737;0.147181;-0.0892322;0.0230076;0.192904;0.00644197;0.0946639;0.0205306;0.0840265;0;1;0;0.718822;0;1;
71;-0.254584;0.159935;-0.255539;0.182448;-0.258979;0.199949;0.198407;0.0400134;0.185669;-0.119624;0.194058;-0.124042;0.0134358;0.225002;0.00376157;0.097735;0.0119894;0.0848449;0;0.922511;0;0.887723;0;1;
72;-0.22288;0.117297;-0.223437;0.144504;-0.225447;0.159885;0.228192;0.0167171;0.220753;-0.116968;0.225652;-0.113168;0.007846;0.206674;0.00219633;0.111981;0.00700114;0.105343;0;1;0;0.738503;0;1;
73;-0.179586;0.0681914;-0.179911;0.128385;-0.181085;0.142792;0.245384;0.0287819;0.24104;-0.138645;0.243901;-0.121097;0.00458156;0.217588;0.00128223;0.0904936;0.00408799;0.0936941;0;1;0;0.850019;0;1;
74;-0.121674;0.0533119;-0.121864;0.0900519;-0.12255;0.100191;0.25362;0.0168201;0.251083;-0.12501;0.252754;-0.117157;0.00267506;0.201572;0.000748271;0.101361;0.00238681;0.0941332;0;1;0;0.925406;0;1;
75;-0.0434301;0.00350479;-0.0435411;0.0249509;-0.0439416;0.0308954;0.246489;0.0151764;0.245616;-0.116403;0.24341;-0.120743;0.00156181;0.192154;0.000436582;0.096552;0.0013932;0.0897441;0;1;0;0.952694;0;1;
76;0.0537216;-0.0770355;0.0536567;-0.0645281;0.053423;-0.0610263;0.229597;0.0236812;0.230426;-0.108283;0.230068;-0.12015;0.000911582;0.187979;0.000254446;0.0842767;0.000813077;0.0815786;0;1;0;1;0;1;
77;0.147084;-0.160692;0.147046;-0.153411;0.146909;-0.151333;0.214386;0.0209477;0.219476;-0.0727817;0.195751;-0.0941295;0.000532023;0.16902;0.000148214;0.0873553;0.00047436;0.086125;0;1;0;1;0;1;
78;0.214871;-0.222809;0.214849;-0.218582;0.21477;-0.217337;0.20026;0.044884;0.203233;-0.0483174;0.188325;-0.0733509;0.000310346;0.152172;8.61001e-05;0.0760815;0.000276402;0.0739198;0.105618;1;0;1;0;1;
79;0.251251;-0.237056;0.256746;-0.258959;0.256699;-0.257766;0.173409;0.0425168;0.175144;-0.00996757;0.166438;-0.0413602;-0.0197267;0.123559;4.98858e-05;0.0934797;0.000160885;0.0548479;0.710574;0.899332;0;0.933201;0;1;
80;0.241001;-0.26136;0.280156;-0.281241;0.280129;-0.280331;0.134488;0.047353;0.135497;0.0289899;0.130413;-0.00103209;-0.0116976;0.0966837;2.87217e-05;0.085786;9.35271e-05;0.0320351;1;0.789259;0;0.662934;0;1;
81;0.232761;-0.280081;0.291164;-0.283638;0.290224;-0.274024;0.080404;0.0527629;0.0809827;0.0707458;0.0780156;0.0465199;0.017275;0.0564714;1.64648e-05;0.0719528;0.0194597;0.0126074;1;0.549458;0;0.416401;0.284522;1;
82;0.249609;-0.286033;0.306849;-0.287958;0.261937;-0.282573;0.00726393;0.0705203;0.00758987;0.0890293;0.0455817;0.0998115;0.0528884;0.0329779;0.0323987;0.0420206;0.0995753;-0.0216898;1;0;1;0.202114;0.612604;1;
83;0.233851;-0.281062;0.293277;-0.282186;0.223987;-0.293088;-0.0707821;0.122838;-0.0742522;0.133647;0.0275517;0.139949;0.0951115;0.0192586;0.0766825;0.0245394;0.163328;-0.0122302;0.941011;0;1;0;1;0.889989;
84;0.209695;-0.263577;0.270705;-0.264233;0.162765;-0.2706;-0.129686;0.176863;-0.126082;0.183176;0.035591;0.186856;0.0868751;0.0112466;0.0664061;0.0143304;0.210648;-0.00714236;0.802568;0;1;0;1;0.748424;
85;0.181097;-0.23409;0.238247;-0.234473;0.146719;-0.238191;-0.128676;0.21513;-0.128584;0.218817;0.0150296;0.220966;0.105837;0.00656751;0.0803822;0.00836834;0.204469;-0.00417166;0.839289;0;1;0;1;0;
86;0.154318;-0.193555;0.195984;-0.193779;0.0658506;-0.19595;-0.138337;0.238018;-0.120272;0.240171;0.00645472;0.241426;0.0936831;0.00383476;0.0910834;0.00488668;0.193919;-0.00243662;0.768425;0;1;0;1;0;
87;0.10244;-0.139866;0.141291;-0.139996;0.0222063;-0.141264;-0.139975;0.249942;-0.132275;0.251199;0.00805637;0.251932;0.0834887;0.00223894;0.0812574;0.00285319;0.19491;-0.00142349;0.961263;0;1;0;1;0;
88;0.0365906;-0.0675162;0.0683624;-0.0675921;-0.000899062;-0.0683327;-0.12093;0.248851;-0.133848;0.247667;-0.00154639;0.247035;0.0989226;0.00130693;0.0779921;0.00166576;0.175016;-0.000831818;0.940784;0;1;0;1;0;
89;-0.045305;0.0258632;-0.0253498;0.025819;-0.0658176;0.0253864;-0.112261;0.233927;-0.140856;0.237146;0.00618399;0.235784;0.0897658;0.000762635;0.0663229;0.000972342;0.172652;-0.000486244;1;0;1;0;1;0;
90;-0.134717;0.123343;-0.123023;0.123317;-0.146673;0.123065;-0.0865736;0.206129;-0.126478;0.205583;0.0139405;0.209856;0.0913965;0.000444818;0.0678895;0.000567334;0.15193;-0.000284454;1;0;1;0;1;0;
91;-0.205656;0.198996;-0.198792;0.198981;-0.212614;0.198833;-0.0557148;0.172836;-0.104462;0.195943;0.0253023;0.202172;0.087753;0.000259419;0.0620283;0.000330958;0.137254;-0.000166529;1;0;1;0;1;0;
92;-0.251762;0.247358;-0.246985;0.243618;-0.254822;0.247263;-0.0132272;0.16287;-0.0676686;0.176366;0.0310223;0.180002;0.0881118;0.000150902;0.0478331;-0.00476905;0.110953;-9.77138e-05;1;0;1;0.362427;1;0;
93;-0.27733;0.275142;-0.27492;0.251044;-0.262035;0.275087;0.0238332;0.13537;-0.040181;0.143255;0.0334989;0.145375;0.0886607;8.76957e-05;0.027937;-0.00965134;0.0865135;-5.74773e-05;1;0;1;0.766317;1;0;
94;-0.286876;0.289132;-0.284644;0.246313;-0.281045;0.289099;0.0624445;0.0905729;0.0164888;0.0951867;0.0449163;0.0964157;0.0752975;0.00354006;-0.0160434;0.0142263;0.0505338;-3.39553e-05;0.774111;0.084152;1;1;0.692532;0;
95;-0.2918;0.268957;-0.287567;0.257071;-0.288018;0.304079;0.078155;0.0464602;0.0386058;0.0281463;0.0527946;0.0288552;0.0439749;0.0969745;-0.014127;0.0485895;0.0295102;0.0403597;0.153063;0.772601;1;1;0;0.887067;
96;-0.287383;0.232226;-0.293087;0.244393;-0.285446;0.294622;0.116965;0.0413832;0.0938726;-0.0533494;0.102154;-0.0544561;0.0256807;0.157017;-0.010546;0.0862434;0.0172335;0.0722935;0;1;1;0.924584;0;1;
97;-0.27185;0.173714;-0.275181;0.225764;-0.270718;0.275708;0.169154;0.0442993;0.155669;-0.119351;0.160504;-0.109637;0.014997;0.209784;-0.0064885;0.0892644;0.010064;0.0705291;0;1;0.393651;0.673537;0;1;
98;-0.244595;0.156365;-0.246541;0.19614;-0.243935;0.244127;0.20973;0.0250324;0.201855;-0.126421;0.204679;-0.120849;0.00875761;0.212562;-0.00378972;0.108141;0.00587686;0.0846095;0;1;0;0.751634;0;1;
