1;-0.000363587;0.000116064;9.94837e-05;-0.000363587;0.000116064;9.94837e-05;0.0349769;0.0347456;0.0352595;0.0349769;0.0347456;0.0352595;0.808667;0.808665;0.808666;0.808667;0.808665;0.808666;0;0;0;0;0;0;
2;0.0135565;4.1949e-05;0.000398094;0.0124874;-0.00233465;-0.00238509;0.0743654;0.0886042;0.0852676;0.127073;0.109438;0.10585;0.472351;0.472338;0.47234;0.472344;0.472294;0.472295;1;1;1;1;1;1;
3;0.00783608;-0.0118774;-0.00505724;0.00686076;-0.00171633;-0.00173214;0.05942;0.0655282;0.0640459;0.103679;0.0639979;0.0617317;0.275864;0.275853;0.275857;0.27586;0.275826;0.275825;0;0.755389;0.345244;0.44735;0;0;
4;0.00468867;-0.0109277;-0.00428647;0.00234876;-0.000251219;-0.00042228;0.133632;0.150854;0.147316;0.183624;0.160209;0.154989;0.16113;0.161117;0.161125;0.179174;0.161097;0.161106;0.50066;1;0.923926;0.401513;1;0.612403;
5;0.00430127;-0.00773252;-0.00157726;-0.000283521;-0.0006969;-0.000808373;0.149916;0.175636;0.165127;0.17112;0.158233;0.146668;0.150382;0.142493;0.153087;0.17907;0.146582;0.152334;0.510493;1;0.957713;0.465149;1;0.66398;
6;0.00408398;-0.00605115;-9.6464e-05;-0.00117103;-1.501e-05;-0.00025254;0.153019;0.180839;0.168017;0.165884;0.154047;0.141903;0.15375;0.144682;0.158111;0.173618;0.141177;0.145816;0.512442;1;0.957171;0.467194;1;0.674675;
7;0.00338309;-0.0060502;-6.10105e-05;-0.0018781;2.29261e-05;-0.000260436;0.151027;0.180646;0.165932;0.166996;0.155183;0.143157;0.151417;0.140886;0.156016;0.17269;0.141732;0.144943;0.52685;1;0.983853;0.456407;1;0.647224;
8;0.00330091;-0.00619301;-0.000160676;-0.00201064;-0.000136957;-0.000395794;0.147616;0.178085;0.162092;0.16915;0.156724;0.145289;0.148308;0.137379;0.153526;0.173205;0.144278;0.145627;0.542339;1;1;0.448677;1;0.635048;
9;0.00319355;-0.00622061;-0.000214094;-0.0020025;-0.000114914;-0.00032528;0.144895;0.176907;0.159306;0.169657;0.156428;0.146013;0.148333;0.136164;0.153641;0.171708;0.145173;0.144263;0.550818;1;1;0.44404;1;0.626113;
10;0.00279806;-0.00650284;-0.000561115;-0.00170203;0.000162336;-3.18264e-05;0.142566;0.176921;0.156975;0.170306;0.155467;0.146798;0.149811;0.135154;0.154501;0.168104;0.145289;0.141523;0.563009;0.964098;1;0.439009;0.998497;0.588;
11;0.00170191;-0.00748507;-0.00164731;-0.00105284;0.000637444;0.000595664;0.139556;0.176703;0.154643;0.171773;0.155236;0.148653;0.151357;0.133123;0.153416;0.164313;0.145835;0.139422;0.574027;0.925011;1;0.432096;0.989181;0.539112;
12;0.000206286;-0.00864277;-0.00310396;0.000752184;0.00229787;0.00242008;0.136265;0.175989;0.152247;0.173364;0.155369;0.149822;0.153246;0.130873;0.150634;0.160453;0.14672;0.139946;0.576965;0.889219;1;0.433542;0.97228;0.487857;
13;-0.00295646;-0.0112934;-0.00616259;0.00296681;0.00418706;0.00467833;0.135453;0.175302;0.150488;0.172736;0.154444;0.149995;0.154245;0.129742;0.147002;0.157246;0.147599;0.141756;0.549468;0.876775;1;0.467738;0.938691;0.286182;
14;-0.0065732;-0.0138809;-0.0095908;0.00631826;0.0071105;0.0081441;0.13746;0.173904;0.150569;0.170019;0.153042;0.147696;0.154802;0.131727;0.142691;0.153672;0.146672;0.145146;0.481592;0.909228;1;0.526639;0.89246;0.130583;
15;-0.0104719;-0.0160429;-0.0131356;0.0112994;0.011525;0.0133404;0.145408;0.171103;0.156121;0.16133;0.152713;0.140616;0.152758;0.138683;0.134484;0.15311;0.140893;0.15169;0.154934;0.974485;1;0.620274;0.813996;0.154336;
16;-0.0297995;-0.024952;-0.022991;0.0338138;0.0387728;0.0379422;0.127361;0.160259;0.177142;0.123285;0.144187;0.129178;0.100994;0.185039;0.119849;0.140174;0.114619;0.154681;0.534697;0.540316;1;0.577535;0.706425;1;
17;-0.0674006;-0.0123854;-0.0140122;0.0713965;0.00161587;0.073779;0.14396;0.148112;0.206197;0.0872777;0.132535;0.109606;0.0661126;0.233636;0.102787;0.133781;0.0669452;0.161158;0.510438;0.661522;1;0.620027;0.466629;1;
18;-0.104709;0.00320616;-0.00199431;0.108388;-0.0657953;0.109508;0.16437;0.14091;0.243622;0.039504;0.138513;0.0724653;0.0386117;0.271699;0.0749757;0.153689;0.0390953;0.194606;0.570466;0.894447;0.989272;0.666413;0;1;
19;-0.121906;-0.0141223;-0.0182668;0.122671;-0.0991814;0.119597;0.183778;0.137983;0.283185;-0.0138659;0.168674;0.0324127;0.0225504;0.324213;0.0620951;0.159305;0.022831;0.210921;0.598151;0.986827;0.843821;0.597109;0;1;
20;-0.113985;0.0272297;-0.042977;0.0662151;-0.109559;0.070863;0.211029;0.129664;0.280492;-0.0246774;0.200629;-0.018176;0.0131714;0.354918;0.0362696;0.195274;0.0133326;0.180982;0.699349;1;0.611526;0.496107;0;1;
21;-0.078789;0.0235754;-0.0418612;0.0492013;-0.0762045;0.0532134;0.229566;0.134448;0.27272;-0.0230921;0.223489;-0.0330924;0.00805947;0.348487;0.0211831;0.193284;0.00778572;0.182337;0.59728;1;0.725727;0.679454;0;1;
22;-0.0140365;-0.004122;-0.00111523;-0.00324316;-0.0125272;-0.000899673;0.239087;0.13348;0.272005;-0.0206818;0.235535;-0.0443035;0.00470759;0.352595;0.0154908;0.191878;0.00454621;0.171134;0.502438;1;0.627214;0.656355;0;1;
23;-0.0187799;-0.0152852;0.0820006;-0.0828114;0.0753353;-0.0831885;0.24405;0.13324;0.258314;-0.00969116;0.228563;-0.0574568;-0.0188108;0.364866;0.00904784;0.200427;0.00265442;0.133748;1;0.88664;0.586006;0.588476;0;1;
24;-0.0343203;-0.0386299;0.165141;-0.149551;0.161248;-0.165839;0.231228;0.126736;0.239557;0.015628;0.212196;-0.0483419;-0.0325118;0.362058;0.00528475;0.20986;0.0015497;0.10911;1;0.578269;0.643158;0.477293;0;1;
25;-0.0217536;-0.0511833;0.225714;-0.193456;0.223442;-0.226117;0.213331;0.118234;0.213147;0.0474976;0.197166;-0.0423171;-0.0355896;0.320013;0.024122;0.208627;0.000904358;0.0771885;1;0;0.854663;0.390425;0;1;
26;0.0496786;-0.0541029;0.263011;-0.210331;0.261683;-0.263237;0.192446;0.103008;0.178813;0.0659912;0.169479;-0.0753485;-0.0207831;0.259881;0.0289175;0.182633;0.000527765;0.0294107;1;0.604509;0;0.365929;0;1;
27;0.0528293;-0.0962369;0.283592;-0.218359;0.282817;-0.273179;0.145846;0.106933;0.134887;0.0944618;0.129437;-0.0303642;0.0159899;0.186054;0.0168871;0.168468;0.000308031;-0.0211439;1;0.232797;0;0.435738;0.088698;1;
28;0.0854825;-0.131284;0.324735;-0.227305;0.275886;-0.26208;0.0838715;0.0972545;0.0768568;0.120152;0.0979616;0.0109553;0.0333397;0.108674;0.0692606;0.119831;0.0906994;-0.0463849;1;0.0754678;0.0746781;0.205836;0.470387;1;
29;0.11593;-0.198782;0.358255;-0.254858;0.247275;-0.265543;0.0047129;0.0974416;0.0168265;0.120909;0.0805891;0.050678;0.04703;0.0634647;0.106401;0.0699822;0.179574;-0.0495444;1;0;0.68601;0.336939;0.158608;1;
30;0.083578;-0.2289;0.334802;-0.261648;0.2055;-0.282429;-0.0746292;0.141977;-0.0571532;0.155685;0.0694894;0.114663;0.0902456;0.0370627;0.113912;0.0408706;0.241783;-0.0477983;1;0;1;0.392464;0.749469;1;
31;0.0892513;-0.231738;0.321002;-0.250459;0.148557;-0.263678;-0.101202;0.189272;-0.0476244;0.197277;0.0511118;0.173322;0.1156;0.021644;0.150959;0.0238677;0.228597;-0.0303701;1;0;1;0;1;0.457312;
32;0.0488387;-0.213334;0.287192;-0.224267;0.124927;-0.231986;-0.109278;0.222595;-0.0665485;0.22727;0.0429962;0.21328;0.127823;0.0126393;0.151723;0.0139383;0.230891;-0.0177362;0.845919;0;1;0;1;0;
33;-0.0247841;-0.17876;0.223732;-0.185144;0.0695277;-0.189653;-0.114626;0.242294;-0.099112;0.245025;0.0488422;0.236855;0.116539;0.00738076;0.132657;0.00813934;0.23706;-0.0103584;1;0;1;0;1;0;
34;-0.0838176;-0.12763;0.157015;-0.131359;0.0122366;-0.133992;-0.0906361;0.252221;-0.083691;0.253815;0.0284268;0.249044;0.127024;0.00430968;0.131383;0.00475285;0.215725;-0.00604965;1;0;1;0;1;0;
35;-0.172878;-0.0555043;0.07268;-0.057681;-0.0118863;-0.0592186;-0.0790588;0.24951;-0.118602;0.245359;0.0395267;0.245704;0.124085;0.00251622;0.0982709;0.00277522;0.230679;-0.00353337;1;0;1;0;1;0;
36;-0.261165;0.0380673;-0.0280239;0.0367953;-0.0774214;0.0358982;-0.0525862;0.230882;-0.115502;0.229857;0.0392018;0.234047;0.146132;0.0014689;0.08944;0.00156931;0.216088;-0.00206402;1;0;1;0.274165;1;0;
37;-0.32861;0.133463;-0.127582;0.0773072;-0.0978922;0.132197;-0.0227092;0.208597;-0.113875;0.226033;0.0308407;0.208096;0.177248;0.000857138;0.0613216;-0.0259076;0.219472;-0.00120565;1;0;1;0.73004;0.821334;0;
38;-0.36553;0.205754;-0.182537;0.0577859;-0.128298;0.205014;0.0039374;0.199785;-0.0939385;0.210708;0.0395803;0.199492;0.174246;0.000500144;0.0358162;-0.0202053;0.207318;-0.000704631;0.934446;0;1;1;0.357651;0;
39;-0.349213;0.251383;-0.16737;0.0796209;-0.111768;0.250951;0.0274381;0.176624;-0.0670206;0.184655;0.0379586;0.176454;0.169286;0.000291527;0.0209191;-0.0232125;0.171282;-0.000411852;0.963418;0;1;1;0.226791;0;
40;-0.364051;0.277333;-0.193564;0.14353;-0.126663;0.277081;0.0572602;0.140873;-0.0556821;0.163664;0.0312174;0.140773;0.136575;0.000169774;-0.071461;-0.00356548;0.113533;-0.00024088;0.877568;0;1;1;0.0861039;0;
41;-0.371911;0.290097;-0.207732;0.21194;-0.202105;0.28995;0.0803426;0.0903241;-0.0873555;0.126084;0.0101755;0.0902631;0.103594;0.0155504;-0.107448;0.0501556;0.0663023;-0.000141021;0.789397;0.382264;1;1;0;0;
42;-0.344496;0.233746;-0.24452;0.206658;-0.24186;0.29316;0.0851239;0.0455413;-0.0190953;0.0417144;0.0378723;0.0207803;0.0604988;0.127122;-0.107707;0.0389836;0.0387196;-8.28361e-05;0.00375376;0;1;1;0;0;
43;-0.317121;0.201139;-0.255801;0.162528;-0.257182;0.292537;0.125009;0.0270082;0.064137;-0.0318068;0.0974142;-0.0631638;0.0353304;0.197044;-0.135639;0.072604;0.0226117;0.0086028;0;0.11061;1;1;0;0.25913;
44;-0.287572;0.189482;-0.237731;0.138452;-0.252568;0.275075;0.1756;0.0379659;0.140037;-0.0902608;0.159484;-0.139481;0.0206324;0.247381;-0.132543;0.0950094;0.0132049;0.0133058;0;0.626808;1;0.966436;0;0.843399;
45;-0.251717;0.179258;-0.226522;0.100634;-0.231275;0.244422;0.213884;0.0550677;0.183642;-0.118706;0.204473;-0.192788;0.0120486;0.262243;-0.09912;0.102842;0.00771118;0.0132162;0;1;0.896092;0.832287;0;1;
46;-0.208275;0.044153;-0.193561;0.108874;-0.196336;0.204019;0.237389;-0.00686404;0.219728;-0.103192;0.231893;-0.10791;0.00703583;0.181282;-0.0578869;0.133964;0.00450287;0.107043;0;1;0;0.539727;0;1;
47;-0.154352;0.0226364;-0.145759;0.0451054;-0.14738;0.151873;0.249918;0.00681065;0.239604;-0.106899;0.246708;-0.142976;0.00410847;0.198338;-0.0338058;0.115421;0.00262891;0.0832035;0;1;0;0.578945;0;1;
48;-0.0840203;0.00630382;-0.0790021;-0.0212645;-0.0799491;0.0825794;0.251363;0.0180722;0.24866;-0.102566;0.252653;-0.162122;0.00239867;0.201306;-0.019743;0.112185;0.00153483;0.0486031;0;1;0;0.722871;0;1;
49;0.00716652;-0.0525567;0.0100972;-0.0874221;0.00954416;-0.00799116;0.238386;0.00434155;0.238777;-0.0741881;0.235745;-0.151369;0.00140035;0.174322;-0.0115303;0.129099;0.000895731;0.0597112;0;1;0;0.681294;0;1;
50;0.10664;-0.133148;0.108351;-0.163905;0.108029;-0.1071;0.216765;0.0266452;0.217073;-0.0667536;0.217604;-0.151773;0.00081734;0.177384;-0.00673408;0.112089;0.000522524;0.0411272;0;1;0;0.81289;0;1;
51;0.187447;-0.202925;0.188446;-0.230394;0.188258;-0.187696;0.208959;0.0350935;0.209139;-0.030655;0.209449;-0.128268;0.000476804;0.155694;-0.00393316;0.114403;0.000304692;0.0420291;0;1;0;0.882421;0;1;
52;0.236066;-0.249416;0.240964;-0.275041;0.240854;-0.240512;0.187275;0.0418354;0.187378;0.00574928;0.187559;-0.0943813;-0.00315716;0.135054;-0.00229735;0.117473;0.000177393;0.0273914;0.592319;1;0;0.897846;0;1;
53;0.246707;-0.265608;0.271643;-0.293474;0.271578;-0.261943;0.153794;0.0436812;0.15385;0.0399423;0.153955;-0.0663369;0.00239466;0.109217;-0.00134207;0.117048;0.000103182;0.0159953;0.853278;1;0;0.688925;0;1;
54;0.249109;-0.277019;0.287401;-0.292827;0.287548;-0.259981;0.10702;0.0495896;0.107042;0.0795797;0.107104;-0.00600603;0.0235512;0.0694062;0.0010432;0.102674;0.00809283;-0.0313235;1;0.676161;0.20963;0.523897;0.061435;1;
55;0.249864;-0.2874;0.291459;-0.293926;0.268694;-0.263789;0.0471091;0.0400632;0.0425574;0.111742;0.070946;0.016456;0.0542299;0.0405337;0.0470563;0.0599711;0.0862047;-0.0238455;1;0.0846413;0.944675;0.155147;0.705004;1;
56;0.23856;-0.28648;0.280712;-0.290261;0.227245;-0.273083;-0.0366162;0.0875396;-0.0376988;0.129401;0.0579172;0.0737551;0.085146;0.0236711;0.0699479;0.0350233;0.161298;-0.018859;0.701574;0;1;0.347645;0.748469;0.765969;
57;0.207426;-0.274009;0.248037;-0.276217;0.173536;-0.266185;-0.0999676;0.148468;-0.0933844;0.172915;0.0511586;0.140418;0.103771;0.0138235;0.0779199;0.020453;0.207151;-0.0110139;0.723781;0;1;0;1;0;
58;0.160881;-0.249299;0.202749;-0.250589;0.143891;-0.24473;-0.116944;0.196791;-0.125158;0.211068;0.0372197;0.19209;0.118295;0.00807237;0.0948877;0.011944;0.217363;-0.00643251;0.697888;0;1;0;1;0;
59;0.135633;-0.213515;0.176101;-0.214268;0.0988176;-0.210846;-0.122299;0.227433;-0.118975;0.235771;0.0273177;0.224688;0.11041;0.00471363;0.0956844;0.00697477;0.216883;-0.00375696;0.758566;0;1;0;1;0;
60;0.107015;-0.166108;0.144258;-0.166548;0.0496017;-0.16455;-0.127491;0.24457;-0.118062;0.24944;0.0249926;0.242967;0.100616;0.00275212;0.0987988;0.00407274;0.212336;-0.00219448;0.799298;0;1;0;1;0;
61;0.0582606;-0.102836;0.0900817;-0.103092;0.0344364;-0.101925;-0.116053;0.252414;-0.123705;0.254883;0.0196384;0.251478;0.10795;0.0016066;0.0918993;0.00237798;0.201165;-0.00128202;0.855876;0;1;0;1;0;
62;-0.00917877;-0.0182818;0.0108473;-0.0184315;-0.0216654;-0.0177501;-0.109137;0.242032;-0.128947;0.24253;0.0219949;0.244347;0.103745;0.000937602;0.0868926;0.00138829;0.192498;-0.000749142;0.960722;0;1;0;1;0;
63;-0.0970223;0.080968;-0.0852923;0.0808805;-0.104295;0.0812783;-0.0888992;0.220556;-0.115647;0.223432;0.0242465;0.221909;0.0953173;0.000546965;0.0805218;0.000810306;0.183039;-0.000437959;1;0;1;0;1;0;
64;-0.17793;0.168538;-0.171048;0.160697;-0.180363;0.16872;-0.0566065;0.190274;-0.0924531;0.202271;0.0278592;0.18896;0.0938584;0.000318877;0.0789272;0.00047274;0.169582;-0.000256001;1;0;1;0.107263;1;0;
65;-0.233923;0.228642;-0.230104;0.197002;-0.193025;0.228748;-0.0194476;0.181389;-0.0690506;0.188396;0.0279706;0.180621;0.111085;0.000185623;0.0567647;-0.0289665;0.145575;-0.000149931;0.902424;0;1;0.570973;0.955039;0;
66;-0.266605;0.264707;-0.265557;0.180364;-0.217499;0.264769;0.00747119;0.156571;-0.041958;0.160667;0.0384999;0.156123;0.102835;0.000107939;0.0331559;-0.0169216;0.128709;-8.79606e-05;0.719103;0;1;0.803019;0.582323;0;
67;-0.270417;0.284226;-0.26942;0.180834;-0.23534;0.284262;0.051186;0.116993;0.00450242;0.119391;0.0371108;0.116731;0.100947;6.26109e-05;0.0193609;-0.0181577;0.0844853;-5.17449e-05;0.705662;0;1;1;0.441669;0;
68;-0.279976;0.288069;-0.272638;0.189567;-0.232259;0.292515;0.0772536;0.0596741;0.0595168;0.0676239;0.047972;0.0595154;0.0589643;0.0509538;-0.0388412;0.0190648;0.0493428;-3.05109e-05;0.30283;0.37211;1;1;0.261977;0;
69;-0.284379;0.256552;-0.280094;0.216403;-0.256226;0.323236;0.0972145;0.0262859;0.0883384;-0.0122581;0.0801127;-0.0173382;0.0344345;0.146456;-0.036486;0.0501767;0.0288137;0.0473664;0;0.363282;1;1;0;0.727981;
70;-0.276673;0.219809;-0.287187;0.18226;-0.261778;0.299375;0.147158;0.0248269;0.141979;-0.0839043;0.137171;-0.100497;0.020109;0.193675;-0.0213948;0.084928;0.0168269;0.0751526;0;0.813857;0.875736;1;0;1;
71;-0.256085;0.191448;-0.265489;0.156793;-0.247386;0.269345;0.194045;0.0245881;0.191024;-0.119084;0.188212;-0.132997;0.0117432;0.215465;-0.012493;0.101197;0.00982645;0.0658498;0;1;0.650027;0.788219;0;1;
72;-0.223756;0.0855304;-0.229247;0.136107;-0.218676;0.2315;0.225645;0.00955088;0.223881;-0.137873;0.222238;-0.115401;0.00685734;0.195773;-0.00729587;0.0947722;0.00573809;0.0959074;0;1;0;0.733235;0;1;
73;-0.180098;0.0941267;-0.183305;0.0792642;-0.177132;0.18462;0.243896;0.00888585;0.242866;-0.130706;0.241907;-0.14103;0.00400422;0.202522;-0.0042612;0.0989377;0.00335042;0.0747431;0;1;0;0.727821;0;1;
74;-0.121973;0.0717609;-0.123846;0.0161491;-0.120241;0.124616;0.252751;0.00558568;0.252149;-0.119894;0.251589;-0.149097;0.00233787;0.192323;-0.00248908;0.102742;0.0019561;0.0633615;0;1;0;0.807246;0;1;
75;-0.0436047;0.0142764;-0.0446986;-0.0489482;-0.0425931;0.0451575;0.248092;-0.000117144;0.246399;-0.107383;0.245441;-0.149337;0.00136484;0.174141;-0.00145409;0.109903;0.00114176;0.067695;0;1;0;0.801827;0;1;
76;0.0536195;-0.0707484;0.0529807;-0.129;0.0542105;-0.0526961;0.230729;0.00771237;0.2313;-0.0951875;0.226427;-0.145974;0.000796557;0.171277;-0.000849687;0.0977958;0.000666208;0.0560973;0;1;0;0.956785;0;1;
77;0.147024;-0.157024;0.146651;-0.209376;0.147369;-0.146467;0.201118;0.0169715;0.200362;-0.069222;0.200332;-0.129454;0.000464768;0.150074;-0.00049664;0.104925;0.000388507;0.0630932;0;1;0;0.896644;0;1;
78;0.214836;-0.220672;0.214618;-0.271715;0.215038;-0.214498;0.192511;0.0324527;0.19207;-0.0322861;0.192053;-0.102433;0.000270961;0.135474;-0.000290494;0.0915221;0.000226362;0.0491131;0;1;0;1;0;1;
79;0.251842;-0.253679;0.256611;-0.305974;0.256856;-0.256533;0.168885;0.0386806;0.168625;0.00312557;0.168615;-0.0679603;-0.00557567;0.113174;-0.000170094;0.0934426;0.00013177;0.0294576;0.598345;1;0;0.972978;0;1;
80;0.251142;-0.271591;0.280077;-0.31635;0.28022;-0.268663;0.131846;0.0401821;0.13169;0.0424583;0.131684;-0.031564;-0.00684669;0.0787417;-9.977e-05;0.0911038;7.65388e-05;0.0172021;1;0.930523;0;0.713889;0;1;
81;0.245953;-0.284386;0.291119;-0.315532;0.295408;-0.265802;0.083188;0.0546711;0.0787594;0.0719284;0.0787591;0.0240661;0.0365839;0.0459907;-5.86214e-05;0.0691317;0.020304;-0.0334052;1;0.699322;0;0.450327;0.438005;1;
82;0.259509;-0.288864;0.308025;-0.307052;0.258588;-0.278011;0.0088887;0.0689001;0.00629467;0.081714;0.044279;0.0538255;0.056597;0.0268561;0.0436181;0.0403726;0.114447;-0.0290834;1;0;1;0.183038;0.522682;1;
83;0.238686;-0.282715;0.292472;-0.293337;0.218574;-0.285684;-0.0759493;0.121891;-0.0779625;0.129375;0.0429471;0.11309;0.0949155;0.0156835;0.068291;0.023577;0.173758;-0.019424;0.952975;0;1;0;1;0.916549;
84;0.220004;-0.264543;0.269889;-0.270745;0.161327;-0.266276;-0.123495;0.17631;-0.116009;0.180681;0.037395;0.17117;0.0950442;0.00915872;0.0747905;0.0137684;0.211635;-0.011344;0.774321;0;1;0;1;0;
85;0.193911;-0.234654;0.237771;-0.238276;0.140604;-0.235666;-0.124916;0.214808;-0.120421;0.21736;0.0187756;0.211806;0.110841;0.00534813;0.0892767;0.0080402;0.206565;-0.00662525;0.837448;0;1;0;1;0;
86;0.16456;-0.193884;0.195707;-0.196;0.0654793;-0.194475;-0.136821;0.237829;-0.118873;0.23932;0.0141721;0.236076;0.0945072;0.00312266;0.0943185;0.00469502;0.202416;-0.00386951;0.843258;0;1;0;1;0;
87;0.114672;-0.140058;0.14113;-0.141293;0.0210486;-0.140403;-0.135356;0.249832;-0.123557;0.250702;0.0105063;0.248808;0.0905135;0.00182304;0.0907573;0.00274133;0.195805;-0.00226024;0.965631;0;1;0;1;0;
88;0.0472646;-0.0676286;0.0682688;-0.0683495;-0.00187542;-0.0678297;-0.120071;0.248113;-0.130451;0.248273;0.00482476;0.247742;0.100727;0.001064;0.0840303;0.00160047;0.181117;-0.00132042;0.981272;0;1;0;1;0;
89;-0.0377081;0.0257976;-0.0254057;0.0253767;-0.0663877;0.0256801;-0.108619;0.234504;-0.13374;0.236687;0.00976471;0.235669;0.0903227;0.000620767;0.0712576;0.000934217;0.178554;-0.000771587;1;0;1;0;1;0;
90;-0.130278;0.123305;-0.123058;0.123059;-0.147005;0.123236;-0.0827249;0.207016;-0.11735;0.207515;0.0176209;0.20471;0.0902497;0.000361948;0.0701778;0.000545124;0.158398;-0.000451075;1;0;1;0;1;0;
91;-0.203059;0.198974;-0.198815;0.19883;-0.212808;0.198933;-0.0507382;0.19035;-0.0960604;0.199403;0.0286352;0.195004;0.084356;0.000210885;0.0658747;0.000317964;0.145043;-0.000263768;1;0;1;0;1;0;
92;-0.249739;0.247345;-0.247243;0.243481;-0.254173;0.247322;-0.0162539;0.173098;-0.067132;0.178385;0.0435871;0.175816;0.0809085;0.000122592;0.0528115;-0.00216375;0.118965;-0.000154493;1;0;1;0.1035;1;0;
93;-0.27514;0.275135;-0.275073;0.260518;-0.268437;0.275121;0.0255978;0.141343;-0.0297774;0.144433;0.0445386;0.14293;0.0841568;7.11108e-05;0.0308474;-0.00907848;0.0873722;-9.05754e-05;1;0;1;0.507537;1;0;
94;-0.285687;0.288643;-0.284803;0.259848;-0.284533;0.289119;0.0677636;0.094062;0.00841357;0.0958736;0.0469875;0.0949881;0.07957;0.00939044;0.0180102;0.00451432;0.0510353;-5.32393e-05;0.86141;0.153599;1;0.83129;0.703853;0;
95;-0.291684;0.275661;-0.288924;0.261893;-0.290559;0.29457;0.0783026;0.0442924;0.0323746;0.0343291;0.0528511;0.0280194;0.0464695;0.089552;0.00521552;0.0551515;0.0298025;0.0353141;0.13568;0.890898;1;0.860579;0.299381;1;
96;-0.287315;0.231142;-0.297784;0.242079;-0.286659;0.277606;0.117051;0.0393102;0.0902342;-0.0512576;0.102187;-0.0549443;0.0271375;0.151942;0.0163218;0.0892659;0.0174042;0.0579694;0;1;0.854495;0.637841;0;1;
97;-0.27181;0.167595;-0.278156;0.224923;-0.271427;0.253606;0.169204;0.0379187;0.153544;-0.11767;0.160523;-0.114012;0.0158477;0.208021;0.00953199;0.0921059;0.0101637;0.064432;0;1;0.352805;0.459624;0;1;
98;-0.244572;0.15614;-0.248278;0.190174;-0.244348;0.222902;0.20976;0.0234993;0.200614;-0.124747;0.20469;-0.128635;0.00925439;0.211078;0.00556615;0.109284;0.00593514;0.0741079;0;1;0;0.546309;0;1;
