1;-0.000363587;0.000116064;9.94837e-05;-0.000363587;0.000116064;9.94837e-05;0.0349769;0.0347456;0.0352595;0.0349769;0.0347456;0.0352595;0.808667;0.808665;0.808666;0.808667;0.808665;0.808666;0;0;0;0;0;0;
2;-0.0106874;0.00518162;0.00471335;-0.00698638;0.00436513;0.00339028;0.139556;0.137655;0.119625;0.119659;0.121134;0.106422;0.472351;0.472351;0.472317;0.472362;0.47237;0.472355;1;1;1;1;1;1;
3;-0.00709694;0.00251597;0.00430657;-0.0106658;0.001565;0.00458756;0.0815815;0.0802979;0.0724488;0.071531;0.0725522;0.0700241;0.275854;0.27586;0.275839;0.275875;0.275875;0.275874;0;0;0;0;0.188939;1;
4;-0.00244771;0.00192754;0.00398325;-0.00922368;-0.000905952;0.00260984;0.108599;0.111898;0.103886;0.128723;0.132566;0.129846;0.161115;0.161114;0.161105;0.161122;0.161118;0.161123;0.759308;0.886631;0.711205;0.612357;1;1;
5;-7.62196e-05;0.001259;0.00337256;-0.00651215;-0.000767065;0.00267324;0.140456;0.14572;0.137193;0.141565;0.147661;0.145782;0.122026;0.119411;0.119685;0.138873;0.136215;0.138119;0.874845;0.880916;0.89053;0.648161;1;1;
6;0.00093755;0.00058881;0.00280516;-0.00573172;-0.00146105;0.00207081;0.139653;0.145757;0.137647;0.137288;0.143002;0.140892;0.127746;0.1243;0.12401;0.136154;0.133888;0.136921;0.873496;0.809973;0.856475;0.645449;0.97678;1;
7;0.00249324;0.00132588;0.0034342;-0.00479122;-0.00134655;0.00214838;0.141648;0.1486;0.140126;0.13573;0.139781;0.139363;0.130432;0.12644;0.126808;0.129935;0.129491;0.131216;0.904771;0.791799;0.88719;0.640346;1;1;
8;0.0034997;0.00186848;0.00389684;-0.00455113;-0.00167393;0.00186714;0.140941;0.149222;0.139931;0.136127;0.139025;0.140908;0.128534;0.123574;0.125531;0.129221;0.129814;0.129158;0.9221;0.780803;0.951459;0.639264;1;1;
9;0.00390192;0.002024;0.00398845;-0.00469619;-0.00227689;0.00136067;0.136403;0.146753;0.137005;0.138569;0.140022;0.142903;0.126719;0.119816;0.122834;0.130663;0.132719;0.130944;0.915808;0.752955;0.992774;0.635406;1;1;
10;0.00312332;0.00116026;0.00315344;-0.00544747;-0.00335375;0.000494049;0.133451;0.146181;0.133752;0.140245;0.139618;0.144312;0.126325;0.116822;0.123192;0.129709;0.134299;0.131058;0.919201;0.709613;1;0.639307;1;1;
11;0.00305122;0.00122879;0.00290892;-0.00313906;-0.00117556;0.00261508;0.13051;0.145675;0.131648;0.141201;0.137844;0.144812;0.129297;0.115888;0.122668;0.126264;0.13547;0.130709;0.915454;0.673334;1;0.636278;1;1;
12;0.000607684;-0.00102701;0.000480557;-0.00189107;-0.00027914;0.00384617;0.129207;0.146268;0.129548;0.142164;0.136321;0.146184;0.131589;0.114297;0.121992;0.121546;0.135711;0.129601;0.926653;0.641082;1;0.654279;1;1;
13;-0.00230736;-0.00339913;-0.00238021;0.000761524;0.00200611;0.00653096;0.128129;0.145747;0.127922;0.142439;0.136047;0.147892;0.133346;0.112871;0.118591;0.11796;0.135882;0.130431;0.895414;0.632003;1;0.681601;1;1;
14;-0.00599065;-0.006278;-0.00609478;0.00493562;0.00550277;0.0106463;0.129934;0.145331;0.128728;0.139555;0.135026;0.144956;0.134751;0.113242;0.112924;0.115163;0.134711;0.136175;0.841295;0.653373;1;0.753371;1;1;
15;-0.0101953;-0.00945411;-0.0105047;0.00959166;0.00883647;0.0150745;0.130366;0.136135;0.128235;0.138073;0.142213;0.145427;0.14055;0.126588;0.110885;0.108001;0.1211;0.135554;0.680521;0.763078;1;0.890014;1;1;
16;-0.0144291;-0.0120317;-0.014706;0.0154772;0.0134269;0.0209572;0.153039;0.140327;0.147725;0.116283;0.137292;0.121524;0.128997;0.132563;0.0931007;0.116175;0.113346;0.156164;0.462774;1;1;1;0.753092;1;
17;-0.0376894;-0.000849505;-0.0076723;0.0651577;-0.0392729;0.0694453;0.159338;0.128245;0.174265;0.0744472;0.133452;0.103255;0.0883801;0.176872;0.0628121;0.113577;0.0661988;0.177695;0.254338;0.875684;1;0.846867;0.556729;1;
18;-0.0850006;0.00575879;-0.00334704;0.104789;-0.0896749;0.107288;0.183812;0.123204;0.225313;0.00367838;0.138085;0.0614525;0.0516179;0.257956;0.0557301;0.117673;0.0386593;0.17758;0.479494;0.891667;0.914539;0.863225;0;1;
19;-0.0973793;0.0315438;-0.0463198;0.119695;-0.113127;0.12064;0.22552;0.125782;0.261013;-0.0326953;0.168424;0.0131391;0.0301464;0.298063;0.0325528;0.132821;0.0225763;0.183978;0.514439;1;0.677235;0.721657;0;1;
20;-0.0896674;0.0545655;-0.0686305;0.0639317;-0.10725;0.071245;0.252099;0.123338;0.256159;-0.0517758;0.200483;-0.0418129;0.0176042;0.334176;0.0190115;0.15812;0.0131838;0.162584;0.654865;1;0.350009;0.697829;0;1;
21;-0.0884226;0.0515668;-0.0536315;0.0495598;-0.0748565;0.0532458;0.258491;0.121839;0.261856;-0.0594183;0.223403;-0.0558304;0.00773131;0.333577;0.011103;0.170091;0.00769878;0.167816;0.639273;1;0.0994444;0.748841;0;1;
22;-0.0974715;0.0372598;0.000654998;-0.00302663;-0.0117401;-0.000883782;0.268832;0.117063;0.239105;-0.0524328;0.235485;-0.0563251;-0.0143496;0.338935;0.00648419;0.171526;0.00449536;0.141094;0.75356;1;0.0870162;0.751699;0;1;
23;-0.115347;0.0145213;0.0830313;-0.0822958;0.0757949;-0.0831751;0.264616;0.114532;0.227631;-0.0338641;0.229288;-0.0618475;-0.0271786;0.33597;0.0105299;0.175905;0.00262471;0.117907;1;0.895167;0;0.702595;0;1;
24;-0.116698;0.00795971;0.165743;-0.149503;0.161516;-0.165833;0.25221;0.112603;0.221636;-0.0168357;0.221361;-0.067558;-0.0286603;0.343108;0.00614908;0.185981;0.00153219;0.088829;1;0.533427;0;0.682533;0;1;
25;-0.129504;-0.00829791;0.226067;-0.192692;0.223599;-0.226115;0.225042;0.113293;0.20268;0.0184634;0.202519;-0.0477232;-0.0190303;0.31694;0.00359097;0.187202;0.000894209;0.0724668;1;0.320009;0.192019;0.612854;0;1;
26;-0.0179502;-0.0165485;0.263217;-0.20526;0.261775;-0.26324;0.200461;0.077756;0.1727;0.03865;0.172605;-0.0770149;-0.0114034;0.265102;0.014168;0.150025;0.000521563;-0.029794;1;0.388785;0;0.683397;0;1;
27;0.107763;-0.0627159;0.283712;-0.20669;0.28287;-0.283725;0.154342;0.0723159;0.131317;0.0639735;0.131262;-0.126652;0.0339079;0.154844;0.00827342;0.120191;0.000304292;-0.0984318;1;0.0240897;0;0.603157;0;1;
28;0.181437;-0.163801;0.292867;-0.211663;0.285177;-0.293785;0.0985848;0.0483472;0.0747659;0.115735;0.0747424;-0.111792;0.04982;0.0904294;0.00483141;0.115251;0.0524205;-0.143434;1;0;0;0.100532;0.555937;1;
29;0.18556;-0.217773;0.298085;-0.24429;0.25962;-0.262344;0.0133062;0.0725146;-0.000620533;0.123556;0.0578085;-0.0210246;0.041836;0.0528096;0.00282107;0.0673075;0.184286;-0.161859;1;0;0;0.297075;0.660339;1;
30;0.134401;-0.23999;0.286893;-0.255476;0.226001;-0.268043;-0.0587827;0.127419;-0.0854364;0.157228;0.0529029;0.0727763;0.0748741;0.0308403;0.00164742;0.0393067;0.245929;-0.179391;1;0;0;0;0.815412;1;
31;0.167723;-0.226437;0.271107;-0.246855;0.13467;-0.257992;-0.0984626;0.180771;-0.0809741;0.198178;0.028202;0.148858;0.128907;0.0180103;0.105717;0.0229543;0.200074;-0.11338;0.722914;0;1;0;1;0;
32;0.119747;-0.210239;0.236675;-0.222162;0.130797;-0.228666;-0.110912;0.21763;-0.12716;0.227797;0.0314487;0.198993;0.122475;0.0105173;0.0900185;0.0134048;0.230668;-0.0662139;0.759042;0;1;0;1;0;
33;0.0768657;-0.176952;0.192393;-0.183915;0.0655724;-0.187714;-0.122367;0.239395;-0.133861;0.245332;0.0385866;0.228511;0.100107;0.00614168;0.0745686;0.00782767;0.232871;-0.0386693;1;0;1;0;1;0;
34;0.0239814;-0.126575;0.135594;-0.130641;0.0149785;-0.132859;-0.104116;0.250527;-0.118403;0.253995;0.0167187;0.244172;0.121496;0.00358604;0.0989277;0.00457085;0.200161;-0.022583;0.986964;0;1;0;1;0;
35;-0.0498868;-0.0548877;0.0601615;-0.0572621;-0.0102858;-0.0585575;-0.104121;0.249883;-0.149071;0.249077;0.0340032;0.249979;0.106832;0.00209365;0.0636814;0.00266884;0.217009;-0.0131888;1;0;1;0;1;0;
36;-0.124376;0.0384272;-0.0353314;0.0370405;-0.0764877;0.036284;-0.0748757;0.233265;-0.135348;0.232435;0.0213089;0.229408;0.125898;0.00122219;0.0728082;0.00155802;0.194869;-0.00770281;1;0;1;0;1;0;
37;-0.204396;0.133673;-0.131846;0.132863;-0.155895;0.132421;-0.0527922;0.201928;-0.128051;0.205091;0.0393925;0.206011;0.117779;0.000713094;0.0652311;0.000909503;0.188001;-0.00449879;1;0;0.956724;0;1;0;
38;-0.269456;0.205877;-0.204794;0.205404;-0.218848;0.205145;-0.027422;0.169604;-0.109653;0.197737;0.0629772;0.198274;0.116714;0.000416229;0.056678;0.000530635;0.171431;-0.00262774;1;0;0.852144;0;1;0;
39;-0.309383;0.251455;-0.250814;0.251178;-0.259025;0.251028;0.0203857;0.158999;-0.0780744;0.175429;0.0720801;0.175743;0.107761;0.000242425;0.0458984;0.000309488;0.148179;-0.001535;1;0;0.79293;0;1;0;
40;-0.319006;0.277375;-0.267062;0.273097;-0.270583;0.277126;0.0601426;0.13058;-0.0405099;0.140177;0.0745454;0.140358;0.109951;0.000141213;0.0268059;-0.00584022;0.111901;-0.000896874;1;0;1;0.459988;1;0;
41;-0.315652;0.290036;-0.258815;0.260223;-0.284644;0.289976;0.0768682;0.0843174;0.00471246;0.0903457;0.103444;0.0900205;0.0878408;0.0394394;-0.015886;0.0519439;0.0727023;-0.000524134;0.73615;0.458476;1;0.746736;1;1;
42;-0.31414;0.262332;-0.270694;0.262022;-0.288611;0.291048;0.126934;0.0726926;0.0346828;0.0293868;0.0936995;0.0206525;0.0513066;0.0857063;-0.0128695;0.0780445;0.0424586;0.0461159;0.231677;1;0.687523;0.760747;0;1;
43;-0.299394;0.189141;-0.274021;0.240917;-0.284485;0.270082;0.149427;0.05759;0.0955516;-0.0581201;0.130017;-0.0626883;0.0299626;0.168959;-0.00830431;0.0857351;0.0247952;0.0669792;0.239744;1;0;0.623411;0;1;
44;-0.277219;0.166286;-0.262402;0.191737;-0.268512;0.226817;0.189859;0.0410924;0.158397;-0.0977267;0.178524;-0.120805;0.0174976;0.21269;-0.00485013;0.10713;0.0144798;0.0783845;0;1;0;0.884904;0;1;
45;-0.245671;0.123204;-0.237017;0.160633;-0.240586;0.194006;0.222212;0.0294181;0.203838;-0.115716;0.215592;-0.127241;0.010218;0.215959;-0.00283291;0.115082;0.00845562;0.086241;0;1;0;0.858865;0;1;
46;-0.204742;0.0909522;-0.199689;0.137068;-0.201773;0.170955;0.242253;0.024164;0.231522;-0.120956;0.238387;-0.126092;0.00596677;0.212843;-0.0016548;0.112881;0.00493741;0.0874625;0;1;0;0.858537;0;1;
47;-0.152289;0.0178719;-0.149338;0.10989;-0.150555;0.13256;0.252758;0.0225876;0.246492;-0.129971;0.2505;-0.122353;0.00348406;0.209655;-0.000966893;0.09461;0.00288283;0.0942688;0;1;0;0.93593;0;1;
48;-0.0828157;0.00153881;-0.0810923;0.0549199;-0.0818034;0.0713037;0.251269;0.0143905;0.250959;-0.114017;0.249834;-0.123886;0.00203416;0.195785;-0.000565116;0.104809;0.00168293;0.0861499;0;1;0;0.984759;0;1;
49;0.00787025;-0.055337;0.00887665;-0.0241769;0.00846129;-0.0145779;0.238327;0.0209848;0.239224;-0.106657;0.234498;-0.13322;0.0011875;0.190416;-0.000330489;0.0976314;0.000982193;0.0798473;0;1;0;1;0;1;
50;0.107051;-0.134769;0.107639;-0.11659;0.107396;-0.110952;0.216982;0.0247497;0.215024;-0.0826661;0.213193;-0.117137;0.000693026;0.176331;-0.00019348;0.0951044;0.000573034;0.0754501;0;1;0;1;0;1;
51;0.187687;-0.203868;0.18803;-0.19327;0.187889;-0.189951;0.208527;0.0372463;0.206516;-0.0521258;0.179318;-0.0970203;0.000404329;0.160885;-0.000113377;0.0897566;0.000334211;0.0722756;0;1;0;1;0;1;
52;0.228142;-0.239185;0.240721;-0.243784;0.240638;-0.241836;0.18702;0.0421255;0.185846;-0.0149592;0.169962;-0.0649762;-0.014391;0.137888;-6.659e-05;0.0969778;0.000194575;0.0556609;0.579352;1;0;0.910532;0;1;
53;0.227722;-0.251475;0.271501;-0.271256;0.271452;-0.27215;0.153644;0.0458755;0.152955;0.0194056;0.143679;-0.0350177;-0.0139045;0.116286;-3.92957e-05;0.0973165;0.00011318;0.0325103;1;1;0;0.688661;0;1;
54;0.227918;-0.271856;0.287502;-0.271244;0.286566;-0.270993;0.109653;0.0498229;0.106519;0.0622462;0.101103;0.0132924;-0.0108386;0.0679282;-2.33217e-05;0.0950232;0.0133017;0.0189822;1;0.587693;0;0.457585;0.19549;1;
55;0.242008;-0.269373;0.302651;-0.279701;0.272393;-0.27957;0.0440864;0.0582797;0.0422468;0.0836208;0.0616563;0.0531747;0.0456347;0.0396698;0.0359365;0.0554979;0.0717143;-0.0290665;1;0.227789;0.967766;0.150769;0.800365;1;
56;0.242412;-0.275923;0.299806;-0.281954;0.229589;-0.293625;-0.0383825;0.0981781;-0.0355421;0.112978;0.0427485;0.0952014;0.0840187;0.0231666;0.0763056;0.0324104;0.140999;-0.0215612;0.971081;0;1;0.164268;1;1;
57;0.217;-0.267843;0.281788;-0.271365;0.188467;-0.278182;-0.105563;0.154681;-0.109056;0.163324;0.043925;0.152945;0.091933;0.0135289;0.0748073;0.0189271;0.207153;-0.012591;0.954118;0;1;0;1;0.716518;
58;0.187422;-0.245699;0.253837;-0.247755;0.157312;-0.251736;-0.128124;0.200419;-0.127608;0.205467;0.0346534;0.199405;0.100982;0.00790041;0.0767085;0.0110527;0.221451;-0.00735364;0.95554;0;1;0;1;0;
59;0.160182;-0.211412;0.216162;-0.212613;0.10821;-0.214938;-0.127478;0.229552;-0.117738;0.2325;0.0159813;0.22896;0.107218;0.0046132;0.0961621;0.00645431;0.204679;-0.00429488;0.908276;0;1;0;1;0;
60;0.119456;-0.16488;0.167658;-0.165581;0.0529938;-0.166939;-0.137396;0.245808;-0.128844;0.247529;0.0202795;0.245462;0.0904918;0.00269351;0.0864365;0.00376876;0.209661;-0.00250867;0.97266;0;1;0;1;0;
61;0.0612673;-0.102118;0.103752;-0.102528;0.0367734;-0.103321;-0.119823;0.253137;-0.129072;0.254142;0.00896182;0.252935;0.10437;0.00157244;0.083177;0.00220038;0.192078;-0.00146559;1;0;1;0;1;0;
62;-0.00915908;-0.017863;0.0188344;-0.0181019;-0.0202996;-0.0185651;-0.111343;0.241304;-0.132599;0.243468;0.0114555;0.2438;0.0980343;0.00091768;0.0723837;0.00128455;0.186292;-0.000856353;1;0;1;0;1;0;
63;-0.0970089;0.0812126;-0.0806261;0.0810729;-0.103496;0.0808023;-0.0959727;0.220773;-0.126913;0.223779;0.0188053;0.220612;0.0908505;0.000535389;0.0717745;0.00074965;0.177774;-0.000500646;1;0;1;0;1;0;
64;-0.177919;0.168681;-0.168322;0.1686;-0.181688;0.168442;-0.063617;0.187113;-0.102002;0.215525;0.0282222;0.190084;0.0914546;0.000312094;0.072844;0.000437358;0.156012;-0.000292736;1;0;1;0;1;0;
65;-0.232134;0.228725;-0.228515;0.200988;-0.19379;0.228586;-0.0267255;0.179543;-0.0798063;0.196134;0.0262604;0.181278;0.102245;0.000181745;0.0496336;-0.0299579;0.142705;-0.000171385;1;0;1;0.559835;1;0;
66;-0.263916;0.264756;-0.26463;0.183441;-0.220118;0.264674;0.000401817;0.155493;-0.0504439;0.165186;0.0345494;0.156506;0.0966964;0.000105717;0.0289888;-0.0206629;0.130012;-0.00010053;0.957671;0;1;0.983391;1;0;
67;-0.268735;0.284254;-0.272368;0.190405;-0.229279;0.284207;0.043656;0.116363;0.00482563;0.122031;0.0353354;0.116955;0.0948413;6.13551e-05;-0.00546027;-0.021059;0.0887643;-5.91468e-05;0.690988;0;1;1;0.712711;0;
68;-0.275072;0.278644;-0.274804;0.196874;-0.234121;0.293464;0.0754219;0.0593092;0.056661;0.062623;0.036979;0.0596502;0.065365;0.0672311;-0.036228;0.00563034;0.0518433;0.0229008;0.0297889;0.692783;1;1;0.193677;0.708665;
69;-0.281515;0.254884;-0.275251;0.214343;-0.257599;0.308889;0.0961447;0.0461384;0.0851914;-0.0155161;0.0736941;-0.0172509;0.0381723;0.132875;-0.0260345;0.0490304;0.0302759;0.08035;0.022601;0.816983;1;0.99749;0;0.994343;
70;-0.275001;0.208738;-0.285152;0.194494;-0.261034;0.290988;0.146534;0.0310267;0.14014;-0.0954024;0.133422;-0.0793792;0.022292;0.201973;-0.0164446;0.0868355;0.0176807;0.085794;0;1;0.775668;0.785372;0;1;
71;-0.255108;0.14964;-0.261037;0.170471;-0.246952;0.264445;0.19368;0.0305917;0.189947;-0.13207;0.186023;-0.102985;0.013018;0.212106;-0.00960373;0.089529;0.010325;0.0937637;0;1;0.0194408;0.704027;0;1;
72;-0.223185;0.133268;-0.226648;0.129175;-0.218423;0.228637;0.225432;0.0180856;0.223251;-0.12863;0.22096;-0.112551;0.007602;0.207968;-0.00560892;0.0969476;0.0060292;0.0982549;0;1;0;0.724719;0;1;
73;-0.179765;0.0708318;-0.181787;0.0792519;-0.176983;0.182947;0.243772;0.0165269;0.242499;-0.140621;0.24116;-0.119655;0.0044391;0.205594;-0.00327604;0.0900967;0.0035204;0.0976496;0;1;0;0.738003;0;1;
74;-0.121779;0.0286959;-0.122959;0.0161617;-0.120154;0.123636;0.252678;0.00856433;0.251935;-0.130444;0.251153;-0.119859;0.00259192;0.192869;-0.00191364;0.0936131;0.00205528;0.0944751;0;1;0;0.820014;0;1;
75;-0.0434909;-0.0108703;-0.0441805;-0.0573754;-0.0425427;0.0445833;0.247706;0.0101473;0.243584;-0.116744;0.246344;-0.131111;0.00151322;0.182852;-0.00111799;0.0956015;0.00119965;0.0862777;0;1;0;0.886458;0;1;
76;0.0536861;-0.0854307;0.0532833;-0.14344;0.0542399;-0.0530329;0.229752;0.00921533;0.231208;-0.0952472;0.228013;-0.124044;0.00088324;0.17183;-0.000653382;0.0988415;0.000699986;0.0822182;0;1;0;1;0;1;
77;0.147063;-0.165596;0.146828;-0.229217;0.147387;-0.146665;0.200252;0.0223214;0.203529;-0.0683069;0.198672;-0.108232;0.000515443;0.154549;-0.000381932;0.102561;0.000408147;0.0785755;0;1;0;1;0;1;
78;0.214859;-0.225676;0.214722;-0.296599;0.215048;-0.214617;0.192005;0.041216;0.19392;-0.0343774;0.191083;-0.0880375;0.0003006;0.144099;-0.000223475;0.0897594;0.000237817;0.0657576;0;1;0;1;0;0.971952;
79;0.251434;-0.230599;0.256671;-0.323171;0.256862;-0.256603;0.168588;0.0373475;0.169706;0.00662551;0.168049;-0.0567616;-0.0248484;0.11886;-0.000130853;0.103757;0.000138363;0.0401611;0.749108;1;0;1;0;1;
80;0.240946;-0.256613;0.280112;-0.323212;0.280224;-0.254638;0.131673;0.0443461;0.13232;0.0417493;0.131353;-0.0117042;-0.0145127;0.079882;-7.6837e-05;0.0935459;8.0368e-05;0.0234559;0.815427;1;0;0.999005;0;1;
81;0.234375;-0.274632;0.291139;-0.324957;0.291763;-0.256341;0.0787594;0.0553312;0.0791278;0.078605;0.0785646;0.0403331;0.025252;0.046657;-4.51418e-05;0.0760573;0.014487;-0.0143446;1;0.925641;0;0.745983;0.343325;1;
82;0.250202;-0.281981;0.309162;-0.315383;0.256547;-0.268536;0.00630183;0.0718433;0.00651166;0.110501;0.0389103;0.074228;0.0434601;0.0272467;0.0539535;0.0444201;0.112664;-0.0141389;1;0;0.978781;0.261065;0.809322;1;
83;0.23036;-0.278695;0.294324;-0.298202;0.218823;-0.279821;-0.0779586;0.12361;-0.0699314;0.146187;0.0284264;0.125008;0.0908175;0.0159117;0.0807121;0.0259409;0.16908;-0.00821058;0.742852;0;1;0.11547;1;0.770606;
84;0.210082;-0.262195;0.271317;-0.273587;0.165747;-0.262852;-0.133455;0.177314;-0.123116;0.190499;0.0380429;0.178131;0.0874841;0.00929197;0.0717652;0.0151489;0.210293;-0.00479479;0.807749;0;1;0;1;0.47525;
85;0.174564;-0.233283;0.238603;-0.239935;0.145595;-0.233667;-0.133532;0.215394;-0.127296;0.223094;0.0180841;0.215871;0.0994251;0.00542602;0.0825705;0.0088463;0.208595;-0.00280069;0.595466;0;1;0;1;0;
86;0.145483;-0.193084;0.19619;-0.196969;0.070685;-0.193308;-0.141253;0.238172;-0.119636;0.242668;0.00874636;0.238451;0.0908818;0.00316816;0.0934052;0.00516574;0.196292;-0.001636;0.782478;0;1;0;1;0;
87;0.0943527;-0.13959;0.141409;-0.141859;0.0238527;-0.139721;-0.142822;0.250031;-0.129968;0.252657;0.00943487;0.250194;0.0817492;0.00184964;0.0856517;0.00301619;0.195683;-0.000955935;0.715445;0;1;0;1;0;
88;0.0280289;-0.0673553;0.0684301;-0.0686799;-0.000238477;-0.0674314;-0.122904;0.249016;-0.130203;0.247816;-0.000386829;0.24706;0.093359;0.00107961;0.0779238;0.00176091;0.17899;-0.000558792;0.797325;0;1;0;1;0;
89;-0.0526527;0.0259572;-0.025311;0.0251837;-0.065431;0.0259128;-0.11266;0.233182;-0.137124;0.236446;0.00609936;0.237132;0.0851283;0.000629907;0.0690567;0.00102788;0.175502;-0.000326826;0.99888;0;1;0;1;0;
90;-0.139009;0.123398;-0.123001;0.122945;-0.146445;0.123372;-0.08616;0.210376;-0.121567;0.209956;0.0131273;0.208398;0.086294;0.000367364;0.0691766;0.00107535;0.155383;-0.000191414;1;0;1;0.236257;1;0;
91;-0.208791;0.199028;-0.198779;0.1918;-0.207063;0.199013;-0.0504985;0.201728;-0.0933804;0.202509;0.014351;0.199547;0.0974608;0.000214025;0.0642113;-0.00283159;0.137159;-0.000112203;1;0;1;0.916736;1;0;
92;-0.253077;0.247377;-0.247225;0.199307;-0.209879;0.247368;-0.0138306;0.179743;-0.0729665;0.180201;0.0167319;0.178469;0.101036;0.000124486;0.0375063;-0.0228626;0.120716;-6.59654e-05;0.917598;0;1;1;1;0;
93;-0.277591;0.275153;-0.274393;0.189202;-0.231804;0.275148;0.0194826;0.145223;-0.0439313;0.145496;0.0238869;0.144479;0.0946712;7.2279e-05;0.0219021;-0.014001;0.0982391;-3.89546e-05;0.708641;0;1;1;0.851449;0;
94;-0.275984;0.289138;-0.263991;0.186644;-0.245559;0.289135;0.0634464;0.0963274;0.0299051;0.103411;0.0194302;0.0958927;0.0913433;4.18642e-05;-0.0264845;-0.00977075;0.0573839;-2.31968e-05;0.471473;0;1;1;0.338195;0;
95;-0.283869;0.272476;-0.277083;0.227209;-0.260037;0.293247;0.0739138;0.0288069;0.0458602;0.0345222;0.0362868;0.0285426;0.0533443;0.0945144;-0.0516903;0.0374947;0.0335092;-1.38315e-05;0;0.389609;1;1;0;0;
96;-0.282752;0.236216;-0.289372;0.230037;-0.268834;0.289841;0.114488;0.0134257;0.0981037;-0.0400848;0.0925132;-0.0546503;0.0311524;0.15497;-0.0672616;0.0739499;0.0195689;0.0184127;0;0.567061;1;1;0;0.846615;
97;-0.269145;0.21368;-0.274773;0.200587;-0.261017;0.272928;0.167708;0.0270998;0.158136;-0.106789;0.154874;-0.132754;0.0181924;0.204844;-0.0398378;0.0952806;0.0114278;0.0210497;0;1;0.794664;1;0;1;
98;-0.243016;0.122022;-0.24684;0.195009;-0.238269;0.242279;0.208885;0.00629124;0.203295;-0.131081;0.201391;-0.133523;0.0106238;0.191969;-0.0232663;0.100024;0.00667339;0.0770491;0;1;0;0.960656;0;1;
