1;-0.000363587;0.000116064;9.94837e-05;-0.000363587;0.000116064;9.94837e-05;0.0349769;0.0347456;0.0352595;0.0349769;0.0347456;0.0352595;0.808667;0.808665;0.808666;0.808667;0.808665;0.808666;0;0;0;0;0;0;
2;0.00216017;-0.000852697;-0.000306006;0.000326919;-0.00147469;-0.00161357;0.088159;0.0880288;0.0958889;0.0935619;0.0908832;0.0971879;0.47229;0.472287;0.472294;0.472351;0.472345;0.472349;1;1;1;1;1;1;
3;0.00508742;0.00261398;0.00422155;-0.00526975;-0.00276746;-0.00327922;0.0802961;0.0799967;0.0861578;0.0570878;0.0657344;0.0651861;0.275822;0.275822;0.275827;0.275862;0.275861;0.275861;0.38236;0.138591;0.157189;1;0.357043;0.498225;
4;0.00421609;0.00305669;0.00461369;-0.00563083;-0.00144034;-0.00218639;0.176715;0.174601;0.181688;0.135139;0.146585;0.146319;0.161106;0.161102;0.161108;0.161125;0.161129;0.161127;1;0.908402;1;1;0.485044;1;
5;0.0026718;0.00181372;0.0036268;-0.00546919;-0.000531255;-0.0013718;0.15792;0.159473;0.161264;0.158345;0.164814;0.166127;0.165219;0.159532;0.164406;0.145203;0.153089;0.152308;1;0.895277;1;1;0.597927;0.994421;
6;0.00209742;0.00149599;0.00337871;-0.00533195;2.25529e-05;-0.000957251;0.153069;0.154298;0.155547;0.164;0.16905;0.170781;0.158304;0.152844;0.157624;0.148275;0.157443;0.15655;1;0.928552;1;1;0.650779;0.985965;
7;0.00196295;0.00153361;0.00343604;-0.00529297;0.00027086;-0.000775067;0.152892;0.15492;0.155162;0.164192;0.168391;0.170843;0.157416;0.151275;0.156881;0.146487;0.155713;0.153998;1;0.923694;1;1;0.693686;0.991255;
8;0.00166935;0.00130884;0.00324552;-0.00533826;0.000327923;-0.000741602;0.152574;0.156023;0.154601;0.163332;0.166363;0.169756;0.158659;0.151117;0.158211;0.14396;0.153722;0.150994;1;0.897459;1;1;0.733573;0.980194;
9;0.00115097;0.0011161;0.00304696;-0.005369;0.000578077;-0.000487157;0.150388;0.155914;0.15207;0.163907;0.165302;0.170141;0.159146;0.149311;0.158609;0.142691;0.153752;0.149532;1;0.867137;1;1;0.783509;0.952487;
10;0.000805544;0.000956257;0.00279562;-0.00467262;0.00130411;0.000231102;0.14711;0.155638;0.148496;0.16556;0.164963;0.171821;0.159546;0.146136;0.158243;0.14156;0.15457;0.148503;1;0.827794;1;1;0.838642;0.913582;
11;-0.000326897;-1.23393e-05;0.00171565;-0.00394684;0.00187161;0.000959983;0.143974;0.155848;0.145842;0.167116;0.164389;0.173811;0.160735;0.142883;0.156821;0.139655;0.155157;0.147095;1;0.783851;1;1;0.894165;0.868;
12;-0.00169283;-0.000973174;0.000397947;-0.00242732;0.00310615;0.00246755;0.141392;0.156136;0.143872;0.168279;0.16358;0.175456;0.162498;0.140216;0.154745;0.137058;0.155326;0.14595;1;0.747031;1;1;0.944912;0.815177;
13;-0.0037221;-0.00238758;-0.00162482;-0.000129138;0.00487115;0.00472335;0.139852;0.156028;0.143076;0.1684;0.16277;0.176128;0.164558;0.138686;0.151302;0.134221;0.154715;0.145949;1;0.727343;1;1;0.969133;0.754881;
14;-0.00683538;-0.0046935;-0.00482884;0.00302306;0.00712101;0.00776952;0.141239;0.155129;0.144715;0.1662;0.161866;0.171681;0.16572;0.139433;0.145565;0.131623;0.152578;0.151584;1;0.75533;1;1;0.927185;0.72644;
15;-0.0102585;-0.0070344;-0.00850633;0.00733494;0.0100828;0.011839;0.147324;0.150399;0.150456;0.161291;0.1635;0.164356;0.164943;0.147109;0.137252;0.128709;0.144521;0.158472;1;0.89217;1;1;0.769121;0.739541;
16;-0.0132505;-0.00789917;-0.0112259;0.012495;0.0142237;0.0172775;0.169134;0.155653;0.171961;0.139949;0.156369;0.139522;0.153123;0.150065;0.118468;0.137516;0.139525;0.178738;0.755896;1;1;1;0.459837;0.758459;
17;-0.0242872;-0.00218827;-0.00872131;0.0554282;-0.0164444;0.0582785;0.180664;0.142079;0.204427;0.0944475;0.153651;0.12345;0.107952;0.198656;0.0857057;0.136986;0.0814928;0.191415;0.449258;1;1;1;0.584278;0.646054;
18;-0.0551179;-0.00200053;-0.00994857;0.0901224;-0.0612527;0.0911621;0.202022;0.126794;0.239017;0.0469147;0.144762;0.0930309;0.0630546;0.253918;0.0611922;0.142104;0.0475927;0.214296;0.556273;1;1;1;0.255252;1;
19;-0.0857107;0.00111612;-0.00737554;0.110856;-0.0965282;0.108345;0.24215;0.128018;0.284011;-0.0168926;0.172324;0.0444055;0.0368282;0.318662;0.0711626;0.156664;0.0277935;0.21568;0.641495;1;0.869386;1;0;1;
20;-0.093874;-0.00890404;-0.0159547;0.09029;-0.108546;0.0883972;0.256179;0.125162;0.297046;-0.0342477;0.20276;0.0230212;0.021507;0.320178;0.0676997;0.178693;0.0162307;0.226341;0.592242;1;0.618835;1;0;1;
21;-0.0730772;0.0103247;-0.0131576;0.0649529;-0.0756136;0.0638461;0.278632;0.120411;0.293309;-0.0434611;0.224733;-0.0201302;0.0125567;0.368978;0.0540769;0.173887;0.00947797;0.203381;0.742945;1;0.563867;1;0;1;
22;-0.0107027;-0.00486317;-0.024756;0.00595545;-0.0121822;0.00531477;0.272435;0.118815;0.283895;-0.0182975;0.236262;-0.00410856;0.00733428;0.307606;0.0412212;0.209579;0.0055345;0.200525;0.396874;1;0.426829;1;0;1;
23;0.00780789;-0.0253178;0.0451844;-0.0791675;0.0755367;-0.0795441;0.2862;0.118385;0.265258;-0.0193334;0.22371;-0.0336658;0.00908259;0.358514;0.0482568;0.192442;0.00323152;0.156147;1;1;0.323566;1;0;1;
24;-0.0154886;-0.0554133;0.14364;-0.159448;0.161366;-0.163707;0.259535;0.104504;0.243612;0.0154075;0.193779;-0.0123042;-0.0146035;0.345279;0.0281825;0.219189;0.00188659;0.135382;1;0.933928;0.512633;1;0;1;
25;0.000677514;-0.0402371;0.213157;-0.204805;0.223511;-0.224868;0.245829;0.108435;0.215518;0.0471235;0.184702;-0.0129572;-0.0326182;0.331335;0.0278494;0.23333;0.00110124;0.109905;1;0.404741;1;1;0;1;
26;0.0147024;-0.0539736;0.253669;-0.210953;0.261724;-0.235717;0.205504;0.100791;0.1802;0.0834655;0.1622;0.0156075;-0.0190488;0.28066;0.0367373;0.219816;0.000642688;0.0789329;1;0.169248;0.877322;1;0;1;
27;0.0345119;-0.0943961;0.26723;-0.188599;0.282839;-0.21362;0.176884;0.106558;0.15088;0.082928;0.125192;0.0298161;0.0244861;0.199201;0.0863682;0.192804;0.0150324;0.0461055;1;0.683029;0.900287;1;0.623453;1;
28;0.0564997;-0.131755;0.290763;-0.216141;0.241839;-0.228904;0.101388;0.0900062;0.100432;0.114836;0.107137;0.0899237;0.0199661;0.116353;0.0944057;0.126104;0.107118;0.0269291;1;0.213512;1;0.443098;0.512823;1;
29;0.127359;-0.199057;0.354546;-0.247039;0.238279;-0.216537;0.0149425;0.0968436;0.0548564;0.123378;0.0852307;0.149193;0.0443621;0.0679494;0.146935;0.0736462;0.208204;-0.024523;1;0;1;0.318217;0.129344;1;
30;0.0923618;-0.229061;0.327659;-0.257082;0.201607;-0.235672;-0.0597324;0.141627;-0.0110975;0.157126;0.0747327;0.193305;0.100148;0.0396817;0.15731;0.0430099;0.248261;-0.0151499;1;0;1;0.270458;0.773048;0.716081;
31;0.0709428;-0.231429;0.311027;-0.247793;0.178378;-0.246544;-0.0984046;0.189068;-0.0521656;0.198119;0.0781714;0.219252;0.119684;0.0231735;0.161766;0.0251171;0.26797;-0.00124643;1;0;1;0.0411234;1;0.606473;
32;0.0395936;-0.213153;0.27673;-0.22271;0.123279;-0.223281;-0.109774;0.222476;-0.0559351;0.227762;0.0680703;0.240104;0.117021;0.0135327;0.157401;0.0146678;0.269363;0.0042553;1;0;1;0;1;0;
33;-0.0219433;-0.178655;0.219628;-0.184235;0.0765813;-0.184568;-0.108994;0.242225;-0.0727353;0.245312;0.0642906;0.25252;0.127931;0.00790244;0.161642;0.00856536;0.252482;0.0024846;1;0;1;0;1;0;
34;-0.0931672;-0.127569;0.154223;-0.130828;0.0660103;-0.131022;-0.0925944;0.25218;-0.0925987;0.253983;0.0636448;0.255007;0.135409;0.00461439;0.135164;0.00500164;0.248479;0.00145046;1;0;1;0;1;0;
35;-0.175376;-0.0554682;0.0710504;-0.0573711;0.0195169;-0.0574848;-0.0759472;0.247837;-0.103867;0.247702;0.0626327;0.248901;0.143324;0.00269422;0.118275;0.00292041;0.242782;0.000846539;1;0;1;0;1;0;
36;-0.269269;0.0380883;-0.028975;0.036977;-0.059081;0.0369106;-0.055359;0.231388;-0.110108;0.232537;0.0730504;0.233671;0.142432;0.00157282;0.105697;0.00170503;0.241132;0.000493883;1;0;1;0;1;0;
37;-0.34627;0.133475;-0.128139;0.126585;-0.145347;0.132787;-0.0177906;0.205371;-0.0865381;0.211348;0.0731338;0.20035;0.158144;0.000918018;0.0991826;-0.00282788;0.231845;0.000287901;1;0;1;0.293769;1;0;
38;-0.375723;0.205761;-0.182574;0.162459;-0.118776;0.20536;0.014254;0.197565;-0.0797519;0.206017;0.066023;0.194969;0.172887;0.000535559;0.0620908;-0.0391742;0.22789;0.000167777;1;0;1;0.80186;0.533174;0;
39;-0.368787;0.251387;-0.17234;0.139941;-0.150326;0.251153;0.0334918;0.175328;-0.0368124;0.180267;0.0747837;0.173812;0.161987;0.00031231;0.0498804;-0.0228825;0.190447;9.75259e-05;1;0;1;0.862316;0.593095;0;
40;-0.361161;0.277336;-0.168422;0.143151;-0.158308;0.277199;0.0692635;0.140116;0.00797288;0.143006;0.0735227;0.13923;0.153975;0.000181972;0.0295506;-0.0157445;0.151129;5.65012e-05;0.978066;0;1;1;0.592786;0;
41;-0.353829;0.288997;-0.161009;0.133261;-0.175316;0.290273;0.0890969;0.0898882;0.0366438;0.106196;0.0927862;0.0893631;0.134437;0.0453087;0.017257;0.0240605;0.114374;0.0197662;0.231058;0.825498;1;1;0.414872;0.481845;
42;-0.335276;0.228755;-0.208082;0.181091;-0.224201;0.327845;0.107002;0.0620074;0.0784344;0.0300998;0.0903081;0.0378442;0.0785138;0.120278;-0.0362199;0.0303596;0.0667942;0.097157;0;0.736077;1;1;0;0.770364;
43;-0.311737;0.18113;-0.234898;0.153534;-0.24687;0.309018;0.137786;0.043985;0.121106;-0.0577038;0.128036;-0.0324169;0.0458514;0.182693;-0.0211543;0.0800682;0.039007;0.117651;0.188496;1;1;0.989913;0;1;
44;-0.284427;0.183903;-0.238704;0.136638;-0.250682;0.301919;0.183062;0.0504808;0.173322;-0.104372;0.177367;-0.0831979;0.0267765;0.223555;-0.0123534;0.104158;0.0227795;0.107081;0;1;0.498314;0.730871;0;1;
45;-0.249881;0.117249;-0.223178;0.101562;-0.230174;0.262107;0.218242;0.0355035;0.212554;-0.123073;0.214917;-0.0910163;0.0156368;0.222585;-0.00721483;0.109629;0.0133027;0.121301;0;1;0;0.623564;0;1;
46;-0.207201;0.0988507;-0.191607;0.0477732;-0.195693;0.214349;0.239934;0.028423;0.236613;-0.116748;0.237992;-0.104443;0.00913137;0.21904;-0.0042138;0.115369;0.00776805;0.110363;0;1;0;0.710432;0;1;
47;-0.153725;0.0376726;-0.144619;-0.0101889;-0.147004;0.157908;0.251404;0.0279524;0.249464;-0.118291;0.25027;-0.112532;0.00533219;0.219542;-0.00246138;0.104953;0.00453592;0.0995267;0;1;0;0.799628;0;1;
48;-0.0836541;0.0142381;-0.0783359;-0.0836535;-0.0797296;0.0861026;0.251399;0.0250851;0.25035;-0.101064;0.249652;-0.126204;0.00311346;0.20213;-0.00143787;0.122626;0.0026483;0.0967738;0;1;0;0.841553;0;1;
49;0.00738057;-0.0479199;0.0104864;-0.172435;0.00967242;-0.00594437;0.239057;0.0299712;0.239283;-0.0823637;0.238677;-0.132254;0.00181781;0.202399;-0.000840169;0.116411;0.00154598;0.0785164;0;1;0;0.883205;0;1;
50;0.106765;-0.130438;0.108579;-0.25438;0.108104;-0.105917;0.215754;0.0382514;0.216517;-0.0550902;0.215574;-0.123398;0.00106113;0.1894;-0.000491132;0.121912;0.000902265;0.0776439;0;1;0;0.977114;0;1;
51;0.187519;-0.20134;0.188579;-0.319825;0.188302;-0.187016;0.209704;0.0422098;0.208814;-0.0188688;0.208264;-0.0941943;0.00062047;0.184842;-0.000287244;0.126348;0.000526382;0.0634234;0.547536;1;0;1;0;1;
52;0.211887;-0.194141;0.241042;-0.343487;0.24088;-0.232186;0.188012;0.03927;0.187188;0.0167628;0.186867;-0.0716984;-0.0292582;0.161539;-0.000168132;0.144276;0.000306881;0.0370483;1;1;0;0.729691;0;1;
53;0.200173;-0.220265;0.271688;-0.335258;0.271593;-0.220885;0.154226;0.0449885;0.153739;0.0446558;0.153551;-0.0256654;-0.0170881;0.121467;-9.85846e-05;0.133527;0.000178755;0.0221611;1;1;0;0.582811;0;1;
54;0.192753;-0.237175;0.287612;-0.329935;0.286166;-0.213383;0.113379;0.060084;0.106977;0.0743576;0.10687;0.018465;0.0127013;0.0814084;-5.78833e-05;0.113519;0.0214636;-0.00339783;1;0.810565;0;0.3445;0.321571;1;
55;0.225347;-0.252347;0.313596;-0.324873;0.239383;-0.247987;0.0462633;0.0651966;0.0425161;0.0848797;0.0656302;0.0565103;0.0277269;0.0475435;0.047856;0.0662977;0.107755;-0.0376079;1;0;0.716027;0;0.491491;1;
56;0.20626;-0.265979;0.302916;-0.308334;0.208274;-0.256547;-0.0371105;0.102218;-0.0392992;0.113713;0.054691;0.0971475;0.0780014;0.0277648;0.0848171;0.0387169;0.165727;-0.024011;1;0;1;0.0200579;0.854422;1;
57;0.181667;-0.262036;0.283609;-0.286771;0.182026;-0.254856;-0.095902;0.15704;-0.0941564;0.163753;0.0534741;0.154081;0.10282;0.0162142;0.0787465;0.02261;0.214894;-0.0146232;1;0;1;0;1;0.757407;
58;0.156268;-0.242307;0.254907;-0.256752;0.133869;-0.238114;-0.120656;0.201797;-0.112881;0.205717;0.0411954;0.200069;0.108542;0.00946856;0.0943362;0.0132036;0.228151;-0.00854038;1;0;1;0;1;0;
59;0.115901;-0.209432;0.216788;-0.217867;0.108622;-0.206983;-0.121929;0.230356;-0.120689;0.232646;0.0327389;0.229347;0.114194;0.00552901;0.0954759;0.00771038;0.223105;-0.00498797;1;0;1;0;1;0;
60;0.0672694;-0.163724;0.168017;-0.16865;0.0439558;-0.162293;-0.127269;0.246278;-0.12467;0.247615;0.0315843;0.245688;0.0970582;0.00322834;0.0923672;0.00450229;0.222649;-0.00291345;1;0;1;0;1;0;
61;0.00546274;-0.101443;0.103952;-0.10432;0.0314145;-0.100607;-0.108523;0.253411;-0.129336;0.254192;0.0220588;0.253067;0.112158;0.00188474;0.0858256;0.00262879;0.20643;-0.00170192;1;0;1;0;1;0;
62;-0.0657752;-0.0174685;0.0189444;-0.0191484;-0.0234303;-0.0169806;-0.0975426;0.242076;-0.134676;0.243195;0.0242396;0.242535;0.108034;0.00110008;0.0762877;0.00153472;0.200797;-0.000994419;1;0;1;0;1;0;
63;-0.145673;0.081443;-0.0805634;0.0804618;-0.105326;0.0817277;-0.0784316;0.218416;-0.125029;0.22426;0.0297864;0.223892;0.106872;0.000641889;0.0749154;0.000895772;0.188397;-0.000581237;1;0;1;0;1;0;
64;-0.224137;0.168816;-0.168284;0.168243;-0.182758;0.168982;-0.0486036;0.188666;-0.105002;0.217472;0.043203;0.217258;0.103291;0.000374295;0.0721638;0.000522699;0.173585;-0.000339869;1;0;1;0;1;0;
65;-0.263111;0.228804;-0.228191;0.210312;-0.176901;0.228901;-0.00760714;0.18045;-0.0809139;0.197273;0.0315848;0.197147;0.128561;0.000218068;0.0450776;-0.0357726;0.153189;-0.00019886;1;0;1;0.571723;1;0;
66;-0.285075;0.264802;-0.247471;0.18331;-0.21292;0.264859;0.0209219;0.156023;-0.0438087;0.165852;0.0413516;0.165774;0.116577;0.00012693;0.0263292;-0.0208937;0.129551;-0.000116598;1;0;1;0.785345;0.887975;0;
67;-0.292291;0.284281;-0.254015;0.180237;-0.229889;0.284314;0.0622293;0.116673;-0.00463683;0.122421;0.0414412;0.122367;0.111454;7.37492e-05;0.0153727;-0.0122044;0.0923723;-6.8515e-05;0.860753;0;1;1;0.510462;0;
68;-0.292955;0.287322;-0.26002;0.197077;-0.247647;0.30017;0.0879297;0.0594895;0.0417349;0.072607;0.0482106;0.06281;0.0749543;0.0554464;-0.043204;0.0303402;0.0539486;0.0469267;0;0.616518;1;1;0.29186;0.370595;
69;-0.291958;0.245326;-0.272722;0.209395;-0.265498;0.313701;0.10345;0.0394307;0.0764792;-0.00968277;0.0802533;-0.0146732;0.0437726;0.138849;-0.029738;0.0544136;0.0315053;0.0931026;0.155059;0.676987;1;0.922485;0;0.891863;
70;-0.281099;0.21053;-0.277555;0.181992;-0.269006;0.293829;0.1508;0.0365769;0.135054;-0.0875213;0.137253;-0.0799357;0.0255625;0.193631;-0.0176739;0.0939366;0.0183986;0.0923377;0;1;0.869113;0.718136;0;1;
71;-0.25867;0.139645;-0.256998;0.16044;-0.251607;0.266106;0.196172;0.0350735;0.186977;-0.130981;0.18826;-0.104357;0.0149279;0.21539;-0.0103212;0.0910272;0.0107443;0.093168;0;1;0.230681;0.567923;0;1;
72;-0.225265;0.132822;-0.224289;0.118591;-0.221141;0.229609;0.226887;0.0183943;0.221517;-0.126058;0.222266;-0.112734;0.00871734;0.206088;-0.00602796;0.112427;0.00627404;0.103759;0;1;0;0.589113;0;1;
73;-0.180979;0.0634224;-0.180409;0.0708822;-0.178571;0.183516;0.244622;0.0210555;0.241486;-0.137973;0.241923;-0.122091;0.0050905;0.209078;-0.00352074;0.0932671;0.00366338;0.096508;0;1;0;0.597818;0;1;
74;-0.122488;0.00682932;-0.122155;0.00863082;-0.121081;0.123968;0.253175;0.0125014;0.251343;-0.128358;0.251599;-0.119794;0.00297226;0.197836;-0.00205657;0.0908703;0.00213881;0.0975357;0;1;0;0.685814;0;1;
75;-0.0439051;-0.0236392;-0.0437106;-0.0640049;-0.0430841;0.0447753;0.248201;0.0089965;0.244899;-0.109697;0.246399;-0.126802;0.00173535;0.183577;-0.00120146;0.103152;0.00124839;0.0888216;0;1;0;0.688373;0;1;
76;0.0534443;-0.092888;0.0535578;-0.147145;0.0539237;-0.0529223;0.231613;0.0164592;0.231345;-0.0927187;0.226261;-0.128796;0.00101297;0.178262;-0.000702127;0.0998002;0.000728472;0.0791324;0;1;0;0.808747;0;1;
77;0.146922;-0.169952;0.146988;-0.228483;0.147202;-0.146601;0.215892;0.0176501;0.20418;-0.0550028;0.197306;-0.107312;0.000591214;0.165168;-0.000410295;0.10208;0.00042487;0.0760485;0;1;0;0.904271;0;1;
78;0.20903;-0.227724;0.214815;-0.288068;0.21494;-0.214579;0.201142;0.0323689;0.1943;-0.025947;0.190285;-0.0810711;-0.00181122;0.146951;-0.000240147;0.108341;0.000247598;0.0626088;0.511647;1;0;0.851149;0;1;
79;0.231006;-0.218627;0.256726;-0.316559;0.256799;-0.256539;0.173927;0.0284157;0.169927;0.0116788;0.167583;-0.0599128;-0.0225294;0.126543;-0.000140612;0.121031;0.000144075;0.0365708;1;0.975745;0;0.650007;0;1;
80;0.218061;-0.248988;0.280144;-0.313266;0.280187;-0.248704;0.134794;0.0333151;0.13245;0.0477999;0.131081;-0.0091964;-0.0131572;0.0836947;-8.25172e-05;0.110406;8.37187e-05;0.0213574;1;0.759984;0;0.560022;0;1;
81;0.214633;-0.260487;0.290825;-0.314931;0.291367;-0.251185;0.0932618;0.0508336;0.0792045;0.0793707;0.0784065;0.0411582;0.0233677;0.0509335;0.013157;0.0851057;0.0192724;-0.0272129;1;0.383795;0.24719;0.300259;0.372179;1;
82;0.236389;-0.274906;0.315041;-0.307363;0.249519;-0.266551;0.0147705;0.0693936;0.00655709;0.0903388;0.0453072;0.0720952;0.0372053;0.0297442;0.0632273;0.0497025;0.120748;-0.0190139;1;0;0.968279;0;0.57567;1;
83;0.211281;-0.276465;0.298;-0.293518;0.21919;-0.271165;-0.0684744;0.12218;-0.0694101;0.134412;0.0358923;0.123763;0.0907417;0.0173702;0.0851718;0.0290254;0.177965;-0.0111026;1;0;1;0;1;0.884243;
84;0.190024;-0.260892;0.273468;-0.270851;0.168016;-0.262011;-0.12298;0.176478;-0.117738;0.183622;0.0413086;0.177405;0.0934595;0.0101437;0.0758518;0.0169503;0.218859;-0.00327022;0.927197;0;1;0;1;0.506615;
85;0.15744;-0.232522;0.239861;-0.238338;0.130275;-0.233175;-0.130615;0.214906;-0.122059;0.219078;0.0251962;0.215447;0.100535;0.00592342;0.0890832;0.00989825;0.216642;-0.00191031;0.998874;0;1;0;1;0;
86;0.115075;-0.192639;0.196921;-0.196036;0.0855445;-0.193021;-0.132992;0.237887;-0.123927;0.240323;0.0179908;0.238203;0.0985921;0.00345861;0.090747;0.00578014;0.208363;-0.00111602;0.940033;0;1;0;1;0;
87;0.0666298;-0.139331;0.141832;-0.141314;0.0212101;-0.139554;-0.137405;0.249865;-0.128376;0.251288;0.017884;0.25005;0.0855176;0.00201926;0.0880689;0.00337501;0.20553;-0.00065228;1;0;1;0;1;0;
88;0.00155886;-0.0672037;0.068673;-0.0683617;-0.00178249;-0.0673334;-0.118046;0.246165;-0.130839;0.248799;0.00889141;0.248477;0.102896;0.00117865;0.0876078;0.00197048;0.184009;-0.000381404;1;0;1;0;1;0;
89;-0.0775128;0.0260458;-0.0251709;0.0253696;-0.0663332;0.02597;-0.106422;0.235231;-0.133518;0.237061;0.0149976;0.236304;0.0912728;0.000687724;0.0719454;0.00115028;0.18392;-0.000223229;1;0;1;0;1;0;
90;-0.162028;0.12345;-0.122918;0.123055;-0.146973;0.123405;-0.0814302;0.204113;-0.120331;0.204058;0.024172;0.207683;0.0946331;0.000401071;0.0769107;0.000671254;0.161817;-0.000130866;1;0;1;0;1;0;
91;-0.225275;0.199058;-0.198732;0.187308;-0.206942;0.199033;-0.0333604;0.173108;-0.0813251;0.187918;0.014228;0.186695;0.102708;0.000233743;0.0676285;-0.00592931;0.144914;-7.67623e-05;1;0;1;0.191305;1;0;
92;-0.263408;0.247395;-0.245809;0.212821;-0.190862;0.24738;-0.0068356;0.163028;-0.0754049;0.171812;0.0226699;0.170964;0.109817;0.000136002;0.0395032;-0.0157127;0.127639;-4.53043e-05;1;0;1;0.58229;0.960502;0;
93;-0.284515;0.275163;-0.263615;0.188785;-0.227964;0.275155;0.0267897;0.135462;-0.0340798;0.140597;0.0297239;0.140096;0.101353;7.90112e-05;0.0230698;-0.00982184;0.0990853;-2.68635e-05;0.955953;0;1;0.898448;0.740538;0;
94;-0.288586;0.289144;-0.268298;0.192386;-0.239644;0.289139;0.070435;0.0906277;0.0245166;0.101021;0.033891;0.0933332;0.0921405;0.00961991;-0.0195351;-0.00541261;0.0578775;-1.60699e-05;0.707463;0.146079;1;1;0.384847;0;
95;-0.292893;0.274573;-0.279981;0.207884;-0.252021;0.293249;0.0754371;0.0384082;0.0417782;0.0392367;0.0468795;0.0270478;0.0538105;0.0880511;-0.0442632;0.0428598;0.0337982;-9.61232e-06;0;0.573204;1;1;0;0;
96;-0.288022;0.236058;-0.290608;0.215473;-0.264153;0.294519;0.115377;0.0231022;0.0957212;-0.043151;0.0986993;-0.0555195;0.0314246;0.160084;-0.0545156;0.0775578;0.0197377;0.0375997;0;0.816876;1;1;0;0.956912;
97;-0.272223;0.203192;-0.277859;0.191629;-0.258283;0.276017;0.168227;0.0309779;0.156748;-0.106866;0.158487;-0.133257;0.0183514;0.202396;-0.0318516;0.0990986;0.0115264;0.0614192;0;1;0.725194;0.770123;0;1;
98;-0.244813;0.11552;-0.248104;0.184643;-0.236673;0.247026;0.209189;0.010579;0.202485;-0.130334;0.203501;-0.118954;0.0107165;0.1943;-0.0186017;0.101524;0.00673092;0.0877718;0;1;0;0.629699;0;1;
