1;-0.000363588;0.000116064;9.94837e-05;-0.000363588;0.000116064;9.94837e-05;0.0349769;0.0347456;0.0352595;0.0349769;0.0347456;0.0352595;0.808667;0.808665;0.808666;0.808667;0.808665;0.808666;0;0;0;0;0;0;
2;0.0061249;0.0108585;0.00761226;-0.0102939;-0.00936061;-0.00842963;0.0516512;0.0637254;0.0955243;0.0630447;0.0595071;0.0595904;0.472295;0.472285;0.472318;0.472297;0.472284;0.472286;1;1;1;1;1;1;
3;-0.0232275;-0.0352415;-0.0255056;-0.000429452;0.00219085;0.00696456;0.124021;0.128129;0.160706;0.146234;0.150866;0.140491;0.275852;0.275839;0.275865;0.275845;0.27584;0.275836;0;0.391983;0.454254;0;0.789257;0.00969918;
4;-0.0185903;-0.0302391;-0.0250705;0.0125455;0.013912;0.0119217;0.167587;0.169574;0.191639;0.180409;0.185938;0.181217;0.18138;0.200401;0.229898;0.189306;0.199498;0.186354;0.497562;0.125492;0.502117;0.378534;0.108204;0.576596;
5;-0.0139655;-0.0227236;-0.024532;0.0158551;0.012985;0.0171077;0.120797;0.137446;0.159666;0.160695;0.635417;0.161786;0.135567;0.139856;0.15278;0.138019;1.44588;0.158289;0.827599;0.408152;0.855503;0.554649;0;0.526929;
6;-0.00111385;-0.0144204;-0.0167068;0.0156284;0.00869034;0.0124523;0.0970202;0.106687;0.13152;0.183747;0.370448;0.185259;0.0747632;0.09864;0.106132;0.156623;0.791861;0.161474;0.993615;0.429615;1;0.552462;0;1;
7;0.00551106;-0.010688;-0.0132385;0.0121564;0.00631849;0.00662922;0.102178;0.108398;0.135318;0.178825;0.21504;0.179288;0.0722097;0.105333;0.116862;0.155122;0.462528;0.149163;1;0.388867;1;0.479704;0;1;
8;0.00515647;-0.0107661;-0.0133686;0.0132934;0.00578784;0.00794724;0.110151;0.117044;0.142082;0.157062;0.128805;0.157997;0.100401;0.131848;0.145091;0.139972;0.270138;0.135171;1;0.404838;1;0.487515;0.249102;1;
9;0.0041703;-0.0119442;-0.0142945;0.0137791;0.00642517;0.00839068;0.122793;0.132065;0.155241;0.151223;0.145315;0.152597;0.0915311;0.118705;0.133423;0.137582;0.18097;0.134263;1;0.363367;1;0.49741;0.6475;1;
10;0.00337112;-0.0132227;-0.0153299;0.0139358;0.00580926;0.00799863;0.127674;0.142169;0.160844;0.140058;0.136913;0.142398;0.113353;0.133057;0.153464;0.120474;0.159297;0.117034;1;0.259709;1;0.60786;0.476445;1;
11;0.00233639;-0.0137508;-0.0159747;0.0151467;0.00720829;0.00945429;0.129676;0.145734;0.162918;0.140253;0.13468;0.142226;0.114038;0.130309;0.151019;0.114623;0.156707;0.11421;1;0.243409;1;0.609858;0.525817;1;
12;0.000983744;-0.0149135;-0.0174994;0.0164275;0.00804793;0.0105785;0.122351;0.14175;0.155508;0.147859;0.139323;0.148999;0.109079;0.119355;0.142248;0.117094;0.163511;0.120571;1;0.204615;1;0.602352;0.541185;1;
13;-0.00146254;-0.0168241;-0.0200372;0.0190235;0.010061;0.0130461;0.118862;0.139762;0.151592;0.147423;0.138789;0.149006;0.111902;0.117492;0.13957;0.116905;0.165062;0.125133;1;0.146468;1;0.623407;0.547681;1;
14;-0.00523683;-0.019722;-0.0237703;0.0225998;0.0127476;0.0165051;0.123145;0.139836;0.155472;0.142182;0.13595;0.143916;0.11679;0.123555;0.137043;0.110861;0.158673;0.126464;0.969704;0.230479;1;0.485123;0.546239;1;
15;-0.00961851;-0.0226747;-0.0279871;0.0276191;0.0166801;0.021451;0.125304;0.131551;0.156085;0.141112;0.144682;0.143146;0.122682;0.137507;0.134962;0.101431;0.140546;0.126025;0.826271;0.370032;1;0.597581;0.486934;1;
16;-0.0140876;-0.0254992;-0.0322736;0.0328558;0.0204053;0.0266008;0.145626;0.131551;0.173268;0.119773;0.143816;0.120586;0.109541;0.144688;0.116297;0.113595;0.131438;0.149057;0.586551;0.635621;1;0.741521;0.13703;1;
17;-0.0597253;-0.00751386;-0.0188244;0.0803553;-0.0253774;0.0734222;0.149996;0.120175;0.203517;0.0799526;0.127358;0.102169;0.0640158;0.1801;0.0792842;0.120836;0.0767645;0.172167;0.541481;0.628204;1;0.47468;0.716837;1;
18;-0.100509;0.0115438;-0.00275315;0.114446;-0.0815599;0.106909;0.170238;0.115177;0.243131;0.0211226;0.135942;0.0612883;0.0373883;0.241494;0.0789282;0.135894;0.0448297;0.179925;0.619446;0.728342;1;0.468068;0;1;
19;-0.119162;-0.0104031;-0.0218697;0.126951;-0.108388;0.112902;0.189779;0.109454;0.280191;-0.0255791;0.167173;0.0253828;0.0218372;0.291244;0.0628465;0.139407;0.0261798;0.197797;0.613926;0.866872;0.902713;0.490361;0;1;
20;-0.11416;-0.00762668;-0.0184455;0.105985;-0.106743;0.0927376;0.212956;0.110622;0.298548;-0.0441565;0.199752;0.00217995;0.0127534;0.291811;0.0624968;0.167541;0.0152884;0.203022;0.469632;1;0.528213;0.42898;0;1;
21;-0.0788918;0.00436167;-0.0188261;0.0741177;-0.0745606;0.0642957;0.230691;0.109419;0.286163;-0.0578711;0.222976;-0.0418365;0.00744945;0.343739;0.0426607;0.155882;0.00892777;0.174738;0.629842;0.833294;0.731634;0.559654;0;1;
22;-0.0140965;-0.0178467;0.0160314;0.0113121;-0.0115672;0.00556633;0.239744;0.108336;0.279121;-0.0402264;0.235236;-0.0378352;0.00435152;0.310462;0.024917;0.173187;0.00521314;0.171839;0.5018;1;0.533873;0.513144;0;1;
23;-0.0037963;-0.0213919;0.0920143;-0.0734582;0.0758958;-0.0794155;0.251858;0.116406;0.262469;-0.0372904;0.228705;-0.062364;-0.00979039;0.33692;0.0145518;0.173349;0.00304391;0.121177;0.974637;0.770816;0.426123;0.595254;0;1;
24;-0.0246479;-0.0512194;0.170989;-0.143292;0.161576;-0.163639;0.237917;0.108367;0.241982;-0.00990924;0.217605;-0.0506798;-0.0304169;0.326626;0.00849777;0.18697;0.00177705;0.106212;1;0.589579;0;0.493701;0;1;
25;0.0282075;-0.0432388;0.229131;-0.182134;0.223633;-0.224838;0.221547;0.103553;0.214561;0.00938971;0.200325;-0.0814659;-0.0206116;0.279053;0.00496217;0.173603;0.00103723;0.0613829;1;0.575206;0;0.436167;0;1;
26;0.0553347;-0.0827449;0.265006;-0.205978;0.261795;-0.262496;0.189969;0.0807477;0.179638;0.0436123;0.171324;-0.0772677;-0.012037;0.206951;0.00289733;0.161419;0.000605302;0.0335171;1;0.450952;0;0.442098;0;1;
27;0.0762866;-0.119808;0.284758;-0.218945;0.282882;-0.282412;0.14884;0.0696301;0.135369;0.0868393;0.130514;-0.0325961;-0.00354746;0.133946;0.00169176;0.150802;0.000352976;-0.0213107;1;0;0;0.41478;0;1;
28;0.166013;-0.174121;0.293477;-0.221621;0.309196;-0.294361;0.112136;0.0568876;0.077132;0.0929552;0.0743029;-0.0599051;0.0639691;0.0782279;0.000987559;0.103689;0.029992;-0.0981248;1;0;0;0.0910319;0.537059;1;
29;0.203518;-0.2238;0.323711;-0.251267;0.26557;-0.287306;0.0212196;0.0775022;0.000763976;0.120102;0.0636602;0.00928628;0.0503551;0.0456841;0.00193007;0.0605554;0.147154;-0.108484;1;0;0.659057;0.204455;0.764703;1;
30;0.186644;-0.24351;0.301859;-0.259551;0.221856;-0.293848;-0.0671035;0.130332;-0.0846201;0.155211;0.0501403;0.0904831;0.0899797;0.026679;0.0165953;0.0353636;0.226723;-0.0985842;1;0;1;0;1;0.841411;
31;0.18607;-0.239867;0.273946;-0.249235;0.124489;-0.269264;-0.106508;0.182472;-0.089425;0.197001;0.0262895;0.1592;0.121746;0.0155801;0.105926;0.0206517;0.197138;-0.0575739;0.717788;0;1;0;1;0;
32;0.13024;-0.218082;0.237984;-0.223552;0.140293;-0.235249;-0.112738;0.218623;-0.136835;0.227109;0.0309369;0.205033;0.118159;0.00909806;0.0786186;0.0120601;0.226946;-0.0336232;0.790757;0;1;0;1;0;
33;0.0912368;-0.181532;0.193155;-0.184727;0.0578383;-0.191558;-0.126356;0.239975;-0.134244;0.24493;0.0290991;0.232038;0.101997;0.00531278;0.0814366;0.00704243;0.221232;-0.0196364;0.99984;0;1;0;1;0;
34;0.0390978;-0.12925;0.136039;-0.131115;0.0140038;-0.135104;-0.105939;0.250866;-0.118392;0.25376;0.00913783;0.246231;0.119416;0.00310193;0.0969964;0.0041123;0.190653;-0.0114679;0.881229;0;1;0;1;0;
35;-0.0328499;-0.0564497;0.0604225;-0.0575388;-0.0108557;-0.0598686;-0.109047;0.249761;-0.15111;0.248919;0.0268123;0.249097;0.104051;0.00181092;0.0625753;0.00240106;0.209241;-0.00669766;1;0;1;0;1;0;
36;-0.106737;0.037515;-0.0351777;0.036879;-0.0768214;0.0355183;-0.0777092;0.233805;-0.132806;0.233452;0.0112885;0.230696;0.123875;0.00105703;0.0716007;0.00140169;0.1838;-0.00391194;1;0;1;0;1;0;
37;-0.189494;0.13314;-0.131755;0.132769;-0.156091;0.131974;-0.0566173;0.199682;-0.127332;0.208592;0.0317864;0.201719;0.108202;0.00061663;0.0616464;0.000818208;0.178695;-0.00228495;1;0;1;0;1;0;
38;-0.25186;0.205566;-0.20474;0.205346;-0.218737;0.204884;-0.0214258;0.166438;-0.0984351;0.199783;0.0384115;0.168525;0.114683;0.000359619;0.0560536;0.000531576;0.162059;-0.00133489;1;0;1;0.383364;1;0;
39;-0.280275;0.251273;-0.244221;0.225783;-0.217678;0.250875;0.0152657;0.15715;-0.0712541;0.176974;0.0323976;0.158369;0.130612;0.000209519;0.0327419;-0.0258942;0.139405;-0.000779888;1;0;1;0.924476;1;0;
40;-0.292393;0.277269;-0.253982;0.208655;-0.248069;0.277037;0.0477664;0.1295;-0.031075;0.141128;0.0373664;0.130212;0.122362;0.000121949;0.019119;-0.0151225;0.110444;-0.000455871;0.762841;0;1;1;1;0;
41;-0.291938;0.29305;-0.252526;0.203852;-0.258835;0.289924;0.0751459;0.0836825;0.0243998;0.105103;0.0614327;0.0840953;0.0968546;0.0219512;-0.0374149;0.0193133;0.0700008;-0.000266563;0.393922;0.399927;1;1;1;0;
42;-0.296816;0.252135;-0.270405;0.228229;-0.270402;0.314148;0.086928;0.046762;0.0461837;0.0294645;0.064783;0.0171836;0.0565633;0.120777;-0.027888;0.0337818;0.0408802;0.0387993;0;0.513457;1;1;0;0.699098;
43;-0.289277;0.223505;-0.271275;0.205849;-0.273851;0.299786;0.126063;0.0391255;0.102271;-0.0524816;0.11313;-0.065249;0.0330322;0.178698;-0.0250916;0.0826284;0.0238735;0.0701086;0;1;1;1;0;1;
44;-0.271311;0.187053;-0.267215;0.186039;-0.262302;0.277448;0.176215;0.0441702;0.162322;-0.10805;0.168662;-0.118185;0.0192902;0.217137;-0.0157112;0.100016;0.0139417;0.0698455;0;1;0.624451;0.797377;0;1;
45;-0.24222;0.121073;-0.239829;0.164435;-0.23696;0.245803;0.214243;0.0253866;0.20613;-0.125968;0.209833;-0.113617;0.0112648;0.211039;-0.00917572;0.107641;0.00814141;0.0953129;0;1;0;0.661367;0;1;
46;-0.202728;0.105036;-0.201331;0.118302;-0.199656;0.204817;0.237599;0.0203026;0.232861;-0.123679;0.235023;-0.127527;0.0065782;0.213014;-0.00535895;0.107886;0.00475392;0.0856865;0;1;0;0.711393;0;1;
47;-0.151113;0.0381419;-0.150297;0.0688617;-0.149319;0.152333;0.25004;0.0202338;0.247273;-0.130251;0.248536;-0.131142;0.00384112;0.210239;-0.00313014;0.094826;0.00277572;0.08253;0;1;0;0.785516;0;1;
48;-0.0821287;0.0145737;-0.0816524;0.00713104;-0.0810814;0.0828493;0.252422;0.00941042;0.252307;-0.111793;0.247601;-0.132875;0.00224269;0.186097;-0.00182842;0.116579;0.00162043;0.0875297;0;1;0;0.826824;0;1;
49;0.00827133;-0.0477246;0.00854945;-0.0695879;0.00888291;-0.00783406;0.240387;0.0155637;0.239976;-0.101593;0.238211;-0.139122;0.00130925;0.190125;-0.00106828;0.102291;0.000945679;0.0691267;0;1;0;0.947524;0;1;
50;0.107285;-0.130323;0.107448;-0.153489;0.107642;-0.107009;0.215308;0.0238524;0.207063;-0.0769635;0.21146;-0.126256;0.000764074;0.170828;-0.000624399;0.102785;0.000551732;0.0705448;0;1;0;1;0;1;
51;0.187824;-0.201271;0.187918;-0.227233;0.188032;-0.187644;0.208108;0.0353379;0.182016;-0.0429404;0.175785;-0.102965;0.000445826;0.156817;-0.000365046;0.0973023;0.000321678;0.0641341;0;1;0;1;0;1;
52;0.2406;-0.248448;0.240655;-0.279081;0.240722;-0.240484;0.186776;0.0538386;0.171538;-0.0142467;0.167899;-0.0798035;0.000260045;0.141851;-0.00021361;0.0897307;0.000187336;0.0510259;0.125685;1;0;1;0;1;
53;0.268104;-0.25796;0.271462;-0.297611;0.271501;-0.267176;0.153501;0.0472808;0.144599;0.0313934;0.142474;-0.0378783;-0.0181644;0.106026;-0.000125113;0.102108;0.000108952;0.0298042;1;0.986795;0;1;0;1;
54;0.266052;-0.278486;0.28748;-0.29466;0.287502;-0.260968;0.106848;0.0504536;0.10164;0.0691425;0.100399;0.00842634;-0.004252;0.0619344;-7.34593e-05;0.0961735;0.0049214;0.0174019;1;0.935945;0;0.725497;0.111376;1;
55;0.261196;-0.285954;0.292993;-0.304448;0.265655;-0.274161;0.042449;0.0621363;0.0393986;0.0787348;0.0546265;0.045119;0.0433595;0.0361696;0.0321452;0.0561684;0.0780622;-0.0108342;1;0.33556;0.792864;0.218712;0.644867;1;
56;0.248877;-0.287167;0.282721;-0.296406;0.235004;-0.278719;-0.0361413;0.10043;-0.0411201;0.110124;0.0415773;0.0904981;0.0871881;0.0211225;0.0715409;0.0328016;0.139318;-0.00468198;1;0;1;0;1;1;
57;0.22197;-0.27441;0.250421;-0.279805;0.176296;-0.269683;-0.108156;0.155996;-0.11117;0.161658;0.0424894;0.150197;0.0940761;0.0123351;0.0654275;0.0191555;0.203364;-0.00282127;0.980421;0;1;0;1;0.571214;
58;0.167586;-0.249533;0.200931;-0.252684;0.152496;-0.246773;-0.117307;0.201187;-0.135492;0.204493;0.023847;0.1978;0.111584;0.00720322;0.0814364;0.0111862;0.207997;-0.00164815;1;0;1;0;1;0;
59;0.147838;-0.213652;0.176119;-0.215492;0.0989308;-0.21204;-0.128344;0.230001;-0.127189;0.231931;0.0161785;0.228023;0.106014;0.00420604;0.085502;0.00653228;0.204366;-0.000962888;1;0;1;0;1;0;
60;0.122708;-0.166188;0.144271;-0.167263;0.0509219;-0.165247;-0.136092;0.24607;-0.130883;0.247197;0.016836;0.244915;0.093215;0.00245575;0.0860314;0.00381428;0.204769;-0.000562828;1;0;1;0;1;0;
61;0.0748612;-0.102882;0.0900909;-0.10351;0.0354881;-0.102332;-0.119862;0.25329;-0.129079;0.253837;0.00697924;0.252615;0.101657;0.00143355;0.0797469;0.00222702;0.190049;-0.000329173;1;0;1;0;1;0;
62;0.0019323;-0.0183092;0.0108515;-0.0186754;-0.0210507;-0.0179879;-0.115789;0.238796;-0.138885;0.241469;0.0120772;0.242932;0.0936759;0.000836561;0.0740094;0.00130011;0.185648;-0.000192711;1;0;1;0;1;0;
63;-0.090527;0.0809519;-0.085295;0.0807379;-0.103936;0.0811393;-0.0963104;0.22364;-0.12526;0.222845;0.0143847;0.221146;0.0884409;0.000488007;0.0695937;0.000758763;0.173748;-0.000113049;1;0;1;0;1;0;
64;-0.174128;0.168529;-0.171056;0.168404;-0.181947;0.168638;-0.0663344;0.206635;-0.105883;0.210426;0.0219342;0.189677;0.0833091;0.000284524;0.0705294;0.000442734;0.161013;-6.62576e-05;1;0;0.907797;0;1;0;
65;-0.227177;0.228636;-0.230117;0.18857;-0.192482;0.2287;-0.0306144;0.190943;-0.0822214;0.191884;0.0240214;0.18104;0.0992087;0.000165535;0.0454174;-0.0340644;0.135998;-3.917e-05;1;0;1;0.535116;1;0;
66;-0.258058;0.264704;-0.265568;0.171978;-0.219717;0.264741;-0.00283836;0.162151;-0.0556154;0.162702;0.0328175;0.156368;0.0898538;9.62247e-05;0.0265259;-0.0213936;0.119894;-2.33282e-05;1;0;1;0.821333;0.851605;0;
67;-0.265502;0.284224;-0.278909;0.186113;-0.221884;0.284246;0.0403989;0.120251;-0.00609989;0.120579;0.0313867;0.116873;0.0891482;5.57807e-05;-0.00959766;-0.0214864;0.0806202;-1.40666e-05;0.65731;0;1;1;0.498621;0;
68;-0.275881;0.278197;-0.280769;0.189013;-0.235837;0.292506;0.0741423;0.0615776;0.0485895;0.0617762;0.0236055;0.0595987;0.0520683;0.0615241;-0.0349705;-0.00257584;0.0470815;-8.52857e-06;0.200185;0.712031;1;1;0.367216;0;
69;-0.281987;0.26533;-0.27777;0.216099;-0.254573;0.315543;0.0953975;0.0304714;0.0804769;-0.016007;0.0658827;-0.0172875;0.0304072;0.141169;-0.0513939;0.0517718;0.0212565;0.0574728;0;0.583314;1;0.99074;0;0.680383;
70;-0.275277;0.22375;-0.283997;0.190704;-0.259475;0.294873;0.146097;0.027483;0.137386;-0.0902;0.12886;-0.100466;0.0177572;0.203377;-0.0307766;0.0782017;0.0124134;0.0743647;0;1;0.82138;0.844308;0;1;
71;-0.25527;0.172366;-0.260365;0.168963;-0.246041;0.266714;0.193425;0.0253817;0.18834;-0.129299;0.183359;-0.119546;0.0103697;0.211424;-0.0179739;0.093447;0.00724905;0.0789527;0;1;0.562401;0.630178;0;1;
72;-0.22328;0.110101;-0.226255;0.140261;-0.217891;0.229963;0.225283;0.00412937;0.222313;-0.133542;0.219404;-0.106134;0.00605535;0.193831;-0.010497;0.101182;0.00423282;0.10338;0;1;0;0.514713;0;1;
73;-0.17982;0.0893499;-0.181558;0.0834652;-0.176673;0.183722;0.243685;0.0132793;0.241951;-0.140888;0.240252;-0.135052;0.00353588;0.208081;-0.00613061;0.0885827;0.00247136;0.0776128;0;1;0;0.57397;0;1;
74;-0.121811;0.0689727;-0.122826;0.0232898;-0.119973;0.124091;0.252628;0.00152549;0.251615;-0.123467;0.250623;-0.134674;0.00206438;0.185759;-0.00358076;0.10367;0.00144272;0.0789976;0;1;0;0.618776;0;1;
75;-0.04351;0.0126502;-0.0441028;-0.0442555;-0.042437;0.0448518;0.247784;-0.00152031;0.245921;-0.111201;0.246472;-0.135921;0.00120518;0.174777;-0.00209157;0.101819;0.00084188;0.0729028;0;1;0;0.651959;0;1;
76;0.0536748;-0.0716958;0.0533286;-0.126919;0.0543016;-0.0528738;0.230331;0.00856438;0.229126;-0.1026;0.228151;-0.137247;0.000703307;0.171429;-0.00122198;0.0920928;0.000491098;0.0655428;0;1;0;0.799093;0;1;
77;0.147056;-0.157575;0.146854;-0.209874;0.147422;-0.14657;0.217067;0.0110707;0.200299;-0.0667586;0.192634;-0.11334;0.00041037;0.150035;-0.000714111;0.0956757;0.000286225;0.0702102;0;1;0;0.873231;0;1;
78;0.214855;-0.220991;0.214737;-0.276317;0.215069;-0.214558;0.201826;0.0367701;0.192033;-0.042987;0.160554;-0.0965333;0.0002392;0.136919;-0.00041741;0.0846024;0.000166546;0.0590431;0;1;0;0.943095;0;1;
79;0.256749;-0.260328;0.25668;-0.315647;0.256874;-0.25657;0.174323;0.0519988;0.168604;-0.00407472;0.15022;-0.0672612;0.000139253;0.108933;-0.000244194;0.078127;9.67966e-05;0.0482492;0;1;0;0.976289;0;0.940568;
80;0.277716;-0.275416;0.280118;-0.329022;0.280231;-0.279236;0.135018;0.0551857;0.131677;0.0413829;0.120941;-0.0278436;-0.0058748;0.0715149;-0.000142992;0.0768329;5.6104e-05;0.0281804;0.561926;1;0;0.896207;0;1;
81;0.281931;-0.287669;0.289906;-0.324693;0.29163;-0.273166;0.0807101;0.0499741;0.0787526;0.0863895;0.0724837;0.0121887;0.0212157;0.0417682;0.00404372;0.0605421;0.016167;0.0158292;0.994519;1;0.127117;0.712378;0.122485;1;
82;0.274159;-0.297042;0.286859;-0.320932;0.269411;-0.276593;0.00744004;0.0684443;0.00629454;0.122773;0.0418918;0.0468313;0.0655;0.0239099;0.0511476;0.0353592;0.0902194;0.0158927;0.967086;0;1;0.235663;0.724601;1;
83;0.239727;-0.287491;0.248941;-0.301443;0.202985;-0.284427;-0.0772947;0.121625;-0.077145;0.153355;0.0306984;0.109006;0.0879956;0.013963;0.0633972;0.0206498;0.159205;0.0130506;0.687655;0;1;0.171632;1;0.399618;
84;0.202483;-0.267331;0.215569;-0.275479;0.165026;-0.265542;-0.120474;0.176155;-0.132911;0.194684;0.0262602;0.168785;0.0893355;0.00815393;0.0686982;0.0120589;0.205528;0.00762104;0.854881;0;1;0;1;0;
85;0.162042;-0.236282;0.174718;-0.241041;0.137049;-0.235238;-0.125889;0.214717;-0.136626;0.225538;0.0111752;0.210413;0.104343;0.00476138;0.0773497;0.0070418;0.198863;0.00445014;0.765832;0;1;0;1;0;
86;0.150993;-0.194835;0.156676;-0.197614;0.0772903;-0.194225;-0.139607;0.237776;-0.12931;0.244096;0.00835934;0.235263;0.092435;0.00278001;0.0843942;0.00411192;0.19614;0.00259848;0.876659;0;1;0;1;0;
87;0.115007;-0.140613;0.118328;-0.142236;0.0390263;-0.140257;-0.14131;0.249801;-0.131902;0.253491;0.00640249;0.248333;0.0841474;0.00162296;0.0793965;0.00240082;0.195233;0.00151695;0.914038;0;1;0;1;0;
88;0.0529937;-0.0679528;0.0549411;-0.0689002;0.00862329;-0.0677444;-0.125619;0.248947;-0.131573;0.249421;-0.00191709;0.249931;0.0885492;0.000947208;0.0774771;0.00140155;0.180163;0.000885408;1;0;1;0;1;0;
89;-0.0343479;0.0256082;-0.0332032;0.0250549;-0.0602556;0.0257299;-0.118968;0.232042;-0.136176;0.233411;0.00547718;0.236184;0.0811152;0.000552557;0.0728296;0.000818032;0.172253;0.000516588;1;0;1;0;1;0;
90;-0.128289;0.123194;-0.127636;0.100761;-0.140166;0.123265;-0.0849865;0.21008;-0.106007;0.217214;-0.00372725;0.204206;0.0964483;0.000322166;0.0717037;-0.00441272;0.147753;0.000301166;1;0;1;0.230228;0.973451;0;
91;-0.196872;0.198909;-0.201514;0.128462;-0.154805;0.198951;-0.0564854;0.202303;-0.0994337;0.206472;-0.00184365;0.194747;0.100525;0.00018756;0.0475203;-0.0184618;0.145565;0.000175602;0.985636;0;1;0.579873;0.725149;0;
92;-0.23317;0.247307;-0.24883;0.110931;-0.189568;0.247332;-0.0277324;0.180079;-0.0699653;0.182517;0.00240401;0.175666;0.0961743;0.000109099;0.0277532;-0.0178763;0.129987;0.000101973;0.740103;0;1;0.839029;0.575129;0;
93;-0.245868;0.275112;-0.275999;0.149811;-0.19042;0.275127;0.0112405;0.145419;-0.0589898;0.150961;-0.00570902;0.142842;0.0946359;6.3184e-05;0.00501002;-0.0254434;0.0855971;5.9278e-05;0.554521;0;1;1;0;0;
94;-0.251176;0.289114;-0.289587;0.213845;-0.234408;0.289122;0.0251787;0.0964419;-0.0632014;0.125118;-0.0135735;0.0949367;0.0552774;3.65951e-05;-0.0886666;0.0344278;0.0499886;3.4067e-05;0.460971;0;1;1;0.0618345;0;
95;-0.260118;0.268795;-0.280038;0.239032;-0.261286;0.293239;0.0764836;0.0369074;-0.00945761;0.0456235;0.0195285;0.027984;0.0322844;0.0962925;-0.0713354;0.027897;0.0291928;1.94729e-05;0.140564;0.842598;1;1;0;0;
96;-0.268881;0.237844;-0.291992;0.191476;-0.269563;0.296088;0.115988;-0.0110993;0.0657946;-0.0310378;0.0827266;-0.0549819;0.0188537;0.161107;-0.0851361;0.075694;0.017048;-0.00149726;0;0.37847;1;1;0;0.340493;
97;-0.261045;0.216619;-0.274546;0.16209;-0.261443;0.27982;0.168584;0.00691407;0.139266;-0.09317;0.149159;-0.132955;0.01101;0.205844;-0.0778534;0.0916735;0.00995576;0.0013374;0;0.704983;1;0.918216;0;0.876251;
98;-0.238285;0.212869;-0.256159;0.13063;-0.238518;0.249253;0.209397;0.01979;0.192268;-0.119293;0.198053;-0.188586;0.00642934;0.224907;-0.0702193;0.103999;0.00581366;0.00303448;0;1;0.762953;0.718296;0;1;
