1;-0.000363587;0.000116064;9.94837e-05;-0.000363587;0.000116064;9.94836e-05;0.0349769;0.0347456;0.0352595;0.0349769;0.0347455;0.0352594;0.808667;0.808665;0.808666;0.808667;0.808665;0.808666;0;0;0;0;0;0;
2;0.00581151;-0.0249339;-0.0348613;0.0106407;0.0241897;0.0469409;0.168558;0.240585;0.160457;0.11899;0.140588;0.281455;0.472462;0.47242;0.472403;0.4724;0.472402;0.472541;0.56275;0.895883;0.692606;1;1;1;
3;0.0136837;0.0265749;-0.021304;-0.0135311;0.062618;0.0413865;0.0985257;0.153664;0.105005;0.090421;0.0821875;0.179512;0.275938;0.275933;0.2759;0.275892;0.275906;0.276003;0.58896;0.586807;0;0.68524;0;1;
4;0.00862605;0.014887;-0.0118066;-0.00312444;0.0372033;0.0235365;0.0575144;0.1216;0.065843;0.0825079;0.0479685;0.104872;0.161154;0.161168;0.161131;0.161133;0.161128;0.161196;0.446746;1;0.677458;0.617249;0;1;
5;0.00591323;0.00781959;-0.00601821;0.0144471;0.0226024;0.0128709;0.0333314;0.0834214;0.0448822;0.0851544;0.0277566;0.0615074;0.0941139;0.0941374;0.0941056;0.0941118;0.0940977;0.0941432;0;0.686359;0.840902;1;0;0.959995;
6;0.00456078;0.00351188;-0.00237815;0.00761493;0.0143066;0.0064092;0.018806;0.0551261;0.0338806;0.0512782;0.0155503;0.0365785;0.054962;0.0549839;0.0549598;0.0549645;0.0549519;0.0549798;0;0.527387;0.0247516;0.764657;0;0;
7;0.00876753;0.00411306;0.0119593;-0.0363305;0.00959844;0.0108652;0.0261839;0.0783757;0.0230238;0.0565577;0.00777917;0.0600814;0.0321;0.0425897;0.0320988;0.0321031;0.0320914;0.0321099;0.516568;0.773074;0.66265;0.710324;0;0.729153;
8;0.00948188;0.0039085;0.00811798;-0.0223532;0.00673879;0.0108025;0.0515412;0.0771304;0.0111988;0.0352807;0.00205889;0.0806639;0.0347419;0.0459283;0.0187462;0.0187504;0.0187411;0.0187576;0.82205;0.816404;0.16324;0.432141;0;1;
9;0.00683098;-0.00769897;0.00527922;-0.0135932;0.00478735;0.00686002;0.0688329;0.0550482;0.0030052;0.024137;0.00239885;0.0572583;0.0392777;0.026828;0.0109475;0.0109504;0.0109453;0.0119618;0.905464;0.490946;0;0.0791598;0.488001;1;
10;0.00415068;-0.00485772;0.00585467;-0.0070434;0.00190089;0.00919655;0.0753159;0.037278;0.0164234;-0.00108704;0.0118461;0.0846544;0.0535053;0.0156694;0.0159451;0.00639483;0.00639281;0.0141916;1;0.468025;0.960032;0;0.722044;1;
11;-0.00122107;0.000808825;-0.00022637;-0.000467513;-0.00253538;0.0165498;0.0706577;0.0286351;0.00959352;0.00623047;0.0102119;0.0648815;0.0501372;0.00915046;0.0104996;0.00373439;0.00373487;0.0104947;1;0;0.721164;0;0.639387;1;
12;-0.00901192;0.00877166;-0.00843153;0.00802662;-0.00977994;0.0264574;0.0622426;0.0051445;0.0186207;0.0119877;0.0098581;0.0715115;0.0444641;0.00534343;0.0154329;0.00218065;0.00218281;0.00613225;1;0;0.818664;0;0.676192;1;
13;-0.02072;0.0205804;-0.0203817;0.0201455;-0.0211688;0.0309098;0.0600289;0.0118331;0.0100594;0.0124908;0.0121822;0.0672734;0.0487826;0.00312013;0.0100204;0.00127332;0.0012767;0.00735533;1;0;1;0;0.728749;1;
14;-0.0375959;0.0375152;-0.0373991;0.0372613;-0.0378584;0.0435484;0.0710275;0.00720475;0.0135237;0.00851281;0.0151146;0.0648914;0.0522343;0.00182176;0.0101047;0.000743411;0.000747433;0.0108476;1;0;0.698256;0;0.964792;1;
15;-0.0600363;0.05999;-0.0599223;0.059842;-0.0601902;0.0635143;0.0934698;-0.0127826;0.0192575;-0.00866827;0.0213815;0.0553743;0.0535349;0.0010638;0.00590434;0.000433999;0.000437884;0.00950973;1;0.387647;0.744995;0.103116;0.618092;1;
16;-0.0865762;0.0865493;-0.0865107;0.0864641;-0.0866673;0.0886093;0.111499;-0.00792854;0.0314174;-0.0164977;0.0319612;0.0453421;0.0481305;0.00425034;0.00344905;0.000253677;0.000256123;0.0128226;1;0.573496;0.5249;0.235924;0.393749;1;
17;-0.113025;0.113008;-0.112988;0.112961;-0.113079;0.114214;0.132471;-0.0206789;0.0512249;-0.0425117;0.0515422;-0.00638671;0.0288101;0.0226388;0.00201407;0.000148883;0.000149354;0.0122377;0.886253;0.808876;0;0.534685;0;1;
18;-0.132746;0.132736;-0.132724;0.132709;-0.132778;0.133441;0.148945;-0.0462865;0.0914801;-0.0863905;0.0916655;-0.0652866;0.0168262;0.040237;0.00117575;8.78692e-05;8.69533e-05;0.00714987;0.401652;1;0;0.397398;0;1;
19;-0.13828;0.138273;-0.138268;0.138258;-0.138298;0.138686;0.174767;-0.111889;0.141207;-0.138233;0.141316;-0.125903;0.00982578;0.0483679;0.000686069;5.21784e-05;5.05216e-05;0.00417737;0;1;0;0.538027;0;1;
20;-0.123548;0.123543;-0.123541;0.123536;-0.123559;0.123786;0.204187;-0.163307;0.184589;-0.182851;0.184652;-0.175646;0.00573773;0.0282561;0.000400156;3.03845e-05;2.91177e-05;0.00243978;0;1;0;0.485805;0;1;
21;-0.0843748;0.0843707;-0.0843707;0.0843677;-0.0843804;0.0845138;0.225566;-0.167842;0.214121;-0.213106;0.214158;-0.208894;0.0033503;0.0353957;0.000233156;1.71348e-05;1.65777e-05;0.00142381;0;1;0;0.448061;0;1;
22;-0.0172995;0.0172953;-0.0172971;0.0172957;-0.0173016;0.0173809;0.236749;-0.155697;0.230065;-0.229471;0.230086;-0.222113;0.00195595;0.0327362;0.000135556;8.94208e-06;9.2685e-06;0.000830005;0;1;0;0.537998;0;1;
23;0.0725468;-0.0725519;0.0725482;-0.0725487;0.0725479;-0.072499;0.228815;-0.141013;0.228154;-0.222523;0.229196;-0.20809;0.0011417;0.0329628;7.8593e-05;3.98321e-06;4.95757e-06;-0.00401316;0;1;0;0.545245;0;1;
24;0.159617;-0.159623;0.159618;-0.159618;0.159621;-0.159589;0.211914;-0.11026;0.204136;-0.184632;0.194504;-0.17714;0.00066634;0.0479287;4.55028e-05;1.16823e-06;2.42021e-06;-0.00234386;0;0.902343;0;0.59517;0;1;
25;0.222487;-0.222493;0.222489;-0.222489;0.222491;-0.222469;0.210348;-0.0990216;0.192458;-0.147829;0.186526;-0.135455;0.0180928;0.0283325;2.59303e-05;8.37762e-07;9.92803e-07;-0.00136976;0.65919;1;0;0.563838;0;1;
26;0.261123;-0.26113;0.261127;-0.261127;0.261128;-0.261111;0.177186;-0.0928288;0.16673;-0.138177;0.163266;-0.0870242;0.0232056;0.0165502;1.47188e-05;5.41823e-07;1.04061e-07;-0.00952864;0.783973;0.68659;0;0.165375;0;1;
27;0.282486;-0.282494;0.282492;-0.282492;0.282492;-0.28248;0.15491;-0.0481409;0.127831;-0.111159;0.125808;-0.0151743;0.0499158;0.00966672;8.25349e-06;2.86692e-07;-3.8164e-07;-0.00926146;1;0.468119;0;0;0;1;
28;0.287746;-0.292155;0.292154;-0.292154;0.292154;-0.28978;0.0966641;-0.0261908;0.0727298;-0.0629961;0.0715485;0.0911065;0.0587517;0.00564712;4.42007e-06;1.51424e-07;-5.69136e-07;0.0241867;1;0.533426;0;0;0;1;
29;0.281532;-0.295001;0.292645;-0.294121;0.295352;-0.291357;0.0121865;0.0289847;-0.00180923;0.00749163;-0.00249767;0.182329;0.0678546;0.00329751;0.0208096;4.7109e-08;0.000402098;0.0383062;1;0;0.750242;0;0.469721;1;
30;0.277225;-0.285092;0.283715;-0.284578;0.285859;-0.282964;-0.0779531;0.101997;-0.086111;0.0894463;-0.0865151;0.216464;0.039631;0.00192529;0.0458397;-1.10303e-07;0.0137385;0.0223712;0.449632;0;1;0;1;0.0327041;
31;0.259556;-0.264151;0.263346;-0.26385;0.264602;-0.262908;-0.151882;0.165924;-0.156633;0.158595;-0.156872;0.232773;0.0231468;0.00112385;0.0303473;-2.58788e-07;0.00802413;0.0130643;0.593394;0;1;0;1;0;
32;0.22958;-0.232264;0.231793;-0.232087;0.232529;-0.231537;-0.200758;0.20896;-0.195242;0.20468;-0.203665;0.247999;0.01352;0.000655765;0.0230526;-4.21217e-07;0.00468476;0.00762917;0.557697;0;1;0;1;0;
33;0.188247;-0.189815;0.189539;-0.189712;0.189972;-0.18939;-0.229541;0.234332;-0.200186;0.231832;-0.217558;0.25713;0.00789738;0.000382339;0.0160766;-6.3468e-07;-0.0108036;0.00445507;0.561757;0;1;0;1;0;
34;0.133171;-0.134087;0.133927;-0.134026;0.13418;-0.133838;-0.244774;0.247571;-0.211742;0.246111;-0.21865;0.254457;0.00461208;0.000222684;0.0150866;-8.45642e-07;-0.00631251;0.00260128;0.519295;0;1;0;1;0;
35;0.0587393;-0.0592758;0.0591813;-0.059239;0.0593324;-0.0591294;-0.244468;0.248701;-0.208963;0.249762;-0.20893;0.249162;0.00269364;0.000129451;0.00881227;-9.60397e-07;-0.00716398;0.00151864;0.70769;0;1;0;1;0;
36;-0.0361781;0.0358634;-0.0359195;0.0358863;-0.035829;0.0359503;-0.22597;0.227345;-0.199838;0.236096;-0.175874;0.236206;0.00157361;7.50022e-05;0.00514816;-1.05931e-06;-0.00418388;0.000886383;0.762752;0;1;0;1;0;
37;-0.13236;0.132174;-0.132208;0.132189;-0.132152;0.132227;-0.201094;0.200813;-0.174479;0.208782;-0.154888;0.203876;0.000919826;4.32693e-05;0.00300862;-9.19599e-07;0.0119358;0.000517354;0.748007;0;1;0;1;0;
38;-0.205109;0.205001;-0.20502;0.20501;-0.204986;0.205032;-0.172496;0.164237;-0.133411;0.199892;-0.130997;0.173354;0.000537863;2.46733e-05;0.0102037;-1.09272e-06;0.0069725;0.000301719;0.583231;0;1;0;0.951175;0;
39;-0.251006;0.250943;-0.250953;0.250948;-0.250933;0.250961;-0.16069;0.155865;-0.0897993;0.176687;-0.10534;0.161189;0.000314297;1.38647e-05;0.0104338;-1.02866e-06;0.00407166;0.000175659;0.390312;0;0.931356;0;0.858379;0;
40;-0.277113;0.277076;-0.27708;0.277079;-0.27707;0.277086;-0.131569;0.128749;-0.0348619;0.140909;-0.0469863;0.131859;0.000183501;7.61071e-06;0.0112106;-1.00952e-06;0.00237787;0.000102183;0;0;1;0;0.831288;0;
41;-0.289969;0.289947;-0.289949;0.289948;-0.289943;0.289953;-0.084891;0.0832413;0.0412441;0.0903429;-0.0354929;0.0850575;0.000106863;3.94409e-06;0.0379503;-8.08866e-07;0.00138869;5.95604e-05;0.0052814;0;1;0;0;0.066329;
42;-0.28982;0.293158;-0.29316;0.293159;-0.293157;0.295218;-0.0176425;0.0166804;0.0901096;0.0208269;0.0112024;0.0177457;6.32044e-05;1.88982e-06;0.022165;-7.33714e-07;0.000810867;0.0068032;0.674563;0;0.558748;0;0;0.809693;
43;-0.285191;0.28714;-0.287142;0.287141;-0.28714;0.295582;0.0649946;-0.0655456;0.127921;-0.0631367;0.0818387;-0.0649241;3.6891e-05;0.0169992;0.0129442;-5.69651e-07;0.000473317;0.0139609;0;1;0;0;0;1;
44;-0.268925;0.270063;-0.270064;0.270063;-0.270064;0.274995;0.140551;-0.140861;0.1773;-0.139468;0.150388;-0.140499;2.11443e-05;0.016594;0.00755893;-4.25658e-07;0.000276092;0.0124036;0;1;0;0;0;1;
45;-0.240828;0.241494;-0.241493;0.241492;-0.241493;0.244374;0.193416;-0.193588;0.214877;-0.192786;0.199161;-0.193379;1.19547e-05;0.00969384;0.00441396;-3.40628e-07;0.000160841;0.0072443;0;1;0;0;0;1;
46;-0.201915;0.202305;-0.202303;0.202302;-0.202303;0.203986;0.225436;-0.219082;0.237969;-0.225071;0.228791;-0.225409;6.51543e-06;0.00566257;0.00257723;0.00665338;9.34736e-05;0.00422953;0;1;0;0.0913979;0;1;
47;-0.150638;0.150867;-0.150865;0.150864;-0.150865;0.151849;0.242937;-0.198412;0.250257;-0.242723;0.244897;-0.227019;3.30934e-06;0.00330855;0.00150448;0.00388772;5.40978e-05;0.00246821;0;1;0;0.242997;0;1;
48;-0.0818518;0.0819864;-0.0819845;0.0819834;-0.0819842;0.0825594;0.250607;-0.187038;0.251812;-0.247295;0.251751;-0.22631;1.40663e-06;0.0136886;0.000877944;0.00227296;3.11019e-05;0.0014398;0;1;0;0.264796;0;1;
49;0.00843276;-0.00835332;0.00835529;-0.0083556;0.0083557;-0.00801936;0.238725;-0.145221;0.236752;-0.226209;0.233705;-0.218941;2.11552e-07;0.037537;0.000512185;0.00132593;1.77052e-05;-0.000553854;0;1;0;0.614868;0;1;
50;0.107379;-0.107331;0.107334;-0.107334;0.107334;-0.107136;0.216048;-0.114197;0.21701;-0.203147;0.208742;-0.190082;-6.12819e-07;0.0420938;0.000298437;-0.00302063;9.90689e-06;-0.0111583;0;1;0;0.661294;0;1;
51;0.187878;-0.187846;0.187852;-0.187853;0.187851;-0.187734;0.20854;-0.111998;0.209102;-0.1716;0.175764;-0.166153;-8.94791e-07;0.0245877;0.000173775;-0.00176404;5.30782e-06;-0.00651629;0;1;0;0.578535;0;1;
52;0.240632;-0.240615;0.240617;-0.240616;0.240616;-0.240547;0.187029;-0.0438566;0.187357;-0.152077;0.166362;-0.10936;-1.04716e-06;0.0639273;0.000101032;-0.00103004;2.76982e-06;-0.00380516;0;0.980821;0;0.278347;0;1;
53;0.271449;-0.271441;0.27144;-0.271438;0.271439;-0.271398;0.153646;-0.000175227;0.153837;-0.115089;0.141577;-0.0638636;-1.05657e-06;0.0565352;5.85868e-05;0.0118255;1.2775e-06;0.00282444;0;1;0;0.385166;0;1;
54;0.287472;-0.287467;0.287467;-0.287465;0.287466;-0.261655;0.106929;0.0138018;0.107055;-0.0389374;0.0998747;0.0412542;-0.0125578;0.0330215;0.0393851;0.020749;2.88752e-07;0.0407368;0.986951;0.370676;1;0.436966;0;1;
55;0.203677;-0.203675;0.203674;0.0826433;-0.0826283;0.0977199;0.101581;-0.0119016;0.0869832;-0.0189562;0.0782906;0.0179799;0.0171322;0.0192865;0.0230072;0.0121203;1.46918e-08;0.0237979;0.954066;0.259139;0.883966;0.581438;0;1;
56;0.152835;-0.152837;0.152833;0.285479;-0.285464;0.294285;0.123471;-0.052943;0.114941;-0.0752074;0.109862;-0.0536337;0.0100073;0.0398684;0.0134358;0.022582;-2.97215e-07;0.0215059;0.732713;0.981446;0;0.53843;0;1;
57;0.119742;-0.119747;0.119741;0.380126;-0.38012;0.385278;0.169452;-0.105452;0.164471;-0.141258;0.161504;-0.128655;0.00584372;0.0658917;0.00784607;0.0277143;-6.24105e-07;0.040561;0;1;0;0.633869;0;1;
58;0.0954372;-0.0954384;0.0954364;0.384052;-0.400548;0.403565;0.209045;-0.139838;0.206137;-0.192575;0.204404;-0.185207;0.00341214;0.0521276;0.00458157;0.0227201;-7.43464e-07;0.033255;0;1;0;0.666092;0;1;
59;0.075142;-0.0751428;0.0751414;0.360132;-0.36977;0.371534;0.234589;-0.168757;0.232891;-0.224965;0.231879;-0.203855;0.00199209;0.0348504;0.00267518;0.0132731;-8.726e-07;0.0194281;0;1;0;0.614091;0;1;
60;0.0836138;-0.0852996;0.0868763;0.168905;-0.17454;0.175573;0.025266;0.0131916;0.0242684;-0.01965;0.0237012;-0.00730683;-0.0161901;0.0203544;0.105778;0.00775189;0.0158796;0.0937495;1;0;0.994299;0;0;1;
61;0.0546583;-0.0556447;0.0565667;0.0928092;-0.0961015;0.0967067;-0.0948288;0.117284;-0.0954013;0.0981187;-0.0957371;0.105333;-0.00945473;0.0118874;0.0617871;0.0235436;0.0236104;0.0547527;0.808562;0;1;0;1;0;
62;-0.00985385;0.00927586;-0.0087383;0.0954699;-0.0919981;0.0962507;-0.161078;0.174195;-0.161408;0.163003;-0.161602;0.167217;-0.00551958;0.00694179;0.0360907;0.0137491;0.0137904;0.0319754;1;0;1;0;1;0;
63;-0.0973986;0.0970573;-0.0967467;0.147398;-0.145367;0.147854;-0.192637;0.200301;-0.192503;0.193765;-0.138712;0.196225;-0.00322223;0.00405348;0.0210797;0.00802902;0.0199316;0.018673;0.941942;0;1;0;1;0;
64;-0.178133;0.177931;-0.177753;0.207333;-0.206143;0.207599;-0.160923;0.194844;-0.176796;0.196486;-0.10015;0.196435;-0.00188011;0.00236675;0.0123112;0.00468839;0.0247188;0.0109043;1;0;1;0;1;0;
65;-0.234244;0.234126;-0.234022;0.251297;-0.250599;0.251452;-0.114775;0.184058;-0.135241;0.185017;-0.0621942;0.184987;0.0102126;0.00138168;0.00719106;0.00273754;0.0180507;0.00636751;1;0;1;0;1;0;
66;-0.267978;0.267909;-0.267849;0.277937;-0.277528;0.278028;-0.0453704;0.15813;-0.0909079;0.15869;-0.0167183;0.158673;0.0214166;0.000806371;0.0042008;0.00159832;0.016416;0.00371814;1;0;0.8103;0;0.971821;0;
67;-0.286135;0.286096;-0.28606;0.291952;-0.291712;0.292005;-0.00569171;0.117903;-0.0674576;0.11823;0.00628361;0.11822;0.0125114;0.000470481;0.00245446;0.000933015;0.0165692;0.00217094;1;0;1;0;1;0;
68;-0.293608;0.293587;-0.293565;0.297006;-0.296866;0.349018;0.0394904;0.0602039;-0.0307405;0.0603909;0.0323059;0.0631694;0.00730833;0.0179425;0.001434;0.000544621;0.009677;0.0344489;0.597439;0.54796;0.415527;0;0.4799;0.904636;
69;-0.29234;0.298345;-0.292619;0.28549;-0.294243;0.326147;0.0751608;-0.0169234;0.0341461;-0.0168328;0.0709652;-0.0151911;0.00426768;0.0375704;0.000837209;0.000317842;0.00565104;0.0437042;0;1;0;0;0;1;
70;-0.281323;0.28483;-0.281486;0.277322;-0.282434;0.301067;0.134279;-0.100255;0.110326;-0.100215;0.131829;-0.0992454;0.00249193;0.026851;0.000488616;0.000186091;0.00329982;0.0255285;0;1;0;0.38872;0;1;
71;-0.2588;0.260848;-0.258896;0.256463;-0.259449;0.270331;0.186523;-0.166641;0.172535;-0.166627;0.185093;-0.166058;0.00145493;0.0156863;0.000284886;0.0133521;0.00192664;0.0149095;0;1;0;0.444629;0;1;
72;-0.225342;0.226538;-0.225398;0.223977;-0.225721;0.232078;0.221252;-0.207592;0.213083;-0.209632;0.220417;-0.209294;0.00084912;0.00916347;0.00016591;0.00779743;0.00112475;0.00870679;0;1;0;0.397703;0;1;
73;-0.181024;0.181722;-0.181057;0.180227;-0.181246;0.184958;0.241331;-0.192184;0.23656;-0.234544;0.240843;-0.234344;0.000495297;0.00535369;9.63059e-05;0.00455264;0.000656404;0.00508254;0;1;0;0.548791;0;1;
74;-0.122514;0.122922;-0.122533;0.122048;-0.122644;0.124812;0.251253;-0.195043;0.248467;-0.247289;0.250968;-0.237823;0.000288656;0.00312867;5.56498e-05;0.00265739;0.000382863;0.00296599;0;0.957427;0;0.576756;0;1;
75;-0.0439204;0.0441595;-0.0439315;0.0436486;-0.0439965;0.0452624;0.247149;-0.179476;0.24702;-0.24633;0.246706;-0.226949;0.000167944;0.00871081;3.18604e-05;0.00155073;0.000223114;0.000683795;0;1;0;0.529188;0;1;
76;0.0534356;-0.0532943;0.0534291;-0.053594;0.0533906;-0.0526516;0.232828;-0.154952;0.232448;-0.230569;0.223396;-0.20944;9.74439e-05;0.0198726;1.79562e-05;0.000904779;0.000129866;-0.00795326;0;1;0;0.503379;0;1;
77;0.146917;-0.146832;0.146913;-0.147009;0.146889;-0.146456;0.211336;-0.132222;0.197096;-0.218007;0.198968;-0.180709;5.63728e-05;0.0221846;1.01354e-05;0.000527948;7.54617e-05;-0.00464573;0;1;0;0.41066;0;1;
78;0.214774;-0.214721;0.214772;-0.214828;0.214757;-0.214502;0.198479;-0.098869;0.154881;-0.202376;0.191256;-0.13475;3.22509e-05;0.0156641;5.2408e-06;0.000308467;4.36619e-05;-0.0110786;0;1;0;0.376747;0;1;
79;0.256702;-0.256669;0.2567;-0.256733;0.256691;-0.256541;0.172368;-0.0572777;0.146742;-0.174645;0.16815;-0.0911412;1.83569e-05;0.0434021;2.59025e-06;0.000180298;2.51128e-05;-0.00646918;0;1;0;0.328462;0;1;
80;0.28013;-0.280113;0.280129;-0.280147;0.280124;-0.280034;0.133876;0.0407562;0.11891;-0.135205;0.131412;-0.0279767;1.03188e-05;0.0547221;1.20902e-06;0.0182749;1.42893e-05;0.0113729;0;1;0;0.282181;0;1;
81;0.29115;-0.291141;0.291149;-0.291158;0.291145;-0.259798;0.0800426;0.0393003;0.0762889;-0.080805;0.0785977;0.058391;-0.016166;0.0319596;0.0428167;0.0310724;7.86492e-06;0.0143509;0.883603;0;1;0.559476;0;1;
82;0.293505;-0.302584;0.292872;-0.289501;0.29281;-0.258893;0.00704071;0.0626583;0.00485877;-0.0074754;0.006196;0.13559;-0.00943823;0.0186639;0.0507274;0.0181483;0.0137976;0.0144097;0.702596;0;1;0.396175;0.648873;0.983796;
83;0.285424;-0.290728;0.285056;-0.283087;0.285021;-0.257338;-0.0775412;0.118247;-0.0788007;0.0772885;-0.0780232;0.160842;-0.0054939;0.0108992;0.0472928;0.0105984;0.0208139;0.00841731;0.547091;0;1;0;1;0.636891;
84;0.266124;-0.269223;0.26591;-0.26476;0.265889;-0.223009;-0.150408;0.174181;-0.151132;0.150262;-0.148027;0.199059;-0.00320818;0.00636471;0.0310694;0.00618906;0.0463686;0.0049169;0.639373;0;1;0;0.834682;0.457964;
85;0.235578;-0.237388;0.235453;-0.234781;0.235439;-0.210396;-0.199678;0.213565;-0.200096;0.199596;-0.182083;0.228095;-0.00187194;0.00371663;0.0181466;0.00361387;0.0348391;0.00287269;1;0;1;0;1;0.631119;
86;0.194422;-0.195481;0.194352;-0.193959;0.194343;-0.179715;-0.22899;0.237104;-0.229233;0.228946;-0.205394;0.245594;-0.00109235;0.00217001;0.0105987;0.00211006;0.0203523;0.00244075;1;0;1;0;1;0.791917;
87;0.140371;-0.140991;0.140332;-0.140102;0.140328;-0.131782;-0.244668;0.249408;-0.218046;0.244644;-0.205083;0.254367;-0.000637752;0.00126669;0.0061908;0.00123187;0.0118847;0.00142546;0.742907;0;1;0;1;0.470793;
88;0.0678107;-0.0681732;0.0677895;-0.0676543;0.0677884;-0.0627957;-0.241161;0.25099;-0.214171;0.25099;-0.200362;0.250389;-0.000372278;0.000739133;0.0036171;0.000718955;0.00693885;0.0008319;0.723058;0;1;0;1;0;
89;-0.0256915;0.0254795;-0.0257021;0.0257821;-0.0257019;0.0286195;-0.223131;0.229529;-0.184739;0.238523;-0.180858;0.237697;-0.00021688;0.000430981;0.0182925;0.000419421;0.00405061;0.000485449;0.928592;0;1;0;1;0;
90;-0.123242;0.123118;-0.123248;0.123296;-0.123246;0.124953;-0.196354;0.20927;-0.173706;0.206211;-0.152247;0.207169;-0.000126053;0.000251062;0.0144565;0.000244456;0.00236498;0.000283083;0.921126;0;1;0;1;0;
91;-0.198936;0.198864;-0.19894;0.198968;-0.198936;0.199936;-0.14848;0.195118;-0.155025;0.166234;-0.110298;0.182246;0.00441487;0.000146128;0.00844385;0.000142449;0.0076349;0.000164979;1;0;0.873867;0;1;0;
92;-0.247322;0.247281;-0.247325;0.247341;-0.247321;0.247907;-0.0891329;0.175882;-0.114798;0.142564;-0.0496108;0.168365;0.0112168;8.47596e-05;0.0049328;8.28219e-05;0.019059;9.57813e-05;1;0;1;0;1;0;
93;-0.27512;0.275097;-0.275122;0.275132;-0.275119;0.275462;-0.0519178;0.142969;-0.0704304;0.123511;-0.0288324;0.138579;0.0108573;4.89876e-05;0.002882;4.79088e-05;0.0111334;5.55595e-05;1;0;0.801324;0;1;0;
94;-0.289118;0.289105;-0.289119;0.289126;-0.289117;0.289318;0.00696989;0.0950107;-0.0526473;0.0836476;0.0107183;0.0924469;0.00634246;2.81874e-05;0.00168421;2.76538e-05;0.00650401;3.211e-05;0.757547;0;0.772712;0;0.99063;0;
95;-0.293236;0.29323;-0.293237;0.293241;-0.293236;0.318951;0.0321957;0.0280699;-0.00329009;0.0213916;0.0337163;0.0282589;0.00821498;0.0351361;0.000983287;1.59042e-05;0.00379844;0.0270023;0.580555;1;0;0;0.220398;1;
96;-0.288222;0.288219;-0.288223;0.288224;-0.288222;0.315968;0.0901235;-0.0549125;0.0694003;-0.0588287;0.0910123;-0.0548038;0.00479709;0.0384257;0.000574025;0.00325278;0.00221801;0.0314502;0;1;0;0.473006;0;1;
97;-0.198041;0.198044;-0.198042;-0.0397025;0.0396579;-0.0234886;-0.0481994;0.0687755;-0.0603159;0.0664962;-0.0476698;0.0688453;0.0514377;0.0224417;0.00233975;0.00189958;0.00446169;0.0345548;1;0;0;0;0.462281;1;
98;-0.198978;0.232682;-0.197456;0.0626409;-0.0626731;0.0721131;0.0827912;-0.0707548;0.0757127;-0.0721124;0.0831082;-0.0707213;0.030041;0.0538489;0.00883144;0.00110971;-0.00216724;0.0462467;0;1;0;0;0;1;
