1;-0.000363587;0.000116064;9.94836e-05;-0.000363588;0.000116064;9.94836e-05;0.034977;0.0347457;0.0352595;0.0349769;0.0347456;0.0352595;0.808667;0.808665;0.808666;0.808667;0.808665;0.808666;0;0;0;0;0;0;
2;-0.0026806;-0.0212587;-0.0242559;0.0165857;0.022732;0.0133281;0.102498;0.100271;0.0518819;0.0921296;0.101676;0.10092;0.472363;0.472357;0.472345;0.472365;0.472372;0.472358;0;0;0;1;1;1;
3;0.0119557;-0.0072974;-0.00240115;0.00523237;-0.00248156;-0.014207;0.076784;0.130772;0.154091;0.0693238;0.130498;0.0984935;0.275879;0.275884;0.275888;0.275866;0.275886;0.275876;0;0;0.00140718;0.542686;0.283238;1;
4;0.00993826;-0.00561052;-0.0092245;0.0105582;0.00638835;-0.00602354;0.117843;0.174698;0.19265;0.123108;0.176869;0.146909;0.161133;0.174657;0.24759;0.16112;0.181499;0.18545;0.515271;0.279333;1;0.350082;0.320326;1;
5;0.0103504;-0.00303457;-0.00822808;0.0101201;0.0065841;-0.00585478;0.12938;0.169125;0.183854;0.138931;0.18053;0.14905;0.150917;0.154057;0.263747;0.130746;0.166929;0.169453;0.455017;0.812406;1;0.302742;0.555879;1;
6;0.0106133;-0.00317519;-0.00844168;0.011766;0.00801633;-0.00484257;0.128029;0.167744;0.183945;0.13783;0.17825;0.146744;0.1523;0.15569;0.260816;0.128717;0.166569;0.170807;0.448376;0.843882;1;0.286604;0.536688;1;
7;0.0104183;-0.00286595;-0.00822952;0.0113296;0.0079597;-0.0047435;0.127287;0.168858;0.185121;0.139475;0.178916;0.14954;0.149216;0.151464;0.255252;0.127069;0.165737;0.167526;0.447116;0.797884;1;0.294425;0.577997;1;
8;0.0103087;-0.00235935;-0.00783069;0.0107232;0.00790396;-0.0048036;0.124909;0.167099;0.18285;0.141642;0.179949;0.152794;0.146863;0.149393;0.252702;0.126244;0.165886;0.164869;0.474519;0.776536;1;0.307866;0.646819;1;
9;0.0100694;-0.00261108;-0.00805019;0.0104378;0.00754711;-0.00500137;0.122261;0.165126;0.182058;0.142899;0.179823;0.154368;0.14652;0.148554;0.24954;0.124729;0.16565;0.162904;0.506223;0.790087;1;0.300799;0.6711;1;
10;0.0089328;-0.0035985;-0.00899623;0.0102084;0.00720262;-0.00501205;0.121709;0.164798;0.181878;0.143487;0.178225;0.153739;0.146325;0.147805;0.247586;0.121425;0.164959;0.161556;0.517255;0.793859;1;0.301564;0.707704;1;
11;0.00838128;-0.00383356;-0.00947372;0.0115431;0.00841038;-0.00370072;0.117972;0.163572;0.182816;0.144525;0.177124;0.154895;0.14875;0.146282;0.242413;0.1189;0.165617;0.161027;0.525882;0.766413;1;0.281556;0.732425;1;
12;0.00816708;-0.00319347;-0.00944363;0.0117422;0.00837061;-0.00315534;0.115343;0.161046;0.176126;0.145583;0.176084;0.15388;0.14963;0.147144;0.248156;0.116676;0.165348;0.160498;0.547165;0.695099;1;0.298787;0.80241;1;
13;0.00623475;-0.00443126;-0.0111925;0.0136458;0.00974484;-0.00100274;0.112923;0.160257;0.17814;0.147179;0.17722;0.156976;0.148823;0.142756;0.238131;0.115495;0.166022;0.161765;0.539337;0.705003;1;0.334041;0.854251;1;
14;0.00244807;-0.00689652;-0.0142561;0.0163788;0.0121111;0.00237321;0.114937;0.159774;0.181813;0.145437;0.177898;0.156411;0.14972;0.143857;0.230516;0.111541;0.161264;0.162786;0.49935;0.788531;1;0.382419;0.849495;1;
15;-0.00163002;-0.0101823;-0.0182503;0.0211175;0.0157061;0.00706614;0.122739;0.159041;0.188022;0.139555;0.177774;0.148397;0.147637;0.148708;0.220927;0.108827;0.154029;0.171227;0.368185;0.89762;1;0.460253;0.750602;1;
16;-0.0133938;-0.0173664;-0.0256141;0.0320168;0.0258986;0.0176306;0.13419;0.151725;0.201587;0.122041;0.180401;0.139936;0.121765;0.165032;0.199613;0.111432;0.139017;0.185047;0.201185;0.906203;1;0.559649;0.527331;1;
17;-0.0559496;-0.027661;-0.0356568;0.0576805;0.00675262;0.056443;0.151264;0.145908;0.23506;0.0736222;0.169955;0.114955;0.0711221;0.215778;0.178857;0.104568;0.081201;0.196281;0.50324;0.873134;1;0.458308;0.420024;1;
18;-0.0959606;-0.00023027;-0.0134622;0.0999815;-0.0627961;0.101242;0.161205;0.128787;0.263234;0.0286991;0.162455;0.0960328;0.0415371;0.239014;0.13839;0.150816;0.0474214;0.22485;0.300169;1;1;0.319065;0.25925;1;
19;-0.116796;0.0168831;-0.0407142;0.111526;-0.0974299;0.121604;0.206802;0.133829;0.30279;-0.0183166;0.182656;0.0376558;0.0242597;0.303471;0.088592;0.151833;0.0276934;0.214386;0.516897;0.767762;0.884214;0.372356;0;1;
20;-0.109806;0.044803;-0.0649871;0.0669253;-0.116933;0.0985561;0.277646;0.116371;0.285025;-0.0399094;0.208794;-0.0339603;-0.0116966;0.365453;0.0517432;0.167945;0.0161725;0.19416;0.713979;1;0.0418211;0.219284;0;1;
21;-0.076349;0.0415922;-0.0519373;0.0344222;-0.0805109;0.0665747;0.279259;0.126974;0.274709;-0.0380398;0.228257;-0.0323633;0.00698058;0.340415;0.0302194;0.183384;0.00944427;0.176477;0.50166;1;0.661444;0.495045;0;0.693832;
22;-0.0126116;-0.00732562;0.00164483;-0.0140524;-0.0150421;0.00690862;0.274246;0.117946;0.268471;-0.0329615;0.23832;-0.0359215;0.00612342;0.342806;0.0176503;0.179733;0.00551488;0.173326;0.588982;1;0.856271;0.492373;0;0.631252;
23;0.0752862;-0.08692;0.0836121;-0.0916252;0.073867;-0.0785985;0.267869;0.113881;0.258793;-0.0146988;0.226241;-0.0223486;0.0117998;0.32976;0.0103103;0.182677;0.00322017;0.175862;0.633153;1;0.606417;0.530501;0;0.556752;
24;0.118078;-0.0823825;0.166082;-0.170265;0.16039;-0.163144;0.254888;0.103573;0.239839;0.00372105;0.19262;-0.0207424;-0.0149261;0.344564;0.00602335;0.210872;0.00188003;0.130442;1;0.803835;0.540956;0.218067;0;1;
25;0.107727;-0.104619;0.226265;-0.227926;0.222941;-0.224541;0.222102;0.0904861;0.213312;0.0204065;0.148797;0.0197147;-0.0717903;0.290801;0.00731576;0.171761;0.00109758;0.12878;1;0.668933;0.513497;0;0;1;
26;0.148593;-0.0948016;0.263331;-0.247893;0.261391;-0.257296;0.21101;0.0895417;0.178915;0.0263259;0.116763;-0.00224471;-0.0428351;0.258092;0.0524895;0.144772;0.000640668;0.0752247;1;0.862276;0.309542;0.241985;0;1;
27;0.145484;-0.138385;0.281033;-0.251315;0.282646;-0.257654;0.153747;0.0834384;0.134952;0.0615491;0.0986512;0.0466967;-0.0237791;0.178913;0.0417673;0.127464;0.000374128;0.0609309;1;0.395949;0.493902;0.32947;0.105452;1;
28;0.165946;-0.177181;0.298082;-0.255294;0.273777;-0.255184;0.087876;0.0799377;0.0870091;0.0847089;0.0752044;0.0826538;0.0199251;0.104498;0.0813914;0.0751292;0.0630062;0.0355899;1;0;0.863635;0.0596303;0.475599;1;
29;0.194857;-0.225587;0.325692;-0.269403;0.246836;-0.254342;0.00704927;0.0909634;0.0246349;0.103324;0.0734253;0.143975;0.0385153;0.0610258;0.106087;0.043876;0.138854;0.0185044;1;0;1;0.154573;0.633285;0.694585;
30;0.176762;-0.244554;0.308854;-0.270307;0.219244;-0.266279;-0.0696479;0.138193;-0.0312338;0.145412;0.052565;0.169157;0.10402;0.0356383;0.129888;0.0256231;0.188544;0.0225984;1;0;1;0;0.89787;0.5817;
31;0.1418;-0.240617;0.279314;-0.255516;0.154374;-0.255575;-0.124193;0.187063;-0.0795678;0.191279;0.0564543;0.205146;0.0987695;0.0208121;0.118919;0.0149634;0.23113;0.0131974;1;0;1;0;0.982604;0.160517;
32;0.102762;-0.218519;0.241122;-0.22722;0.141729;-0.227255;-0.114753;0.221305;-0.0814118;0.223767;0.0317412;0.231865;0.116315;0.0121536;0.12749;0.00873811;0.224857;0.00770678;1;0;1;0;0.944272;0;
33;0.0531171;-0.181788;0.194993;-0.186869;0.0789705;-0.186889;-0.125238;0.241541;-0.0901978;0.242979;0.0316198;0.247708;0.111995;0.00709686;0.130859;0.00510278;0.216132;0.00450043;1;0;1;0;1;0;
34;-0.0113986;-0.129399;0.137113;-0.132366;0.0361895;-0.132378;-0.125058;0.251781;-0.105998;0.252621;0.0349502;0.255383;0.107034;0.00414388;0.119027;0.00297952;0.21496;0.00262779;1;0;1;0;1;0;
35;-0.0880095;-0.0565371;0.0610449;-0.0582694;0.00210303;-0.0582763;-0.0950582;0.247305;-0.10321;0.248822;0.0203985;0.248194;0.116313;0.00241927;0.11303;0.00173968;0.200217;0.00153426;1;0;1;0;1;0;
36;-0.178265;0.0374639;-0.0348231;0.0364522;-0.0692502;0.0364481;-0.0830856;0.232006;-0.111012;0.234415;0.033274;0.233263;0.111851;0.00141215;0.0985265;0.00101562;0.198873;0.000895636;1;0;1;0;1;0;
37;-0.261138;0.13311;-0.131557;0.132519;-0.151667;0.132517;-0.05352;0.200069;-0.0953386;0.2048;0.0415806;0.20515;0.129537;0.000824004;0.104885;0.000592825;0.175713;0.000522685;0.992345;0;1;0;1;0;
38;-0.323831;0.205548;-0.204633;0.200223;-0.216063;0.205201;-0.0202801;0.167757;-0.0716301;0.197568;0.0548643;0.194276;0.121941;0.000480557;0.0904923;0.000266669;0.170354;0.000304942;1;0;1;0.213959;1;0;
39;-0.341886;0.251263;-0.240875;0.23877;-0.199042;0.25106;0.0224684;0.157921;-0.0431035;0.175523;0.0459728;0.173408;0.135417;0.000280081;0.0567104;-0.0266994;0.142412;0.000177789;1;0;1;0.495441;0.759806;0;
40;-0.333355;0.277263;-0.227854;0.224144;-0.228415;0.277145;0.0535388;0.12995;0.00594692;0.140236;0.0498449;0.138994;0.124326;0.00016304;0.0444284;-0.0155913;0.101606;0.000103513;1;0;1;0.606294;0.732679;0;
41;-0.330043;0.28959;-0.221428;0.209731;-0.247919;0.289987;0.0731431;0.0839479;0.0383097;0.104668;0.0723295;0.0892244;0.101819;0.0255741;0.0259467;0.0252155;0.0647293;6.02681e-05;0.55341;0.466663;1;0.800874;0.476697;0;
42;-0.320079;0.237741;-0.248914;0.239291;-0.260273;0.312091;0.0969138;0.0649365;0.102346;0.0292062;0.0673977;0.020183;0.0594636;0.10404;-0.0130417;0.0305761;0.0378015;0.0453594;0.441466;0.569995;1;0.662841;0;0.808177;
43;-0.302862;0.223779;-0.259673;0.216032;-0.267936;0.299296;0.131894;0.045325;0.135071;-0.056908;0.114657;-0.0596283;0.0347259;0.174056;-0.00761437;0.0947974;0.0220757;0.0755117;0;1;0.615074;0.354779;0;1;
44;-0.279245;0.15894;-0.254022;0.191171;-0.258848;0.277162;0.179621;0.0548693;0.181477;-0.124153;0.169554;-0.122117;0.0202791;0.230983;-0.00444653;0.0859923;0.0128919;0.0671804;0;1;0.451019;0.311965;0;1;
45;-0.246854;0.147567;-0.232124;0.159028;-0.234942;0.245636;0.216232;0.0363512;0.217316;-0.129275;0.210354;-0.131044;0.0118423;0.225409;-0.00259739;0.113269;0.00752844;0.0840711;0;1;0;0.428457;0;1;
46;-0.205434;0.0815316;-0.196832;0.121279;-0.198477;0.20472;0.238761;0.0276509;0.239394;-0.133945;0.235328;-0.128126;0.00691532;0.222276;-0.00151734;0.0964623;0.00439605;0.0854542;0;1;0;0.412776;0;1;
47;-0.152693;0.039938;-0.147669;0.0675066;-0.148631;0.152276;0.250719;0.0289135;0.251088;-0.134529;0.248714;-0.139313;0.00403782;0.222364;-0.000886761;0.0874998;0.00256684;0.074069;0;1;0;0.388194;0;1;
48;-0.0830517;0.0172003;-0.080118;0.0067497;-0.0806794;0.0828159;0.251979;0.0172797;0.251352;-0.116272;0.247967;-0.141092;0.0023575;0.198699;-0.000518438;0.109096;0.00149854;0.0782901;0;1;0;0.340359;0;1;
49;0.00773225;-0.0461906;0.00944551;-0.0705251;0.00911768;-0.00785392;0.240379;0.0237027;0.239454;-0.106009;0.238477;-0.146917;0.0013762;0.200635;-0.000303345;0.0955571;0.000874609;0.0605102;0;1;0;0.421708;0;1;
50;0.10697;-0.129427;0.107971;-0.152401;0.10778;-0.107021;0.210589;0.0291547;0.215441;-0.081562;0.215494;-0.134;0.000803063;0.184202;-0.000177784;0.0960442;0.000510336;0.0618593;0;1;0;0.482428;0;0.940741;
51;0.18764;-0.200748;0.188224;-0.22643;0.188112;-0.187651;0.184386;0.0395939;0.208186;-0.0490273;0.208217;-0.110287;0.000468683;0.16901;-0.000104331;0.0952819;0.000297567;0.0560968;0;1;0;0.544976;0;0.792054;
52;0.240493;-0.248142;0.240834;-0.275828;0.240769;-0.240486;0.172925;0.0496889;0.186821;-0.013186;0.18684;-0.0775097;0.00114051;0.147994;-6.14909e-05;0.09563;0.000173384;0.0426116;0.511898;1;0;0.507388;0;0.929196;
53;0.257042;-0.248162;0.271567;-0.292709;0.271528;-0.264334;0.145601;0.0470676;0.153525;0.0236403;0.153535;-0.0493495;-0.0160515;0.119684;-3.64168e-05;0.101439;0.000100886;0.0248872;0.830025;0.826684;0;0.49688;0;1;
54;0.249033;-0.272199;0.287541;-0.295239;0.287518;-0.264173;0.102235;0.0550754;0.106852;0.0632612;0.106858;0.0143924;-0.00154368;0.0789373;-2.18044e-05;0.0874536;5.86189e-05;-0.0163582;1;0.585902;0;0.376611;0;1;
55;0.256846;-0.282735;0.300613;-0.299683;0.26864;-0.272864;0.0397549;0.0604109;0.0424423;0.0729023;0.048849;0.0293925;0.038497;0.0460996;0.0418995;0.0510746;0.0756688;-0.016036;1;0.00362055;0.682336;0;0.43393;1;
56;0.243216;-0.289883;0.291206;-0.293624;0.235519;-0.277961;-0.0409125;0.0994226;-0.0393416;0.106718;0.0427446;0.0813104;0.0807468;0.0269215;0.0749906;0.0298269;0.134176;-0.0147678;0.958812;0;1;0;0.672619;0.748861;
57;0.226873;-0.275996;0.271907;-0.27818;0.186757;-0.269466;-0.107061;0.155408;-0.0956344;0.159669;0.0378457;0.14483;0.0962579;0.0157216;0.0760406;0.0174185;0.192054;-0.010022;0.771872;0;1;0;0.825164;0;
58;0.183157;-0.25046;0.229663;-0.251735;0.156107;-0.246646;-0.117676;0.200844;-0.11308;0.203332;0.0157377;0.194666;0.111331;0.00918081;0.0927285;0.0101719;0.198551;-0.00585316;0.884228;0;1;0;0.805125;0;
59;0.159216;-0.214193;0.202041;-0.214937;0.105412;-0.211965;-0.130872;0.2298;-0.115345;0.231253;0.0115644;0.226193;0.105402;0.00536084;0.0981842;0.00594005;0.197073;-0.0034185;0.926845;0;1;0;0.882529;0;
60;0.125035;-0.166504;0.159409;-0.166939;0.0497704;-0.165203;-0.134003;0.245953;-0.11521;0.246801;0.00632566;0.243846;0.095933;0.00313006;0.102609;0.00346852;0.191201;-0.00199677;1;0;1;0;0.886527;0;
61;0.0679148;-0.103067;0.0989333;-0.10332;0.034891;-0.102307;-0.119149;0.253221;-0.119205;0.253717;-0.00147931;0.251991;0.106546;0.00182722;0.0953098;0.00202523;0.17703;-0.00116645;0.988093;0;1;0;0.950387;0;
62;-0.00543471;-0.0184171;0.0160189;-0.0185649;-0.0213991;-0.0179731;-0.113208;0.240163;-0.126705;0.242494;0.00286493;0.244147;0.0962933;0.00106641;0.0816492;0.00118234;0.175379;-0.00068159;1;0;1;0;0.95158;0;
63;-0.0948369;0.0808889;-0.0822705;0.0808025;-0.104139;0.081148;-0.092807;0.22022;-0.115886;0.223256;0.00488512;0.222562;0.0965228;0.00062211;0.084888;0.000690116;0.158583;-0.000398423;1;0;1;0;0.996397;0;
64;-0.177345;0.168492;-0.169279;0.168442;-0.182063;0.168643;-0.0648502;0.188436;-0.096621;0.194997;0.0142889;0.194513;0.0952219;0.000362625;0.0851445;0.000402879;0.142789;-0.000232852;1;0;0.990403;0;0.946059;0;
65;-0.235203;0.228615;-0.229058;0.228585;-0.236532;0.228703;-0.0309855;0.180315;-0.0685725;0.184147;0.0324303;0.183864;0.0849495;0.000211162;0.0717292;0.000234854;0.121902;-0.000136395;1;0;0.933807;0;1;0;
66;-0.270888;0.264692;-0.264943;0.260185;-0.254925;0.264743;0.00773645;0.155945;-0.0397416;0.158182;0.0424447;0.158017;0.0831514;0.00012274;0.0521247;-0.00459049;0.091964;-7.99221e-05;1;0;0.936703;0.316415;1;0;
67;-0.287833;0.284217;-0.283963;0.258964;-0.275228;0.284246;0.0496602;0.116627;0.00501231;0.117937;0.0424413;0.117837;0.0853853;7.11525e-05;0.0304435;-0.00600087;0.0570485;-4.69788e-05;0.740903;0;1;0.670196;0.582808;0;
68;-0.289703;0.289079;-0.284427;0.254753;-0.287333;0.292506;0.0749259;0.059462;0.0553178;0.0638241;0.0501204;0.0601619;0.0564564;0.0470802;-0.0132205;0.0428655;0.0333153;0.00316672;0.421665;0.786116;1;0.865009;0.633601;0.234222;
69;-0.295225;0.239158;-0.301659;0.260135;-0.289074;0.299276;0.0958556;0.0397503;0.0844107;-0.0148123;0.0813683;-0.0169532;0.03297;0.128901;0.012928;0.0553052;0.0149919;0.0481498;0.155127;1;0.923054;0.655841;0;1;
70;-0.283008;0.203325;-0.286765;0.24005;-0.279416;0.285369;0.146365;0.0412357;0.139683;-0.0990203;0.137904;-0.0991615;0.0192538;0.192325;0.00755051;0.0890388;0.00875493;0.063847;0;1;0.511246;0.394399;0;1;
71;-0.259784;0.162864;-0.261979;0.2078;-0.257686;0.255924;0.193582;0.0415731;0.189679;-0.136381;0.188641;-0.141149;0.0112435;0.228373;0.00440883;0.0849646;0.0051126;0.0566929;0;1;0;0.388148;0;1;
72;-0.225917;0.116294;-0.227198;0.190098;-0.224691;0.223659;0.225374;0.0170323;0.223095;-0.136157;0.222489;-0.126312;0.00656557;0.209507;0.00257416;0.0983445;0.00298531;0.0829797;0;1;0;0.401493;0;1;
73;-0.18136;0.0609307;-0.182108;0.154801;-0.180644;0.180045;0.243738;0.0176925;0.242407;-0.145427;0.242053;-0.135433;0.00383372;0.211085;0.0015028;0.0834762;0.00174288;0.0794634;0;1;0;0.378394;0;1;
74;-0.12271;0.0143608;-0.123148;0.103496;-0.122292;0.121953;0.252659;0.014832;0.251881;-0.14424;0.251675;-0.137755;0.00223823;0.20629;0.000876932;0.0787432;0.00101741;0.070438;0;1;0;0.461068;0;1;
75;-0.044035;-0.0192441;-0.0442903;0.0315709;-0.0437912;0.0436089;0.247406;0.00765236;0.245975;-0.126603;0.246735;-0.142427;0.00130654;0.186328;0.00051159;0.0909165;0.000593634;0.0732121;0;1;0;0.509133;0;1;
76;0.0533684;-0.0903216;0.0532192;-0.0606641;0.0535107;-0.0536003;0.231219;0.0172889;0.231124;-0.115134;0.226513;-0.144355;0.000762426;0.186745;0.000298161;0.0758401;0.000346209;0.0572164;0;1;0;0.615266;0;1;
77;0.146877;-0.168453;0.14679;-0.151152;0.146961;-0.146999;0.200982;0.023467;0.199854;-0.0875062;0.200365;-0.126077;0.000444728;0.161607;0.000173566;0.0871039;0.000201723;0.0643354;0;1;0;0.729997;0;0.937255;
78;0.214751;-0.227345;0.2147;-0.217254;0.214799;-0.214813;0.192432;0.0371506;0.191773;-0.0503226;0.192072;-0.0997108;0.000259187;0.145527;0.000100838;0.0735348;0.00011736;0.0509303;0;1;0;0.80522;0;0.789794;
79;0.256688;-0.264039;0.256659;-0.258151;0.256716;-0.256721;0.168837;0.0577316;0.168452;-0.0170869;0.168626;-0.0738199;0.000150808;0.120832;5.83353e-05;0.0593502;6.81732e-05;0.0347963;0;1;0;0.89258;0;0.804241;
80;0.280122;-0.284417;0.280105;-0.280217;0.280139;-0.280145;0.131813;0.0771264;0.131588;0.0271484;0.13169;-0.0436642;8.75887e-05;0.0782647;3.35776e-05;0.0442205;3.94563e-05;0.0203227;0;1;0;0.923358;0;0.770405;
81;0.290056;-0.29358;0.288748;-0.28824;0.282902;-0.295417;0.0788318;0.0821451;0.0787052;0.0762876;0.0787624;-0.0182052;0.00349038;0.0457139;0.0277541;0.0283051;0.0234391;0.0118705;0.167516;1;0.598426;0.877529;0.269535;0.602;
82;0.276597;-0.301832;0.278471;-0.295002;0.261473;-0.291481;0.00633661;0.085493;0.015892;0.113212;0.0572276;0.0290761;0.0586758;0.0266964;0.0598754;0.016531;0.0804889;0.00693228;0.230965;0;1;0.286973;1;0.239522;
83;0.224052;-0.290289;0.208186;-0.2863;0.24861;-0.284243;-0.0779448;0.131582;-0.0663015;0.14777;0.013962;0.0986346;0.0979268;0.0155901;0.101022;0.00965375;0.123559;0.00404823;0.381754;0;1;0;0.909594;0;
84;0.210078;-0.268965;0.18585;-0.266635;0.163043;-0.265434;-0.145129;0.181969;-0.115946;0.191423;0.0191012;0.162728;0.0706352;0.00910398;0.0852642;0.00563739;0.191675;0.00236388;0.713409;0;1;0;0.99173;0;
85;0.165509;-0.237236;0.150727;-0.235876;0.166144;-0.235175;-0.138001;0.218112;-0.12711;0.223634;0.00150321;0.206876;0.0916867;0.00531616;0.0977602;0.00329173;0.187489;0.00137999;0.7544;0;1;0;1;0;
86;0.126425;-0.195393;0.105794;-0.194598;0.0919522;-0.194188;-0.144798;0.239759;-0.11358;0.242984;-0.00849093;0.233197;0.0893588;0.00310386;0.103823;0.00192209;0.173421;0.00080566;0.72719;0;1;0;1;0;
87;0.10066;-0.140939;0.079281;-0.140474;0.0403455;-0.140235;-0.158521;0.250959;-0.122292;0.252842;0.00100754;0.247127;0.0646223;0.00181201;0.0940365;0.00112198;0.185982;0.000470053;0.734715;0;1;0;1;0;
88;0.0446217;-0.0681424;0.0321284;-0.0678712;0.00939805;-0.0677315;-0.136791;0.250456;-0.108482;0.250609;-0.0159642;0.25075;0.0816014;0.00105753;0.107737;0.000654799;0.16007;0.000274093;0.875262;0;1;0;1;0;
89;-0.0392275;0.0254977;-0.0465371;0.0256559;-0.0598008;0.0257375;-0.132093;0.231319;-0.114137;0.236287;-0.00441128;0.23628;0.0663063;0.000616862;0.0948455;0.000382068;0.162349;0.000159729;0.844997;0;1;0;1;0;
90;-0.131139;0.12313;-0.135423;0.123222;-0.143158;0.12327;-0.107227;0.208791;-0.0983549;0.201692;0.00542306;0.208151;0.0660656;0.000359675;0.0962545;0.000222672;0.142382;9.28346e-05;0.904876;0;1;0;1;0;
91;-0.20224;0.198872;-0.206062;0.185276;-0.205486;0.198953;-0.0666775;0.195681;-0.0702832;0.175996;0.00916543;0.201177;0.0690379;0.000209467;0.0931298;-0.00733283;0.121818;5.39263e-05;1;0;0.947296;0.19007;1;0;
92;-0.233816;0.247286;-0.251493;0.200739;-0.20317;0.247333;-0.0363745;0.176211;-0.0452181;0.161178;0.00878632;0.179421;0.074118;0.000121698;0.0544015;-0.0264209;0.107181;3.11758e-05;0.982248;0;1;0.527459;0.826957;0;
93;-0.253724;0.268948;-0.277556;0.190966;-0.228229;0.275128;-0.00989593;0.143162;-0.0089307;0.13551;0.014005;0.145035;0.0748266;0.00455532;0.0317767;-0.0254713;0.0827543;1.79214e-05;0.85368;0.142242;1;0.807272;0.553558;0;
94;-0.268716;0.253392;-0.280193;0.202477;-0.236459;0.289123;-0.00305983;0.10544;0.0278932;0.0909664;0.0122169;0.0962175;0.043701;0.0852102;0.0185549;-0.0137697;0.0483356;1.01681e-05;0.363158;0.549615;1;0.850351;0.455202;0;
95;-0.281322;0.254467;-0.283115;0.194927;-0.243877;0.29324;0.0256686;0.0638243;0.0811641;0.0453656;0.0345937;0.0287323;0.0255207;0.127989;-0.0500673;0.0500286;0.0282292;5.73122e-06;0;0.714875;1;0.770938;0.467749;0.0284929;
96;-0.282243;0.224707;-0.287732;0.204186;-0.259396;0.305498;0.0863128;0.0542521;0.118724;-0.0347737;0.0915245;-0.0545329;0.0149036;0.19501;-0.0426156;0.0819198;0.0164855;0.0617243;0;0.940564;1;0.696583;0;0.809242;
97;-0.268848;0.156147;-0.272054;0.192833;-0.255505;0.282429;0.151253;0.0498609;0.170185;-0.101385;0.154297;-0.0982441;0.00870314;0.224489;-0.0248862;0.104269;0.00962727;0.0863528;0;1;0.790509;0.468935;0;1;
98;-0.242842;0.144168;-0.244714;0.152955;-0.23505;0.250774;0.199276;0.0522636;0.210332;-0.122594;0.201054;-0.133449;0.005082;0.244454;-0.0145339;0.112624;0.00562191;0.0777828;0;1;0;0.394573;0;1;
