1;-0.000363586;0.000116064;9.94835e-05;-0.000363586;0.000116064;9.94836e-05;0.0349769;0.0347456;0.0352594;0.0349769;0.0347456;0.0352595;0.808667;0.808665;0.808666;0.808667;0.808665;0.808666;0;0;0;0;0;0;
2;-0.0130264;-0.014999;-0.0140691;0.0358752;-0.0391128;0.0231722;0.210552;0.261243;0.309521;0.31431;0.194984;0.19293;0.472432;0.472513;0.472575;0.472464;0.472378;0.472385;1;1;1;0.64801;0.835771;1;
3;-0.00847386;-0.0066999;-0.00594966;0.0409813;-0.03279;0.0201507;0.123049;0.152497;0.180862;0.238022;0.150974;0.112595;0.275924;0.275983;0.276025;0.275967;0.275886;0.275899;0;0.681765;0.735287;0.57703;0;0;
4;-0.00431402;-0.0045478;-0.00283988;0.024611;-0.0185146;0.0111328;0.0718319;0.0890841;0.109857;0.139053;0.0881398;0.0657802;0.161142;0.161178;0.161217;0.161189;0.161118;0.161125;0;0;1;0.861654;0;0;
5;-0.00164326;-0.0035321;0.00253523;0.013499;-0.00993652;0.00562513;0.0416926;0.0522799;0.0816012;0.124063;0.0512164;0.0386693;0.0941062;0.0941289;0.0941591;0.0941484;0.0940921;0.0940957;0;0.151301;1;0.946261;0;0;
6;0.000147665;-0.00362824;0.00955876;0.00798827;-0.0046957;0.0021774;0.0236888;0.0311909;0.10062;0.133783;0.0292506;0.0232391;0.0549572;0.0549722;0.054995;0.0655077;0.054949;0.054951;0;0.443693;1;1;0;0;
7;0.00132935;-0.00417882;0.0168463;0.0131184;-0.00149922;2.80414e-05;0.0125321;0.0195148;0.105017;0.136522;0.0157799;0.0148707;0.0320945;0.0321032;0.032125;0.0726967;0.0320894;0.0320906;0;0;1;1;0;0;
8;0.000461352;-0.00486357;0.0183279;0.0148008;0.00025778;-0.00111749;0.00507031;0.0136423;0.103771;0.139551;0.00696675;-0.0123462;0.0187428;0.0187479;0.0270843;0.061457;0.0187396;0.0187404;0;0;1;1;0;0;
9;-0.000806681;-0.00337899;0.0195062;0.0185631;-0.000339551;-0.00344495;-0.000573856;-0.00444825;0.101023;0.138946;0.000533439;-0.0036779;0.0109455;0.0109485;0.0292982;0.0583576;0.0109434;0.0109439;0;0;1;0.829201;0;0;
10;-0.00546859;-0.00107835;0.0160218;0.0229754;-0.00599511;-0.00111688;-0.00551821;0.00252984;0.0987454;0.139549;-0.0164044;0.00191642;0.00639199;0.00639376;0.0306673;0.0653113;0.00639069;0.00639075;0;0;1;0.847478;0.0531481;0;
11;-0.00684;0.00301595;0.00717677;0.0272961;-0.00714726;0.00299351;-0.0118866;0.00834256;0.0867412;0.144362;-0.0224074;0.00781801;0.00373276;0.00373375;0.0254728;0.0567848;0.00373227;0.00373177;0;0;1;0.816144;0.228122;0;
12;-0.0122946;0.0100608;-0.00390915;0.0345775;-0.0124738;0.0100477;-0.0350844;0.0106031;0.0837491;0.146757;-0.0284225;0.00993606;0.00217977;0.00218037;0.0315755;0.0612398;0.0021796;0.00217893;0;0;1;0.868294;0.29829;0;
13;-0.0226383;0.0213333;-0.0177385;0.0521726;-0.0227428;0.0213257;-0.0293204;0.0126408;0.0844528;0.159463;-0.030373;0.011874;0.0012729;0.00127315;0.0255083;0.0626755;0.00127261;0.00127207;0;0;1;1;0.192617;0;
14;-0.0387174;0.0379548;-0.0358541;0.0757296;-0.0387784;0.0379505;-0.0244942;0.0139248;0.0772672;0.144474;-0.0270434;0.0077833;0.00074328;0.000743847;0.0179266;0.0724745;0.000742833;0.000742488;0;0.487666;1;1;0;0;
15;-0.0606925;0.0602466;-0.0590189;0.0823086;-0.0607282;0.0602444;-0.0154407;0.0118464;0.0860558;0.121608;-0.0169295;-0.0114604;0.000433971;0.000434719;0.0161099;0.0561632;0.000433458;0.000433226;0;0.425074;1;1;0;0;
16;-0.0869609;0.0866999;-0.0859818;0.0995857;-0.0869818;0.086699;0.00241689;-0.00451647;0.130264;0.0906008;0.00154732;-0.0181295;0.00025333;0.000254392;0.0269327;0.0591744;0.000252751;0.000252632;0;0.251734;1;1;0;0;
17;-0.113251;0.113098;-0.112676;0.120626;-0.113263;0.113098;0.0342883;-0.0355157;0.197558;0.0418143;0.0337807;-0.0434671;0.000147781;0.000505961;0.0464849;0.0468091;0.000147242;0.000147242;0;0;1;1;0;0;
18;-0.132878;0.132788;-0.124182;0.160549;-0.132886;0.132789;0.0815894;-0.0823084;0.287824;-0.0347573;0.0812923;-0.0869502;8.62179e-05;0.000295446;0.064723;0.0403549;8.54831e-05;-0.00783417;0;0.0334;1;1;0;0.596802;
19;-0.138358;0.138304;-0.112273;0.176686;-0.138362;0.138306;0.135431;-0.135852;0.325477;-0.108066;0.135258;-0.138562;5.00827e-05;0.000286694;0.0474781;0.030528;4.94945e-05;-0.00457525;0;0.306262;1;1;0;0.907068;
20;-0.123594;0.123563;-0.0696221;0.145981;-0.123597;0.123564;0.181216;-0.181461;0.337737;-0.165224;0.181114;-0.183041;2.89804e-05;0.000167964;0.0402908;0.0199863;2.84008e-05;0.00289007;0;0.591152;1;0.749926;0;0.795049;
21;-0.084402;0.0843843;-0.0468994;0.0974783;-0.084404;0.0843853;0.212151;-0.212294;0.33275;-0.199657;0.212092;-0.213214;1.66197e-05;9.80745e-05;0.0316056;0.0116767;1.60409e-05;0.0019384;0;0.734086;1;0.70575;0;0.889747;
22;-0.0173151;0.0173064;0.00459087;0.0249538;-0.0173166;0.0173061;0.228915;-0.228997;0.312558;-0.203609;0.22888;-0.225939;9.36131e-06;5.58637e-05;0.0209771;0.00682268;8.78772e-06;0.00113359;0;0.945663;1;0.895199;0;0.935448;
23;0.0725384;-0.0725393;0.0853328;-0.0680792;0.072538;-0.0725414;0.221202;-0.198975;0.282;-0.157587;0.20985;-0.188294;5.17029e-06;-0.0231921;0.0138616;0.0601609;4.38827e-06;0.00939948;0;1;0.687083;0.759051;0;0.796455;
24;0.159613;-0.15961;0.167085;-0.157011;0.159614;-0.159611;0.200024;-0.166225;0.25339;-0.180728;0.204444;-0.16395;2.69424e-06;-0.0135491;0.00809593;0.0351373;1.95289e-06;0.00549155;0;1;0.460052;0.459001;0;1;
25;0.222486;-0.222479;0.226849;-0.220967;0.222487;-0.222481;0.190058;-0.113719;0.221223;-0.134853;0.192639;-0.130992;1.21668e-06;-0.0199485;0.00472755;0.020522;5.07679e-07;0.0082989;0;1;0;0.542675;0;1;
26;0.261124;-0.261116;0.263672;-0.260238;0.261125;-0.261119;0.165328;-0.0568014;0.183529;-0.074211;0.166836;-0.0915546;3.9248e-07;-0.0562308;0.00276042;0.0213894;-3.04607e-07;0.00588486;0;1;0;0.705364;0;1;
27;0.28249;-0.282483;0.283978;-0.281972;0.282491;-0.282484;0.127012;0.0108941;0.137645;0.0242327;0.127893;-0.0354893;-2.05913e-07;-0.0328388;0.00608067;0.029828;-7.56748e-07;0.0118243;0;0.882725;0.628719;0.610823;0;0.854686;
28;0.292153;-0.292148;0.293024;-0.285401;0.250539;-0.292149;0.0722521;0.0408899;0.0784747;0.0852545;0.0727717;-0.0188044;-4.8251e-07;-0.0191762;0.0352363;0.0288156;1.78787e-07;0.00690562;0;0.656113;1;1;0.565255;0;
29;0.300064;-0.290644;0.31112;-0.27616;0.268424;-0.300591;-0.00208854;0.0681597;0.0015639;0.164488;-0.00177627;0.0332994;-3.69781e-07;-0.0111993;0.0210077;0.0281183;0.00781636;0.00403262;0.160673;0;1;0.60613;0.619932;0;
30;0.207469;-0.201971;0.213927;0.0643217;-0.0688197;0.0500558;0.0838503;-0.0452523;0.0859864;0.0110388;0.0840261;-0.065617;-6.82761e-07;0.0302753;0.0122683;0.0611203;0.00456482;0.00235529;0;1;0.497201;0.621005;0;0;
31;0.218818;-0.215608;0.266026;-0.0600831;0.0574635;-0.0684202;-0.0573898;0.0799245;-0.056124;0.112804;-0.0572823;0.0680451;-5.32191e-07;0.0176815;0.0317586;0.0360795;0.00973133;0.0260307;0;0;1;0.798025;0;0.648241;
32;0.205788;-0.203915;0.233361;-0.113085;0.111559;-0.117957;-0.145579;0.158736;-0.144822;0.177951;-0.145509;0.1518;-4.68629e-07;0.0103259;0.0213082;0.0312712;0.00904593;0.0152018;0;0;1;0.532823;0.693778;0;
33;0.174353;-0.173259;0.190457;-0.120214;0.119325;-0.123061;-0.197318;0.205001;-0.196864;0.216559;-0.197271;0.200949;-2.82312e-07;0.00602999;0.012448;0.0182662;0.00528408;0.00887738;0;0;1;0.505717;0.804324;0;
34;0.125057;-0.124419;0.134462;-0.0934406;0.0929213;-0.0951028;-0.222612;0.230441;-0.224433;0.240562;-0.207552;0.228076;-0.001671;0.00352094;0.00726917;0.0106693;0.00308645;0.00518407;0.161585;0;1;0.213161;1;0;
35;0.0540014;-0.0536285;0.0594938;-0.035538;0.0352346;-0.0365078;-0.237735;0.242308;-0.225373;0.248221;-0.200858;0.240927;-0.000975885;0.00205566;0.00424449;0.00623182;0.0018025;0.00302693;0.79059;0;1;0.308782;1;0;
36;0.0113992;-0.0111813;0.0146068;-0.161713;0.161538;-0.162282;-0.0365263;0.0392151;-0.0292949;0.0426733;-0.0150119;0.0383907;-0.0168132;0.00878315;-0.00816369;0.0591001;-0.0135901;0.00176728;0.686182;0;1;0.988968;0;0;
37;-0.104574;0.1047;-0.1027;0.016787;-0.0168889;0.016457;-0.113885;0.115455;-0.109653;0.117494;-0.101322;0.114976;-0.00551589;0.000998;0.00680964;0.044595;-0.00793679;0.00103181;0.490646;0;1;1;0;0;
38;-0.188882;0.188955;-0.187788;0.137612;-0.137671;0.137421;-0.144471;0.14539;-0.10677;0.267974;-0.0941956;0.14511;-0.00322008;0.000582485;0.0163889;0.0487646;-0.000181319;0.000602012;0.85771;0;1;0.638826;1;0;
39;-0.147799;0.147842;-0.14716;-0.182051;0.182014;-0.182169;-0.0244181;0.0249597;-0.00238708;0.096577;0.00495674;0.0248009;-0.00606414;0.000340119;0.0167306;0.0624411;-0.000106608;0.000351258;0.430535;0;1;0.916275;0;0;
40;-0.123607;0.123632;-0.123234;-0.367364;0.367342;-0.367436;0.0234655;-0.0231445;0.0374777;0.0186874;0.0406087;-0.0232511;-0.00354152;0.00990396;0.00989476;0.0442056;-6.24374e-05;0.000204913;0;0.909755;1;0.938907;0;0;
41;-0.200321;0.200336;-0.200102;-0.0864307;0.0864066;-0.0864682;0.00564885;-0.00546094;0.0733546;0.170626;0.0156605;-0.0055253;-0.00206842;0.00578395;0.0148307;0.0671867;-3.65312e-05;0.000119582;0;0.675048;1;0.804976;0;0;
42;-0.152367;0.152376;-0.152239;-0.298122;0.298109;-0.298149;-0.0286299;0.0287417;0.0147492;0.163296;-0.0227813;0.0287015;0.002855;0.00337776;0.0358056;0.039249;-2.1513e-05;6.95315e-05;0.778526;0;1;0.81534;0.445134;0;
43;-0.122107;0.122112;-0.122032;-0.405972;0.405961;-0.405989;-0.0920124;0.0920812;-0.066679;0.201134;-0.0885938;0.0920588;0.00423199;0.0019723;0.0209125;0.0229213;0.00217804;4.04717e-05;0.648909;0;0.817736;0;0.9994;0;
44;-0.100559;0.100563;-0.100516;-0.441835;0.441831;-0.441845;-0.156328;0.156369;-0.141526;0.220055;-0.14792;0.156357;0.00247342;0.00115145;0.0122158;0.0133852;0.025939;2.30681e-05;0.585915;0;1;0;1;0;
45;-0.0826619;0.0826641;-0.0826365;-0.425582;0.425582;-0.425589;-0.202628;0.202654;-0.19398;0.239846;-0.195359;0.202647;0.00144575;0.000671961;0.00713478;0.00781643;0.0151518;1.31085e-05;0.677554;0;1;0;1;0;
46;-0.0657803;0.0657817;-0.0657654;-0.371083;0.371084;-0.371086;-0.230815;0.230831;-0.22576;0.252551;-0.201015;0.230827;0.000844525;0.000391911;0.00416646;0.00456425;0.00884996;7.16953e-06;0.705413;0;1;0;1;0;
47;-0.047764;0.0477649;-0.0477553;-0.282153;0.282154;-0.282155;-0.246078;0.246088;-0.230072;0.258772;-0.202266;0.246085;0.000492777;0.000228335;0.00243252;0.00266498;0.00516892;3.67289e-06;0.75078;0;1;0;1;0;
48;-0.0261452;0.0261457;-0.02614;-0.152537;0.152538;-0.152538;-0.245336;0.252343;-0.223392;0.251982;-0.194507;0.252108;0.000286911;0.000132796;0.0014201;0.00155581;0.0030188;1.61123e-06;0.791846;0;1;0;1;0;
49;0.000798405;-0.000798137;0.000801471;0.0233821;-0.0233831;0.0233813;-0.228166;0.233725;-0.21313;0.241116;-0.180103;0.240401;0.000166678;7.69899e-05;0.00082927;0.000908094;0.00176318;4.24267e-07;0.866093;0;1;0;0.924789;0;
50;0.0297392;-0.0297391;0.029741;0.218556;-0.218561;0.218558;-0.204405;0.213549;-0.186767;0.254327;-0.176322;0.213033;-0.00278013;4.44222e-05;0.000484637;0.00846205;0.00103031;-2.30896e-07;0.850973;0;1;0.415803;1;0;
51;0.0531301;-0.0531304;0.0531313;0.377968;-0.377973;0.377972;-0.175995;0.20701;-0.144035;0.234971;-0.152566;0.202561;-0.00162333;2.54395e-05;6.98099e-05;0.0135106;-0.00306274;-5.29454e-07;0.771667;0;1;0.489831;1;0;
52;0.0684311;-0.0684314;0.068432;0.482553;-0.482556;0.482557;-0.168022;0.186135;-0.078123;0.208056;-0.112418;0.183536;-0.000947584;1.43755e-05;0.0158813;0.0203201;-0.00178812;-8.52439e-07;0.599318;0;1;0.514638;0.8761;0;
53;0.170884;-0.170881;0.170883;0.150916;-0.150937;0.150913;-0.0537044;0.0642823;0.0188614;0.0771123;-0.0212425;0.06277;-0.00676493;8.06965e-06;0.0270439;0.0603372;-0.00104439;-8.10755e-07;0;0;1;1;0;0;
54;0.228741;-0.228737;0.228744;-0.0408086;0.0407877;-0.0408113;-0.014168;0.0382665;0.133736;0.0535756;0.00479861;0.0194647;-0.00395075;0.0254217;0.0560125;0.0352442;-0.000610055;0.0193796;0;1;1;0.759494;0;0.990146;
55;0.258863;-0.258859;0.258866;-0.149113;0.149096;-0.149111;-0.0282381;0.0464055;0.0581519;0.190245;-0.0171614;0.0379915;-0.00230729;0.0148462;0.0348345;0.061666;-0.000356314;0.0113189;0;0.365762;1;1;0;0.672223;
56;0.269785;-0.269783;0.269787;-0.250519;0.205681;-0.205689;-0.0806297;0.0912431;-0.0301712;0.254436;-0.0596456;0.0863321;0.0244066;0.00866982;0.0382266;0.0360206;0.0331669;0.01293;0.296149;0;1;0;0.745149;0;
57;0.188043;-0.188047;0.188048;0.0670776;-0.0932322;0.0932794;0.0502562;-0.0440481;0.0797297;0.0512765;0.0625048;-0.0469225;0.0142538;0.040073;-0.027433;0.0856923;0.0193715;0.0075518;0;1;0.543366;0.71741;0;0;
58;0.194622;-0.199098;0.261703;-0.0500943;0.0348332;-0.034789;-0.0807252;0.0843548;-0.0635029;0.140027;-0.063845;0.0826979;0.076502;0.0234039;-0.0148421;0.0500464;0.0500509;0.0128866;1;0;1;0;1;0;
59;0.133065;-0.135683;0.172252;0.106589;-0.115499;0.115534;0.0653648;-0.0632318;0.0754238;-0.0307273;0.0752098;-0.0642066;0.0446782;0.0612861;-0.0163424;0.0292279;0.0292315;0.0190901;0;1;1;0.909036;0;0.962644;
60;0.0895432;-0.0910714;0.112428;0.145079;-0.150284;0.150305;0.149923;-0.148665;0.155797;-0.129693;0.155673;-0.149239;0.0260918;0.0357984;-0.00954437;0.0170677;0.0170708;0.0119789;0;1;0;0.557077;0;1;
61;0.0539582;-0.0548503;0.0673224;0.0963839;-0.0994236;0.0994369;0.197141;-0.195593;0.200571;-0.185324;0.200499;-0.196736;0.015237;0.020909;-0.00557426;0.00996738;0.00996888;0.00699741;0;1;0;0.486098;0;1;
62;0.0195759;-0.0200967;0.0273805;-0.0272579;0.0254832;-0.0254754;0.220831;-0.181104;0.222835;-0.213928;0.222792;-0.220591;0.00889779;0.0122116;-0.00325577;0.00582161;0.00582132;0.0040864;0;1;0;0.615408;0;1;
63;-0.0147521;0.0144478;-0.0101933;-0.199204;0.198167;-0.198164;0.227536;-0.164941;0.228706;-0.204917;0.226936;-0.206512;0.00519574;0.00713253;-0.00190155;0.0034;0.00339913;0.00238594;0;1;0.333065;0.609578;0;1;
64;-0.0432592;0.0430806;-0.0405951;-0.358839;0.358232;-0.358231;0.219385;-0.127509;0.22007;-0.162038;0.219035;-0.183101;0.00303378;0.00416685;-0.00111008;0.00198648;0.00198452;-0.0031595;0;1;0.465747;1;0;1;
65;-0.0624677;0.0623625;-0.0609109;-0.469991;0.469636;-0.469637;0.19839;-0.0790503;0.198791;-0.107984;0.198185;-0.139601;0.00177122;0.0104696;-0.000647639;0.00703148;0.00115843;-0.0018447;0;1;0.338136;1;0;0.921523;
66;-0.0739611;0.0738986;-0.0730514;-0.536835;0.536628;-0.536628;0.1665;-0.0243048;0.166736;-0.0418194;0.16638;-0.0891828;0.00103393;0.0203852;-0.000377336;0.0180598;0.000676044;0.000959499;0;1;0.632618;0.860134;0;0.883674;
67;-0.0802323;0.0786929;-0.0744815;-0.559794;0.572447;-0.572665;0.122791;0.0292094;0.122932;-0.0522471;0.122732;-0.0703804;0.000603397;0.0244363;-0.000220064;-0.00976745;0.000395363;0.00056125;0;1;0.448668;1;0.398168;0.878385;
68;-0.0936476;0.0795954;-0.0744308;-0.571332;0.577805;-0.587449;0.0630596;0.0596953;0.0631435;-0.0524061;0.0970627;-0.0324451;0.0137015;0.0142738;0.0105496;-0.0238747;0.0206711;0.000828801;0.644006;0.570127;0.749022;1;0.402075;1;
69;-0.0892255;0.0810187;-0.0780029;-0.550942;0.567435;-0.584815;-0.0152693;0.0869603;-0.0152138;-0.0181398;0.0987174;0.0331529;0.0082033;0.00833544;0.019495;-0.0427528;0.0584538;0.000484383;0.584199;0;1;0.982433;0.453407;0.345016;
70;-0.0837068;0.0789139;-0.0771526;-0.51387;0.556514;-0.562724;-0.0993021;0.141169;-0.0992591;0.0208037;0.105438;0.109747;0.00479228;0.00486747;0.0162709;-0.0541894;0.11488;0.000282539;0.529969;0;1;1;0.515835;0;
71;-0.075887;0.0730879;-0.0720592;-0.494117;0.534089;-0.517646;-0.166097;0.190547;-0.166063;0.0541798;0.1197;0.172197;0.00279965;0.00284211;0.00950583;-0.0488;0.14427;0.000164644;0.453787;0;1;1;0.509547;0;
72;-0.0655188;0.063884;-0.0632831;-0.472077;0.514391;-0.450711;-0.209323;0.223602;-0.209295;0.081282;0.132342;0.212885;0.00163541;0.00165924;0.00555371;-0.034229;0.180679;9.57012e-05;0.44831;0;1;1;0.487489;0;
73;-0.0523843;0.0514296;-0.0510784;-0.452599;0.493677;-0.362064;-0.234364;0.242703;-0.205358;0.110554;0.151281;0.236445;0.000955181;0.000968404;0.00324437;-0.019993;0.208731;5.54708e-05;0.634091;0;1;1;0.434082;0;
74;-0.0353914;0.0348337;-0.0346282;-0.433443;0.473994;-0.245039;-0.247184;0.252054;-0.195711;0.143091;0.167111;0.2484;0.000557716;0.000564919;0.00616832;-0.00852448;0.24725;3.19466e-05;0.644805;0;1;1;0.352605;0;
75;-0.012775;0.0124491;-0.0123288;-0.400136;0.463136;-0.087853;-0.237145;0.246828;-0.195949;0.154965;0.185737;0.250981;0.000325741;0.000329264;0.00360422;0.028339;0.286118;1.9117e-05;0.73506;0;1;1;0.264592;0.431839;
76;0.0151351;-0.0153257;0.0153961;-0.38889;0.441269;0.106857;-0.214089;0.232583;-0.184449;0.163868;0.19634;0.252206;0.000190987;0.000191638;0.00210701;0.0656866;0.312421;1.26236e-05;0.839263;0;1;1;0.169636;0.759408;
77;0.041899;-0.0420103;0.0420528;-0.0897516;0.121238;0.293819;-0.177628;0.186452;-0.131696;0.240052;0.0675815;0.244041;0.00802494;0.000111559;0.00935477;0.0529101;0.226389;0.00924037;0.852165;0;1;0.598573;0.864261;0;
78;0.0613185;-0.0613841;0.0614121;0.20551;-0.187115;0.429538;-0.156243;0.162993;-0.136677;0.215262;-0.0355941;0.217579;0.00468819;-0.000513443;0.00546348;0.0308992;0.132213;0.005396;0.687046;0;1;0.579319;0.918062;0;
79;0.0733168;-0.0733551;0.115994;0.382558;-0.371813;0.513397;-0.109758;0.151644;-0.0630302;0.182176;-0.0772396;0.183523;0.00273921;-0.000300304;-0.0106817;0.0180456;0.077213;0.00315073;0.665198;0;1;0.651321;0.683842;0;
80;0.0800214;-0.0800442;0.139324;0.483843;-0.477569;0.560256;-0.0973125;0.121773;0.0127174;0.139611;-0.0378297;0.140389;0.00160058;-0.000175766;-0.00135794;0.0105393;0.0450928;0.00183951;0.346948;0;1;0.736157;0.686827;0;
81;0.083176;-0.0831899;0.141688;0.537669;-0.534006;0.582296;-0.0586854;0.0729681;0.0995973;0.0833942;0.0259008;0.0838401;0.000935012;-0.000103025;0.0338043;0.00615501;0.0263345;0.0010739;0;0;1;0.855182;0.444726;0;
82;0.171357;-0.171365;0.205529;0.191257;-0.189109;0.217323;-0.0563743;0.0823202;0.0184696;0.12195;-0.0112543;0.0844175;0.000546743;-6.06574e-05;0.0324206;0.00359566;0.0251839;0.00261922;1;0;1;0.365652;1;0;
83;0.214092;-0.214096;0.234048;-0.00231916;0.00357765;0.0129048;-0.114571;0.129729;-0.07086;0.152872;-0.0882096;0.130953;0.0100011;-3.58221e-05;0.0189389;0.00209929;0.0339185;0.00152931;0.553001;0;1;0;1;0;
84;0.153439;-0.153444;0.165102;0.197513;-0.196773;0.206409;0.038216;-0.0293524;0.0637468;-0.0158442;0.0536101;-0.0286428;0.00584096;0.0742118;0.0110584;0.00122541;0.0198102;0.042626;0.437159;1;1;1;0;1;
85;0.112511;-0.112515;0.119322;0.27567;-0.275238;0.280867;0.134161;-0.128971;0.149071;-0.12109;0.143152;-0.12856;0.00341084;0.0433486;0.00645789;0.000716123;0.0115688;0.0248999;0;0.916741;0;0.450602;0;0.915311;
86;0.122553;-0.122556;0.17739;0.10415;-0.103895;0.107185;-0.0340267;0.0370619;-0.0253146;0.041661;-0.0287684;0.0373059;0.037874;0.0253168;0.0391503;-0.00504436;0.068045;0.0145425;1;0;1;0.415993;0.968188;1;
87;0.0984008;-0.0984026;0.130426;0.0339927;-0.0338436;0.0357653;-0.130806;0.132584;-0.125715;0.135269;-0.127724;0.132725;0.0221226;0.0147849;0.0228683;-0.00294624;0.0397471;0.00849257;0.928267;0;0.996413;0;1;0;
88;0.0433004;-0.0433018;0.0620032;0.0287834;-0.0302338;0.0300767;-0.184505;0.185548;-0.181531;0.187116;-0.182698;0.185631;0.0129219;0.00863391;0.0133566;-0.00172099;0.0232162;0.00495921;0.750168;0;0.858393;0;1;0;
89;-0.0400056;0.040004;-0.0290823;0.082102;-0.0829482;0.0828573;-0.210774;0.211386;-0.209037;0.212302;-0.169511;0.211435;0.00754736;0.00504168;0.0077998;-0.00100548;0.0135596;0.00289569;0.891226;0;0.993828;0;1;0;
90;-0.0542893;0.0542879;-0.0479076;-0.168515;0.168024;-0.168074;-0.0293058;0.0296663;-0.0282944;0.0302165;-0.00523046;0.02971;-0.0047361;0.00322216;-0.0229574;0.00105799;0.0131521;0.00169112;1;0;1;0;1;0;
91;-0.158669;0.158666;-0.15494;0.0285465;-0.0288263;0.0288044;-0.0967247;0.0969407;-0.0961326;0.0972622;-0.0808882;0.0969661;0.0218427;-0.00694452;-0.0134033;0.000617561;0.0365583;0.000987385;0.875688;0;1;0;1;0;
92;-0.130133;0.130131;-0.127955;-0.245599;0.245437;-0.245449;0.0054548;-0.00532044;0.00579843;-0.00514994;0.0147138;-0.00532259;0.0127584;0.0358;-0.00782655;0.0241103;0.021353;0.0182129;1;0.635903;0.775174;0.813111;0.575979;1;
93;-0.113336;0.113334;-0.112064;-0.404798;0.404702;-0.40471;0.0434412;0.00369208;0.0436418;-0.0432464;0.0488466;-0.0433491;0.00745101;0.0253248;-0.00457035;0.0140859;0.0124696;0.0106403;0.537429;1;0.395691;0.652014;0;1;
94;-0.102888;0.102886;-0.102145;-0.489527;0.490907;-0.493248;0.0599564;0.0434877;0.0657472;-0.000100697;0.00652863;0.0109676;0.0101192;0.032497;0.0161638;-0.050239;-0.0400245;0.00621546;0.609373;1;0.831816;0.691732;0.76649;0.942347;
95;-0.0956272;0.095626;-0.0951932;-0.495493;0.501892;-0.536841;0.00755966;0.0528907;0.0109515;-0.0133984;-0.017446;0.0338608;0.00591186;0.0189781;0.0211334;-0.0542404;-0.0233798;0.00362948;0.692728;0;1;0.615244;0.859476;0;
96;-0.0892668;0.0892661;-0.0890133;-0.476911;0.481914;-0.547459;-0.0669062;0.10221;-0.0649157;0.0250873;-0.0188891;0.0910968;0.00441484;0.0110828;0.0164451;-0.0733676;0.0194612;0.00211925;0.58744;0;1;0.685895;1;0;
97;-0.0818511;0.0818507;-0.081703;-0.448314;0.461909;-0.527752;-0.139919;0.160537;-0.138748;0.056769;-0.00492491;0.154047;0.00257982;0.00647191;0.0107372;-0.0724202;0.058893;0.00123724;0.612427;0;1;0.609997;1;0;
98;-0.0723252;0.0723251;-0.0722388;-0.423304;0.441425;-0.479877;-0.192656;0.204698;-0.191965;0.0856305;0.000634833;0.200908;0.00150742;0.00377907;0.00627293;-0.069254;0.103539;0.000722156;0.680388;0;1;0.527824;1;0;
