1;-0.000363588;0.000116064;9.94837e-05;-0.000363588;0.000116064;9.94838e-05;0.0349769;0.0347456;0.0352595;0.0349769;0.0347456;0.0352595;0.808667;0.808665;0.808666;0.808667;0.808665;0.808666;0;0;0;0;0;0;
2;-0.000821083;-0.000693033;-0.000109956;-0.00267481;-0.00153372;0.0184039;0.165652;0.169054;0.176214;0.160885;0.164417;0.176191;0.472453;0.472454;0.472458;0.472453;0.472454;0.472462;1;1;1;1;1;1;
3;-5.43723e-05;-0.000192434;0.00160793;-0.00719688;-0.00495585;0.0247752;0.09683;0.0994672;0.104788;0.0938776;0.0969502;0.104347;0.275928;0.275931;0.275934;0.275929;0.275931;0.275937;0.658677;0.555193;1;0.540746;0.580731;0.92449;
4;0.000603117;-0.00074715;0.00169153;-0.00483771;-0.00225932;0.0138337;0.0565258;0.0581215;0.0611746;0.0548561;0.0565978;0.0609703;0.161147;0.161149;0.161151;0.161148;0.16115;0.161152;0.773684;0.808858;0.85101;0.47691;0.618883;1;
5;0.00122839;-0.00131247;0.00186401;-0.00370132;-0.000443264;0.00720265;0.03276;0.0342034;0.0354759;0.0322958;0.0328534;0.0358668;0.0941123;0.0941144;0.0941157;0.0941129;0.0941147;0.094116;0.874202;0.607467;0.891302;0.644018;0.633773;1;
6;0.00182481;-0.00187388;0.00219599;-0.00326894;0.000848566;0.00309889;0.029386;0.0327966;0.034067;0.0307177;0.0326749;0.0353588;0.0549639;0.0549651;0.0549662;0.0549641;0.0549656;0.0549662;0.925262;0.587436;0.857247;0.543108;0.543359;0.867109;
7;0.00230901;-0.00233764;0.00252576;-0.00315132;0.00173888;0.000566425;0.0254627;0.0285863;0.0282923;0.0288695;0.0290345;0.0313756;0.0321014;0.0321019;0.0321031;0.0321013;0.0321027;0.0321029;0.951904;0.573626;1;0.477325;0.839048;1;
8;0.00248207;-0.00249877;0.00260863;-0.00140685;-0.00220879;-0.000802779;0.0246501;0.0293043;0.0277867;0.0309894;0.0328525;0.0341345;0.0187499;0.0187497;0.0187512;0.0187493;0.0187516;0.0187506;1;0.576009;0.941428;0.479975;0.869381;0.694778;
9;0.00198793;-0.00199765;0.00206183;-0.00115161;-0.000751516;-0.00100721;0.0230812;0.0296265;0.0272158;0.0325332;0.0308351;0.036627;0.0109526;0.0109517;0.0109537;0.0109516;0.0109542;0.0109527;1;0.538053;0.948252;0.460929;0.581693;0.836657;
10;0.000265711;-0.000271349;0.000308849;0.000222739;-0.00133413;0.000307083;0.0202469;0.0285827;0.0240783;0.0334576;0.0297091;0.0372252;0.00639914;0.00639738;0.0064001;0.00639766;0.00640081;0.00639858;1;0.502497;0.967622;0.447294;0.599295;0.809238;
11;-0.00349086;0.00348759;-0.00346569;0.00377614;-0.00442516;0.00382538;0.0179442;0.0289006;0.0222727;0.0350355;0.0289762;0.0398949;0.0037401;0.00373738;0.00754612;0.00373804;0.00800681;0.00373891;1;0.44746;0.997543;0.437974;0.755341;0.800059;
12;-0.0103384;0.0103365;-0.0103237;0.010505;-0.0108841;0.0105338;0.0174583;0.0303044;0.0210259;0.0372642;0.0280921;0.0409136;0.00593951;0.00218366;0.00664809;0.00218472;0.0116676;0.0021855;1;0.557168;1;0.429524;0.777686;0.904243;
13;-0.0214956;0.0214946;-0.0214871;0.021593;-0.0218143;0.0216098;0.0164513;0.0295777;0.0202292;0.0388001;0.0283939;0.0407444;0.0050093;0.00127622;0.01004;0.00127755;0.00999345;0.00127829;1;0.60565;1;0.334914;0.787485;0.767061;
14;-0.0380499;0.0380493;-0.0380449;0.0381068;-0.038236;0.0381166;0.01832;0.0293088;0.0212761;0.0359675;0.028341;0.0393506;0.0040843;0.000746665;0.00586664;0.000747939;0.00953852;0.000748622;0.973396;0.624188;1;0.585118;0.757454;0.79323;
15;-0.0603025;0.0603022;-0.0602996;0.0603358;-0.0604113;0.0603415;0.0240393;0.0271973;0.027353;0.0274054;0.0276753;0.0307221;0.00300342;0.00345556;0.00342891;0.00134075;0.00557326;0.00300996;0.655288;0.655264;0.655985;0.483511;0.629973;0.875259;
16;-0.086733;0.0867329;-0.0867313;0.0867525;-0.0867965;0.0867558;0.043383;0.0283687;0.0470035;0.0127201;0.0340239;0.0189161;0.00175525;0.0157409;0.00350666;0.0090845;0.00325517;0.00866772;0.550719;0.907444;0.755575;0.798298;0.330614;1;
17;-0.113118;0.113118;-0.113117;0.113129;-0.113155;0.113131;0.0582126;0.0168895;0.0603282;-0.0254441;0.0527468;-0.0218219;0.0010248;0.0222347;0.0020482;0.00771509;0.00190065;0.0106815;0.0690411;0.878886;0.472603;0.760307;0;1;
18;-0.1328;0.1328;-0.132799;0.132807;-0.132822;0.132808;0.0955608;-0.0516862;0.0967963;-0.076421;0.0923689;-0.0743003;0.00059809;0.033877;0.00119576;0.00450765;0.00110961;0.0108879;0;1;0;0.620821;0;1;
19;-0.138311;0.138312;-0.138311;0.138315;-0.138324;0.138316;0.14359;-0.117956;0.144312;-0.13241;0.141726;-0.131167;0.000348892;0.0197886;0.000697931;0.00263372;0.000647595;0.0063611;0;1;0;0.513797;0;1;
20;-0.123566;0.123567;-0.123566;0.123569;-0.123574;0.123569;0.18598;-0.170999;0.186402;-0.179449;0.184892;-0.17872;0.000203315;0.0115586;0.000407156;0.00153869;0.000377742;0.0037161;0;1;0;0.525898;0;1;
21;-0.084385;0.0843854;-0.0843849;0.0843863;-0.0843896;0.0843866;0.214934;-0.194092;0.21518;-0.211118;0.214298;-0.210689;0.000118281;0.00675054;0.000237325;0.000898711;0.00022011;0.00217045;0;1;0;0.543645;0;1;
22;-0.0173043;0.0173051;-0.0173042;0.017305;-0.0173074;0.0173052;0.230539;-0.188251;0.230683;-0.228309;0.230168;-0.217996;6.85497e-05;0.00394258;0.000138077;0.000524707;0.000128038;0.00126741;0;1;0;0.589886;0;1;
23;0.0725462;-0.0725446;0.0725462;-0.0725458;0.0725435;-0.0725456;0.228353;-0.163518;0.228168;-0.207965;0.228508;-0.207361;3.95036e-05;0.00230338;8.00956e-05;0.00030642;7.42605e-05;0.000740266;0;1;0;0.635339;0;0.949305;
24;0.15962;-0.159618;0.15962;-0.159619;0.159617;-0.159619;0.189325;-0.129371;0.188216;-0.170238;0.193599;-0.181628;2.26935e-05;0.00647782;4.62913e-05;0.000179765;4.27919e-05;0.000432977;0;1;0;0.70946;0;1;
25;0.222491;-0.22249;0.222491;-0.222491;0.222489;-0.222491;0.161245;-0.0665337;0.149198;-0.115434;0.155287;-0.144056;1.27152e-05;0.0280141;2.65034e-05;0.0121609;2.44823e-05;0.0053387;0;1;0;0.756911;0;0.772541;
26;0.261128;-0.261127;0.261128;-0.261128;0.261127;-0.261128;0.148501;-0.00248437;0.135131;-0.0666152;0.145022;-0.098214;6.9975e-06;0.0389292;1.51308e-05;0.0143368;1.38568e-05;0.00311937;0;1;0;0.646784;0;1;
27;0.282492;-0.282493;0.282493;-0.282493;0.282492;-0.282493;0.117188;0.0454267;0.109378;0.0114687;0.115154;-0.0229583;0.0234493;0.0685772;8.41315e-06;0.0313226;7.63505e-06;0.0150484;0.867304;1;0;1;0;0.937095;
28;0.292154;-0.292155;0.292154;-0.292155;0.292154;-0.292154;0.0665193;0.0530682;0.0619593;0.0630929;0.0653313;0.0601238;0.0136968;0.0400539;0.0215795;0.0182967;0.0244999;0.0459735;0.68092;0.727588;0.9204;0.637361;0.540756;0.921964;
29;0.29273;-0.292941;0.29273;-0.29273;0.297781;-0.29273;-0.00543231;0.0752721;-0.00808456;0.0811266;-0.00611184;0.079393;0.0080006;0.0233908;0.0199355;0.0106849;0.0251098;0.0268481;0.546612;0;1;0;1;0;
30;0.283765;-0.283888;0.283765;-0.283765;0.286715;-0.283765;-0.0882427;0.12903;-0.0897821;0.132449;-0.0886263;0.131437;0.00467352;0.0136598;0.0164336;0.00623951;0.0316092;0.0156788;0.823316;0;1;0;1;0;
31;0.263376;-0.263448;0.263376;-0.263376;0.265099;-0.263376;-0.157891;0.181711;-0.158783;0.183708;-0.158104;0.183117;0.00273;0.00797682;0.00959961;0.00364342;0.0184629;0.00915594;0.663017;0;1;0;1;0;
32;0.23181;-0.231852;0.23181;-0.23181;0.232816;-0.23181;-0.204268;0.21818;-0.204784;0.219346;-0.204384;0.219001;0.00159452;0.00465794;0.00560686;0.00212727;0.0107831;0.00534655;0.706256;0;1;0;1;0;
33;0.18955;-0.189574;0.18955;-0.18955;0.190137;-0.18955;-0.231591;0.239716;-0.231888;0.240397;-0.205839;0.240195;0.00093106;0.00271968;0.00327416;0.00124182;0.00629691;0.00312186;0.804788;0;1;0;1;0;
34;0.133932;-0.133946;0.133932;-0.133932;0.134275;-0.133932;-0.245969;0.250715;-0.229558;0.251113;-0.202814;0.250995;0.000543407;0.00158773;0.00191175;0.000724674;0.00367703;0.0018226;1;0;1;0;1;0;
35;0.059184;-0.0591921;0.0591841;-0.059184;0.0593845;-0.059184;-0.237691;0.250204;-0.223831;0.249221;-0.193247;0.249452;0.000316961;0.00092667;0.00111626;0.000422661;0.00214723;0.00106384;1;0;1;0;1;0;
36;-0.035918;0.0359135;-0.0359179;0.035918;-0.0358008;0.035918;-0.220751;0.225118;-0.211365;0.235241;-0.175305;0.236028;0.000185035;0.000540599;0.000651959;0.000246287;0.00125451;0.00062073;0.927079;0;1;0;1;0;
37;-0.132207;0.132205;-0.132207;0.132207;-0.132139;0.132207;-0.183402;0.201947;-0.191196;0.199319;-0.144695;0.198439;0.000108542;0.000315152;0.000381162;0.000143369;0.0040333;0.000362082;1;0;1;0;1;0;
38;-0.20502;0.205019;-0.20502;0.20502;-0.20498;0.20502;-0.135473;0.167776;-0.152767;0.163095;-0.084109;0.171283;0.0105685;0.000183528;0.00101291;8.32162e-05;0.0179774;0.000210893;0.992367;0;1;0;1;0;
39;-0.250955;0.250954;-0.250954;0.250954;-0.250932;0.250954;-0.0877377;0.157932;-0.114456;0.154885;-0.0311828;0.15998;0.0108123;0.000106722;0.00760115;4.81746e-05;0.0332651;0.000122746;1;0;1;0;1;0;
40;-0.277083;0.277082;-0.277082;0.277082;-0.27707;0.277083;-0.00378874;0.129956;-0.0481037;0.128178;0.0432973;0.131152;0.0292382;6.18849e-05;0.00726751;0.0140251;0.0536739;7.12607e-05;1;0;0.79988;0.460563;1;0;
41;-0.289951;0.289951;-0.289951;0.28995;-0.289944;0.289951;0.0470736;0.0839462;0.038854;0.0829132;0.0596208;0.084646;0.0236685;3.57333e-05;0.0205319;0.0152932;0.0313553;0.00235634;1;0;0.968574;0.667387;1;0.594979;
42;-0.293161;0.293161;-0.293161;0.293161;-0.293157;0.293161;0.0635208;0.0178293;0.0608635;0.0164947;0.0676211;0.0175115;0.0138226;0.0252568;0.0119922;0.00893446;0.0183113;0.0200861;0;1;0.540886;0.565877;0;1;
43;-0.287142;0.287143;-0.287142;0.287142;-0.28714;0.287142;0.112393;-0.0648693;0.110841;-0.0656633;0.114787;-0.0650584;0.00807196;0.0326427;0.00700297;0.00521887;0.0106933;0.0203834;0;1;0;0.507342;0;1;
44;-0.270064;0.270065;-0.270064;0.270064;-0.270063;0.270064;0.168232;-0.140466;0.167326;-0.140941;0.16963;-0.14058;0.00471359;0.0190673;0.00408932;0.00304864;0.00624445;0.011907;0;1;0;0.512562;0;1;
45;-0.241493;0.241493;-0.241493;0.241492;-0.241492;0.241493;0.209582;-0.193357;0.209052;-0.193643;0.210398;-0.193426;0.00275227;0.0111367;0.00238769;0.00178071;0.00364625;0.00695479;0;1;0;0.631268;0;1;
46;-0.202303;0.202303;-0.202303;0.202303;-0.202302;0.202303;0.234877;-0.207234;0.234568;-0.225568;0.235354;-0.225437;0.00160682;0.00650353;0.00139392;0.00103986;0.00212888;0.00406153;0;1;0;0.526657;0;1;
47;-0.150864;0.150865;-0.150864;0.150864;-0.150864;0.150865;0.24845;-0.206251;0.24827;-0.243013;0.248729;-0.230153;0.000937837;0.00379765;0.000813506;0.000606985;0.00124271;0.00237152;0;1;0;0.65219;0;1;
48;-0.0819837;0.0819846;-0.0819837;0.0819837;-0.0819841;0.0819838;0.251453;-0.196032;0.251502;-0.241995;0.251;-0.226564;0.000547156;0.00221764;0.000474528;0.000354066;0.000725192;0.00138472;0;1;0;0.670635;0;1;
49;0.00835622;-0.00835496;0.00835619;-0.00835622;0.0083554;-0.00835611;0.240497;-0.180158;0.240239;-0.226461;0.2333;-0.215649;0.000318972;0.00129547;0.000276572;0.000206584;0.000422944;0.000808612;0;1;0;0.773622;0;1;
50;0.107335;-0.107333;0.107335;-0.107335;0.107334;-0.107335;0.208517;-0.147286;0.209463;-0.19797;0.210026;-0.20072;0.000185768;0.000757559;0.000161001;0.000120898;0.000246449;0.000472494;0;1;0;0.665527;0;1;
51;0.187853;-0.187851;0.187853;-0.187853;0.187852;-0.187853;0.174833;-0.100544;0.175949;-0.15387;0.175048;-0.164979;0.00010798;0.0128508;9.34908e-05;0.00452888;0.000143398;0.00108096;0;1;0;0.744943;0;1;
52;0.240617;-0.240616;0.240617;-0.240617;0.240616;-0.240617;0.165235;-0.0420127;0.154326;-0.0900414;0.132956;-0.125821;6.26529e-05;0.0240126;5.4252e-05;0.0198443;8.3284e-05;0.0115067;0;1;0;0.766175;0;1;
53;0.27144;-0.271439;0.27144;-0.27144;0.271439;-0.27144;0.140919;0.0333319;0.134548;-0.0341603;0.122068;-0.0777443;3.61916e-05;0.0467798;3.1239e-05;0.0341926;4.81839e-05;0.00672151;0;1;0;0.848353;0;0.874572;
54;0.287466;-0.287467;0.287467;-0.287467;0.287466;-0.287468;0.0994962;0.0560127;0.0957697;0.0443989;0.0884812;0.0265125;0.0203063;0.0274301;1.78388e-05;0.0315922;2.7727e-05;0.0370632;1;1;0;1;0;1;
55;0.293158;-0.293158;0.293158;-0.293158;0.291902;-0.293159;0.0381464;0.0677762;0.0359767;0.0738196;0.0421538;0.07915;0.0118616;0.01602;0.0288834;0.0184503;0.0442515;0.0216469;0.711759;0.102069;1;0.0900225;0.836769;0.694793;
56;0.289813;-0.289813;0.289813;-0.289813;0.289079;-0.289813;-0.0418649;0.103724;-0.043121;0.107254;-0.0395098;0.110366;0.0069285;0.00935521;0.01934;0.0107745;0.0323056;0.0126412;0.588592;0;1;0;1;0;
57;0.275955;-0.275955;0.275955;-0.275955;0.275527;-0.275955;-0.121793;0.15792;-0.122519;0.159981;-0.120407;0.161799;0.00404721;0.00546299;0.0112982;0.00629186;0.0188713;0.00738203;0.642435;0;1;0;1;0;
58;0.250436;-0.250436;0.250436;-0.250436;0.250186;-0.250436;-0.181212;0.202311;-0.18163;0.203515;-0.180393;0.204576;0.00236402;0.0031899;0.0065997;0.00367396;0.0110228;0.00431061;0.906733;0;1;0;1;0;
59;0.214179;-0.214179;0.214179;-0.214179;0.214033;-0.214179;-0.218335;0.230657;-0.218572;0.23136;-0.213707;0.23198;0.00138062;0.00186238;0.00385581;0.00214508;0.00643726;0.00251693;0.702589;0;1;0;1;0;
60;0.166496;-0.166496;0.166496;-0.166496;0.166411;-0.166496;-0.239256;0.246453;-0.229139;0.246864;-0.207372;0.247226;0.000806052;0.00108709;0.00225142;0.00125217;0.00375893;0.00146935;0.773517;0;1;0;1;0;
61;0.103062;-0.103063;0.103062;-0.103062;0.103013;-0.103062;-0.245453;0.253514;-0.226261;0.253753;-0.200687;0.253965;0.00047032;0.000634308;0.00131455;0.000730718;0.0021949;0.000857533;0.799738;0;1;0;1;0;
62;0.0184135;-0.0184152;0.0184137;-0.0184135;0.0183865;-0.0184136;-0.232836;0.237934;-0.218735;0.243379;-0.187066;0.244098;0.000274414;0.00036987;0.000767569;0.000426187;0.00128193;0.000500254;0.897882;0;1;0;1;0;
63;-0.0808914;0.080889;-0.0808912;0.0808913;-0.0809054;0.0808913;-0.204603;0.216484;-0.205079;0.224471;-0.161553;0.225085;0.000160351;0.000215469;0.00044844;0.000248348;0.000749467;0.00029159;0.976352;0;1;0;1;0;
64;-0.168494;0.168491;-0.168494;0.168494;-0.168501;0.168494;-0.162003;0.183528;-0.175454;0.20509;-0.120423;0.203736;9.44924e-05;0.00012534;0.000262604;0.000144648;0.00911693;0.000169881;1;0;1;0;1;0;
65;-0.228616;0.228614;-0.228616;0.228616;-0.228619;0.228616;-0.108398;0.148022;-0.138192;0.190041;-0.0589665;0.18925;0.0104065;7.27053e-05;0.00364339;8.39378e-05;0.023066;9.86366e-05;1;0;1;0;1;0;
66;-0.264692;0.264691;-0.264692;0.264692;-0.264694;0.264692;-0.0546947;0.137085;-0.0911577;0.161624;-0.00306798;0.161163;0.0366688;4.19974e-05;0.00287114;4.85959e-05;0.0559501;5.71948e-05;1;0;0.876835;0;0.994094;0;
67;-0.284217;0.284216;-0.284217;0.284216;-0.284219;0.284217;0.0336751;0.105613;-0.00440392;0.119947;0.0466969;0.119674;0.0547236;2.40516e-05;0.0163413;0.00729975;0.0326855;3.30184e-05;1;0;0.999194;0.372016;1;0;
68;-0.292489;0.292489;-0.292489;0.292489;-0.29249;0.292489;0.0571407;0.0530305;0.0704092;0.0613991;0.0661312;0.0612419;0.0319612;0.0234583;0.0344226;0.00575282;0.0190921;0.0337628;0.529487;0.547293;0.861089;0.464659;0.594069;1;
69;-0.291686;0.292912;-0.291686;0.291686;-0.291736;0.291686;0.0854685;-0.0211131;0.0932175;-0.0162408;0.090719;-0.0163213;0.0186647;0.028139;0.0201023;0.0049772;0.0111492;0.0197246;0;1;0;0.371011;0;1;
70;-0.280941;0.281657;-0.280941;0.280941;-0.28097;0.280941;0.140299;-0.102702;0.144824;-0.0998687;0.143365;-0.0999069;0.0108997;0.0236158;0.0117393;0.0029078;0.00651071;0.0158657;0;0.845253;0;0.423409;0;1;
71;-0.258577;0.258996;-0.258577;0.258577;-0.258594;0.258577;0.190039;-0.168072;0.192682;-0.166427;0.19183;-0.166443;0.00636497;0.0137942;0.00685525;0.00169873;0.00380178;0.00926769;0;1;0;0.446456;0;1;
72;-0.225212;0.225456;-0.225212;0.225212;-0.225221;0.225212;0.223305;-0.210467;0.224849;-0.209515;0.224351;-0.209519;0.00371663;0.00805624;0.00400294;0.000992193;0.00221973;0.00541284;0;0.909629;0;0.473395;0;1;
73;-0.180948;0.181091;-0.180948;0.180948;-0.180954;0.180948;0.24253;-0.205571;0.243431;-0.234476;0.243141;-0.233393;0.00216998;0.00470439;0.00233719;0.000579263;0.00129578;0.00316077;0;1;0;0.503079;0;1;
74;-0.12247;0.122553;-0.12247;0.12247;-0.122473;0.12247;0.251953;-0.201507;0.25248;-0.247248;0.25231;-0.228693;0.00126671;0.002747;0.00136436;0.000337927;0.000756176;0.00184555;0;1;0;0.525381;0;1;
75;-0.043895;0.0439434;-0.043895;0.043895;-0.0438964;0.0438951;0.246832;-0.188544;0.247589;-0.236703;0.245842;-0.223597;0.000739211;0.0016043;0.000796235;0.00019701;0.000441035;0.00107763;0;1;0;0.575177;0;1;
76;0.0534497;-0.0534219;0.0534497;-0.0534497;0.0534495;-0.0534496;0.232394;-0.167362;0.2326;-0.213272;0.221209;-0.209513;0.000431152;0.000937797;0.000464453;0.000115037;0.000257011;0.000629445;0;1;0;0.635219;0;1;
77;0.146925;-0.146909;0.146924;-0.146925;0.146925;-0.146924;0.201202;-0.137021;0.198029;-0.174213;0.196119;-0.184509;0.000251502;0.00919008;0.00027095;6.77697e-05;-0.00119114;0.000368116;0;1;0;0.692297;0;1;
78;0.214778;-0.214769;0.214778;-0.214778;0.214778;-0.214778;0.190506;-0.0709727;0.152643;-0.121594;0.1627;-0.147785;0.000146281;0.0231811;0.000157583;0.00617098;-0.000696167;0.000216039;0;1;0;0.756397;0;1;
79;0.256704;-0.256699;0.256704;-0.256704;0.256704;-0.256704;0.167712;-0.011647;0.13861;-0.0685226;0.151474;-0.105124;8.4986e-05;0.0381223;9.17076e-05;0.0291923;-0.000407003;0.00898967;0;1;0;0.803159;0;0.927304;
80;0.280131;-0.280129;0.280131;-0.280132;0.280132;-0.280131;0.131158;0.0440224;0.114161;0.00834261;0.121673;-0.0350111;0.0175225;0.0488499;5.31249e-05;0.044756;-0.000238167;0.00525201;0.571948;1;0;0.932097;0;0.92977;
81;0.29115;-0.291149;0.29115;-0.29115;0.29115;-0.29115;0.0784536;0.0613283;0.0717615;0.0573152;0.0729129;0.0550512;0.0102353;0.0285345;0.0282308;0.0261427;0.0128914;0.0535058;0.641946;0.894899;1;0.873774;0.695295;1;
82;0.292813;-0.292813;0.292813;-0.292813;0.292813;-0.292813;0.00611097;0.0755229;0.0022124;0.0731796;0.00327398;0.0718581;0.00597938;0.0166637;0.0212767;0.015267;0.0258405;0.0312473;0.721365;0;1;0;1;0.0800844;
83;0.285021;-0.285021;0.285021;-0.285021;0.285022;-0.285021;-0.0780846;0.125759;-0.0803514;0.124391;-0.0797277;0.123619;0.00349312;0.00973112;0.0182947;0.0089155;0.0320601;0.0182479;0.611282;0;1;0;1;0;
84;0.265889;-0.265889;0.265889;-0.265889;0.26589;-0.265889;-0.150726;0.178569;-0.152043;0.17777;-0.151675;0.177319;0.00204071;0.00568251;0.0106868;0.0052062;0.0187266;0.0106563;0.924984;0;1;0;0.930239;0;
85;0.23544;-0.23544;0.23544;-0.23544;0.235441;-0.23544;-0.199866;0.216127;-0.200629;0.21566;-0.200411;0.215397;0.00119202;0.00331808;0.00624191;0.00303993;0.0109373;0.00622275;0.74276;0;1;0;1;0;
86;0.194343;-0.194344;0.194344;-0.194343;0.194344;-0.194343;-0.229103;0.2386;-0.229544;0.238327;-0.207012;0.238174;0.000696026;0.00193722;0.0036451;0.00177481;0.00638696;0.00363356;1;0;1;0;1;0;
87;0.140326;-0.140326;0.140326;-0.140326;0.140327;-0.140326;-0.244734;0.250282;-0.22988;0.250122;-0.203775;0.250033;0.000406165;0.00113078;0.00212836;0.00103594;0.00372961;0.00212143;0.905889;0;1;0;1;0;
88;0.0677846;-0.0677853;0.0677847;-0.0677846;0.0677857;-0.0677846;-0.239454;0.251154;-0.225096;0.249575;-0.194637;0.249834;0.000236795;0.000659818;0.00124271;0.000604439;0.00217793;0.00123835;0.846477;0;1;0;1;0;
89;-0.0257068;0.0257057;-0.0257067;0.0257067;-0.0257051;0.0257067;-0.222848;0.228674;-0.213453;0.237759;-0.173381;0.237459;0.000138167;0.000384769;0.000725762;0.000352444;0.00127262;0.000722651;0.967784;0;1;0;1;0;
90;-0.123252;0.123251;-0.123252;0.123252;-0.12325;0.123252;-0.190272;0.204335;-0.196264;0.2047;-0.147028;0.200487;8.10792e-05;0.000224144;0.00042421;0.000205318;0.000744512;0.000421497;1;0;1;0;1;0;
91;-0.198943;0.198942;-0.198943;0.198943;-0.198941;0.198943;-0.144339;0.16942;-0.158637;0.168914;-0.0919603;0.163093;0.00787143;0.000130376;0.0020232;0.000119402;0.0185357;0.000245629;1;0;1;0;1;0;
92;-0.247327;0.247326;-0.247327;0.247327;-0.247327;0.247327;-0.0853162;0.129554;-0.116657;0.160579;-0.0472519;0.129215;0.0178828;7.56724e-05;0.00974499;6.92919e-05;0.0211416;0.000143306;1;0;1;0;1;0;
93;-0.275124;0.275123;-0.275124;0.275124;-0.275124;0.275124;-0.0130451;0.115914;-0.0580805;0.134033;0.0415138;0.115715;0.0281799;4.37684e-05;0.00569284;0.00664379;0.0602396;8.31437e-05;1;0;0.890787;0.615967;1;0;
94;-0.289121;0.289121;-0.289121;0.289121;-0.289121;0.289121;0.0439622;0.0792107;0.0343602;0.0897971;0.0522328;0.079096;0.0397243;2.52553e-05;0.0274525;0.00770177;0.0351892;0.00849882;1;0.090112;1;0.603;1;0.623851;
95;-0.293239;0.293238;-0.293238;0.293238;-0.293239;0.293238;0.0559589;0.0243978;0.0718493;0.0249884;0.0537272;0.0187455;0.0231991;0.0254635;0.0160334;0.00450044;0.0205504;0.0209333;0.289233;1;0.552371;0.429415;0;1;
96;-0.288223;0.288223;-0.288223;0.288223;-0.288223;0.288223;0.104002;-0.0570583;0.113282;-0.0567281;0.102699;-0.0603631;0.0135478;0.0344137;0.009363;0.00262954;0.012001;0.0200584;0;1;0;0.365449;0;1;
97;-0.27234;0.27234;-0.27234;0.27234;-0.27234;0.27234;0.161584;-0.134157;0.167003;-0.133975;0.160823;-0.13609;0.00791145;0.0201019;0.00546755;0.00153651;0.00700811;0.0117173;0;1;0;0.515969;0;1;
98;-0.244882;0.244882;-0.244882;0.244882;-0.244882;0.244882;0.205309;-0.189282;0.208474;-0.189185;0.204865;-0.190415;0.00461981;0.011741;0.00319258;0.00089767;0.00409225;0.0068441;0;1;0;0.457283;0;1;
