1;-0.000363588;0.000116064;9.94836e-05;-0.000363588;0.000116064;9.94838e-05;0.0349769;0.0347455;0.0352594;0.0349769;0.0347456;0.0352595;0.808667;0.808665;0.808666;0.808667;0.808665;0.808666;0;0;0;0;0;0;
2;0.00518937;0.00351239;0.00374095;-0.00205485;-0.00374387;-0.00366531;0.169697;0.173759;0.171132;0.167508;0.171664;0.168872;0.472453;0.472454;0.472457;0.472464;0.472464;0.472468;1;1;1;1;1;1;
3;0.0058308;0.00359947;0.00483178;-0.00356932;-0.00367194;-0.00466435;0.0999851;0.102017;0.10088;0.102346;0.104093;0.101293;0.27593;0.275931;0.275932;0.275936;0.275937;0.275939;0.944031;0.703027;0.584616;0.338594;0.63856;1;
4;0.00404;0.00146723;0.00345653;-0.00271924;-0.00150958;-0.00335878;0.0583692;0.0596103;0.0588921;0.0598015;0.0607684;0.0591879;0.161148;0.161149;0.16115;0.161151;0.161153;0.161154;0.732293;0.6056;0.85105;0.475655;0.598029;0.882659;
5;0.00323551;-1.96041e-05;0.00289474;-0.00246415;-6.46233e-06;-0.00283767;0.0338369;0.0350727;0.0341427;0.0351838;0.0352385;0.0348264;0.0941136;0.0941143;0.0941146;0.0941152;0.0941164;0.0941174;0.883816;0.603849;0.884292;0.41873;0.619247;0.88747;
6;0.00299696;-0.00111868;0.00279793;-0.00245861;0.00110429;-0.00275796;0.0284017;0.0323571;0.0343591;0.0298929;0.0323795;0.0358191;0.0549647;0.0549651;0.0549656;0.0549654;0.0549666;0.0549671;0.919957;0.589233;0.89505;0.604845;0.616249;0.875609;
7;0.00322176;-0.00189661;0.0028773;-0.00267911;0.00188822;-0.00285394;0.0244385;0.0283405;0.0286648;0.0291754;0.0291205;0.0324017;0.0321019;0.0321019;0.0321028;0.0321021;0.0321033;0.0321034;0.878689;0.546525;0.902081;0.679262;0.6331;0.760235;
8;0.00301511;-0.00224119;0.00281393;-0.00257859;0.00223632;-0.00280027;0.0242049;0.0288384;0.027538;0.0302668;0.0296648;0.0335833;0.0187501;0.0187497;0.018751;0.0187498;0.0187514;0.0187509;0.748478;0.777999;0.944949;0.61278;0.669397;1;
9;0.00229923;-0.00184723;0.00218172;-0.00204426;0.00184441;-0.00217373;0.0232888;0.0295567;0.0267065;0.0322602;0.0301834;0.0357076;0.0109527;0.0109517;0.0109536;0.0109519;0.010954;0.0109529;0.799889;0.743989;0.879198;0.415328;0.69175;1;
10;0.000447502;-0.000183505;0.000378867;-0.000298556;0.000181917;-0.000374179;0.0203386;0.0286742;0.024069;0.0337476;0.0298952;0.0374256;0.00639922;0.00639738;0.00640003;0.00639782;0.00640068;0.00639872;0.815303;0.5074;1;0.450192;0.724538;0.818954;
11;-0.00338477;0.0035388;-0.00342456;0.00347178;-0.00353975;0.00342761;0.0171413;0.0301802;0.0293901;0.0342535;0.029886;0.0429322;0.00374013;0.00373743;0.0142388;0.00373807;0.00850298;0.00373919;0.842757;0.486846;1;0.433235;0.764092;0.832759;
12;-0.0102765;0.0103664;-0.0102997;0.0103274;-0.0103669;0.0103016;0.0163625;0.0294342;0.0237847;0.0373918;0.0289988;0.0419282;0.00514323;0.00218366;0.00906043;0.00218475;0.00860949;0.00218571;0.863166;0.361311;1;0.432076;0.788363;0.770116;
13;-0.0214595;0.021512;-0.0214731;0.0214893;-0.0215123;0.0214742;0.0162315;0.0294616;0.0182527;0.0388357;0.0281894;0.0405477;0.00758926;0.00127625;0.00728457;0.00127757;0.00992621;0.00127846;0.870353;0.551425;1;0.427801;0.796197;0.769051;
14;-0.0380288;0.0380595;-0.0380367;0.0380462;-0.0380596;0.0380374;0.0182071;0.029205;0.0209931;0.0359004;0.0282395;0.0388471;0.00443511;0.000746682;0.00487436;0.000747945;0.00751437;0.000748736;0.843438;0.63322;1;0.439125;0.760804;0.852307;
15;-0.0602902;0.0603081;-0.0602949;0.0603004;-0.0603082;0.0602953;0.0242364;0.0275117;0.0277598;0.0271755;0.0280596;0.0311913;0.00259258;0.00335575;0.00494739;0.00250832;0.00439118;0.00324135;0.761997;0.504561;1;0.482816;0.63793;1;
16;-0.0867259;0.0867363;-0.0867286;0.0867319;-0.0867363;0.0867288;0.043842;0.0279015;0.0461777;0.0130363;0.0335882;0.0181277;0.00151532;0.0165048;0.00289121;0.0067909;0.00256482;0.00900475;0.541333;0.862017;0.905465;0.611861;0.329921;1;
17;-0.113114;0.11312;-0.113115;0.113117;-0.11312;0.113115;0.0584807;0.0144953;0.0598461;-0.0252592;0.0524923;-0.0222828;0.000884668;0.0235078;0.00168887;0.00894024;0.00149749;0.011256;0.0700119;1;0.36545;0.551434;0;1;
18;-0.132798;0.132801;-0.132799;0.1328;-0.132801;0.132799;0.0957174;-0.0530845;0.0965148;-0.0763131;0.0922203;-0.0745696;0.000516254;0.0320152;0.000985913;0.00522313;0.000874167;0.0105449;0;0.968486;0;0.50547;0;1;
19;-0.13831;0.138312;-0.138311;0.138311;-0.138312;0.138311;0.143682;-0.118772;0.144148;-0.132347;0.14164;-0.131325;0.000301098;0.0187013;0.00057538;0.00305156;0.000510097;0.00616079;0;1;0;0.516354;0;1;
20;-0.123566;0.123567;-0.123566;0.123566;-0.123567;0.123566;0.186034;-0.171476;0.186306;-0.179413;0.184841;-0.178812;0.000175409;0.0109236;0.00033559;0.00178271;0.000297442;0.00359911;0;1;0;0.564213;0;1;
21;-0.0843846;0.0843855;-0.0843848;0.084385;-0.0843853;0.0843849;0.214965;-0.193402;0.215124;-0.211096;0.214268;-0.210743;0.000101982;0.00637968;0.000195529;0.00104122;0.000173213;0.00210213;0;1;0;0.763601;0;1;
22;-0.0173042;0.0173048;-0.0173043;0.0173044;-0.0173046;0.0173044;0.230558;-0.188126;0.23065;-0.228296;0.230151;-0.218075;5.90356e-05;0.003726;0.000113674;0.000607937;0.000100645;0.00122752;0;1;0;0.666112;0;1;
23;0.0725459;-0.0725454;0.0725458;-0.0725458;0.0725457;-0.0725458;0.228502;-0.163711;0.228117;-0.20782;0.228452;-0.20759;3.39519e-05;0.00217689;6.58498e-05;0.000355033;5.82554e-05;0.000716984;0;1;0;0.88548;0;1;
24;0.159619;-0.159619;0.159619;-0.159619;0.159619;-0.159619;0.18938;-0.128652;0.189019;-0.170164;0.193918;-0.180773;1.94409e-05;0.00667412;3.79718e-05;0.000208161;3.34369e-05;0.00041938;0;1;0;0.670912;0;1;
25;0.22249;-0.22249;0.22249;-0.22249;0.222491;-0.22249;0.161863;-0.0679406;0.145372;-0.113773;0.157305;-0.141761;1.07992e-05;0.0233001;2.18136e-05;0.0111351;1.90458e-05;0.000246057;0;1;0;0.757023;0;1;
26;0.261127;-0.261128;0.261127;-0.261128;0.261128;-0.261127;0.148862;-0.00718409;0.115952;-0.0619627;0.1462;-0.102011;5.89692e-06;0.0369719;1.22135e-05;0.0238642;1.06697e-05;0.010146;0;1;0;0.807003;0;1;
27;0.282492;-0.282493;0.282492;-0.282493;0.282493;-0.282492;0.117399;0.039506;0.0981771;0.015711;0.115842;-0.0255168;0.0204452;0.0546424;6.80573e-06;0.0426919;5.74806e-06;0.00592723;0.80419;1;0;0.914135;0;1;
28;0.292154;-0.292155;0.292154;-0.292155;0.292154;-0.292154;0.0666423;0.0542218;0.0554185;0.0620017;0.065733;0.0625374;0.0119423;0.0319159;0.0209502;0.0249365;0.0271816;0.0266641;0.669916;0.860937;1;0.609393;0.558309;0.899267;
29;0.29273;-0.292898;0.29273;-0.292741;0.297475;-0.29273;-0.00536051;0.0759457;-0.0119044;0.0804894;-0.0058772;0.0808025;0.00697601;0.0186383;0.0194671;0.0145624;0.0248474;0.0155715;0.553247;0;1;0;1;0;
30;0.283765;-0.283863;0.283765;-0.283772;0.286537;-0.283765;-0.0882008;0.129423;-0.0920129;0.132077;-0.0884891;0.13226;0.00407512;0.0108843;0.0159511;0.008504;0.0356679;0.0090933;0.618956;0;1;0;1;0;
31;0.263376;-0.263433;0.263376;-0.263379;0.264994;-0.263376;-0.157866;0.181941;-0.160086;0.183491;-0.158024;0.183597;0.00238054;0.00635596;0.00931776;0.00496588;0.0208333;0.00531004;0.668279;0;1;0;1;0;
32;0.23181;-0.231844;0.23181;-0.231812;0.232756;-0.23181;-0.204253;0.218314;-0.205544;0.219219;-0.204337;0.219281;0.00139044;0.00371136;0.00544222;0.00289957;0.0121675;0.00310056;0.708768;0;1;0;1;0;
33;0.18955;-0.189569;0.18955;-0.189551;0.190102;-0.18955;-0.231582;0.239794;-0.232332;0.240323;-0.205638;0.240359;0.000811871;0.00216689;0.00317799;0.00169284;0.00710538;0.00181022;0.752522;0;0.970985;0;1;0;
34;0.133931;-0.133943;0.133932;-0.133932;0.134255;-0.133932;-0.245964;0.250761;-0.229605;0.251069;-0.201817;0.251091;0.000473799;0.0012649;0.00185558;0.000988066;0.00414925;0.00105661;0.730575;0;1;0;1;0;
35;0.0591836;-0.0591909;0.0591837;-0.0591841;0.0593729;-0.0591837;-0.23896;0.249762;-0.224347;0.249045;-0.19159;0.24938;0.000276315;0.000738143;0.00108343;0.00057648;0.00242314;0.000616505;1;0;1;0;1;0;
36;-0.0359186;0.0359138;-0.0359185;0.0359183;-0.035807;0.0359185;-0.219414;0.225231;-0.211273;0.235427;-0.169109;0.235373;0.000161275;0.000430523;0.000632779;0.000336118;0.00141608;0.000359487;1;0;1;0;1;0;
37;-0.132208;0.132205;-0.132208;0.132207;-0.13214;0.132208;-0.185236;0.200825;-0.184135;0.199715;-0.133;0.198855;9.45982e-05;0.000250887;0.000370141;0.000195844;0.0189844;0.000209392;0.823516;0;1;0;1;0;
38;-0.20502;0.205019;-0.20502;0.20502;-0.204982;0.20502;-0.13538;0.170036;-0.153286;0.166653;-0.0839407;0.162889;0.0049179;0.000145991;0.000217148;0.000113846;0.0183319;0.000121757;1;0;1;0;1;0;
39;-0.250955;0.250954;-0.250954;0.250954;-0.250932;0.250954;-0.078184;0.159251;-0.113285;0.157276;-0.0249443;0.149564;0.0261584;8.4815e-05;0.0115992;6.60607e-05;0.029181;7.07364e-05;1;0;0.96939;0;1;0;
40;-0.277083;0.277082;-0.277083;0.277083;-0.277071;0.277083;-0.012782;0.130727;-0.0511672;0.129574;0.0454305;0.12507;0.0244963;4.90542e-05;0.00677568;0.0108595;0.0550828;4.08964e-05;1;0;0.87696;0.357199;1;0;
41;-0.289951;0.289951;-0.289951;0.289951;-0.289944;0.289951;0.0522429;0.0843972;0.0461116;0.083728;0.0615062;0.081095;0.0398081;0.00100024;0.0479262;0.00768992;0.0321756;0.0217725;1;0.251586;1;0.590936;1;0.723651;
42;-0.293161;0.293161;-0.293161;0.293161;-0.293157;0.293161;0.0633657;0.0185042;0.058995;0.0169702;0.0675788;0.0154381;0.0232479;0.0268364;0.02799;0.00647438;0.0187903;0.0190682;0;1;0.514339;0.654264;0;1;
43;-0.287142;0.287143;-0.287142;0.287142;-0.28714;0.287142;0.112302;-0.0644748;0.10975;-0.0653856;0.114763;-0.0662693;0.0135763;0.0330391;0.0163456;0.00378219;0.010973;0.0188661;0;1;0;0.357602;0;1;
44;-0.270064;0.270065;-0.270064;0.270064;-0.270063;0.270064;0.168179;-0.140236;0.166688;-0.140779;0.169616;-0.141287;0.00792809;0.0192988;0.00954539;0.00220962;0.00640779;0.0110209;0;1;0;0.437994;0;1;
45;-0.241493;0.241493;-0.241493;0.241492;-0.241492;0.241493;0.209551;-0.193222;0.20868;-0.193548;0.21039;-0.19384;0.00462951;0.0112718;0.00557401;0.00129074;0.00374165;0.00643726;0;1;0;0.535444;0;1;
46;-0.202303;0.202303;-0.202303;0.202303;-0.202302;0.202303;0.234859;-0.20999;0.23435;-0.225512;0.235349;-0.225678;0.00270313;0.00658241;0.00325472;0.00075372;0.00218459;0.0037593;0;0.948239;0;0.67241;0;1;
47;-0.150864;0.150865;-0.150864;0.150864;-0.150865;0.150865;0.24844;-0.205637;0.248143;-0.242981;0.248726;-0.228996;0.00157807;0.00384373;0.00190019;0.000439885;0.00127524;0.00219504;0;1;0;0.539807;0;1;
48;-0.0819837;0.0819847;-0.0819837;0.0819837;-0.0819841;0.0819838;0.251367;-0.19596;0.251725;-0.24196;0.251222;-0.226513;0.000921056;0.00224456;0.00110915;0.000256481;0.000744189;0.00128164;0;1;0;0.483498;0;1;
49;0.00835619;-0.00835468;0.00835616;-0.00835622;0.00835539;-0.00835612;0.24033;-0.177268;0.239877;-0.227111;0.233027;-0.215158;0.000537332;0.00131144;0.000647201;0.00014959;0.000434044;0.000748427;0;1;0;0.607261;0;1;
50;0.107335;-0.107333;0.107335;-0.107335;0.107334;-0.107335;0.209033;-0.147213;0.215204;-0.199321;0.210283;-0.200779;0.000313274;0.00112569;0.000377424;8.75792e-05;0.000252943;0.000437398;0;1;0;0.771823;0;1;
51;0.187852;-0.187851;0.187852;-0.187853;0.187852;-0.187852;0.172489;-0.102989;0.190997;-0.146002;0.174287;-0.165621;0.000182429;0.0148509;0.00022005;0.00661528;0.000147198;0.000256327;0;1;0;1;0;1;
52;0.240617;-0.240616;0.240617;-0.240617;0.240616;-0.240617;0.13699;-0.0447799;0.176783;-0.0961393;0.137626;-0.122271;0.000106368;0.0399675;0.000127922;0.00780284;8.54821e-05;0.00555195;0;1;0;0.875526;0;1;
53;0.27144;-0.27144;0.27144;-0.27144;0.271439;-0.27144;0.12445;0.0283575;0.147662;-0.0249644;0.124795;-0.0723446;0.00566998;0.0550142;7.43079e-05;0.0401145;4.94862e-05;0.00324398;0.480137;1;0;1;0;1;
54;0.287466;-0.287467;0.287466;-0.287467;0.287466;-0.287466;0.0898773;0.060915;0.103429;0.0295562;0.0900737;0.0292301;0.00608321;0.0321359;4.3232e-05;0.0234327;2.84709e-05;0.0377715;0.614349;1;0.247175;0.808091;0;1;
55;0.293158;-0.293159;0.293158;-0.293158;0.293158;-0.293158;0.0325296;0.0658875;0.0404486;0.0680655;0.0340607;0.0799256;0.0145071;0.0187679;0.0276623;0.0136854;0.035914;0.022061;1;0.122213;1;0.114982;1;0.674497;
56;0.289813;-0.289813;0.289813;-0.289813;0.289813;-0.289813;-0.0451452;0.102621;-0.0405092;0.103893;-0.0442361;0.110819;0.00847345;0.01096;0.018057;0.00799177;0.0289859;0.0128831;0.514582;0;1;0;1;0;
57;0.275955;-0.275955;0.275955;-0.275955;0.275955;-0.275955;-0.123709;0.157276;-0.120994;0.158019;-0.123167;0.162064;0.00494945;0.00640017;0.010549;0.00466676;0.0169324;0.00752326;0.644698;0;1;0;1;0;
58;0.250436;-0.250436;0.250436;-0.250436;0.250436;-0.250436;-0.182331;0.201935;-0.180739;0.202368;-0.182004;0.204731;0.00289094;0.00373722;0.00616216;0.00272487;0.00989038;0.00439306;0.699985;0;1;0;1;0;
59;0.214179;-0.214179;0.214179;-0.214179;0.214179;-0.214179;-0.218988;0.230437;-0.218053;0.23069;-0.211347;0.23207;0.0016883;0.00218201;0.00359886;0.00159086;0.00577589;0.00256507;0.726772;0;1;0;1;0;
60;0.166496;-0.166496;0.166496;-0.166496;0.166496;-0.166496;-0.239637;0.246325;-0.230674;0.246473;-0.208763;0.247278;0.000985733;0.00127375;0.00210131;0.000928511;0.0033727;0.00149745;0.777837;0;1;0;1;0;
61;0.103062;-0.103062;0.103062;-0.103062;0.103062;-0.103062;-0.245162;0.253439;-0.225855;0.253525;-0.199349;0.253872;0.000575246;0.000743311;0.00122688;0.000541706;0.00196935;0.000873949;0.804123;0;1;0;1;0;
62;0.018414;-0.018414;0.0184141;-0.018414;0.0184144;-0.018414;-0.23272;0.237957;-0.219225;0.244306;-0.185422;0.244265;0.000335685;0.000433522;0.000716372;0.000315811;0.00115031;0.000509843;0.90071;0;1;0;1;0;
63;-0.0808906;0.0808906;-0.0808905;0.0808905;-0.0808901;0.0808905;-0.20407;0.216719;-0.204557;0.225283;-0.158088;0.224893;0.000196141;0.000252633;0.000418561;0.000183899;0.000672848;0.000297204;0.977676;0;1;0;1;0;
64;-0.168493;0.168493;-0.168493;0.168493;-0.168493;0.168493;-0.163458;0.18371;-0.177055;0.212686;-0.117739;0.207477;0.000115422;0.000147028;0.000245174;0.000106944;0.0143291;0.00017314;1;0;1;0;1;0;
65;-0.228615;0.228615;-0.228615;0.228615;-0.228615;0.228615;-0.110476;0.147271;-0.139272;0.194477;-0.0552854;0.191435;0.00521694;8.53604e-05;0.0050764;6.19539e-05;0.0245447;0.000100573;1;0;1;0;1;0;
66;-0.264691;0.264691;-0.264691;0.264691;-0.264692;0.264691;-0.0560909;0.136647;-0.090351;0.164215;0.0118804;0.162439;0.0157802;4.9392e-05;0.00296611;3.57541e-05;0.0451146;5.83334e-05;1;0;0.888609;0;1;0;
67;-0.284217;0.284216;-0.284216;0.284216;-0.284218;0.284216;0.0318691;0.105357;-0.010297;0.121459;0.0500818;0.120419;0.0326074;2.83757e-05;0.0197453;0.0197522;0.0450522;3.36642e-05;1;0;0.995571;0.383958;1;0;
68;-0.292489;0.292489;-0.292489;0.292489;-0.29249;0.292489;0.0589271;0.0528805;0.0668112;0.0622822;0.0644094;0.0616768;0.0190456;0.0265645;0.0281278;0.0115379;0.0263144;0.0325096;0.709494;0.676999;0.878123;0.615403;0.8669;0.794933;
69;-0.291686;0.29276;-0.291686;0.291686;-0.291721;0.291686;0.0865118;-0.0212008;0.0911164;-0.015725;0.0897134;-0.0160674;0.0111221;0.0246227;0.0164262;0.00673968;0.015367;0.0189927;0;1;0;0.279009;0;1;
70;-0.280941;0.281568;-0.280941;0.280941;-0.280961;0.280941;0.140908;-0.102753;0.143597;-0.0995675;0.142778;-0.0997586;0.00649489;0.025724;0.00959246;0.00393707;0.00897389;0.0140956;0;1;0;0.376687;0;1;
71;-0.258577;0.258944;-0.258577;0.258577;-0.258589;0.258577;0.190395;-0.168102;0.191965;-0.166251;0.191487;-0.166356;0.00379255;0.0150254;0.00560152;0.00229984;0.00524027;0.00823392;0;1;0;0.501313;0;1;
72;-0.225211;0.225426;-0.225211;0.225211;-0.225219;0.225212;0.223513;-0.210485;0.22443;-0.209412;0.224151;-0.209469;0.00221435;0.00877528;0.00327078;0.00134325;0.0030598;0.00480911;0;1;0;0.620905;0;1;
73;-0.180948;0.181073;-0.180948;0.180948;-0.180952;0.180948;0.242651;-0.205543;0.243187;-0.234416;0.243024;-0.233398;0.00129265;0.00512432;0.0019096;0.000784279;0.00178638;0.00280818;0;1;0;0.714768;0;1;
74;-0.12247;0.122543;-0.12247;0.12247;-0.122472;0.12247;0.252024;-0.200416;0.252337;-0.247213;0.252242;-0.229309;0.000754363;0.00299227;0.00111465;0.000457659;0.00104268;0.00163964;0;1;0;0.722107;0;1;
75;-0.0438945;0.0439379;-0.0438945;0.0438945;-0.0438963;0.0438946;0.247017;-0.189848;0.247271;-0.236963;0.245788;-0.222964;0.000439997;0.00174751;0.000650402;0.000266934;0.000608356;0.000957371;0;1;0;0.750939;0;0.965405;
76;0.0534505;-0.0534243;0.0534505;-0.0534506;0.0534491;-0.0534505;0.231955;-0.164918;0.232363;-0.214002;0.221463;-0.208016;0.000256418;0.0010216;0.000379282;0.000155858;0.000354736;0.000559209;0;1;0;0.860942;0;1;
77;0.146925;-0.14691;0.146925;-0.146925;0.146924;-0.146925;0.196745;-0.138682;0.197407;-0.174987;0.196381;-0.185505;0.00014944;0.0067784;0.000221181;9.16147e-05;-0.000976468;0.000327142;0;1;0;0.975704;0;1;
78;0.214778;-0.214769;0.214779;-0.214779;0.214778;-0.214778;0.155593;-0.0721203;0.154049;-0.124859;0.165062;-0.144602;8.6679e-05;0.0238062;0.000128544;0.00514272;-0.000570809;0.000192085;0;1;0;1;0;1;
79;0.256704;-0.256699;0.256704;-0.256704;0.256704;-0.256704;0.147323;-0.0137264;0.146237;-0.065716;0.152853;-0.1044;5.02012e-05;0.039316;7.46577e-05;0.0304782;-0.000333798;0.0139135;0;1;0;1;0;0.927438;
80;0.280131;-0.280129;0.280132;-0.280132;0.280131;-0.280132;0.119251;0.0444983;0.118615;-0.000619235;0.122479;-0.0299506;0.00558529;0.0421016;4.32293e-05;0.02503;-0.000195418;0.00812775;0.376426;1;0;1;0;0.967249;
81;0.29115;-0.291149;0.29115;-0.29115;0.29115;-0.29115;0.0715002;0.0615315;0.0711283;0.0561339;0.0733831;0.0560917;0.00873492;0.0245933;0.0251794;0.0236384;0.014719;0.0480636;0.677974;0.704104;0.907237;0.626511;0.458949;1;
82;0.292813;-0.292813;0.292813;-0.292813;0.292813;-0.292813;0.00205041;0.0756416;0.00184236;0.0724898;0.0035275;0.0724659;0.0051032;0.0143621;0.0216627;0.0138046;0.0255801;0.0280691;0.581529;0;1;0;1;0.340712;
83;0.285021;-0.285021;0.285021;-0.285021;0.285022;-0.285021;-0.0804559;0.125829;-0.0805673;0.123988;-0.0795797;0.123974;0.0029814;0.00838698;0.0188807;0.00806144;0.0281881;0.0163919;0.812791;0;1;0;0.981585;0;
84;0.265889;-0.265889;0.265889;-0.265889;0.26589;-0.265889;-0.152111;0.17861;-0.152169;0.177535;-0.151589;0.177526;0.00174185;0.00489753;0.011029;0.00470744;0.0164653;0.00957238;0.905718;0;1;0;1;0;
85;0.23544;-0.23544;0.23544;-0.23544;0.235441;-0.23544;-0.200675;0.216151;-0.200703;0.215523;-0.200361;0.215518;0.00101748;0.00285966;0.00644177;0.00274865;0.00961664;0.00558975;0.953064;0;1;0;1;0;
86;0.194343;-0.194343;0.194344;-0.194344;0.194344;-0.194344;-0.229575;0.238614;-0.229588;0.238247;-0.207237;0.238244;0.000594086;0.0016695;0.00376182;0.00160471;0.00561568;0.0032639;0.964751;0;1;0;1;0;
87;0.140326;-0.140326;0.140326;-0.140326;0.140327;-0.140326;-0.24501;0.25029;-0.229825;0.250075;-0.203765;0.250074;0.00034663;0.000974429;0.00219654;0.000936603;0.00327917;0.00190555;0.996489;0;1;0;1;0;
88;0.0677849;-0.0677848;0.067785;-0.0677849;0.0677852;-0.0677849;-0.239492;0.251194;-0.225208;0.249749;-0.194384;0.24986;0.000202028;0.000568508;0.00128253;0.000546429;0.00191486;0.00111228;1;0;1;0;1;0;
89;-0.0257062;0.0257064;-0.0257061;0.0257062;-0.0257061;0.0257062;-0.222131;0.22838;-0.214326;0.237857;-0.174345;0.237578;0.00011787;0.000331438;0.000749022;0.000318568;0.00111892;0.000649031;1;0;1;0;1;0;
90;-0.123251;0.123252;-0.123251;0.123251;-0.123251;0.123251;-0.189953;0.204482;-0.195941;0.205421;-0.146529;0.202175;6.9232e-05;0.000192994;0.000437792;0.00018554;0.000654823;0.000378512;1;0;1;0;1;0;
91;-0.198942;0.198942;-0.198942;0.198942;-0.198942;0.198942;-0.140928;0.169933;-0.157344;0.169914;-0.0915296;0.163923;0.00787553;0.000112172;0.00196759;0.000107893;0.0127883;0.000150341;1;0;1;0;1;0;
92;-0.247327;0.247327;-0.247326;0.247327;-0.247327;0.247326;-0.0851751;0.161161;-0.116126;0.158277;-0.0340178;0.124585;0.0111282;6.50989e-05;0.00173418;6.25544e-05;0.026549;8.76699e-05;1;0;1;0;1;0;
93;-0.275124;0.275124;-0.275123;0.275123;-0.275124;0.275123;-0.021935;0.134372;-0.0644039;0.132687;0.0383521;0.110376;0.0293179;3.75085e-05;0.00951943;3.61713e-05;0.0513066;-0.00180306;1;0;0.78735;0;1;0;
94;-0.289121;0.289121;-0.289121;0.28912;-0.289121;0.289121;0.0461767;0.0899901;0.042022;0.0890121;0.0542325;0.0759782;0.0438351;2.14793e-05;0.0304388;0.0111221;0.0299703;0.0110464;1;0;1;0.489686;1;0.952652;
95;-0.293238;0.293238;-0.293238;0.293238;-0.293239;0.293238;0.0551659;0.0264525;0.0777989;0.0245294;0.055403;0.0169255;0.0255999;0.0292489;0.0177771;0.00649767;0.0175025;0.0262065;0.529811;0.815529;0.489056;0.437387;0;1;
96;-0.288223;0.288223;-0.288223;0.288223;-0.288224;0.288223;0.103539;-0.0558584;0.116756;-0.0569961;0.103677;-0.0614261;0.0149498;0.0364468;0.0103813;0.0037959;0.010221;0.0176553;0;1;0;0.402173;0;1;
97;-0.27234;0.272341;-0.27234;0.27234;-0.27234;0.27234;0.161313;-0.133456;0.169032;-0.134131;0.161394;-0.136711;0.00873023;0.0212893;0.00606222;0.00221767;0.00596863;0.0103139;0;0.993297;0;0.566743;0;1;
98;-0.244882;0.244882;-0.244882;0.244882;-0.244882;0.244882;0.205151;-0.188873;0.209659;-0.189276;0.205199;-0.190777;0.00509797;0.0124345;0.00353985;0.00129548;0.00348519;0.00602448;0;1;0;0.462787;0;1;
