1;-0.000363588;0.000116064;9.94837e-05;-0.000363588;0.000116064;9.94837e-05;0.0349769;0.0347456;0.0352595;0.0349769;0.0347456;0.0352595;0.808667;0.808665;0.808666;0.808667;0.808665;0.808666;0;0;0;0;0;0;
2;-0.00352763;-0.00469412;0.000704961;-0.00422;0.000372441;-1.70811e-05;0.0975291;0.0659669;0.0659505;0.0932065;0.0598703;0.0596633;0.472317;0.472286;0.472287;0.472319;0.472287;0.472288;1;1;1;1;1;1;
3;-0.00516884;-0.0143202;-0.00986953;0.00328525;0.0161581;0.010148;0.153246;0.117819;0.139016;0.15497;0.106058;0.125315;0.275856;0.275831;0.275838;0.275859;0.275831;0.275839;0.711002;0.821176;0.676797;0.383824;0.423328;0.838554;
4;0.00217093;-0.00640646;-0.00533077;-0.00560129;0.00638406;0.0017596;0.2112;0.184811;0.177257;0.205387;0.161892;0.168124;0.200268;0.195003;0.183942;0.213863;0.193497;0.196151;1;0.204006;0.544766;0.675036;0.289308;0.178425;
5;-0.00862693;-0.0372846;-0.00516895;-0.00275974;0.00744822;-0.000418353;0.208282;0.324436;0.171144;0.189085;0.149525;0.156198;0.187443;0.602751;0.173963;0.199185;0.16641;0.168155;1;0;1;0.438775;0.271206;0.0595345;
6;-0.0147189;-0.0607458;-0.00647811;0.00812437;0.0157647;-0.00927571;0.167251;0.873859;0.152664;0.11885;0.0961266;0.107993;0.10949;0.900452;0.115202;0.116354;0.0971945;0.0982162;0;0;1;0;0;0;
7;-0.138519;-0.332044;-0.187896;0.152371;0.0521166;0.00594733;0.289193;0.515979;0.285912;-0.119317;-0.140061;0.0137013;0.443314;-1.06335;0.152437;-0.597835;-0.419047;-0.429604;0;1;0;1;1;0.684349;
8;-0.0792783;-0.194968;-0.108394;0.144317;-0.0913808;-0.0737587;0.165957;0.28712;0.164648;-0.176826;-0.331454;-0.217808;0.25917;-0.621129;0.0890425;-0.393476;-0.153827;-0.333516;0;0;0;0;1;1;
9;-0.0457541;-0.114392;-0.0627568;0.167449;-0.0758154;-0.0487036;0.0933861;0.171208;0.0926232;-0.0997281;-0.3079;-0.123655;0.151352;-0.362761;0.0520009;-0.229831;0.167585;-0.195391;0;0;0;0;1;1;
10;-0.027615;-0.0659078;-0.0375442;0.172126;-0.0660229;-0.0386443;0.0494079;0.105113;0.0489623;-0.0531037;-0.256241;-0.0670748;0.0883883;-0.211853;0.0303677;-0.208542;0.134716;-0.263558;0;0;0;0;1;1;
11;-0.0197736;-0.0348442;-0.0255721;0.175681;-0.0456237;-0.0245798;0.0219863;0.0682507;0.021726;-0.0241413;-0.22148;-0.0323068;0.0516175;-0.123722;0.0177336;-0.200629;0.143269;-0.250578;0;0;0;0;1;1;
12;-0.0219008;-0.012049;-0.0232337;0.180962;-0.0359312;-0.0201579;0.00448846;0.0482076;0.00433649;-0.00574632;-0.200521;-0.0105179;0.0301439;-0.0722539;0.0103557;-0.224653;0.138125;-0.237354;0;0;0;0;1;1;
13;-0.0282483;0.00842155;-0.0290265;0.174091;-0.0317026;-0.0176438;-0.00620954;0.0369825;-0.00629831;0.0044019;-0.182539;0.00268703;0.0176039;-0.0421976;0.00604722;-0.229989;0.144602;-0.220864;0;0;0;0;1;1;
14;-0.0419936;0.0304142;-0.0424479;0.189439;-0.0125286;-0.00280635;-0.013969;0.0286523;-0.0116593;-0.00773758;-0.176002;0.0366804;0.010281;-0.0246453;0.00353136;-0.245269;0.165518;-0.204758;0;0;0;0;1;1;
15;-0.0566022;0.0371438;-0.0677344;0.196585;0.00612017;0.0118998;-0.0477247;0.150709;0.0584436;0.0129112;-0.141453;0.121966;-0.0105843;-0.224707;-0.0981321;-0.263946;0.224955;-0.173388;1;1;1;0;1;1;
16;-0.0763167;0.0712142;-0.0652528;0.215093;-0.0332159;0.0421766;-0.0164378;0.0765494;0.0308193;0.0273597;-0.104891;0.0814982;-0.016027;-0.127391;-0.0597844;-0.194481;0.174428;-0.126509;0;0.359679;0.370718;0.85492;1;1;
17;-0.107035;0.103875;-0.0707216;0.220782;-0.056926;0.0311056;0.0232773;0.0296959;0.0447799;-0.00955507;-0.0552452;0.0326396;-0.00936002;-0.0743815;-0.0349196;-0.113591;0.110296;-0.073884;0;1;0;1;1;1;
18;-0.129248;0.127981;-0.108041;0.228178;-0.070313;0.0504339;0.0751585;-0.0395239;0.0877161;-0.0640424;-0.0137377;-0.0304825;-0.00546659;0.0649621;-0.0203933;-0.065221;0.0495637;-0.0419052;0;1;0;0.631486;0;1;
19;-0.136237;0.182833;-0.123852;0.205285;-0.10182;0.0640008;0.131676;-0.0674202;0.139009;-0.12518;0.0797604;-0.0871969;-0.00319285;0.0616987;-0.0119099;0.0345796;0.0289452;0.0704182;0;1;0;0.500766;0;1;
20;-0.122355;0.152104;-0.115123;0.162687;-0.109099;0.00738015;0.179022;-0.053643;0.183305;-0.174751;0.148703;-0.149822;-0.00186493;0.114448;-0.00695573;0.0380553;0.0169036;0.0523861;0;1;0;0.535954;0;1;
21;-0.0836781;0.101052;-0.0794542;0.107239;-0.0759361;-0.0505555;0.21087;-0.059061;0.213371;-0.18084;0.193164;-0.152103;-0.00108972;0.120361;-0.00406277;0.031848;0.00987137;0.0455673;0;1;0;0.67453;0;1;
22;-0.0168918;0.0270402;-0.014425;0.0306544;-0.0123705;-0.121325;0.228166;-0.0741512;0.229627;-0.168702;0.217826;-0.136317;-0.000636792;0.0958961;-0.00237303;0.0419838;0.00576423;0.0678841;0;1;0;0.657432;0;1;
23;0.0727862;-0.0668559;0.0742271;-0.0647415;0.0754272;-0.202387;0.228022;-0.0576032;0.229239;-0.177465;0.226671;-0.134796;-0.000372339;0.102416;-0.00138632;0.0245268;0.00336573;0.0617039;0;1;0;0.706948;0;0.974618;
24;0.159759;-0.156291;0.160601;-0.155053;0.161302;-0.278499;0.221301;-0.053223;0.222576;-0.146343;0.209168;-0.10541;-0.000217991;0.0787297;-0.000810133;0.0208756;0.00196519;0.0716213;0;1;0;0.779357;0;0.841637;
25;0.222572;-0.22054;0.223064;-0.219822;0.223473;-0.339324;0.202484;-0.0353529;0.203228;-0.119456;0.195398;-0.0782313;-0.000127753;0.0585841;-0.000473575;0.0121939;0.00114703;0.065031;0;1;0;0.852175;0;1;
26;0.261175;-0.259986;0.261462;-0.259563;0.261702;-0.369327;0.172585;-0.0142387;0.173019;-0.0925041;0.168446;-0.0492794;-7.51215e-05;0.0354823;-0.000277072;-0.00554404;0.000669402;0.0484528;0;1;0;0.881402;0;1;
27;0.28252;-0.281827;0.282688;-0.269365;0.282828;-0.375592;0.13125;-0.0125191;0.131504;-0.0599595;0.128833;-0.0139534;-4.4331e-05;0.0207208;-0.000162266;-0.0233287;0.000390492;0.0283011;0;1;0;0.873437;0;0.986641;
28;0.29217;-0.342496;0.292268;-0.269718;0.29235;-0.355208;0.0747264;0.0275373;0.0748746;-0.0330966;0.0733152;0.0416831;-2.63624e-05;-0.0455391;-9.52483e-05;-0.0436258;0.000227688;0.0165261;0;1;0;0.845084;0;1;
29;0.298766;-0.347135;0.312572;-0.27292;0.292025;-0.36509;-0.000643813;0.0427236;-0.000550305;0.0249501;-0.00146713;0.0686266;-1.57064e-05;-0.0983497;0.0473423;-0.0646219;0.000132677;0.0114956;0;1;0.934949;0.933886;0;0.782607;
30;0.287289;-0.315538;0.30833;-0.261095;0.261536;-0.326299;-0.0854489;0.110021;-0.0853755;0.0996408;-0.0418315;0.12515;-9.29389e-06;-0.0574373;0.0446385;-0.0481896;0.0851404;0.0143147;0.00426248;0;1;0.320444;0.926912;0;
31;0.243876;-0.28193;0.277718;-0.250136;0.231222;-0.288215;-0.156251;0.17061;-0.144724;0.164548;-0.0465202;0.179446;0.0551129;-0.033544;0.0596539;-0.0281429;0.122216;0.00835942;0.690957;0;1;0;1;0;
32;0.215709;-0.242646;0.240189;-0.224079;0.158229;-0.246317;-0.188876;0.211697;-0.156542;0.208157;-0.0522114;0.216856;0.0504542;-0.0195901;0.053372;-0.0164357;0.13849;0.00488135;0.755876;0;1;0;1;0;
33;0.180141;-0.195878;0.194445;-0.185034;0.0870024;-0.198021;-0.190346;0.23593;-0.148712;0.233862;-0.0638064;0.238943;0.0416979;-0.011441;0.0685109;-0.00959892;0.125322;0.00285023;0.917319;0;1;0;1;0;
34;0.125769;-0.137628;0.136801;-0.131295;0.0740426;-0.138879;-0.180375;0.248504;-0.153443;0.247297;-0.0716123;0.250264;0.0512295;-0.00668207;0.0581887;-0.00560613;0.117023;0.00166406;0.846258;0;1;0;1;0;
35;0.0544019;-0.0613424;0.0608738;-0.0576438;0.0242072;-0.0620731;-0.17523;0.24894;-0.162715;0.248098;-0.0678314;0.248531;0.0427064;-0.00390287;0.04874;-0.00327444;0.108061;0.00097129;0.976992;0;1;0;1;0;
36;-0.0387266;0.0346576;-0.034916;0.0368176;-0.0563433;0.0342308;-0.160653;0.230673;-0.15623;0.23275;-0.0706104;0.233883;0.0401016;-0.00227984;0.0479719;-0.00191274;0.0947562;0.000566736;1;0;1;0;1;0;
37;-0.133863;0.131472;-0.131609;0.132733;-0.144132;0.131222;-0.138493;0.205742;-0.141721;0.205737;-0.060693;0.202978;0.0379536;-0.00133201;0.0477185;-0.00111746;0.0728731;0.000330516;1;0;1;0;1;0;
38;-0.206;0.204591;-0.20466;0.205327;-0.211979;0.204445;-0.104263;0.198117;-0.116029;0.198114;-0.0533683;0.196503;0.0339567;-0.00077842;0.0421541;-0.000653017;0.0528097;0.000192585;1;0;1;0;1;0;
39;-0.251536;0.250704;-0.250738;0.251134;-0.255015;0.250619;-0.0717078;0.17565;-0.0898093;0.175649;-0.038431;0.174708;0.0208039;-0.000455136;0.0267524;-0.000381734;0.0308471;0.000112078;1;0;1;0;1;0;
40;-0.277428;0.276936;-0.276955;0.277188;-0.279455;0.276887;-0.0357786;0.140304;-0.0629363;0.140303;-0.0391995;0.139753;0.0121487;-0.000266266;0.015623;-0.000223339;0.0180115;6.50415e-05;1;0;0.922152;0;1;0;
41;-0.290153;0.289866;-0.290015;0.289292;-0.291407;0.289836;0.0126845;0.0899893;-0.0358703;0.089995;-0.0239415;0.0896675;0.00636109;-0.000155875;0.00891305;0.00576977;-0.0401783;3.7576e-05;0.967622;0;1;0.545108;1;0;
42;-0.314952;0.284075;-0.318829;0.261735;-0.328468;0.293094;0.0393385;0.0206237;0.0109873;0.034146;0.00799466;0.0204327;0.00285941;0.0269812;-0.0348834;0.0539278;-0.0758872;2.16976e-05;0.149492;0.451094;1;0.99029;0.619596;0;
43;-0.299868;0.24545;-0.308083;0.257206;-0.307762;0.29304;0.0982708;-0.00218258;0.0817178;-0.0553376;0.0799653;-0.0633596;0.00166959;0.134022;-0.0290061;0.0837304;-0.044319;0.00636557;0;0.782362;1;0.791924;0;1;
44;-0.277496;0.156739;-0.282295;0.252153;-0.282106;0.272863;0.159985;-0.000692224;0.150318;-0.125175;0.149294;-0.127076;0.000974644;0.166617;-0.017231;0.0913618;-0.0258828;0.0569465;0;1;0.150314;0.525201;0;1;
45;-0.245833;0.146017;-0.248635;0.226005;-0.248525;0.243127;0.204765;-0.00617185;0.19912;-0.135394;0.198522;-0.152196;0.000568664;0.182504;-0.0100633;0.0956832;-0.015116;0.0546099;0;0.997051;0;0.636241;0;1;
46;-0.204838;0.0894475;-0.206474;0.193256;-0.20641;0.203257;0.232064;-0.0149017;0.228767;-0.142274;0.228418;-0.150944;0.00033166;0.174957;-0.00587738;0.0900554;-0.00882814;0.0641076;0;1;0;0.613697;0;1;
47;-0.152345;0.0306308;-0.153301;0.145578;-0.153263;0.151424;0.246808;-0.0196377;0.244883;-0.144186;0.244679;-0.149137;0.000193189;0.167277;-0.0034328;0.0814021;-0.00515614;0.0643885;0;1;0;0.657688;0;1;
48;-0.0828483;0.0117645;-0.0834066;0.0788896;-0.083385;0.0823174;0.252257;-0.0219461;0.251743;-0.133484;0.251624;-0.159021;0.00011232;0.159523;-0.00200524;0.0862457;-0.00301171;0.0514772;0;1;0;0.688979;0;1;
49;0.00785094;-0.0493652;0.00752491;-0.0101682;0.00753747;-0.00815382;0.237042;-0.020963;0.239051;-0.120937;0.235476;-0.160919;6.50989e-05;0.148905;-0.00117156;0.0829998;-0.00175941;0.0475537;0;1;0;0.745856;0;0.979435;
50;0.10704;-0.131284;0.106849;-0.108386;0.106857;-0.107219;0.216865;-0.0124749;0.213077;-0.101535;0.214754;-0.150628;3.75463e-05;0.136954;-0.00068467;0.0776822;-0.00102805;0.0433952;0;1;0;0.849639;0;1;
51;0.18768;-0.201838;0.187569;-0.188458;0.187573;-0.187787;0.209017;0.00134158;0.206805;-0.0728317;0.207785;-0.128604;2.14755e-05;0.120369;-0.00040029;0.0719568;-0.000600901;0.0363184;0;1;0;0.907722;0;1;
52;0.240516;-0.248786;0.240451;-0.238717;0.240454;-0.240586;0.187307;0.0199731;0.186015;-0.0411344;0.186587;-0.104416;1.2094e-05;0.0980843;-0.000234212;0.0604354;-0.000351449;0.0248085;0;1;0;0.720703;0;0.96688;
53;0.271381;-0.276215;0.271343;-0.26257;0.271345;-0.271427;0.153808;0.0360731;0.153054;-0.00066864;0.153388;-0.0759701;6.6182e-06;0.0606008;-0.000137218;0.0488373;-0.000205711;0.0144882;0;1;0;0.729861;0;0.918014;
54;0.286711;-0.290604;0.28741;-0.282108;0.287411;-0.299122;0.107018;0.0507701;0.106577;0.0396681;0.106772;-0.0612085;0.00125942;0.0353952;-8.05413e-05;0.0285248;-0.000120543;0.0084593;0.289935;1;0;0.693687;0;0.92193;
55;0.280408;-0.319636;0.279019;-0.289184;0.281567;-0.311992;0.0425412;0.0524479;0.042283;0.078621;0.0512007;-0.0157819;0.0442438;0.0119165;0.034465;0.0194735;0.0539297;-0.0139027;0.800857;0.606168;0.945804;0.370817;1;0.728651;
56;0.272288;-0.305276;0.268765;-0.287492;0.228546;-0.300812;-0.0392888;0.0947723;-0.0388504;0.110059;0.0417948;0.0549268;0.0592446;0.00695879;0.0547322;0.0113728;0.129829;-0.0136773;0.546148;0;1;0.207409;1;0.164142;
57;0.215435;-0.284985;0.219008;-0.2746;0.193333;-0.282378;-0.103858;0.152692;-0.114375;0.16162;0.0250454;0.129423;0.0992049;0.00406352;0.0706988;0.00664128;0.184373;-0.00798794;0.681758;0;1;0;1;0;
58;0.185476;-0.255709;0.186114;-0.249644;0.140498;-0.254187;-0.132317;0.199258;-0.139904;0.204471;0.0203126;0.185668;0.0909122;0.00237263;0.0746626;0.00387797;0.207968;-0.00466538;0.956704;0;1;0;1;0;
59;0.175209;-0.217258;0.172697;-0.213716;0.12148;-0.216369;-0.131437;0.228874;-0.124124;0.231918;0.00592691;0.220938;0.104426;0.00138507;0.0838711;0.00226423;0.19454;-0.00272501;0.798504;0;1;0;1;0;
60;0.143738;-0.168294;0.142266;-0.166226;0.0721364;-0.167775;-0.142253;0.245412;-0.131277;0.24719;0.00886789;0.240777;0.0882459;0.000808256;0.081992;0.0013219;0.197501;-0.00159182;0.850695;0;1;0;1;0;
61;0.0897707;-0.104112;0.0889089;-0.102904;0.0478003;-0.103809;-0.133387;0.252906;-0.136269;0.253944;0.00415856;0.250199;0.0905383;0.000471476;0.078203;0.000771394;0.186996;-0.000930143;0.979715;0;1;0;1;0;
62;0.0106541;-0.0190275;0.0101461;-0.0183219;-0.013859;-0.0188503;-0.119864;0.242245;-0.131701;0.241649;-0.00130695;0.244614;0.0876601;0.000274717;0.0765733;0.000450039;0.173106;-0.000543661;1;0;1;0;1;0;
63;-0.085418;0.0805325;-0.0857219;0.0809443;-0.0997362;0.0806357;-0.110659;0.221236;-0.129557;0.223672;0.0104694;0.219825;0.0774349;0.00015986;0.071992;0.000262343;0.166793;-0.00031799;1;0;1;0;1;0;
64;-0.171128;0.168284;-0.17132;0.168524;-0.179496;0.168344;-0.0750626;0.185694;-0.100994;0.215591;0.0172082;0.188622;0.0727841;9.28108e-05;0.0674512;0.000152767;0.146233;-0.000186184;1;0;0.976229;0;1;0;
65;-0.23014;0.228493;-0.230274;0.228634;-0.235039;0.228528;-0.0539196;0.175446;-0.0846343;0.196174;0.0407628;0.180424;0.0630711;5.36855e-05;0.0600876;8.8788e-05;0.131451;-0.000109118;1;0;0.87926;0;1;0;
66;-0.259676;0.26462;-0.265668;0.264702;-0.268442;0.264641;-0.00981137;0.153101;-0.0501222;0.165206;0.0518462;0.156008;0.0568018;3.08728e-05;0.0502625;5.14001e-05;0.094493;-6.41565e-05;1;0;0.825261;0;1;0;
67;-0.275497;0.284175;-0.286658;0.284223;-0.286409;0.284187;0.0323223;0.114966;-0.0172002;0.122035;0.0713239;0.116664;0.0377691;1.75454e-05;0.0293574;2.96901e-05;0.0551954;-3.77887e-05;1;0;0.706541;0;1;0;
68;-0.288772;0.281834;-0.310467;0.285906;-0.309671;0.28595;0.0756098;0.0584897;0.0168218;0.0626151;0.0756365;0.0594799;0.0282263;0.0365253;0.0171453;0.00807704;0.0322344;0.0175085;0.976388;0.728107;0.716947;0.504395;1;0.633512;
69;-0.292412;0.242971;-0.302309;0.276446;-0.3086;0.277664;0.0962563;0.0339737;0.061923;-0.0155237;0.0962695;-0.011902;0.0164843;0.0978866;0.00864359;0.0552337;0.0169533;0.0635751;0.490988;0.962669;0.22146;0.590985;0;1;
70;-0.281365;0.205124;-0.287145;0.220202;-0.290819;0.231735;0.146599;0.0277432;0.126548;-0.0983868;0.146606;-0.0973177;0.00962632;0.169931;0.0050474;0.0917847;0.00990031;0.0540262;0;0.983218;0;0.706263;0;1;
71;-0.258824;0.145328;-0.2622;0.192039;-0.264345;0.197666;0.193718;0.0187409;0.182009;-0.131562;0.193723;-0.137404;0.00562122;0.201797;0.00294718;0.0820966;0.00578131;0.0746343;0;0.95362;0;0.680632;0;1;
72;-0.225356;0.136247;-0.227327;0.149303;-0.22858;0.156962;0.225454;0.00208503;0.218615;-0.127161;0.225456;-0.136443;0.00328227;0.193105;0.00172064;0.101632;0.00337575;0.0736437;0;1;0;0.750655;0;1;
73;-0.181032;0.0593463;-0.182184;0.136616;-0.182915;0.136265;0.243785;0.00675447;0.239791;-0.147555;0.243786;-0.134646;0.00191639;0.19471;0.00100441;0.0784642;0.00197081;0.0804816;0;1;0;0.661288;0;1;
74;-0.122519;0.0239403;-0.123191;0.0965791;-0.123618;0.0963725;0.252686;0.000374911;0.250354;-0.144144;0.252687;-0.132314;0.00111859;0.187105;0.000586023;0.0790101;0.00115039;0.0816792;0;1;0;0.696736;0;1;
75;-0.0439232;-0.0136467;-0.0443158;0.0287741;-0.0445656;0.0286531;0.246541;-0.00332534;0.248272;-0.13075;0.246381;-0.133606;0.000652763;0.17411;0.000341768;0.0809694;0.000671205;0.0778474;0;1;0;0.765852;0;1;
76;0.0534336;-0.0870522;0.0532043;-0.0622759;0.0530586;-0.0623551;0.229877;0.00399178;0.229206;-0.119852;0.227368;-0.132336;0.000380707;0.168037;0.000199073;0.0724577;0.000391425;0.0698387;0;1;0;0.850667;0;1;
77;0.146916;-0.166546;0.146782;-0.152072;0.146697;-0.15213;0.200232;0.0126096;0.201243;-0.0912404;0.198054;-0.113245;0.000221866;0.144573;0.000115785;0.0736625;0.000228025;0.0731465;0;1;0;1;0;1;
78;0.214773;-0.226235;0.214695;-0.217772;0.214645;-0.217827;0.191994;0.0287563;0.192585;-0.0630292;0.190055;-0.0903042;0.000129153;0.132002;6.72016e-05;0.061973;0.000132636;0.0609138;0;1;0;1;0;1;
79;0.251611;-0.26262;0.256656;-0.251561;0.256627;-0.258493;0.168581;0.0362538;0.168926;-0.0243102;0.167449;-0.0560908;-0.0111619;0.101817;3.8774e-05;0.0617947;7.70217e-05;0.049032;0.327885;1;0;1;0;1;
80;0.260314;-0.277324;0.280103;-0.266444;0.280086;-0.281178;0.131666;0.0359429;0.131865;0.0143242;0.131003;-0.018555;-0.017168;0.0714687;2.22732e-05;0.0629611;4.45393e-05;0.0286377;1;0.999615;0;0.908399;0;1;
81;0.254187;-0.288604;0.291134;-0.27742;0.286344;-0.291027;0.0812863;0.0561165;0.078862;0.0425778;0.0783627;0.0241966;0.0302303;0.0417426;1.26847e-05;0.0404018;0.020519;-0.0158692;1;0.630359;0;0.396041;0.530416;1;
82;0.265865;-0.29134;0.30291;-0.284795;0.251024;-0.306551;0.0112612;0.0717864;0.00635306;0.0645727;0.0397244;0.0563498;0.0602824;0.0243768;0.0396925;0.0235941;0.107347;-0.0209585;1;0;0.920435;0;0.760336;1;
83;0.243019;-0.284161;0.289414;-0.280339;0.228471;-0.296834;-0.0632794;0.123577;-0.0779291;0.119365;0.0368215;0.114567;0.101738;0.0142356;0.0669339;0.0137785;0.16526;-0.0122693;1;0;1;0;1;0.745223;
84;0.220028;-0.265387;0.261892;-0.263155;0.151615;-0.272788;-0.124728;0.177294;-0.125685;0.174835;0.0381685;0.172033;0.0912548;0.00831316;0.0646947;0.00804611;0.214346;-0.00716559;1;0;1;0;1;0.286804;
85;0.191761;-0.235147;0.232939;-0.233843;0.141486;-0.239469;-0.121455;0.215383;-0.125417;0.213946;0.0152226;0.21231;0.114278;0.00485435;0.0845391;0.00469837;0.204607;-0.00418514;1;0;1;0;1;0;
86;0.167505;-0.194172;0.192883;-0.193411;0.0654316;-0.196697;-0.136244;0.238165;-0.126028;0.237326;0.0142375;0.236371;0.0950468;0.00283427;0.0880549;0.00274347;0.202906;-0.0024445;1;0;1;0;1;0;
87;0.120579;-0.140226;0.139479;-0.139781;0.0175732;-0.1417;-0.135438;0.250028;-0.128235;0.249538;0.0104693;0.24898;0.0870959;0.00165467;0.0842936;0.00160156;0.197465;-0.00142809;1;0;1;0;1;0;
88;0.0537285;-0.0677267;0.0673048;-0.0674665;-0.00330787;-0.0685871;-0.118382;0.247096;-0.131974;0.247816;0.0029878;0.247345;0.0992185;0.000965675;0.0788502;0.000934863;0.179915;-0.000834451;1;0;1;0;1;0;
89;-0.0339327;0.0257403;-0.025969;0.0258923;-0.0672247;0.0252378;-0.111649;0.235431;-0.138927;0.236667;0.0109396;0.235709;0.0859318;0.000563363;0.0647461;0.00054548;0.181498;-0.000487807;1;0;1;0;1;0;
90;-0.128072;0.123271;-0.123387;0.12336;-0.147494;0.122978;-0.0848841;0.206221;-0.121156;0.207123;0.0161614;0.207302;0.0905928;0.000328432;0.0687508;0.000318117;0.158076;-0.000285363;1;0;1;0;1;0;
91;-0.20177;0.198954;-0.199008;0.199006;-0.213094;0.198783;-0.0528524;0.169831;-0.097827;0.199085;0.0285021;0.19942;0.0806268;0.000191309;0.0592946;0.000185372;0.146293;-0.000167033;1;0;0.982403;0;1;0;
92;-0.248988;0.247334;-0.247355;0.247364;-0.255586;0.247234;-0.020763;0.161115;-0.0727324;0.178199;0.048317;0.178395;0.0726651;0.000111184;0.0485473;0.000107818;0.120302;-9.79851e-05;1;0;0.980789;0;1;0;
93;-0.276096;0.275128;-0.275137;0.270835;-0.277102;0.275069;0.0228807;0.134345;-0.0368592;0.144322;0.0593393;0.144436;0.0673798;6.44862e-05;0.0298287;0.000405184;0.0833012;-5.76157e-05;1;0;0.938161;0.180797;1;0;
94;-0.284604;0.283822;-0.284483;0.277806;-0.289186;0.28223;0.0707731;0.0899767;0.00198585;0.0958052;0.0558817;0.0958707;0.0633605;0.0210293;0.0174186;0.0143754;0.048656;0.0185784;1;0.350938;1;0.661857;1;0.436167;
95;-0.287317;0.275969;-0.283174;0.266785;-0.297307;0.2751;0.104781;0.0609973;0.0286192;0.0354417;0.0574037;0.0371816;0.0419029;0.0718496;0.00921669;0.0716963;0.0284138;0.062457;0.439392;1;0.893983;0.842537;0.0772463;1;
96;-0.284766;0.209578;-0.286259;0.245606;-0.2906;0.252847;0.132518;0.0455179;0.0880362;-0.0506115;0.104845;-0.048038;0.0244733;0.167235;0.0042406;0.0740055;0.0165932;0.0640253;0.59012;1;0;0.506482;0;1;
97;-0.270321;0.170399;-0.271193;0.212063;-0.273728;0.220247;0.178237;0.0415135;0.15226;-0.109525;0.162076;-0.111355;0.014292;0.212395;0.00247608;0.0954346;0.00968999;0.0798808;0.113613;1;0;0.767595;0;1;
98;-0.243702;0.143797;-0.244212;0.166162;-0.245692;0.175947;0.215035;0.0296667;0.199864;-0.119804;0.205597;-0.134463;0.0083459;0.218745;0.00144549;0.10335;0.00565845;0.0898802;0;1;0;0.764615;0;1;
