1;-0.000363587;0.000116064;9.94836e-05;-0.000363587;0.000116064;9.94836e-05;0.0349769;0.0347455;0.0352594;0.0349769;0.0347456;0.0352595;0.808667;0.808665;0.808666;0.808667;0.808665;0.808666;0;0;0;0;0;0;
2;0.00533935;0.0180342;0.00766547;-0.0109886;-0.00989363;-0.00898874;0.156855;0.141824;0.1678;0.207811;0.135151;0.125174;0.472384;0.47236;0.472429;0.472406;0.47236;0.47236;1;1;1;1;1;1;
3;-0.00557602;-0.00521036;-0.0160089;-0.00322819;-0.00518886;-0.00439711;0.0996581;0.0904289;0.105627;0.131771;0.0955292;0.0877545;0.275887;0.275878;0.275921;0.275917;0.275872;0.275873;0.0818915;0.503443;1;0.774603;0.0947206;0.297727;
4;-0.00288458;-0.00573012;-0.00874289;0.00758297;0.00458168;0.00369701;0.0581733;0.0528464;0.0879389;0.0929097;0.055764;0.0512813;0.161121;0.161123;0.161152;0.16115;0.161115;0.161117;0.217083;0.570392;1;0.673942;0.193473;0.558459;
5;-0.000808374;-0.00422254;-0.00422985;0.00355269;0.00358335;0.00128295;0.0337221;0.0377506;0.0710631;0.083026;0.0323141;0.0303158;0.0941001;0.0941008;0.0941229;0.0941225;0.0940953;0.0940966;0.509005;0.678308;1;0.669546;0.597692;1;
6;0.000635287;-0.00357344;-0.00136298;0.000967695;0.0032001;-0.000358074;0.0190387;0.0286455;0.0691583;0.0710165;0.0184308;0.0265254;0.054957;0.0549589;0.0549754;0.0549759;0.0549548;0.0549557;0.637025;0.45766;1;0.663644;0.619637;1;
7;0.00161429;-0.00355776;0.000447065;-0.00053876;0.00392441;-0.00145228;0.0122377;0.0208018;0.0650229;0.0699276;0.013874;0.0202176;0.0320967;0.0320984;0.0321131;0.0321128;0.032096;0.0320965;0.634486;0.533311;1;0.719604;0.500816;0.866817;
8;0.0020763;-0.00327864;0.00139465;-0.00144801;0.00342547;-0.00198169;0.0104075;0.0219887;0.0611927;0.0692797;0.013023;0.0230695;0.0187464;0.0187472;0.0187604;0.0187602;0.0187462;0.0187462;0.653817;0.528989;1;0.723357;0.446153;0.759354;
9;0.00192545;-0.00245308;0.00203458;-0.000517368;0.00253891;-0.0016957;0.00724239;0.0207367;0.0570447;0.0681652;0.0111381;0.0230253;0.0109496;0.0109498;0.0167991;0.0158322;0.0109499;0.0109494;0.668869;0.493232;1;0.693387;0.408479;0.668676;
10;0.000229317;-0.000537403;0.000293157;0.000593445;0.000587561;-9.51039e-05;0.00474779;0.0205195;0.0539624;0.0694052;0.0105867;0.0248342;0.00639632;0.00639567;0.0171257;0.0140476;0.00639697;0.00639578;0.69757;0.458898;1;0.657288;0.616567;0.638207;
11;-0.00351194;0.00333199;-0.00347464;0.0039926;-0.00330265;0.00359036;0.00219785;0.0203755;0.0507127;0.0710769;0.0101646;0.0268362;0.00373727;0.00373571;0.0182774;0.0129508;0.00373825;0.0037363;0.72668;0.417914;1;0.600368;0.661932;0.621244;
12;-0.0103505;0.0102453;-0.0103286;0.0106313;-0.010228;0.0103963;0.00045618;0.0206387;0.0491483;0.0722486;0.00963178;0.0283248;0.00218448;0.00218201;0.0171427;0.012272;0.00218573;0.00218305;0.750581;0.378829;1;0.746908;0.70156;0.626011;
13;-0.0215023;0.0214408;-0.0214896;0.0216665;-0.0214305;0.021529;-0.000198723;0.0202043;0.0476732;0.0729228;0.00953023;0.0288119;0.00127768;0.0012746;0.0175951;0.0116395;0.00190899;0.00127598;0.75757;0.370907;1;0.74478;0.716279;0.667644;
14;-0.0380531;0.0380168;-0.0380457;0.0381494;-0.0380111;0.0380688;0.00271606;0.0203648;0.0498463;0.0705623;0.010164;0.0266018;0.000747991;0.000745055;0.0167427;0.0124428;0.00111709;0.000746515;0.730335;0.410261;1;0.760614;0.677677;0.747869;
15;-0.0603035;0.0602818;-0.0602993;0.0603601;-0.0602789;0.060313;0.010284;0.0197673;0.0582425;0.0624121;0.0113976;0.0199261;0.000438216;0.000437029;0.0142916;0.0146413;0.00065364;0.000688917;0.631575;0.48841;1;0.815741;0.538261;0.924197;
16;-0.086733;0.086719;-0.0867293;0.0867665;-0.0867191;0.0867387;0.0174417;0.0143304;0.0774645;0.0385959;0.0180903;0.004156;0.000256739;0.00757223;0.0107932;0.0172454;0.000381426;0.0059979;0.439039;1;1;0.882785;0;1;
17;-0.113118;0.113108;-0.113114;0.113137;-0.11311;0.113121;0.0430629;-0.00240012;0.106334;-0.0103292;0.0434416;-0.0303115;0.000149653;0.0265744;0.0063056;0.012776;0.000222418;0.0130802;0;1;1;0.766964;0;1;
18;-0.1328;0.132794;-0.132797;0.132812;-0.132796;0.132802;0.0867137;-0.0362529;0.123664;-0.067592;0.0869347;-0.0792571;8.70678e-05;0.0401588;0.00368251;0.0120387;0.000129525;0.0166703;0;1;0.580401;0.538014;0;1;
19;-0.138312;0.138309;-0.13831;0.138318;-0.138309;0.138313;0.138424;-0.108938;0.160003;-0.127252;0.138553;-0.134059;5.04879e-05;0.0426609;0.00215013;0.0122189;7.52194e-05;0.0200768;0;1;0;0.528283;0;1;
20;-0.123567;0.123566;-0.123566;0.12357;-0.123565;0.123567;0.182963;-0.165729;0.195565;-0.176435;0.183039;-0.180406;2.90957e-05;0.026116;0.00125525;0.00831959;4.3463e-05;0.011909;0;1;0;0.559309;0;1;
21;-0.0843853;0.0843856;-0.0843848;0.0843875;-0.0843845;0.084386;0.213172;-0.171838;0.220531;-0.209356;0.213216;-0.211672;1.65421e-05;0.015256;0.000732599;0.00486058;2.48958e-05;0.00695677;0;1;0;0.599214;0;1;
22;-0.0173048;0.0173057;-0.0173045;0.0173063;-0.0173043;0.0173055;0.22951;-0.179494;0.233808;-0.226574;0.229536;-0.214026;9.17287e-06;0.008912;0.000427326;0.00283994;1.40222e-05;0.00406329;0;1;0;0.634788;0;1;
23;0.0725454;-0.0725439;0.0725456;-0.0725443;0.0725457;-0.0725446;0.229286;-0.171902;0.229386;-0.211756;0.230168;-0.205051;4.88177e-06;0.00520408;0.000249078;0.00165856;7.63699e-06;0.00237324;0;1;0;0.670392;0;1;
24;0.159619;-0.159617;0.159619;-0.159618;0.159619;-0.159618;0.222498;-0.137551;0.222456;-0.176706;0.223118;-0.182804;2.36787e-06;0.00303849;0.000144967;-0.00443625;3.91141e-06;-0.0022754;0;1;0;0.761765;0;1;
25;0.22249;-0.22249;0.22249;-0.22249;0.222491;-0.22249;0.203183;-0.0900258;0.203158;-0.129026;0.203545;-0.14938;9.1315e-07;0.00239973;8.41838e-05;-0.00817698;1.73945e-06;-0.00728729;0;1;0;0.846595;0;0.993512;
26;0.261128;-0.261128;0.261128;-0.261128;0.261128;-0.261128;0.172993;-0.0398226;0.172979;-0.0731305;0.173204;-0.103424;9.19573e-08;0.00839169;4.87272e-05;0.0116533;4.78148e-07;-0.00425562;0;1;0;0.948802;0;1;
27;0.282492;-0.282494;0.282492;-0.282493;0.282493;-0.282493;0.131489;0.0212843;0.13148;0.00896099;0.131612;-0.0513421;-3.67731e-07;-0.0331562;2.80453e-05;0.0220052;-1.61008e-07;-0.00248523;0;1;0;0.974931;0;0.811693;
28;0.292154;-0.292277;0.292154;-0.292155;0.290748;-0.292155;0.0748704;0.0609948;0.0748641;0.0890127;0.0749397;0.0301986;0.00592879;-0.0193609;0.0086603;0.0401307;0.0134607;-0.00145083;0.711115;1;0.718491;0.930593;0.467445;1;
29;0.285361;-0.29577;0.294815;-0.287;0.281339;-0.289774;-0.000553488;0.0799014;-0.000547433;0.0984933;0.0113114;0.0619175;0.0115054;-0.011307;0.0285933;0.023437;0.045363;-0.000847111;0.605769;0;1;0.203634;1;0;
30;0.27946;-0.285541;0.284984;-0.280419;0.256729;-0.282039;-0.0853903;0.131733;-0.085378;0.142591;-0.0784473;0.121231;0.0160415;-0.00660369;0.0260302;0.0136867;0.0459978;-0.000495085;0.64689;0;1;0;1;0;
31;0.26086;-0.264413;0.264088;-0.261421;0.247584;-0.262367;-0.156221;0.18329;-0.15621;0.189631;-0.152156;0.177157;0.0117368;-0.00385696;0.0152056;0.0079925;0.032677;-0.000289533;0.744349;0;1;0;1;0;
32;0.230341;-0.232416;0.232227;-0.230669;0.222587;-0.231221;-0.203291;0.219102;-0.203281;0.222805;-0.199039;0.21552;0.00689297;-0.00225291;0.00888106;0.0046671;0.0191375;-0.000169546;0.797387;0;1;0;1;0;
33;0.188691;-0.189903;0.189794;-0.188883;0.184163;-0.189206;-0.231019;0.240254;-0.23101;0.242417;-0.210537;0.238163;0.0040264;-0.00131621;0.00518568;0.00272504;0.0111763;-9.95167e-05;0.844552;0;1;0;1;0;
34;0.13343;-0.134138;0.134075;-0.133542;0.130786;-0.133731;-0.245635;0.251029;-0.233951;0.252292;-0.200433;0.249808;0.00235107;-0.000769182;0.00302668;0.00159087;0.00652688;-5.86721e-05;0.895465;0;1;0;1;0;
35;0.0588907;-0.0593048;0.0592682;-0.0589565;0.0573475;-0.0590666;-0.243345;0.250239;-0.230374;0.247964;-0.198287;0.249906;0.0013724;-0.000449748;0.00176635;0.000928552;-0.00109548;-3.47786e-05;0.914203;0;1;0;1;0;
36;-0.0360897;0.0358474;-0.0358685;0.036051;-0.0369898;0.0359867;-0.222493;0.228131;-0.215052;0.234866;-0.177867;0.235834;-0.00290047;-0.000263204;-0.005604;0.000541726;-0.00602475;-2.09006e-05;1;0;1;0;1;0;
37;-0.132308;0.132166;-0.132178;0.132285;-0.132834;0.132248;-0.182608;0.205726;-0.195303;0.215256;-0.153174;0.220053;-0.00754081;-0.00015422;-0.00447288;0.000316001;-0.00351933;-1.26042e-05;1;0;1;0;1;0;
38;-0.20508;0.204997;-0.205003;0.205066;-0.205388;0.205044;-0.139891;0.198108;-0.166822;0.203673;-0.113889;0.206475;-0.00440317;-9.05915e-05;-0.00829784;0.000183997;-0.0173702;-7.87771e-06;1;0;1;0;1;0;
39;-0.25099;0.250941;-0.250945;0.250981;-0.251172;0.250969;-0.0850277;0.175645;-0.157293;0.178895;-0.0617122;0.180531;-0.00578472;-5.33797e-05;-0.00484727;0.000106992;-0.0101454;-5.06002e-06;1;0;0.723468;0;1;0;
40;-0.277105;0.277075;-0.277078;0.277097;-0.277212;0.277091;-0.0323936;0.140301;-0.129582;0.142203;-0.0324662;0.143154;0.018271;-3.16171e-05;-0.00300863;0.00638181;-0.00902834;-3.38917e-06;1;0;1;0.531314;1;0;
41;-0.289965;0.289947;-0.289949;0.289957;-0.290028;0.289956;0.0128155;0.0899874;-0.0837228;0.0968031;-0.00215306;0.0916537;0.0106725;-1.88532e-05;-0.00266389;0.0280371;-0.0080212;-2.36936e-06;0.863692;0;1;1;1;0;
42;-0.293169;0.285925;-0.293159;0.291169;-0.293847;0.293164;0.0394153;0.0206214;-0.0169503;0.0275027;0.0306725;0.0215924;0.00623318;0.0158761;0.00908691;0.0350956;-0.00468722;-1.74453e-06;0.0542843;0.366404;1;1;0;0;
43;-0.287147;0.267885;-0.287141;0.285978;-0.287543;0.287143;0.0983156;-0.0632423;0.0654034;-0.0592277;0.0932096;-0.0626803;0.00363978;0.0431498;0.00530776;0.0262799;-0.00273768;0.0172858;0;1;0.615927;0.598008;0;1;
44;-0.270067;0.258819;-0.270064;0.269384;-0.270298;0.270065;0.160011;-0.13951;0.14079;-0.13718;0.157029;-0.139187;0.00212526;0.0478251;0.00309937;0.015352;-0.00159921;0.0233294;0;1;0;0.435321;0;1;
45;-0.241494;0.234925;-0.241492;0.241095;-0.241629;0.241493;0.204781;-0.186908;0.193556;-0.191445;0.203039;-0.192611;0.00124073;0.0279369;0.00180961;0.00896869;-0.000934381;0.0136277;0;1;0;0.49688;0;1;
46;-0.202304;0.198467;-0.202303;0.202071;-0.202383;0.202303;0.232073;-0.192785;0.225518;-0.224283;0.231056;-0.22496;0.000724087;0.0163186;0.00105634;0.00523947;-0.000546168;0.00795989;0;1;0;0.548455;0;1;
47;-0.150865;0.148625;-0.150865;0.150729;-0.150911;0.150865;0.246813;-0.201027;0.242985;-0.242262;0.246219;-0.226191;0.000422363;0.0095312;0.000616383;0.00306091;-0.000319498;0.00464869;0;1;0;0.56035;0;1;
48;-0.0819845;0.0806772;-0.0819841;0.0819051;-0.0820114;0.0819847;0.252582;-0.20025;0.250634;-0.244967;0.252523;-0.22215;0.000246156;0.00556529;0.000359455;0.00178755;-0.000187149;0.00271482;0;1;0;0.577575;0;1;
49;0.0083554;-0.00911776;0.00835562;-0.00840168;0.00833963;-0.00835485;0.240156;-0.1866;0.239943;-0.226388;0.234387;-0.214596;0.000143239;0.00324869;0.000209409;0.00104338;-0.000109868;0.00158523;0;1;0;0.644828;0;1;
50;0.107334;-0.107779;0.107334;-0.107361;0.107325;-0.107334;0.21465;-0.158453;0.214264;-0.199621;0.213644;-0.19794;8.31627e-05;0.0018959;0.000121797;-0.000746482;-6.4737e-05;-0.000104814;0;1;0;0.711824;0;1;
51;0.187852;-0.188111;0.187852;-0.187868;0.187847;-0.187852;0.207724;-0.119006;0.207498;-0.156713;0.207137;-0.169638;4.80889e-05;-0.000492347;7.06452e-05;-0.00956477;-3.83257e-05;-0.0118459;0;1;0;0.802799;0;1;
52;0.240616;-0.240769;0.240616;-0.240626;0.240613;-0.240616;0.186552;-0.0686923;0.18642;-0.103247;0.186209;-0.130648;2.76524e-05;-0.00172791;4.08194e-05;-0.00558496;-2.29218e-05;-0.00691788;0;1;0;0.881196;0;1;
53;0.271439;-0.271529;0.271439;-0.271445;0.271438;-0.27144;0.153367;-0.0154674;0.15329;-0.0358788;0.153167;-0.0804626;1.56844e-05;0.00963672;2.33914e-05;0.0175967;-1.38518e-05;-0.00404038;0;1;0;0.873403;0;1;
54;0.287466;-0.28752;0.287466;-0.287471;0.287465;-0.287468;0.106762;0.0515621;0.106715;0.0472494;0.106643;-0.0268777;0.00382754;0.02528;1.32261e-05;0.0287755;-8.47616e-06;-0.0118169;0.529235;1;0;1;0;1;
55;0.292761;-0.29319;0.293158;-0.293161;0.293136;-0.293159;0.0423917;0.0682025;0.042366;0.0773001;0.0469895;0.0042705;0.0147751;0.0147643;0.0241357;0.016807;0.0390287;-0.00689947;1;0.355673;1;0.347952;1;0.976142;
56;0.289581;-0.289832;0.289812;-0.289814;0.289799;-0.289813;-0.0393835;0.103973;-0.0393868;0.109286;-0.0366809;0.0666371;0.0113065;0.00862184;0.0372998;0.00981477;0.0532913;-0.00402959;0.532593;0;1;0;1;0;
57;0.275819;-0.275966;0.275955;-0.275956;0.275946;-0.275955;-0.120342;0.158065;-0.120336;0.161168;-0.11875;0.136261;0.00992345;0.00503473;0.0217893;0.00573139;0.0416716;-0.00235367;0.489843;0;1;0;1;0;
58;0.250356;-0.250442;0.250436;-0.250437;0.25043;-0.250436;-0.180363;0.202396;-0.180354;0.204208;-0.179421;0.189662;0.00579794;0.00293983;0.0127277;0.00334663;0.0268554;-0.00137498;0.547603;0;1;0;1;0;
59;0.214132;-0.214183;0.214179;-0.214179;0.214175;-0.214179;-0.217838;0.230706;-0.217829;0.231765;-0.201293;0.22327;0.00338654;0.00171636;0.00743322;0.00195397;0.0156869;-0.000803389;0.601889;0;1;0;1;0;
60;0.166469;-0.166498;0.166496;-0.166496;0.166494;-0.166496;-0.238966;0.246482;-0.236642;0.2471;-0.214587;0.242139;0.00197736;0.00100181;0.00433979;0.00114052;0.00915975;-0.000469774;0.651906;0;1;0;1;0;
61;0.103046;-0.103063;0.103062;-0.103062;0.103061;-0.103062;-0.249141;0.253531;-0.23736;0.253892;-0.206256;0.250995;0.00115269;0.000584536;0.00253181;0.000665508;0.00534776;-0.000274868;0.791144;0;1;0;1;0;
62;0.018405;-0.0184148;0.0184145;-0.0184141;0.0184139;-0.0184141;-0.238191;0.237797;-0.228882;0.243654;-0.194725;0.244309;-0.00237031;0.000340828;-0.00791286;0.000388093;0.00312135;-0.000161093;0.771454;0;1;0;1;0;
63;-0.0808957;0.0808901;-0.0808902;0.0808905;-0.0808904;0.0808906;-0.213904;0.220093;-0.21356;0.225052;-0.172348;0.225234;-0.00821531;0.00019853;-0.00948841;0.000226103;-0.00156833;-9.46276e-05;0.832057;0;1;0;1;0;
64;-0.168496;0.168493;-0.168493;0.168493;-0.168494;0.168493;-0.172968;0.18875;-0.190451;0.217935;-0.140749;0.218041;-0.0115717;0.00011543;-0.0234501;0.000131533;-0.00723532;-5.57856e-05;1;0;1;0;1;0;
65;-0.228618;0.228615;-0.228616;0.228615;-0.228617;0.228615;-0.118929;0.180499;-0.181492;0.197543;-0.0911071;0.197605;-0.00675909;6.696e-05;-0.0136964;7.63097e-05;-0.00796874;-3.30767e-05;1;0;0.984732;0;1;0;
66;-0.264694;0.264692;-0.264692;0.264692;-0.264695;0.264692;-0.0575864;0.156052;-0.156632;0.166005;-0.0325403;0.166042;-0.00982105;3.86623e-05;-0.00800047;4.40969e-05;0.000258133;-1.97865e-05;1;0;0.977018;0;1;0;
67;-0.284219;0.284217;-0.284218;0.284215;-0.284221;0.284217;0.00489238;0.116689;-0.117026;0.122506;0.0196111;0.122523;0.018517;2.21911e-05;-0.00467383;0.0113561;0.0277553;-1.20088e-05;1;0;1;0.685948;1;0;
68;-0.292491;0.292489;-0.292491;0.292379;-0.292492;0.292489;0.0562566;0.0594911;-0.059681;0.0629019;0.0389855;0.062898;0.0159238;1.26381e-05;-0.00272901;0.0307985;0.0162102;-7.39637e-06;0.819123;0.00791097;1;1;0.581214;0;
69;-0.291687;0.28064;-0.299334;0.27971;-0.302639;0.282059;0.0849522;-0.0173486;0.0172541;-0.0153515;0.074866;-0.0153644;0.009299;0.0330696;-0.00159258;0.0333831;0.00946587;0.00645969;0;0.765647;1;0.960741;0;1;
70;-0.280942;0.27449;-0.285408;0.273948;-0.287337;0.275317;0.139997;-0.100498;0.100462;-0.0993468;0.134107;-0.0993465;0.00543019;0.0487064;-0.000930616;0.0195007;0.00552766;0.0231107;0;1;0;0.472863;0;1;
71;-0.258578;0.254809;-0.261186;0.254494;-0.262313;0.255292;0.189863;-0.166782;0.166775;-0.16612;0.186423;-0.166114;0.00317083;0.0300798;-0.000543831;0.0119871;0.00322769;0.0135003;0;1;0;0.662297;0;1;
72;-0.225212;0.223011;-0.226735;0.222828;-0.227393;0.223292;0.223202;-0.203548;0.209719;-0.209334;0.221193;-0.209326;0.00185129;0.0175699;-0.000318017;0.00700314;0.00188446;0.00788571;0;1;0;0.63667;0;1;
73;-0.180948;0.179663;-0.181838;0.179557;-0.182222;0.179827;0.24247;-0.204745;0.234596;-0.234369;0.241297;-0.234174;0.00108064;0.0102609;-0.000186196;0.00409118;0.00109998;0.00460527;0;1;0;0.451609;0;1;
74;-0.12247;0.12172;-0.12299;0.121659;-0.123214;0.121815;0.251918;-0.205098;0.24732;-0.247186;0.251233;-0.222451;0.00063059;0.00599121;-0.000109247;0.00238977;0.000641814;0.00228481;0;1;0;0.540027;0;1;
75;-0.0438951;0.0434577;-0.0441985;0.0434214;-0.0443294;0.0435131;0.2478;-0.195119;0.246992;-0.236889;0.247539;-0.217186;0.000367739;0.00349715;-6.42692e-05;0.00139538;0.000374242;0.00133466;0;1;0;0.603241;0;1;
76;0.0534499;-0.0537042;0.0532727;-0.0537263;0.0531962;-0.0536726;0.231947;-0.175679;0.231859;-0.216068;0.225002;-0.206963;0.000214258;0.00161505;-3.80515e-05;0.000814473;0.000217976;0.000779583;0;1;0;0.664608;0;1;
77;0.146925;-0.147073;0.146821;-0.147086;0.146777;-0.147055;0.224917;-0.144445;0.224503;-0.180948;0.198158;-0.186166;0.000124661;-0.000297691;-2.26867e-05;-0.00614036;0.00012674;-0.00466858;0;1;0;0.760894;0;1;
78;0.214778;-0.214865;0.214718;-0.214872;0.214692;-0.214854;0.20641;-0.0972467;0.206169;-0.133904;0.190783;-0.152408;7.23211e-05;-0.00510558;-1.3744e-05;-0.00587662;7.35068e-05;-0.0054079;0;1;0;0.836742;0;1;
79;0.256704;-0.256756;0.256669;-0.256759;0.256654;-0.256749;0.177;-0.0456031;0.176859;-0.0728568;0.167874;-0.107391;4.1791e-05;-0.00298085;-8.46962e-06;-0.00624811;4.24178e-05;-0.00315864;0;1;0;0.931348;0;1;
80;0.280131;-0.280163;0.280111;-0.280164;0.280102;-0.280159;0.13658;0.0217532;0.136498;-0.00684656;0.131251;-0.0806236;2.39574e-05;0.016839;-5.38337e-06;0.0218587;2.43582e-05;-0.00184417;0;1;0;0.97233;0;1;
81;0.291149;-0.29117;0.291138;-0.291169;0.291133;-0.291168;0.0816236;0.0525011;0.0815682;0.0532446;0.0785047;-0.0482222;0.0172454;0.0159187;-3.0487e-06;0.0256349;0.00682056;0.00590464;0.991577;1;0.206025;0.780019;0.226725;1;
82;0.292812;-0.297197;0.292806;-0.292824;0.289367;-0.29681;0.00796464;0.0703682;0.00793799;0.0708033;0.0206638;0.0115477;0.0156274;0.00929612;0.0215269;0.014971;0.0471857;0.00344818;0.656268;0;1;0;0.991098;0.557217;
83;0.285021;-0.287582;0.285017;-0.285028;0.283008;-0.287356;-0.0769993;0.122749;-0.0770052;0.123003;-0.0695667;0.0883979;0.0157889;0.00542852;0.0243691;0.00874263;0.0510286;0.00201336;0.579306;0;1;0;1;0;
84;0.265888;-0.267385;0.265887;-0.265893;0.264713;-0.267253;-0.15009;0.176811;-0.150087;0.176959;-0.145736;0.15675;0.0106186;0.00316983;0.0148113;0.00510526;0.0343079;0.00117546;0.77277;0;1;0;1;0;
85;0.23544;-0.236314;0.235439;-0.235443;0.234753;-0.236237;-0.199493;0.2151;-0.199486;0.215187;-0.191118;0.203385;0.00620277;0.00185071;0.00865138;0.00298095;0.0201831;0.000686007;1;0;1;0;1;0;
86;0.194343;-0.194854;0.194343;-0.194345;0.193942;-0.194808;-0.228885;0.238;-0.228877;0.238051;-0.214768;0.231159;0.00362238;0.00108029;0.00505148;0.00174038;0.011787;0.000400158;1;0;1;0;1;0;
87;0.140326;-0.140624;0.140326;-0.140327;0.140092;-0.140598;-0.244607;0.249931;-0.235242;0.249961;-0.208374;0.245936;0.00211443;0.000630387;-0.0118084;0.00101578;0.00688254;0.000233113;1;0;1;0;1;0;
88;0.0677855;-0.0679589;0.0677854;-0.0677854;0.0676479;-0.0679435;-0.243345;0.250563;-0.237543;0.250607;-0.207331;0.250221;0.00123368;0.000367606;-0.00689943;0.000592675;0.00401745;0.000135589;0.944105;0;1;0;1;0;
89;-0.0257054;0.0256046;-0.0257056;0.025706;-0.0257863;0.0256136;-0.225114;0.231112;-0.225032;0.23632;-0.192002;0.235245;-0.00339325;0.000214126;-0.0125315;0.000345551;-0.00695026;7.86074e-05;1;0;1;0;1;0;
90;-0.12325;0.123192;-0.123251;0.123251;-0.123299;0.123197;-0.198538;0.208761;-0.207444;0.208206;-0.159025;0.20468;-0.00637499;0.000124519;-0.0094726;0.000201308;-0.00437015;4.541e-05;1;0;1;0;1;0;
91;-0.198942;0.198908;-0.198942;0.198942;-0.198971;0.198911;-0.147866;0.195194;-0.173259;0.199812;-0.117606;0.17421;-0.00920317;7.22699e-05;-0.00553427;0.000117065;-0.012419;2.59963e-05;1;0;1;0;1;0;
92;-0.247327;0.247307;-0.247328;0.247327;-0.247346;0.247308;-0.0940483;0.175927;-0.163116;0.178624;-0.064022;0.163672;-0.0064169;4.17204e-05;-0.0032334;6.78919e-05;-0.00725249;1.4745e-05;1;0;1;0;1;0;
93;-0.275124;0.275112;-0.275125;0.275124;-0.275138;0.275113;-0.0240269;0.142995;-0.135514;0.14457;-0.00271447;0.135838;-0.0098989;2.39257e-05;-0.00235609;3.91951e-05;0.013595;8.18552e-06;1;0;0.942127;0;1;0;
94;-0.289122;0.289114;-0.289123;0.289119;-0.289131;0.289115;0.0283522;0.0950259;-0.0906535;0.0959538;0.0196026;0.0908464;0.0191065;1.36144e-05;-0.00332438;0.0140012;0.00794214;4.37492e-06;1;0;1;0.650571;1;0;
95;-0.293239;0.2924;-0.293842;0.287098;-0.310866;0.293235;0.0448975;0.0280426;-0.0254773;0.0285923;0.0429452;0.0255956;0.0111591;0.021655;-0.00194134;0.0307793;0.0046389;2.25689e-06;0;0.660823;1;0.929861;1;0;
96;-0.288224;0.287734;-0.288576;0.284637;-0.298518;0.288221;0.0975423;-0.0543918;0.0564453;-0.05462;0.096402;-0.0563635;0.00651648;0.0456808;-0.00113413;0.0188182;0.00270863;0.0242386;0;1;0;0.380606;0;1;
97;-0.272341;0.272054;-0.272546;0.270246;-0.278352;0.272339;0.157811;-0.132595;0.133811;-0.132741;0.157145;-0.133752;0.00380527;0.0357787;-0.000662681;0.0122382;0.00158142;0.020102;0;1;0;0.579162;0;1;
98;-0.244882;0.244715;-0.245002;0.243659;-0.248393;0.24488;0.203106;-0.187195;0.18909;-0.188463;0.202717;-0.189047;0.00222183;0.0209005;-0.000387393;0.00714979;0.000923092;0.0117431;0;1;0;0.717905;0;1;
