1;-0.000363587;0.000116065;9.94839e-05;-0.000363587;0.000116065;9.94839e-05;0.0349769;0.0347455;0.0352594;0.0349769;0.0347456;0.0352594;0.808667;0.808665;0.808666;0.808667;0.808665;0.808666;0;0;0;0;0;0;
2;-0.00314837;-0.039085;-0.00159102;0.00124811;-0.0148791;0.000480728;0.210256;0.192988;0.120616;0.201485;0.196856;0.182521;0.472464;0.472441;0.472357;0.472433;0.472432;0.472421;1;1;1;1;1;1;
3;0.0269101;-0.0279118;0.00856686;-0.00497838;-0.0142248;-0.00843474;0.137292;0.129827;0.0904717;0.121874;0.119555;0.10755;0.275948;0.275929;0.275868;0.275918;0.275921;0.275919;0.956608;0.539623;0;0;0.171735;0.900113;
4;0.0209258;-0.0169358;0.0056377;-0.00354216;-0.00767443;-0.00574243;0.0801659;0.0758528;0.0528065;0.0711992;0.0697999;0.0933062;0.161168;0.161151;0.161107;0.161137;0.161148;0.161149;1;0.670741;0;0;0.470704;1;
5;0.0153233;-0.0107675;0.0086577;-0.00432174;-0.00360576;0.0025016;0.0641549;0.0491786;0.0305843;0.0418339;0.0415317;0.079886;0.0941297;0.0941187;0.0940882;0.0941034;0.0941162;0.0941214;1;0.749882;0.385702;0;0.708283;1;
6;0.0109926;-0.00889691;0.00638281;-0.00363141;-0.000998088;0.000862265;0.0655494;0.0417625;0.0172038;0.0250872;0.0396272;0.0764087;0.0549781;0.05497;0.0549487;0.0549556;0.0549684;0.0549748;1;0.719721;0.510557;0;0.821972;1;
7;0.0101478;-0.00823372;0.0054322;-0.0034023;0.000660544;-0.000682071;0.0618541;0.0349949;0.00874657;0.0159503;0.0346312;0.0703499;0.0321137;0.0321063;0.0320908;0.0320935;0.0321058;0.0321119;1;0.665774;0.531805;0.046186;0.917404;1;
8;0.00869856;-0.00784417;0.00552495;-0.00208761;0.00488249;0.00120666;0.0603553;0.0313427;0.00286208;0.0115612;0.0302816;0.0681913;0.0187606;0.0187529;0.0187422;0.0187428;0.0187534;0.0187593;1;0.615705;0.613986;0.100628;0.915647;1;
9;0.00603271;-0.00625465;0.00376536;-0.0017575;0.00349833;0.00166856;0.0552067;0.0289312;0.000673006;0.00478377;0.027738;0.0681044;0.0181221;0.010954;0.0109468;0.0109463;0.0109552;0.0132604;1;0.573417;0.575182;0.180594;0.865624;1;
10;0.00262869;-0.00275847;0.00130414;-0.000131131;0.00114832;0.00499879;0.0536501;0.0286734;-0.0015065;0.00626248;0.0279301;0.0689222;0.0183134;0.00639894;0.00639426;0.00639263;0.00640118;0.0130371;1;0.536131;0.716045;0.216614;0.891743;1;
11;-0.00211001;0.00203414;-0.00288397;0.00356935;-0.00297486;0.0065657;0.0509175;0.0280562;-0.00368145;0.00930147;0.0266282;0.0707921;0.0183821;0.00373835;0.00373567;0.00373311;0.00628425;0.0113909;1;0.493085;0.832237;0.149826;0.90685;1;
12;-0.00953111;0.00948678;-0.00998351;0.0103842;-0.0100364;0.0121343;0.0481039;0.0278625;-0.00513473;0.0122396;0.0252659;0.0720637;0.0181469;0.00218424;0.00218315;0.00217988;0.0069453;0.0113819;1;0.458901;0.921563;0.0455478;0.91129;1;
13;-0.0210232;0.0209973;-0.0212879;0.0215223;-0.0213184;0.0225445;0.0468168;0.0285168;-0.00614004;0.0132733;0.0254164;0.0722284;0.0193553;0.00127656;0.00127646;0.00127278;0.00647586;0.0104044;1;0.452245;0.954743;0.0216515;0.918673;1;
14;-0.0377727;0.0377574;-0.0379281;0.0380651;-0.0379453;0.0386623;0.0497684;0.0289702;-0.00518163;0.00962651;0.0273017;0.0697802;0.0194672;0.000746916;0.000746673;0.0007431;0.00565391;0.01098;0.993142;0.500944;0.912506;0.140424;0.920535;1;
15;-0.060139;0.0601295;-0.0602307;0.0603109;-0.0602401;0.0606601;0.0590323;0.0296037;0.00137551;0.00597244;0.0322361;0.0633556;0.0173967;0.00229712;0.000436597;0.000434091;0.00330454;0.0140551;1;0.650293;0.744926;0.245957;0.86682;1;
16;-0.0866353;0.0866289;-0.0866906;0.0867375;-0.0866956;0.0869418;0.0760575;0.0260667;0.0122377;-0.00794589;0.034588;0.0478248;0.0124184;0.0125098;0.000254817;0.000254854;0.00193062;0.016672;1;0.904356;0.491986;0.385989;0.569483;1;
17;-0.113058;0.113053;-0.113093;0.11312;-0.113096;0.11324;0.0965584;0.00558064;0.0400237;-0.0375144;0.0530762;-0.00493604;0.00725404;0.0272705;0.000148422;0.00465751;0.00112714;0.0196352;0.697738;1;0;0.51985;0;1;
18;-0.132765;0.132759;-0.132785;0.132801;-0.132787;0.132872;0.117955;-0.0537604;0.0849387;-0.0834679;0.0925612;-0.0644387;0.00423587;0.035788;8.63771e-05;0.0131838;0.000657882;0.0156861;0;1;0;0.755375;0;1;
19;-0.138291;0.133896;-0.138303;0.138312;-0.138304;0.138354;0.156668;-0.1148;0.137387;-0.136523;0.141839;-0.125408;0.0024733;0.0289415;5.00762e-05;0.0133648;0.000383796;0.0119993;0;1;0;0.507212;0;1;
20;-0.123554;0.120987;-0.123562;0.123567;-0.123562;0.123592;0.193618;-0.162594;0.182358;-0.181848;0.184957;-0.175356;0.00144395;0.0209683;2.87988e-05;0.0091616;0.000223706;0.00700896;0;1;0;0.567657;0;1;
21;-0.0843784;0.0828802;-0.0843825;0.0843861;-0.0843829;0.0844003;0.219394;-0.18301;0.212818;-0.212517;0.214336;-0.208724;0.000842813;0.012249;1.63208e-05;0.00560927;0.000130162;0.00409349;0;1;0;0.54807;0;1;
22;-0.0173008;0.0164274;-0.0173032;0.0173054;-0.0173033;0.0173136;0.233144;-0.177025;0.229304;-0.228632;0.230191;-0.217206;0.000491702;0.00715545;8.9937e-06;0.00327635;7.55122e-05;0.00239046;0;1;0;0.634366;0;1;
23;0.0725479;-0.0730574;0.0725464;-0.072545;0.0725464;-0.0725402;0.229874;-0.169372;0.229276;-0.21111;0.229644;-0.208663;0.000286656;0.00417885;4.75337e-06;0.00191311;4.35621e-05;0.00139598;0;1;0;0.694293;0;1;
24;0.15962;-0.159918;0.159619;-0.159619;0.159619;-0.159616;0.222947;-0.133947;0.222379;-0.175323;0.222812;-0.185298;0.000166904;0.00244067;2.27432e-06;-0.00476798;2.49099e-05;-0.00661494;0;1;0;0.780264;0;1;
25;0.222491;-0.222666;0.222491;-0.222491;0.222491;-0.222489;0.203445;-0.0882815;0.203113;-0.126142;0.203366;-0.149472;9.69911e-05;0.0137927;8.39538e-07;-0.00725508;1.40158e-05;-0.00386286;0;1;0;0.867318;0;1;
26;0.261127;-0.261231;0.261128;-0.261128;0.261128;-0.261127;0.173148;-0.0497349;0.172952;-0.0671775;0.1731;-0.0900339;5.71812e-05;0.0117867;3.79529e-08;0.015018;7.69161e-06;-0.00225581;0.68198;1;0;0.917209;0;1;
27;0.28249;-0.282553;0.282493;-0.282493;0.282493;-0.282492;0.131587;-0.0132567;0.131465;-0.0274398;0.131551;-0.00869652;0.0168938;0.0106347;-4.22309e-07;0.0146254;4.03602e-06;0.0112908;1;1;0;0.708422;0;1;
28;0.292153;-0.292191;0.292155;-0.292155;0.292154;-0.292154;0.0749349;0.0358373;0.0748528;0.0281362;0.0749025;0.109441;0.0246568;0.00621061;0.000203706;0.00854225;2.048e-06;0.0375465;1;0.580049;0.53471;0.425105;0;1;
29;0.296919;-0.295494;0.295311;-0.296243;0.290547;-0.292278;-0.000511407;0.0652092;-0.000557151;0.0607125;-0.000525052;0.147599;0.0166607;0.00362649;0.0261014;0.00498864;0.0337766;0.0219316;0.795407;0;1;0;1;0.80802;
30;0.286211;-0.28538;0.285273;-0.285817;0.282492;-0.283501;-0.0853677;0.123153;-0.0853826;0.120527;-0.0853598;0.171269;0.00987585;0.00211747;0.0337049;0.00291304;0.0509701;0.0128077;0.54514;0;1;0;1;0;
31;0.264804;-0.264319;0.264256;-0.264574;0.262633;-0.263222;-0.15621;0.178279;-0.15621;0.176746;-0.156193;0.206379;0.00725111;0.00123617;0.019724;0.00170085;0.0321638;0.00747916;0.617452;0;1;0;1;0;
32;0.232644;-0.232361;0.232325;-0.23251;0.231378;-0.23172;-0.203285;0.216175;-0.203279;0.21528;-0.19984;0.232585;0.00423703;0.000721434;0.011522;0.000992876;0.0187881;0.00436732;0.717431;0;1;0;1;0;
33;0.190036;-0.189872;0.189851;-0.189958;0.189298;-0.189497;-0.231016;0.238545;-0.22693;0.238022;-0.201796;0.248129;0.00247566;0.000420788;0.00673015;0.000579358;0.0109732;0.00255001;0.784344;0;1;0;1;0;
34;0.134216;-0.13412;0.134108;-0.134171;0.133786;-0.133901;-0.245633;0.250031;-0.222407;0.249726;-0.204916;0.255628;0.00144639;0.000245168;0.0039308;0.000337864;0.00640765;0.00148868;0.793471;0;1;0;1;0;
35;0.0593504;-0.0592941;0.0592878;-0.0593236;0.0591008;-0.0591664;-0.242486;0.249554;-0.216962;0.249706;-0.198684;0.249726;0.000844506;0.000142608;0.00229601;0.000196825;0.00374058;0.000868873;0.83888;0;1;0;1;0;
36;-0.0358206;0.0358536;-0.0358567;0.0358364;-0.0359648;0.0359282;-0.222226;0.228268;-0.20821;0.23541;-0.182045;0.235949;0.000492917;8.26876e-05;0.00134125;0.000114448;0.00218275;0.000506919;0.945178;0;1;0;1;0;
37;-0.13215;0.13217;-0.132171;0.13216;-0.132233;0.132213;-0.188617;0.204572;-0.188015;0.221864;-0.153991;0.222165;-0.00349335;4.77237e-05;0.000515472;6.64445e-05;-0.000892602;0.000295637;0.944788;0;1;0;1;0;
38;-0.204987;0.204998;-0.204999;0.204992;-0.205035;0.205024;-0.143245;0.197434;-0.159334;0.207532;-0.10734;0.207708;-0.0041363;2.73246e-05;-0.00657544;3.82876e-05;-0.00704711;0.000172129;1;0;1;0;1;0;
39;-0.250935;0.250942;-0.250942;0.250938;-0.250963;0.250956;-0.0885593;0.175252;-0.115973;0.181149;-0.0504087;0.181252;-0.00483295;1.54127e-05;-0.00383958;2.19274e-05;-0.00397754;0.000100085;1;0;1;0;1;0;
40;-0.277071;0.277075;-0.277076;0.277073;-0.277089;0.277084;-0.0145854;0.140071;-0.0613041;0.143515;0.00314679;0.143575;0.0185494;8.519e-06;-0.00224223;1.23674e-05;0.0125033;5.80268e-05;1;0;1;0;1;0;
41;-0.289944;0.289945;-0.289947;0.289945;-0.289954;0.289951;0.0717861;0.0898564;-0.043852;0.091866;0.0621085;0.0919037;0.0382441;0.022427;-0.00130814;0.00338924;0.023747;0.00876546;1;0.648535;0.840058;0.715732;1;0.963571;
42;-0.293157;0.290762;-0.293159;0.293157;-0.293163;0.293161;0.0859774;0.0438736;0.00632077;0.0217206;0.0648548;0.0217541;0.0223344;0.0457544;-0.00076431;0.0033907;0.0138681;0.0289271;0.202636;1;0;0.565822;0;1;
43;-0.28714;0.285741;-0.287141;0.287139;-0.287144;0.287142;0.125507;-0.0496549;0.078988;-0.0626093;0.113172;-0.0625788;0.0130428;0.054581;-0.000446712;0.0106126;0.00809852;0.0322081;0;1;0;0.46422;0;1;
44;-0.270063;0.269245;-0.270064;0.270062;-0.270065;0.270064;0.175891;-0.131577;0.148723;-0.139155;0.168687;-0.139131;0.00761647;0.0339264;-0.000261273;0.00689991;0.00472913;0.0188138;0;1;0;0.657765;0;1;
45;-0.241492;0.241013;-0.241492;0.241491;-0.241493;0.241493;0.214054;-0.188162;0.198189;-0.192599;0.209847;-0.19258;0.00444747;0.0203694;-0.00015306;0.00403087;0.00276137;0.0109884;0;1;0;0.576851;0;1;
46;-0.202302;0.202022;-0.202303;0.202302;-0.202303;0.202303;0.237489;-0.196109;0.228223;-0.224958;0.235032;-0.224943;0.00259675;0.0118989;-8.9909e-05;0.00235389;0.00161217;0.00641635;0;1;0;0.573449;0;1;
47;-0.150864;0.150701;-0.150865;0.150864;-0.150865;0.150865;0.249976;-0.196726;0.244565;-0.242657;0.248541;-0.237966;0.00151589;0.00695114;-5.30917e-05;0.00137398;0.000941021;0.00374528;0;1;0;0.606998;0;1;
48;-0.0819839;0.0818883;-0.081984;0.0819838;-0.081984;0.0819844;0.251406;-0.191055;0.251557;-0.246939;0.251871;-0.231173;0.000884689;0.00406075;-3.15891e-05;0.00080117;0.000549062;0.00218529;0;1;0;0.683161;0;1;
49;0.00835583;-0.00841121;0.00835577;-0.00835576;0.00835576;-0.0083554;0.240568;-0.176331;0.240785;-0.230055;0.233511;-0.221862;0.00051606;0.00237275;-1.90342e-05;-0.00559772;0.000320138;-0.00487283;0;1;0;0.891142;0;1;
50;0.107335;-0.107366;0.107334;-0.107334;0.107334;-0.107334;0.210784;-0.148952;0.211023;-0.203362;0.212912;-0.204449;0.000300831;0.0021646;-1.16745e-05;-0.00695142;0.000186451;-0.00892845;0;1;0;1;0;1;
51;0.187852;-0.187871;0.187852;-0.187852;0.187852;-0.187852;0.176156;-0.114036;0.17554;-0.155943;0.179039;-0.16986;0.000175347;0.0119941;-7.17023e-06;-0.00820658;0.0001085;-0.00690908;0;1;0;0.965802;0;1;
52;0.240617;-0.240628;0.240617;-0.240617;0.240617;-0.240617;0.168116;-0.0545583;0.165595;-0.103754;0.169799;-0.131178;0.000101799;0.0224326;-4.77587e-06;-0.00668216;6.28652e-05;-0.00403506;0;1;0;1;0;1;
53;0.27144;-0.271448;0.27144;-0.271441;0.27144;-0.27144;0.142601;0.000850508;0.141129;-0.0362843;0.143584;-0.0832414;5.89525e-05;0.0251413;-3.2528e-06;0.0139141;3.63209e-05;-0.00235682;0;1;0;1;0;1;
54;0.287465;-0.287473;0.287467;-0.287469;0.287467;-0.287468;0.100477;0.0429321;0.0996129;0.0363383;0.101047;0.0056343;0.00764683;0.0200364;-2.31704e-06;0.0271119;2.0841e-05;-0.00255395;0.637537;1;0;0.767095;0;1;
55;0.291614;-0.293916;0.289055;-0.29316;0.293157;-0.293159;0.0387232;0.0988123;0.0382119;0.0685861;0.0390564;0.108196;0.0210896;0.0180981;0.0127864;0.0158337;0.0312636;0.0226274;1;0.870777;1;0;1;1;
56;0.290859;-0.290256;0.266556;-0.289814;0.293149;-0.289814;-0.0415256;0.121849;-0.0418148;0.104197;-0.033897;0.127331;0.0167594;0.0105687;0.0323331;0.00924643;0.0494415;0.0132149;0.754332;0;1;0;1;0.152441;
57;0.276568;-0.276214;0.233642;-0.275956;0.277905;-0.275955;-0.121593;0.168505;-0.121752;0.158196;-0.117124;0.171706;0.0101692;0.00617163;0.0291882;0.00539953;0.0465206;0.00771699;0.606662;0;1;0;1;0;
58;0.250795;-0.250587;0.217764;-0.250436;0.251576;-0.250436;-0.181094;0.208492;-0.181179;0.202472;-0.178471;0.210362;0.00594159;0.00360372;0.017051;0.00315289;0.0271755;0.00450627;0.711045;0;1;0;1;0;
59;0.21439;-0.214267;0.195097;-0.214179;0.214846;-0.214179;-0.218265;0.234267;-0.217258;0.230751;-0.188508;0.235359;0.00347123;0.00210403;0.00996069;0.00184083;0.0158744;0.00263118;0.76424;0;1;0;1;0;
60;0.16662;-0.166548;0.155351;-0.166496;0.166887;-0.166496;-0.239215;0.248561;-0.214185;0.246508;-0.197428;0.249199;0.00202797;0.00122818;0.0058191;0.00107455;0.00927263;0.0015361;0.790617;0;1;0;1;0;
61;0.103136;-0.103092;0.096552;-0.103063;0.103293;-0.103063;-0.249286;0.254546;-0.21193;0.253546;-0.199431;0.254474;0.001184;0.000716655;0.00340061;0.00062706;0.00541474;0.000896599;0.803151;0;1;0;1;0;
62;0.0184586;-0.0184317;0.014612;-0.018415;0.0185516;-0.018415;-0.239024;0.239725;-0.205472;0.242757;-0.188723;0.24334;0.000690367;0.000417917;0.00217328;0.000365732;0.00316079;0.000523119;0.880427;0;1;0;1;0;
63;-0.080863;0.0808804;-0.0831108;0.0808892;-0.080808;0.0808892;-0.216585;0.218536;-0.189814;0.223097;-0.164511;0.226397;-0.00139317;0.000243462;0.00319878;0.000213129;0.00103835;0.000305019;0.980891;0;1;0;1;0;
64;-0.168476;0.168487;-0.169789;0.168492;-0.168444;0.168492;-0.171464;0.187678;-0.173548;0.214692;-0.134655;0.21872;-0.00464137;0.000141626;0.00186902;0.000123977;-0.000932636;0.000177677;1;0;1;0;1;0;
65;-0.228605;0.228612;-0.229372;0.228614;-0.228586;0.228614;-0.12101;0.179873;-0.140693;0.195649;-0.0808195;0.198001;-0.00453477;8.21847e-05;-0.000683778;7.19295e-05;-0.00398722;0.000103292;1;0;1;0;1;0;
66;-0.264685;0.264689;-0.265133;0.264691;-0.264675;0.264691;-0.0608169;0.155686;-0.0928453;0.164899;-0.0330206;0.166273;0.0101242;4.74769e-05;0.000307459;4.15787e-05;0.00977923;5.9893e-05;1;0;1;0;1;0;
67;-0.284213;0.284215;-0.284475;0.284216;-0.284207;0.284216;0.0217112;0.116476;-0.0386392;0.121856;0.0346767;0.122658;0.0259331;2.72847e-05;0.000179725;2.38652e-05;-0.0344307;3.45869e-05;1;0;0.919831;0;1;0;
68;-0.292487;0.292487;-0.29264;0.292488;-0.292484;0.292488;0.0709701;0.0661788;-0.0139111;0.0625108;0.0687693;0.0629871;0.023602;0.0390799;0.000245568;0.00482336;-0.0201047;0.0200426;1;1;0;0.29206;0.82538;1;
69;-0.291945;0.285478;-0.291863;0.286012;-0.292186;0.292418;0.0935449;-0.0125712;0.0439746;-0.0155901;0.0922597;-0.0153005;0.0137831;0.0495827;0.000143076;0.007179;-0.0117414;0.0283561;0;1;0;0.418782;0;1;
70;-0.281092;0.277315;-0.281044;0.277627;-0.281233;0.281369;0.145015;-0.0977098;0.116066;-0.0994869;0.144265;-0.0993096;0.00804885;0.0400072;8.31947e-05;0.00785709;-0.00685733;0.0195266;0;1;0;0.455821;0;1;
71;-0.258666;0.256459;-0.258638;0.256641;-0.258748;0.258827;0.192794;-0.165153;0.175887;-0.166203;0.192355;-0.166094;0.00470001;0.0262437;4.81409e-05;0.0045908;-0.00400505;0.0114062;0;1;0;0.501545;0;1;
72;-0.225263;0.223974;-0.225247;0.224081;-0.225311;0.225358;0.224914;-0.196564;0.215041;-0.209383;0.224658;-0.209316;0.00274426;0.0153308;2.76225e-05;0.00268173;-0.00233936;0.00666125;0;1;0;0.549373;0;1;
73;-0.180978;0.180225;-0.180969;0.180288;-0.181006;0.181033;0.243469;-0.195808;0.237704;-0.234399;0.24332;-0.234356;0.00160205;0.00895567;1.55629e-05;0.00156572;-0.00136664;0.00388873;0;1;0;0.584763;0;1;
74;-0.122487;0.122047;-0.122482;0.122084;-0.122504;0.12252;0.252502;-0.195545;0.249135;-0.247204;0.252415;-0.235422;0.000935007;0.00523181;8.50914e-06;0.000913503;-0.000798602;0.002269;0;1;0;0.615983;0;1;
75;-0.043905;0.0436483;-0.0439018;0.0436697;-0.0439145;0.0439242;0.247367;-0.185953;0.246819;-0.240294;0.247064;-0.227729;0.000545459;0.00305658;4.38322e-06;0.000531955;-0.00046688;-0.00166663;0;1;0;0.649696;0;1;
76;0.0534442;-0.0535937;0.0534461;-0.0535815;0.0534386;-0.0534329;0.233235;-0.166268;0.232788;-0.218753;0.224338;-0.215497;0.000317959;0.00178636;1.98044e-06;-0.00773254;-0.000273155;-0.00966525;0;1;0;0.719381;0;1;
77;0.146922;-0.147009;0.146923;-0.147002;0.146918;-0.146915;0.224295;-0.134606;0.222967;-0.182455;0.196683;-0.191051;0.000185171;0.00630575;6.37858e-07;-0.00526523;-0.000160009;-0.00764255;0;1;0;0.797518;0;1;
78;0.214776;-0.214828;0.214777;-0.214824;0.214775;-0.214773;0.206047;-0.0860337;0.205271;-0.136093;0.189922;-0.15591;0.000107609;0.0152287;-1.74289e-07;-0.00769919;-9.39031e-05;-0.0044637;0;1;0;0.878065;0;1;
79;0.256703;-0.256734;0.256704;-0.256731;0.256702;-0.256701;0.176788;-0.0314053;0.176335;-0.0736069;0.167371;-0.109153;6.23536e-05;0.0230903;-5.94497e-07;-0.00752994;-5.52892e-05;-0.00260704;0;1;0;0.968723;0;1;
80;0.280131;-0.28015;0.280131;-0.280149;0.28013;-0.280131;0.136457;0.0261053;0.136192;-0.00303388;0.130957;-0.0847884;3.63633e-05;0.0405278;-8.58539e-07;0.0163905;-3.26294e-05;-0.00152202;0.700141;1;0;0.967111;0;0.969911;
81;0.291148;-0.291162;0.29115;-0.291161;0.29115;-0.291151;0.0815542;0.0417138;0.0813886;0.0429635;0.0783316;-0.0496004;0.0211532;0.0236724;-8.87289e-07;0.0173074;-1.9433e-05;0.000856158;1;0.822769;0;0.807966;0;1;
82;0.289574;-0.296925;0.29156;-0.293247;0.287283;-0.30052;0.00793011;0.0640689;0.00782741;0.0647987;0.00604564;0.0107491;0.0294247;0.0138245;0.0180443;0.0101076;0.0294211;0.00443887;1;0;1;0;0.9096;1;
83;0.283129;-0.287423;0.284289;-0.285275;0.281792;-0.289522;-0.0770207;0.11907;-0.0770694;0.119497;-0.0781053;0.0879318;0.0171879;0.00807304;0.0303361;0.00590242;0.046678;0.00259195;0.561221;0;1;0;1;0;
84;0.264784;-0.267292;0.265461;-0.266037;0.264003;-0.268518;-0.150103;0.174663;-0.150124;0.174912;-0.150725;0.156478;0.0100415;0.00471418;0.018722;0.00344664;0.0293338;0.00151338;0.69648;0;1;0;1;0;
85;0.234794;-0.236259;0.23519;-0.235527;0.234339;-0.236975;-0.1995;0.213846;-0.199507;0.213991;-0.199804;0.203226;0.0058668;0.00275255;0.010937;0.0020124;0.0171346;0.0008834;0.756383;0;1;0;1;0;
86;0.193966;-0.194822;0.194197;-0.194394;0.1937;-0.19524;-0.228888;0.237268;-0.228709;0.237353;-0.207869;0.231066;0.00342745;0.00160691;0.00638876;0.00117478;0.0100063;0.000515483;0.820562;0;1;0;1;0;
87;0.140106;-0.140606;0.140241;-0.140356;0.139951;-0.14085;-0.244608;0.249503;-0.224847;0.249553;-0.210245;0.245882;0.00200237;0.000937832;0.0037315;0.000685584;0.00584179;0.000300553;0.839043;0;1;0;1;0;
88;0.0676563;-0.0679481;0.067735;-0.0678021;0.0675661;-0.0680906;-0.240466;0.25101;-0.220111;0.250942;-0.204526;0.250528;0.00116935;0.000547085;0.00217982;0.000399894;0.00340895;0.000175051;0.877188;0;1;0;1;0;
89;-0.0257813;0.0256109;-0.0257352;0.0256962;-0.0258333;0.0255277;-0.220003;0.230866;-0.208977;0.237186;-0.186197;0.236851;0.000682908;0.000318884;0.00127364;0.000233044;-0.00747108;0.000101718;0.974783;0;1;0;1;0;
90;-0.123295;0.123196;-0.123268;0.123245;-0.123326;0.123147;-0.189966;0.208474;-0.193574;0.208246;-0.160615;0.204717;0.000399158;0.0001856;0.000744408;0.000135684;-0.00436583;5.89829e-05;1;0;1;0;1;0;
91;-0.198968;0.19891;-0.198952;0.198939;-0.198986;0.198881;-0.141233;0.201366;-0.161294;0.200947;-0.114806;0.185597;-0.00517727;0.000107855;-0.00185174;7.87866e-05;-0.0116663;3.4126e-05;1;0;1;0;1;0;
92;-0.247342;0.247308;-0.247333;0.247325;-0.247354;0.247291;-0.0890426;0.179531;-0.121258;0.179286;-0.0588874;0.170322;0.00709849;6.24398e-05;-0.000269726;4.56184e-05;-0.00681315;1.9457e-05;0.957899;0;1;0;1;0;
93;-0.275133;0.275113;-0.275128;0.275122;-0.275142;0.275103;-0.011084;0.1451;-0.069965;0.144957;-0.00221767;0.139722;0.0244074;3.59661e-05;-0.000157055;2.62494e-05;0.00359621;1.09976e-05;1;0;0.864814;0;1;0;
94;-0.289128;0.289115;-0.289124;0.289119;-0.289134;0.289109;0.0554285;0.096255;0.0181085;0.0961759;0.0483631;0.0931144;0.0348728;2.05607e-05;0.0107424;0.00554451;-0.0655851;6.08733e-06;1;0;1;0.457131;1;0;
95;-0.293242;0.292337;-0.29324;0.292399;-0.293246;0.293231;0.0793145;0.0377711;0.0846538;0.0287153;0.0810804;0.0269307;0.0203663;0.0441852;0.00627538;0.0127252;-0.0383023;0.0259366;0.256146;1;1;0.546925;0.158148;1;
96;-0.288226;0.287696;-0.288224;0.287733;-0.288228;0.288219;0.117641;-0.0492445;0.12076;-0.0545501;0.118673;-0.0555813;0.0118934;0.048111;0.00366431;0.0101427;-0.0223687;0.0277464;0;1;0;0.498452;0;1;
97;-0.272342;0.272032;-0.272341;0.272054;-0.272343;0.272338;0.169549;-0.124934;0.17137;-0.132701;0.170152;-0.133296;0.00694523;0.0337534;0.00213948;0.00900478;-0.0130637;0.0162085;0;1;0;0.644976;0;1;
98;-0.244883;0.244701;-0.244882;0.244714;-0.244883;0.244881;0.209961;-0.183338;0.211025;-0.18844;0.210313;-0.188783;0.00405548;0.0205701;0.00124894;0.0052606;-0.00762952;0.00946698;0;1;0;0.675763;0;1;
