1;-0.000363587;0.000116064;9.94833e-05;-0.000363587;0.000116064;9.94831e-05;0.0349768;0.0347454;0.0352593;0.034977;0.0347457;0.0352596;0.808667;0.808665;0.808666;0.808667;0.808665;0.808666;0;0;0;0;0;0;
2;-0.0334286;-0.0381995;-0.0349279;0.0448114;0.0574807;0.0428685;0.162141;0.129838;0.0650215;0.105044;0.126381;0.171603;0.472365;0.472322;0.472293;0.472312;0.472335;0.472347;1;1;1;1;1;1;
3;0.0531102;0.0359244;0.040713;-0.0238379;-0.0139658;-0.0742923;0.100229;0.148843;0.188745;0.0930051;0.136906;0.211922;0.27588;0.275866;0.275854;0.27584;0.275866;0.275894;0.776654;0.377475;1;0;0;1;
4;0.0520919;0.0319624;0.0373428;-0.0212957;-0.00939563;-0.0743981;0.177285;0.191927;0.215099;0.0789975;0.169747;0.229622;0.161132;0.201355;0.217018;0.161099;0.167604;0.270331;0.857295;0.398529;1;0.980887;1;1;
5;0.0449124;0.0227161;0.0295703;-0.0140766;-0.00379226;-0.0688513;0.182564;0.195302;0.217303;0.111282;0.167634;0.226502;0.166718;0.200745;0.207197;0.101997;0.161084;0.273131;0.88507;0.455073;1;0.716705;1;1;
6;0.0475373;0.0252962;0.0318199;-0.0113981;-0.00140857;-0.0664587;0.176341;0.189996;0.21071;0.117868;0.172297;0.230974;0.158197;0.190114;0.198389;0.105891;0.167725;0.277475;0.903848;0.456047;1;0.682911;1;1;
7;0.0477538;0.0254056;0.0319793;-0.0110345;-0.00112442;-0.0658841;0.17157;0.186445;0.204885;0.120597;0.174537;0.23326;0.154979;0.18438;0.195384;0.108255;0.170486;0.277899;0.89879;0.450378;1;0.67841;1;1;
8;0.0466019;0.0241448;0.0309403;-0.0110604;-0.00110423;-0.0656892;0.169468;0.185383;0.201527;0.120741;0.173786;0.232824;0.155557;0.182325;0.195358;0.106938;0.170296;0.275268;0.887176;0.43582;1;0.663946;1;1;
9;0.045587;0.0230833;0.0300452;-0.0104561;-0.00030688;-0.0649298;0.168183;0.185334;0.199365;0.120613;0.172738;0.232325;0.157249;0.181052;0.195575;0.103846;0.168875;0.270996;0.889327;0.413319;1;0.635984;1;1;
10;0.0449446;0.0225667;0.0295241;-0.00848501;0.0019535;-0.0627827;0.166501;0.185859;0.198799;0.121277;0.171555;0.233096;0.158664;0.177972;0.192144;0.100367;0.169127;0.267398;0.874195;0.396191;1;0.606415;1;1;
11;0.0440454;0.021619;0.0285387;-0.00693403;0.00303182;-0.0614033;0.164318;0.185258;0.195314;0.122744;0.170475;0.233881;0.159325;0.175056;0.191353;0.0965674;0.170479;0.264666;0.874756;0.372397;1;0.602587;1;0.992443;
12;0.0425146;0.020424;0.0271126;-0.00490692;0.0045905;-0.0593921;0.161762;0.184412;0.192397;0.123939;0.169851;0.234815;0.160394;0.17197;0.188783;0.0930466;0.171741;0.263032;0.865413;0.354092;1;0.610499;1;0.960862;
13;0.0395072;0.0177917;0.0241879;-0.00251095;0.00625215;-0.0570696;0.160175;0.183253;0.190251;0.123708;0.16907;0.234395;0.162097;0.170262;0.185253;0.0896063;0.172113;0.263131;0.810769;0.346555;1;0.651096;1;0.917111;
14;0.0356555;0.0146831;0.0204096;0.00156726;0.00940339;-0.0533417;0.161385;0.181776;0.190867;0.120489;0.16787;0.230683;0.163928;0.171402;0.179573;0.0865186;0.170438;0.26585;0.860258;0.386395;1;0.728143;1;0.902947;
15;0.0316089;0.0117684;0.0162882;0.00742791;0.0139139;-0.0484124;0.167963;0.178204;0.19534;0.112517;0.166614;0.222548;0.163043;0.17831;0.171731;0.0857763;0.165411;0.271094;0.663943;0.513879;1;0.879827;1;0.918796;
16;0.0172262;0.00688336;0.0103107;0.0178908;0.024437;-0.0378832;0.171764;0.167869;0.205103;0.0910091;0.166095;0.212842;0.139845;0.197514;0.157302;0.0935984;0.153864;0.278917;0.479635;0.612627;1;1;0.985055;1;
17;0.000416441;0.0134712;0.0140608;0.0537622;0.0302352;-0.0061635;0.189004;0.160798;0.236402;0.0581919;0.173533;0.194831;0.115954;0.246414;0.141329;0.0785897;0.0987556;0.270507;0.388039;0.711283;1;1;0.7199;1;
18;-0.0396178;0.0277615;0.0250359;0.098138;-0.0490817;0.0357731;0.212704;0.159995;0.279835;-0.00831936;0.16778;0.145801;0.0722506;0.296576;0.119292;0.102771;0.0576741;0.295637;0.504832;0.893536;1;0.998698;0.4899;1;
19;-0.0640658;0.0180632;0.0156092;0.117814;-0.0894208;0.0476062;0.238604;0.149097;0.306226;-0.0458958;0.185766;0.11272;0.0421993;0.3306;0.0964225;0.118759;0.0336808;0.322526;0.147942;1;0.895701;1;0;1;
20;-0.0656616;0.0187263;0.0056887;0.0869599;-0.0950152;0.018344;0.255985;0.141884;0.318106;-0.065406;0.210611;0.0868364;0.0246466;0.35838;0.085379;0.134561;0.0196688;0.299903;0.325275;1;0.654017;0.912043;0;1;
21;-0.00566305;0.0789648;-0.00890105;0.0609234;-0.0677115;-0.0154013;0.278005;0.145616;0.2921;-0.076594;0.229318;0.0208744;0.0105022;0.415469;0.0498644;0.140076;0.0114861;0.243608;1;0.343242;0.778752;0.807447;0;1;
22;-0.0342709;0.0445776;0.0267777;0.00360442;-0.00756759;-0.0695705;0.269663;0.129343;0.27798;-0.0649815;0.238939;0.0333635;-0.020938;0.388323;0.0291238;0.16164;0.00670707;0.249042;1;0.689317;0.949275;0.869482;0;1;
23;-0.047968;0.0307816;0.0982898;-0.0805252;0.0782317;-0.139341;0.263733;0.133141;0.261804;-0.0537195;0.227336;0.0251122;-0.0238923;0.389432;0.0170101;0.165094;0.00391639;0.215779;1;0.351637;0.643466;0.655204;0;1;
24;0.0146744;0.0310597;0.174652;-0.12425;0.162939;-0.199636;0.27243;0.124244;0.241594;-0.0495375;0.196628;-0.0186886;-0.0149664;0.36453;0.0313108;0.140134;0.00228663;0.128122;1;0.261963;0;0.582987;0;1;
25;0.0279574;-0.0198544;0.231269;-0.165438;0.224429;-0.249259;0.237249;0.110238;0.214335;-0.020538;0.183322;-0.0160411;-0.00458353;0.283377;0.0182847;0.136861;0.00133495;0.102109;1;0.0840088;0;0.628875;0;1;
26;0.0156065;-0.0607164;0.266255;-0.192323;0.26226;-0.280261;0.192898;0.0975175;0.179506;0.0223236;0.161394;0.0252372;-0.00266007;0.222298;0.0106778;0.140043;0.000779098;0.0929488;1;0.0848048;0;0.595684;0;1;
27;0.132373;-0.131398;0.285487;-0.199759;0.283154;-0.321701;0.174256;0.0567913;0.135292;0.0317182;0.124715;-0.0136256;0.0431112;0.129834;0.00623565;0.100125;0.000454376;-0.0275548;1;0;0;0.541859;0;1;
28;0.20365;-0.192652;0.293903;-0.208774;0.293249;-0.344857;0.115654;0.0429266;0.0770869;0.0903281;0.070915;-0.0156603;0.0582794;0.0758245;0.00364099;0.090626;0.0475642;-0.0576029;1;0;0;0.181276;0.441968;1;
29;0.236323;-0.234621;0.296804;-0.244036;0.271014;-0.323514;0.0323022;0.0693494;0.000735226;0.0970322;0.0480383;0.0351333;0.0709467;0.0442806;0.00212594;0.0529252;0.16147;-0.053363;1;0;0;0.0875267;0.0875119;1;
30;0.19433;-0.24983;0.294201;-0.255328;0.246012;-0.321758;-0.0374593;0.125571;-0.0846424;0.141738;0.0203285;0.105589;0.105459;0.0258593;0.00431112;0.0309077;0.20168;-0.0542924;1;0;0.602771;0;0.650028;1;
31;0.15945;-0.243558;0.269473;-0.246769;0.230707;-0.306343;-0.0867319;0.179691;-0.155785;0.189133;0.0338723;0.168019;0.122907;0.0151014;0.0156824;0.0180495;0.23199;-0.0459345;0.999694;0;1;0;0.855377;0.950067;
32;0.154774;-0.220236;0.235367;-0.222112;0.120589;-0.26347;-0.118963;0.217;-0.145623;0.222513;0.0211741;0.210183;0.122317;0.00881872;0.0612019;0.0105404;0.208716;-0.0270169;0.718452;0;1;0;1;0.277161;
33;0.133679;-0.182791;0.191626;-0.183886;0.0393605;-0.208038;-0.112673;0.239027;-0.120453;0.242247;-0.00332551;0.235046;0.122289;0.00514938;0.0945658;0.00615504;0.183041;-0.0157779;0.710196;0;1;0;1;0;
34;0.0862763;-0.129985;0.135151;-0.130624;0.0161523;-0.144729;-0.123816;0.250312;-0.153752;0.252193;0.0161084;0.247988;0.102494;0.00300663;0.0600695;0.00359406;0.202243;-0.00921467;0.789928;0;1;0;1;0;
35;0.0244746;-0.0568793;0.0599112;-0.0572522;-0.00960527;-0.0654895;-0.09664;0.247501;-0.145388;0.2473;-0.00278664;0.246368;0.125575;0.00175528;0.0682195;0.00209836;0.173634;-0.00538182;0.838134;0;1;0;1;0;
36;-0.0562034;0.037264;-0.0354763;0.0370463;-0.0760938;0.0322356;-0.0882665;0.231812;-0.153296;0.235192;0.00915066;0.234247;0.109301;0.00102438;0.0541327;0.00122509;0.174772;-0.00314331;0.9515;0;1;0;1;0;
37;-0.144064;0.132994;-0.131936;0.132866;-0.15567;0.130057;-0.0661983;0.20622;-0.137092;0.201732;0.0208459;0.20513;0.102965;0.000597727;0.0456486;0.000714987;0.162697;-0.00183622;1;0;1;0;1;0;
38;-0.211941;0.20548;-0.20486;0.205405;-0.218722;0.203765;-0.0313041;0.198396;-0.115258;0.192816;0.0324359;0.19776;0.103235;0.000348454;0.0481106;0.000417164;0.140108;-0.00107269;1;0;0.966401;0;1;0;
39;-0.254301;0.251223;-0.250865;0.251179;-0.258958;0.250221;-0.00137909;0.175814;-0.089077;0.172555;0.0543657;0.175442;0.0865999;0.000202969;0.0281023;0.000243196;0.120587;-0.000626847;1;0;0.904858;0;1;0;
40;-0.27163;0.27724;-0.277029;0.267233;-0.27682;0.273152;0.0439001;0.140399;-0.0509757;0.138496;0.0494985;0.140183;0.0937531;0.000118046;0.0164116;-0.0206099;0.085568;0.00339979;1;0;1;0.520853;1;0.200021;
41;-0.270416;0.285554;-0.271178;0.273493;-0.287756;0.282378;0.0896871;0.0900481;-0.00556126;0.0889396;0.0427265;0.0899242;0.0847346;0.0389098;-0.0016469;-0.00798847;0.0499802;0.022373;0.844223;0.322021;1;0.848477;0.780134;0.623756;
42;-0.280523;0.267666;-0.280165;0.255082;-0.291879;0.265255;0.121058;0.0628548;0.0286839;0.0200193;0.056882;0.0272861;0.0494915;0.0847093;-0.0172382;0.0591041;0.0291871;0.0686671;0;1;0.810017;0.83145;0;1;
43;-0.279762;0.220146;-0.283264;0.24884;-0.286394;0.255935;0.145995;0.0597763;0.0920491;-0.063594;0.108516;-0.0562061;0.0289026;0.177119;-0.0110045;0.0636965;0.0170449;0.0652815;0.223363;1;0.24247;0.59219;0;1;
44;-0.265754;0.176958;-0.267799;0.202271;-0.269627;0.209938;0.187855;0.0410419;0.156351;-0.11596;0.165967;-0.112777;0.0168786;0.216815;-0.00642707;0.0945379;0.00995378;0.088741;0;1;0;0.696036;0;1;
45;-0.238975;0.137366;-0.24017;0.16504;-0.241237;0.17309;0.221041;0.0318255;0.202643;-0.130456;0.208259;-0.126252;0.00985643;0.222431;-0.00375385;0.0955247;0.00581248;0.0962055;0;1;0;0.825356;0;1;
46;-0.200833;0.107066;-0.20153;0.14609;-0.202154;0.152974;0.241569;0.026657;0.230825;-0.138951;0.234104;-0.115804;0.00575559;0.216602;-0.00219267;0.0994053;0.00339393;0.0897691;0;1;0;0.703117;0;1;
47;-0.150006;0.0852278;-0.150413;0.118032;-0.150777;0.122056;0.252359;0.0245963;0.246084;-0.13783;0.247999;-0.123762;0.00336075;0.21241;-0.00128099;0.0957788;0.00198143;0.092283;0;1;0;0.825535;0;1;
48;-0.0814825;0.0436493;-0.0817204;0.0628041;-0.0819331;0.0651623;0.248129;0.0211332;0.24867;-0.129323;0.249126;-0.123791;0.00196211;0.199712;-0.000748621;0.0896506;0.00115658;0.0906035;0;1;0;0.881503;0;1;
49;0.00864858;-0.0307421;0.00850963;-0.0195617;0.00838562;-0.018176;0.238751;0.0196871;0.239883;-0.120765;0.238467;-0.118829;0.00114537;0.192817;-0.000437687;0.0803134;0.000674854;0.0871107;0;1;0;0.979034;0;1;
50;0.107505;-0.120403;0.107424;-0.113883;0.107352;-0.113065;0.218981;0.0278911;0.212088;-0.10387;0.21452;-0.106052;0.000668407;0.178345;-0.000256104;0.0752123;0.000393547;0.090563;0;1;0;1;0;0.967104;
51;0.187952;-0.195477;0.187905;-0.191679;0.187863;-0.191195;0.206108;0.0320301;0.182096;-0.0721394;0.176695;-0.0779339;0.000389897;0.167302;-0.000149802;0.0715907;0.000229389;0.0881393;0;1;0;1;0;0.832474;
52;0.23576;-0.242998;0.240647;-0.242851;0.240623;-0.242568;0.185608;0.0570231;0.171585;-0.0431956;0.166825;-0.0536648;-0.000607561;0.136701;-8.8051e-05;0.0646172;0.000133433;0.079482;0.170312;1;0;1;0;0.781338;
53;0.264878;-0.241115;0.271458;-0.264984;0.271443;-0.272583;0.152817;0.0500064;0.144626;0.00313469;0.141847;-0.0148167;-0.0221931;0.104127;-5.1806e-05;0.070989;7.74686e-05;0.049101;0.905115;1;0;1;0;1;
54;0.253719;-0.267643;0.287477;-0.281551;0.287469;-0.287914;0.106445;0.0559227;0.101655;0.0478605;0.100032;0.0333709;-0.0129609;0.064407;-3.06946e-05;0.0632186;4.48782e-05;0.0286772;1;0.711945;0;0.830581;0;1;
55;0.251715;-0.280163;0.292994;-0.288945;0.282952;-0.290902;0.0422118;0.0629488;0.0394026;0.0707234;0.0384635;0.0820407;0.0434942;0.0376119;0.0113149;0.0369203;0.0660301;-0.00839992;1;0.546529;0.261874;0;0.663077;1;
56;0.249738;-0.282224;0.289826;-0.287353;0.244353;-0.302064;-0.0341919;0.100905;-0.0411204;0.105446;0.0204817;0.112062;0.0799468;0.0219647;0.0671985;0.0215609;0.130442;0.00817576;1;0;1;0;0.909056;1;
57;0.230084;-0.271523;0.275082;-0.274518;0.20927;-0.284689;-0.101214;0.156273;-0.107787;0.158925;0.0231277;0.162795;0.0977939;0.012827;0.0709202;0.0125911;0.187532;0.0223323;0.967729;0;1;0;1;0.506625;
58;0.217277;-0.247848;0.249788;-0.249597;0.13835;-0.255536;-0.138413;0.201349;-0.125782;0.202898;0.0208405;0.205158;0.0909748;0.00749045;0.077696;0.00735258;0.204758;0.0130417;0.924233;0;1;0;1;0;
59;0.188299;-0.212668;0.213802;-0.213689;0.115264;-0.217157;-0.131241;0.230095;-0.119035;0.231;0.00152329;0.232319;0.105203;0.00437381;0.0893067;0.00429346;0.189654;0.00761584;0.826296;0;1;0;1;0;
60;0.149777;-0.165613;0.166282;-0.16621;0.038448;-0.168235;-0.146815;0.246125;-0.128661;0.246653;0.00600512;0.247424;0.086236;0.00255364;0.0905709;0.00250693;0.189816;0.00444719;0.852911;0;1;0;1;0;
61;0.0903898;-0.102547;0.10295;-0.102895;0.00912359;-0.104078;-0.1384;0.250473;-0.133829;0.25325;3.09752e-06;0.253487;0.0958014;0.00149077;0.0853481;0.00146353;0.177786;0.00259661;0.884655;0;1;0;1;0;
62;0.0109968;-0.0181134;0.0183659;-0.0183163;-0.0364475;-0.0190072;-0.117411;0.241636;-0.135041;0.243192;-0.00462196;0.245089;0.0911958;0.000869938;0.0741116;0.000854253;0.168646;0.00151597;0.989676;0;1;0;1;0;
63;-0.0852384;0.0810662;-0.0809015;0.0809477;-0.112927;0.0805441;-0.104212;0.221785;-0.135033;0.223969;0.00683753;0.220393;0.0842586;0.000507458;0.0659196;0.000498416;0.162508;0.000884832;1;0;1;0;1;0;
64;-0.171044;0.168596;-0.168486;0.168526;-0.187197;0.168291;-0.0725531;0.200421;-0.115839;0.217302;0.0153151;0.190903;0.0949233;0.000295932;0.0726428;0.000290678;0.135577;0.000516398;1;0;1;0;1;0;
65;-0.23011;0.228675;-0.228604;0.228635;-0.239534;0.228497;-0.0340831;0.187315;-0.0870402;0.197173;0.0298498;0.181756;0.0799275;0.000172139;0.0543432;0.00016936;0.119472;0.000301145;1;0;0.960269;0;1;0;
66;-0.265565;0.264727;-0.264682;0.264703;-0.271066;0.264622;-0.0010732;0.160032;-0.0617739;0.165789;0.0509687;0.156786;0.0661004;0.000100034;0.0377088;9.84724e-05;0.0925715;0.000175454;1;0;0.922275;0;1;0;
67;-0.281085;0.280777;-0.284212;0.275952;-0.287939;0.284176;0.0408335;0.119015;-0.022543;0.122379;0.0534697;0.117118;0.0695388;0.0068134;0.022022;0.0033449;0.0540744;0.000102129;1;0.17943;1;0.356927;1;0;
68;-0.283304;0.276488;-0.283571;0.273794;-0.295994;0.290547;0.0668135;0.0829538;-0.00224861;0.0666703;0.0617644;0.0597468;0.0406183;0.0654098;0.0110984;0.0579379;0.0315826;0.0342445;0.358211;1;1;0.593183;0.797247;0.884535;
69;-0.286322;0.22804;-0.299624;0.268321;-0.295663;0.284431;0.0911175;0.0727717;0.0507902;-0.0131492;0.0881683;-0.0171914;0.0237204;0.139625;0.0176146;0.0719858;0.0152437;0.0580997;0;1;0.661341;0.540882;0;1;
70;-0.277808;0.18753;-0.285577;0.228359;-0.283263;0.24599;0.143598;0.0583836;0.120046;-0.0864747;0.141875;-0.0952042;0.0138522;0.205577;0.0102862;0.104573;0.00890194;0.0704649;0;1;0;0.361643;0;1;
71;-0.256747;0.147427;-0.261284;0.182015;-0.259933;0.200046;0.191966;0.0441719;0.178212;-0.108084;0.19096;-0.131053;0.00808911;0.231255;0.0060066;0.103412;0.00519831;0.0790392;0;1;0;0.571936;0;1;
72;-0.224143;0.116099;-0.226793;0.148875;-0.226003;0.164172;0.22443;0.0315891;0.216398;-0.114936;0.223843;-0.132194;0.00472357;0.221272;0.00350738;0.118177;0.00303523;0.0911319;0;1;0;0.488588;0;1;
73;-0.180324;0.0618943;-0.181871;0.134842;-0.18141;0.145296;0.243187;0.0341134;0.238496;-0.129717;0.242844;-0.127608;0.00275798;0.225247;0.00204781;0.0999389;0.00177202;0.0859699;0;1;0;0.626386;0;1;
74;-0.122105;0.0327893;-0.123009;0.0955386;-0.12274;0.101652;0.252337;0.0246185;0.249597;-0.120794;0.252137;-0.123065;0.00161012;0.215223;0.00119534;0.100771;0.00103432;0.0837712;0;1;0;0.634112;0;1;
75;-0.0436818;-0.00848154;-0.0442096;0.0281604;-0.0440526;0.0317428;0.247401;0.0261199;0.246164;-0.113528;0.244771;-0.131779;0.000939796;0.2039;0.000697592;0.100151;0.000603431;0.0823805;0;1;0;0.676013;0;1;
76;0.0535745;-0.0840365;0.0532663;-0.0626429;0.0533581;-0.060542;0.229202;0.0313919;0.231157;-0.101318;0.226961;-0.128108;0.000548311;0.195771;0.000406851;0.0921578;0.00035187;0.0780045;0;1;0;0.772879;0;1;
77;0.146998;-0.164784;0.146818;-0.152289;0.146872;-0.151068;0.202032;0.0407311;0.200808;-0.0724024;0.200573;-0.107017;0.000319724;0.172898;0.000237133;0.0917937;0.000204951;0.0795999;0;1;0;0.836363;0;1;
78;0.214821;-0.225204;0.214716;-0.217903;0.214747;-0.217201;0.193046;0.0576413;0.192331;-0.045456;0.192193;-0.0851113;0.000186275;0.163147;0.00013802;0.0805587;0.000119168;0.0691636;0;1;0;0.888819;0;1;
79;0.256729;-0.26279;0.256668;-0.257607;0.256686;-0.258124;0.169195;0.0731289;0.168778;-0.00820411;0.168697;-0.0553673;0.000108322;0.135858;8.01388e-05;0.0710355;6.91286e-05;0.0571881;0;1;0;0.919622;0;1;
80;0.280146;-0.283685;0.28011;-0.275719;0.280121;-0.280965;0.132022;0.0930404;0.131779;0.0353279;0.131732;-0.0203443;6.28463e-05;0.092372;4.63829e-05;0.0558104;3.99296e-05;0.0382614;0;1;0;0.914221;0;1;
81;0.287458;-0.298249;0.289859;-0.28052;0.2815;-0.289059;0.0789577;0.0951492;0.0788128;0.0757689;0.0787884;0.0203633;0.0154368;0.0546706;0.0129658;0.0508947;0.0407821;0.0223425;0.757707;1;0.343338;0.487836;0.418254;1;
82;0.280381;-0.317329;0.284205;-0.286264;0.261961;-0.294394;0.00641571;0.0941159;0.0116681;0.104545;0.0507359;0.0516034;0.0744958;0.0319276;0.0680548;0.0297247;0.0987749;0.0142508;0.936623;0.100816;1;0.22291;0.843665;1;
83;0.239153;-0.299339;0.242131;-0.281197;0.199532;-0.286631;-0.0778925;0.136617;-0.0748202;0.142708;0.0516877;0.111791;0.0884504;0.0186452;0.0603758;0.0173586;0.166443;0.00832217;0.619992;0;1;0;1;0.401288;
84;0.201109;-0.27425;0.206229;-0.263655;0.160193;-0.266829;-0.113334;0.18491;-0.12458;0.188467;0.0312581;0.170412;0.0983417;0.0108882;0.0844672;0.0101369;0.208595;0.00485969;0.910948;0;1;0;1;0;
85;0.165312;-0.240323;0.169858;-0.234136;0.134392;-0.235989;-0.120475;0.21983;-0.130934;0.221907;0.0183918;0.211363;0.11251;0.0063581;0.0940029;0.00591948;0.204482;0.00283758;0.757962;0;1;0;1;0;
86;0.152499;-0.197195;0.151551;-0.193581;0.0757641;-0.194664;-0.135323;0.240762;-0.122961;0.241976;0.0182326;0.235818;0.0959823;0.0037125;0.0906321;0.00345646;0.20613;0.00165673;0.868765;0;1;0;1;0;
87;0.115888;-0.141991;0.115332;-0.139881;0.0368743;-0.140513;-0.132926;0.251544;-0.119979;0.252253;0.0118667;0.248657;0.0912856;0.00216749;0.0912463;0.00201807;0.199227;0.000967015;0.906152;0;1;0;1;0;
88;0.0535092;-0.0687575;0.0531895;-0.0675248;0.00736679;-0.067894;-0.122258;0.249987;-0.125713;0.250183;0.00853096;0.249192;0.0941072;0.00126516;0.0866722;0.00117807;0.18765;0.000564287;0.989584;0;1;0;1;0;
89;-0.0340459;0.0251383;-0.0342277;0.0258582;-0.0609896;0.0256426;-0.112815;0.231185;-0.128639;0.234439;0.0129039;0.236343;0.0886342;0.000738233;0.083891;0.00068753;0.178677;0.000329066;1;0;1;0;1;0;
90;-0.12812;0.12292;-0.128228;0.12334;-0.143854;0.123214;-0.0885079;0.20942;-0.113186;0.21297;0.0185477;0.210176;0.0885373;0.000430525;0.0849754;0.000401091;0.161699;0.000191731;1;0;0.99271;0;1;0;
91;-0.201779;0.198749;-0.201852;0.198994;-0.210971;0.198921;-0.0602911;0.200878;-0.0914616;0.203991;0.0354589;0.202359;0.0785126;0.000250868;0.0747084;0.000233846;0.14737;0.000111578;0.998927;0;0.916554;0;1;0;
92;-0.243178;0.247214;-0.249032;0.234433;-0.24018;0.247314;-0.0197749;0.179246;-0.0590542;0.181064;0.0392634;0.180111;0.0831991;0.000145998;0.0590138;-0.0188143;0.119183;6.47617e-05;1;0;1;0.332236;1;0;
93;-0.263883;0.275058;-0.276121;0.233816;-0.257248;0.275116;0.0159887;0.144933;-0.0226685;0.145997;0.0425187;0.145439;0.0790449;8.47781e-05;0.0344693;-0.0156733;0.0939348;3.74266e-05;0.790581;0;1;0.872084;1;0;
94;-0.275872;0.289083;-0.28865;0.23481;-0.276705;0.289117;0.0651275;0.0961581;0.0235977;0.0967857;0.0403555;0.0964529;0.0768925;4.91116e-05;0.0201263;-0.0122464;0.0548688;2.14789e-05;0.530121;0;1;1;0.565762;0;
95;-0.285421;0.276863;-0.293548;0.24306;-0.285228;0.299135;0.075664;0.0354677;0.0815243;0.0290792;0.0483257;0.028872;0.044905;0.085083;-0.0358467;0.0420537;0.0320391;0.018483;0;0.627478;1;1;0.22593;0.436738;
96;-0.283658;0.24048;-0.301564;0.238183;-0.28488;0.2948;0.11551;0.0235291;0.118938;-0.049527;0.099544;-0.0544489;0.0262238;0.14753;-0.0222485;0.0801549;0.0187104;0.0671756;0;0.81705;1;1;0;1;
97;-0.269674;0.216144;-0.287491;0.215447;-0.270388;0.276179;0.168304;0.0308206;0.170311;-0.112649;0.15898;-0.12499;0.0153141;0.200359;0.00204477;0.101891;0.0109265;0.0655645;0;1;0.632276;0.709276;0;1;
98;-0.243325;0.126514;-0.25373;0.197235;-0.243741;0.246242;0.209234;0.0232856;0.210406;-0.144635;0.203789;-0.131657;0.00894282;0.211889;0.00119383;0.0835816;0.00638062;0.0754898;0;1;0.251648;0.803008;0;1;
