1;-0.000363588;0.000116064;9.94838e-05;-0.000363588;0.000116065;9.94839e-05;0.0349769;0.0347456;0.0352595;0.0349769;0.0347456;0.0352594;0.808667;0.808665;0.808666;0.808667;0.808665;0.808666;0;0;0;0;0;0;
2;-0.0181401;-0.0153688;-0.0121075;-0.0114997;-0.00374336;-0.00414739;0.104478;0.0801074;0.111421;0.0760061;0.100969;0.129114;0.472363;0.472318;0.472363;0.472314;0.47233;0.47239;1;1;1;1;1;1;
3;0.0388873;0.0118666;0.0141807;-0.0061374;-0.00642713;-0.00568491;0.103478;0.0560399;0.0710599;0.124439;0.121161;0.0877881;0.275885;0.275843;0.275869;0.275861;0.275862;0.275889;1;0;0;0.811116;0.173317;0.854305;
4;0.0349737;0.00439572;0.0106192;-0.0151383;-0.0208148;-0.0184743;0.201383;0.14339;0.130286;0.185016;0.165706;0.147223;0.182624;0.161114;0.161125;0.169182;0.179508;0.161136;1;0.661043;1;0.84572;0.300273;1;
5;0.0334911;0.000274854;0.00704718;-0.008889;-0.0155008;-0.0139574;0.183933;0.141024;0.141085;0.190084;0.17409;0.169343;0.194352;0.149498;0.128445;0.166506;0.177383;0.14861;1;0.490014;1;0.823356;0.379233;1;
6;0.0332439;0.000410694;0.00713976;-0.00901465;-0.0154933;-0.0139938;0.18734;0.14672;0.144826;0.186635;0.169866;0.164508;0.199026;0.151595;0.133565;0.157714;0.168807;0.141491;1;0.473828;1;0.842972;0.40489;1;
7;0.0332567;0.000727947;0.00737653;-0.00893957;-0.015279;-0.0138533;0.188915;0.148948;0.146247;0.182367;0.165722;0.160811;0.201359;0.153386;0.137039;0.154583;0.164909;0.137834;1;0.453475;1;0.83161;0.413314;1;
8;0.0329218;0.000441892;0.00714811;-0.0086078;-0.0148487;-0.0135065;0.186571;0.147655;0.144116;0.182039;0.164625;0.161603;0.199906;0.150933;0.135854;0.155014;0.165992;0.137768;1;0.430161;1;0.814142;0.432327;1;
9;0.0320746;-0.000440198;0.00641428;-0.00816976;-0.0143425;-0.0130517;0.183276;0.146442;0.141175;0.183508;0.164438;0.163716;0.198299;0.146863;0.133709;0.154547;0.167546;0.138052;1;0.401641;1;0.802033;0.459399;1;
10;0.0303267;-0.00216225;0.00482549;-0.00806673;-0.0141943;-0.0128314;0.180202;0.146256;0.138414;0.184807;0.163297;0.165624;0.198679;0.143503;0.13294;0.152072;0.168363;0.136994;1;0.369747;1;0.792079;0.498452;0.9795;
11;0.0293993;-0.00288098;0.00389126;-0.00746418;-0.013886;-0.0122775;0.177793;0.146325;0.13612;0.18564;0.161412;0.166935;0.199014;0.140658;0.132775;0.149663;0.169288;0.135497;1;0.33475;1;0.780013;0.543243;0.936642;
12;0.0281423;-0.00376113;0.00263979;-0.00526809;-0.0118446;-0.0101059;0.175265;0.145962;0.134083;0.185949;0.159182;0.168789;0.201039;0.13731;0.131142;0.146753;0.170608;0.134464;1;0.320495;1;0.77434;0.592959;0.86925;
13;0.0255157;-0.00612696;-0.000138307;-0.00305011;-0.0103482;-0.00806703;0.172452;0.142996;0.131822;0.186337;0.158797;0.170211;0.203906;0.132454;0.128845;0.143189;0.169727;0.13477;1;0.373795;1;0.795096;0.604155;0.804239;
14;0.0222546;-0.00856331;-0.00348178;0.000392113;-0.00778742;-0.00472092;0.17451;0.143503;0.134219;0.183281;0.157698;0.166488;0.205281;0.132384;0.123282;0.139469;0.166379;0.139003;1;0.395642;1;0.831558;0.579463;0.769886;
15;0.0185488;-0.0111853;-0.00741127;0.00532575;-0.00423165;-0.000101301;0.181164;0.139463;0.140121;0.176759;0.159056;0.158787;0.204087;0.1398;0.114158;0.137239;0.158279;0.147318;1;0.522722;1;0.926814;0.461862;0.764527;
16;0.0170474;-0.0110646;-0.00940444;0.0151696;-0.00905447;0.00901443;0.189911;0.13233;0.154467;0.157491;0.156986;0.142483;0.205274;0.153933;0.0963911;0.14585;0.129869;0.164398;1;0.729576;1;0.968899;0.404763;0.700745;
17;0.0116453;-0.0140503;-0.0147114;0.0482241;-0.0514477;0.0494888;0.214832;0.118615;0.147394;0.127648;0.146591;0.0919823;0.171453;0.143828;0.0562976;0.184262;0.0758536;0.209387;0.714342;1;1;0.956571;0.477917;0.417249;
18;0.0100953;0.00442987;-7.6669e-05;0.0821967;-0.096783;0.0827159;0.251314;0.11212;0.205978;0.0761003;0.129284;0.0626301;0.151544;0.218738;0.0413238;0.172187;0.0442981;0.190481;0.46672;1;1;0.819375;0;0.748104;
19;-0.0273431;-0.014994;-0.0177709;0.0987494;-0.117278;0.098799;0.290475;0.12383;0.264601;-0.00556084;0.163284;0.015266;0.0986185;0.296497;0.0441086;0.166747;0.0258697;0.179696;0.814824;0.974317;0.871855;0.809373;0;1;
20;-0.00480002;0.0116369;-0.0471547;0.0687949;-0.111283;0.0717059;0.31684;0.11064;0.258961;-0.018807;0.197481;-0.0265747;0.0577934;0.330498;0.0257613;0.190104;0.0151071;0.172495;0.984605;0.96261;0.607849;0.801578;0;1;
21;-0.00530449;0.00909651;-0.0484592;0.0523945;-0.0772117;0.0540986;0.312099;0.104244;0.262213;-0.0205647;0.22165;-0.0264329;0.039031;0.318705;0.0150455;0.210625;0.00882194;0.174407;1;1;0.465634;0.703818;0;1;
22;-0.0190174;-0.00966486;0.00367412;-0.00137448;-0.0131155;-0.000382974;0.314813;0.10004;0.255943;-0.0195374;0.234462;-0.0381263;0.0310044;0.334582;0.0126841;0.209745;0.00515138;0.149784;1;0.853073;0;0.675348;0;1;
23;-0.0404248;-0.036358;0.0847974;-0.0820657;0.0749918;-0.0828808;0.313403;0.100799;0.248931;-0.00991551;0.228809;-0.0487414;0.018111;0.340367;0.00740694;0.216975;0.00300779;0.126001;1;0.53458;0;0.576286;0;1;
24;-0.0111662;-0.0456531;0.166775;-0.148853;0.161047;-0.165658;0.303948;0.0893553;0.234076;0.00531025;0.195031;-0.0786906;0.0266906;0.299457;0.00432523;0.20576;0.00175586;0.0721877;1;0;0;0.592139;0;1;
25;0.0457898;-0.05562;0.226669;-0.187845;0.223324;-0.226017;0.267989;0.0576075;0.209944;0.0345933;0.18611;-0.109529;0.0384982;0.248059;0.00252537;0.197998;0.00102497;0.0358641;1;0.636527;0;0.584148;0;1;
26;0.0715875;-0.0965505;0.263568;-0.207257;0.261615;-0.263186;0.231745;0.0452201;0.176941;0.0610725;0.163022;-0.0816591;0.0553788;0.175066;0.00147419;0.190288;0.000598186;-0.025141;1;0.361701;0;0.550841;0;1;
27;0.0885558;-0.144276;0.283918;-0.218721;0.28061;-0.283385;0.195181;0.0310419;0.133794;0.0941047;0.125668;-0.0520702;0.0752239;0.116184;0.000860677;0.171535;0.00546857;-0.0700815;1;0.149028;0;0.486425;0.525546;1;
28;0.172501;-0.203534;0.292987;-0.235427;0.272608;-0.290333;0.133419;0.0246894;0.0762124;0.10758;0.0870622;-0.0542252;0.0838397;0.0678515;0.000502189;0.123834;0.0883065;-0.108393;1;0;0;0;0.692539;1;
29;0.209842;-0.240977;0.289304;-0.257529;0.223944;-0.301848;0.0337894;0.0586988;0.000224984;0.132063;0.0765721;0.012603;0.0864072;0.0396245;0.00029288;0.0723213;0.191258;-0.125601;1;0;0;0.316373;0.504141;1;
30;0.157412;-0.253541;0.280582;-0.263208;0.211249;-0.289093;-0.0208245;0.119351;-0.0849415;0.162196;0.059729;0.0924192;0.116415;0.0231402;0.00149726;0.0422351;0.254783;-0.135342;1;0;0.48866;0.127242;0.903645;1;
31;0.136051;-0.245725;0.261517;-0.25137;0.197699;-0.273942;-0.0764258;0.176058;-0.155962;0.201081;0.0748201;0.160317;0.135751;0.0135134;0.00692837;0.0246653;0.296061;-0.128813;1;0;1;0.20378;1;1;
32;0.0975455;-0.221502;0.230726;-0.224799;0.199918;-0.256289;-0.0891772;0.214878;-0.203137;0.229492;0.089788;0.183002;0.140193;0.00789127;0.0110033;0.0144042;0.302235;-0.0963109;1;0;1;0.209997;1;0.884023;
33;0.0993323;-0.18353;0.188915;-0.185456;0.0955706;-0.207064;-0.0711789;0.237788;-0.125959;0.246322;0.0293812;0.21917;0.172905;0.00460805;0.089753;0.00841155;0.225565;-0.0562494;1;0;1;0;1;0;
34;0.0628052;-0.130417;0.133566;-0.131541;-0.0602855;-0.14416;-0.0947349;0.249589;-0.11398;0.254309;0.0394507;0.238717;0.121816;0.00269023;0.106519;0.00491191;0.226153;-0.0328492;1;0;1;0;1;0;
35;-0.00601692;-0.0571318;0.0589837;-0.0577879;-0.0598057;-0.0651571;-0.088279;0.249395;-0.137408;0.249267;0.0491335;0.247141;0.127501;0.00157066;0.0704852;0.00286789;0.232363;-0.0191843;1;0;1;0;1;0;
36;-0.0826762;0.0371163;-0.0360132;0.0367335;-0.105409;0.0324298;-0.0548285;0.229115;-0.13013;0.234178;0.0385535;0.23367;0.147807;0.000916572;0.0785323;0.00167445;0.206395;-0.0112039;1;0;1;0;1;0;
37;-0.161984;0.132907;-0.132239;0.132684;-0.172787;0.13017;-0.0447208;0.207596;-0.128105;0.205125;0.0664646;0.205777;0.127844;0.000534711;0.0539156;0.00097752;0.21193;-0.00654351;1;0;1;0.0573597;1;0;
38;-0.222428;0.205429;-0.200262;0.205299;-0.228713;0.203831;0.000316741;0.1992;-0.095373;0.197759;0.0643296;0.198137;0.141752;0.000311761;0.0581617;0.000571477;0.184844;-0.00382182;1;0;1;0.309849;1;0;
39;-0.261045;0.251194;-0.247394;0.236272;-0.224739;0.25026;0.03679;0.176283;-0.0757959;0.177778;0.0599692;0.175663;0.155142;0.000181487;0.0339733;-0.0176985;0.169799;-0.00223225;1;0;1;0.908909;1;0;
40;-0.264962;0.277222;-0.248556;0.221059;-0.254021;0.276677;0.0701415;0.140673;-0.03044;0.141555;0.0666165;0.140311;0.147822;0.000105566;0.0198377;-0.00966628;0.131039;-0.00130409;1;0;1;1;1;0;
41;-0.259513;0.304163;-0.237121;0.211495;-0.259116;0.290035;0.0871236;0.0902109;0.0209582;0.10631;0.0882502;0.0899943;0.12173;0.0301697;-0.0395987;0.0384213;0.101106;0.0113377;0.529556;0.947255;1;0.705763;0.741801;0.647182;
42;-0.273227;0.256646;-0.26017;0.233268;-0.271997;0.306329;0.120383;0.0646492;0.0441735;0.0301681;0.085227;0.0206354;0.0710963;0.111212;-0.0262143;0.0523254;0.0590455;0.0634316;0.138113;0.79649;1;0.971668;0;1;
43;-0.275167;0.219681;-0.267816;0.220572;-0.274783;0.294742;0.145603;0.0479327;0.101097;-0.0576624;0.125069;-0.0537444;0.0415211;0.18845;-0.0203977;0.0950723;0.0344819;0.0796573;0.591561;1;0.994274;0.912793;0;1;
44;-0.263071;0.163182;-0.258945;0.202274;-0.262847;0.274501;0.187626;0.0549957;0.161636;-0.117074;0.175635;-0.101008;0.0242477;0.224942;-0.0119125;0.0967318;0.020137;0.0803793;0.326179;1;0.426783;0.769665;0;1;
45;-0.237408;0.149459;-0.234999;0.1667;-0.237278;0.24408;0.220908;0.037352;0.205729;-0.123117;0.213905;-0.11597;0.01416;0.225904;-0.0069573;0.116133;0.0117594;0.0962898;0;1;0;0.838174;0;1;
46;-0.199918;0.0854222;-0.198511;0.129259;-0.199841;0.20381;0.241491;0.0305879;0.232627;-0.13146;0.237401;-0.115174;0.00826891;0.221309;-0.00406343;0.102797;0.00686683;0.0973977;0;1;0;0.811693;0;1;
47;-0.149472;0.0390081;-0.14865;0.0799993;-0.149427;0.151746;0.252313;0.0263613;0.247137;-0.130356;0.249925;-0.120045;0.00482844;0.213767;-0.00237352;0.0986377;0.00400964;0.0946176;0;1;0;0.898055;0;1;
48;-0.0811705;0.0166577;-0.0806907;0.0151652;-0.0811449;0.0825086;0.249401;0.0183008;0.248925;-0.112794;0.248449;-0.124251;0.00281929;0.198068;-0.0013866;0.109214;0.00234099;0.0868929;0;1;0;0.916382;0;1;
49;0.00883083;-0.0465064;0.009111;-0.0637488;0.00884569;-0.00803154;0.238799;0.0242165;0.240971;-0.104692;0.237977;-0.131961;0.00164596;0.194919;-0.000810269;0.101999;0.00136654;0.0756161;0;1;0;1;0;1;
50;0.107612;-0.12961;0.107775;-0.151974;0.107621;-0.107123;0.215312;0.0276756;0.210011;-0.0774394;0.216047;-0.117642;0.000960739;0.177053;-0.000473701;0.10274;0.000797494;0.0766214;0;1;0;1;0;1;
51;0.188014;-0.200853;0.18811;-0.227892;0.188019;-0.18771;0.208111;0.0427;0.179509;-0.0481334;0.20854;-0.0960408;0.000560645;0.160492;-0.000277035;0.10147;0.000465174;0.0684415;0;1;0;0.771645;0;1;
52;0.236926;-0.247392;0.240767;-0.27707;0.240714;-0.24052;0.186779;0.0493768;0.170074;-0.0102633;0.187028;-0.0657494;-0.00293173;0.142984;-0.00016227;0.0986921;0.000271165;0.0572021;0.314681;1;0;1;0;1;
53;0.258956;-0.241439;0.271528;-0.294168;0.271497;-0.265282;0.153504;0.0471205;0.143744;0.0288051;0.153645;-0.0371395;-0.0152858;0.111561;-9.51701e-05;0.10728;0.000157886;0.0334111;0.935122;1;0;1;0;1;
54;0.250497;-0.26994;0.287518;-0.2917;0.2875;-0.25874;0.106849;0.0523033;0.10114;0.0694021;0.106923;0.0143981;-0.00181674;0.0651671;-5.59821e-05;0.0980927;0.00499041;0.0195088;0.980044;0.863521;0;0.772926;0.209202;1;
55;0.248638;-0.275589;0.293188;-0.295378;0.266866;-0.273514;0.0424499;0.0646709;0.0391007;0.06613;0.0503644;0.066229;0.0504978;0.0380567;-3.30496e-05;0.0572868;0.0858727;-0.0354323;1;0.81349;0;0.17783;0.596868;1;
56;0.248543;-0.28097;0.292891;-0.291109;0.235953;-0.282215;-0.0247539;0.10191;-0.0413006;0.102763;0.0322409;0.102824;0.0811631;0.017166;0.0479578;0.0334548;0.147621;-0.0335249;1;0;1;0;0.751621;1;
57;0.227971;-0.270791;0.277204;-0.276712;0.2045;-0.275702;-0.0920504;0.15686;-0.113615;0.157359;0.0326685;0.157397;0.107589;0.0100245;0.0670766;0.019537;0.198197;-0.0200675;0.833796;0;1;0;1;0.910254;
58;0.212915;-0.247421;0.251161;-0.250878;0.138979;-0.250288;-0.126753;0.201692;-0.127934;0.201983;0.0276386;0.202005;0.103974;0.00585384;0.0733153;0.011409;0.212842;-0.0117197;0.796657;0;1;0;1;0;
59;0.187035;-0.212418;0.214603;-0.214437;0.111677;-0.214093;-0.122442;0.230295;-0.123059;0.230465;0.0100098;0.230478;0.11644;0.00341806;0.0860629;0.00666238;0.198839;-0.00684466;0.761879;0;1;0;1;0;
60;0.149218;-0.165468;0.16675;-0.166647;0.038166;-0.166446;-0.136818;0.246242;-0.131211;0.246341;0.0139125;0.246349;0.0968522;0.00199552;0.085889;0.00389033;0.199513;-0.00399766;0.825424;0;1;0;1;0;
61;0.0910188;-0.102462;0.103224;-0.10315;0.0191745;-0.103033;-0.12207;0.25339;-0.133101;0.253448;0.00535048;0.253453;0.103999;0.00116483;0.0742759;0.00227141;0.18834;-0.00233513;0.89109;0;1;0;1;0;
62;0.0113665;-0.0180639;0.0185247;-0.0184656;-0.030578;-0.0183971;-0.110649;0.241444;-0.141541;0.243658;0.00646686;0.242438;0.101526;0.000679616;0.0699987;0.00132605;0.179246;-0.00136415;0.937722;0;1;0;1;0;
63;-0.085017;0.081095;-0.0808124;0.0808603;-0.1095;0.0809003;-0.0951449;0.222197;-0.136018;0.224492;0.0145594;0.222103;0.0952871;0.000396327;0.0637799;0.00077392;0.170879;-0.000797153;1;0;1;0;1;0;
64;-0.170904;0.168612;-0.168441;0.168475;-0.185196;0.168499;-0.0666099;0.200699;-0.117421;0.217608;0.0258015;0.215666;0.096986;0.00023103;0.06547;0.000451548;0.15158;-0.000465952;0.893966;0;1;0;1;0;
65;-0.230014;0.228685;-0.228588;0.228605;-0.238367;0.228618;-0.0320089;0.187476;-0.0906781;0.197352;0.0434301;0.196217;0.0831831;0.000134262;0.0505098;0.000263267;0.134068;-0.000272545;1;0;0.899929;0;1;0;
66;-0.264761;0.264732;-0.264679;0.264685;-0.270385;0.264693;0.00343033;0.160127;-0.0625511;0.165894;0.0618993;0.165231;0.0721531;7.79107e-05;0.035673;0.000153295;0.105236;-0.000159614;1;0;0.864871;0;1;0;
67;-0.276129;0.28424;-0.28421;0.284212;-0.287164;0.280545;0.0557392;0.119069;-0.0215352;0.122437;0.0659759;0.122051;0.0669824;4.50814e-05;0.0208335;-0.00438553;0.0614726;0.00313714;1;0;0.95381;0.190174;1;0.229843;
68;-0.274944;0.285027;-0.283232;0.28742;-0.294097;0.283711;0.0893274;0.0695452;0.0011319;0.0628552;0.0719955;0.0626328;0.0475052;0.0547463;0.0121686;0.0454848;0.0359047;0.0546084;0.732918;1;0.78213;0.500272;0.524966;1;
69;-0.279446;0.242341;-0.287492;0.273113;-0.293872;0.270672;0.122226;0.0636839;0.0527616;-0.0153806;0.0941436;-0.0116967;0.0277457;0.123969;0.0093831;0.0641965;0.0209678;0.059065;0.508051;1;0.567368;0.4374;0;1;
70;-0.273793;0.195266;-0.278492;0.23262;-0.282217;0.231916;0.161765;0.0471178;0.121198;-0.0916263;0.145365;-0.0920993;0.016203;0.191959;0.00547933;0.0966805;0.0122447;0.0785728;0;1;0;0.524114;0;1;
71;-0.254402;0.160824;-0.257147;0.193331;-0.259322;0.195211;0.202575;0.0392226;0.178884;-0.120858;0.192998;-0.130105;0.00946191;0.223419;0.00319943;0.0974259;0.00715044;0.0817494;0;1;0;0.652797;0;1;
72;-0.222774;0.126697;-0.224376;0.156077;-0.225647;0.155648;0.230626;0.0225807;0.216791;-0.12363;0.225033;-0.123838;0.00552523;0.208143;0.00186801;0.113808;0.00417531;0.092312;0;1;0;0.526017;0;1;
73;-0.179524;0.0694668;-0.18046;0.140573;-0.181202;0.135246;0.246806;0.0254166;0.238726;-0.138139;0.243539;-0.123103;0.00322623;0.214463;0.00109048;0.0918839;0.00243776;0.089928;0;1;0;0.656232;0;1;
74;-0.121638;0.0573629;-0.122185;0.0988884;-0.122618;0.0957788;0.25445;0.0183276;0.249731;-0.128713;0.252542;-0.125025;0.00188353;0.206525;0.000636283;0.0958147;0.0014231;0.0857152;0;1;0;0.687402;0;1;
75;-0.0434092;0.00587249;-0.0437285;0.0301236;-0.0439816;0.028306;0.246216;0.0167196;0.245917;-0.12098;0.244647;-0.125827;0.00109951;0.191823;0.000371117;0.0941602;0.000830458;0.0869784;0;1;0;0.712473;0;1;
76;0.0537336;-0.0756525;0.0535472;-0.061489;0.0533995;-0.0625565;0.229651;0.0229746;0.230696;-0.111728;0.227031;-0.121691;0.000641604;0.187697;0.000216215;0.0816523;0.000484433;0.0808099;0;1;0;0.797261;0;1;
77;0.147091;-0.159886;0.146982;-0.151615;0.146896;-0.152245;0.201945;0.0330387;0.203396;-0.0851826;0.198986;-0.100042;0.000374227;0.163727;0.000125797;0.082603;0.000282338;0.0848114;0;1;0;0.896596;0;1;
78;0.214875;-0.222342;0.214811;-0.217508;0.214761;-0.21789;0.192994;0.0488482;0.193842;-0.0565774;0.189722;-0.0765817;0.000218117;0.153095;7.30306e-05;0.0698907;0.000164353;0.0753391;0;1;0;0.94085;0;1;
79;0.256761;-0.261117;0.256724;-0.257535;0.256694;-0.258527;0.169165;0.0658251;0.16966;-0.020778;0.167254;-0.0470853;0.000126925;0.126174;4.21941e-05;0.0588164;9.54978e-05;0.0631012;0;1;0;0.981929;0;1;
80;0.279001;-0.276236;0.280143;-0.272933;0.280126;-0.281201;0.132006;0.0728883;0.132294;0.0245311;0.130889;-0.00631696;-0.0024929;0.0850551;2.42256e-05;0.0549474;5.53375e-05;0.0412524;0.319882;1;0.687281;0.977213;0;1;
81;0.286014;-0.288602;0.286255;-0.27824;0.285064;-0.289506;0.078948;0.0714951;0.0791158;0.0712112;0.0782951;0.0365631;0.0136824;0.0496797;0.0226595;0.0483259;0.0251736;0.0240912;0.987021;1;1;0.673053;0.388333;1;
82;0.281102;-0.299457;0.281568;-0.282754;0.264944;-0.292058;0.00640918;0.0816867;0.0126863;0.0965184;0.049871;0.0716386;0.067959;0.0290128;0.0664321;0.0282244;0.0875335;0.0183513;1;0;1;0.302119;0.98544;0.864921;
83;0.241727;-0.288902;0.243033;-0.279147;0.216453;-0.287199;-0.0778965;0.129359;-0.0720973;0.138021;0.0421372;0.123493;0.0911955;0.0169431;0.0607201;0.0164827;0.167916;0.0202313;0.645775;0;1;0.213269;1;0;
84;0.204583;-0.268155;0.203151;-0.262459;0.154265;-0.267161;-0.122343;0.180671;-0.121374;0.18573;0.0312217;0.177245;0.0902326;0.00989426;0.0794121;0.00962537;0.206646;0.0118145;1;0;1;0;1;0;
85;0.16495;-0.236764;0.167233;-0.233437;0.155094;-0.236183;-0.118736;0.217354;-0.130408;0.220309;0.0136108;0.215354;0.111879;0.00577768;0.0877919;0.00562072;0.203004;0.00689916;0.811015;0;1;0;1;0;
86;0.152456;-0.195116;0.144681;-0.193174;0.0765619;-0.194777;-0.142035;0.239317;-0.124906;0.241042;0.0171555;0.238148;0.0898397;0.00337352;0.0885486;0.00328205;0.205814;0.00402865;0.899753;0;1;0;1;0;
87;0.115865;-0.140778;0.111317;-0.139643;0.0415879;-0.140579;-0.138449;0.2507;-0.120648;0.251708;0.0100473;0.250018;0.0881019;0.00196954;0.0937498;0.00191615;0.196303;0.00235221;1;0;1;0;1;0;
88;0.0535006;-0.0680486;0.05084;-0.0673858;0.0101227;-0.0679327;-0.127705;0.249605;-0.123785;0.251256;0.00633386;0.250007;0.0892906;0.00114956;0.0897395;0.00111858;0.185069;0.00137323;1;0;1;0;1;0;
89;-0.0340445;0.0255523;-0.0356061;0.0259393;-0.0593786;0.0256199;-0.118668;0.231929;-0.123387;0.234708;0.0109464;0.236052;0.0796518;0.000670754;0.0825883;0.000652756;0.179548;0.000801462;1;0;1;0;1;0;
90;-0.128113;0.123162;-0.129038;0.123387;-0.142912;0.123201;-0.0941981;0.208596;-0.105642;0.210575;0.0170675;0.208495;0.0789716;0.000391126;0.0854555;0.000380765;0.161191;0.000467594;1;0;1;0;1;0;
91;-0.201769;0.19889;-0.20233;0.199022;-0.21042;0.198913;-0.0684912;0.201437;-0.0843713;0.202593;0.0350329;0.201378;0.0684405;0.000227851;0.077001;0.000221965;0.148663;0.00027267;1;0;1;0;1;0;
92;-0.245647;0.247296;-0.249314;0.247373;-0.254027;0.24731;-0.0328581;0.179572;-0.0584055;0.180248;0.048702;0.179538;0.0588033;0.000132554;0.0707217;0.000129337;0.125743;0.000158795;1;0;1;0.11136;1;0;
93;-0.264373;0.275106;-0.276289;0.272444;-0.268339;0.275114;0.0133824;0.145124;-0.0189991;0.145519;0.0515276;0.145104;0.0678373;7.69123e-05;0.041309;-0.0110372;0.0804655;9.2369e-05;1;0;1;0.350015;1;0;
94;-0.274299;0.286857;-0.289801;0.276582;-0.284636;0.289115;0.0576527;0.0962696;0.024203;0.0965062;0.0515128;0.0962574;0.0639713;0.00504099;0.0241235;-0.00218653;0.0470011;5.35681e-05;1;0.100599;1;0.704954;0.671832;0;
95;-0.281497;0.272267;-0.29125;0.273139;-0.293566;0.291845;0.0801707;0.0526034;0.0558912;0.0289155;0.0535942;0.0287633;0.0373604;0.0818624;0.0140854;0.0532999;0.0274477;0.03695;0.262023;0.971068;1;0.84679;0.286442;0.884643;
96;-0.284155;0.234989;-0.298528;0.246724;-0.288414;0.268735;0.118142;0.0343191;0.10397;-0.0467721;0.102621;-0.0545087;0.0218179;0.14624;0.0265925;0.0930321;0.016029;0.0699779;0;1;1;0.662126;0;1;
97;-0.269964;0.164922;-0.278654;0.214616;-0.272452;0.227782;0.169841;0.0354205;0.161567;-0.116378;0.160777;-0.123684;0.0127411;0.207868;0.0162091;0.0921306;0.00936053;0.0648808;0;1;0.8026;0.575211;0;1;
98;-0.243494;0.151157;-0.248569;0.167007;-0.244947;0.185372;0.210132;0.0173363;0.205299;-0.116922;0.204838;-0.139019;0.00744021;0.209068;0.00946548;0.105852;0.0054661;0.077263;0;1;0;0.683;0;1;
