1;-0.000363588;0.000116064;9.94836e-05;-0.000363588;0.000116064;9.94836e-05;0.0349769;0.0347456;0.0352595;0.0349769;0.0347456;0.0352595;0.808667;0.808665;0.808666;0.808667;0.808665;0.808666;0;0;0;0;0;0;
2;-0.0152715;-0.0121954;-0.0100781;0.0195295;0.0318388;0.0242442;0.152573;0.139571;0.118354;0.0797901;0.0673013;0.123055;0.472371;0.472356;0.47233;0.472319;0.472309;0.472342;1;1;1;1;1;1;
3;-0.00608475;0.0053957;0.00492931;-0.012338;0.00749318;-0.0175759;0.089187;0.081425;0.0714694;0.0577165;0.0543052;0.0869898;0.275869;0.275863;0.275848;0.27584;0.275837;0.275864;0;0;0;0;0;0.645719;
4;-0.00468722;0.00287972;0.00818818;-0.0067168;0.00883756;-0.0146641;0.118962;0.110605;0.12304;0.109347;0.10869;0.152316;0.161123;0.161113;0.161114;0.161102;0.161098;0.161123;1;1;0.989308;0.404239;0.750484;1;
5;-0.00418322;0.00205657;0.00741428;-0.00341519;0.0110869;-0.0127061;0.14577;0.144249;0.142278;0.133701;0.135138;0.160565;0.121951;0.111118;0.127493;0.131336;0.129287;0.155563;1;0.872123;1;0.404266;0.561133;1;
6;-0.00393446;0.00136857;0.00691597;-0.00264264;0.0111433;-0.0125468;0.142655;0.141172;0.139765;0.130978;0.13121;0.159271;0.126095;0.115166;0.130199;0.131287;0.131056;0.15422;1;0.815169;1;0.392218;0.56329;1;
7;-0.00376388;0.000992397;0.00657283;-0.00227126;0.0111668;-0.0125869;0.14531;0.144757;0.142722;0.127288;0.126384;0.155931;0.131615;0.119529;0.134815;0.124278;0.125625;0.146647;1;0.787319;1;0.406321;0.583965;1;
8;-0.00360992;0.000870273;0.00647009;-0.00186441;0.0112993;-0.0123613;0.143924;0.144763;0.141195;0.129161;0.126454;0.157353;0.130313;0.116569;0.133213;0.121976;0.125791;0.145163;1;0.76871;1;0.398798;0.593432;1;
9;-0.00371154;0.000636838;0.00623964;-0.00184366;0.0110309;-0.0123683;0.139921;0.142139;0.136684;0.132398;0.127571;0.160078;0.127378;0.112148;0.130682;0.122884;0.129475;0.146853;1;0.73718;1;0.384758;0.603528;1;
10;-0.00429504;0.000124757;0.00568269;-0.00136491;0.011449;-0.0117847;0.13704;0.14162;0.133472;0.133475;0.126441;0.161038;0.12895;0.110514;0.131353;0.120717;0.130666;0.145868;1;0.687962;1;0.383679;0.633076;1;
11;-0.00526716;-0.00077075;0.00463815;-0.000461215;0.0121214;-0.0108661;0.135689;0.142526;0.131983;0.134102;0.124752;0.161759;0.131112;0.109242;0.131535;0.116639;0.130421;0.143535;1;0.643538;1;0.386017;0.666118;0.995801;
12;-0.00678597;-0.00196399;0.00312108;0.0013905;0.0136853;-0.0089401;0.13349;0.142303;0.129686;0.135849;0.12423;0.163219;0.132452;0.106815;0.12927;0.113072;0.1313;0.143807;1;0.610295;1;0.393;0.693787;0.945155;
13;-0.00946595;-0.00425039;0.000340834;0.00367416;0.0152727;-0.00667549;0.13192;0.141411;0.127877;0.136266;0.124128;0.163932;0.133655;0.105149;0.125517;0.110635;0.131667;0.14596;1;0.590539;1;0.416621;0.702009;0.887495;
14;-0.0128319;-0.00687595;-0.00316562;0.00750832;0.0182218;-0.00291589;0.133507;0.140687;0.129124;0.133084;0.123536;0.161137;0.135744;0.107014;0.120514;0.108024;0.12881;0.14983;1;0.618852;1;0.468753;0.680146;0.84278;
15;-0.0163819;-0.00954568;-0.00717525;0.0121837;0.0212858;0.00133885;0.134573;0.132428;0.129457;0.131234;0.130428;0.162062;0.141043;0.12051;0.118638;0.101404;0.114157;0.147049;0.851981;0.764296;1;0.574513;0.602096;0.890722;
16;-0.0208981;-0.0130064;-0.0123855;0.0186876;0.0260014;0.00725673;0.156259;0.135394;0.148653;0.109862;0.127875;0.13813;0.129993;0.127589;0.0992388;0.110582;0.103458;0.168987;0.43488;1;1;0.568527;0.356225;0.929806;
17;-0.0508224;0.00147049;-0.0021963;0.0733773;-0.0472807;0.0655978;0.156143;0.126423;0.1809;0.0569217;0.107557;0.114636;0.0854548;0.184925;0.0737899;0.102567;0.06042;0.184487;0.429035;0.807306;1;0.448618;0.280392;1;
18;-0.0856356;0.00128992;-0.00394659;0.109592;-0.0943517;0.0963064;0.192211;0.12503;0.224368;0.00491252;0.124378;0.0749445;0.0567864;0.243886;0.059043;0.100614;0.0352845;0.197456;0.219539;1;1;0.625745;0;1;
19;-0.0969342;0.0414287;-0.0437645;0.121644;-0.115858;0.105628;0.23784;0.132273;0.261086;-0.0452682;0.160419;0.0129186;0.033166;0.309622;0.0344872;0.117475;0.0206056;0.177305;0.61367;0.954481;0.640938;0.410205;0;1;
20;-0.0858552;0.0604813;-0.0672342;0.072201;-0.110454;0.0611397;0.247794;0.122254;0.255603;-0.0596451;0.195808;-0.0322326;0.0193666;0.332112;0.0201407;0.15037;0.012033;0.17259;0.957379;1;0.0107131;0.425692;0;1;
21;-0.0845605;0.0566899;-0.052917;0.0543896;-0.0767275;0.0386336;0.253913;0.121282;0.265405;-0.0665821;0.220673;-0.0390791;0.0113063;0.334909;0.0117629;0.159045;0.00702666;0.160104;0.984708;1;0.140932;0.418531;0;1;
22;-0.085662;0.0539177;0.00107121;0.000207239;-0.0128327;-0.0102275;0.267617;0.115378;0.241862;-0.054638;0.233891;-0.0517494;-0.0228088;0.339122;0.0121602;0.160769;0.00410296;0.141905;1;1;0.0255122;0.465911;0;1;
23;-0.11025;0.0218748;0.0832739;-0.0744224;0.0751569;-0.0886384;0.266563;0.117154;0.225564;-0.0401151;0.22797;-0.0553365;-0.0320482;0.330301;0.0159848;0.161662;0.00239556;0.122997;1;0.752698;0;0.342954;0;1;
24;-0.113432;0.0128238;0.165885;-0.141972;0.161144;-0.169028;0.247693;0.122441;0.201162;-0.0271662;0.216605;-0.0638932;-0.0239066;0.325914;0.00933484;0.175502;0.0013984;0.0997532;1;0.330661;0;0.354289;0;1;
25;-0.0361777;0.0027671;0.22615;-0.176637;0.223381;-0.227987;0.221034;0.0943213;0.190722;-0.00253541;0.199741;-0.10366;-0.0147992;0.271688;0.00545092;0.158483;0.000816103;0.0475363;1;0.380315;0;0.372352;0;1;
26;0.0658572;-0.0391408;0.263265;-0.191136;0.261648;-0.26434;0.191462;0.0647813;0.165716;0.0255112;0.170983;-0.104787;-0.00538855;0.18046;0.00318294;0.140347;0.000476092;-0.0634692;1;0;0;0.386389;0;1;
27;0.00824873;-0.135822;0.28374;-0.222764;0.282796;-0.284365;0.142284;0.0436633;0.127239;0.0769542;0.130315;-0.0323426;-0.0222269;0.114694;0.00185826;0.132859;0.000277666;-0.0400836;1;0.0906175;0;0.243803;0;1;
28;0.112708;-0.204685;0.292884;-0.219183;0.318269;-0.294166;0.0811867;0.0282111;0.0723842;0.100594;0.0741827;-0.0659336;0.0494557;0.0669814;0.00108513;0.0923672;0.0118877;-0.10339;1;0;0;0.149158;0.443374;1;
29;0.187048;-0.241649;0.297055;-0.250114;0.303657;-0.265565;0.00314191;0.0607555;-0.00201152;0.0936855;0.0389896;0.00575889;0.0466207;0.0391161;0.000633219;0.0539424;0.155823;-0.15342;1;0;0;0.0132841;0.122991;1;
30;0.175311;-0.253934;0.28913;-0.258878;0.266283;-0.250458;-0.0832246;0.120552;-0.0862488;0.139783;0.0189342;0.0884217;0.0376413;0.0228433;-0.0168972;0.0315016;0.209196;-0.120401;1;0;0.917547;0;0.116344;1;
31;0.143281;-0.245954;0.266506;-0.248842;0.23897;-0.250205;-0.144297;0.17676;-0.156723;0.187991;0.0361826;0.157982;0.0621948;0.0133401;-0.00892562;0.0183963;0.24114;-0.119993;1;0;1;0;0.807108;1;
32;0.130076;-0.221636;0.233638;-0.223323;0.196437;-0.236518;-0.146437;0.215288;-0.157708;0.221847;0.0150229;0.199208;0.0860714;0.00779029;0.051633;0.0107427;0.208472;-0.077221;1;0;1;0;1;0;
33;0.105876;-0.183609;0.190617;-0.184593;0.12885;-0.192299;-0.12406;0.238027;-0.0995714;0.241858;-0.0314577;0.228637;0.123924;0.00454859;0.110888;0.00627355;0.143338;-0.0450969;0.600271;0;1;0;1;0;
34;0.0358943;-0.130462;0.134557;-0.131037;0.09427;-0.135537;-0.147377;0.249729;-0.164943;0.251966;0.000889438;0.244245;0.0723937;0.00265582;0.0647747;0.00366313;0.193704;-0.0263368;1;0;1;0;1;0;
35;-0.0263528;-0.0571576;0.0595564;-0.0574933;0.0360182;-0.0601216;-0.13153;0.243549;-0.14463;0.248577;-0.0152499;0.248217;0.098097;0.00155055;0.0764051;0.00213863;0.156606;-0.0153811;1;0;1;0;1;0;
36;-0.104488;0.0371017;-0.0356853;0.0369054;-0.0494469;0.0353705;-0.110874;0.230969;-0.135309;0.234858;-0.0158487;0.237266;0.0853503;0.000904765;0.0712477;0.00124861;0.147345;-0.00898281;1;0;1;0;1;0;
37;-0.180173;0.132899;-0.132055;0.100617;-0.124584;0.131888;-0.0993608;0.20907;-0.126438;0.209947;-0.0108927;0.199985;0.0922069;0.000527931;0.0607785;-0.013936;0.145956;-0.00524645;1;0;1;0.512859;1;0;
38;-0.235128;0.205424;-0.203388;0.106388;-0.137719;0.204834;-0.054667;0.200061;-0.0996691;0.173846;-0.0225128;0.190163;0.104716;0.0003077;0.0355021;-0.0347363;0.128067;-0.0030642;0.937619;0;1;0.971829;0.884595;0;
39;-0.269086;0.251191;-0.238312;0.0971336;-0.148757;0.250846;-0.0330892;0.176786;-0.0928984;0.161861;-0.0092558;0.171006;0.0913282;0.000179251;0.0207314;-0.0262728;0.114883;-0.00178999;0.936858;0;1;1;0.520514;0;
40;-0.287671;0.277221;-0.260696;0.104076;-0.164018;0.27702;0.0015832;0.140967;-0.0495094;0.133817;-0.00399503;0.137591;0.0813014;0.000104188;-0.0309212;-0.0214006;0.0757317;-0.00104567;0.725993;0;1;1;0.0247673;0;
41;-0.289589;0.290032;-0.279527;0.188904;-0.223921;0.289914;0.0528598;0.0903767;-0.0554006;0.0910913;-0.0363578;0.0884049;0.0585406;6.04965e-05;-0.0788239;-0.00827509;0.0442268;-0.000611087;0.801605;0;1;1;0;0;
42;-0.289269;0.27087;-0.272774;0.225061;-0.2546;0.29314;0.0808414;0.0327958;-0.000431736;0.0212738;0.0106972;0.0196953;0.0341884;0.098307;-0.0991529;-0.00283634;0.025828;-0.000357267;0.00919748;0.560136;1;1;0;0;
43;-0.28487;0.248343;-0.268265;0.184767;-0.264623;0.298519;0.122508;-0.00637027;0.0750371;-0.0628574;0.0815438;-0.0637968;0.0199656;0.168327;-0.1084;0.0483724;0.015083;-0.00511859;0;0.383325;1;1;0;0.559466;
44;-0.268737;0.218316;-0.2624;0.158026;-0.256913;0.277209;0.174139;0.00486209;0.146407;-0.122244;0.150216;-0.13985;0.0116593;0.216914;-0.0997204;0.0615139;0.00880817;-0.000203338;0;0.609924;1;1;0;0.87214;
45;-0.240718;0.212548;-0.240669;0.124017;-0.233812;0.245666;0.213031;0.0217481;0.196827;-0.148177;0.19906;-0.193002;0.00680852;0.214211;-0.082334;0.0822584;0.00514354;0.0199634;0;0.773604;0.854023;0.797493;0;1;
46;-0.201851;0.168729;-0.201822;0.1117;-0.197818;0.204745;0.236891;-0.0429885;0.227428;-0.109196;0.228732;-0.117329;0.00397572;0.141836;-0.0480835;0.131003;0.00300325;0.0889675;0;1;0;0.470567;0;1;
47;-0.1506;0.131156;-0.150584;0.0476189;-0.148246;0.152296;0.249627;-0.0236764;0.244101;-0.125229;0.244862;-0.160301;0.00232144;0.165556;-0.0280807;0.101899;0.00175314;0.0615253;0;1;0;0.504288;0;1;
48;-0.0818297;0.070468;-0.08182;-0.0115506;-0.0804545;0.0828256;0.251819;-0.0176632;0.251286;-0.129302;0.251731;-0.166676;0.00135508;0.162176;-0.0163995;0.0913349;0.00102336;0.0441233;0;1;0;0.702413;0;1;
49;0.00844571;-0.0150842;0.00845131;-0.0797994;0.00924898;-0.00784864;0.239242;-0.0318621;0.239049;-0.107622;0.236424;-0.148838;0.00079096;0.133599;-0.00957763;0.101532;0.000596967;0.0626744;0;1;0;0.723144;0;1;
50;0.107387;-0.111262;0.10739;-0.164043;0.107856;-0.107019;0.216985;-0.0112882;0.215309;-0.101292;0.215432;-0.144645;0.000461471;0.137597;-0.00559373;0.0775215;0.000348026;0.0453283;0;1;0;0.888891;0;1;
51;0.187883;-0.190141;0.187885;-0.237665;0.188157;-0.187651;0.209088;-0.0040763;0.208109;-0.0662763;0.208181;-0.117102;0.000269008;0.114154;-0.00326716;0.0802896;0.000202743;0.0483165;0;1;0;0.952225;0;1;
52;0.240635;-0.24195;0.240636;-0.29042;0.240795;-0.24049;0.187348;0.0162067;0.186776;-0.0333532;0.186818;-0.0932625;0.000156744;0.0922713;-0.00190836;0.0684733;0.000117793;0.038301;0;1;0;0.977361;0;1;
53;0.27145;-0.272218;0.271451;-0.320069;0.271544;-0.271362;0.153832;0.0350724;0.153498;0.00436487;0.153523;-0.0645585;9.11052e-05;0.0617835;-0.0011149;0.0528858;6.83191e-05;0.0223701;0;1;0;0.954647;0;0.925381;
54;0.286448;-0.287922;0.287473;-0.330032;0.287527;-0.287419;0.107032;0.0359072;0.106837;0.047356;0.106851;-0.0354345;1.64104e-06;0.0360857;-0.000651481;0.0422614;3.94728e-05;0.0130623;0.655809;1;0;0.894976;0;1;
55;0.289407;-0.308652;0.293162;-0.328347;0.293194;-0.283782;0.0425516;0.0408547;0.0424296;0.103513;0.0424361;0.00447024;0.0300999;-0.0139731;0.00834862;0.0246823;2.27235e-05;0.00803995;1;0.635667;0.379171;0.643295;0;1;
56;0.270604;-0.302218;0.283052;-0.317114;0.281369;-0.266459;-0.0392796;0.0880017;-0.0393543;0.132475;0.00678221;0.0667572;0.0849736;-0.0167272;0.0325834;0.0283211;0.100072;0.00349427;1;0;1;0.339088;1;0.816686;
57;0.240467;-0.2832;0.240448;-0.291899;0.170564;-0.263567;-0.12027;0.148738;-0.115734;0.174712;-0.00199842;0.136331;0.0769736;-0.00976909;0.0589382;0.0165397;0.160145;-0.000385561;0.836934;0;1;0.256245;1;0;
58;0.171607;-0.254667;0.182616;-0.259747;0.163461;-0.243201;-0.133831;0.196948;-0.166215;0.212117;-0.00546688;0.189703;0.0826177;-0.00570561;0.054635;0.00965863;0.184275;-0.000225674;1;0;1;0.0742959;1;0;
59;0.154051;-0.21665;0.155406;-0.219617;0.101443;-0.209954;-0.147616;0.227525;-0.146607;0.236383;-0.0167567;0.223294;0.0881789;-0.00333251;0.0622934;0.00564006;0.170558;-0.000132278;1;0;1;0;1;0;
60;0.131382;-0.167939;0.132168;-0.169671;0.0587131;-0.164028;-0.151422;0.244624;-0.145874;0.249798;-0.0197073;0.242153;0.078168;-0.00194679;0.0701376;0.0032933;0.167059;-7.76508e-05;1;0;1;0;1;0;
61;0.082555;-0.103905;0.0830132;-0.104916;0.0401148;-0.101621;-0.146621;0.252446;-0.155075;0.253586;-0.0190555;0.251003;0.0755309;-0.00113746;0.0583203;0.00192272;0.164194;-4.58977e-05;1;0;1;0;1;0;
62;0.00644032;-0.0189062;0.00670308;-0.0194971;-0.0183479;-0.0175725;-0.133493;0.240486;-0.150613;0.238946;-0.0249079;0.244272;0.0765805;-0.000664864;0.0623171;0.00112237;0.146987;-2.73023e-05;1;0;1;0;1;0;
63;-0.0878779;0.0806033;-0.0877333;0.080258;-0.102359;0.081382;-0.121148;0.223531;-0.143231;0.224842;-0.0170823;0.220347;0.065946;-0.000388858;0.0556786;0.000655001;0.138875;-1.64222e-05;1;0;1;0;1;0;
64;-0.172564;0.168325;-0.172496;0.168124;-0.18103;0.16878;-0.096712;0.213293;-0.125625;0.217764;-0.00582879;0.192263;0.0637534;-0.000227569;0.057362;0.000382045;0.120381;-9.9234e-06;1;0;1;0;1;0;
65;-0.224101;0.228517;-0.230965;0.222805;-0.235924;0.228783;-0.0492256;0.194832;-0.0839927;0.197443;-0.00832105;0.18255;0.0712927;-0.00013341;0.0500848;-0.0078665;0.0876629;-6.35796e-06;1;0;1;0.214376;1;0;
66;-0.247622;0.264635;-0.266069;0.228095;-0.248971;0.26479;-0.0198805;0.164422;-0.0585273;0.165951;-0.00857237;0.15725;0.0748708;-7.8401e-05;0.0292539;-0.00992399;0.0700684;-4.09368e-06;1;0;1;0.782211;1;0;
67;-0.263587;0.284183;-0.285022;0.225387;-0.27077;0.284274;0.0192408;0.121577;-0.0104208;0.122479;-0.00576309;0.117389;0.0676258;-4.62254e-05;-0.00504507;0.00138634;0.0409276;-2.81892e-06;0.881056;0;1;1;0.617707;0;
68;-0.268808;0.291791;-0.290448;0.227185;-0.283915;0.292522;0.0650757;0.0623484;0.038238;0.0766506;-0.0105432;0.0598996;0.0423273;0.0247539;-0.0426352;0.0259883;0.0238962;-1.99849e-06;0.380309;0.389507;1;1;0.182672;0;
69;-0.277856;0.25617;-0.30414;0.242737;-0.286678;0.293517;0.0901026;0.011989;0.074431;0.00275598;0.0459416;-0.0171203;0.0247185;0.131187;-0.0494723;0.0564133;0.0139549;-1.49948e-06;0;0.114982;1;1;0;0;
70;-0.272865;0.235831;-0.288217;0.224999;-0.278017;0.283311;0.143005;0.0033395;0.133854;-0.0741361;0.117214;-0.100379;0.0144351;0.176088;-0.0294909;0.0906309;0.00814936;0.0166902;0;0.708734;0.97156;1;0;0.973696;
71;-0.253861;0.198731;-0.267308;0.201058;-0.256869;0.259671;0.19162;0.0132999;0.186275;-0.120918;0.176558;-0.163644;0.0084297;0.195475;-0.0175635;0.105232;0.00475883;0.0507365;0;1;0.502808;0.807184;0;1;
72;-0.222457;0.0954478;-0.23031;0.195578;-0.224215;0.225845;0.224228;-0.0115172;0.221107;-0.134217;0.215432;-0.132917;0.0049223;0.177286;-0.0102574;0.0995047;0.00277866;0.0823057;0;1;0;0.802724;0;1;
73;-0.17934;0.0811352;-0.183926;0.160312;-0.180366;0.181323;0.243069;-0.0120817;0.241247;-0.132893;0.237932;-0.143019;0.00287428;0.174441;-0.0059906;0.103004;0.00162207;0.0675486;0;1;0;0.716684;0;1;
74;-0.121531;0.0337452;-0.124209;0.110406;-0.12213;0.122701;0.252268;-0.0103974;0.251204;-0.136532;0.249268;-0.150584;0.00167806;0.174262;-0.00349902;0.093528;0.000946738;0.0557096;0;1;0;0.857413;0;1;
75;-0.0433462;-0.00792564;-0.0449103;0.0368365;-0.0436966;0.0440445;0.247796;-0.0214197;0.247565;-0.114723;0.246219;-0.14675;0.000979511;0.153694;-0.00204383;0.100041;0.00055227;0.0590545;0;1;0;0.912948;0;1;
76;0.0537704;-0.0837133;0.052857;-0.0575809;0.0535658;-0.0533511;0.228681;-0.00794166;0.228666;-0.10939;0.229898;-0.153903;0.000571587;0.154954;-0.00119404;0.0845606;0.000321903;0.0483614;0;1;0;1;0;1;
77;0.147112;-0.164597;0.146579;-0.149333;0.146993;-0.146866;0.195754;-0.000820953;0.199035;-0.0772959;0.198217;-0.130645;0.000333304;0.13417;-0.000697803;0.0817054;0.000187435;0.0457427;0;1;0;1;0;1;
78;0.214888;-0.225098;0.214576;-0.216175;0.214818;-0.214748;0.189379;0.0174425;0.191295;-0.0519617;0.190817;-0.111442;0.000194271;0.119002;-0.000407888;0.0757133;0.000108867;0.0392542;0;1;0;1;0;1;
79;0.256768;-0.262731;0.256586;-0.255782;0.256727;-0.256689;0.167054;0.0345826;0.168173;-0.0161235;0.167894;-0.0836986;0.000113037;0.0897696;-0.000238624;0.0670216;6.30558e-05;0.0276269;0;1;0;1;0;1;
80;0.280169;-0.283655;0.280062;-0.274017;0.280145;-0.280126;0.130772;0.0499342;0.131426;0.0267612;0.131262;-0.0559581;6.56532e-05;0.0524371;-0.000139718;0.0515956;3.63207e-05;0.0161336;0;1;0;1;0;1;
81;0.289672;-0.294182;0.28326;-0.279303;0.278147;-0.295451;0.0782246;0.0512722;0.0786119;0.0675481;0.0785148;-0.0345322;0.00967054;0.0306231;0.0398602;0.0361447;0.0361584;0.00943346;0.250401;1;1;1;0.600146;0.807647;
82;0.278599;-0.307181;0.275578;-0.280517;0.256883;-0.294507;0.00598275;0.0696491;0.0119309;0.117677;0.0687883;0.019541;0.0528636;0.0136845;0.0659231;0.0211114;0.08807;0.00550892;0.635361;0;1;0.382959;1;0;
83;0.23793;-0.293412;0.24362;-0.277841;0.221322;-0.286011;-0.0781478;0.122329;-0.0746673;0.150378;0.0537669;0.0930662;0.0841138;0.00799141;0.0597511;0.0123285;0.177706;0.0032168;0.76639;0;1;0;1;0;
84;0.20278;-0.270789;0.204296;-0.261696;0.156012;-0.266467;-0.120701;0.176566;-0.119601;0.192946;0.0362386;0.159476;0.0853895;0.00466656;0.0842032;0.00719931;0.216328;0.00187816;1;0;1;0;1;0;
85;0.163415;-0.238302;0.169347;-0.232991;0.15011;-0.235778;-0.124298;0.214957;-0.131301;0.224523;0.0243469;0.204977;0.103726;0.00272477;0.0872054;0.00420385;0.215802;0.00109633;0.921391;0;1;0;1;0;
86;0.151742;-0.196015;0.149866;-0.192913;0.079872;-0.194541;-0.143026;0.237917;-0.121218;0.243503;0.0236997;0.232088;0.0885567;0.00159071;0.0904378;0.00245453;0.213953;0.000639798;0.954918;0;1;0;1;0;
87;0.115445;-0.141302;0.114349;-0.139491;0.0418393;-0.140441;-0.140381;0.249882;-0.118647;0.253145;0.0174997;0.246479;0.0831952;0.000928435;0.0915486;0.00143286;0.207663;0.00037311;1;0;1;0;1;0;
88;0.0532514;-0.068355;0.0526147;-0.0672971;0.0102688;-0.067852;-0.132996;0.248061;-0.126661;0.250148;0.0163916;0.249724;0.0881169;0.000541637;0.0906362;0.000836271;0.194659;0.000217395;1;0;1;0;1;0;
89;-0.0341964;0.0253734;-0.0345635;0.0259911;-0.0592931;0.025667;-0.118822;0.234049;-0.1218;0.234957;0.016815;0.235839;0.0771851;0.000315766;0.080398;0.000487846;0.189294;0.000126411;1;0;1;0;1;0;
90;-0.12821;0.123057;-0.128422;0.123418;-0.142861;0.123228;-0.0949418;0.208175;-0.105229;0.208918;0.0246638;0.207942;0.0742419;0.000183871;0.0792373;0.000284391;0.172597;7.33073e-05;1;0;1;0;1;0;
91;-0.201835;0.198829;-0.201963;0.199039;-0.210388;0.198929;-0.0672013;0.188983;-0.0848642;0.201435;0.0405254;0.200991;0.0674292;0.000106964;0.074597;0.00016563;0.157533;4.23541e-05;1;0;1;0;1;0;
92;-0.249009;0.247261;-0.249095;0.247384;-0.254006;0.247319;-0.0315419;0.1723;-0.0561204;0.179571;0.0570125;0.179312;0.0589531;6.19289e-05;0.0632658;9.62615e-05;0.131728;2.4268e-05;1;0;1;0;1;0;
93;-0.269116;0.275085;-0.27616;0.27301;-0.26291;0.275119;0.0102903;0.140877;-0.0195044;0.145124;0.0592915;0.144972;0.0623967;3.57378e-05;0.0407045;-0.0144769;0.0961801;1.37427e-05;1;0;1;0.373026;1;0;
94;-0.280815;0.289098;-0.289725;0.275075;-0.28114;0.289118;0.0578178;0.0937889;0.0262037;0.0962744;0.0614627;0.0961802;0.057981;2.05257e-05;0.0237702;-0.0091613;0.0561813;7.5779e-06;1;0;1;0.69832;0.864404;0;
95;-0.287906;0.279511;-0.29364;0.268398;-0.290465;0.294639;0.0627209;0.0398427;0.0489521;0.0336564;0.0780589;0.0287148;0.0338616;0.0764607;0.00993838;0.056084;0.0328091;0.0273434;0;0.788688;1;0.868822;0.318364;0.728365;
96;-0.285109;0.238085;-0.303506;0.249182;-0.286604;0.278864;0.107951;0.0280289;0.0999162;-0.0462996;0.116908;-0.0545388;0.0197746;0.137053;0.0159535;0.0949932;0.01916;0.0638966;0;1;1;0.650986;0;1;
97;-0.270522;0.165246;-0.281323;0.22425;-0.271395;0.251542;0.16389;0.0299588;0.159199;-0.117889;0.169121;-0.117464;0.0115479;0.195102;0.00931705;0.0937675;0.0111889;0.0651449;0;1;0.393655;0.484364;0;1;
98;-0.24382;0.15541;-0.250128;0.192475;-0.24433;0.222703;0.206656;0.0137155;0.203916;-0.12364;0.209711;-0.128899;0.00674337;0.199696;0.00544065;0.111276;0.00653383;0.0726885;0;1;0;0.585866;0;1;
