1;-0.000363588;0.000116065;9.94843e-05;-0.000363589;0.000116064;9.94838e-05;0.0349769;0.0347456;0.0352594;0.0349769;0.0347456;0.0352595;0.808667;0.808665;0.808666;0.808667;0.808665;0.808666;0;0;0;0;0;0;
2;-0.00071802;-0.00106644;-0.0109699;4.83334e-05;0.00119668;0.000293555;0.164958;0.166876;0.171201;0.163365;0.164752;0.167135;0.472452;0.472458;0.472458;0.472453;0.472453;0.472457;1;1;1;1;1;1;
3;0.00293409;-0.00595803;-0.0189658;0.000567877;0.00589103;-0.000282589;0.0964262;0.0989001;0.100151;0.0953258;0.0980455;0.0975285;0.275929;0.275933;0.275934;0.275929;0.27593;0.275932;0.656165;0.767195;0.924781;0.429439;0.693693;1;
4;0.00234834;-0.00411427;-0.0104411;-0.000303147;0.00407514;-0.000799839;0.0562908;0.0577901;0.0584664;0.0557017;0.0572367;0.0569893;0.161148;0.16115;0.161151;0.161147;0.161148;0.16115;0.602948;0.525914;0.850298;0.476625;0.596087;0.87975;
5;0.00224759;-0.00327886;-0.00522136;-0.00105317;0.00325602;-0.00134325;0.0326231;0.0340097;0.0338941;0.0327896;0.0331759;0.0335424;0.0941132;0.0941148;0.0941152;0.0941128;0.0941137;0.094115;0.910958;0.603614;0.882032;0.580761;0.508358;0.883925;
6;0.00242001;-0.00302224;-0.00194181;-0.00172244;0.00300892;-0.00189186;0.0294622;0.0331112;0.0347913;0.0303258;0.0324881;0.0355977;0.0549644;0.0549654;0.054966;0.0549641;0.054965;0.0549657;1;0.591102;0.897811;0.561144;0.854992;0.691122;
7;0.00265661;-0.00289428;0.000109368;-0.00224919;0.003085;-0.00234814;0.0248634;0.0286914;0.028965;0.0280115;0.0288775;0.0320748;0.0321017;0.0321021;0.032103;0.0321012;0.0321024;0.0321025;1;0.573779;0.894714;0.615529;0.817132;0.965906;
8;0.00295794;-0.00282383;0.00119746;-0.00244709;0.00293523;-0.00250489;0.023287;0.0281491;0.0270492;0.0307908;0.0295168;0.0336458;0.01875;0.0187498;0.0187511;0.0187493;0.0187509;0.0187504;0.838814;0.486087;0.942971;0.677416;0.700254;1;
9;0.00226584;-0.00218749;0.00143293;-0.00196746;0.00225257;-0.00200123;0.0233841;0.0297661;0.0270986;0.0326147;0.0306883;0.0362796;0.0109527;0.0109517;0.0109537;0.0109517;0.0109537;0.0109526;0.797314;0.633106;0.959366;0.634497;0.556026;1;
10;0.000427998;-0.000382209;-5.85531e-05;-0.000253709;0.00042025;-0.000273436;0.0205601;0.0289243;0.0244766;0.0340421;0.0302645;0.0378952;0.00639917;0.0063974;0.00640006;0.00639766;0.0064005;0.00639853;0.811893;0.69109;0.972132;0.534977;0.720793;1;
11;-0.00339608;0.00342285;-0.00368017;0.00349791;-0.00340063;0.00348638;0.0178061;0.0287855;0.0220953;0.0350021;0.0286196;0.0398209;0.00374011;0.00373741;0.00750217;0.00373805;0.00927643;0.00373889;0.841922;0.656316;0.997853;0.437637;0.75582;1;
12;-0.0102831;0.0102987;-0.010449;0.0103426;-0.0102857;0.0103358;0.0170656;0.0301734;0.0207795;0.0370369;0.028227;0.0407688;0.0070709;0.00218369;0.00745424;0.00218472;0.00946108;0.00218549;0.856214;0.539176;1;0.353745;0.784617;1;
13;-0.0214633;0.0214725;-0.0215603;0.0214981;-0.0214649;0.0214942;0.0166274;0.0294846;0.019213;0.0383459;0.0282554;0.0411175;0.00413253;0.00127625;0.00512168;0.00127756;0.010315;0.00127828;0.868301;0.413101;0.892348;0.425867;0.7904;1;
14;-0.038031;0.0380364;-0.0380876;0.0380514;-0.038032;0.0380491;0.0185259;0.0296181;0.0212142;0.0360716;0.0285452;0.0390836;0.00560865;0.000746702;0.00675575;0.000747939;0.00763288;0.000748636;0.843828;0.367886;1;0.441203;0.761201;1;
15;-0.0602915;0.0602947;-0.0603246;0.0603034;-0.0602921;0.0603021;0.0237012;0.0268064;0.0280899;0.0274551;0.0279499;0.0307938;0.00327796;0.00337621;0.00394811;0.00239229;0.00446034;0.00412399;0.76006;0.453943;1;0.483974;0.631363;1;
16;-0.0867266;0.0867285;-0.0867459;0.0867336;-0.086727;0.0867328;0.0432831;0.0282944;0.0475001;0.0126838;0.0343028;0.0189948;0.00191559;0.0157612;0.00230765;0.00844471;0.00260524;0.00809915;0.768539;0.702554;0.683524;0.60622;0.327727;1;
17;-0.113114;0.113115;-0.113125;0.113118;-0.113114;0.113118;0.0581543;0.0166653;0.0606182;-0.0254653;0.0529097;-0.0217768;0.00111843;0.0227341;0.00134798;0.00808166;0.00152109;0.0110516;0.072983;1;0.512751;0.543318;0;1;
18;-0.132798;0.132799;-0.132805;0.1328;-0.132798;0.1328;0.0955267;-0.051817;0.0969657;-0.0764334;0.092464;-0.0742739;0.000652778;0.0336623;0.00078683;0.0047217;0.000887946;0.0106709;0;1;0;0.504132;0;1;
19;-0.13831;0.138311;-0.138314;0.138312;-0.13831;0.138312;0.143571;-0.118032;0.144411;-0.132418;0.141782;-0.131152;0.000380842;0.0196632;0.000459129;0.0027587;0.00051814;0.00623435;0;1;0;0.503094;0;1;
20;-0.123566;0.123566;-0.123568;0.123566;-0.123566;0.123566;0.185969;-0.171044;0.18646;-0.179454;0.184924;-0.178711;0.000221964;0.0114854;0.000267687;0.00161168;0.000302143;0.00364207;0;1;0;0.528364;0;1;
21;-0.0843846;0.0843851;-0.0843859;0.0843851;-0.0843848;0.0843851;0.214927;-0.19421;0.215214;-0.21112;0.214317;-0.210684;0.000129173;0.00670777;0.000155878;0.000941334;0.000175959;0.00212722;0;1;0;0.545878;0;1;
22;-0.0173041;0.0173048;-0.0173049;0.0173044;-0.0173044;0.0173044;0.230536;-0.187763;0.230703;-0.22831;0.230179;-0.217752;7.49118e-05;0.00391764;9.05132e-05;0.000549599;0.000102252;0.00124217;0;1;0;0.685891;0;1;
23;0.0725461;-0.0725452;0.0725456;-0.0725457;0.0725456;-0.072546;0.227802;-0.159084;0.228359;-0.197209;0.228465;-0.209553;4.32762e-05;0.0022889;5.2341e-05;0.00032214;5.91685e-05;0.000725535;0;0.98834;0;0.784032;0;1;
24;0.159619;-0.159618;0.159619;-0.159619;0.159619;-0.159619;0.19171;-0.131357;0.186738;-0.169057;0.195602;-0.178568;2.48925e-05;0.0094067;3.01412e-05;0.00018884;3.40028e-05;0.000424404;0;1;0;0.833689;0;1;
25;0.222491;-0.22249;0.22249;-0.222491;0.22249;-0.222491;0.150023;-0.0652288;0.159215;-0.112306;0.182804;-0.141611;1.41657e-05;0.0278618;1.70192e-05;0.0138929;1.94049e-05;0.000248902;0;1;0;1;0;1;
26;0.261128;-0.261128;0.261128;-0.261128;0.261128;-0.261128;0.119984;-0.00799034;0.147316;-0.0607839;0.161092;-0.0987736;7.9288e-06;0.0336765;9.5153e-06;0.0143327;1.08346e-05;0.0100655;0;1;0;0.97736;0;0.945865;
27;0.282492;-0.282493;0.282492;-0.282493;0.282493;-0.282493;0.101999;0.0332115;0.116493;0.0157974;0.124538;-0.0180284;0.00585339;0.0318232;5.2061e-06;0.0578703;5.80662e-06;0.0178387;0.517025;1;0;1;0;1;
28;0.292154;-0.292155;0.292154;-0.292155;0.292154;-0.292154;0.0576502;0.0612053;0.0661136;0.0621608;0.070811;0.0669879;0.00946055;0.0185898;0.0228651;0.0338003;0.02348;0.0495103;0.969388;1;0.840105;0.684479;0.589392;1;
29;0.29273;-0.292922;0.2947;-0.29273;0.299046;-0.29273;-0.0106118;0.0800241;-0.00565858;0.0805822;-0.00291191;0.0834018;0.00552663;0.0108559;0.0208426;0.0197388;0.0249674;0.0289137;0.538338;0;1;0;1;0;
30;0.283765;-0.283877;0.284916;-0.283765;0.287454;-0.283765;-0.0912676;0.131805;-0.0883649;0.132131;-0.0867572;0.133778;0.00322863;0.00633943;0.0176286;0.011527;0.036116;0.0168851;0.625782;0;1;0;1;0;
31;0.263376;-0.263441;0.264048;-0.263376;0.26553;-0.263376;-0.159657;0.183332;-0.157955;0.183522;-0.157013;0.184484;0.00188616;0.00370177;0.0102975;0.0067313;0.0210951;0.0098604;0.66579;0;1;0;1;0;
32;0.23181;-0.231848;0.232203;-0.23181;0.233069;-0.23181;-0.205299;0.219126;-0.2043;0.219237;-0.203746;0.219799;0.0011017;0.00216133;0.00601447;0.00393057;0.0123204;0.00575795;0.706495;0;1;0;1;0;
33;0.18955;-0.189572;0.189779;-0.18955;0.190285;-0.18955;-0.232193;0.240269;-0.231605;0.240334;-0.205724;0.240662;0.000643239;0.00126168;0.00351222;0.00229493;0.00719468;0.00336211;0.750149;0;1;0;1;0;
34;0.133932;-0.133945;0.134065;-0.133932;0.134361;-0.133932;-0.246321;0.251038;-0.229582;0.251076;-0.202835;0.251267;0.000375312;0.000736266;0.00205077;0.00133968;0.00420135;0.0019629;0.780826;0;1;0;1;0;
35;0.0591837;-0.0591917;0.059262;-0.0591837;0.059435;-0.0591837;-0.238767;0.249723;-0.224198;0.248845;-0.192639;0.249248;0.000218799;0.00042942;0.00119743;0.000781819;0.0024535;0.00114578;0.847563;0;1;0;1;0;
36;-0.0359185;0.0359135;-0.0358727;0.0359184;-0.035771;0.0359184;-0.219598;0.225453;-0.211789;0.235835;-0.169952;0.235684;0.000127689;0.000250223;0.000699356;0.000456041;0.00143371;0.000668582;0.942948;0;1;0;1;0;
37;-0.132208;0.132205;-0.132181;0.132208;-0.132121;0.132208;-0.184381;0.201016;-0.191328;0.199043;-0.144031;0.199188;7.50529e-05;0.000145576;0.00040887;0.000265893;0.0023335;0.000389993;1;0;1;0;1;0;
38;-0.205021;0.205019;-0.205005;0.205021;-0.20497;0.205021;-0.134258;0.16762;-0.155149;0.17223;-0.0796509;0.159842;0.00382574;8.44976e-05;0.000239768;0.00015475;0.0181864;0.000227189;1;0;1;0;1;0;
39;-0.250955;0.250954;-0.250945;0.250955;-0.250925;0.250955;-0.0812608;0.157841;-0.11215;0.160533;-0.0280558;0.138889;0.0201832;4.89106e-05;0.0143349;8.99352e-05;0.0317251;0.000132389;1;0;0.749988;0;1;0;
40;-0.277083;0.277082;-0.277077;0.277083;-0.277066;0.277083;-0.00699178;0.129903;-0.0495591;0.131477;0.0435051;0.118836;0.0420261;2.81069e-05;0.00837352;0.014317;0.0516079;7.68292e-05;1;0;1;0.370982;1;0;
41;-0.289951;0.289951;-0.289948;0.289951;-0.289942;0.289951;0.0514286;0.0839156;0.0443211;0.0848387;0.0608426;0.0774547;0.0245498;1.62907e-05;0.0479994;0.00836325;0.0301461;0.0227476;1;0.375711;1;0.529141;1;0.823157;
42;-0.293161;0.293161;-0.293159;0.293161;-0.293155;0.293161;0.0645439;0.0186728;0.0578163;0.0176183;0.0681691;0.0133125;0.0143372;0.0267384;0.0280325;0.00488676;0.0176051;0.0194019;0;1;0.649193;0.484441;0;1;
43;-0.287142;0.287143;-0.287141;0.287142;-0.287139;0.287142;0.11299;-0.0643765;0.109061;-0.0650071;0.115107;-0.0675107;0.00837249;0.030812;0.0163704;0.00285501;0.0102809;0.0191918;0;1;0;0.3825;0;1;
44;-0.270064;0.270065;-0.270064;0.270064;-0.270062;0.270064;0.168581;-0.140179;0.166286;-0.140558;0.169817;-0.142012;0.0048891;0.0179981;0.00955988;0.00166813;0.00600359;0.011211;0;1;0;0.496303;0;1;
45;-0.241493;0.241493;-0.241492;0.241493;-0.241492;0.241493;0.209785;-0.193189;0.208445;-0.193419;0.210507;-0.194263;0.00285475;0.0105122;0.00558247;0.000974504;0.0035056;0.00654829;0;1;0;0.464254;0;1;
46;-0.202303;0.202303;-0.202302;0.202303;-0.202302;0.202303;0.234996;-0.210067;0.234213;-0.225437;0.235417;-0.225926;0.00166668;0.00613876;0.00325966;0.000569039;0.00204673;0.00382413;0;1;0;0.489741;0;1;
47;-0.150864;0.150865;-0.150864;0.150864;-0.150864;0.150865;0.24852;-0.205561;0.248063;-0.242937;0.248766;-0.229004;0.000972794;0.00358463;0.00190308;0.00033203;0.00119473;0.0022329;0;1;0;0.516353;0;1;
48;-0.0819838;0.0819845;-0.0819838;0.0819838;-0.0819838;0.0819839;0.251418;-0.196782;0.25172;-0.241989;0.250999;-0.226721;0.000567574;0.00209319;0.00111084;0.000193499;0.000697174;0.00130376;0;1;0;0.545965;0;1;
49;0.008356;-0.00835504;0.00835602;-0.00835604;0.00835575;-0.00835594;0.240426;-0.177916;0.239972;-0.227269;0.23328;-0.21486;0.000330904;0.00122296;0.000648187;0.000112807;0.000406582;0.000761344;0;1;0;0.613004;0;1;
50;0.107335;-0.107334;0.107335;-0.107335;0.107334;-0.107335;0.208016;-0.147839;0.212263;-0.198706;0.209876;-0.202012;0.000192721;0.000715363;0.000378003;6.61052e-05;0.000236905;0.000444916;0;1;0;0.663335;0;0.983309;
51;0.187852;-0.187851;0.187852;-0.187852;0.187852;-0.187852;0.175622;-0.100774;0.172294;-0.151817;0.174958;-0.165806;0.000112054;0.0105616;0.000220277;0.00515664;0.000137816;0.000260695;0;1;0;0.749595;0;1;
52;0.240617;-0.240616;0.240617;-0.240617;0.240616;-0.240616;0.152399;-0.0468387;0.12999;-0.0884438;0.13141;-0.125713;6.51299e-05;0.0291099;0.000128362;0.0165243;8.00358e-05;0.0131218;0;1;0;0.699638;0;1;
53;0.27144;-0.27144;0.27144;-0.27144;0.27144;-0.27144;0.133422;0.0330768;0.120336;-0.0284623;0.121164;-0.0746666;3.75944e-05;0.0470281;7.44883e-05;0.0394457;4.62639e-05;0.00766475;0;1;0;1;0;1;
54;0.287466;-0.287467;0.287466;-0.287467;0.287466;-0.287466;0.0951171;0.0533652;0.0874699;0.033081;0.0879537;0.0217537;0.00588956;0.0364213;4.32799e-05;0.0363674;2.66e-05;0.0226702;0.712936;1;0.34982;0.819706;0;1;
55;0.293158;-0.293159;0.293158;-0.293158;0.293158;-0.293158;0.0355893;0.0628868;0.0311291;0.0677848;0.0349274;0.0731606;0.0117437;0.0212704;0.0295011;0.0212391;0.0368452;0.0132413;0.753816;0.0875085;1;0.169093;1;0.905275;
56;0.289813;-0.289813;0.289813;-0.289813;0.289813;-0.289813;-0.0433582;0.100869;-0.0459519;0.103729;-0.0437299;0.106869;0.00685968;0.0124214;0.0172351;0.0124031;0.0294423;0.00773246;0.574636;0;1;0;1;0;
57;0.275955;-0.275955;0.275955;-0.275955;0.275955;-0.275955;-0.122665;0.156253;-0.124172;0.157923;-0.122871;0.159756;0.00400701;0.00725364;0.0100688;0.00724299;0.0171989;0.00451534;0.905135;0;1;0;0.973162;0;
58;0.250436;-0.250436;0.250436;-0.250436;0.250436;-0.250436;-0.181721;0.201337;-0.182595;0.202313;-0.181832;0.203383;0.00234053;0.00423564;0.00588165;0.00422942;0.010046;0.00263648;0.684476;0;1;0;1;0;
59;0.214179;-0.214179;0.214179;-0.214179;0.214179;-0.214179;-0.218632;0.230088;-0.219138;0.230658;-0.213415;0.231283;0.00136689;0.00247308;0.00343503;0.00246948;0.00586675;0.00153921;0.868667;0;1;0;1;0;
60;0.166496;-0.166496;0.166496;-0.166496;0.166496;-0.166496;-0.23943;0.246121;-0.229303;0.246454;-0.207782;0.246819;0.000798023;0.00144374;0.00200562;0.00144162;0.00342574;0.000898361;1;0;1;0;1;0;
61;0.103062;-0.103062;0.103062;-0.103062;0.103062;-0.103062;-0.245669;0.25332;-0.226223;0.253514;-0.199263;0.253727;0.000465626;0.000842583;0.001171;0.000841358;0.00200038;0.000524086;1;0;1;0;1;0;
62;0.0184138;-0.0184142;0.0184139;-0.0184139;0.0184147;-0.0184139;-0.232568;0.238013;-0.218777;0.244132;-0.183392;0.244041;0.000271666;0.000491501;0.00068374;0.000490813;0.00116858;0.000305525;0.98881;0;1;0;1;0;
63;-0.0808908;0.0808903;-0.0808907;0.0808907;-0.0808898;0.0808907;-0.204673;0.215849;-0.20639;0.224426;-0.157785;0.225087;0.000158752;0.000286492;0.000399518;0.000286093;0.000683578;0.000177879;0.975976;0;1;0;1;0;
64;-0.168493;0.168493;-0.168493;0.168493;-0.168492;0.168493;-0.163806;0.183071;-0.17594;0.205842;-0.117541;0.205581;9.35887e-05;0.000166812;0.000234044;0.000166678;0.0112099;0.000103465;0.868308;0;1;0;1;0;
65;-0.228615;0.228615;-0.228615;0.228615;-0.228615;0.228615;-0.110573;0.147781;-0.138719;0.19048;-0.0573083;0.190328;0.00526402;9.69133e-05;0.00508509;9.68054e-05;0.0253753;5.98642e-05;1;0;1;0;1;0;
66;-0.264692;0.264691;-0.264691;0.264691;-0.264691;0.264691;-0.0570843;0.136945;-0.0899715;0.161881;0.000539444;0.161792;0.0157159;5.61299e-05;0.00656086;5.6116e-05;0.046035;3.45543e-05;1;0;0.888347;0;1;0;
67;-0.284217;0.284216;-0.284216;0.284216;-0.284217;0.284216;0.0413869;0.105531;0.0029095;0.120097;0.0470774;0.120041;0.053035;3.23007e-05;0.0234024;0.00722704;0.0401854;1.9777e-05;1;0;1;0.576693;1;0;
68;-0.292489;0.292489;-0.292489;0.292489;-0.292489;0.292489;0.0569689;0.052982;0.0687069;0.061487;0.0649117;0.0614562;0.0309751;0.0205166;0.0292356;0.00529487;0.0234719;0.0318108;0.644323;0.969365;0.863524;0.481104;0.5805;0.993877;
69;-0.291686;0.291752;-0.291686;0.291686;-0.291724;0.291686;0.0853682;-0.0209978;0.0922234;-0.0161893;0.0900068;-0.0161958;0.0180888;0.0411;0.0170731;0.00556337;0.0137071;0.0209458;0;1;0;0.402516;0;1;
70;-0.280941;0.28098;-0.280941;0.280941;-0.280963;0.280941;0.14024;-0.102632;0.144243;-0.0998386;0.142949;-0.0998332;0.0105634;0.0360854;0.0099702;0.0032501;0.00800454;0.0137738;0;1;0;0.557922;0;1;
71;-0.258577;0.258601;-0.258577;0.258577;-0.25859;0.258577;0.190005;-0.168031;0.192343;-0.16641;0.191587;-0.1664;0.00616855;0.0210772;0.0058221;0.00189861;0.00467418;0.008046;0;1;0;0.629303;0;1;
72;-0.225212;0.225225;-0.225212;0.225211;-0.225219;0.225212;0.223285;-0.210443;0.224651;-0.209505;0.224209;-0.209494;0.00360192;0.0123096;0.00339959;0.00110892;0.00272921;0.00469936;0;1;0;0.570652;0;1;
73;-0.180948;0.180956;-0.180948;0.180948;-0.180952;0.180948;0.242518;-0.20526;0.243316;-0.23447;0.243058;-0.233295;0.00210299;0.00718844;0.00198483;0.000647432;0.00159331;0.00274409;0;1;0;0.382472;0;1;
74;-0.12247;0.122475;-0.12247;0.12247;-0.122472;0.12247;0.251946;-0.201366;0.252412;-0.247245;0.252261;-0.228682;0.00122759;0.00419772;0.00115859;0.000377738;0.000929933;0.00160221;0;1;0;0.74541;0;1;
75;-0.0438948;0.0438976;-0.0438948;0.0438948;-0.0438961;0.0438949;0.246802;-0.192136;0.246791;-0.236309;0.245871;-0.223323;0.000716357;0.00245136;0.000676058;0.000220264;0.000542507;0.000935515;0;1;0;0.639356;0;1;
76;0.0534501;-0.0534487;0.0534501;-0.0534501;0.0534495;-0.05345;0.23114;-0.171401;0.231503;-0.212589;0.22184;-0.210194;0.000417803;0.00143212;0.000394273;0.000128618;0.000316264;0.000546442;0;1;0;0.905068;0;1;
77;0.146925;-0.146924;0.146925;-0.146925;0.146925;-0.146925;0.192902;-0.13889;0.191374;-0.174517;0.196565;-0.186254;0.00024365;0.00484551;0.000229891;7.573e-05;0.000184173;0.000319627;0;1;0;0.772939;0;1;
78;0.214778;-0.214779;0.214778;-0.214778;0.214778;-0.214778;0.166378;-0.0753705;0.165534;-0.119622;0.162614;-0.148627;0.000141722;0.0301356;0.000133683;0.00714511;0.000107051;0.00137052;0;1;0;0.681266;0;1;
79;0.256704;-0.256705;0.256704;-0.256704;0.256704;-0.256704;0.153622;-0.0234741;0.153129;-0.0743312;0.151423;-0.104086;8.237e-05;0.0341004;7.77002e-05;0.0130276;6.202e-05;0.00748147;0;1;0;0.619225;0;0.971444;
80;0.280131;-0.280132;0.280131;-0.280132;0.280131;-0.280131;0.12293;0.044403;0.12264;0.0123675;0.121643;-0.0282944;0.0269408;0.0492445;4.49469e-05;0.0525089;3.57711e-05;0.011831;0.555298;1;0;0.958457;0;1;
81;0.29115;-0.291151;0.29115;-0.29115;0.29115;-0.29115;0.0736488;0.06256;0.0734785;0.0542163;0.0728953;0.055134;0.0157357;0.0287648;0.0273006;0.0306705;0.00845201;0.0464535;0.6387;1;0.869526;0.704101;0.493792;1;
82;0.292813;-0.292814;0.292813;-0.292813;0.292813;-0.292813;0.00330521;0.0762422;0.00321489;0.07137;0.00331667;0.0719066;0.0091917;0.0167982;0.0219349;0.0179113;0.0255151;0.0271289;0.637955;0;1;0;1;0.302663;
83;0.285021;-0.285022;0.285021;-0.285021;0.285022;-0.285021;-0.0797231;0.12618;-0.0797657;0.123334;-0.0797028;0.123648;0.00536912;0.00980967;0.0190056;0.0104597;0.0283578;0.0158428;0.83629;0;1;0;1;0;
84;0.265889;-0.26589;0.265889;-0.265889;0.26589;-0.265889;-0.151683;0.178814;-0.151701;0.177153;-0.151661;0.177336;0.00313627;0.00572838;0.0111019;0.00610805;0.0165644;0.00925172;0.464957;0;1;0;1;0;
85;0.23544;-0.23544;0.23544;-0.23544;0.235441;-0.23544;-0.200425;0.21627;-0.20043;0.2153;-0.200403;0.215407;0.00183182;0.00334487;0.00648438;0.00356659;0.00967453;0.00540248;0.701557;0;1;0;1;0;
86;0.194343;-0.194344;0.194344;-0.194343;0.194344;-0.194343;-0.229429;0.238684;-0.229428;0.238117;-0.207081;0.238179;0.00106966;0.00195286;0.00378671;0.00208238;0.00564949;0.00315454;0.745817;0;1;0;1;0;
87;0.140326;-0.140326;0.140326;-0.140326;0.140327;-0.140326;-0.244925;0.25033;-0.229882;0.249999;-0.203869;0.250036;0.000624365;0.00113991;0.00221107;0.00121556;0.00329892;0.00184168;0.776494;0;1;0;1;0;
88;0.0677847;-0.067785;0.0677848;-0.0677847;0.0677854;-0.0677847;-0.239605;0.251191;-0.225286;0.24984;-0.194052;0.249998;0.000364226;0.000665149;0.00129102;0.000709334;0.00192641;0.00107498;0.835624;0;1;0;1;0;
89;-0.0257066;0.025706;-0.0257065;0.0257065;-0.0257056;0.0257065;-0.222206;0.228196;-0.213537;0.237382;-0.170419;0.23705;0.000212585;0.000387887;0.000753973;0.000413707;0.00112594;0.00062725;0.852843;0;1;0;1;0;
90;-0.123252;0.123251;-0.123252;0.123252;-0.123251;0.123252;-0.191578;0.204204;-0.196172;0.204146;-0.143661;0.204097;0.000124544;0.000225971;0.000440707;0.000241091;0.000658997;0.000365785;1;0;1;0;1;0;
91;-0.198942;0.198942;-0.198942;0.198942;-0.198942;0.198942;-0.139829;0.167526;-0.156234;0.168608;-0.0891934;0.163877;0.0106074;0.000131429;0.00488717;0.000140308;0.0179215;0.000213109;1;0;1;0;1;0;
92;-0.247327;0.247326;-0.247327;0.247327;-0.247327;0.247327;-0.0817672;0.12805;-0.114873;0.156532;-0.0373945;0.124103;0.0114478;7.63055e-05;0.0028556;8.15022e-05;0.0389502;0.000124209;1;0;1;0;1;0;
93;-0.275124;0.275123;-0.275124;0.275124;-0.275124;0.275124;-0.0176409;0.115035;-0.0616793;0.131669;0.0433796;0.11273;0.0244555;4.41297e-05;0.00969671;0.00699374;0.0593832;7.20481e-05;1;0;0.864801;0.353964;1;0;
94;-0.289121;0.289121;-0.289121;0.289121;-0.289121;0.289121;0.0417002;0.0786979;0.0375243;0.0884164;0.0528523;0.0773536;0.0398874;2.55786e-05;0.0452197;0.00838498;0.034687;0.0163913;1;0.184569;1;0.441157;1;0.685176;
95;-0.293238;0.293238;-0.293238;0.293238;-0.293239;0.293238;0.0549591;0.0200036;0.0521207;0.024183;0.0568124;0.017727;0.0232945;0.0237946;0.0264098;0.0048999;0.020257;0.016299;0.137147;1;0.478432;0.516604;0;0.994369;
96;-0.288223;0.288223;-0.288223;0.288223;-0.288223;0.288223;0.103418;-0.0596246;0.10176;-0.0571986;0.1045;-0.0609578;0.0136035;0.0300183;0.0154228;0.00286275;0.0118296;0.0196767;0;1;0;0.385188;0;1;
97;-0.27234;0.272341;-0.27234;0.27234;-0.27234;0.27234;0.161243;-0.135656;0.160275;-0.13425;0.161875;-0.136438;0.00794399;0.0175348;0.00900648;0.00167272;0.00690803;0.0132414;0;1;0;0.318853;0;1;
98;-0.244882;0.244882;-0.244882;0.244882;-0.244882;0.244882;0.20511;-0.190157;0.204545;-0.189346;0.205479;-0.190617;0.00463882;0.0102418;0.0052593;0.000977208;0.00403378;0.00773423;0;1;0;0.363401;0;1;
