1;-0.000363587;0.000116065;9.94838e-05;-0.000363587;0.000116064;9.94836e-05;0.0349769;0.0347456;0.0352594;0.0349769;0.0347456;0.0352595;0.808667;0.808665;0.808666;0.808667;0.808665;0.808666;0;0;0;0;0;0;
2;0.0360774;-0.000489756;0.000352639;0.0151182;-0.00484344;0.000542882;0.134664;0.129774;0.123726;0.248485;0.203856;0.0941712;0.472422;0.472356;0.472359;0.472554;0.472416;0.472293;1;1;1;1;1;1;
3;0.0211752;-0.00731218;-0.00637738;0.00964401;-0.00436542;0.00133117;0.0939146;0.0874433;0.085984;0.145177;0.11898;0.0550811;0.275911;0.275875;0.275879;0.275999;0.275914;0.275825;0;0.976659;1;1;1;0;
4;0.0130011;-0.00495852;-0.00308986;0.00499721;-0.00191404;0.000142575;0.0548172;0.0556653;0.0571838;0.0848187;0.0717157;0.0321926;0.161133;0.161119;0.161122;0.161193;0.161143;0.161081;0;1;1;1;1;0;
5;0.00846879;-0.0041383;-0.000928742;0.00204228;-0.000234564;-0.000792925;0.0317559;0.0489704;0.0609989;0.0542215;0.0592459;0.0190543;0.0941007;0.0940989;0.0941008;0.094143;0.0941138;0.0940702;0;1;1;1;1;0;
6;0.00605314;-0.00352413;0.000564978;8.56345e-05;0.00834538;-0.00157055;0.0178859;0.0440484;0.0636104;0.0479164;0.0633634;0.011784;0.0549539;0.0549578;0.0549608;0.0549842;0.0549687;0.0549361;0;1;1;1;1;0;
7;0.00477827;-0.00231666;0.0015734;-0.000534653;0.00617706;-0.00216059;0.00914316;0.0481419;0.059844;0.0476043;0.0579447;-0.0116191;0.0320924;0.0320992;0.032103;0.032115;0.032108;0.0320822;0;1;1;1;1;0;
8;0.00392405;-0.00270681;0.00205251;-0.000832189;0.0050343;-0.00239543;0.00309107;0.0517669;0.049249;0.0525566;0.0521419;-0.00453979;0.0187415;0.0187499;0.0187535;0.0187595;0.0187569;0.0187355;0;1;1;1;1;0;
9;0.00282987;-0.00211926;0.00152611;9.19806e-05;0.00347874;-0.00193734;-0.00277758;0.051532;0.0453213;0.0536371;0.0498055;0.000881122;0.0109447;0.0109539;0.0110023;0.0109599;0.0165283;0.0109411;0.361128;1;1;1;1;0;
10;0.000757279;-0.000342449;-6.53409e-06;0.000949084;0.00113663;-0.000236151;-0.0106729;0.0504308;0.0397756;0.0600018;0.0528586;0.00340191;0.00639142;0.00849607;0.0155742;0.00901945;0.0223812;0.0063893;0.631508;1;1;1;1;0;
11;-0.0032039;0.00344598;-0.0036484;0.00420068;-0.00298242;0.00350816;-0.0233769;0.0473889;0.0384503;0.0569865;0.027601;0.00885168;0.00373219;0.00496472;0.0129375;0.0104134;0.0130733;0.00373104;0.634186;1;1;1;1;0;
12;-0.0101709;0.0103121;-0.0104304;0.0107534;-0.0100413;0.0103485;-0.0239545;0.0466809;0.0359233;0.0673733;0.0243587;0.0110271;0.00217888;0.00290178;0.0107077;0.015812;0.00763731;0.00217863;0.65112;1;1;1;1;0;
13;-0.0213978;0.0214803;-0.013475;0.021738;-0.0213223;0.0215014;-0.0272249;0.0429333;0.0291447;0.0628031;0.0224485;0.0104086;0.00127182;0.00169655;0.0109847;0.0102855;0.00446235;0.00127198;0.640123;1;1;1;1;0;
14;-0.037993;0.0380405;-0.0333628;0.038191;-0.0379491;0.0380532;-0.0229546;0.0363611;0.034181;0.0572846;0.0194844;0.00905555;0.000742001;0.000992244;0.00759203;0.00600891;0.00260749;0.000742792;0.639811;0.860074;1;1;1;0.181934;
15;-0.060269;0.0602971;-0.0575648;0.0603846;-0.060244;0.060304;-0.0145408;0.0312336;0.04636;0.0367303;0.0213362;0.0236616;0.000432272;0.00237641;0.00923042;0.00351115;0.00152403;0.00451954;1;1;1;1;1;1;
16;-0.086713;0.0867301;-0.0851336;0.0867805;-0.086699;0.0867337;0.00294349;0.0176147;0.0627194;0.010658;0.0351989;0.0140864;0.000251772;0.00848447;0.00539349;0.00205272;0.000890514;0.0111941;0.77329;1;1;1;0.588944;1;
17;-0.113106;0.113117;-0.112183;0.113145;-0.113098;0.113118;0.0345966;-0.00260738;0.090161;-0.0266494;0.053433;-0.0195582;0.000146341;0.0172144;0.00315089;0.00133945;0.000519698;0.0181458;0.576377;1;0.84208;1;0;1;
18;-0.132793;0.132817;-0.132254;0.132816;-0.132789;0.132799;0.0817691;-0.0499505;0.114219;-0.0771263;0.0927696;-0.0718254;8.5105e-05;0.0306897;0.00183975;0.000782889;0.000303109;0.0326308;0;1;0;0.851628;0;1;
19;-0.138308;0.168356;-0.137993;0.13832;-0.138305;0.13831;0.135536;-0.116939;0.154487;-0.132823;0.14196;-0.129719;4.93735e-05;0.0251372;0.00107401;0.000458457;0.00017659;0.0195328;0;1;0;0.924943;0;1;
20;-0.123564;0.141113;-0.12338;0.123571;-0.123563;0.123565;0.181277;-0.169606;0.192344;-0.179689;0.185028;-0.177872;2.84012e-05;0.0146847;0.000626783;0.000269198;0.00010266;0.011411;0;1;0;0.985329;0;1;
21;-0.0843836;0.094632;-0.0842763;0.0843872;-0.084383;0.0843841;0.212187;-0.18068;0.21865;-0.211258;0.214378;-0.210192;1.61311e-05;0.0085782;0.000365605;0.000157978;5.94555e-05;0.00666623;0;1;0;0.881508;0;1;
22;-0.0173034;0.0232893;-0.0172408;0.0173049;-0.0173035;0.0173037;0.228935;-0.173228;0.23271;-0.226982;0.230215;-0.210228;8.93615e-06;0.00501182;0.000213003;9.30363e-05;3.42006e-05;0.0038946;0;1;0;0.988969;0;1;
23;0.0725467;-0.0690495;0.0725833;-0.0725462;0.0725458;-0.0725466;0.229033;-0.154602;0.228995;-0.208324;0.228955;-0.201189;4.70105e-06;0.00692798;0.000123873;5.42975e-05;1.94508e-05;0.002276;0;1;0;0.990305;0;1;
24;0.15962;-0.157576;0.159641;-0.15962;0.159619;-0.15962;0.222386;-0.121686;0.222199;-0.171103;0.22241;-0.180053;2.25394e-06;0.0282593;7.18299e-05;-0.00162153;1.08367e-05;0.00133079;0;1;0;1;0;1;
25;0.222491;-0.221297;0.222504;-0.222491;0.22249;-0.222492;0.203117;-0.0668523;0.203008;-0.124358;0.203131;-0.146915;8.00852e-07;0.0276216;4.13806e-05;-0.000945895;5.85695e-06;0.000777991;0;1;0;1;0;1;
26;0.261128;-0.260431;0.261135;-0.261128;0.261128;-0.261129;0.172955;-0.000145068;0.172891;-0.0639705;0.172963;-0.0981602;7.17219e-09;0.0285761;2.36707e-05;0.0112008;2.94054e-06;0.00623042;0;1;0;1;0;1;
27;0.282492;-0.282086;0.282497;-0.282494;0.282493;-0.282494;0.131469;0.0252267;0.131429;0.0058571;0.131471;-0.0244367;0.00547026;0.0274247;1.33999e-05;0.0303584;1.26014e-06;0.0113893;0.803596;1;0;1;0;1;
28;0.292154;-0.291917;0.292157;-0.292155;0.292155;-0.292155;0.0748604;0.0576747;0.0748362;0.0510867;0.0748603;0.0557214;0.00868044;0.0166607;0.0190099;0.018178;0.00348015;0.0247673;1;1;1;1;1;1;
29;0.291026;-0.29314;0.291327;-0.292731;0.288585;-0.292731;-0.000558383;0.0779628;-0.00056697;0.0741155;0.00311328;0.0768251;0.00786575;0.00972961;0.0205184;0.0106157;0.0518358;0.0144654;1;0;1;0;1;1;
30;0.28277;-0.284005;0.282945;-0.283766;0.281345;-0.283766;-0.0853957;0.130601;-0.0853886;0.128354;-0.0824709;0.129937;0.00824919;0.00568173;0.0358072;0.00619909;0.0561686;0.00844726;1;0;1;0;1;0;
31;0.262794;-0.263516;0.262896;-0.263376;0.261963;-0.263376;-0.156228;0.182629;-0.156214;0.181317;-0.154506;0.182241;0.00481899;0.00331766;0.0209171;0.00361985;0.0328102;0.00493279;1;0;1;0;1;0;
32;0.23147;-0.231892;0.231529;-0.23181;0.230986;-0.23181;-0.203296;0.218716;-0.203282;0.217949;-0.202282;0.218489;0.00281534;0.00193698;0.0122186;0.00211355;0.0191627;0.0028803;1;0;1;0;1;0;
33;0.189351;-0.189598;0.189385;-0.18955;0.189068;-0.18955;-0.231023;0.240029;-0.230676;0.239581;-0.219852;0.239897;0.00164436;0.00113061;0.00713702;0.00123385;0.0111889;0.00168163;1;0;1;0;1;0;
34;0.133815;-0.13396;0.133835;-0.133931;0.133651;-0.133931;-0.245638;0.250898;-0.226141;0.250636;-0.210087;0.250821;0.000959686;0.000659682;0.00416854;0.00072007;0.00653108;0.000981584;1;0;1;0;1;0;
35;0.0591157;-0.0592004;0.0591273;-0.0591837;0.0590212;-0.0591837;-0.243278;0.249951;-0.218724;0.248895;-0.192926;0.249678;0.000559283;0.000384674;0.00243513;0.000420008;0.00381253;0.000572715;1;0;1;0;1;0;
36;-0.0359583;0.0359084;-0.0359515;0.0359184;-0.036012;0.0359184;-0.22399;0.225965;-0.208836;0.234734;-0.173406;0.236338;-0.00146105;0.000224076;0.00142303;0.000244768;0.00178174;0.000333935;1;0;1;0;1;0;
37;-0.132231;0.132202;-0.132227;0.132208;-0.132262;0.132208;-0.190094;0.202112;-0.186906;0.202695;-0.150221;0.213601;-0.00593112;0.000130352;0.000832116;0.000142656;0.00605593;0.000194671;1;0;1;0;1;0;
38;-0.205035;0.205017;-0.205032;0.205021;-0.205052;0.205021;-0.142027;0.167476;-0.156545;0.175163;-0.103285;0.202706;-0.00346394;7.55874e-05;0.000487115;8.27129e-05;0.0122414;0.000113101;1;0;1;0;1;0;
39;-0.250964;0.250953;-0.250963;0.250955;-0.250975;0.250955;-0.0931889;0.157756;-0.118813;0.162246;-0.0454979;0.178331;-0.0040202;4.36641e-05;0.000285118;4.7937e-05;0.0181821;6.56121e-05;1;0;1;0;1;0;
40;-0.277089;0.277082;-0.277089;0.277083;-0.277098;0.277083;-0.0167085;0.129854;-0.0617029;0.132477;0.00366068;0.141869;0.0220011;2.5078e-05;0.00016698;0.0061327;0.0199655;3.79523e-05;1;0;1;0.542957;1;0;
41;-0.289955;0.28995;-0.289955;0.289951;-0.290343;0.289951;0.0370181;0.0838876;0.0401295;0.0854242;0.055026;0.0909055;0.0240813;1.5033e-05;0.03181;0.00798652;0.0281942;0.0161941;1;0.480919;1;0.821131;1;1;
42;-0.293163;0.29316;-0.293163;0.29316;-0.29339;0.29316;0.0535523;0.0170678;0.0555246;0.0179615;0.0672072;0.0211675;0.0140649;0.0219879;0.0185793;0.00662576;0.0164653;0.0243965;0.950664;1;1;0.963149;0.0921412;1;
43;-0.287144;0.287142;-0.287143;0.287142;-0.287276;0.27561;0.106571;-0.0653129;0.107724;-0.0648062;0.114546;-0.0629213;0.00821349;0.0328258;0.0108501;0.00875245;0.00961525;0.0326903;0;1;0;0.678401;0;1;
44;-0.270065;0.270066;-0.270065;0.270064;-0.270143;0.263329;0.164832;-0.140723;0.165505;-0.140441;0.169489;-0.13933;0.00479629;0.0273987;0.00633604;0.00511248;0.00561485;0.0190961;0;1;0;0.995559;0;1;
45;-0.241493;0.241494;-0.241493;0.241492;-0.241538;0.237558;0.207596;-0.185505;0.207989;-0.19335;0.210316;-0.192695;0.00280054;0.0167064;0.00369974;0.00298611;0.00327861;0.0111545;0;1;0;1;0;1;
46;-0.202303;0.202304;-0.202303;0.202302;-0.202329;0.200004;0.233717;-0.189631;0.233947;-0.225397;0.235305;-0.225009;0.00163497;0.00976087;0.0021601;0.00174399;0.00191421;0.00651496;0;1;0;1;0;1;
47;-0.150865;0.150866;-0.150865;0.150864;-0.15088;0.149522;0.247773;-0.202428;0.247907;-0.242913;0.248701;-0.230027;0.00095428;0.00570213;0.00126093;0.00101831;0.00111736;0.00380422;0;1;0;1;0;1;
48;-0.0819841;0.0819852;-0.0819841;0.0819838;-0.0819931;0.0812001;0.252224;-0.200365;0.251433;-0.244641;0.25182;-0.226483;0.000556791;0.00332904;0.000735851;0.000594025;0.000651984;0.00222125;0;1;0;1;0;1;
49;0.00835554;-0.00835459;0.00835551;-0.00835563;0.00835057;-0.00881321;0.23996;-0.186065;0.240549;-0.229176;0.23131;-0.223996;0.000324622;-0.00137046;0.000429182;0.000345856;0.00038019;0.00129623;0;1;0;0.94428;0;1;
50;0.107334;-0.107335;0.107334;-0.107334;0.107332;-0.107601;0.213359;-0.165321;0.210654;-0.204073;0.212839;-0.20971;0.00018908;-0.00431997;0.000250138;-0.00568147;0.000221485;-0.0085214;0;1;0;1;0;1;
51;0.187852;-0.187854;0.187852;-0.187852;0.187851;-0.188008;0.201145;-0.129848;0.17766;-0.160185;0.178458;-0.186304;0.000109993;-0.0103235;0.000145585;-0.00331833;0.000128808;-0.00536099;0;1;0;1;0;1;
52;0.240617;-0.240621;0.240616;-0.240616;0.240616;-0.240708;0.182709;-0.0731615;0.168994;-0.100371;0.169461;-0.174042;6.36995e-05;-0.00602797;8.45486e-05;-0.00193757;7.47938e-05;-0.00313283;0;1;0;1;0;1;
53;0.271439;-0.271446;0.27144;-0.271439;0.271439;-0.271494;0.151124;-0.0210706;0.143114;-0.0364763;0.143386;-0.146062;3.72245e-05;0.0141549;4.89669e-05;0.026502;4.32186e-05;-0.00183114;0.733016;1;0;1;0;1;
54;0.287465;-0.287472;0.287467;-0.287466;0.287466;-0.287499;0.105457;0.0268002;0.100772;0.00631555;0.100933;-0.102491;0.00644576;0.00880552;2.81769e-05;0.0154808;2.59279e-05;-0.00107074;1;1;0;1;0.546693;1;
55;0.293157;-0.293162;0.293158;-0.293158;0.293159;-0.293178;0.04163;0.0647391;0.0388921;0.0236515;0.0389892;-0.0398874;0.0111331;0.00514292;0.0102568;0.00904106;0.00650826;-0.00062549;1;0.903403;1;0.462835;1;1;
56;0.289812;-0.289815;0.289812;-0.289813;0.28963;-0.289824;-0.0398294;0.10195;-0.0414207;0.0779557;-0.0413608;0.0408512;0.00650339;0.00300302;0.0165061;0.00527961;0.0536101;-0.000364551;1;0;1;0;1;0.598451;
57;0.275954;-0.275956;0.275954;-0.275955;0.275849;-0.275962;-0.120605;0.156884;-0.121522;0.142871;-0.117093;0.121202;0.00379924;0.00175344;0.017105;0.0030828;0.0603025;-0.000213378;0.991024;0;1;0;1;0;
58;0.250435;-0.250437;0.250435;-0.250436;0.250375;-0.25044;-0.180517;0.201706;-0.181046;0.193522;-0.178397;0.180868;0.00222004;0.00102361;0.00999255;0.00179991;0.035225;-0.000124999;1;0;1;0;1;0;
59;0.214178;-0.21418;0.21418;-0.214179;0.214143;-0.214181;-0.217928;0.230303;-0.218232;0.225524;-0.216682;0.218134;0.00129699;0.000597276;0.00583617;0.00105064;0.0205713;-7.34577e-05;1;0;1;0;1;0;
60;0.166495;-0.166496;0.166497;-0.166496;0.166475;-0.166497;-0.239019;0.246247;-0.235885;0.243456;-0.2226;0.23914;0.000757387;0.000348243;0.00340729;0.000613081;-0.0114846;-4.33927e-05;1;0;1;0;1;0;
61;0.103061;-0.103062;0.103062;-0.103062;0.103049;-0.103062;-0.242295;0.252855;-0.240286;0.251763;-0.225777;0.249243;-0.00557226;0.000202772;0.00198796;0.000357559;-0.0164594;-2.58172e-05;1;0;1;0;1;0;
62;0.0184134;-0.0184143;0.0184144;-0.0184137;0.0184069;-0.0184142;-0.236372;0.241577;-0.227971;0.240854;-0.2039;0.240495;-0.00325558;0.000117844;-0.00303507;0.000208304;-0.0131607;-1.56231e-05;1;0;1;0;1;0;
63;-0.080891;0.0808904;-0.0808904;0.0808908;-0.0808947;0.0808905;-0.214391;0.216207;-0.213633;0.226604;-0.177202;0.226661;-0.00454958;6.82747e-05;-0.0100856;0.000121122;-0.0183696;-9.66529e-06;1;0;1;0;1;0;
64;-0.168494;0.168493;-0.168493;0.168493;-0.168496;0.168493;-0.177859;0.187878;-0.186247;0.218841;-0.137995;0.218742;-0.00265811;3.93375e-05;-0.00589095;7.02563e-05;-0.0107308;-6.11611e-06;1;0;1;0;1;0;
65;-0.228617;0.228615;-0.228616;0.228615;-0.228619;0.228615;-0.126716;0.179989;-0.146393;0.198072;-0.0834907;0.198014;-0.00228163;2.24594e-05;-0.00344053;4.05779e-05;-0.00626852;-4.002e-06;1;0;1;0;1;0;
66;-0.264694;0.264692;-0.264692;0.264692;-0.264696;0.264692;-0.061485;0.155754;-0.0964679;0.166314;-0.0305452;0.166281;0.00358075;1.26299e-05;-0.00200904;2.32475e-05;0.0157477;-2.76334e-06;1;0;1;0;1;0;
67;-0.284219;0.284217;-0.284218;0.284216;-0.284222;0.284217;0.010241;0.116515;-0.00995974;0.122686;0.030558;0.122663;0.0219835;6.96658e-06;-0.00117286;0.0143471;0.0168849;-1.99223e-06;1;0;1;0.580771;1;0;
68;-0.292491;0.292489;-0.29249;0.292489;-0.292494;0.292489;0.0583064;0.0593966;0.0663412;0.063;0.0641506;0.0629857;0.0128408;0.0131555;0.0239181;0.0112317;0.0147117;0.0254742;1;1;1;0.929303;1;1;
69;-0.291684;0.295621;-0.288864;0.288028;-0.292876;0.28064;0.0861496;-0.0173984;0.0908451;-0.0153037;0.0895624;-0.0153032;0.00749866;0.0320863;0.0139696;0.00794583;0.00859113;0.0362008;0;1;1;0.775418;0;1;
70;-0.28094;0.283241;-0.279293;0.278805;-0.281636;0.249518;0.140696;-0.0993913;0.143438;-0.0993216;0.142689;-0.099307;0.00437875;0.0607078;0.00815771;0.00464194;0.00501683;0.033729;0;1;0;0.640246;0;1;
71;-0.258576;0.259921;-0.257615;0.257329;-0.258983;0.20102;0.190271;-0.161013;0.191873;-0.166107;0.191435;-0.166088;0.00255675;0.0410106;0.00476365;0.00271244;0.00292938;0.0246996;0;1;0;0.903238;0;1;
72;-0.225211;0.225997;-0.22465;0.224482;-0.225449;0.161984;0.223441;-0.184207;0.224376;-0.209327;0.224121;-0.209309;0.00149265;0.0239568;0.00278145;0.00158483;0.00171025;0.0144285;0;1;0;1;0;1;
73;-0.180948;0.181407;-0.18062;0.180522;-0.181086;0.144022;0.242609;-0.196256;0.243155;-0.234366;0.243006;-0.228994;0.000871199;0.0139939;0.00162382;0.000925582;0.000998242;0.00842764;0;1;0;1;0;1;
74;-0.12247;0.122738;-0.122278;0.122221;-0.12255;0.100905;0.251999;-0.204335;0.252318;-0.247184;0.252231;-0.227129;0.000508254;0.00817253;0.000947766;0.000540199;0.000582415;0.0049213;0;1;0;1;0;1;
75;-0.0438948;0.044052;-0.043783;0.0437497;-0.0439418;0.0313018;0.248413;-0.199837;0.248316;-0.237356;0.24779;-0.225525;0.000296307;0.00477075;0.000552965;0.000314754;0.000339562;0.00287303;0;1;0;1;0;1;
76;0.05345;-0.0533585;0.0535153;-0.0535346;0.0534229;-0.060804;0.231881;-0.179742;0.233258;-0.219104;0.224351;-0.216647;0.000172504;-0.00594488;0.000322394;0.000182798;0.000197753;-0.00163147;0;1;0;1;0;1;
77;0.146925;-0.146872;0.146963;-0.146974;0.146909;-0.15122;0.223911;-0.14687;0.226549;-0.188083;0.197824;-0.191955;0.000100286;-0.00857478;0.000187798;-0.00724048;0.000114943;-0.009899;0;1;0;1;0;1;
78;0.214778;-0.214748;0.2148;-0.214808;0.214769;-0.217287;0.205823;-0.0959052;0.207363;-0.144489;0.160327;-0.154423;5.80807e-05;-0.00719895;0.000109197;-0.00422954;6.65951e-05;-0.00578098;0;1;0;1;0;1;
79;0.256704;-0.256688;0.256717;-0.256723;0.256699;-0.258169;0.176657;-0.0467663;0.177556;-0.0896804;0.150088;-0.110742;3.34504e-05;0.0132799;6.33027e-05;-0.00246982;3.84376e-05;-0.00337555;0;1;0;1;0;1;
80;0.280131;-0.280123;0.280139;-0.280145;0.280128;-0.280987;0.136381;0.0133581;0.136905;-0.013029;0.120864;-0.0813704;1.9454e-05;-0.0060057;3.65127e-05;-0.00144137;2.209e-05;-0.00197062;0.228404;1;0;1;0;1;
81;0.291149;-0.291146;0.291155;-0.291159;0.291148;-0.291651;0.0815083;0.0448674;0.0818057;0.0460708;0.0724384;-0.0493674;0.015962;0.0107437;2.11629e-05;0.0168303;1.32716e-05;-0.000550617;1;1;0.326221;1;0.330747;1;
82;0.292278;-0.292811;0.292816;-0.292818;0.286753;-0.293106;0.00789856;0.065911;0.00807339;0.0666141;0.00260623;0.010882;0.0127869;0.00627446;0.0115147;0.00982925;0.038622;-0.000320057;1;0.0794248;1;0.27878;1;1;
83;0.284709;-0.28502;0.285023;-0.285024;0.281481;-0.285192;-0.0770396;0.120146;-0.0769271;0.120557;-0.0801131;0.0880094;0.00930548;0.00366392;0.0278717;0.00573978;0.0471428;-0.000187328;0.965684;0;1;0;1;0;
84;0.265706;-0.265889;0.265891;-0.265891;0.263823;-0.265989;-0.150115;0.175291;-0.15004;0.175531;-0.151897;0.156523;0.00543679;0.0021393;0.0231648;0.00335162;0.029034;-0.00010978;1;0;1;0;1;0;
85;0.235333;-0.23544;0.235441;-0.235441;0.234233;-0.235499;-0.199508;0.214213;-0.199459;0.214353;-0.20054;0.203252;0.00317675;0.00124884;0.0135309;0.00195689;0.0169579;-6.45187e-05;1;0;1;0;1;0;
86;0.19428;-0.194343;0.194343;-0.194344;0.193639;-0.194377;-0.228893;0.237482;-0.22886;0.237564;-0.214358;0.231081;0.00185579;0.000728751;0.0079035;0.00114237;0.00990216;-3.81222e-05;1;0;1;0;1;0;
87;0.140289;-0.140326;0.140326;-0.140326;0.139915;-0.140346;-0.244612;0.249629;-0.236583;0.249676;-0.210649;0.245891;0.00108368;0.000425036;0.00461435;0.000666622;0.00578086;-2.27877e-05;1;0;1;0;1;0;
88;0.0677634;-0.0677848;0.0677858;-0.0677851;0.0675447;-0.0677966;-0.241017;0.250912;-0.228909;0.250954;-0.203726;0.250252;0.000632327;0.000247665;0.00269351;0.000388784;0.00337358;-1.38222e-05;1;0;1;0;1;0;
89;-0.0257185;0.0257065;-0.0257052;0.025706;-0.0258466;0.0256993;-0.225379;0.22995;-0.222021;0.237705;-0.185621;0.237518;0.00036857;0.000144065;0.00157181;0.000226517;-0.00646403;-8.61288e-06;1;0;1;0;1;0;
90;-0.123258;0.123252;-0.12325;0.123251;-0.123334;0.123247;-0.195857;0.204959;-0.202761;0.209049;-0.161525;0.201695;-0.00649731;8.35917e-05;-0.011819;0.000131958;-0.00734334;-5.45252e-06;1;0;1;0;1;0;
91;-0.198947;0.198943;-0.198942;0.198942;-0.198992;0.19894;-0.153322;0.169545;-0.168934;0.201701;-0.111148;0.181163;-0.00379463;4.82729e-05;-0.00690285;7.65001e-05;-0.0126539;-3.68725e-06;1;0;1;0;1;0;
92;-0.247331;0.247327;-0.247326;0.247327;-0.247357;0.247325;-0.102375;0.160948;-0.129203;0.179727;-0.0566988;0.167733;-0.00221556;2.77226e-05;-0.00403147;4.42385e-05;-0.00739024;-2.56005e-06;1;0;1;0;1;0;
93;-0.275128;0.275124;-0.275124;0.275123;-0.275143;0.275123;-0.0351036;0.134247;-0.112196;0.145215;-0.0131387;0.13821;-0.00129327;1.57906e-05;-0.00235419;2.58029e-05;0.0194624;-1.94367e-06;1;0;1;0.225038;1;0;
94;-0.289125;0.289121;-0.289121;0.289119;-0.289134;0.289121;0.0309571;0.0899174;-0.0770335;0.0963322;0.023653;0.0922313;0.0211644;8.84091e-06;-0.00137344;0.0206539;0.0116777;-1.50076e-06;1;0;1;1;1;0;
95;-0.293241;0.293238;-0.293239;0.291725;-0.293246;0.314232;0.0600056;0.0250596;-0.0175232;0.0288116;0.0412708;0.0264101;0.0123615;0.0122655;-0.000800112;0.0234564;0.00682013;0.00501395;0.875287;1;1;1;0.36318;1;
96;-0.288225;0.263897;-0.288224;0.285952;-0.288228;0.300485;0.106365;-0.05551;0.061091;-0.0544919;0.0954242;-0.0558887;0.0072185;0.0548684;-0.000466929;0.0167515;0.00398267;0.0226839;0;1;0.606207;0.895334;0;1;
97;-0.272341;0.258661;-0.272341;0.271013;-0.272343;0.279497;0.162964;-0.131139;0.136524;-0.132668;0.156574;-0.133471;0.00421518;0.0445994;-0.000273054;0.00978484;0.00232545;0.0370408;0;1;0;0.652678;0;1;
98;-0.244882;0.236894;-0.244882;0.244106;-0.244884;0.24906;0.206115;-0.184371;0.190674;-0.188421;0.202384;-0.188882;0.00246125;0.0288868;-0.000159856;0.00571603;0.00135759;0.021637;0;1;0;0.837154;0;1;
