1;-0.000363588;0.000116064;9.94837e-05;-0.000363588;0.000116064;9.94837e-05;0.0349769;0.0347456;0.0352595;0.0349769;0.0347456;0.0352595;0.808667;0.808665;0.808666;0.808667;0.808665;0.808666;0;0;0;0;0;0;
2;-0.000972677;-0.0112172;4.24078e-05;-0.000203309;0.0170433;0.000524573;0.174188;0.187534;0.176451;0.135769;0.145302;0.165261;0.472365;0.472384;0.472367;0.472373;0.472385;0.472407;1;1;1;1;1;1;
3;0.00473243;-0.0207846;0.00588059;-0.00582616;0.0126688;-0.00325056;0.101822;0.110478;0.103337;0.0958704;0.110266;0.11906;0.275882;0.275892;0.275879;0.275886;0.275891;0.275909;1;0.802986;0.960378;0.426965;1;1;
4;0.00913066;-0.0127731;0.00406917;-0.00403762;0.00803383;-0.00583297;0.0594471;0.0645523;0.0603255;0.0560181;0.0643743;0.0695686;0.161126;0.161129;0.161119;0.161122;0.161127;0.161141;1;1;1;0.692544;1;1;
5;0.00628418;-0.00833605;0.00325245;-0.00448071;0.00556821;-0.00522767;0.0431942;0.0380719;0.0349778;0.0329733;0.0387593;0.0490789;0.0941034;0.0941035;0.0940959;0.0940981;0.0941034;0.0941123;1;1;1;0.750338;1;1;
6;0.00477722;-0.00597582;0.00177754;-0.00432817;0.00513029;-0.0051072;0.0398089;0.0334429;0.0233494;0.0261239;0.0302632;0.0464585;0.0549603;0.0549591;0.0549543;0.054956;0.0549599;0.054966;1;1;1;0.862382;1;1;
7;0.00390298;-0.00473331;0.00228127;-0.00487067;0.00567618;-0.00490433;0.0366831;0.0304702;0.0189398;0.0260171;0.026769;0.0448849;0.0321007;0.0320985;0.0320956;0.0320968;0.0320998;0.0321042;1;1;1;0.918453;1;1;
8;0.00226537;-0.00389795;0.00213638;-0.0041271;0.00584047;-0.00491702;0.0328426;0.0318489;0.0182202;0.0254964;0.0249094;0.0487452;0.01875;0.0187476;0.0187459;0.0187466;0.0187494;0.0187529;1;1;1;0.737048;1;1;
9;0.000187587;-0.00281491;0.00146454;-0.00294887;0.0041355;-0.0034102;0.0306928;0.032274;0.0150258;0.0271987;0.0226825;0.0500565;0.0109532;0.0109506;0.0109496;0.01095;0.0109527;0.0109556;1;1;1;0.852259;1;1;
10;-0.00078596;-0.000748729;-4.01201e-05;-0.000827115;0.00152051;-0.00109658;0.0271736;0.032955;0.0120152;0.0292824;0.0203973;0.0523254;0.00639982;0.00639698;0.0063967;0.00639659;0.00639955;0.0076988;1;1;1;0.916445;1;1;
11;-0.00410518;0.00320863;-0.00366951;0.00316272;-0.00275731;0.00300535;0.0244664;0.0344747;0.00913146;0.0322466;0.0185054;0.055333;0.00469795;0.00373744;0.00373786;0.00373726;0.00518218;0.00688343;1;0.964846;1;0.939018;1;1;
12;-0.0106973;0.0101734;-0.0104429;0.0101465;-0.00990919;0.0100546;0.0220647;0.0357353;0.00812859;0.0348779;0.0173244;0.0586789;0.00425506;0.0021841;0.00218547;0.00218414;0.00528461;0.00682675;1;0.872721;1;0.949277;1;1;
13;-0.0217053;0.021399;-0.0215568;0.0213833;-0.0212441;0.0213295;0.0213819;0.0361;0.00613731;0.0359999;0.0165658;0.0591823;0.00443692;0.00127692;0.00168191;0.00127708;0.00511384;0.00663004;1;0.816847;1;0.975509;1;1;
14;-0.038172;0.0379929;-0.0380856;0.0379838;-0.037902;0.0379524;0.0242037;0.0348564;0.00789905;0.0335224;0.0177795;0.0558634;0.0056341;0.000747466;0.000984281;0.000747494;0.00455555;0.00739065;1;0.936651;1;1;1;1;
15;-0.0603732;0.0602682;-0.0603233;0.0602634;-0.0602153;0.0602449;0.0349113;0.0311576;0.0163229;0.0245564;0.0222481;0.0456709;0.00575302;0.00334055;0.000576487;0.00100605;0.00266272;0.0106157;1;1;1;1;1;1;
16;-0.0867739;0.0867108;-0.0867446;0.0867097;-0.0866815;0.0866987;0.0520536;0.0237725;0.040064;0.00375467;0.0351262;0.0285225;0.00336182;0.0122704;0.00033758;0.0057832;0.00155573;0.0148881;1;1;1;1;0.497005;1;
17;-0.113141;0.113104;-0.113124;0.113104;-0.113088;0.113097;0.0632791;0.00436874;0.0562749;-0.0306814;0.0533905;-0.0136659;0.00196421;0.0212952;0.000197051;0.00356696;0.000908177;0.0170184;1;1;0.394294;1;0;1;
18;-0.132814;0.132793;-0.132804;0.132792;-0.132783;0.132788;0.0985197;-0.0488788;0.0944292;-0.0794794;0.0927448;-0.0695356;0.00114669;0.0356644;0.000114685;0.00392634;0.000530004;0.0162322;0;1;0;1;0;1;
19;-0.13832;0.138308;-0.138314;0.138306;-0.138301;0.138304;0.145318;-0.116313;0.14293;-0.134196;0.141946;-0.128383;0.000669249;0.0289049;6.66138e-05;0.00510385;0.000309122;0.0248078;0;1;0;1;0;1;
20;-0.123571;0.123564;-0.123568;0.123563;-0.12356;0.123562;0.18699;-0.170041;0.185594;-0.180491;0.18502;-0.177094;0.000390453;0.0168821;3.84557e-05;0.00298249;0.000180056;0.0144879;0;1;0;1;0;1;
21;-0.0843878;0.0843825;-0.0843858;0.0843832;-0.0843814;0.084383;0.215523;-0.205618;0.214708;-0.211725;0.214373;-0.20974;0.00022758;0.00985634;2.2013e-05;0.00174291;0.000104621;0.00846064;0;1;0;1;0;1;
22;-0.0173062;0.0173022;-0.0173051;0.0173038;-0.0173022;0.0173038;0.230884;-0.213692;0.230408;-0.228664;0.230212;-0.227504;0.000132444;-0.0151358;1.2374e-05;0.00101787;6.05553e-05;0.00493908;0;1;0;1;0;1;
23;0.0725444;-0.0725482;0.072545;-0.0725455;0.0725474;-0.0725456;0.229515;-0.20713;0.22998;-0.217733;0.229621;-0.222818;7.69042e-05;-0.0222944;6.7653e-06;0.000593458;3.47874e-05;0.00288227;0;1;0;1;0;1;
24;0.159618;-0.159622;0.159618;-0.159618;0.15962;-0.159619;0.222737;-0.168528;0.223008;-0.188556;0.222799;-0.196792;4.44568e-05;-0.0274261;3.51003e-06;-0.00583697;1.97386e-05;-0.00525288;0;1;0;1;0;1;
25;0.22249;-0.222495;0.22249;-0.222491;0.222492;-0.222491;0.203322;-0.111828;0.203481;-0.137489;0.203358;-0.18817;2.55175e-05;-0.0247809;1.61592e-06;-0.00340977;1.09772e-05;-0.00306943;0;1;0;1;0;1;
26;0.261127;-0.261133;0.261128;-0.261129;0.261128;-0.261128;0.173074;-0.0453443;0.173167;-0.0755158;0.173095;-0.164226;1.4468e-05;-0.016192;5.29633e-07;-0.0031484;5.9075e-06;-0.00179412;0;1;0;1;0;1;
27;0.282491;-0.282499;0.282493;-0.282494;0.282493;-0.282494;0.131541;-0.00854562;0.13159;-0.016163;0.131548;-0.126367;0.0117762;-0.00945499;-1.05224e-07;0.0148068;3.01515e-06;-0.00104933;1;1;0;1;0;1;
28;0.292152;-0.292159;0.292155;-0.292156;0.292155;-0.292157;0.0749084;0.0311822;0.074925;0.0437867;0.0749007;-0.0718689;0.0173672;-0.00552031;-4.7585e-07;0.00864976;1.44392e-06;-0.000612868;1;1;0;1;0;1;
29;0.285532;-0.299919;0.29273;-0.292678;0.290835;-0.30116;-0.000524774;0.0624916;-0.00052321;0.0698521;-0.000533069;0.00231759;0.0204744;-0.00322406;0.00177315;0.0050512;0.0149329;-0.000356809;1;0;1;0;1;1;
30;0.279561;-0.287963;0.283766;-0.283735;0.282658;-0.288688;-0.0853738;0.121566;-0.0853689;0.125865;-0.0801078;0.0864268;0.013575;-0.00188316;0.00763233;0.00294941;0.0640129;-0.000208223;1;0;1;0;1;0.633834;
31;0.26092;-0.265827;0.263374;-0.263358;0.26273;-0.266251;-0.156215;0.177352;-0.1562;0.179863;-0.14113;0.156831;0.00792944;-0.00110014;0.0313904;0.00172198;0.0528316;-0.000122031;1;0;1;0;1;0;
32;0.230376;-0.233242;0.231807;-0.2318;0.231434;-0.233489;-0.203288;0.215634;-0.203271;0.2171;-0.176865;0.20365;0.0046322;-0.000642956;0.0185739;0.00100518;0.0308626;-7.16937e-05;1;0;1;0;1;0;
33;0.188712;-0.190386;0.189547;-0.189544;0.189331;-0.19053;-0.231018;0.238229;-0.228925;0.239086;-0.19604;0.231231;0.00270568;-0.000376001;0.0108489;0.000586527;0.0180276;-4.23629e-05;1;0;1;0;1;0;
34;0.133442;-0.13442;0.13393;-0.133928;0.133804;-0.134504;-0.245634;0.249847;-0.231873;0.250347;-0.20557;0.24576;0.00158057;-0.000220133;0.00633493;0.000342019;0.0105283;-2.52557e-05;1;0;1;0;1;0;
35;0.0588982;-0.059469;0.0591837;-0.0591819;0.0591093;-0.0595184;-0.242851;0.249644;-0.227879;0.249652;-0.206035;0.249563;0.000922129;-0.000129104;0.00369809;0.000199216;0.00614629;-1.52624e-05;1;0;1;0;1;0;
36;-0.036085;0.0357517;-0.0359176;0.0359192;-0.0359617;0.0357227;-0.224479;0.228358;-0.219559;0.236247;-0.19136;0.236521;0.000537226;-7.59605e-05;-0.00248534;0.000115813;-0.00630345;-9.45177e-06;1;0;1;0;1;0;
37;-0.132305;0.132111;-0.132207;0.132208;-0.132233;0.132093;-0.20004;0.202861;-0.200119;0.221373;-0.160727;0.221877;-0.00457755;-4.49005e-05;-0.00529704;6.72336e-05;-0.0108081;-5.92402e-06;1;0;1;0;1;0;
38;-0.205078;0.204964;-0.205021;0.205021;-0.205036;0.204954;-0.153718;0.164098;-0.160918;0.207245;-0.113241;0.20754;-0.00267459;-2.67772e-05;-0.00309401;3.87518e-05;-0.0133945;-3.98032e-06;1;0;1;0;1;0;
39;-0.25099;0.250922;-0.250955;0.250955;-0.250965;0.250916;-0.105244;0.155784;-0.120157;0.180981;-0.0555647;0.181153;-0.00361238;-1.60957e-05;-0.00180683;2.21739e-05;-0.00950202;-2.77516e-06;1;0;1;0;1;0;
40;-0.277105;0.277064;-0.277084;0.277081;-0.27709;0.27706;-0.0395487;0.128702;-0.0471008;0.143423;-0.0311107;0.143518;0.0103367;-9.8243e-06;-0.00105497;0.0124;-0.00554881;-2.06858e-06;1;0;1;1;1;0;
41;-0.289964;0.28994;-0.289951;0.289949;-0.289955;0.289938;0.0258625;0.0832142;0.0524781;0.091821;0.0171975;0.0918676;0.0176282;-5.67187e-06;0.0226571;0.0201693;-0.00323905;0.000795349;1;0.25493;1;1;1;0.767113;
42;-0.293168;0.292776;-0.293984;0.293159;-0.293164;0.303164;0.0470356;0.0166755;0.115109;0.0216996;0.041974;0.0217266;0.0102953;0.0339829;0.0132346;0.0169485;-0.00189183;0.00969078;0.533459;1;1;1;0.115349;1;
43;-0.287147;0.287819;-0.287623;0.28714;-0.287144;0.292984;0.102766;-0.065541;0.142523;-0.0626205;0.0998096;-0.0625954;0.00601203;0.0487984;0.00772983;0.0139887;-0.00110518;0.0547057;0;1;1;1;0;1;
44;-0.270067;0.270463;-0.270345;0.270062;-0.270066;0.273474;0.16261;-0.127246;0.185828;-0.139164;0.160883;-0.138984;0.00351072;0.0475251;0.00451383;0.00817168;-0.000645889;0.0435162;0;1;0;0.725703;0;1;
45;-0.241494;0.241728;-0.241657;0.24149;-0.241494;0.243482;0.206298;-0.169728;0.219858;-0.192605;0.20529;-0.192487;0.00204985;0.0326873;0.00263565;0.00477333;-0.000377652;0.0289041;0;1;0;0.646398;0;1;
46;-0.202304;0.202443;-0.202399;0.2023;-0.202304;0.203464;0.232959;-0.194053;0.240878;-0.224962;0.23237;-0.213005;0.00119663;0.0190942;0.0015387;0.00278711;-0.000221051;0.016884;0;1;0;1;0;1;
47;-0.150865;0.150949;-0.150921;0.150862;-0.150865;0.151543;0.247331;-0.207984;0.251955;-0.242661;0.246987;-0.215111;0.00069835;0.0111509;0.000898098;0.00162648;-0.000129653;0.0098626;0;1;0;1;0;1;
48;-0.0819845;0.0820354;-0.0820169;0.081982;-0.0819845;0.0823812;0.252661;-0.207518;0.25193;-0.250446;0.252434;-0.217284;0.000407344;0.00650967;0.000523984;0.000948118;-7.62812e-05;0.0057609;0;1;0;1;0;1;
49;0.00835534;-0.00832373;0.00833639;-0.0083579;0.00835535;-0.00812241;0.239664;-0.199693;0.24008;-0.238178;0.234835;-0.208548;0.000237368;-0.00627697;0.000305476;-0.000967911;-4.51206e-05;0.00336462;0;1;0;1;0;1;
50;0.107334;-0.107314;0.107323;-0.107337;0.107334;-0.107197;0.21677;-0.18;0.21612;-0.213708;0.218535;-0.194106;0.000138141;-0.0169107;0.000177915;-0.00936771;-2.69185e-05;0.00196528;0;1;0;1;0;1;
51;0.187852;-0.187839;0.187845;-0.187855;0.187852;-0.187771;0.208962;-0.14063;0.208583;-0.173544;0.209993;-0.165269;8.02531e-05;-0.0196691;0.00010346;-0.00568259;-1.62909e-05;0.0014072;0;1;0;1;0;1;
52;0.240616;-0.240609;0.240612;-0.24062;0.240617;-0.240569;0.187275;-0.0868217;0.187053;-0.122754;0.187877;-0.127233;4.6423e-05;-0.0198465;5.99349e-05;-0.0088142;-1.00318e-05;0.000821867;0;1;0;1;0;1;
53;0.271439;-0.271436;0.271437;-0.271445;0.27144;-0.271411;0.15379;-0.0354823;0.15366;-0.0540681;0.154141;-0.0899993;2.66996e-05;-0.0163627;3.46045e-05;-0.00973688;-6.37022e-06;0.000479488;0;1;0;1;0;1;
54;0.287466;-0.287466;0.287465;-0.287472;0.287467;-0.28745;0.107008;0.0438587;0.106931;0.0366211;0.107212;-0.0692867;0.0122332;-0.0236305;1.99234e-05;0.0173112;-4.115e-06;0.000279804;1;1;0.34594;1;0;1;
55;0.291433;-0.293158;0.293157;-0.322068;0.293158;-0.292764;0.042538;0.0655716;0.0424881;0.0974212;0.0426499;-0.0204939;0.0219593;-0.0137991;0.00454509;0.0250489;0.00444827;0.000164267;1;1;1;1;0.730052;1;
56;0.288805;-0.289813;0.289812;-0.306697;0.272657;-0.289582;-0.0392981;0.102437;-0.0393195;0.121039;-0.0300016;0.0521766;0.0173499;-0.00805898;0.0196326;0.0146293;0.0668636;9.60898e-05;1;0;1;0.327823;1;0;
57;0.275366;-0.275955;0.269888;-0.285815;0.265936;-0.27582;-0.120292;0.157168;-0.120293;0.168032;-0.104269;0.127816;0.0101359;-0.00470682;0.0458076;0.00854295;0.0667023;5.57719e-05;1;0;1;0;1;0;
58;0.250091;-0.250436;0.24689;-0.256194;0.244587;-0.250358;-0.180335;0.201872;-0.180323;0.208216;-0.15071;0.18473;0.00592144;-0.00274923;0.0272642;0.00498865;0.0444382;3.21463e-05;1;0;1;0;1;0;
59;0.213976;-0.214179;0.212107;-0.217542;0.210764;-0.214133;-0.217821;0.2304;-0.215306;0.234105;-0.17787;0.22039;0.00345964;-0.00160604;0.0159273;0.00291286;0.0259601;1.82983e-05;1;0;1;0;1;0;
60;0.166377;-0.166496;0.165286;-0.16846;0.164502;-0.166469;-0.238955;0.246303;-0.221516;0.248467;-0.195732;0.240457;0.00202132;-0.000938459;0.00930317;0.00170059;0.0151641;1.01886e-05;1;0;1;0;1;0;
61;0.102992;-0.103062;0.102356;-0.104209;0.101898;-0.103046;-0.243745;0.253426;-0.222037;0.25469;-0.199087;0.250012;0.0011807;-0.000548613;0.00543345;0.000992624;0.00885596;5.43156e-06;1;0;1;0;1;0;
62;0.0183726;-0.018414;0.0180035;-0.0190841;0.0177346;-0.0184052;-0.228055;0.240986;-0.221244;0.242683;-0.1898;0.245077;0.000689602;-0.000320962;0.00317267;0.000579184;0.00517056;2.66761e-06;1;0;1;0;1;0;
63;-0.0809153;0.0808908;-0.0811289;0.080499;-0.0812878;0.0808955;-0.20795;0.218562;-0.213753;0.224019;-0.164963;0.222652;0.000402751;-0.000188;-0.00361581;0.000337741;0.00301825;1.04614e-06;1;0;1;0;1;0;
64;-0.168508;0.168493;-0.168632;0.168264;-0.168726;0.168496;-0.176058;0.187468;-0.182182;0.215299;-0.127157;0.210319;-0.00432047;-0.000448172;-0.00211178;0.000196771;0.000145101;1.96943e-07;1;0;1;0;1;0;
65;-0.228625;0.228615;-0.228696;0.228482;-0.228752;0.228617;-0.128736;0.14869;-0.143155;0.196003;-0.082129;0.193095;-0.00252352;-0.00026225;-0.00123297;0.00011442;0.00455449;-3.9436e-07;1;0;1;0;1;0;
66;-0.264698;0.264692;-0.264739;0.264612;-0.264772;0.264692;-0.0700151;0.137476;-0.0856254;0.16511;-0.0481317;0.163408;0.00789704;-0.000153586;-0.00071953;0.00556325;0.0104352;-6.80652e-07;1;0;1;0.60559;1;0;
67;-0.284221;0.284217;-0.284244;0.284169;-0.284264;0.284217;-0.0199636;0.105841;-0.00131534;0.121988;-0.00372586;0.120985;0.0115069;-9.01007e-05;0.003913;0.0196817;0.0127118;-8.47596e-07;1;0;1;1;1;0;
68;-0.292492;0.292488;-0.292472;0.292461;-0.292517;0.292489;0.0291046;0.0531601;0.0868503;0.062596;0.0353729;0.0620053;0.00672149;0.025168;0.0257571;0.0244736;0.00742442;0.0123372;1;1;1;1;1;1;
69;-0.291687;0.281082;-0.282825;0.291824;-0.291853;0.278505;0.0690957;-0.02104;0.126866;-0.0155369;0.0727562;-0.0158775;0.00392498;0.0339482;0.0150443;0.0192029;0.00433543;0.0312017;0;1;1;1;0;1;
70;-0.280942;0.281094;-0.275766;0.281021;-0.281039;0.253297;0.130737;-0.0899133;0.164476;-0.0994572;0.132875;-0.0996421;0.0022918;0.0604124;0.00878593;0.0112169;0.00253154;0.0397442;0;1;0.482717;0.979566;0;1;
71;-0.258578;0.258671;-0.255555;0.258623;-0.258635;0.240856;0.184455;-0.145358;0.204158;-0.166187;0.185704;-0.16628;0.00133807;0.045148;0.00513052;0.00655241;0.00147795;0.0400239;0;1;0;0.671155;0;1;
72;-0.225212;0.225269;-0.223447;0.225238;-0.225245;0.21486;0.220044;-0.176421;0.231551;-0.209374;0.220773;-0.207188;0.000780998;0.0263751;0.00299573;0.0038276;0.000862624;0.0233808;0;1;0;0.815285;0;1;
73;-0.180948;0.180984;-0.179918;0.180964;-0.180968;0.174902;0.240626;-0.199585;0.247346;-0.234394;0.241051;-0.216152;0.000455633;0.0154063;0.00174899;0.00223558;0.00050323;0.0136571;0;1;0;1;0;1;
74;-0.12247;0.122493;-0.121868;0.122479;-0.122482;0.118939;0.250841;-0.206553;0.254765;-0.247201;0.25109;-0.218827;0.000265608;0.00899633;0.0010209;0.00130517;0.000293311;0.0079771;0;1;0;1;0;1;
75;-0.0438951;0.0439099;-0.0435435;0.0439003;-0.0439018;0.0418335;0.24796;-0.203352;0.247367;-0.242236;0.248267;-0.217726;0.000154631;0.00525119;0.000595687;0.000761204;0.000170718;0.00465875;0;1;0;1;0;1;
76;0.0534499;-0.05344;0.0536551;-0.0534467;0.0534459;-0.0546533;0.231618;-0.189784;0.230975;-0.221466;0.226512;-0.205112;8.97956e-05;-0.0186558;0.000347383;4.84619e-05;9.91228e-05;0.00272051;0;1;0;1;0;1;
77;0.146925;-0.146918;0.147045;-0.146923;0.146923;-0.147628;0.22303;-0.161404;0.201515;-0.189117;0.197791;-0.186789;5.20093e-05;-0.0153235;0.000202616;-0.00324406;5.73185e-05;0.00158887;0;1;0;1;0;1;
78;0.214778;-0.214774;0.214848;-0.214777;0.214777;-0.215189;0.205308;-0.105471;0.192743;-0.149125;0.177239;-0.154378;2.99107e-05;-0.0190479;0.000117748;-0.0104429;3.3027e-05;-0.00181402;0;1;0;1;0;1;
79;0.256704;-0.256702;0.256745;-0.256703;0.256703;-0.256945;0.176357;-0.0473827;0.169019;-0.0928862;0.159964;-0.109324;1.70488e-05;-0.0111259;6.83394e-05;-0.00609864;1.87072e-05;-0.00105918;0;1;0;1;0;1;
80;0.280131;-0.280131;0.280155;-0.280131;0.280131;-0.280273;0.136205;0.0183023;0.131919;-0.0111289;0.126631;-0.0948785;9.56301e-06;-0.00340005;3.95005e-05;0.0130118;1.04687e-05;-0.00061829;0;1;0;1;0;1;
81;0.291149;-0.291152;0.291163;-0.29115;0.291149;-0.291233;0.0814011;0.0488384;0.0788979;0.0516546;0.0758107;-0.0572606;0.015829;0.0174664;0.00730557;0.0278452;0.0167616;-0.000361059;1;1;1;1;1;1;
82;0.292812;-0.292815;0.288503;-0.292813;0.29281;-0.292862;0.00783211;0.06823;0.00638125;0.0698765;0.00698176;0.00626839;0.00957365;0.0102005;0.0362398;0.0162629;0.0362903;-0.000211135;0.864832;0.11006;1;0.571821;1;0.66479;
83;0.28502;-0.285022;0.274261;-0.285021;0.285017;-0.28505;-0.0770779;0.1215;-0.0779122;0.122462;-0.0464587;0.085315;0.00760813;0.00595679;0.0322174;0.0094969;0.0808955;-0.000123667;1;0;1;0;1;0;
84;0.265888;-0.26589;0.259602;-0.265889;0.265887;-0.265906;-0.150136;0.176082;-0.150613;0.176643;-0.127473;0.15495;0.00840784;0.00347831;0.0338879;0.00554574;0.0725874;-7.25944e-05;1;0;1;0;1;0;
85;0.235439;-0.235441;0.231769;-0.23544;0.23544;-0.23545;-0.199521;0.214674;-0.199794;0.215002;-0.186276;0.202333;0.00491172;0.00203084;0.019792;0.0032383;0.0423946;-4.28159e-05;1;0;1;0;1;0;
86;0.194343;-0.194344;0.192201;-0.194344;0.194344;-0.194349;-0.228901;0.237752;-0.229057;0.237943;-0.214264;0.230544;0.00286884;0.0011855;0.0115563;0.00189067;0.0247586;-2.55247e-05;1;0;1;0;1;0;
87;0.140326;-0.140326;0.139076;-0.140327;0.140327;-0.14033;-0.244616;0.249786;-0.244237;0.249898;-0.211542;0.245577;0.00167512;0.000691811;0.00674549;0.0011036;0.0144576;-1.54606e-05;1;0;1;0;1;0;
88;0.0677849;-0.0677849;0.0670566;-0.0677854;0.067785;-0.0677874;-0.241017;0.251363;-0.241046;0.250264;-0.20458;0.250327;0.000977809;0.000403483;-0.00941698;0.00064395;0.00844151;-9.5821e-06;1;0;1;0;1;0;
89;-0.0257058;0.0257065;-0.02613;0.0257055;-0.0257069;0.0257044;-0.221056;0.230098;-0.230987;0.238227;-0.189046;0.238311;0.000570607;0.000235098;-0.0163255;0.00037552;0.00492841;-6.16266e-06;1;0;1;0;1;0;
90;-0.12325;0.123252;-0.123498;0.12325;-0.123253;0.12325;-0.19496;0.203631;-0.202172;0.205456;-0.158815;0.205105;0.00033268;0.000136735;-0.00953603;0.00021879;0.00287777;-4.09935e-06;1;0;1;0;1;0;
91;-0.198942;0.198943;-0.199086;0.198942;-0.198944;0.198941;-0.156025;0.169311;-0.164325;0.168612;-0.116042;0.168438;-0.000724535;7.93468e-05;-0.00556948;0.000127318;-0.000657234;-2.8412e-06;1;0;1;0;1;0;
92;-0.247328;0.247327;-0.247411;0.247326;-0.247329;0.247326;-0.104686;0.160811;-0.123382;0.160403;-0.0599614;0.160301;-0.00152562;4.59128e-05;-0.0032522;7.38395e-05;0.0152666;-2.15153e-06;1;0;1;0;1;0;
93;-0.275126;0.275124;-0.275173;0.275123;-0.275126;0.275123;-0.0320695;0.134167;-0.0629015;0.13393;-0.0119914;0.13387;0.0142921;2.64182e-05;-0.00189921;0.000332791;0.0192788;-1.67463e-06;1;0;1;0.512264;1;0;
94;-0.289124;0.289121;-0.28915;0.289119;-0.289123;0.289121;0.0244423;0.0898706;0.0279918;0.0897391;0.0440708;0.0896966;0.0177255;1.50435e-05;0.00889663;0.0114037;0.0181651;-1.39287e-06;1;0;1;1;1;0;
95;-0.29324;0.293238;-0.293256;0.29314;-0.29324;0.290806;0.0417328;0.0250356;0.101638;0.0249564;0.0937213;0.02493;0.0103527;0.0303755;0.00581257;0.0148172;0.0106109;0.00300787;1;1;1;1;1;1;
96;-0.288224;0.289233;-0.288234;0.288166;-0.288224;0.269466;0.095694;-0.0566851;0.130681;-0.0567437;0.126055;-0.0567524;0.00604553;0.0389051;0.00339481;0.0105423;0.00619631;0.0559905;0;1;0.94839;1;0;1;
97;-0.272341;0.272934;-0.272346;0.272307;-0.272341;0.238871;0.156732;-0.122851;0.177164;-0.133985;0.174463;-0.131734;0.00353027;0.0456288;0.00198218;0.00615834;0.00361813;0.0490225;0;1;0;0.400424;0;1;
98;-0.244882;0.245231;-0.244886;0.244862;-0.244883;0.225333;0.202476;-0.167901;0.214408;-0.18919;0.212831;-0.187864;0.0020613;0.0314999;0.00115722;0.00359798;0.00211247;0.0327929;0;1;0;1;0;1;
