1;-0.000363588;0.000116065;9.94841e-05;-0.000363588;0.000116065;9.94838e-05;0.0349769;0.0347456;0.0352594;0.0349771;0.0347458;0.0352596;0.808667;0.808665;0.808666;0.808667;0.808665;0.808666;0;0;0;0;0;0;
2;-0.00513633;-0.00704855;-0.00584726;0.0120816;0.0140478;0.0114956;0.141342;0.132163;0.122525;0.0709254;0.127833;0.130027;0.472345;0.472331;0.47232;0.472301;0.472328;0.472338;1;1;1;1;1;1;
3;-0.00235512;-0.00182784;-0.00125658;0.00595767;0.00863873;0.00635856;0.107192;0.0831885;0.0945815;0.0610461;0.110015;0.0906519;0.275863;0.27585;0.275849;0.275832;0.275859;0.27586;0;0;0;0;0.484123;0;
4;0.00263116;0.00283743;0.002466;-0.00175145;-0.00821452;-0.0050192;0.197945;0.184262;0.173377;0.126535;0.187786;0.15832;0.168753;0.164676;0.161121;0.161107;0.16164;0.161127;1;0.750089;1;0.554902;1;1;
5;-0.000112599;-0.000711617;-0.000548073;0.000739115;-0.00545824;-0.00286248;0.185964;0.172363;0.162352;0.14451;0.186132;0.168106;0.164801;0.157568;0.149309;0.150138;0.179175;0.168208;1;0.730046;1;0.437583;1;1;
6;-0.000109491;-0.000992526;-0.000738914;0.000854154;-0.0054932;-0.00292593;0.181119;0.167734;0.157761;0.146243;0.187111;0.168863;0.162153;0.154645;0.146346;0.15245;0.182572;0.171956;1;0.71857;1;0.438319;1;1;
7;-1.43194e-05;-0.00100936;-0.000710782;0.00103423;-0.00532867;-0.00282518;0.18061;0.168257;0.157733;0.144045;0.18401;0.166445;0.164896;0.156018;0.148429;0.149129;0.179984;0.168852;1;0.691854;1;0.435262;1;1;
8;-0.000101155;-0.00111412;-0.000773692;0.00101095;-0.00526872;-0.00281574;0.180342;0.169248;0.157412;0.143348;0.181905;0.16565;0.165809;0.15533;0.14935;0.145496;0.177784;0.165358;1;0.678773;1;0.430263;1;1;
9;-0.000281692;-0.0012797;-0.000911808;0.00127149;-0.0049085;-0.00252212;0.178024;0.16881;0.154742;0.144705;0.181196;0.167291;0.16498;0.152044;0.148551;0.143493;0.178349;0.163592;1;0.656267;1;0.421027;1;1;
10;-0.00065856;-0.00161491;-0.001263;0.00166235;-0.00449548;-0.0021084;0.174777;0.168137;0.150985;0.146485;0.180542;0.169338;0.164508;0.148127;0.147967;0.141784;0.179796;0.162504;1;0.616468;1;0.411746;1;1;
11;-0.00165419;-0.00246017;-0.00219649;0.00251574;-0.00367814;-0.00122072;0.171695;0.168171;0.147226;0.147748;0.179337;0.170963;0.165533;0.144497;0.147854;0.139097;0.180744;0.161486;1;0.566423;1;0.413448;1;1;
12;-0.00315002;-0.00371294;-0.00369002;0.00419159;-0.00225925;0.0003843;0.169433;0.168487;0.143865;0.148367;0.178111;0.172745;0.167002;0.141346;0.147316;0.135778;0.180915;0.160276;1;0.517967;1;0.429039;1;1;
13;-0.00560808;-0.00579738;-0.00623661;0.00690184;-0.000115421;0.00290861;0.168536;0.16818;0.142315;0.147546;0.177382;0.173898;0.168335;0.139564;0.143971;0.132688;0.179997;0.160487;1;0.497118;1;0.465565;1;1;
14;-0.00887792;-0.008782;-0.0100022;0.0109838;0.00258292;0.00631953;0.170369;0.166675;0.142693;0.143884;0.177027;0.170627;0.169261;0.141055;0.138964;0.130297;0.176879;0.165318;1;0.516297;1;0.539319;1;0.968655;
15;-0.0132248;-0.0120815;-0.0145708;0.0161034;0.00623355;0.0110118;0.168837;0.15438;0.141463;0.141156;0.187757;0.172272;0.176686;0.157387;0.136377;0.124355;0.159208;0.163763;1;0.644061;1;0.671317;1;0.996716;
16;-0.017385;-0.014846;-0.0190928;0.0218863;0.00969771;0.0160363;0.192859;0.155173;0.162482;0.115109;0.183166;0.147178;0.16143;0.165924;0.115411;0.139206;0.152333;0.186188;0.749006;0.931675;1;0.862765;1;1;
17;-0.028845;-0.0161944;-0.022417;0.0367944;0.0190867;0.0270875;0.213072;0.143774;0.193085;0.0896048;0.194741;0.129319;0.143934;0.210998;0.101567;0.129322;0.104739;0.181386;0.606689;1;0.987981;1;0.687989;1;
18;-0.0595911;-0.00905191;-0.0178356;0.0862082;-0.0555914;0.0798159;0.222235;0.131116;0.229081;0.028854;0.179964;0.0911113;0.084073;0.264665;0.0641119;0.141534;0.0611693;0.225108;0.489247;1;1;1;0.516024;1;
19;-0.0840046;-0.00938149;-0.0189069;0.110253;-0.0932223;0.0995477;0.245393;0.130979;0.270541;-0.0211628;0.192881;0.0531881;0.0491054;0.312454;0.0518761;0.150199;0.035722;0.23604;0.499091;1;0.945445;1;0;1;
20;-0.0549433;0.0215245;-0.0401305;0.0702467;-0.0983836;0.0639059;0.279569;0.135827;0.27907;-0.0482751;0.214766;-0.00617375;0.0286773;0.363619;0.0405152;0.163561;0.0208608;0.197332;1;1;0.773637;0.841053;0;1;
21;-0.0475116;0.0290276;-0.0357321;0.0532437;-0.0696783;0.0479505;0.274894;0.12919;0.2693;-0.0480014;0.231744;-0.0134913;0.0167463;0.359804;0.0236617;0.178161;0.012182;0.193111;1;1;0.723901;0.914633;0;1;
22;-0.0544649;0.0179544;0.0111074;-0.000873926;-0.00871593;-0.00398041;0.270159;0.124864;0.262538;-0.0408842;0.240357;-0.0229168;0.00645539;0.361135;0.0138203;0.183348;0.00711363;0.171747;1;0.893193;0.605466;0.771677;0;1;
23;-0.0678052;-0.00188917;0.0891385;-0.0784679;0.0775613;-0.0849879;0.268965;0.123509;0.252783;-0.0242963;0.225111;-0.0338467;-0.0091675;0.363514;0.00807084;0.186029;0.00415372;0.145194;1;0.613929;0.382108;0.645746;0;1;
24;-0.0593958;-0.0186496;0.16931;-0.146939;0.162548;-0.166893;0.266883;0.107132;0.236325;-0.00703317;0.182738;-0.0555663;-0.0145315;0.34892;0.00471301;0.183411;0.00242506;0.113483;1;0.972469;0;0.543669;0;1;
25;0.029425;-0.0384537;0.22815;-0.183243;0.224201;-0.226741;0.237629;0.0823721;0.211258;0.0179037;0.158624;-0.100285;-0.00457567;0.251633;0.00275195;0.170594;0.00141574;0.0532106;1;0;0;0.762323;0;1;
26;0.0584675;-0.0848702;0.264433;-0.206275;0.262126;-0.263611;0.197859;0.0688257;0.177709;0.0414842;0.146971;-0.0802135;0.0245955;0.177979;0.00160644;0.159269;0.000826481;-0.0118811;1;0.14855;0;0.726521;0;1;
27;0.0650208;-0.130028;0.284423;-0.216439;0.277421;-0.280405;0.164218;0.0578599;0.134243;0.0764985;0.116294;-0.0439017;0.0404696;0.121437;0.00093789;0.141454;0.00971638;-0.0491501;1;0.218943;0;0.573484;0.406748;1;
28;0.161888;-0.203114;0.293282;-0.23328;0.278122;-0.295517;0.115983;0.0357102;0.0764742;0.0833843;0.0714469;-0.0630521;0.0656985;0.0709186;0.000547389;0.0826241;0.0684808;-0.10579;1;0;0;0.245445;0.714732;1;
29;0.207257;-0.240732;0.294581;-0.258348;0.242734;-0.286078;0.0234717;0.0651348;0.000377238;0.0929779;0.0732758;0.00744767;0.056446;0.0414155;0.000319239;0.0482524;0.174301;-0.121643;1;0;0;0.453611;0.278142;1;
30;0.170347;-0.253398;0.26954;-0.263686;0.218311;-0.278446;-0.0558937;0.12311;-0.0848511;0.13937;0.0521827;0.0894105;0.0855442;0.0241863;0.00798912;0.0281788;0.229709;-0.118915;1;0;1;0;0.813853;1;
31;0.145679;-0.245641;0.251499;-0.251649;0.207349;-0.260633;-0.102062;0.178253;-0.155907;0.18775;0.0626738;0.158561;0.0967198;0.0141243;0.0144916;0.0164558;0.274716;-0.115521;1;0;1;0;1;1;
32;0.116607;-0.221453;0.224871;-0.224962;0.204629;-0.241395;-0.11408;0.21616;-0.192511;0.221706;0.0697913;0.196658;0.106606;0.00824813;0.0252917;0.00960955;0.27514;-0.0838356;1;0;1;0;1;0.974775;
33;0.115053;-0.183501;0.185497;-0.185551;0.109586;-0.195148;-0.0897201;0.238536;-0.101567;0.241775;0.00110931;0.227147;0.153252;0.0048162;0.104705;0.00561166;0.188609;-0.0489605;0.954893;0;1;0;1;0;
34;0.0712442;-0.1304;0.13157;-0.131596;-0.0229248;-0.137201;-0.13349;0.250026;-0.125843;0.251918;0.031438;0.243375;0.0966577;0.00281197;0.0925874;0.00327665;0.218188;-0.0285924;1;0;1;0;1;0.0856073;
35;0.00403111;-0.0571215;0.0578161;-0.0578198;-0.0286273;-0.0610929;-0.101325;0.247902;-0.127216;0.248031;0.0194793;0.248095;0.105595;0.00164171;0.0764958;0.00191292;0.203915;-0.0166984;1;0;1;0;1;0;
36;-0.0743821;0.0371226;-0.0366974;0.0367149;-0.0871991;0.0348033;-0.0855101;0.228278;-0.129433;0.233732;0.0226459;0.232133;0.116047;0.000958062;0.0789624;0.00111677;0.186177;-0.00975215;1;0;1;0;1;0;
37;-0.156724;0.132911;-0.132641;0.132673;-0.162151;0.131557;-0.0695776;0.206077;-0.123999;0.201415;0.0428881;0.205091;0.109482;0.000558954;0.0714553;0.000651769;0.177535;-0.00569569;1;0;1;0;1;0;
38;-0.221135;0.205432;-0.205255;0.205289;-0.222497;0.204641;-0.0238698;0.194125;-0.0884638;0.199685;0.0393867;0.197494;0.122928;0.000325951;0.0711546;0.00185044;0.152736;-0.00332666;1;0;1;0.367152;1;0;
39;-0.260367;0.251195;-0.251084;0.23338;-0.2184;0.250733;0.0185291;0.173319;-0.0658745;0.17657;0.039717;0.175287;0.125145;0.000189818;0.0415641;-0.0099237;0.132309;-0.00194312;1;0;1;0.782256;1;0;
40;-0.281194;0.277223;-0.274898;0.228694;-0.234681;0.272129;0.056877;0.138943;-0.0326837;0.140846;0.0457626;0.140093;0.120676;0.000110427;0.0242747;-0.00740567;0.101591;0.00471561;1;0;1;1;1;0.306663;
41;-0.277915;0.290011;-0.268176;0.230115;-0.241761;0.276688;0.094728;0.0891993;0.012859;0.0903146;0.054508;0.0898714;0.098938;0.0397057;-0.00688681;0.0280899;0.0629371;0.0376161;1;0.608157;1;1;0.743582;0.826597;
42;-0.283917;0.271189;-0.273231;0.231571;-0.26295;0.278583;0.134868;0.0614356;0.039826;0.030104;0.0637626;0.0320413;0.0577889;0.103491;-0.00955959;0.064189;0.0367546;0.0786081;0.167532;1;1;1;0;1;
43;-0.281253;0.211645;-0.296393;0.216556;-0.269499;0.264628;0.15406;0.0516213;0.0985607;-0.0576996;0.112534;-0.0465815;0.0337485;0.184231;0.00665741;0.0799203;0.0214642;0.0901979;0.344458;1;1;1;0;1;
44;-0.266625;0.173822;-0.275467;0.186573;-0.259761;0.235384;0.192566;0.0526513;0.160155;-0.112077;0.168314;-0.0985586;0.0197085;0.223469;0.00388814;0.0970289;0.0125346;0.0899635;0.0609363;1;0.588828;0.748372;0;1;
45;-0.239484;0.134908;-0.244647;0.154348;-0.235475;0.201756;0.223792;0.0348096;0.204865;-0.122906;0.209629;-0.105543;0.0115091;0.227776;0.0022702;0.104064;0.00731967;0.101588;0;1;0;0.829414;0;1;
46;-0.20113;0.100042;-0.204145;0.126483;-0.198789;0.177377;0.243176;0.0345394;0.232122;-0.133677;0.234905;-0.111971;0.00672085;0.223463;0.00132539;0.1032;0.004274;0.105286;0;1;0;0.848469;0;1;
47;-0.150179;0.0406548;-0.151941;0.0891595;-0.148812;0.136307;0.253297;0.0299781;0.246842;-0.137325;0.248467;-0.109685;0.00392442;0.216478;0.000773519;0.0931453;0.0024954;0.109588;0;1;0;0.915437;0;1;
48;-0.0815835;0.017619;-0.082612;0.0306894;-0.0807855;0.0734899;0.249721;0.0224195;0.249463;-0.121406;0.249359;-0.112753;0.00229134;0.202056;0.000451269;0.100351;0.00145667;0.103657;0;1;0;1;0;1;
49;0.00858984;-0.0459438;0.00798909;-0.0452939;0.00905579;-0.0133006;0.240004;0.0272019;0.239406;-0.112745;0.238075;-0.117943;0.00133768;0.195841;0.000263063;0.0933894;0.000850075;0.0957677;0;1;0;1;0;1;
50;0.107442;-0.126507;0.107121;-0.129106;0.107744;-0.110203;0.213822;0.0188498;0.214469;-0.089374;0.213308;-0.0958392;-0.0198645;0.193232;0.000153174;0.0956628;0.000495866;0.0835823;1;1;0;1;0;1;
51;0.124522;-0.120131;0.187728;-0.200578;0.188091;-0.18951;0.182245;0.0174737;0.207618;-0.0545099;0.18998;-0.0926234;-0.0373511;0.178312;8.90857e-05;0.114333;0.000289139;0.0569263;1;1;0;0.895305;0;1;
52;0.105504;-0.146643;0.240544;-0.248051;0.240756;-0.241572;0.171672;0.0296937;0.18649;-0.0242922;0.176189;-0.0710029;-0.0457904;0.159331;5.15934e-05;0.10586;0.000168291;0.0332512;1;0.783729;0;0.852535;0;1;
53;0.0972103;-0.163002;0.271397;-0.274983;0.271521;-0.271032;0.144679;0.0369023;0.153331;0.0102479;0.147315;-0.0473072;-0.0408575;0.132597;2.97004e-05;0.0977316;9.78195e-05;0.0194176;1;0.410658;0;0.65858;0;1;
54;0.14701;-0.185607;0.287442;-0.271931;0.287515;-0.276345;0.108632;0.0294121;0.106739;0.0476028;0.103226;-0.00479263;-0.0263334;0.077447;1.71326e-05;0.0798765;5.66442e-05;-0.0601074;1;0.0177026;0;0.563733;0;1;
55;0.21112;-0.233673;0.293144;-0.273833;0.279522;-0.272007;0.0434884;0.0354527;0.0423702;0.0887514;0.0403259;0.0116862;-0.00816702;0.045228;9.54901e-06;0.0466517;0.076089;-0.0849361;1;0;0;0.252306;0.576575;1;
56;0.191791;-0.255074;0.291884;-0.278527;0.258462;-0.276316;-0.0387312;0.0848473;-0.0394018;0.115974;-0.00505404;0.0709617;0.0567069;0.0264124;-0.0017266;0.027244;0.13893;-0.100965;1;0;0.166397;0;0.00769775;1;
57;0.166905;-0.261581;0.277774;-0.269364;0.21821;-0.274827;-0.106257;0.146896;-0.120356;0.165074;0.00181883;0.138781;0.0603057;0.0154246;0.00313654;0.0159098;0.205048;-0.0799578;1;0;0.889711;0;0.844682;1;
58;0.134474;-0.242042;0.251497;-0.246587;0.221102;-0.252777;-0.13187;0.195872;-0.180369;0.206489;0.00976319;0.191127;0.0777266;0.00900744;0.0157012;0.00929079;0.226329;-0.0758649;1;0;1;0;1;1;
59;0.0925795;-0.209277;0.214797;-0.211931;0.207714;-0.249566;-0.145613;0.226897;-0.217173;0.233096;0.0216567;0.222276;0.0774109;0.00525976;0.0118303;0.00542528;0.232135;-0.0568467;1;0;1;0;1;0.942071;
60;0.065831;-0.163633;0.166858;-0.165183;0.173099;-0.192502;-0.125579;0.244257;-0.172155;0.247878;-0.0133817;0.23961;0.115153;0.00307128;0.0400354;0.00316764;0.177969;-0.0332037;1;0;1;0;1;0;
61;0.0209286;-0.10139;0.103282;-0.102295;0.106908;-0.118249;-0.101073;0.250481;-0.143191;0.254346;-0.0413045;0.249518;0.130778;0.00179273;0.0730736;0.0018497;0.130875;-0.0193908;1;0;1;0;1;0;
62;-0.0494781;-0.0174377;0.0185578;-0.0179665;0.0206527;-0.0272836;-0.123257;0.243573;-0.180566;0.24278;-0.012779;0.243461;0.0834013;0.00104645;0.0426831;0.00107963;0.164288;-0.0113247;1;0;1;0;1;0;
63;-0.125803;0.081461;-0.0807871;0.0811518;-0.0795848;0.0757105;-0.0945865;0.221517;-0.147217;0.221681;-0.0219445;0.223257;0.0924052;0.000610601;0.0477473;0.000629954;0.133458;-0.0066141;1;0;1;0;1;0;
64;-0.204704;0.168826;-0.168413;0.168646;-0.167728;0.165468;-0.0745313;0.193002;-0.133108;0.212066;-0.00536223;0.215566;0.0821556;0.00035614;0.0444297;0.000367581;0.124484;-0.00386292;1;0;1;0;1;0;
65;-0.262254;0.22881;-0.228555;0.228704;-0.228165;0.226849;-0.0396202;0.182982;-0.105594;0.194115;0.0119099;0.196159;0.0712687;0.000207392;0.0337978;0.000214156;0.102961;-0.0022564;1;0;1;0;1;0;
66;-0.29564;0.264805;-0.26465;0.262001;-0.264426;0.26366;-0.00330717;0.157502;-0.0740949;0.164004;0.0253935;0.165197;0.0661517;0.000120639;0.0197412;0.000124847;0.0737998;-0.00131815;1;0;1;0.297365;1;0;
67;-0.311411;0.284283;-0.284188;0.265401;-0.284057;0.283614;0.0434491;0.117536;-0.0386149;0.121336;0.0212248;0.12203;0.0663993;7.00296e-05;0.0115254;-0.00513383;0.0431067;-0.000770187;1;0;1;0.517646;1;0;
68;-0.319992;0.289985;-0.292003;0.258232;-0.290915;0.292137;0.0655587;0.0599906;-0.0138949;0.0692848;0.0408379;0.0626106;0.0387827;0.0334755;-0.0213493;0.0596905;0.0251687;0.00646366;1;0.727418;1;0.971859;1;0.326448;
69;-0.308427;0.236431;-0.309845;0.257057;-0.296098;0.293986;0.0903878;0.0359973;0.0439867;-0.0116209;0.0759473;-0.0155254;0.023294;0.127398;-0.0248754;0.068744;-0.000371744;0.0387518;0.598778;1;1;1;0;1;
70;-0.290717;0.213413;-0.291828;0.230556;-0.283517;0.277133;0.143172;0.0392465;0.116073;-0.0867625;0.134738;-0.0994384;0.0136031;0.188983;-0.0153072;0.100935;-0.000217494;0.0518347;0.0314482;1;0.819854;0.746131;0;1;
71;-0.264287;0.144126;-0.264935;0.211157;-0.260082;0.247235;0.191717;0.0283843;0.175892;-0.125127;0.186792;-0.124299;0.00794363;0.210033;-0.0089398;0.100683;-0.000127405;0.0716482;0;1;0;0.675525;0;1;
72;-0.228546;0.125311;-0.228924;0.188285;-0.22609;0.218585;0.224285;0.0158943;0.215043;-0.124913;0.221409;-0.126761;0.00463859;0.201091;-0.0052212;0.112196;-7.49579e-05;0.08265;0;1;0;0.732328;0;1;
73;-0.182895;0.0521044;-0.183116;0.158543;-0.181461;0.17708;0.243102;0.0111499;0.237705;-0.141895;0.241422;-0.131916;0.00270845;0.206753;-0.00304962;0.0979112;-4.43751e-05;0.0890556;0;1;0;0.795581;0;1;
74;-0.123607;-0.00210872;-0.123736;0.109376;-0.122769;0.120217;0.252287;0.00858178;0.249135;-0.13426;0.251306;-0.126899;0.00158119;0.192414;-0.00178144;0.0873992;-2.64634e-05;0.085385;0;1;0;0.945923;0;1;
75;-0.0445586;-0.0288606;-0.044634;0.0362339;-0.04407;0.0425928;0.247391;0.00692064;0.246894;-0.121477;0.24582;-0.136265;0.000922923;0.181641;-0.00104083;0.0946777;-1.60695e-05;0.0758992;0;1;0;0.961671;0;1;
76;0.0530626;-0.0959378;0.0530184;-0.0579371;0.0533478;-0.0541967;0.230007;0.0156855;0.229425;-0.105074;0.227417;-0.135676;0.000538515;0.173698;-0.000608342;0.0834216;-9.91554e-06;0.0650889;0;1;0;1;0;1;
77;0.146699;-0.171734;0.146673;-0.149552;0.146865;-0.147352;0.204942;0.0202248;0.198223;-0.0756914;0.197267;-0.114817;0.000314026;0.152118;-0.000355739;0.0912563;-6.38932e-06;0.0663173;0;1;0;1;0;1;
78;0.214645;-0.229262;0.214631;-0.216308;0.214744;-0.215028;0.194745;0.031293;0.190821;-0.0453525;0.185731;-0.0906419;-0.00269602;0.142237;-0.000208171;0.0845533;-4.2269e-06;0.0541252;0.403054;1;0;1;0;1;
79;0.237731;-0.245302;0.256619;-0.251372;0.256684;-0.256854;0.170188;0.0355421;0.167896;-0.00783544;0.164923;-0.0616925;-0.0186385;0.116422;-0.000121949;0.0866455;-2.97613e-06;0.0321444;1;1;0;1;0;1;
80;0.233161;-0.26559;0.280082;-0.269972;0.28012;-0.280217;0.132605;0.0428553;0.131264;0.0300414;0.129528;-0.0302511;-0.011484;0.0845986;-7.16631e-05;0.0796736;-2.15688e-06;0.0187713;1;1;0;0.794923;0;1;
81;0.228108;-0.279484;0.291121;-0.277582;0.289913;-0.286869;0.079303;0.0580222;0.0785106;0.0658251;0.0774999;0.0275968;0.0304608;0.049411;-4.21961e-05;0.0595921;0.0195229;-0.0350373;1;1;0;0.622271;0.578308;1;
82;0.247073;-0.285986;0.309046;-0.284061;0.254729;-0.297915;0.00662024;0.0673083;0.00614899;0.0787938;0.0411249;0.0558278;0.0529949;0.028853;0.0475733;0.0348026;0.114879;-0.0305651;1;0;1;0.336144;0.964059;1;
83;0.222844;-0.281034;0.294768;-0.27991;0.231653;-0.288003;-0.0676459;0.120962;-0.0780486;0.12767;0.0370842;0.114261;0.0892636;0.0168498;0.0684017;0.0203241;0.177226;-0.018604;1;0;1;0;1;1;
84;0.201473;-0.263561;0.271578;-0.262904;0.193839;-0.269381;-0.119518;0.175767;-0.12921;0.179685;0.0406694;0.171855;0.0988803;0.00983984;0.0631657;0.0118687;0.21859;-0.0108654;1;0;1;0;1;0.679341;
85;0.181699;-0.234081;0.238758;-0.233697;0.128475;-0.237479;-0.13057;0.214491;-0.119796;0.216778;0.0179754;0.212206;0.103974;0.00574593;0.0908687;0.00693078;0.207357;-0.0063458;1;0;1;0;1;0;
86;0.144961;-0.19355;0.196283;-0.193325;0.0910757;-0.195534;-0.131699;0.237644;-0.122995;0.23898;0.0109597;0.23631;0.103654;0.00335495;0.0907381;0.00404713;0.199371;-0.00370626;1;0;1;0;1;0;
87;0.0942856;-0.139863;0.141467;-0.139732;0.0579261;-0.141022;-0.131463;0.249723;-0.134521;0.250504;0.0111311;0.248944;0.0972387;0.00195871;0.0764378;0.00236302;0.19936;-0.00216496;1;0;1;0;1;0;
88;0.0330856;-0.0675143;0.0684672;-0.0674376;0.019659;-0.0681909;-0.117126;0.248221;-0.132466;0.248595;0.00241618;0.248616;0.108109;0.00114326;0.0765674;0.00137948;0.178258;-0.00126479;1;0;1;0;1;0;
89;-0.0459862;0.0258644;-0.0252885;0.0259091;-0.0538113;0.0254691;-0.108264;0.234182;-0.135284;0.235986;0.00796402;0.236226;0.0951999;0.000667052;0.066923;0.000805166;0.175488;-0.000739091;1;0;1;0;1;0;
90;-0.135109;0.123344;-0.122988;0.12337;-0.13966;0.123113;-0.0838014;0.207367;-0.120596;0.207044;0.0156881;0.207522;0.0896829;0.000388997;0.0675346;0.000469719;0.159457;-0.000432126;1;0;1;0;1;0;
91;-0.205877;0.198996;-0.198775;0.199011;-0.208519;0.198861;-0.0534813;0.200498;-0.0971025;0.20053;0.0291155;0.200809;0.0856923;0.000226612;0.0626665;0.00027391;0.141233;-0.000252755;1;0;1;0;1;0;
92;-0.251381;0.247359;-0.24722;0.247367;-0.252914;0.24728;-0.0202165;0.179024;-0.0723491;0.179043;0.0477278;0.179206;0.0730971;0.000131812;0.0517011;0.000159543;0.118749;-0.000148034;1;0;1;0;1;0;
93;-0.275921;0.275142;-0.27506;0.265463;-0.271916;0.275096;0.0231602;0.144804;-0.0313719;0.144816;0.0483457;0.14491;0.0766162;7.65076e-05;0.0301984;-0.00954988;0.0854111;-8.68391e-05;1;0;1;0.681138;1;0;
94;-0.285397;0.286173;-0.286626;0.266241;-0.286826;0.289105;0.063661;0.0960834;0.00245961;0.0960961;0.0553002;0.0961443;0.0662338;0.0122063;0.0176319;0.0109887;0.049889;-5.10518e-05;1;0.171849;1;1;1;0;
95;-0.289752;0.276815;-0.286532;0.258568;-0.30121;0.286493;0.102404;0.0545397;0.0288967;0.035794;0.0599436;0.0287003;0.0386852;0.0818934;0.00690554;0.0641536;0.0291331;0.0618162;0.496053;1;1;1;0.554263;1;
96;-0.286187;0.224283;-0.29949;0.239656;-0.292879;0.269382;0.131126;0.0436605;0.0882042;-0.050402;0.106329;-0.0545436;0.0225919;0.162438;0.0246472;0.08484;0.0170133;0.075182;0.208276;1;1;1;0;1;
97;-0.271151;0.182268;-0.278921;0.206689;-0.275059;0.235208;0.177424;0.0438186;0.152359;-0.108854;0.162942;-0.112143;0.0131931;0.208582;0.0143943;0.100295;0.00993535;0.0713581;0;1;0.496355;0.723965;0;1;
98;-0.244187;0.136775;-0.248725;0.1637;-0.24647;0.188413;0.21456;0.0273681;0.199922;-0.122758;0.206103;-0.13025;0.00770418;0.210502;0.00840575;0.109957;0.00580172;0.0913622;0;1;0;0.921385;0;1;
