1;-0.000363587;0.000116064;9.94836e-05;-0.000363587;0.000116064;9.94834e-05;0.0349768;0.0347454;0.0352593;0.034977;0.0347457;0.0352596;0.808667;0.808665;0.808666;0.808667;0.808665;0.808666;0;0;0;0;0;0;
2;0.0233472;0.0286564;0.0262219;-0.0279825;-0.0340947;-0.0310538;0.0878348;0.110215;0.198593;0.137187;0.0945241;0.0951505;0.472305;0.472318;0.47236;0.472323;0.4723;0.472315;1;1;1;1;1;1;
3;0.0199631;0.0286107;0.0246351;-0.00833727;-0.00724987;-0.00645402;0.186404;0.227423;0.279662;0.230091;0.205059;0.224406;0.311191;0.280923;0.28523;0.275879;0.280085;0.275872;1;1;1;1;1;1;
4;0.01227;0.01755;0.0151783;-0.0129313;-0.0144273;-0.0123089;0.199473;0.240287;0.271493;0.229481;0.193501;0.228653;0.285742;0.252545;0.279372;0.277688;0.298617;0.272318;1;0.467539;1;1;1;0.516883;
5;0.00883833;0.0129672;0.0111472;-0.0141567;-0.0169135;-0.0142325;0.202938;0.238872;0.270242;0.232415;0.19581;0.229873;0.279639;0.248005;0.274954;0.271077;0.29405;0.270069;1;0.498192;1;1;1;0.487313;
6;0.0091326;0.0128427;0.0110994;-0.0133371;-0.0165691;-0.0138978;0.20552;0.237529;0.269282;0.232947;0.197404;0.229939;0.273797;0.243686;0.271755;0.268091;0.290615;0.26797;1;0.533601;1;1;1;0.52165;
7;0.00850031;0.0118862;0.0103231;-0.0129509;-0.0164799;-0.0137746;0.206943;0.235172;0.268282;0.233476;0.198732;0.230122;0.269896;0.241227;0.268744;0.264305;0.286946;0.265659;1;0.580228;1;1;1;0.518312;
8;0.00813843;0.0114678;0.0099255;-0.0118805;-0.0154504;-0.0128641;0.209233;0.232722;0.265254;0.234477;0.199339;0.230748;0.264803;0.239594;0.266996;0.261216;0.28461;0.263268;1;0.634021;1;1;1;0.402933;
9;-0.000695709;0.000809369;0.000555057;-0.00226547;-0.00164936;-0.00116879;0.21799;0.223182;0.256263;0.229252;0.190256;0.212401;0.249335;0.241708;0.292142;0.214492;0.256294;0.237148;1;0;1;1;1;0.729387;
10;-0.000480371;0.000401797;0.000336414;-0.00195947;-0.00267717;-0.00188231;0.209301;0.221277;0.25479;0.23664;0.202027;0.22833;0.229415;0.213291;0.265373;0.230243;0.266008;0.241961;1;1;1;1;1;0.708407;
11;-0.0022154;-0.00159163;-0.00158562;-0.00106712;-0.00239583;-0.0014043;0.206478;0.220663;0.251385;0.237665;0.201015;0.230678;0.227358;0.20628;0.260791;0.229742;0.268764;0.241589;1;1;1;1;1;0.564371;
12;-0.00294529;-0.00203433;-0.00234038;0.000884498;-0.000779029;0.000354141;0.204151;0.221328;0.25023;0.236594;0.199143;0.230775;0.229556;0.202774;0.259261;0.22673;0.267411;0.238752;1;0.947674;1;1;1;0.475092;
13;-0.00599632;-0.00385935;-0.00460997;0.00180137;0.000323;0.00192323;0.202298;0.220344;0.246992;0.238087;0.200162;0.229663;0.230937;0.200662;0.257909;0.221764;0.263555;0.238532;1;0.981122;1;1;1;0.33493;
14;-0.00763936;-0.00491214;-0.00642467;0.00594293;0.00373364;0.00572997;0.204579;0.218452;0.249324;0.235627;0.198455;0.224867;0.230855;0.202024;0.251942;0.217881;0.259876;0.24163;1;1;1;1;1;0.292755;
15;-0.0110772;-0.00724058;-0.00959309;0.00889045;0.00573381;0.0087124;0.210812;0.2134;0.255709;0.231585;0.199191;0.216005;0.227112;0.207845;0.242877;0.214569;0.252502;0.24899;1;1;1;1;1;0.453344;
16;-0.0144763;-0.00854601;-0.0121088;0.0137354;0.010122;0.013946;0.212287;0.190349;0.257485;0.232941;0.210849;0.216168;0.233047;0.237077;0.241221;0.200972;0.229942;0.244467;0.428399;1;1;1;1;0.689016;
17;-0.0465813;-0.0321978;-0.0325485;0.0369132;0.0372612;0.0380674;0.204466;0.181905;0.296377;0.165254;0.18953;0.186207;0.140743;0.285048;0.204722;0.20223;0.210456;0.275388;0.82081;0.675492;1;1;1;1;
18;-0.0388314;-0.0100644;-0.0141474;0.0832029;-0.0373212;0.0810309;0.230297;0.150608;0.324776;0.122093;0.202106;0.139682;0.0976892;0.328924;0.165686;0.225701;0.1282;0.333734;0.24444;1;1;1;1;1;
19;-0.06955;-0.0236153;-0.0253288;0.100964;-0.0792719;0.0955143;0.249996;0.153559;0.367427;0.0664932;0.197163;0.108044;0.0570585;0.366444;0.146672;0.23262;0.074868;0.344472;0.631012;1;1;1;0.0322547;1;
20;-0.0699554;-0.0256785;-0.0261751;0.0859399;-0.0890878;0.0804784;0.274823;0.14769;0.380727;0.0437106;0.217267;0.0871797;0.0333265;0.380839;0.156908;0.253209;0.0437219;0.339773;0.783693;1;1;1;0;1;
21;-0.0674118;-0.0241286;-0.0228527;0.0631593;-0.06425;0.0592262;0.274156;0.144897;0.378624;0.033546;0.233205;0.0876396;0.0194628;0.375144;0.173721;0.278008;0.0255328;0.318247;0.945681;1;1;1;0;1;
22;-0.0711475;-0.0323743;-0.0267647;0.0196816;-0.00554589;0.0149373;0.277894;0.146075;0.369901;0.0337451;0.238672;0.0863227;-0.014516;0.353986;0.195951;0.306979;0.0149104;0.30083;1;1;0.771419;1;0;1;
23;0.00373705;0.0272875;0.0574554;-0.0681359;0.0794108;-0.0729758;0.317877;0.133875;0.357581;0.0202251;0.2178;-0.0124394;-0.0247061;0.437656;0.152099;0.28797;0.00870689;0.183454;1;0;0.939117;1;0;1;
24;-0.0199222;-0.00723347;0.12319;-0.136385;0.155552;-0.154049;0.275309;0.135587;0.297534;0.0763911;0.197296;0.0140143;-0.0358658;0.385213;0.0888354;0.290375;0.0066285;0.168847;1;0.531353;0.790756;1;0.453706;1;
25;0.0264857;-0.0307523;0.183038;-0.184637;0.220114;-0.219223;0.263489;0.122341;0.262197;0.0698115;0.191544;-0.0480261;0.037703;0.354556;0.113948;0.240523;0.00387135;0.0986213;1;0.945064;0.0527463;1;0;1;
26;0.0353763;-0.0551108;0.202882;-0.16955;0.258822;-0.200204;0.212344;0.117915;0.211625;0.0990832;0.185694;0.00103699;0.0308331;0.249461;0.093855;0.266441;0.0369229;0.0945969;1;0.566818;0.648663;1;0.921217;1;
27;0.0309759;-0.0866888;0.197678;-0.171489;0.25523;-0.203097;0.177779;0.1189;0.18384;0.127225;0.170351;0.0376283;0.0608432;0.202626;0.106035;0.24071;0.0615922;0.0635421;1;0.289338;0.961651;1;1;1;
28;0.0519231;-0.136067;0.213742;-0.154431;0.27185;-0.186493;0.140718;0.119022;0.146203;0.151329;0.165341;0.0590971;0.0982248;0.119531;0.14942;0.209914;0.0806592;0.0371087;1;0.401776;0.619295;1;1;1;
29;0.0703462;-0.201576;0.228298;-0.147213;0.27393;-0.179362;0.0876464;0.0956737;0.0896764;0.184686;0.149699;0.0804497;0.138422;0.0698053;0.207755;0.190963;0.132117;0.0216671;1;0.0145991;0.39917;1;1;1;
30;0.0710222;-0.170542;0.248422;0.0724726;0.505182;0.0779716;0.16301;0.0315165;0.145112;0.0876087;0.0978501;0.0348261;0.0808461;0.192656;0.121334;0.133979;0.180978;0.127137;0;1;1;1;1;1;
31;0.120459;-0.195845;0.0865366;-0.0553343;0.393824;-0.0521135;-0.0111571;0.124757;-0.0158827;0.157518;0.0284509;0.126692;0.0687878;0.110333;0.188841;0.0755365;0.205385;0.0493823;0.191016;0;1;0;1;0;
32;0.126636;-0.169649;0.0906648;-0.110315;0.307992;-0.108434;-0.118562;0.184918;-0.0596785;0.204051;0.0720032;0.186049;0.0583976;0.0644347;0.147154;0.0441123;0.258425;0.0288385;1;0;1;0.0803204;1;0;
33;0.110429;-0.153248;0.0805812;-0.118597;0.234043;-0.117499;-0.160839;0.220291;-0.0469751;0.231465;0.059886;0.220951;0.077139;0.037629;0.165419;0.0257608;0.25608;0.0168409;1;0;1;0;1;0;
34;0.0628823;-0.112732;0.0411706;-0.0924959;0.159924;-0.0918545;-0.173765;0.239371;-0.0396233;0.245897;0.058966;0.239757;0.0670276;0.0219745;0.167475;0.0150437;0.244474;0.00983467;1;0;1;0;1;0;
35;0.0176839;-0.0468033;0.00500943;-0.0349857;0.0743792;-0.0346112;-0.176546;0.247523;-0.0327737;0.249756;0.0571334;0.247749;0.042166;0.0128323;0.182431;0.00878496;0.240133;0.00574289;1;0;1;0;1;0;
36;-0.0637465;0.0431484;-0.0675439;0.0500497;-0.0268623;0.0502683;-0.171025;0.23047;-0.0204072;0.234352;0.0566352;0.233022;0.0331031;0.00749341;0.194473;0.00512991;0.228357;0.00335337;1;0;1;0;1;0;
37;-0.170793;0.13643;-0.150657;0.14046;-0.117337;0.140586;-0.136118;0.205035;0.00577951;0.204092;0.0576225;0.208392;0.0337038;0.00437552;0.20576;0.00299539;0.203463;0.00195815;1;0;1;0;1;0;
38;-0.247989;0.207486;-0.215786;0.208956;-0.138525;0.209914;-0.0978769;0.193239;0.0239745;0.197154;0.058609;0.199665;0.0371799;0.00255472;0.181766;-0.00485515;0.194901;0.00114322;1;0;1;0.338914;1;0;
39;-0.27877;0.252395;-0.257231;0.24331;-0.109317;0.253812;-0.0646844;0.172802;0.0383907;0.175089;0.0638374;0.176555;0.0443974;0.00149137;0.142381;-0.0207066;0.168708;0.000667169;1;0;1;1;1;0;
40;-0.3104;0.277924;-0.280263;0.213725;-0.152601;0.278752;-0.0205902;0.13864;0.0831416;0.139977;0.0788099;0.140832;0.0324368;0.000870457;0.136049;-0.0219049;0.125441;0.000389604;1;0;1;1;1;0.349017;
41;-0.314219;0.290442;-0.291896;0.230953;-0.14935;0.290926;0.0343969;0.0890179;0.130351;0.089802;0.0851613;0.0902985;0.0189437;0.000507945;0.107365;-0.0141212;0.0742785;0.000227571;1;0;1;1;1;0.291967;
42;-0.313296;0.283376;-0.288048;0.223976;-0.173716;0.285431;0.0549315;0.0313921;0.1808;0.0205235;0.0922701;0.0208138;0.012461;0.0757132;0.0753165;0.0539241;0.0433842;0.0612665;0.969908;1;1;1;0.488567;1;
43;-0.298901;0.241101;-0.297222;0.236255;-0.217387;0.298394;0.107377;0.0224455;0.251288;-0.0632971;0.129182;-0.0440517;0.00727674;0.148371;0.0551827;0.080996;0.0253359;0.0896833;0;1;1;1;0;1;
44;-0.276932;0.217823;-0.299942;0.208789;-0.229328;0.276637;0.165303;0.00949314;0.294699;-0.106682;0.178037;-0.0847504;0.00424918;0.186223;0.0543848;0.107012;0.0147957;0.0946977;0;1;0.599723;0.778817;0;1;
45;-0.245503;0.164363;-0.258946;0.174765;-0.217703;0.245328;0.207871;0.00752642;0.295183;-0.132883;0.215307;-0.111277;0.0024811;0.201264;0.0317672;0.0989013;0.00864009;0.0966516;0;1;0.587363;0.902117;0;1;
46;-0.204645;0.115082;-0.212497;0.131603;-0.18841;0.204539;0.233878;0.00766069;0.28487;-0.144679;0.238221;-0.124341;0.0014485;0.201968;0.0185538;0.0896787;0.00504521;0.0915686;0;1;0.745251;1;0;1;
47;-0.152232;0.0987967;-0.156818;0.078708;-0.142751;0.152172;0.247867;0.0043066;0.277647;-0.135985;0.250403;-0.129974;0.00084538;0.191018;0.010835;0.0932807;0.00294582;0.0769111;0;1;0.190431;1;0;1;
48;-0.0827829;0.0515736;-0.0854606;0.0192714;-0.0772461;0.0827575;0.249055;-0.00471553;0.264721;-0.125057;0.249267;-0.131366;0.000493209;0.181307;0.00632705;0.092088;0.00171977;0.073622;0;1;0;1;0;1;
49;0.00788914;-0.0261152;0.00632526;-0.0586209;0.0111226;-0.00788601;0.239349;-0.00103588;0.230637;-0.118171;0.238757;-0.13248;0.00028754;0.169743;0.00369457;0.0881441;0.00100375;0.0708766;0;1;0;1;0;1;
50;0.107062;-0.117701;0.106148;-0.146029;0.10895;-0.107038;0.213352;0.00809753;0.21461;-0.0998192;0.212557;-0.119811;0.000167426;0.158196;0.00215703;0.0812976;0.00058563;0.0665756;0;1;0;1;0;1;
51;0.187693;-0.193897;0.18716;-0.224438;0.188796;-0.187659;0.201011;0.0167753;0.203509;-0.0683266;0.176876;-0.0980151;9.73841e-05;0.144578;0.00125928;0.0791803;0.000341559;0.0660821;0;1;0;1;0;1;
52;0.236947;-0.23964;0.240212;-0.275296;0.241168;-0.240493;0.182632;0.0375827;0.18409;-0.0358227;0.168536;-0.0735196;-0.000110716;0.115526;0.000734949;0.075595;0.00019891;0.0558237;0.353608;1;0;1;0;1;
53;0.261043;-0.239381;0.271203;-0.298803;0.271762;-0.271232;0.151079;0.0361808;0.15193;0.0114514;0.142846;-0.0420742;-0.0173116;0.0829537;0.000428783;0.0769406;0.0001157;0.0326071;0.750359;1;0;1;0;1;
54;0.255613;-0.264319;0.285242;-0.309616;0.287655;-0.280474;0.105427;0.037445;0.105921;0.0601584;0.100616;0.0016717;-0.0101102;0.0484536;0.00349317;0.0640085;6.72068e-05;0.01904;1;1;0.220954;1;0.0048419;1;
55;0.248505;-0.277551;0.281175;-0.311126;0.28544;-0.275767;0.0416154;0.0460324;0.0419034;0.0905119;0.0527878;0.0225704;0.0574986;0.0282936;0.0621867;0.0373858;0.0705777;0.0111199;1;0.866662;1;0.849244;1;1;
56;0.2429;-0.280699;0.27576;-0.300613;0.237625;-0.289014;-0.0398243;0.0910258;-0.0291536;0.117007;0.0357541;0.0773303;0.0790788;0.016523;0.0790437;0.0228476;0.150961;0.0148979;1;0;1;0.741312;1;1;
57;0.210841;-0.270632;0.249178;-0.282263;0.205104;-0.279501;-0.100598;0.150504;-0.0923192;0.165678;0.0331437;0.142509;0.103956;0.00964898;0.0833176;0.0133432;0.198409;0.0105184;1;0;1;0.388005;1;0.684094;
58;0.175489;-0.247328;0.209822;-0.25412;0.143215;-0.252507;-0.128826;0.19798;-0.114247;0.206842;0.02715;0.193311;0.0953783;0.00563455;0.0836732;0.00779183;0.215936;0.00614239;1;0;1;0;1;0;
59;0.14994;-0.212364;0.188837;-0.21633;0.127922;-0.215388;-0.129643;0.228127;-0.115924;0.233303;0.0176535;0.225401;0.103715;0.00328996;0.091182;0.00455;0.209354;0.00358672;1;0;1;0;1;0;
60;0.119472;-0.165436;0.151698;-0.167752;0.0717743;-0.167202;-0.138272;0.244976;-0.115207;0.247998;0.0158805;0.243384;0.0939779;0.00192072;0.0920774;0.00265674;0.203899;0.00209416;1;0;1;0;1;0;
61;0.0672184;-0.102443;0.0944302;-0.103796;0.0471994;-0.103474;-0.126655;0.251864;-0.120175;0.252634;0.00889186;0.251721;0.0955301;0.00112111;0.0875377;0.00155102;0.193738;0.00122249;1;0;1;0;1;0;
62;-0.00474064;-0.0180528;0.0133906;-0.0188426;-0.0142098;-0.018655;-0.12108;0.240844;-0.122226;0.240844;0.00716754;0.242214;0.0980044;0.000654085;0.0867678;0.000906038;0.181958;0.000713473;1;0;1;0.399915;1;0;
63;-0.0944265;0.0811015;-0.0838092;0.0806197;-0.0987156;0.0807498;-0.0983338;0.222868;-0.103523;0.234087;0.00249268;0.220201;0.0973294;0.000381429;0.0785779;0.000529164;0.171639;0.000416172;1;0;1;0.412023;1;0;
64;-0.176413;0.168616;-0.17018;0.140744;-0.141325;0.168411;-0.064907;0.207119;-0.0891723;0.223213;0.00247131;0.191041;0.112515;0.00022224;0.0719533;-0.0183271;0.152369;0.000242699;1;0;1;0.7134;1;0;
65;-0.233242;0.228687;-0.229589;0.130826;-0.156035;0.228567;-0.0353245;0.191226;-0.0758738;0.200627;0.014794;0.181837;0.104652;0.000129213;0.0420291;-0.0139121;0.142688;0.000141263;1;0;1;0.785618;1;0;
66;-0.266273;0.264733;-0.265254;0.126531;-0.169953;0.264664;0.00420543;0.162316;-0.0478395;0.167811;0.0182762;0.156833;0.104495;7.49613e-05;0.0245477;-0.0176125;0.115013;8.20877e-05;1;0;1;1;1;0;
67;-0.273022;0.284241;-0.275982;0.132777;-0.177206;0.2842;0.0490591;0.120348;-0.000627108;0.123566;0.0221128;0.117145;0.0980458;4.33656e-05;-0.00551923;-0.0111372;0.0722272;4.74981e-05;1;0;1;1;0.701521;0;
68;-0.27351;0.292504;-0.273573;0.121809;-0.203898;0.291157;0.0892103;0.0616322;0.0519963;0.0765818;0.0324296;0.059758;0.0692544;0.0337523;-0.0402639;0.0283619;0.0421816;0.00732046;0.582103;0.460021;1;1;0.379311;0.334864;
69;-0.280602;0.261492;-0.273683;0.182997;-0.239949;0.348611;0.104198;0.0288996;0.0824681;-0.00736108;0.0710373;-0.0171918;0.0404442;0.159074;-0.0385242;0.0328466;0.0246335;0.0800738;0.341607;0.197501;1;1;0;0.727909;
70;-0.274468;0.227487;-0.278268;0.136125;-0.250727;0.314991;0.151236;0.0233337;0.138551;-0.0793888;0.13187;-0.0995838;0.0236187;0.204145;-0.0236907;0.0815779;0.0143856;0.0971714;0;0.670991;1;1;0;1;
71;-0.254797;0.215973;-0.268631;0.0942879;-0.240933;0.281559;0.196427;0.023719;0.189022;-0.108556;0.185117;-0.140861;0.0137928;0.231265;-0.0174548;0.0998084;0.00840074;0.0785612;0;1;1;1;0;1;
72;-0.223004;0.206457;-0.267024;0.0548667;-0.214907;0.24297;0.227035;0.0221991;0.222712;-0.112977;0.220431;-0.156738;0.00805445;0.233912;-0.0214569;0.108764;0.00490548;0.0597793;0;1;1;1;0;1;
73;-0.179659;0.183301;-0.214744;0.013701;-0.17493;0.19653;0.244708;0.0198865;0.242183;-0.111032;0.240851;-0.158071;0.00470323;0.209217;-0.0135373;0.124508;0.00286427;0.0584076;0;1;0.366145;0.823884;0;1;
74;-0.121717;0.123834;-0.142206;-0.0334303;-0.118956;0.131583;0.253225;-0.00859469;0.251751;-0.0902558;0.250973;-0.132572;0.00274626;0.175926;-0.00790601;0.141246;0.00167203;0.0747927;0;1;0;0.545406;0;1;
75;-0.0434553;0.0446859;-0.0554212;-0.118995;-0.0418428;0.0492267;0.247779;0.0150587;0.24798;-0.101935;0.247129;-0.161651;0.00160336;0.189146;-0.00461751;0.115692;0.000975837;0.0521675;0;1;0;0.756485;0;1;
76;0.0537065;-0.0529894;0.0467184;-0.201595;0.0546486;-0.0503248;0.227106;0.0108562;0.226795;-0.0789717;0.228986;-0.146147;0.000935857;0.171274;-0.0026971;0.122175;0.000569321;0.0594717;0;1;0;0.932056;0;1;
77;0.147075;-0.146652;0.142993;-0.279424;0.147625;-0.145087;0.205946;0.0256971;0.204677;-0.0537099;0.19779;-0.129649;0.000546152;0.163085;-0.00157547;0.115516;0.000331817;0.0538595;0;1;0;1;0;1;
78;0.210078;-0.214604;0.212482;-0.333146;0.215187;-0.213694;0.195332;0.039398;0.19459;-0.0213044;0.190568;-0.101449;-0.000992384;0.147631;-0.000920548;0.112636;0.000193325;0.0406461;0.663475;1;0;1;0;1;
79;0.227615;-0.218152;0.255363;-0.339124;0.256943;-0.234291;0.170532;0.0318131;0.170097;0.0180859;0.167748;-0.0688773;-0.0290861;0.115786;-0.000537972;0.12137;0.00011236;0.0237417;1;1;0;0.907177;0;1;
80;0.233564;-0.226033;0.278351;-0.329133;0.280271;-0.223005;0.132806;0.0359756;0.132551;0.0535824;0.131177;-0.0339936;-0.0185437;0.0727903;0.00861742;0.109043;6.51493e-05;0.0138629;1;1;0.466232;0.996319;0;1;
81;0.220459;-0.247684;0.268247;-0.326654;0.282649;-0.219341;0.0794209;0.0509473;0.0792696;0.0873143;0.087234;-6.64143e-05;0.0362877;0.0425145;0.0450598;0.0747798;0.0526458;-0.00346694;1;0.810725;0.867471;0.540069;1;1;
82;0.239247;-0.262192;0.28043;-0.319996;0.22974;-0.250195;0.00668605;0.0686445;0.0211043;0.112323;0.0646065;0.0396736;0.0418761;0.0179989;0.0810735;0.043673;0.132483;-0.0122773;1;0;1;0.139931;1;1;
83;0.21377;-0.267139;0.26337;-0.300896;0.202146;-0.250303;-0.0777346;0.121742;-0.0561573;0.147251;0.0597255;0.104825;0.0893961;0.010511;0.0948263;0.0255043;0.195401;-0.0111145;1;0;1;0.0243787;1;1;
84;0.198155;-0.255446;0.252042;-0.27516;0.182765;-0.245614;-0.120145;0.176223;-0.0973535;0.19112;0.0601425;0.166343;0.0979949;0.00613802;0.0880698;0.0148938;0.23874;-0.00649149;1;0;1;0;1;0.157165;
85;0.173478;-0.229342;0.227348;-0.240855;0.143611;-0.2236;-0.129366;0.214757;-0.0978223;0.223456;0.0428678;0.208987;0.103358;0.00358408;0.10336;0.00869745;0.237072;-0.00379145;1;0;1;0;1;0;
86;0.138238;-0.190782;0.189615;-0.197505;0.0925003;-0.187429;-0.136845;0.2378;-0.101007;0.24288;0.0383883;0.23443;0.0966032;0.00209252;0.106325;0.00507877;0.230398;-0.00221461;1;0;1;0;1;0;
87;0.0850751;-0.138247;0.13757;-0.142173;0.0808471;-0.136288;-0.125313;0.249814;-0.109435;0.252781;0.0310981;0.247846;0.102325;0.00122146;0.0965998;0.00296545;0.221075;-0.00129382;1;0;1;0;1;0;
88;0.0184619;-0.0665707;0.0661882;-0.0688633;0.0330476;-0.0654268;-0.117022;0.249054;-0.114379;0.249756;0.0277142;0.249173;0.100081;0.000712742;0.0903577;0.00173132;0.210732;-0.000756085;1;0;1;0;1;0;
89;-0.065217;0.0264153;-0.0266185;0.0250764;-0.0459901;0.0270832;-0.107491;0.230358;-0.113633;0.235846;0.0307149;0.234144;0.0954855;0.000415661;0.0873944;0.00101059;0.200866;-0.00044205;1;0;1;0;1;0;
90;-0.157302;0.123665;-0.12376;0.122883;-0.135088;0.124055;-0.0831904;0.209655;-0.0986787;0.208449;0.0392796;0.209324;0.092097;0.000242188;0.0881812;0.000589703;0.18562;-0.000258627;1;0;1;0;1;0;
91;-0.23485;0.199184;-0.19922;0.198727;-0.205843;0.199412;-0.0495885;0.202055;-0.073868;0.201351;0.0528955;0.201862;0.087569;0.000140908;0.0821746;0.000343943;0.169706;-0.000151473;1;0;1;0;1;0;
92;-0.285918;0.247468;-0.247478;0.247201;-0.251346;0.247601;-0.0164568;0.179933;-0.0515392;0.179522;0.0738712;0.179821;0.0786379;8.17568e-05;0.0745095;0.000200442;0.147115;-8.88894e-05;1;0;1;0;1;0;
93;-0.306776;0.275206;-0.275206;0.274202;-0.256238;0.275284;0.0288825;0.145335;-0.0160506;0.145096;0.0773542;0.145269;0.0792578;4.72894e-05;0.0487047;-0.0109568;0.111577;-5.23189e-05;1;0;1;0.359958;1;0;
94;-0.308488;0.288028;-0.274678;0.263618;-0.272972;0.289214;0.0616783;0.0963961;0.0205276;0.0962581;0.0984439;0.0963539;0.0595451;0.0287569;0.0284451;0.0265873;0.0681332;-3.09097e-05;1;0.424811;1;0.7996;1;0;
95;-0.309482;0.272448;-0.279563;0.264501;-0.280202;0.29511;0.105584;0.0592893;0.0488685;0.0388306;0.1023;0.0288161;0.0347792;0.0924449;0.0165599;0.0652961;0.0397943;0.02772;0.413497;1;1;1;1;1;
96;-0.29771;0.215685;-0.30839;0.237132;-0.303536;0.269873;0.132983;0.0357382;0.0998656;-0.0371349;0.131063;-0.0544798;0.0203105;0.153905;0.0162171;0.0931398;0.0143739;0.0730154;0;1;1;1;0;1;
97;-0.27788;0.209496;-0.284122;0.219157;-0.281283;0.260123;0.178509;0.0355611;0.159173;-0.0911;0.177387;-0.114124;0.0118607;0.207747;0.0158705;0.117656;0.00839394;0.0706666;0;1;0.827085;0.986887;0;1;
98;-0.248117;0.126566;-0.251763;0.208687;-0.250104;0.233896;0.215193;0.0327338;0.203903;-0.128434;0.214539;-0.125267;0.00692611;0.220601;0.00926829;0.104704;0.00490156;0.0780228;0;1;0.449049;0.991523;0;1;
