1;-0.000363588;0.000116064;9.94838e-05;-0.000363588;0.000116064;9.94836e-05;0.0349769;0.0347456;0.0352595;0.0349769;0.0347455;0.0352594;0.808667;0.808665;0.808666;0.808667;0.808665;0.808666;0;0;0;0;0;0;
2;-0.00380665;-0.00542203;-0.00393597;-0.0012238;-0.00168329;-0.00477438;0.0684429;0.0592216;0.0911111;0.0691486;0.114903;0.0810636;0.472289;0.472287;0.472299;0.472291;0.472318;0.472295;1;1;1;1;1;1;
3;0.0295824;0.0332038;0.0148934;-0.0202293;-0.0186071;-0.0370849;0.186736;0.186153;0.205993;0.177229;0.207628;0.163126;0.281015;0.275861;0.275866;0.275863;0.275882;0.275847;1;1;1;0.331712;1;0.877095;
4;0.0239659;0.0271852;0.00994316;-0.0134835;-0.0159329;-0.0350202;0.198687;0.209895;0.225075;0.182048;0.203899;0.198154;0.2586;0.235371;0.2357;0.219087;0.277833;0.241139;0.723825;1;1;0.884513;1;0.64181;
5;0.0227747;0.0260478;0.00891533;-0.0132878;-0.0156051;-0.0345697;0.196171;0.2082;0.221585;0.186845;0.205977;0.200123;0.250635;0.226912;0.228401;0.215881;0.276536;0.242236;0.826775;1;1;0.873991;1;0.62586;
6;0.0226397;0.025978;0.00894374;-0.0131024;-0.015362;-0.0341887;0.195597;0.207643;0.219787;0.187684;0.206144;0.199944;0.245488;0.22281;0.225686;0.212588;0.272083;0.239743;0.927333;1;1;0.900002;1;0.642923;
7;0.0227821;0.0254646;0.00860076;-0.0126318;-0.0154933;-0.0341937;0.194953;0.207054;0.218557;0.186679;0.205546;0.199234;0.240931;0.219282;0.222829;0.211053;0.26842;0.237534;1;1;1;0.941;1;0.666739;
8;0.0224226;0.0254146;0.00861934;-0.0123802;-0.0149943;-0.0335858;0.193828;0.207113;0.215887;0.188181;0.205355;0.200308;0.237305;0.215096;0.221335;0.206713;0.264099;0.23363;1;1;1;0.975299;1;0.662521;
9;0.0218865;0.0251321;0.00840138;-0.0121201;-0.014583;-0.0330422;0.192557;0.207488;0.213154;0.189239;0.204514;0.200368;0.234164;0.210835;0.220009;0.202754;0.260587;0.230893;1;1;1;0.998256;1;0.650329;
10;0.0213989;0.0249903;0.00822463;-0.0112096;-0.013516;-0.0318997;0.190357;0.207596;0.209923;0.19061;0.203533;0.200974;0.232017;0.206459;0.218287;0.198773;0.257895;0.228557;1;1;1;1;1;0.619898;
11;0.0202849;0.0241305;0.00730285;-0.0103464;-0.0127863;-0.0309372;0.187899;0.207727;0.206792;0.192047;0.20263;0.202469;0.230442;0.202006;0.216005;0.194681;0.25541;0.225767;1;1;1;1;1;0.58067;
12;0.0186625;0.0228523;0.0058181;-0.00902834;-0.0117873;-0.0295764;0.185797;0.207834;0.203933;0.193061;0.20184;0.203887;0.229226;0.197725;0.212953;0.190567;0.252899;0.223608;1;1;1;1;1;0.541169;
13;0.0165205;0.0212706;0.00381376;-0.00636981;-0.00952072;-0.026844;0.18459;0.207154;0.202189;0.193743;0.201343;0.202973;0.228751;0.194814;0.208001;0.185167;0.249816;0.224832;1;1;1;1;1;0.524536;
14;-0.00168085;0.0207828;-0.00815165;0.00886613;-0.0587966;-0.00373706;0.140581;0.153872;0.152184;0.196325;-0.352901;0.216921;0.367577;0.16458;0.321918;0.185422;-0.851984;0.167829;0.820187;0.961302;1;1;0;1;
15;-0.0361008;0.0545972;-0.0481048;0.0204903;0.053689;0.024466;0.109138;-1.00477;0.123096;0.187366;-0.553414;0.206166;0.214686;-1.00227;0.188017;-0.00568637;-0.669736;0.0948247;0;1;1;0.841534;0.23366;1;
16;-0.071892;0.0683136;-0.0757561;0.0441699;0.0219349;0.00288065;0.0751708;-1.00019;0.0889337;0.115947;-0.514588;0.145806;0.125378;-0.999754;0.109806;0.117259;-0.480752;0.165919;0;1;0;1;1;1;
17;-0.108086;0.122662;-0.0895878;0.0567796;-0.00983958;0.0286974;0.0753097;-0.821836;0.0598788;0.0968881;-0.458058;0.061262;0.0732183;-0.868489;0.0641234;0.175691;-0.435454;0.113784;0.712843;1;0.909905;1;1;1;
18;-0.11963;0.139263;-0.116707;0.0716411;-0.0208437;0.0317354;0.105545;-0.680367;0.0965305;0.0776992;-0.498283;0.0262153;0.041474;-0.507416;0.00506209;0.191778;-0.336759;0.146509;0;1;0;1;1;1;
19;-0.130621;0.144143;-0.128913;0.0549741;-0.0405339;0.0275795;0.149421;-0.692623;0.144157;0.057423;-0.531743;0.00403557;0.0242204;-0.429176;0.00295583;0.199166;-0.299228;0.138752;0;1;0;1;1;1;
20;-0.119075;0.126974;-0.118078;0.0501329;-0.0425056;0.0248857;0.189385;-0.705706;0.186311;0.0500847;-0.514346;-0.00939947;0.0141441;-0.420821;0.00172568;0.225273;-0.310785;0.165429;0;1;0;1;1;1;
21;-0.0817621;0.0863789;-0.0811798;0.0431995;-0.0403349;0.0191608;0.216922;-0.708962;0.215127;0.0492258;-0.507314;-0.0162516;0.00825951;-0.413691;0.00100726;0.237884;-0.315365;0.167184;0;1;0;1;1;1;
22;-0.0157728;0.018475;-0.0154325;0.031398;-0.0322488;0.010077;0.231701;-0.709564;0.230652;0.0531818;-0.504037;-0.0216791;0.00482294;-0.406134;0.000587669;0.243026;-0.316941;0.159955;0;1;0;1;1;1;
23;0.0734398;-0.0718536;0.0736391;0.0244089;-0.00877439;-0.0426457;0.228723;-0.704003;0.230201;0.0565284;-0.504434;-0.0381821;0.00281604;-0.405857;0.000342653;0.23967;-0.319226;0.135612;0;1;0;1;1;1;
24;0.160141;-0.159208;0.160257;0.0353768;0.0706546;-0.104442;0.193339;-0.671313;0.196691;0.0502355;-0.536811;-0.0403418;0.001644;-0.413641;0.000199669;0.196801;-0.305495;0.115199;0;1;0;1;1;1;
25;0.222795;-0.222246;0.222863;0.0432367;0.129601;-0.100841;0.186154;-0.652139;0.188111;0.0532414;-0.553874;-0.0283464;0.000959544;-0.409541;0.000116002;0.160369;-0.305611;0.0784115;0;1;0;1;1;1;
26;0.261305;-0.260983;0.261346;0.044058;0.144361;-0.103081;0.163048;-0.640839;0.164191;0.0620316;-0.558532;-0.019763;0.000559843;-0.41732;6.72374e-05;0.143604;-0.307465;0.0585512;0;1;0;1;1;1;
27;0.282596;-0.282408;0.28262;0.004026;0.17008;-0.0999727;0.125681;-0.608065;0.126348;0.0694615;-0.577797;-0.00944308;0.000326478;-0.446999;3.8818e-05;0.100823;-0.30019;0.0341978;0;1;0;1;1;1;
28;0.29199;-0.292106;0.292229;-0.1247;0.209219;-0.0874762;0.0714744;-0.582147;0.0718639;0.0886841;-0.589725;0.00682097;0.00567966;-0.471742;2.22424e-05;0.0588872;-0.294968;0.0177651;0.0579105;1;0;1;1;1;
29;0.281882;-0.298748;0.289266;-0.173914;0.221726;-0.0904458;0.00836229;-0.560852;-0.00231363;0.122688;-0.611198;0.0482625;0.103553;-0.47174;0.00857822;0.0343868;-0.290165;-0.0521954;1;1;0.796931;0.870836;1;1;
30;0.262441;-0.295615;0.283343;-0.214377;0.237271;-0.0805846;-0.0227585;-0.544243;-0.0864106;0.156725;-0.625512;0.0897249;0.169551;-0.465427;0.0768788;0.0200844;-0.296938;-0.102716;1;1;1;0.725922;1;1;
31;0.242583;-0.270897;0.263129;-0.222853;0.25057;-0.139372;-0.0267472;-0.497927;-0.101061;0.197885;-0.656789;0.158754;0.212493;-0.497135;0.115903;0.0117288;-0.29521;-0.0709344;1;1;1;0;1;0;
32;0.229255;-0.236212;0.233207;-0.208145;0.226411;-0.159393;-0.0207846;-0.477196;-0.151808;0.227625;-0.694631;0.204773;0.227924;-0.487453;0.0952722;0.00684911;-0.274151;-0.0414259;1;1;1;0;1;0;
33;0.219693;-0.19213;0.190366;-0.175729;0.189471;-0.147258;-0.00992484;-0.450487;-0.200951;0.245232;-0.723271;0.231886;0.235308;-0.487446;0.055642;0.00399953;-0.282232;-0.0241929;1;1;1;0.113582;1;0;
34;0.218775;-0.135452;0.134409;-0.125861;0.13687;-0.109233;-0.012057;-0.45522;-0.224463;0.253937;-0.723196;0.246143;0.22675;-0.4785;0.032497;0.00233606;-0.285555;-0.0141289;1;1;1;0.149515;1;0;
35;0.21634;-0.0600909;0.0594663;-0.054478;0.0640997;-0.0447598;-0.0155639;-0.456916;-0.227113;0.250573;-0.725746;0.250042;0.217838;-0.479098;0.0189808;0.00419529;-0.279368;-0.00825166;1;1;1;0.0783515;1;0;
36;0.180304;0.0353644;-0.0357492;0.026314;-0.0330186;0.044342;-0.0251786;-0.463791;-0.225776;0.246098;-0.717425;0.231895;0.204657;-0.476609;0.0110857;0.0102479;-0.29901;-0.0048194;1;1;0.865651;0.377595;1;0;
37;-0.00370902;0.131863;-0.132092;0.126596;-0.130495;0.137127;-0.0498118;-0.508153;-0.216592;0.236279;-0.679432;0.20151;0.149929;-0.448749;-0.00527737;0.00598716;-0.314812;-0.00281492;1;1;1;0.394456;1;0;
38;-0.0540619;0.204802;-0.183696;0.201743;-0.204004;0.207893;-0.0543417;-0.55773;-0.215026;0.215953;-0.640961;0.179806;0.0970467;-0.424359;-0.0330364;0.00349762;-0.308633;-0.00164422;1;1;1;0.557795;1;0;
39;-0.0982664;0.250826;-0.238494;0.24904;-0.250347;0.252632;-0.0530961;-0.551758;-0.186026;0.186073;-0.626106;0.164958;0.0782292;-0.454953;-0.0496192;0.00742626;-0.307077;-0.000960139;1;1;1;0.840155;1;0.336291;
40;-0.126761;0.277009;-0.256436;0.260029;-0.268316;0.276241;-0.0251609;-0.554666;-0.166528;0.158452;-0.628943;0.134064;0.0528851;-0.442737;-0.0744692;0.0381258;-0.302972;0.00968863;1;1;1;1;1;1;
41;-0.191926;0.289906;-0.263985;0.2588;-0.281573;0.277024;0.0121939;-0.552426;-0.117855;0.127011;-0.630062;0.0992019;0.0308881;-0.436568;-0.0939155;0.0768501;-0.305164;0.0449878;0.869076;1;1;1;1;1;
42;-0.235915;0.286085;-0.25339;0.253632;-0.293297;0.273133;0.0390518;-0.556585;-0.0795136;0.093775;-0.63067;0.0659832;0.0180384;-0.428148;-0.137952;0.12587;-0.294981;0.0783467;0.215706;1;0.939864;1;1;1;
43;-0.253711;0.259547;-0.264508;0.230573;-0.298376;0.248197;0.0981026;-0.603958;0.0288581;0.0661503;-0.550939;0.0361417;0.010534;-0.434594;-0.100103;0.216703;-0.350147;0.176327;0;1;0;1;1;1;
44;-0.250541;0.25368;-0.256846;0.22412;-0.287852;0.241874;0.159886;-0.64269;0.119447;0.0496627;-0.53549;0.025335;0.00615144;-0.381417;-0.0584618;0.2534;-0.346564;0.204656;0;1;0;1;1;1;
45;-0.230091;0.231925;-0.233773;0.221507;-0.266889;0.238199;0.204707;-0.662098;0.181091;0.0470299;-0.510789;0.0327191;0.00359183;-0.364818;-0.0341423;0.269653;-0.367283;0.210843;0;1;0;1;1;1;
46;-0.195644;0.196717;-0.197795;0.212614;-0.254046;0.230489;0.23203;-0.67441;0.218238;0.0512891;-0.493188;0.0333632;0.00209703;-0.357009;-0.0199395;0.27751;-0.376443;0.216773;0;1;0;1;1;1;
47;-0.146976;0.147608;-0.148232;0.210044;-0.22679;0.19977;0.246788;-0.682889;0.238734;0.0534423;-0.479598;0.0217478;0.00122407;-0.353675;-0.0116451;0.283731;-0.381979;0.219154;0;1;0;1;1;1;
48;-0.0797141;0.0800897;-0.0804468;0.225489;-0.150752;0.110563;0.245808;-0.683119;0.246666;0.0478072;-0.482164;-0.0315701;0.000714374;-0.356348;-0.00680128;0.27782;-0.366948;0.173696;0;1;0;1;1;1;
49;0.00968013;-0.00945349;0.00925285;0.251851;-0.0318386;0.00833684;0.237382;-0.717314;0.235833;0.0654398;-0.425437;-0.111404;0.00041662;-0.364362;-0.00397249;0.284316;-0.390559;0.101454;0;1;0;1;1;1;
50;0.108107;-0.107954;0.107858;0.279495;0.0770471;-0.0975847;0.21523;-0.72242;0.217765;0.0658186;-0.4327;-0.160821;0.0002427;-0.353617;-0.00232041;0.260786;-0.365221;0.0592502;0;1;0;1;1;1;
51;0.188303;-0.188192;0.188158;0.287757;0.121075;-0.182157;0.184146;-0.708567;0.20948;0.0729098;-0.442043;-0.167911;0.000141209;-0.370222;-0.00135554;0.2369;-0.35503;0.034602;0;1;0;1;1;1;
52;0.24088;-0.240799;0.240795;0.290763;0.134531;-0.23729;0.172782;-0.695871;0.187577;0.0829796;-0.448719;-0.136184;8.19772e-05;-0.384733;-0.000792122;0.217466;-0.353021;0.0202078;0;1;0;1;1;1;
53;0.271593;-0.271537;0.271544;0.279547;0.138315;-0.269496;0.145326;-0.673931;0.153966;0.085757;-0.464534;-0.123953;4.74095e-05;-0.40007;-0.00046305;0.183903;-0.350575;0.0118014;0;1;0;1;1;1;
54;0.28304;-0.284204;0.287528;0.281246;0.135921;-0.286331;0.102069;-0.644068;0.10711;0.100903;-0.490112;-0.0895834;0.0276221;-0.417925;-0.000270821;0.138678;-0.341287;0.00689211;0.886899;1;0;1;1;0.781014;
55;0.281036;-0.281129;0.293194;0.278815;0.120928;-0.292495;0.0582536;-0.611536;0.0425869;0.119115;-0.512818;-0.0323541;0.0967127;-0.439864;-0.000158515;0.0940032;-0.339789;0.00402484;1;1;0;1;1;0.0176152;
56;0.273811;-0.267417;0.289834;0.268347;0.0875892;-0.289425;0.0228803;-0.567444;-0.039275;0.123674;-0.555952;0.0452483;0.16075;-0.466848;-9.28294e-05;0.0549046;-0.314181;0.00235026;1;1;0;1;1;0;
57;0.224296;-0.279441;0.260079;0.0594008;0.148217;-0.275728;0.0216842;-0.492603;-0.120275;0.169569;-0.614529;0.12377;0.265044;-0.501542;0.0437475;0.0261323;-0.300761;0.00137218;1;1;1;0.303541;1;0;
58;0.219463;-0.254963;0.242278;-0.0545889;0.17487;-0.250303;0.0218202;-0.486069;-0.169162;0.209114;-0.634873;0.182367;0.279542;-0.485893;0.0583608;0.0152604;-0.280614;0.000800935;1;1;1;0;1;0;
59;0.218704;-0.216835;0.20942;-0.0998052;0.157361;-0.214101;0.021271;-0.472116;-0.18684;0.23463;-0.6503;0.21901;0.289296;-0.484002;0.0551402;0.00891145;-0.277596;0.00046727;1;1;1;0;1;0;
60;0.219574;-0.168064;0.163721;-0.102038;0.133316;-0.16645;0.028861;-0.458324;-0.191369;0.248773;-0.659561;0.239651;0.281931;-0.489254;0.0388022;0.0052037;-0.280126;0.00027238;1;1;1;0;1;0;
61;0.22246;-0.105467;0.101448;-0.0654188;0.0836915;-0.103035;0.0199624;-0.456108;-0.196889;0.252345;-0.660221;0.249542;0.278559;-0.487259;0.040535;0.00303841;-0.284878;0.000158564;1;1;1;0;1;0;
62;0.230984;-0.0242294;0.0174758;0.00356923;0.00711412;-0.0183984;0.0197447;-0.454096;-0.206813;0.243536;-0.66166;0.243575;0.259526;-0.48444;0.0267673;0.00177392;-0.288978;9.20867e-05;1;1;1;0;1;0;
63;0.182042;0.0741338;-0.0814343;0.0937281;-0.0874711;0.0808993;0.00023424;-0.466574;-0.200819;0.22522;-0.649717;0.226258;0.221049;-0.471136;0.0156349;0.00103549;-0.300121;5.33484e-05;1;1;1;0;1;0;
64;0.0631497;0.158053;-0.168799;0.17599;-0.172323;0.168498;-0.0239386;-0.512653;-0.197861;0.218033;-0.6103;0.218639;0.159608;-0.439431;0.00912936;0.000604243;-0.310819;3.0707e-05;1;1;1;0;1;0;
65;0.0133309;0.221044;-0.228791;0.232993;-0.230843;0.228618;-0.0207934;-0.52544;-0.180446;0.1976;-0.591121;0.197954;0.113178;-0.43916;0.00282821;0.000352384;-0.313263;1.74468e-05;1;1;1;0;1;0;
66;-0.0988223;0.260267;-0.264794;0.267248;-0.265989;0.264693;-0.0138224;-0.549183;-0.156019;0.166042;-0.563911;0.166245;0.0837445;-0.42744;0.000494887;0.00698231;-0.320159;9.79163e-06;1;1;1;0.550076;1;0;
67;-0.187338;0.28163;-0.25863;0.277605;-0.283138;0.284217;-0.00475964;-0.543307;-0.116671;0.129743;-0.577989;0.122644;0.0489163;-0.42045;-0.0168606;0.0466394;-0.306222;6.20574e-06;1;1;1;0.709259;1;0.518832;
68;-0.235909;0.291194;-0.267204;0.275556;-0.291212;0.287222;0.0185262;-0.539963;-0.059488;0.0976344;-0.570866;0.0873438;0.0285687;-0.426358;-0.0482434;0.0890087;-0.317926;0.0603839;1;1;0.920915;0.989377;1;1;
69;-0.258643;0.308668;-0.27692;0.252844;-0.305319;0.263091;0.0629176;-0.575839;0.0173575;0.0691177;-0.51198;0.0623736;0.0166836;-0.436059;-0.0281746;0.172648;-0.346645;0.130954;0;1;0;0.838778;1;1;
70;-0.262321;0.292856;-0.272317;0.240351;-0.303642;0.252771;0.127129;-0.618256;0.100522;0.0408962;-0.488983;0.0318955;0.00974287;-0.391663;-0.0164544;0.226862;-0.344996;0.191039;0;1;0;1;1;1;
71;-0.247704;0.269815;-0.253541;0.235533;-0.286606;0.248322;0.182348;-0.645126;0.166809;0.0379889;-0.461839;0.0337559;0.00568931;-0.368587;-0.00960991;0.240973;-0.363359;0.207804;0;1;0;1;1;1;
72;-0.218862;0.233471;-0.222271;0.224482;-0.279485;0.238638;0.218813;-0.664077;0.209739;0.0394743;-0.440974;0.0336928;0.00332197;-0.357833;-0.00561269;0.251415;-0.371254;0.21747;0;1;0;1;1;1;
73;-0.17724;0.18595;-0.17923;0.218226;-0.262646;0.232841;0.239907;-0.676586;0.234607;0.0396529;-0.427658;0.0359846;0.00193941;-0.351884;-0.00327835;0.258786;-0.373528;0.221549;0;1;0;1;1;1;
74;-0.120304;0.125409;-0.121467;0.218801;-0.23123;0.191363;0.250421;-0.682592;0.247326;0.0409358;-0.419819;0.0276202;0.001132;-0.352897;-0.00191512;0.258996;-0.373812;0.214001;0;1;0;1;1;1;
75;-0.0426316;0.0456305;-0.0433091;0.232201;-0.160021;0.0853751;0.241206;-0.69111;0.246235;0.0378034;-0.414202;-0.00132524;0.000660503;-0.345663;-0.00111897;0.252457;-0.375814;0.183143;0;1;0;1;1;1;
76;0.054185;-0.0524167;0.0537911;0.208783;-0.0410702;-0.0214091;0.222191;-0.691047;0.224124;0.0244886;-0.409086;-0.0549805;0.000385179;-0.358874;-0.000654087;0.210868;-0.378353;0.130033;0;1;0;1;1;1;
77;0.147354;-0.142502;0.147124;0.220994;0.0291499;-0.128198;0.204162;-0.688976;0.202909;0.0231443;-0.411029;-0.100856;0.000224338;-0.380663;-0.000382387;0.206912;-0.361076;0.0775581;0;1;0;1;1;1;
78;0.215029;-0.211713;0.214895;0.217442;0.0424373;-0.192596;0.19429;-0.679555;0.193558;0.0337817;-0.432449;-0.0986934;0.000130512;-0.37748;-0.000223806;0.176048;-0.344949;0.0453046;0;1;0;1;1;1;
79;0.25685;-0.254901;0.256772;0.0234532;0.130822;-0.156011;0.169922;-0.644483;0.169494;0.00248024;-0.461763;-0.0737349;7.57752e-05;-0.426391;-0.000131192;0.102838;-0.308746;0.0264593;0;1;0;1;1;1;
80;0.280216;-0.279073;0.280171;-0.112769;0.190737;-0.141734;0.132447;-0.609684;0.132197;0.000469462;-0.492776;-0.0509275;4.37601e-05;-0.442336;-7.70669e-05;0.060065;-0.295256;-0.0155021;0;1;0;1;1;1;
81;0.2912;-0.290494;0.291173;-0.121838;0.189967;-0.152592;0.0792016;-0.58604;0.0790558;0.00132507;-0.523499;-0.0396675;2.51537e-05;-0.441521;-4.54065e-05;0.0347404;-0.278486;-0.0551032;0;1;0;1;1;1;
82;0.2693;-0.305586;0.2862;-0.193934;0.233418;-0.140617;0.00655443;-0.547113;0.00645908;0.0404875;-0.553891;-0.00723293;0.0986365;-0.448497;0.0090667;0.0102638;-0.279334;-0.114455;0.572917;1;0.0142935;1;1;1;
83;0.256027;-0.305306;0.289462;-0.227276;0.243107;-0.138023;-0.0186999;-0.529294;-0.077869;0.105299;-0.56545;0.0193762;0.149141;-0.446499;0.0797029;0.00599393;-0.288088;-0.157037;1;1;1;0.131097;1;1;
84;0.242046;-0.286706;0.271706;-0.232167;0.236242;-0.158313;-0.0337023;-0.490971;-0.0902609;0.16662;-0.590691;0.08524;0.197566;-0.46924;0.116526;0.00350006;-0.288735;-0.15883;1;1;1;0;1;0.7304;
85;0.222754;-0.261787;0.246735;-0.215747;0.218129;-0.172616;-0.0203064;-0.422963;-0.0797944;0.209149;-0.638611;0.161623;0.229613;-0.510648;0.156535;0.00204355;-0.287559;-0.0927589;1;1;1;0;1;0;
86;0.221052;-0.231818;0.246756;-0.182842;0.18424;-0.157655;-0.037142;-0.429734;-0.0865112;0.234525;-0.641039;0.20677;0.240201;-0.499108;0.164914;0.00119298;-0.278074;-0.0541714;1;1;1;0;1;0;
87;0.216315;-0.196133;0.208922;-0.13361;0.134435;-0.1189;-0.0324779;-0.411844;-0.0859648;0.247902;-0.650557;0.231693;0.241011;-0.506637;0.171165;0.000696188;-0.288165;-0.0316363;1;1;1;0;1;0;
88;0.173251;-0.122696;0.125414;-0.0638632;0.064356;-0.0552722;-0.0352115;-0.417814;-0.0807298;0.238006;-0.657229;0.243427;0.202165;-0.494066;0.125671;0.000405946;-0.277634;-0.018476;1;1;1;0;1;0;
89;0.0584527;-0.0166849;0.034929;0.0279953;-0.0276951;0.033013;-0.0697385;-0.432732;-0.0919836;0.22865;-0.651151;0.231445;0.156461;-0.464094;0.110263;0.000236645;-0.29771;-0.0107903;1;1;1;0;1;0;
90;-0.0502809;0.0971953;-0.0548251;0.124587;-0.124399;0.127518;-0.0962476;-0.489763;-0.0890834;0.206548;-0.608472;0.210232;0.105733;-0.423989;0.0911553;0.000137811;-0.300412;-0.0063019;1;1;1;0;1;0;
91;-0.0627077;0.183699;-0.0561339;0.199722;-0.199596;0.201434;-0.109057;-0.525942;-0.0868953;0.174459;-0.565941;0.202392;0.0617593;-0.413035;0.0597538;8.01288e-05;-0.310004;-0.00368073;1;1;1;0;1;0;
92;-0.0905891;0.238194;-0.154621;0.247782;-0.247693;0.248781;-0.106674;-0.541168;-0.060187;0.163818;-0.539964;0.180131;0.0360712;-0.40501;0.0487044;4.62821e-05;-0.3327;-0.00214993;1;1;1;0;1;0;
93;-0.103474;0.26907;-0.216173;0.275389;-0.274521;0.273173;-0.0992412;-0.537914;-0.046073;0.135923;-0.54801;0.145454;0.0210596;-0.406261;0.0284496;2.65702e-05;-0.313697;0.002508;1;1;1;0;1;1;
94;-0.13055;0.284528;-0.254693;0.289276;-0.287689;0.264741;-0.0694753;-0.550384;-0.0384248;0.090896;-0.528461;0.110792;-0.0315597;-0.400048;0.0166149;1.51521e-05;-0.326743;0.0475382;1;1;0.791138;0;1;1;
95;-0.200626;0.302091;-0.273133;0.280304;-0.309064;0.249555;-0.0131193;-0.557665;0.00501589;0.0256344;-0.509621;0.0770608;-0.0495005;-0.41502;0.00970277;0.0749363;-0.323615;0.0918515;1;1;0;0.836877;1;1;
96;-0.234138;0.300846;-0.284046;0.258046;-0.31745;0.228535;0.0636601;-0.596769;0.0742509;0.00520625;-0.455199;0.0535864;-0.0289089;-0.40893;0.00566599;0.141775;-0.350089;0.156284;0;1;0;1;1;1;
97;-0.240755;0.279717;-0.269901;0.244899;-0.313616;0.218531;0.138024;-0.631962;0.144209;-0.0126094;-0.42871;0.0358243;-0.0168833;-0.37721;0.00330855;0.183759;-0.353915;0.199079;0;1;0;1;1;1;
98;-0.226436;0.251009;-0.243457;0.235074;-0.307364;0.213438;0.19155;-0.648963;0.195162;-0.0264624;-0.415008;0.0204367;-0.00986029;-0.363381;0.00193172;0.209974;-0.348602;0.227297;0;1;0;1;1;1;
