1;-0.000363587;0.000116064;9.94832e-05;-0.000363587;0.000116064;9.94834e-05;0.0349769;0.0347456;0.0352595;0.034977;0.0347457;0.0352595;0.808667;0.808665;0.808666;0.808667;0.808665;0.808666;0;0;0;0;0;0;
2;-0.0116177;-0.022029;-0.0212175;0.0172777;0.0112663;0.00974827;0.134861;0.1308;0.0864258;0.0965569;0.109347;0.149325;0.472324;0.47232;0.472302;0.472307;0.472313;0.472335;1;1;1;1;1;1;
3;0.061538;0.0321287;0.0309763;-0.0203478;-0.0474891;-0.0505646;0.139419;0.142731;0.0686408;0.112912;0.129347;0.13269;0.275866;0.27586;0.275838;0.275846;0.275853;0.275872;0.52224;0.208343;0.0785749;0;0.302869;1;
4;0.0457826;0.0188574;0.0192736;-0.0117047;-0.0327103;-0.0374604;0.213954;0.216478;0.153812;0.172477;0.184541;0.198605;0.209547;0.19854;0.161111;0.174537;0.19512;0.202115;0.717619;0.69158;1;1;1;1;
5;0.0412464;0.0151135;0.016086;-0.00737642;-0.0257289;-0.0312782;0.210084;0.210976;0.158928;0.168693;0.183444;0.199481;0.210959;0.198272;0.141412;0.173461;0.196317;0.208251;0.219993;0.67978;1;0.924527;0.9679;1;
6;0.040208;0.0148829;0.0159759;-0.00846663;-0.0257078;-0.0312621;0.208512;0.20903;0.156119;0.168228;0.18295;0.198965;0.207598;0.196207;0.141215;0.173778;0.196131;0.20788;0.175988;0.715916;1;0.909074;1;1;
7;0.0381789;0.0156588;0.0169286;-0.010224;-0.0240492;-0.0298527;0.205999;0.209597;0.154255;0.167529;0.181156;0.197863;0.207944;0.193932;0.141881;0.171628;0.195088;0.206024;0.148224;0.788105;1;0.863996;1;1;
8;0.0382599;0.0151468;0.01641;-0.00949036;-0.023959;-0.0297519;0.20497;0.208918;0.152747;0.166845;0.179333;0.197563;0.206905;0.192501;0.142195;0.169594;0.194071;0.203389;0.147012;0.764576;1;0.86277;1;1;
9;0.0381444;0.0151435;0.0164135;-0.00903849;-0.0234916;-0.0292854;0.200986;0.209007;0.150428;0.168661;0.177866;0.198262;0.208147;0.18892;0.142106;0.166263;0.194199;0.201025;0.296058;0.773387;1;0.855561;1;1;
10;0.0372398;0.0142269;0.0154841;-0.00872259;-0.0232931;-0.0289446;0.198073;0.208553;0.147222;0.170067;0.176093;0.199778;0.207454;0.185197;0.141885;0.163767;0.195426;0.199031;0.357662;0.766528;1;0.847831;1;1;
11;0.0359554;0.0131334;0.0142511;-0.00773939;-0.0223703;-0.027838;0.193744;0.2085;0.14344;0.171929;0.17409;0.201828;0.208984;0.180952;0.141693;0.160195;0.19696;0.197181;0.414028;0.73335;1;0.834934;1;1;
12;0.0343353;0.0117987;0.0125957;-0.00589895;-0.0207635;-0.0259031;0.192145;0.207749;0.139519;0.172351;0.171652;0.203914;0.208093;0.177996;0.14145;0.15719;0.198466;0.195522;0.330251;0.681903;1;0.834981;1;1;
13;0.0308073;0.0086147;0.00894102;-0.00281045;-0.0179367;-0.0226847;0.191236;0.206797;0.136958;0.171521;0.170329;0.204191;0.208888;0.176435;0.138668;0.152598;0.197383;0.197007;0.145489;0.618173;1;0.837906;1;1;
14;0.0227326;0.00366345;0.00317128;0.00496883;-0.00982945;-0.0145182;0.165108;0.192049;0.129439;0.177973;0.184782;0.216749;0.196171;0.185522;0.132358;0.139068;0.181889;0.194108;0.523692;0.382084;1;0.86011;1;1;
15;0.0172178;-0.000886742;-0.00232987;0.0106634;-0.00501284;-0.00907036;0.188288;0.201818;0.147521;0.149112;0.166631;0.188888;0.19358;0.194907;0.124645;0.143384;0.178281;0.208341;0.160086;0.499194;1;0.966671;1;1;
16;-0.00192007;-0.00655961;-0.0094656;0.0256319;0.0110815;0.00627873;0.184087;0.19441;0.162742;0.119245;0.166747;0.176915;0.15668;0.226112;0.115301;0.139041;0.15018;0.210274;0.528874;0.382069;1;1;0.762336;1;
17;-0.0160182;-0.00367312;-0.00846357;0.0536579;-0.00301656;0.0313043;0.202638;0.191968;0.198616;0.0810344;0.162681;0.149558;0.130183;0.267439;0.0951109;0.132152;0.0877231;0.217346;0.783574;0.680314;1;1;0.685883;1;
18;-0.0460821;0.00856622;0.00166543;0.0980716;-0.0684996;0.0744318;0.214867;0.172337;0.229211;0.0376026;0.164431;0.119819;0.0760398;0.310178;0.0574717;0.148647;0.0512313;0.257425;0.42002;0.726037;1;1;0.402736;1;
19;-0.0633404;-0.00244641;-0.00902989;0.100396;-0.100761;0.0731753;0.254492;0.170528;0.268455;-0.00924766;0.18381;0.0775729;0.0456578;0.352515;0.0460919;0.163634;0.0299184;0.271312;0.342721;1;1;1;0;1;
20;-0.035782;0.0340765;-0.0398245;0.0672608;-0.112598;0.0415446;0.281271;0.168942;0.2733;-0.033139;0.209468;0.0217755;0.0266671;0.403765;0.0269215;0.179507;0.0174716;0.231049;0.768123;0.990307;0.835612;0.94088;0;1;
21;-0.0255476;0.0436639;-0.039243;0.0444793;-0.0779794;0.0160849;0.271333;0.159892;0.266317;-0.032664;0.228651;0.012772;0.0155711;0.400159;0.0157241;0.19886;0.0102028;0.22265;1;0.790681;0.751069;0.815287;0;1;
22;-0.0416525;0.026501;0.00905651;-0.00598817;-0.0135639;-0.0273104;0.270443;0.157875;0.260906;-0.0304189;0.23855;0.00707881;0.00818447;0.399187;0.00918467;0.203335;0.00595773;0.20731;1;0.893846;0.465797;0.792;0;1;
23;-0.0516634;0.0146616;0.0879407;-0.0767534;0.0747298;-0.0986138;0.270185;0.151981;0.251198;-0.0100859;0.225969;-0.00145769;-0.0118024;0.403635;0.00536328;0.202612;0.00347872;0.179083;1;0.254492;0;0.678214;0;1;
24;0.0288266;-0.0152397;0.168609;-0.14504;0.160894;-0.174849;0.270692;0.137021;0.2354;-0.0167375;0.198252;-0.0394198;0.0158527;0.374425;0.00313157;0.184837;0.002031;0.113652;1;1;0;0.770121;0;1;
25;0.0351315;-0.0631277;0.227741;-0.193771;0.223235;-0.231383;0.232188;0.113204;0.210717;0.0420232;0.188696;0.013089;-0.0280999;0.322545;0.00182849;0.210912;0.00118553;0.130902;1;1;0;0.723913;0;1;
26;0.0448096;-0.0612946;0.264194;-0.200968;0.261563;-0.252618;0.21558;0.129373;0.177393;0.0628913;0.164533;0.038536;-0.0169335;0.297706;0.00106735;0.196364;0.000691801;0.0940264;1;1;0;0.366428;0;1;
27;0.0497837;-0.0591719;0.284283;-0.199435;0.277616;-0.240869;0.176542;0.120663;0.134061;0.0850848;0.126554;0.0750107;-0.0182125;0.25994;0.0115117;0.16732;0.0438505;0.0853616;1;1;0.707899;0.229653;0.575555;1;
28;0.0552619;-0.0590563;0.296082;-0.216039;0.252208;-0.24478;0.101193;0.115263;0.0763788;0.11566;0.114785;0.128383;0.013688;0.20271;0.0372305;0.114218;0.109755;0.0699559;1;1;1;0.300541;1;1;
29;0.136988;-0.152228;0.339399;-0.248277;0.245258;-0.256973;0.0200655;0.0926026;0.0160037;0.117518;0.0731689;0.12614;0.0622981;0.118384;0.123869;0.0667043;0.179443;0.0272972;1;0;0;0;0.626046;1;
30;0.112434;-0.201714;0.32082;-0.257805;0.212375;-0.260758;-0.0600397;0.13915;-0.0555696;0.153702;0.0678845;0.225251;0.100712;0.0691352;0.124125;0.0389547;0.241114;-0.00608748;1;0;1;0;1;1;
31;0.0817339;-0.215458;0.298754;-0.248215;0.197899;-0.260043;-0.0932594;0.187621;-0.0957356;0.196119;0.0655954;0.27706;0.121636;0.0403744;0.12288;0.0227487;0.266387;-0.0129551;1;0;1;0;1;1;
32;0.0496765;-0.203827;0.266305;-0.222957;0.20465;-0.25373;-0.0923652;0.221631;-0.105683;0.226594;0.054797;0.277587;0.150245;0.0235778;0.123678;0.0132848;0.25411;-0.00756716;1;0;1;0;1;1;
33;0.00126275;-0.173208;0.216178;-0.184379;0.174365;-0.202359;-0.0865568;0.241731;-0.112401;0.24463;0.0504982;0.274184;0.148532;0.0137688;0.106554;0.00775772;0.244191;-0.00441962;1;0;1;0;1;0.581159;
34;-0.0572389;-0.124388;0.152107;-0.130912;0.125061;-0.141418;-0.081454;0.251892;-0.118446;0.253585;0.0457394;0.261818;0.153416;0.00804027;0.0996109;0.00452997;0.228746;-0.00258081;1;0;1;0;1;0;
35;-0.133402;-0.0536107;0.0698133;-0.0574207;0.0540041;-0.0635624;-0.0741801;0.247197;-0.125519;0.248718;0.0458058;0.246369;0.152676;0.00469484;0.0885651;0.00264501;0.221709;0.00100958;1;0;1;0;1;0;
36;-0.223319;0.0391731;-0.0296987;0.0369477;-0.0389438;0.0333605;-0.0563729;0.233081;-0.127388;0.234241;0.0519792;0.235362;0.139236;0.00274119;0.0755201;0.0015442;0.2272;0.00176822;1;0;1;0;1;0;
37;-0.305038;0.134109;-0.128562;0.132809;-0.133969;0.130712;-0.0279748;0.203474;-0.111425;0.204952;0.0647182;0.211633;0.147864;0.00160028;0.0765045;0.000901484;0.211841;0.00351954;1;0;1;0.170056;1;0.13928;
38;-0.356262;0.206131;-0.202877;0.205366;-0.205267;0.204147;0.0156476;0.194476;-0.0743868;0.201254;0.0662012;0.201557;0.159487;0.000934077;0.0699849;0.00471402;0.194332;0.00205494;1;0;1;0.459125;1;0;
39;-0.361374;0.251604;-0.218435;0.239678;-0.187295;0.250445;0.0497469;0.173524;-0.0568886;0.177488;0.0676011;0.17766;0.161094;0.000544961;0.0501664;-0.00250722;0.160981;0.00119967;1;0;1;0.873478;1;0;
40;-0.345244;0.277462;-0.200547;0.245003;-0.194256;0.2739;0.0782518;0.139063;-0.0125964;0.141382;0.0681379;0.141479;0.152285;0.000318217;0.0325986;0.00944283;0.11813;0.00900518;1;0.157531;1;0.877225;1;0.562375;
41;-0.340651;0.276856;-0.194907;0.236192;-0.211467;0.268563;0.109903;0.106033;0.0200744;0.0968993;0.079668;0.0906832;0.124502;0.0580959;0.0190384;0.0476109;0.0856409;0.0398648;0.726248;1;1;0.990957;1;1;
42;-0.328713;0.23192;-0.225252;0.240868;-0.244685;0.269742;0.129834;0.0830273;0.0494352;0.0246729;0.0802022;0.0379941;0.0727164;0.118205;0.0123155;0.0740467;0.050015;0.0763719;0.377907;1;1;1;0.107067;1;
43;-0.307904;0.187698;-0.246446;0.233384;-0.258833;0.262671;0.151121;0.0659718;0.104171;-0.0547609;0.122135;-0.0295399;0.0424661;0.193985;0.00732589;0.0990593;0.0292082;0.0990157;0.442473;1;0.86608;0.885411;0;1;
44;-0.282189;0.181389;-0.243966;0.193575;-0.253532;0.232824;0.190849;0.0667556;0.16343;-0.0981397;0.173921;-0.0947567;0.0247999;0.239608;0.00427784;0.11828;0.0170571;0.0955777;0.352034;1;0;0.602819;0;1;
45;-0.248573;0.130928;-0.226251;0.16067;-0.231838;0.195711;0.22279;0.0508444;0.206777;-0.112667;0.212904;-0.100598;0.0144825;0.246853;0.00249778;0.117357;0.00996078;0.100294;0;1;0;0.799708;0;1;
46;-0.206438;0.102072;-0.193402;0.128875;-0.196665;0.167282;0.24259;0.0468823;0.233239;-0.118553;0.236817;-0.10666;0.00845722;0.236004;0.00145831;0.123555;0.00581641;0.109898;0;1;0;0.827422;0;1;
47;-0.15328;0.0543559;-0.145667;0.0967919;-0.147572;0.130414;0.252955;0.044431;0.247494;-0.120401;0.249584;-0.104579;0.00493851;0.234633;0.000851132;0.108761;0.00339616;0.103236;0;1;0;0.908873;0;1;
48;-0.0833942;0.0256192;-0.0789482;0.0431365;-0.0800612;0.0700508;0.247863;0.0413224;0.247756;-0.109139;0.248747;-0.109118;0.00288353;0.216553;0.000496577;0.11475;0.00198274;0.101959;0;1;0;0.967606;0;1;
49;0.0075322;-0.0412714;0.0101286;-0.0322968;0.00947864;-0.0153083;0.240279;0.0433599;0.239164;-0.10238;0.238433;-0.113111;0.00168353;0.210756;0.00028954;0.110432;0.00115728;0.0988993;0;1;0;1;0;1;
50;0.106853;-0.12655;0.10837;-0.121335;0.10799;-0.111375;0.217512;0.0455053;0.216245;-0.0776145;0.215951;-0.094511;0.000982472;0.203053;0.000168607;0.101758;0.000675285;0.0915654;0.0927359;1;0;1;0;1;
51;0.187567;-0.198347;0.188457;-0.196048;0.188235;-0.190191;0.209396;0.0535196;0.208655;-0.0477978;0.208484;-0.068916;0.000352503;0.186653;9.80342e-05;0.105255;0.000393818;0.0892276;0.663257;1;0;1;0;1;
52;0.211325;-0.190827;0.24097;-0.245341;0.24084;-0.24198;0.18753;0.0539278;0.187096;-0.00669808;0.186995;-0.0498417;-0.025185;0.164499;5.6843e-05;0.114762;0.000229437;0.0589791;1;1;0;1;0;1;
53;0.200999;-0.210147;0.271646;-0.272201;0.27157;-0.272231;0.153942;0.064184;0.153685;0.027785;0.153626;-0.0173504;-0.0147119;0.137649;3.278e-05;0.107154;0.00013353;0.0352803;1;1;0;1;0;1;
54;0.196514;-0.232252;0.287587;-0.271274;0.284244;-0.268492;0.107104;0.0677166;0.106946;0.0729301;0.106913;0.0345533;-0.00557144;0.0872194;0.00427357;0.0991464;0.0241355;0.0206051;1;0.924203;0.275645;0.784089;0.352007;1;
55;0.195788;-0.251801;0.286405;-0.272706;0.280706;-0.269803;0.0533807;0.0699228;0.0425025;0.106493;0.0644683;0.0717316;0.0536579;0.05094;0.0772846;0.0579137;0.0811946;-0.0179103;1;0.38253;1;0.0900706;1;1;
56;0.209205;-0.265661;0.301727;-0.277869;0.237829;-0.276146;-0.0329527;0.104978;-0.0279297;0.126335;0.0511453;0.106043;0.0662472;0.0297483;0.0939589;0.0338209;0.176274;0.0157093;1;0;1;0.0460928;1;1;
57;0.183743;-0.26185;0.282911;-0.26898;0.218128;-0.27546;-0.0904426;0.158652;-0.0832231;0.171125;0.0420608;0.159281;0.101858;0.0173725;0.102843;0.0197508;0.221569;0.0102534;1;0;1;0;1;1;
58;0.150575;-0.242199;0.254498;-0.246363;0.191499;-0.252381;-0.122496;0.202738;-0.117594;0.210022;0.0461884;0.203109;0.109478;0.010145;0.0921343;0.0115339;0.24142;0.00953919;1;0;1;0;1;0.922174;
59;0.125783;-0.209369;0.216548;-0.2118;0.0907213;-0.215314;-0.141077;0.230906;-0.100828;0.23516;0.0342842;0.231124;0.102565;0.00592408;0.115194;0.00673523;0.220903;0.00557084;1;0;1;0;1;0.330992;
60;0.072194;-0.163687;0.167878;-0.165107;0.0806698;-0.167159;-0.125783;0.246599;-0.107607;0.249083;0.023916;0.246726;0.10477;0.00345901;0.102815;0.00393286;0.215516;0.00325289;0.960034;0;1;0;1;0;
61;0.00693512;-0.101422;0.103872;-0.102251;0.052938;-0.103449;-0.121037;0.250641;-0.124314;0.252865;0.0274179;0.252419;0.110278;0.00201946;0.092982;0.00229629;0.205064;0.00189918;1;0;1;0;1;0;
62;-0.0655193;-0.0174563;0.0188988;-0.0179403;-0.0108585;-0.0186403;-0.103409;0.242462;-0.119332;0.242722;0.0210961;0.244216;0.108165;0.00117875;0.085512;0.00134054;0.194189;0.00110861;1;0;1;0;1;0;
63;-0.150606;0.08145;-0.0805888;0.0811672;-0.0979814;0.0807583;-0.0841307;0.221907;-0.112227;0.223083;0.02814;0.21934;0.101847;0.000687803;0.081165;0.000782425;0.18562;0.000646961;1;0;1;0;1;0;
64;-0.229916;0.16882;-0.168299;0.168655;-0.178466;0.168416;-0.0504036;0.186297;-0.089418;0.193015;0.0372965;0.191675;0.0969632;0.000401135;0.0753101;0.000456679;0.174325;0.000377337;1;0;1;0;1;0;
65;-0.276761;0.228806;-0.228489;0.225655;-0.205593;0.22857;-0.00900099;0.175323;-0.067222;0.18299;0.0372089;0.182207;0.111908;0.000233751;0.0686867;-0.011217;0.148469;0.000220023;1;0;1;0.506417;1;0;
66;-0.304407;0.264803;-0.259962;0.21804;-0.220671;0.264665;0.0203195;0.153029;-0.0384228;0.157509;0.0508389;0.157049;0.106157;0.00013603;0.0401202;-0.00849737;0.123023;0.000128048;1;0;1;0.636224;1;0;
67;-0.308873;0.284282;-0.264667;0.221504;-0.232146;0.284201;0.0644639;0.114924;0.00248222;0.117546;0.0543426;0.117272;0.0983052;7.90279e-05;0.023432;-0.00620172;0.0794465;7.44046e-05;1;0;1;1;1;0;
68;-0.303042;0.288769;-0.256012;0.21917;-0.243162;0.285659;0.0941354;0.0683325;0.0418573;0.0639312;0.0673508;0.0598362;0.0694862;0.0648051;-0.00430717;0.0468878;0.0464023;0.0335081;0.468018;0.865147;1;1;0.718394;1;
69;-0.297849;0.247959;-0.270383;0.237745;-0.262879;0.301411;0.107074;0.0502745;0.0765507;-0.0147476;0.0914312;-0.0123992;0.0405797;0.143745;-8.32584e-05;0.0685522;0.0270983;0.0823704;0.364645;0.950759;1;1;0;1;
70;-0.28454;0.214094;-0.274927;0.215972;-0.263877;0.286606;0.152916;0.0440598;0.135096;-0.0873188;0.143781;-0.0797582;0.0236978;0.207808;0.00861807;0.0953759;0.015825;0.0866439;0;1;1;0.836427;0;1;
71;-0.260679;0.163416;-0.255065;0.19273;-0.248612;0.261882;0.197408;0.0441488;0.187001;-0.12683;0.192073;-0.107128;0.0138389;0.227666;0.00503284;0.0968215;0.00924129;0.0859368;0;1;0.391032;0.718362;0;1;
72;-0.226439;0.134259;-0.223161;0.155519;-0.219392;0.227137;0.227608;0.0283962;0.221531;-0.132351;0.224493;-0.114512;0.00808139;0.221219;0.00293871;0.110261;0.00539631;0.101306;0;1;0;0.685766;0;1;
73;-0.181665;0.0875021;-0.17975;0.111407;-0.17755;0.18207;0.245043;0.0256802;0.241494;-0.133692;0.243224;-0.116975;0.00471905;0.213835;0.00171575;0.099386;0.00315082;0.0927167;0;1;0;0.741659;0;1;
74;-0.122888;0.0678933;-0.12177;0.0558906;-0.120485;0.12313;0.253421;0.0188401;0.251348;-0.122855;0.252358;-0.126377;0.00275536;0.203303;0.00100147;0.105768;0.00183949;0.0861014;0;1;0;0.748257;0;1;
75;-0.0441391;0.0120221;-0.0434862;-0.0133949;-0.0427359;0.0442955;0.247552;0.0128107;0.245425;-0.112709;0.245797;-0.127401;0.00160865;0.194869;0.000584371;0.103398;0.00107364;0.0782403;0;1;0;0.839558;0;1;
76;0.0533074;-0.0720586;0.0536887;-0.0970977;0.0541271;-0.0531953;0.229015;0.019395;0.229629;-0.104767;0.227136;-0.129208;0.000938968;0.189958;0.000340781;0.0945859;0.00062642;0.0735908;0;1;0;1;0;1;
77;0.146842;-0.157782;0.147064;-0.182958;0.147321;-0.146753;0.203804;0.0302545;0.199816;-0.0742763;0.191506;-0.109246;0.000547877;0.16362;0.000198534;0.0930178;0.000365254;0.0754424;0;1;0;1;0;1;
78;0.214728;-0.221107;0.21486;-0.248343;0.21501;-0.214661;0.194081;0.0397613;0.191752;-0.0418218;0.158696;-0.0849267;-0.0023615;0.149796;0.000115544;0.0898444;0.000212745;0.0694212;0.171787;1;0;1;0;1;
79;0.24989;-0.221506;0.256752;-0.278707;0.256839;-0.25576;0.169801;0.0365169;0.168439;0.00176167;0.149135;-0.0529899;-0.02467;0.120882;6.70837e-05;0.099911;0.000123783;0.040607;0.697616;1;0;1;0;1;
80;0.234423;-0.249765;0.280159;-0.293049;0.280211;-0.26726;0.132382;0.0451479;0.131581;0.0390517;0.120307;-0.0118436;-0.0144073;0.085234;3.87378e-05;0.0895491;7.18846e-05;0.0237165;1;1;0;0.928932;0;1;
81;0.229778;-0.262092;0.290172;-0.294086;0.289115;-0.26637;0.081396;0.0563973;0.0786989;0.0716977;0.0721177;0.0340016;0.0311774;0.053908;0.0227393;0.0671549;0.0396846;-0.0143853;1;1;1;0.496462;0.716028;1;
82;0.23799;-0.275843;0.296941;-0.295701;0.256572;-0.275307;0.00784307;0.0645785;0.00626376;0.0979491;0.050007;0.0705332;0.0605316;0.031477;0.0702635;0.0392202;0.112046;-0.0139081;1;0;1;0.474952;1;1;
83;0.221893;-0.277236;0.28777;-0.286708;0.221234;-0.28092;-0.0670294;0.119368;-0.0669723;0.138856;0.0370674;0.122853;0.0868752;0.0183822;0.0896458;0.022904;0.184237;-0.00456631;1;0;1;0;1;1;
84;0.19582;-0.261343;0.267491;-0.266874;0.206658;-0.264626;-0.111967;0.174836;-0.117064;0.186218;0.0399951;0.176876;0.104182;0.0107347;0.0790458;0.0133754;0.224824;0.00622464;1;0;1;0;1;0.894648;
85;0.177611;-0.232785;0.236369;-0.236016;0.123844;-0.234703;-0.135498;0.213947;-0.110296;0.220594;0.0292943;0.215139;0.0997967;0.00626855;0.0957767;0.00781063;0.216339;0.0036352;1;0;1;0;1;0.334904;
86;0.136646;-0.192793;0.194886;-0.194679;0.107311;-0.193913;-0.128165;0.237327;-0.112921;0.241208;0.0176694;0.238023;0.108634;0.0036602;0.0937707;0.00456091;0.205737;0.00212251;0.819387;0;1;0;1;0;
87;0.0844642;-0.139421;0.140649;-0.140522;0.0894965;-0.140075;-0.122392;0.249538;-0.127928;0.251805;0.0156704;0.249944;0.111167;0.00213695;0.0823378;0.00266308;0.200738;0.00123905;0.84094;0;1;0;1;0;
88;0.0228348;-0.0672564;0.0679887;-0.0678994;0.0380999;-0.067638;-0.112726;0.247888;-0.130316;0.249635;0.00957821;0.248557;0.109598;0.00124738;0.0764006;0.00155472;0.190988;0.000723082;0.882174;0;1;0;1;0;
89;-0.0558502;0.0260149;-0.025566;0.0256394;-0.0430372;0.0257919;-0.106168;0.234351;-0.132862;0.237772;0.0138661;0.235837;0.105458;0.000727828;0.0722645;0.000907526;0.183875;0.000421837;0.979022;0;1;0;1;0;
90;-0.141748;0.123432;-0.123148;0.123208;-0.133357;0.123301;-0.0755566;0.209763;-0.108556;0.235221;0.0137193;0.208754;0.107652;0.000424523;0.0689669;0.00164063;0.166051;0.000245831;1;0;1;0.282466;1;0;
91;-0.20975;0.199048;-0.198869;0.158963;-0.159566;0.198972;-0.0384489;0.200012;-0.0901757;0.217893;0.00505674;0.201529;0.125285;0.000247318;0.051382;-0.0186004;0.156552;0.000143241;0.968502;0;1;1;1;0;
92;-0.253023;0.247388;-0.247277;0.145043;-0.182765;0.247344;-0.00892578;0.17874;-0.0702236;0.18939;0.0120065;0.179626;0.118711;0.000143944;0.0300106;-0.0108651;0.144887;8.31816e-05;0.676499;0;1;1;1;0;
93;-0.266971;0.27516;-0.264757;0.140559;-0.20171;0.275134;0.0287299;0.144638;-0.0345211;0.151678;0.013807;0.145155;0.115994;8.35965e-05;0.0175224;-0.00893124;0.110035;4.81489e-05;0.473319;0;1;1;1;0;
94;-0.273844;0.287738;-0.275732;0.147253;-0.201067;0.289127;0.0663904;0.095988;-0.00194944;0.111785;0.0427448;0.0962878;0.0842827;0.0126122;-0.0228566;0.0252239;0.06427;2.7751e-05;0.467689;0.353718;1;1;0.208497;0;
95;-0.284135;0.262111;-0.283723;0.185478;-0.227295;0.329008;0.0747408;0.0534207;0.0263211;0.0386671;0.0464114;0.0287766;0.0492217;0.118805;-0.0414464;0.0429007;0.0375323;0.0470504;0;0.496271;1;1;0;0.421728;
96;-0.284564;0.236396;-0.277309;0.166364;-0.249713;0.319925;0.114971;0.045583;0.0866956;-0.039466;0.098426;-0.0545039;0.0287448;0.188184;-0.033801;0.0794179;0.0219184;0.0674159;0;0.466467;1;1;0;1;
97;-0.270203;0.210934;-0.273718;0.134588;-0.253702;0.290859;0.167989;0.0474932;0.151477;-0.0964047;0.158327;-0.130872;0.0167864;0.238575;-0.0237018;0.104548;0.0128;0.0750164;0;0.96928;1;1;0;1;
98;-0.243634;0.20675;-0.266708;0.0977778;-0.233997;0.256455;0.20905;0.0452199;0.199405;-0.106806;0.203407;-0.153124;0.00980269;0.251956;-0.039295;0.116276;0.00747467;0.0574202;0;1;1;1;0;1;
