1;-0.000363588;0.000116065;9.94839e-05;-0.000363588;0.000116065;9.94841e-05;0.034977;0.0347457;0.0352596;0.0349768;0.0347454;0.0352593;0.808667;0.808665;0.808666;0.808667;0.808665;0.808666;0;0;0;0;0;0;
2;0.00497452;0.00767667;0.00769464;0.0458043;0.0054774;0.0036366;0.139045;0.132266;0.134495;0.113944;0.136984;0.138854;0.472382;0.472378;0.47238;0.472365;0.472376;0.472378;1;1;1;1;1;1;
3;0.00493379;0.00514862;0.00668243;0.0286136;0.00362385;0.00169853;0.0812946;0.0771645;0.0786338;0.0664598;0.0802554;0.0810131;0.275887;0.275883;0.275883;0.275872;0.275885;0.275885;1;1;1;0.843549;1;1;
4;0.00351596;0.00237188;0.00453728;0.0160758;0.00275097;0.000357008;0.0474559;0.0450961;0.0458984;0.0388404;0.0475027;0.0473447;0.161124;0.16112;0.161119;0.161111;0.161123;0.161122;1;1;1;0.525409;1;1;
5;0.00286752;0.000508944;0.00352585;0.0085126;0.00056479;-0.000667803;0.0447017;0.0299897;0.0265528;0.0229401;0.0433767;0.0377824;0.0940999;0.094097;0.0940955;0.0940897;0.0940999;0.0940988;1;1;1;1;1;1;
6;0.00152565;-0.000810292;0.00316641;0.00386453;0.00143711;-0.00149751;0.0366914;0.031573;0.0250801;0.0211158;0.040095;0.034319;0.0549575;0.054955;0.0549541;0.0549501;0.0549578;0.0549565;1;1;1;0.855834;1;1;
7;0.00213416;-0.00171662;0.00200426;0.00101414;0.00208243;-0.00211795;0.0325791;0.0314672;0.0223725;0.0205771;0.0391471;0.0372279;0.0320984;0.0320962;0.0320954;0.0320929;0.032099;0.0320974;1;1;1;1;1;1;
8;0.00214166;-0.0021362;0.00215061;0.000394802;0.00211163;-0.00400204;0.0308756;0.0333122;0.01951;0.0210468;0.0384977;0.037536;0.0187487;0.0187466;0.0187459;0.0187442;0.0187494;0.0187476;1;1;1;1;1;1;
9;0.000215831;-0.0021386;0.000371989;0.00132437;-0.000316748;-0.00287566;0.0291419;0.0321265;0.0197766;0.0224585;0.0344774;0.0369304;0.0109526;0.0109502;0.01095;0.0109484;0.0109535;0.0109514;1;1;1;0.857329;1;1;
10;-0.000769363;-0.000353778;-0.000678124;0.0059652;-0.0010804;-0.000784206;0.0257703;0.038261;0.0116186;0.0237451;0.0349591;0.0420635;0.0063996;0.00639732;0.00639693;0.00639552;0.00770574;0.00639817;1;1;1;1;1;1;
11;-0.00409548;0.00343935;-0.00404217;0.0148265;-0.00427719;0.00318796;0.0262315;0.0383576;0.00819967;0.0245545;0.0355379;0.0457287;0.00733696;0.00373811;0.00373807;0.00373641;0.010679;0.00373919;1;1;1;0.612419;1;1;
12;-0.0106917;0.0103083;-0.0106605;0.0169587;-0.0107979;0.0101614;0.024479;0.0401664;0.00411394;0.024621;0.035155;0.0487508;0.00921838;0.00218497;0.00218519;0.00218311;0.0121464;0.00218629;1;1;1;0.660604;1;1;
13;-0.0217023;0.0214778;-0.021684;0.0253622;-0.0217641;0.021393;0.0245437;0.0384984;-7.52024e-05;0.0258031;0.0410579;0.0474408;0.0100013;0.00127782;0.00127793;0.00127569;0.0181403;0.00127724;1;1;1;0.67773;1;1;
14;-0.0381709;0.0380394;-0.03816;0.0403081;-0.0382069;0.0379898;0.0291859;0.038776;0.00237594;0.0221238;0.0398906;0.0464851;0.0110801;0.00119122;0.000748146;0.000745545;0.0115736;0.00630796;1;1;1;0.563789;1;1;
15;-0.0603734;0.0602962;-0.0603669;0.0616214;-0.0603946;0.0602672;0.0428201;0.0334324;0.0115064;0.0140558;0.0453053;0.0386477;0.00977985;0.00789308;0.000438405;0.000436034;0.01056;0.0137293;1;1;1;0.628016;1;1;
16;-0.0867746;0.086729;-0.0867706;0.0875033;-0.086786;0.086712;0.0579648;0.0299614;0.0181563;-0.00322485;0.059344;0.0157442;0.00571456;0.014763;0.000256985;0.000255964;0.00617025;0.00802135;1;1;1;0.911332;1;1;
17;-0.113142;0.113115;-0.113139;0.113568;-0.113148;0.113105;0.100017;-0.00604975;0.0434809;-0.0347586;0.0679941;-0.0229204;0.0033389;0.0244799;0.000150096;0.000151113;0.00360451;0.0108579;1;1;0.751418;1;0.877342;1;
18;-0.132814;0.132798;-0.132813;0.13306;-0.132818;0.13279;0.119975;-0.0627075;0.0869575;-0.0818615;0.101273;-0.0749399;0.00195007;0.0170725;8.72797e-05;0.00753305;0.00210456;0.0381305;0.532982;0;0;1;0;1;
19;-0.13832;0.165009;-0.138319;0.138462;-0.138322;0.138305;0.157848;-0.0972588;0.138566;-0.135588;0.146926;-0.131541;0.00113837;0.0454111;5.05009e-05;0.00439992;0.00122872;0.0222707;0;0;0;1;0;1;
20;-0.123571;0.139157;-0.123571;0.123654;-0.123572;0.123562;0.194307;-0.116175;0.183046;-0.181302;0.187929;-0.170192;0.000664255;0.0531962;2.89093e-05;0.0125929;0.000717215;0.0299196;0;0;0;1;0;1;
21;-0.0843879;0.0934864;-0.0843877;0.0844372;-0.0843882;0.0843816;0.219796;-0.151985;0.21322;-0.195208;0.216072;-0.205708;0.00038737;0.036975;1.63327e-05;0.0231147;0.000418409;0.017474;0;0;0;1;0;1;
22;-0.0173062;0.0226165;-0.0173061;0.0173368;-0.0173061;0.0173022;0.233379;-0.172013;0.229539;-0.198285;0.231204;-0.225148;0.000225778;0.0215976;9.11197e-06;0.0169136;0.000243781;0.0102045;0;0;0;1;0;1;
23;0.0725447;-0.0694455;0.0725448;-0.0725258;0.072545;-0.0725474;0.22942;-0.15651;0.229123;-0.199077;0.22876;-0.211672;0.000131353;0.0126151;4.83486e-06;0.00988032;0.000141825;0.00595937;0;0;0;1;0;1;
24;0.159619;-0.15781;0.159619;-0.159608;0.159619;-0.15962;0.222387;-0.130293;0.220222;-0.164676;0.222296;-0.180506;7.6204e-05;0.00736972;2.33575e-06;0.00577033;8.23226e-05;0.00348092;0;0;0;1;0;1;
25;0.222491;-0.221435;0.222491;-0.222485;0.22249;-0.222492;0.203118;-0.0765985;0.201853;-0.114163;0.203065;-0.146637;4.40025e-05;0.0154922;8.45995e-07;0.00600939;4.7599e-05;0.00203388;0;0;0;1;0;1;
26;0.261128;-0.260513;0.261128;-0.261127;0.261128;-0.261129;0.172958;-0.0471407;0.172217;-0.0563913;0.172924;-0.0901235;0.00386373;0.0229403;-6.29908e-10;0.0271314;2.73157e-05;0.0166919;1;0;0;1;0;1;
27;0.282492;-0.282134;0.282493;-0.282493;0.282493;-0.282493;0.131476;-0.00356564;0.131035;-0.0130432;0.131448;-0.0119253;0.019731;0.0287554;-4.63886e-07;0.0251852;1.55066e-05;0.0185578;1;1;0;1;0;1;
28;0.292154;-0.291945;0.292155;-0.292155;0.292155;-0.292156;0.074868;0.0569622;0.0746051;0.040723;0.0748467;0.110167;0.0217204;0.0167977;0.021896;0.0147112;0.0109474;0.0697156;1;1;1;1;1;1;
29;0.29273;-0.292868;0.291808;-0.292731;0.300203;-0.297316;-0.000552814;0.0775473;-0.000704095;0.0680632;-0.000559624;0.133778;0.0126886;0.00981002;0.0127923;0.00859119;0.0201695;0.040717;1;0.356327;1;0;1;1;
30;0.283764;-0.283847;0.241768;-0.283765;0.288614;-0.286443;-0.0853915;0.130358;-0.0842829;0.12482;-0.0853815;0.163201;0.00741213;0.00572858;0.0771126;0.00501684;0.049784;0.0237805;1;0;1;0;1;1;
31;0.263375;-0.263424;0.191171;-0.263376;0.266212;-0.26494;-0.156226;0.182487;-0.139266;0.179253;-0.128439;0.201667;0.00432943;0.00334501;0.0575662;0.00292947;0.045867;0.0138874;1;0;1;0;1;0;
32;0.23181;-0.231839;0.148106;-0.23181;0.233471;-0.232724;-0.203296;0.218633;-0.166809;0.216744;-0.152865;0.229834;0.00252893;0.00195297;0.050636;0.00171038;0.0389437;0.00810967;1;0;1;0;1;0;
33;0.18955;-0.189567;0.0881316;-0.18955;0.190523;-0.190084;-0.231023;0.239981;-0.195614;0.238877;-0.166451;0.246522;0.00147723;0.00114002;0.0295781;0.000998362;0.0274653;0.00473544;1;0;1;0;0.744795;0;
34;0.133932;-0.133943;0.0747039;-0.133932;0.134503;-0.134244;-0.245637;0.25087;-0.216663;0.250225;-0.191634;0.25469;0.000862865;0.000665245;0.0172758;0.000582511;0.0160447;0.0027649;1;0;1;0;1;0;
35;0.0591838;-0.0591917;0.0245952;-0.059184;0.0595196;-0.059366;-0.240231;0.249263;-0.221117;0.249894;-0.20631;0.246212;-0.00669657;0.000387979;0.0100898;0.000339715;0.0093689;0.00161415;1;0;1;0;1;0;
36;-0.0359189;0.0359117;-0.0561184;0.0359187;-0.0357194;0.0358124;-0.233465;0.227851;-0.212543;0.235315;-0.196963;0.235537;-0.00391316;0.000226009;0.00589312;0.000197837;-0.00803428;0.000942177;1;0;1;0;1;0;
37;-0.132209;0.132201;-0.144005;0.132208;-0.132089;0.132146;-0.202356;0.203406;-0.179045;0.20223;-0.173118;0.200221;-0.00228733;0.00013146;0.00344252;0.000115264;-0.0170856;0.00054997;1;0;1;0;1;0;
38;-0.205021;0.205015;-0.21191;0.205021;-0.204948;0.204985;-0.156986;0.196454;-0.155594;0.176359;-0.107602;0.170431;-0.00717612;7.62525e-05;0.00201156;6.67529e-05;-0.0165187;0.000320638;1;0;1;0;1;0;
39;-0.250955;0.25095;-0.254978;0.250955;-0.250913;0.250933;-0.0987478;0.17468;-0.111119;0.162944;-0.050446;0.159482;-0.00419114;4.40429e-05;0.0187002;3.85425e-05;0.0101109;0.000186883;1;0;1;0;1;0.00867885;
40;-0.277084;0.277079;-0.279432;0.277082;-0.277057;0.27707;-0.0245409;0.139737;-0.0433767;0.132888;-0.0201123;0.130864;0.0350856;2.53424e-05;0.0109243;0.00912168;0.0285614;0.000109811;1;0;1;1;1;0.814063;
41;-0.367156;0.289949;-0.291323;0.28995;-0.289936;0.289943;0.0254639;0.0896629;0.0249167;0.0856666;0.00218724;0.0844831;0.020495;0.0111858;0.0280233;0.00933271;0.0166819;0.0151923;1;1;1;1;1;1;
42;-0.338249;0.287333;-0.294231;0.29316;-0.293152;0.293155;0.0468047;0.0204376;0.0589917;0.0181056;0.0332073;0.0174143;0.0119706;0.00653418;0.0163689;0.0181452;0.00974181;0.0244817;1;1;1;1;0;1;
43;-0.313473;0.203383;-0.275853;0.287141;-0.287137;0.287138;0.102631;-0.0633447;0.109749;-0.064718;0.0946897;-0.0651199;0.00699013;0.0131312;0.00955972;0.0106002;0.00568883;0.0173176;0;1;0.444305;1;0;1;
44;-0.285441;0.221148;-0.263471;0.270063;-0.270061;0.270062;0.162531;-0.139577;0.166688;-0.140389;0.157893;-0.140616;0.00408182;0.0097716;0.00558242;0.00619134;0.00332183;0.0101166;0;1;0;1;0;1;
45;-0.250472;0.212926;-0.237642;0.241492;-0.241491;0.241493;0.206252;-0.192841;0.20868;-0.193321;0.203544;-0.193449;0.00238336;0.00142;0.00325972;0.00361572;0.00193948;0.00590819;0;1;0;1;0;1;
46;-0.207547;0.18562;-0.200054;0.202302;-0.202302;0.202305;0.232932;-0.225096;0.23435;-0.22538;0.231351;-0.225451;0.0013914;-0.0271714;0.00190322;0.00211118;0.0011321;0.00344916;0;1;0;1;0;1;
47;-0.153927;0.141122;-0.149551;0.150864;-0.150865;0.150868;0.247315;-0.242736;0.248143;-0.242904;0.246391;-0.233496;0.000812068;-0.0294964;0.00111099;0.00123228;0.000660552;-0.00790932;0;1;0;1;0;1;
48;-0.083772;0.0762941;-0.0812166;0.081983;-0.081985;0.0819873;0.252867;-0.236851;0.252159;-0.246002;0.252268;-0.238359;0.000473738;-0.028096;0.000648377;0.000718784;0.000385182;-0.00462088;0;1;0;1;0;1;
49;0.00731201;-0.0116767;0.00880431;-0.00835717;0.00835289;-0.00835235;0.240251;-0.196335;0.240903;-0.229372;0.233676;-0.220009;0.000276131;-0.0223349;0.000378214;0.00041904;0.00022437;-0.00269907;0;1;0;1;0;1;
50;0.106725;-0.109272;0.107597;-0.107336;0.107332;-0.107335;0.211866;-0.155838;0.206702;-0.199757;0.209817;-0.207597;0.000160817;-0.0130446;0.000220132;-0.000350845;0.000130534;-0.0186306;0;1;0;1;0;1;
51;0.187496;-0.188985;0.188005;-0.187855;0.187851;-0.187852;0.176326;-0.114528;0.186474;-0.160748;0.17633;-0.167085;9.36435e-05;-0.00761867;0.000128068;-0.00504945;7.57183e-05;-0.0108808;0;1;0;1;0;1;
52;0.240409;-0.241279;0.240706;-0.240619;0.240616;-0.240616;0.136658;-0.0667233;0.174142;-0.110498;0.135604;-0.127798;5.40988e-05;0.0106844;7.4355e-05;0.0109521;4.37107e-05;-0.00635434;0;1;0;1;0;1;
53;0.271318;-0.271829;0.271492;-0.271443;0.271439;-0.271439;0.125894;-0.0273299;0.14612;-0.0457652;0.123614;-0.0691083;0.00493077;0.0298556;4.30148e-05;0.0322587;2.50863e-05;-0.00371036;1;1;0;1;0;1;
54;0.287396;-0.287695;0.287498;-0.287468;0.287466;-0.287467;0.0907239;0.0152439;0.102532;0.0168413;0.0893864;0.00875753;0.0251612;0.0303036;0.010385;0.0188435;0.000383823;0.0385179;1;1;1;1;0.993811;1;
55;0.293215;-0.293292;0.327555;-0.293159;0.293158;-0.293158;0.0330243;0.0288669;0.0399227;0.0305486;0.0322437;0.0810598;0.0153256;0.017698;0.00606778;0.0110066;0.0105663;0.0224965;1;1;1;1;1;1;
56;0.289846;-0.289891;0.310655;-0.289814;0.299083;-0.289812;-0.044854;0.0810011;-0.0408146;0.0819838;-0.0416062;0.111486;0.00895262;0.0103352;0.0431754;0.00642758;0.0455478;0.0131395;1;0;1;0;1;1;
57;0.275974;-0.276001;0.282147;-0.275955;0.281373;-0.275955;-0.12354;0.14465;-0.121164;0.145224;-0.103809;0.162453;0.00522911;0.00603531;0.0537524;0.00375337;0.0556975;0.00767304;1;0;1;0;1;0;
58;0.250447;-0.250463;0.254047;-0.250436;0.253603;-0.250436;-0.182232;0.194561;-0.180831;0.194896;-0.14208;0.204958;0.00305437;0.00352417;0.0346815;0.00219154;0.0475587;0.00448057;1;0;1;0;1;0;
59;0.214185;-0.214194;0.216284;-0.214179;0.21603;-0.214179;-0.21893;0.226131;-0.203355;0.226327;-0.184609;0.232203;0.00178403;0.00205762;0.0202602;0.00127935;0.0295042;0.00261614;1;0;1;0;1;0;
60;0.1665;-0.166505;0.167724;-0.166496;0.16758;-0.166496;-0.239604;0.24381;-0.2148;0.243924;-0.201733;0.247356;0.00104132;0.00120105;0.0118355;0.000746687;0.017232;0.00152733;1;0;1;0;1;0;
61;0.103064;-0.103068;0.103781;-0.103062;0.103697;-0.103062;-0.234317;0.250471;-0.213778;0.252037;-0.205283;0.24788;-0.0153842;0.000700876;0.00691384;0.000435614;0.0100618;0.000891421;1;0;1;0;1;0;
62;0.0184154;-0.0184173;0.0188343;-0.0184144;0.0187848;-0.0184144;-0.227263;0.241702;-0.226322;0.24246;-0.185604;0.244901;-0.00898474;0.000408728;0.00403679;0.000253844;0.00587541;0.00052008;1;0;1;0;1;0;
63;-0.0808895;0.0808888;-0.0806442;0.0808901;-0.0806742;0.0808901;-0.204905;0.217139;-0.211183;0.225325;-0.168667;0.222325;-0.00524701;0.000238153;-0.0073743;0.00014774;0.00343021;0.000303195;1;0;1;0;1;0;
64;-0.168492;0.168492;-0.168348;0.168493;-0.168368;0.168493;-0.166998;0.186713;-0.187512;0.218094;-0.134653;0.213612;-0.0030634;0.000138544;-0.0135253;8.58021e-05;-0.00469252;0.000176624;1;0;1;0;1;0;
65;-0.228614;0.228615;-0.228531;0.228615;-0.228544;0.228615;-0.114253;0.179309;-0.178112;0.197636;-0.0828235;0.195018;0.00415569;8.04162e-05;-0.00790085;4.96635e-05;-0.0079983;0.000102669;1;0;1;0;1;0;
66;-0.264691;0.264692;-0.264642;0.264691;-0.264653;0.264691;-0.0497603;0.155357;-0.154658;0.16606;-0.0300738;0.164531;0.0234434;4.64499e-05;-0.00461535;2.88907e-05;0.021237;5.95421e-05;1;0;1;0.0644941;1;0;
67;-0.284216;0.284217;-0.284188;0.284216;-0.287307;0.284216;-0.00789982;0.116283;-0.115874;0.12254;0.0125221;0.121641;0.0136958;2.67106e-05;-0.0102279;0.00476634;0.0207785;3.43645e-05;1;0;1;1;1;0;
68;-0.292489;0.292488;-0.292375;0.292488;-0.294294;0.292489;0.0671968;0.0592565;-0.0590111;0.0629176;0.0537304;0.0623864;0.0213431;0.000250268;-0.01256;0.011383;0.0121376;0.00177012;1;0.788812;1;1;1;1;
69;-0.291449;0.279219;-0.287707;0.291685;-0.29274;0.291685;0.0913438;-0.0174849;0.0176397;-0.0153512;0.0834773;-0.0156583;0.0124652;0.029105;-0.00733542;0.00665027;0.0070881;0.0306303;1;1;1;1;0;1;
70;-0.280802;0.275698;-0.278618;0.28094;-0.281557;0.223271;0.14373;-0.0949392;0.100687;-0.099349;0.139136;-0.0995153;0.00727918;0.0537953;-0.00428417;0.00388476;0.00413903;0.038574;0;1;0;0.939342;0;1;
71;-0.258496;0.255518;-0.257221;0.258577;-0.258937;0.193265;0.192043;-0.158633;0.166906;-0.166124;0.18936;-0.166209;0.00425062;0.040791;-0.0025024;0.00226932;0.00241674;0.0253074;0;1;0;1;0;1;
72;-0.225164;0.223427;-0.224419;0.225212;-0.225422;0.155445;0.224475;-0.192057;0.209796;-0.209338;0.222909;-0.209379;0.00248191;0.0238275;-0.00146183;0.00132554;0.00141085;0.014784;0;1;0;1;0;1;
73;-0.18092;0.179907;-0.180485;0.180948;-0.181071;0.140203;0.243213;-0.20046;0.234641;-0.234372;0.242299;-0.228696;0.00144893;0.0139169;-0.000854199;0.000774059;0.000823388;0.00863529;0;1;0;1;0;1;
74;-0.122454;0.121862;-0.1222;0.12247;-0.122541;0.0986751;0.252352;-0.20583;0.247346;-0.247188;0.251818;-0.225898;0.000845656;0.00812691;-0.000499359;0.00045181;0.000480294;0.00504266;0;1;0;1;0;1;
75;-0.0438854;0.0435406;-0.0437371;0.0438948;-0.0439366;0.0299996;0.248371;-0.199757;0.248006;-0.235796;0.248472;-0.223738;0.000493351;0.00474384;-0.00029213;0.000263593;0.000279919;0.00294415;0;1;0;1;0;1;
76;0.0534555;-0.0536566;0.0535421;-0.0534501;0.0534258;-0.0615645;0.232483;-0.170936;0.232451;-0.214167;0.224582;-0.211344;0.000287615;-0.00621238;-0.000171109;0.000153933;0.000162895;0.00171966;0;1;0;1;0;1;
77;0.146928;-0.147046;0.146979;-0.146925;0.146911;-0.151664;0.224837;-0.133357;0.222063;-0.180268;0.195334;-0.185052;0.000167524;-0.00159005;-0.00010036;0.000886536;9.45738e-05;0.00360743;0;1;0;1;0;1;
78;0.21478;-0.214849;0.21481;-0.214779;0.21477;-0.217546;0.206363;-0.0862604;0.204743;-0.139945;0.156444;-0.148565;9.73312e-05;0.0146764;-5.91029e-05;0.0185914;5.4703e-05;0.00210784;0;1;0;1;0;1;
79;0.256705;-0.256746;0.256722;-0.256708;0.2567;-0.25832;0.176972;-0.0472754;0.176026;-0.0858008;0.14782;-0.105338;5.63789e-05;0.0212474;-3.49964e-05;0.0107515;3.15108e-05;0.00777787;0;1;0;1;0;1;
80;0.280132;-0.280158;0.280142;-0.280135;0.280129;-0.281075;0.13657;0.00667055;0.136012;-0.0197786;0.119539;-0.0199081;0.00783765;0.023974;-2.07797e-05;0.0200635;1.79186e-05;0.0221933;1;1;0;1;0;1;
81;0.291151;-0.291165;0.291157;-0.291152;0.291149;-0.291701;0.0816164;0.0517631;0.0812886;0.0340175;0.0716675;0.0527653;0.0179304;0.0331739;0.0228095;0.0117201;0.00514643;0.0370461;1;1;1;1;1;1;
82;0.292814;-0.300303;0.283306;-0.292814;0.309621;-0.292468;0.00796037;0.0699373;0.00777546;0.0595761;0.00215522;0.120941;0.0104745;0.0193733;0.0297782;0.00684533;0.0229459;0.0216374;1;0;1;1;1;1;
83;0.285021;-0.289396;0.239389;-0.285022;0.29484;-0.28482;-0.0770037;0.122497;-0.0770977;0.116447;-0.0462017;0.152285;0.00611889;0.0113137;0.0514311;0.00399718;0.0785478;0.0126368;1;0;1;0;1;1;
84;0.265889;-0.268444;0.182878;-0.26589;0.271628;-0.265772;-0.150095;0.176664;-0.142105;0.17313;-0.116773;0.19406;0.00357416;0.00660672;0.0586453;0.00233396;0.064686;0.00737934;1;0;1;0;1;0;
85;0.235441;-0.236932;0.150043;-0.235441;0.238796;-0.235372;-0.199498;0.215014;-0.180867;0.212951;-0.153503;0.225174;0.00208753;0.00385777;0.038483;0.00136265;0.0411296;0.00430905;1;0;1;0;1;0;
86;0.194344;-0.195215;0.111477;-0.194344;0.196307;-0.194304;-0.228888;0.23795;-0.200882;0.236745;-0.191378;0.243883;0.00121882;0.00225232;0.0233155;0.000795385;0.0240248;0.00251599;1;0;1;0;1;0;
87;0.140327;-0.140835;0.0919309;-0.140326;0.141474;-0.140303;-0.244609;0.249902;-0.224635;0.249198;-0.192548;0.253367;0.000711249;0.00131478;0.0136191;0.000463986;0.0140324;0.00146882;1;0;1;0;1;0;
88;0.0677855;-0.0680821;0.0395224;-0.0677851;0.0684561;-0.0677715;-0.242628;0.250502;-0.219457;0.250911;-0.197722;0.251008;0.000414689;0.000767268;0.0079534;0.000270443;0.00819513;0.000857247;1;0;1;0;1;0;
89;-0.0257056;0.0255327;-0.0422108;0.0257059;-0.0253133;0.0257138;-0.224509;0.231967;-0.213227;0.235169;-0.186599;0.235719;0.000241565;0.00044751;0.0046444;0.000157436;0.00478382;0.000500113;1;0;1;0;1;0;
90;-0.123251;0.12315;-0.13289;0.123251;-0.123022;0.123256;-0.197567;0.208293;-0.200653;0.207169;-0.157976;0.207208;0.0001408;0.000260789;-0.00215975;9.14443e-05;-0.00456939;0.000291567;1;0;1;0;1;0;
91;-0.198941;0.198883;-0.204571;0.198942;-0.19881;0.198944;-0.146977;0.200848;-0.176292;0.199922;-0.106748;0.199848;0.0115922;0.000151788;-0.0129211;5.29692e-05;-0.00987379;0.000169817;1;0;1;0;1;0;
92;-0.247326;0.247292;-0.250614;0.247326;-0.247252;0.247328;-0.0859079;0.179229;-0.164888;0.178688;-0.060009;0.178645;0.00677305;8.81344e-05;-0.00754794;3.04852e-05;0.00583636;9.87186e-05;1;0;1;0;1;0;
93;-0.275123;0.275104;-0.277043;0.275123;-0.275085;0.275124;-0.0314379;0.144923;-0.136549;0.144611;-0.0143589;0.144582;0.027259;5.09808e-05;-0.00768115;0.00946679;0.0210734;5.7244e-05;1;0;1;0.736926;1;0;
94;-0.289121;0.289109;-0.290241;0.28912;-0.289099;0.289121;0.0174711;0.0961519;-0.0912574;0.0959774;0.0249486;0.0959533;0.0159232;2.9389e-05;-0.00738891;0.0127852;0.012311;3.33128e-05;1;0;1;1;1;0.32465;
95;-0.293238;0.293232;-0.293892;0.293238;-0.293226;0.293239;0.037664;0.0287014;-0.025834;0.0285977;0.0420305;0.0285846;0.00930131;0.00970044;-0.0043152;0.00746891;0.0071914;0.00561771;1;1;1;1;1;1;
96;-0.288223;0.28822;-0.288605;0.288223;-0.288216;0.249399;0.0933181;-0.0545468;0.0562375;-0.054619;0.0958676;-0.0546169;0.00543167;0.0393544;-0.00251939;0.00436348;0.00419936;0.0519734;0;0.216842;1;1;0;1;
97;-0.27234;0.272342;-0.272563;0.272341;-0.272336;0.212555;0.155344;-0.129574;0.133689;-0.132744;0.156833;-0.132728;0.00317172;0.0532867;-0.00147175;0.00254877;0.00245202;0.0343886;0;0.422299;0;1;0;1;
98;-0.244882;0.244885;-0.245012;0.244882;-0.244879;0.185311;0.201666;-0.182194;0.189019;-0.188466;0.202535;-0.188449;0.00185188;0.0311262;-0.000859931;0.0014886;0.00143151;0.0200871;0;0.394813;0;0.99639;0;1;
