1;-0.000363587;0.000116064;9.94837e-05;-0.000363587;0.000116064;9.94836e-05;0.034977;0.0347457;0.0352595;0.0349769;0.0347456;0.0352594;0.808667;0.808665;0.808666;0.808667;0.808665;0.808666;0;0;0;0;0;0;
2;-0.000104509;0.000562114;0.000936099;-0.000893686;0.000621092;8.84225e-05;0.128379;0.129654;0.130478;0.128374;0.129862;0.130284;0.472342;0.472343;0.472344;0.472342;0.472343;0.472344;1;1;1;1;1;1;
3;-0.00062481;0.000777811;0.00177502;-0.00242454;0.00136923;-0.000133595;0.0845604;0.0944212;0.0886654;0.0874453;0.0919564;0.0925137;0.275862;0.275861;0.275864;0.275862;0.275862;0.275863;0.993352;0.708665;1;0.629398;0.810454;1;
4;0.000270037;-0.000180607;0.00167142;-0.00205067;0.00143445;-0.000712822;0.0497969;0.0551732;0.0517594;0.0510996;0.0536809;0.0540605;0.161108;0.161107;0.16111;0.161108;0.161109;0.161109;1;0.903039;1;0.788421;1;1;
5;0.00103389;-0.000981613;0.00185226;-0.00172103;0.00171387;-0.00129243;0.0288308;0.0324812;0.030902;0.0301021;0.0310994;0.0318835;0.0940902;0.0940896;0.0940914;0.0940898;0.0940907;0.094091;1;1;1;0.83999;1;1;
6;0.00171123;-0.00168066;0.00218914;-0.00211245;0.00210832;-0.00186217;0.0291673;0.0327279;0.0333532;0.0312991;0.0323004;0.0352424;0.054951;0.0549507;0.0549521;0.0549507;0.0549516;0.0549517;1;1;1;0.834501;1;1;
7;0.00224269;-0.0022248;0.00252177;-0.00247695;0.00247458;-0.0023308;0.0241295;0.0284114;0.0286191;0.0289968;0.0281657;0.0317451;0.0320938;0.0320935;0.0320949;0.0320935;0.0320945;0.0320944;1;1;1;0.839872;1;1;
8;0.00244334;-0.00243285;0.00260631;-0.0025801;0.00257875;-0.00249476;0.0233628;0.030417;0.0280094;0.0308888;0.0287826;0.0352184;0.0187454;0.0187449;0.0187464;0.0187448;0.0187461;0.0187457;0.983056;0.802757;1;0.8303;1;1;
9;0.00196532;-0.00195916;0.00206048;-0.00204514;0.00204439;-0.00199531;0.02167;0.0312398;0.0258792;0.0332087;0.0282506;0.0370892;0.0109499;0.010949;0.0109508;0.0109491;0.0109508;0.0109499;1;0.933704;1;0.799848;1;1;
10;0.000252506;-0.000248863;0.000308068;-0.000299067;0.000298684;-0.000269977;0.0187864;0.0315324;0.0227166;0.0352484;0.0268063;0.0388265;0.00639742;0.00639605;0.00639831;0.0063963;0.00639854;0.00639711;1;0.819321;1;0.770987;1;1;
11;-0.00349857;0.00350073;-0.00346614;0.00347142;-0.00347158;0.0034884;0.0163329;0.0324853;0.0218004;0.0378368;0.0249509;0.0405895;0.00373888;0.00373687;0.0100228;0.00373741;0.00794931;0.00373819;1;0.96938;1;0.751421;1;1;
12;-0.0103429;0.0103442;-0.010324;0.0103271;-0.010327;0.010337;0.0148156;0.0339334;0.0179135;0.0402532;0.0235239;0.0417007;0.00518843;0.00218356;0.00585656;0.00218462;0.00720396;0.00218504;1;0.96578;1;0.748436;1;1;
13;-0.0214983;0.0214991;-0.0214873;0.0214891;-0.0214889;0.0214949;0.0130243;0.0341784;0.0159582;0.0409763;0.0236731;0.0432406;0.00606789;0.00127662;0.00663502;0.00127764;0.00667082;0.00127828;1;0.99499;1;0.714074;1;1;
14;-0.0380514;0.0380519;-0.038045;0.0380461;-0.0380459;0.0380495;0.0165905;0.0333626;0.02002;0.0374312;0.024086;0.0405215;0.00354644;0.000747204;0.00387791;0.00074816;0.00602844;0.000748777;1;0.913426;1;0.749869;1;1;
15;-0.0603034;0.0603038;-0.0602997;0.0603004;-0.0603002;0.0603023;0.0240922;0.0281984;0.028072;0.0274115;0.0277704;0.0316276;0.00220088;0.00591975;0.00722837;0.00240979;0.00352329;0.00328297;1;0.784616;1;0.909214;1;1;
16;-0.0867335;0.0867334;-0.0867313;0.0867318;-0.0867317;0.0867327;0.0441866;0.0227196;0.0484234;0.00780507;0.0370874;0.0133137;0.00167518;0.0168068;0.00422346;0.0066556;0.00205859;0.00670804;1;1;1;1;0.618703;1;
17;-0.113118;0.113118;-0.113117;0.113117;-0.113117;0.113117;0.0586833;0.00849063;0.0611593;-0.0283135;0.0545359;-0.0250941;0.000978691;0.0265773;0.00246773;0.00692678;0.00120189;0.0123264;0.608559;1;1;1;0;1;
18;-0.1328;0.132802;-0.1328;0.1328;-0.1328;0.132798;0.0958357;-0.0329593;0.0972818;-0.0780968;0.0934137;-0.0701964;0.000571163;0.041034;0.00144081;0.00710933;0.000701537;0.029989;0;1;0;0.637076;0;1;
19;-0.138312;0.168702;-0.138311;0.138311;-0.138312;0.134001;0.143751;-0.103711;0.144595;-0.133389;0.142337;-0.128765;0.000333122;0.0476153;0.000841021;0.00415314;0.000409307;0.031045;0;1;0;0.884095;0;1;
20;-0.123567;0.141318;-0.123566;0.123566;-0.123567;0.121047;0.186074;-0.161942;0.186567;-0.180021;0.185248;-0.177312;0.000194137;0.0299802;0.000490699;0.00242599;0.00023859;0.0181366;0;1;0;0.865111;0;1;
21;-0.0843852;0.0947533;-0.0843851;0.0843849;-0.0843852;0.0829127;0.214989;-0.188205;0.215277;-0.211452;0.214506;-0.209864;0.000112946;0.017511;0.000286127;0.00141689;0.000138821;0.0105953;0;1;0;0.978069;0;1;
22;-0.0173046;0.0233605;-0.0173046;0.0173044;-0.0173046;0.0164444;0.230572;-0.187124;0.23074;-0.228504;0.23029;-0.215542;6.54997e-05;0.0102261;0.000166619;0.000827306;8.05314e-05;0.00618865;0;1;0;1;0;1;
23;0.0725455;-0.0690083;0.0725455;-0.0725458;0.0725457;-0.0730476;0.229216;-0.166012;0.228957;-0.209229;0.228239;-0.208213;3.77858e-05;0.0059713;9.68012e-05;0.000483047;4.64829e-05;0.00361456;0;1;0;1;0;1;
24;0.159619;-0.157553;0.159619;-0.159619;0.159619;-0.159912;0.22079;-0.128979;0.219807;-0.178244;0.192715;-0.182673;2.15904e-05;0.00882535;5.60755e-05;0.000282124;2.65894e-05;0.00211148;0;1;0;1;0;1;
25;0.22249;-0.221285;0.22249;-0.222492;0.222491;-0.222661;0.202185;-0.0791469;0.201611;-0.131119;0.154459;-0.144629;1.21254e-05;0.0174023;3.22604e-05;0.0091107;1.49927e-05;0.00298541;0;1;0;1;0;1;
26;0.261128;-0.260424;0.261128;-0.26113;0.261128;-0.261227;0.17241;-0.0208151;0.172075;-0.0762718;0.144539;-0.100467;6.6286e-06;0.0289817;1.83889e-05;0.0275271;8.31028e-06;0.00597022;0;1;0;1;0;1;
27;0.282492;-0.282084;0.282493;-0.282496;0.282493;-0.282551;0.131151;0.036118;0.130953;0.00252034;0.114871;-0.0307715;0.0144898;0.0392098;1.03503e-05;0.0202113;4.39815e-06;0.00813438;1;1;0;1;0;1;
28;0.292154;-0.291916;0.292155;-0.292157;0.292155;-0.292189;0.0746742;0.0611533;0.0745586;0.0533912;0.0651667;0.0602335;0.0084648;0.0229038;0.0314339;0.0265289;0.0185666;0.0523769;1;1;1;1;1;1;
29;0.292483;-0.296146;0.276595;-0.292732;0.302793;-0.291542;-0.000668746;0.0799941;-0.000726642;0.0754613;-0.00083276;0.0794597;0.00494588;0.0133755;0.0375183;0.0154927;0.0396338;0.0305891;0.988382;0;1;0;1;0.926601;
30;0.283621;-0.28576;0.238437;-0.283766;0.289645;-0.283072;-0.0854615;0.131788;-0.0854785;0.129141;-0.081701;0.131475;0.00288924;0.00781084;0.045941;0.00904727;0.0557459;0.0178634;1;0;1;0;1;0;
31;0.263291;-0.264541;0.204868;-0.263376;0.266811;-0.262971;-0.156266;0.183322;-0.156264;0.181776;-0.154052;0.183139;0.00168805;0.00456109;0.0296245;0.00528315;0.0413708;0.0104318;1;0;1;0;1;0;
32;0.231761;-0.232491;0.164192;-0.23181;0.233818;-0.231574;-0.203319;0.21912;-0.203309;0.218217;-0.195009;0.219014;0.000986051;0.00266315;0.0173057;0.0030849;0.0241658;0.00609164;1;0;1;0;1;0;
33;0.189521;-0.189947;0.150059;-0.18955;0.190723;-0.189411;-0.231036;0.240265;-0.22904;0.239738;-0.198532;0.240203;0.000575729;0.00155471;0.0101086;0.0018011;0.0141141;0.00355698;1;0;1;0;1;0;
34;0.133915;-0.134164;0.110869;-0.133932;0.134617;-0.133851;-0.245645;0.251036;-0.226408;0.250728;-0.202915;0.250999;0.000335925;0.000907393;0.00590301;0.00105131;0.00824298;0.00207671;1;0;1;0;1;0;
35;0.0591742;-0.0593194;0.0457163;-0.0591841;0.0595849;-0.059137;-0.238359;0.248753;-0.222575;0.249202;-0.198686;0.24964;0.000195814;0.000529353;0.00344696;0.000613453;0.00481244;0.00121227;1;0;1;0;1;0;
36;-0.0359237;0.0358392;-0.0437829;0.0359178;-0.0356836;0.0359453;-0.217157;0.226779;-0.214363;0.235254;-0.174186;0.236514;0.000114201;0.000308562;0.00201304;0.000357741;-0.00302796;0.000707428;1;0;1;0;1;0;
37;-0.13221;0.132162;-0.1368;0.132207;-0.132071;0.132223;-0.18806;0.201353;-0.191124;0.201637;-0.147343;0.213856;6.67271e-05;0.000179683;0.00117601;0.000208621;0.00626391;0.000412793;1;0;1;0;1;0;
38;-0.205023;0.204994;-0.207702;0.20502;-0.204941;0.20503;-0.143568;0.164596;-0.157006;0.175457;-0.0924879;0.202856;0.00571573;0.000104388;0.00152124;0.00012125;0.0168179;0.000240506;1;0;1;0;1;0;
39;-0.250958;0.250939;-0.252521;0.250954;-0.250909;0.25096;-0.0907733;0.125742;-0.115039;0.162417;-0.034062;0.178418;0.0113357;6.0633e-05;0.0111679;7.03827e-05;0.0294374;0.000140008;1;0;1;0;1;0;
40;-0.277087;0.277074;-0.277997;0.277083;-0.277058;0.277086;-0.0207641;0.111158;-0.0552646;0.132577;0.0209951;0.14192;0.0410359;3.48986e-05;0.00652403;0.00731841;0.0395566;8.13328e-05;1;0;1;0.332632;1;0;
41;-0.289954;0.289946;-0.290485;0.289951;-0.289937;0.289953;0.0369865;0.0729706;0.0422764;0.0854829;0.0565406;0.0909363;0.0239701;0.000343406;0.0356909;0.0124355;0.039924;0.0234483;1;0.760024;1;1;1;1;
42;-0.293162;0.293158;-0.293473;0.293161;-0.293153;0.289367;0.0535325;0.0106927;0.0567029;0.0179958;0.0665706;0.0211844;0.0139993;0.023313;0.0208457;0.00726558;0.0233157;0.0328405;0.528963;1;1;1;0.110428;1;
43;-0.287143;0.29193;-0.287324;0.287142;-0.287138;0.252364;0.10656;-0.0589497;0.108412;-0.0647871;0.114174;-0.0629086;0.0081751;0.0518293;0.0121737;0.00424423;0.0136159;0.0432812;0;1;0;0.421567;0;1;
44;-0.270065;0.272862;-0.270171;0.270064;-0.270062;0.228813;0.164825;-0.137005;0.165907;-0.140429;0.169272;-0.139322;0.00477385;0.0458303;0.00710899;0.00247944;0.00795125;0.0289358;0;1;0;0.70922;0;1;
45;-0.241493;0.243127;-0.241555;0.241493;-0.241491;0.21101;0.207592;-0.188048;0.208224;-0.193344;0.210189;-0.192689;0.00278747;0.0267714;0.00415117;0.00144835;0.004643;0.0169038;0;1;0;1;0;1;
46;-0.202303;0.203259;-0.202339;0.202303;-0.202302;0.184499;0.233715;-0.198387;0.234084;-0.225393;0.235231;-0.224894;0.00162742;0.0156364;0.00242378;0.000845791;0.00271093;0.00987504;0;1;0;0.790094;0;1;
47;-0.150865;0.151424;-0.150886;0.150865;-0.150864;0.140467;0.247772;-0.204114;0.247987;-0.242911;0.248658;-0.229642;0.000949887;0.00913219;0.00141494;0.000493695;0.00158263;0.00576669;0;1;0;0.879636;0;1;
48;-0.0819841;0.0823107;-0.0819964;0.081984;-0.0819836;0.0759123;0.249837;-0.201828;0.249382;-0.242274;0.249335;-0.223422;0.000554208;0.00205051;0.000825778;0.000287952;0.000923716;0.00336709;0;1;0;0.986182;0;1;
49;0.00835557;-0.00816465;0.00834834;-0.0083557;0.00835608;-0.011901;0.241045;-0.183777;0.240172;-0.223611;0.235903;-0.21935;0.00032315;0.00119616;0.00048173;0.000167898;0.000538861;0.00196574;0;1;0;1;0;1;
50;0.107334;-0.107223;0.10733;-0.107334;0.107335;-0.109404;0.212472;-0.150269;0.211129;-0.201595;0.211445;-0.200611;0.000188208;-0.00433567;0.000280819;9.80262e-05;0.000314128;0.00114842;0;1;0;1;0;1;
51;0.187852;-0.187787;0.187849;-0.187852;0.187852;-0.189061;0.192811;-0.116161;0.173401;-0.158689;0.173814;-0.164205;0.000109564;0.0133294;0.000163706;0.00314096;0.000182911;0.00067166;0;1;0;1;0;1;
52;0.240616;-0.240579;0.240615;-0.240618;0.240617;-0.241322;0.177842;-0.0523482;0.144823;-0.106193;0.133509;-0.128424;6.34687e-05;0.0236648;9.50537e-05;0.0186828;0.000106317;0.0074389;0;1;0;1;0;1;
53;0.271439;-0.271419;0.271439;-0.271443;0.27144;-0.271852;0.148281;0.00843647;0.128998;-0.0423331;0.12239;-0.077788;3.66371e-05;0.043222;5.51329e-05;0.0109143;6.16571e-05;0.00434585;0;1;0;1;0;1;
54;0.287466;-0.287456;0.287466;-0.287725;0.287467;-0.287707;0.103795;0.0456353;0.0925299;0.0324886;0.08867;0.0216035;0.0150708;0.0420166;0.00931882;0.0409819;3.57655e-05;0.0181574;1;1;0.279945;1;0.171671;1;
55;0.293158;-0.293152;0.29058;-0.293309;0.293159;-0.293299;0.0406573;0.0623499;0.0340835;0.0633268;0.0318305;0.0722678;0.00880428;0.0245387;0.028564;0.0239345;0.022726;0.0106062;1;0.819153;1;0.492194;1;1;
56;0.289813;-0.28981;0.257802;-0.289901;0.297865;-0.289895;-0.0403986;0.100555;-0.0442224;0.101126;-0.0331215;0.106348;0.00514311;0.0143301;0.042441;0.0139772;0.0476791;0.00619402;0.771933;0;1;0;1;0;
57;0.275955;-0.275953;0.222808;-0.276007;0.28066;-0.276003;-0.120937;0.156069;-0.123156;0.156402;-0.114422;0.159452;0.00300446;0.00836829;0.0356746;0.00816221;0.0531406;0.00361681;1;0;1;0;1;0;
58;0.250435;-0.250435;0.195304;-0.250466;0.253184;-0.250464;-0.180711;0.20123;-0.181999;0.201425;-0.168875;0.203206;0.00750091;0.00488659;0.0208395;0.00476631;0.0346503;0.00211178;1;0;1;0;1;0;
59;0.214179;-0.214178;0.18198;-0.214196;0.215785;-0.214195;-0.218042;0.230026;-0.217579;0.230139;-0.19012;0.231179;0.00438042;0.00285322;0.012175;0.00278303;0.0202405;0.00123279;1;0;1;0;1;0;
60;0.166496;-0.166495;0.147691;-0.166506;0.167435;-0.166505;-0.239085;0.246084;-0.22749;0.246151;-0.200948;0.246758;0.00255797;0.00166572;0.00711103;0.00162476;0.0118222;0.000719419;1;0;1;0;1;0;
61;0.103062;-0.103062;0.0920803;-0.103068;0.103611;-0.103068;-0.246494;0.253298;-0.225216;0.253337;-0.203277;0.253692;0.00149346;0.000972214;0.00415252;0.000948332;0.00690346;0.000419603;1;0;1;0;1;0;
62;0.0184139;-0.0184139;0.0120013;-0.0184177;0.0187351;-0.0184175;-0.23775;0.239106;-0.221373;0.243959;-0.192089;0.244014;0.000871145;0.0005672;0.00242456;0.000553291;0.00402981;0.000244519;1;0;1;0;1;0;
63;-0.0808912;0.0808908;-0.0846352;0.0808883;-0.0807021;0.0808884;-0.215537;0.21715;-0.206821;0.227067;-0.167651;0.225396;-0.00781713;0.000330698;0.00141638;0.000322608;-0.00482445;0.000142263;1;0;1;0;1;0;
64;-0.168493;0.168493;-0.17068;0.168491;-0.168383;0.168491;-0.175806;0.187177;-0.174228;0.219111;-0.126843;0.218136;-0.00456527;7.40662e-05;0.00082788;0.000187965;-0.00736928;8.26371e-05;1;0;1;0;1;0;
65;-0.228616;0.228615;-0.229892;0.228614;-0.228552;0.228614;-0.124588;0.148053;-0.136731;0.19823;-0.0789377;0.19766;0.00554684;4.27176e-05;0.00655361;0.00010929;0.0209218;4.77978e-05;1;0;1;0;1;0;
66;-0.264694;0.264692;-0.265437;0.264691;-0.264655;0.264691;-0.06726;0.137103;-0.0916463;0.166407;-0.00677985;0.166074;0.0169815;2.45168e-05;0.00382881;6.33862e-05;0.0309771;2.74824e-05;1;0;1;0;1;0;
67;-0.28422;0.284217;-0.284652;0.284216;-0.284197;0.284216;0.0262568;0.105623;-0.00388151;0.12274;0.0392679;0.122542;0.0472995;1.38652e-05;0.0243023;0.00826041;0.0367808;1.5671e-05;1;0;1;0.665781;1;0;
68;-0.292491;0.292489;-0.292743;0.292489;-0.292478;0.292489;0.0553184;0.0530362;0.0662009;0.0630308;0.0600236;0.0629166;0.0276259;0.022794;0.0141964;0.00625824;0.0214838;0.0263386;1;1;1;0.809053;1;1;
69;-0.291687;0.298918;-0.291719;0.291685;-0.292157;0.267381;0.0844046;-0.0144084;0.0907617;-0.0152868;0.0871522;-0.0153422;0.016133;0.0408187;0.00829132;0.00617176;0.012546;0.0423133;0;1;0.609903;0.683918;0;1;
70;-0.280942;0.285168;-0.28096;0.280941;-0.281216;0.233102;0.139677;-0.0961819;0.14339;-0.0993123;0.141282;-0.0993283;0.00942124;0.0550794;0.00484165;0.00360514;0.00732644;0.0430254;0;1;0;0.794852;0;1;
71;-0.258578;0.261047;-0.258589;0.258577;-0.258738;0.197758;0.189676;-0.164122;0.191844;-0.166102;0.190613;-0.1661;0.00550154;0.0371597;0.00282707;0.00210605;0.00427818;0.027014;0;1;0;0.944588;0;1;
72;-0.225212;0.226655;-0.225218;0.225211;-0.225305;0.155116;0.223093;-0.196874;0.224359;-0.209325;0.223641;-0.209316;0.00321243;0.0217056;0.00165055;0.0012301;0.00249792;0.0157808;0;1;0;0.779202;0;1;
73;-0.180948;0.181792;-0.180952;0.180948;-0.181003;0.140011;0.242406;-0.198476;0.243146;-0.234365;0.242726;-0.22964;0.00187556;0.0126774;0.000963385;0.000718228;0.00145822;0.00921745;0;1;0;0.906274;0;1;
74;-0.12247;0.122963;-0.122472;0.12247;-0.122502;0.0985628;0.251881;-0.2024;0.252313;-0.247183;0.252068;-0.225293;0.00109479;0.0074037;0.000562075;0.000419127;0.000851039;0.00538262;0;1;0;0.755464;0;1;
75;-0.0438949;0.0441834;-0.0438962;0.0438948;-0.0439133;0.0299339;0.248256;-0.195958;0.24829;-0.234985;0.247724;-0.222157;0.000638848;0.00432222;0.000327731;0.000244436;0.000496432;0.00314299;0;1;0;0.955408;0;1;
76;0.0534499;-0.0532814;0.0534491;-0.05345;0.0534395;-0.0616029;0.23228;-0.168375;0.232641;-0.213106;0.22382;-0.211781;0.00037257;-0.00388529;0.000190876;0.000142669;0.000289348;0.00183565;0;1;0;0.987185;0;1;
77;0.146925;-0.146827;0.146924;-0.146925;0.146919;-0.151686;0.223232;-0.135613;0.22228;-0.183122;0.195589;-0.186819;0.000217114;0.00266056;0.000111023;8.32668e-05;0.000168442;0.00107245;0;1;0;1;0;1;
78;0.214778;-0.214721;0.214778;-0.214779;0.214775;-0.217559;0.205426;-0.0862415;0.20487;-0.138478;0.158446;-0.149175;0.000126304;0.0149868;6.43446e-05;0.00796469;9.78281e-05;0.00246309;0;1;0;1;0;1;
79;0.256704;-0.256672;0.256704;-0.256706;0.256702;-0.258328;0.176425;-0.0271896;0.176101;-0.0829143;0.14893;-0.105373;7.33023e-05;0.0277805;3.71198e-05;0.0255971;5.66824e-05;0.00770588;0;1;0;1;0;1;
80;0.280131;-0.280114;0.280131;-0.280135;0.280131;-0.281079;0.136247;0.0331584;0.136055;-0.00636558;0.120188;-0.0425822;0.0126617;0.0422379;2.12684e-05;0.0215938;3.2651e-05;0.00450214;0.84597;1;0;1;0;1;
81;0.29115;-0.291141;0.29115;-0.291153;0.29115;-0.291704;0.0814263;0.0592756;0.0813138;0.0467217;0.0720463;0.0521275;0.0108904;0.0315663;0.0294654;0.0210434;0.00941567;0.0519284;1;1;1;1;0.738403;1;
82;0.292813;-0.292808;0.283651;-0.292815;0.294205;-0.293136;0.00784881;0.0743246;0.0077898;0.0669938;0.00264259;0.0701535;0.00636284;0.0184345;0.0360559;0.0122895;0.0357893;0.0303277;1;0;1;0.0986133;1;1;
83;0.285021;-0.285018;0.241657;-0.285022;0.288065;-0.28521;-0.0770705;0.12506;-0.0770877;0.120779;-0.0748135;0.122624;0.0037168;0.0107653;0.0463673;0.00717661;0.0533553;0.0177109;0.717073;0;1;0;1;0;
84;0.265889;-0.265888;0.208278;-0.26589;0.267669;-0.266;-0.150134;0.17816;-0.150132;0.17566;-0.148798;0.176738;0.00217138;0.00628647;0.0290893;0.0041907;0.0432723;0.0103427;1;0;1;0;1;0;
85;0.23544;-0.235439;0.168778;-0.235441;0.236481;-0.235505;-0.19952;0.215888;-0.19951;0.214428;-0.192675;0.215058;0.00126837;0.00367077;0.0169933;0.00244692;0.0252769;0.00603961;1;0;1;0;1;0;
86;0.194344;-0.194343;0.155411;-0.194344;0.194952;-0.194381;-0.2289;0.238461;-0.227841;0.237608;-0.198315;0.237975;0.000740629;0.00214315;0.00992649;0.00142853;0.0147632;0.0035266;1;0;1;0;1;0;
87;0.140326;-0.140326;0.11759;-0.140326;0.140682;-0.140348;-0.244616;0.2502;-0.227062;0.249702;-0.202981;0.249917;0.000432244;0.00125104;0.00579672;0.000833731;0.00862219;0.00205897;1;0;1;0;1;0;
88;0.067785;-0.0677847;0.0545075;-0.0677851;0.0679933;-0.0677979;-0.239758;0.250807;-0.22288;0.250822;-0.200137;0.251147;0.000252055;0.000730035;0.00338487;0.000486386;0.00503397;0.00120191;1;0;1;0;1;0;
89;-0.0257061;0.0257066;-0.0334598;0.0257059;-0.0255842;0.0256985;-0.220204;0.228291;-0.215931;0.237117;-0.176984;0.238186;0.000147017;0.000425761;0.00197674;0.000283533;-0.00320295;0.000701377;1;0;1;0;1;0;
90;-0.123251;0.123252;-0.127779;0.123251;-0.12318;0.123246;-0.193374;0.203937;-0.195792;0.200924;-0.149425;0.206707;8.5807e-05;0.000248101;0.00115482;0.000165174;0.00178614;0.000409279;1;0;1;0;1;0;
91;-0.198942;0.198943;-0.201586;0.198942;-0.198901;0.198939;-0.145992;0.168337;-0.162649;0.179968;-0.104102;0.176758;0.00769635;0.000144373;0.00487423;9.59184e-05;0.0164032;0.000238442;1;0;1;0;1;0;
92;-0.247328;0.247327;-0.248871;0.247326;-0.247303;0.247325;-0.0964063;0.128231;-0.119813;0.167035;-0.0414053;0.165161;0.0206392;8.38095e-05;0.00284779;5.56013e-05;0.0269401;0.000138827;1;0;1;0;1;0;
93;-0.275127;0.275124;-0.276025;0.275123;-0.275111;0.275123;-0.0295415;0.115141;-0.0661286;0.137803;0.0212363;0.136707;0.0120572;4.8529e-05;0.00544952;3.24493e-05;0.0390684;8.0656e-05;1;0;1;0.31077;1;0;
94;-0.289123;0.289121;-0.289647;0.289121;-0.289115;0.28912;0.045734;0.0787602;0.0350565;0.0919993;0.0540665;0.0913569;0.0287588;2.8466e-05;0.0490228;0.0128829;0.0423716;0.0241053;1;0.610016;1;0.865143;1;1;
95;-0.293239;0.292514;-0.293546;0.293238;-0.293235;0.288208;0.0627024;0.0197965;0.0835281;0.0262745;0.0599402;0.0259067;0.0167958;0.0281932;0.028631;0.00752626;0.0247452;0.0396861;0.818851;1;1;1;0.401445;1;
96;-0.288224;0.296665;-0.288403;0.288223;-0.288222;0.252558;0.10794;-0.0477003;0.120102;-0.0559775;0.106327;-0.0561753;0.00980822;0.0525714;0.01672;0.00439645;0.0144507;0.0439881;0;1;0;0.494808;0;1;
97;-0.272341;0.277273;-0.272445;0.27234;-0.272339;0.216086;0.163884;-0.127733;0.170986;-0.133537;0.162941;-0.133639;0.00572758;0.052229;0.00976399;0.0025684;0.00843875;0.0287912;0;1;0;0.698264;0;1;
98;-0.244882;0.247764;-0.244943;0.244882;-0.244881;0.179375;0.206653;-0.182104;0.2108;-0.188929;0.206102;-0.188979;0.00334445;0.0307451;0.00570167;0.00150037;0.00492772;0.0200555;0;1;0;0.826766;0;1;
