1;-0.000363588;0.000116064;9.94837e-05;-0.000363588;0.000116064;9.94837e-05;0.0349769;0.0347456;0.0352595;0.0349769;0.0347456;0.0352595;0.808667;0.808665;0.808666;0.808667;0.808665;0.808666;0;0;0;0;0;0;
2;-0.00521175;0.00587281;0.00552869;0.00381754;-0.00327668;-0.00306777;0.149563;0.146498;0.124977;0.140793;0.141593;0.113706;0.472358;0.472356;0.472324;0.472366;0.472366;0.472338;1;1;1;1;1;1;
3;-0.00629605;-0.00462837;-0.00477439;0.0119052;-0.000250646;-0.00170279;0.110696;0.109962;0.0999782;0.0995186;0.102414;0.0939465;0.275883;0.275888;0.275867;0.27589;0.275892;0.275872;1;1;1;0.568397;0.824326;1;
4;-0.00408899;-0.00836886;-0.0084558;0.0164363;0.00422238;0.00121105;0.0747983;0.0829924;0.0822542;0.080485;0.0798884;0.0773376;0.161131;0.161136;0.161123;0.161137;0.161138;0.161124;1;0.783758;1;0.511378;0.888923;1;
5;-0.00151126;-0.00811676;-0.00848052;0.0154297;0.00307008;-0.000221293;0.0609266;0.0689361;0.0695346;0.0676607;0.0668813;0.0661893;0.0941113;0.0941161;0.0941091;0.0941178;0.0941166;0.0941079;1;0.819068;1;0.635285;0.956357;1;
6;0.00344535;-0.00618275;-0.00561291;0.00828885;0.00316868;-0.0012652;0.0475384;0.055732;0.0560189;0.0528991;0.0550039;0.0574554;0.054969;0.0549732;0.0549699;0.0549746;0.0549736;0.0549677;1;0.827346;1;0.651228;0.914296;1;
7;0.00667649;-0.00485409;-0.00400349;0.00359824;0.00458798;-0.00194896;0.0383053;0.0478469;0.0478991;0.0454687;0.0469561;0.0517564;0.0321078;0.0321112;0.0321104;0.0321122;0.0321122;0.0321082;1;0.806762;1;0.65231;0.93265;1;
8;0.0055018;-0.00444866;-0.00330702;0.000968238;0.004797;-0.00196357;0.0337134;0.0443974;0.0416017;0.0427179;0.0421027;0.0483148;0.0187559;0.0187586;0.0187592;0.0187591;0.0187602;0.018757;1;0.762312;1;0.636483;0.945912;1;
9;0.00375182;-0.00439576;-0.00139298;2.72466e-05;0.00334021;-0.00185697;0.0296715;0.0417354;0.0344314;0.0415184;0.0367112;0.0450231;0.0109579;0.0109598;0.0123822;0.0109598;0.0138451;0.0109589;1;0.695912;1;0.641015;0.993356;1;
10;0.00129628;-0.00190072;-0.00116814;0.000910966;0.00105613;-0.000189443;0.0247144;0.0394956;0.0287733;0.0416994;0.0336321;0.0448632;0.00852607;0.00787613;0.0108111;0.00640433;0.0121215;0.00657471;1;0.650631;1;0.620848;1;1;
11;-0.00288838;0.00247813;-0.00432772;0.00417762;-0.00279567;0.00353493;0.0210419;0.0394714;0.0250778;0.0429915;0.0317522;0.046071;0.00724714;0.00498592;0.0094572;0.00430764;0.0128568;0.0046357;1;0.590176;1;0.602345;1;1;
12;-0.00998563;0.00974461;-0.0108263;0.0107386;-0.00990994;0.0103632;0.0180532;0.0396839;0.0221295;0.0443411;0.0303948;0.0472583;0.00773886;0.00414198;0.00974486;0.00342882;0.0146579;0.0035475;1;0.534926;1;0.591664;1;1;
13;-0.0212883;0.0211455;-0.0217795;0.0217279;-0.0211427;0.0215086;0.0187079;0.0394633;0.022813;0.0440327;0.0300858;0.0483488;0.00603502;0.00325322;0.00998889;0.00452531;0.0163898;0.00449104;1;0.629569;1;0.571704;1;1;
14;-0.0379271;0.0378415;-0.038214;0.0381834;-0.0378383;0.0380553;0.0216533;0.0387633;0.0254607;0.041192;0.0311438;0.0462645;0.0071847;0.00493669;0.0102904;0.00341862;0.0141135;0.00528323;1;0.653812;1;0.607751;1;1;
15;-0.0602292;0.0601764;-0.0603959;0.0603776;-0.0601723;0.0603026;0.0314684;0.0361427;0.0343362;0.03208;0.0337884;0.037865;0.00684328;0.00852625;0.00768792;0.00462859;0.0103299;0.00982561;1;0.828094;1;0.713018;0.895642;1;
16;-0.0866881;0.086654;-0.0867839;0.0867734;-0.0866513;0.08673;0.0498963;0.03067;0.0527315;0.0135683;0.0392353;0.023257;0.0063076;0.0192228;0.00449106;0.00655494;0.00603314;0.0156881;0.777976;1;1;0.928015;0.574476;1;
17;-0.11309;0.113066;-0.113143;0.113139;-0.113069;0.113114;0.0620192;0.0131541;0.0662363;-0.0249458;0.0557907;-0.0110215;0.00416051;0.0350861;0.00262382;0.0162579;0.00352348;0.0302645;0.385006;1;0.945723;0.999865;1;1;
18;-0.132784;0.132768;-0.132813;0.132812;-0.132772;0.132797;0.0977845;-0.0183374;0.100248;-0.0761263;0.0941465;-0.0679893;0.00242991;0.0547622;0.00153315;0.0191709;0.00205731;0.0311919;1;1;1;0.802148;0.526842;1;
19;-0.138302;0.138292;-0.138319;0.138318;-0.138295;0.13831;0.144889;-0.0713571;0.146328;-0.132233;0.142764;-0.127476;0.00141868;0.066785;0.000894955;0.0260105;0.00120102;0.0271822;0;1;1;0.683314;0;1;
20;-0.123561;0.123554;-0.123571;0.12357;-0.123557;0.123565;0.186739;-0.11549;0.187579;-0.17934;0.185498;-0.176559;0.000828083;0.0542737;0.000522223;0.0204331;0.000700938;0.0178683;0;1;0;0.906778;0;1;
21;-0.084382;0.0843774;-0.0843878;0.0843868;-0.0843796;0.0843844;0.215377;-0.14567;0.215867;-0.211049;0.214652;-0.207575;0.00048313;0.036045;0.000304496;0.0129444;0.000408858;0.010439;0;1;0;0.954189;0;1;
22;-0.0173028;0.0172998;-0.0173062;0.0173058;-0.0173013;0.0173045;0.230798;-0.167685;0.231085;-0.217773;0.230375;-0.210232;0.000281657;0.0210567;0.000177325;0.00756233;0.000238256;0.00609759;0;1;0;1;0;1;
23;0.0725467;-0.0725484;0.0725447;-0.0725447;0.0725477;-0.0725455;0.229582;-0.168713;0.229961;-0.204699;0.229295;-0.204798;0.000164027;0.0122982;0.000103087;0.00441713;0.000138614;0.00356128;0;1;0;1;0;1;
24;0.15962;-0.159621;0.159618;-0.159618;0.15962;-0.159619;0.222776;-0.145407;0.222997;-0.178261;0.222608;-0.187272;9.53006e-05;0.00718039;5.97129e-05;-0.00282708;8.0407e-05;-0.00337456;0;1;0;1;0;1;
25;0.222491;-0.222494;0.22249;-0.222491;0.222491;-0.222491;0.203345;-0.111961;0.203474;-0.131653;0.203247;-0.154191;5.51742e-05;-0.00560266;3.4396e-05;-0.0172825;4.64369e-05;-0.00900693;0;1;0;1;0;1;
26;0.261128;-0.261132;0.261128;-0.261129;0.261128;-0.261129;0.173088;-0.0760671;0.173163;-0.0719538;0.17303;-0.121851;3.1868e-05;-0.0269418;1.95923e-05;-0.0116616;2.66697e-05;-0.00526151;0.111602;1;0;1;0;1;
27;0.282492;-0.282497;0.282493;-0.282495;0.282493;-0.282495;0.131548;-0.0243037;0.131588;-0.026376;0.13151;-0.10162;0.0101907;-0.0281359;1.11603e-05;-0.0158073;1.51028e-05;-0.00307284;1;1;0.075872;1;0;1;
28;0.292154;-0.29216;0.292154;-0.292158;0.292155;-0.292157;0.0749062;-0.0118815;0.074926;0.0409574;0.0748826;-0.0574209;0.00842155;-0.0164362;7.49037e-06;-0.00923249;0.0101654;-0.00298643;0.731486;1;1;0.868933;1;1;
29;0.271937;-0.318013;0.285854;-0.303728;0.278674;-0.301239;-0.000526253;0.0373402;-0.000519051;0.0682019;0.00795383;0.0107496;0.0430547;-0.0185008;0.0293927;-0.00539092;0.0669837;-0.00709094;1;0.493815;0.948995;0.217699;1;1;
30;0.25969;-0.29853;0.276798;-0.290188;0.246523;-0.288735;-0.0853694;0.106878;-0.085361;0.124901;-0.0495884;0.0913504;0.0326161;-0.0108049;0.0285364;-0.00314863;0.0809647;-0.00568159;0.871193;0;1;1;1;0.327979;
31;0.249314;-0.271998;0.259306;-0.267127;0.215424;-0.266278;-0.156207;0.168774;-0.156194;0.1793;-0.113365;0.159706;0.025026;-0.00631044;0.0343153;-0.00183924;0.0673197;-0.00331845;0.896138;0;1;0;1;0.0786032;
32;0.223596;-0.236846;0.229433;-0.234001;0.203804;-0.233505;-0.203279;0.210625;-0.203268;0.216772;-0.153608;0.205329;0.0167196;-0.00368573;0.0200461;-0.00107455;0.0460086;-0.00193837;1;0;1;0;1;0;
33;0.184752;-0.19249;0.188162;-0.190829;0.173193;-0.19054;-0.23101;0.235304;-0.222145;0.238894;-0.178076;0.232211;0.00976814;-0.00215295;0.0117091;-0.000628035;0.0268771;-0.00113251;1;0;1;0;1;0;
34;0.13113;-0.135649;0.133122;-0.134679;0.124379;-0.13451;-0.243632;0.248138;-0.223545;0.250235;-0.193742;0.246332;0.00570645;-0.00125785;0.00683865;-0.000367279;0.0156993;-0.000661884;1;0;1;0;1;0;
35;0.0575476;-0.0601869;0.0587113;-0.0596203;0.0536058;-0.0595216;-0.239072;0.2494;-0.221491;0.249801;-0.197413;0.249767;0.00333232;-0.000735134;0.00399367;-0.000214994;0.00916795;-0.000387045;1;0;1;0;1;0;
36;-0.0368738;0.0353324;-0.0361939;0.0356633;-0.0391753;0.0357209;-0.223352;0.230559;-0.214462;0.232581;-0.188351;0.232833;0.00194462;-0.000429878;0.00233157;-0.000126069;0.00535156;-0.00022655;1;0;1;0;1;0;
37;-0.132766;0.131866;-0.132369;0.132059;-0.13411;0.132092;-0.192903;0.206072;-0.19781;0.207746;-0.163722;0.206002;-0.00857042;-0.00025161;-0.00774597;-7.40975e-05;-0.00747059;-0.000132786;1;0;1;0;1;0;
38;-0.205347;0.204821;-0.205115;0.204934;-0.206133;0.204953;-0.142471;0.19831;-0.164081;0.199288;-0.136691;0.198269;-0.012879;-0.000147431;-0.00790182;-4.37424e-05;-0.0232419;-7.8018e-05;1;0;1;0;1;0;
39;-0.251146;0.250838;-0.251011;0.250904;-0.251607;0.250915;-0.0955792;0.175763;-0.13165;0.176336;-0.0971523;0.175739;-0.0094911;-8.65743e-05;-0.0076596;-2.50617e-05;-0.0303929;-4.60256e-05;1;0;1;1;1;0;
40;-0.277196;0.277015;-0.277117;0.277053;-0.277466;0.27706;-0.0552226;0.14037;-0.114606;0.140708;-0.0478265;0.140356;-0.00927366;-5.10149e-05;-0.00447441;0.0059251;-0.0244682;-2.72854e-05;1;0;1;1;1;0;
41;-0.290018;0.289911;-0.289972;0.289933;-0.290178;0.289938;0.0102575;0.0900302;-0.0749808;0.0902295;-0.0243797;0.0900219;-0.0123231;0.0030001;-0.00440776;0.0074437;-0.0163016;0.00133579;1;1;1;0;1;1;
42;-0.31157;0.268681;-0.310972;0.273373;-0.324819;0.307565;0.0379252;0.0206559;-0.0118573;0.0207705;0.0176932;0.020646;-0.00719613;0.0491792;-0.0152478;0.036147;-0.013903;0.00943026;1;0.529632;1;0.91769;0.88802;1;
43;-0.297893;0.262362;-0.297545;0.260096;-0.305631;0.295553;0.0974453;-0.0371346;0.0683734;-0.0631575;0.0856292;-0.0632286;-0.00420299;0.0730264;-0.0136648;0.035914;-0.0120641;0.0272455;1;1;0.760448;0.810657;1;1;
44;-0.276343;0.237778;-0.27614;0.245119;-0.280862;0.274976;0.159503;-0.102033;0.142525;-0.139472;0.152602;-0.139505;-0.00245492;0.0678393;-0.00798064;0.0255582;-0.00704579;0.0342553;0;1;1;0.551602;0;1;
45;-0.245159;0.222635;-0.245041;0.226923;-0.247798;0.24436;0.204484;-0.148355;0.194569;-0.19278;0.200454;-0.192794;-0.0014341;0.0481407;-0.00466107;0.0166002;-0.00411516;0.0204733;0;1;0;0.810938;0;1;
46;-0.204444;0.191289;-0.204375;0.193793;-0.205985;0.203977;0.2319;-0.175279;0.226109;-0.22506;0.229546;-0.221574;-0.000837996;0.0281231;-0.00272253;0.00969845;-0.00240372;0.0119594;0;1;0;0.826421;0;1;
47;-0.152115;0.144432;-0.152075;0.145895;-0.153015;0.151843;0.246712;-0.193361;0.24333;-0.242685;0.245337;-0.224979;-0.000489889;0.0164276;-0.00159044;0.00566614;-0.0014043;0.00698487;0;1;0;0.861043;0;1;
48;-0.0827143;0.0782277;-0.0826907;0.0790817;-0.0832399;0.0825556;0.252656;-0.199441;0.250836;-0.242443;0.252008;-0.223196;-0.000286605;0.00959365;-0.000929324;0.00330902;-0.000820655;0.00407903;0;1;0;0.902931;0;1;
49;0.00792925;-0.0105489;0.00794302;-0.0100507;0.00762233;-0.00802166;0.238886;-0.192868;0.239819;-0.229845;0.235061;-0.218883;-0.000167887;0.00560035;-0.000543239;0.00193123;-0.000479825;0.00238138;0;1;0;0.999129;0;1;
50;0.107085;-0.108615;0.107093;-0.108324;0.106906;-0.107139;0.21466;-0.170519;0.212747;-0.203334;0.214639;-0.204652;-9.85372e-05;-0.00851453;-0.000317761;-0.00805276;-0.000280763;-0.00814982;0;1;0;1;0;1;
51;0.187707;-0.188602;0.187711;-0.18843;0.187602;-0.187739;0.20773;-0.144618;0.206612;-0.159921;0.207717;-0.173939;-5.79926e-05;-0.0191216;-0.000186021;-0.0135639;-0.00016449;-0.0102781;0;1;0;1;0;1;
52;0.240532;-0.241056;0.240534;-0.240954;0.240471;-0.240552;0.186555;-0.104018;0.185902;-0.110891;0.186548;-0.145042;-3.43548e-05;-0.0278169;-0.000109123;-0.0139988;-9.6529e-05;-0.00600469;0;1;0;1;0;1;
53;0.27139;-0.271699;0.271392;-0.271638;0.271355;-0.271404;0.153371;-0.0514382;0.152988;-0.0599065;0.153365;-0.128797;-1.9418e-05;-0.0318777;-6.41351e-05;-0.0124743;-5.67403e-05;-0.00350656;1;1;0;1;0.0694504;1;
54;0.287437;-0.287621;0.287438;-0.287583;0.287416;-0.287447;0.106766;-0.00439172;0.10654;-0.0142319;0.106763;-0.0924111;0.00503961;-0.0239532;0.000154715;-0.00827987;0.00618728;-0.00736036;1;1;1;0.882028;1;1;
55;0.281756;-0.315905;0.291081;-0.293227;0.283936;-0.293147;0.0423948;0.0174001;0.04226;0.0116562;0.0423945;-0.0340033;0.0258581;-0.0139929;0.00896603;-0.00419044;0.0258058;-0.00732343;1;1;1;0.745288;0;1;
56;0.270637;-0.303098;0.281757;-0.292829;0.261813;-0.289806;-0.0393754;0.0743042;-0.0394545;0.0709516;-0.0249833;0.044289;0.0269802;-0.019329;0.0205965;-0.00244725;0.0680361;-0.00990009;1;1;1;0;1;1;
57;0.262652;-0.283713;0.27125;-0.277716;0.234582;-0.275951;-0.120334;0.140739;-0.120373;0.138781;-0.0865345;0.12321;0.0311853;-0.0112885;0.0346062;-0.00142959;0.0720581;-0.00578231;0.765013;0;1;1;1;1;
58;0.242665;-0.254967;0.247688;-0.251465;0.21876;-0.250434;-0.180353;0.192277;-0.180372;0.191134;-0.133242;0.18204;0.0277461;-0.0065929;0.020558;-0.000835262;0.0555699;-0.00337725;1;0;1;0;1;0;
59;0.20964;-0.216825;0.212574;-0.214779;0.195678;-0.214177;-0.217827;0.224797;-0.217836;0.224129;-0.162864;0.218819;0.0162095;-0.0038507;0.0120094;-0.000488269;0.0363435;-0.00197276;1;0;1;0;1;0;
60;0.163845;-0.168041;0.165559;-0.166847;0.15569;-0.166495;-0.237954;0.243031;-0.226334;0.242641;-0.185139;0.23954;0.00946994;-0.0022493;0.00701409;-0.000285658;0.0212309;-0.00115259;1;0;1;0;1;0;
61;0.101514;-0.103964;0.102515;-0.103267;0.0967511;-0.103062;-0.240165;0.251515;-0.22415;0.251288;-0.196405;0.249476;0.00553157;-0.00131413;0.00409615;-0.000167332;0.0124003;-0.000673616;1;0;1;0;1;0;
62;0.0175103;-0.018941;0.0180949;-0.0185338;0.0147289;-0.0184139;-0.232647;0.242394;-0.221221;0.243358;-0.193804;0.244616;0.00322988;-0.000768011;0.00239147;-9.82314e-05;0.00724049;-0.000393898;1;0;1;0;1;0;
63;-0.0814177;0.0805829;-0.0810773;0.0808205;-0.0830428;0.0808906;-0.213055;0.218986;-0.21077;0.22241;-0.179047;0.223457;-0.00173163;-0.000449059;-0.00487773;-5.78726e-05;0.0032116;-0.000230566;1;0;1;0;1;0;
64;-0.1688;0.168314;-0.168603;0.168452;-0.169751;0.168493;-0.172982;0.185732;-0.180999;0.209347;-0.154116;0.215217;-0.0117833;-0.000262789;-0.0122676;-3.42136e-05;-0.0139259;-0.000135119;1;0;1;0;1;0;
65;-0.228794;0.228511;-0.228681;0.228591;-0.229352;0.228615;-0.124143;0.178736;-0.147536;0.192527;-0.120587;0.195955;-0.014432;-0.000153944;-0.00716625;-2.03749e-05;-0.0273515;-7.93863e-05;1;0;1;0.153102;1;0;
66;-0.264796;0.26463;-0.264731;0.264677;-0.265124;0.264691;-0.0823614;0.155023;-0.112318;0.163079;-0.0799193;0.165078;-0.0103472;-9.03424e-05;-0.00962748;-1.09527e-05;-0.0298814;-4.68238e-05;1;0;1;1;1;0;
67;-0.284279;0.284181;-0.284242;0.284208;-0.284471;0.284217;-0.0294211;0.116088;-0.0859557;0.120798;-0.0340287;0.121961;-0.0144625;-5.3139e-05;-0.0056225;0.010896;-0.0275301;-2.75589e-05;1;0;1;0;1;0.693552;
68;-0.292526;0.292468;-0.295394;0.292483;-0.293444;0.292489;0.0137997;0.0591439;-0.0415427;0.0618948;-0.011216;0.0625731;-0.00844569;-2.91167e-05;-0.00471258;0.00976721;-0.0160821;-1.4834e-05;1;1;1;0.462827;1;1;
69;-0.30305;0.274455;-0.303179;0.275785;-0.308504;0.28516;0.0601588;-0.00588568;0.0278401;-0.0159437;0.0455476;-0.0155506;-0.00493311;0.0588946;-0.00753049;0.035489;-0.0169821;0.0245003;1;1;1;1;0.168872;1;
70;-0.287577;0.246634;-0.287653;0.267064;-0.290763;0.277128;0.125518;-0.0683191;0.106644;-0.0996893;0.116985;-0.0994526;-0.00288129;0.0708837;-0.00615461;0.0264683;-0.00991771;0.0372259;0.778222;1;1;0.508668;1;1;
71;-0.262453;0.238523;-0.262497;0.250471;-0.264314;0.25635;0.181407;-0.125128;0.170385;-0.166317;0.176424;-0.166171;-0.00168307;0.0601307;-0.00359468;0.0227506;-0.00579236;0.0276277;0;1;0;0.710069;0;1;
72;-0.227475;0.213498;-0.227501;0.220477;-0.228562;0.22391;0.218264;-0.162017;0.211827;-0.209446;0.215354;-0.209357;-0.000983358;0.0387656;-0.00209971;0.0134794;-0.00338317;0.0161395;0;1;0;0.823315;0;1;
73;-0.18227;0.174107;-0.182285;0.178182;-0.182904;0.180188;0.239586;-0.185494;0.235827;-0.234433;0.237887;-0.224787;-0.000574777;0.0226455;-0.00122673;0.00787513;-0.00197626;0.00942702;0;1;0;0.8616;0;1;
74;-0.123242;0.118474;-0.12325;0.120855;-0.123612;0.122026;0.250234;-0.19796;0.248039;-0.244637;0.249241;-0.224872;-0.000336179;0.0132267;-0.000716913;0.0046003;-0.00115467;0.00550549;0;1;0;0.881785;0;1;
75;-0.0443456;0.0415617;-0.0443507;0.0429516;-0.0445619;0.043636;0.247873;-0.198743;0.248145;-0.237866;0.247951;-0.221945;-0.000196822;0.00772302;-0.000419179;0.00268596;-0.000674873;0.00321484;0;1;0;0.94522;0;1;
76;0.0531869;-0.0548123;0.0531839;-0.054001;0.0530606;-0.0536012;0.229845;-0.185597;0.231358;-0.217961;0.224376;-0.211316;-0.000115465;-0.00170247;-0.000245324;0.00142476;-0.000394687;-3.12077e-05;0;1;0;1;0;1;
77;0.146771;-0.147721;0.14677;-0.147247;0.146698;-0.147014;0.217704;-0.158007;0.223581;-0.185237;0.200167;-0.190086;-6.78316e-05;-0.0165737;-0.000143728;-0.0121967;-0.000231038;-0.0127688;0;1;0;1;0;1;
78;0.214689;-0.215245;0.214688;-0.214967;0.214646;-0.214831;0.202198;-0.127352;0.20563;-0.138938;0.191956;-0.158344;-4.01235e-05;-0.019475;-8.44198e-05;-0.0128168;-0.000135416;-0.00745897;0;1;0;1;0;1;
79;0.256652;-0.256978;0.256651;-0.256815;0.256627;-0.256736;0.17454;-0.0769113;0.176544;-0.0874133;0.168559;-0.13928;-2.38999e-05;-0.0305364;-4.9779e-05;-0.0114402;-7.95404e-05;-0.00435689;0;1;0;1;0;1;
80;0.280101;-0.280294;0.280101;-0.280198;0.280086;-0.280152;0.135147;-0.0235847;0.136314;-0.0406644;0.131653;-0.114552;0.000382885;-0.0301359;-2.94676e-05;-0.0152459;-4.55841e-05;-0.00254563;1;1;0;1;1;1;
81;0.289726;-0.291249;0.291132;-0.29119;0.291123;-0.291163;0.0807836;0.0165476;0.0814638;-0.0123634;0.0787437;-0.0687525;0.0152326;-0.0176043;0.00340989;-0.00890391;0.0208996;-0.0122862;0.671446;1;1;1;1;1;
82;0.277462;-0.314967;0.285374;-0.30124;0.277767;-0.298144;0.00747886;0.0493701;0.00787253;0.0324914;0.00628628;-0.00043999;0.0297839;-0.0212582;0.0211065;-0.00519867;0.0513327;-0.00998355;1;0.445936;1;0.680958;0.852756;1;
83;0.259643;-0.297959;0.271201;-0.289943;0.250082;-0.288135;-0.0772789;0.110486;-0.0770454;0.100629;-0.047507;0.0813986;0.0262949;-0.0124152;0.0230283;-0.0030367;0.0721748;-0.00631704;0.884692;0;1;0;1;0.271477;
84;0.251067;-0.273445;0.257818;-0.268763;0.216659;-0.267708;-0.150249;0.169649;-0.150106;0.163893;-0.107573;0.152662;0.0308907;-0.00725087;0.030257;-0.0017738;0.0702263;-0.00368948;0.754951;0;1;0.782578;1;1;
85;0.226783;-0.239853;0.230726;-0.237119;0.205271;-0.236503;-0.19958;0.210918;-0.199495;0.207556;-0.146883;0.200998;0.0221849;-0.00423493;0.0176751;-0.00103634;0.049345;-0.00215505;1;0;1;0;1;0;
86;0.189288;-0.19692;0.19159;-0.195324;0.176723;-0.194964;-0.228931;0.235558;-0.225736;0.233595;-0.171652;0.229764;0.0129613;-0.00247368;0.0103242;-0.000605714;0.028827;-0.00125904;1;0;1;0;1;0;
87;0.137374;-0.141831;0.138718;-0.140899;0.130035;-0.140689;-0.237579;0.248505;-0.227045;0.247358;-0.191641;0.245122;0.00757216;-0.00144515;0.00602922;-0.000354243;0.0168392;-0.00073578;1;0;1;0;1;0;
88;0.0660615;-0.0686637;0.0668459;-0.0681192;0.0617746;-0.0679966;-0.235027;0.250721;-0.225695;0.250179;-0.195663;0.251161;0.00442299;-0.000844521;0.00352038;-0.000207371;0.00983426;-0.000430204;1;0;1;0;1;0;
89;-0.0267121;0.0251931;-0.0262546;0.025511;-0.0292165;0.0255826;-0.221025;0.231916;-0.219737;0.235234;-0.188952;0.235343;0.00258252;-0.000493755;0.00154907;-0.000121625;0.00574126;-0.000251763;1;0;1;0;1;0;
90;-0.123838;0.122952;-0.123572;0.123137;-0.125302;0.123179;-0.195098;0.209392;-0.202138;0.20965;-0.162118;0.210684;-0.00630295;-0.000288907;-0.0135825;-7.15098e-05;-0.00941327;-0.000147523;1;0;1;0;1;0;
91;-0.199285;0.198767;-0.19913;0.198876;-0.200142;0.1989;-0.1471;0.201901;-0.172158;0.202052;-0.139339;0.202656;-0.0108641;-0.000169208;-0.00793477;-4.22373e-05;-0.0167517;-8.66262e-05;1;0;1;0;1;0;
92;-0.247527;0.247225;-0.247437;0.247288;-0.24803;0.247302;-0.102918;0.179844;-0.147579;0.179933;-0.0951659;0.180285;-0.0131495;-9.93061e-05;-0.00648379;-2.45148e-05;-0.0292798;-5.10524e-05;1;0;1;0.952135;1;0;
93;-0.275241;0.275064;-0.275189;0.2751;-0.275536;0.275109;-0.0600592;0.145282;-0.126439;0.145337;-0.0525551;0.145541;-0.0147258;-5.84566e-05;-0.00378903;-1.45521e-05;-0.0224786;-2.97207e-05;1;0;1;1;1;1;
94;-0.289191;0.289086;-0.289161;0.289108;-0.289365;0.289113;0.00227921;0.0963626;-0.0853577;0.0963965;-0.00151303;0.0965154;-0.0191299;-3.40244e-05;-0.00518892;-7.76761e-06;-0.0193037;-1.67851e-05;1;0.678244;1;0;1;1;
95;-0.309424;0.291331;-0.309614;0.282939;-0.316494;0.293234;0.0287943;0.0288219;-0.0223898;0.0288461;0.0265749;0.0289097;-0.011133;0.0204423;-0.00662798;0.023239;-0.0112764;0.00636035;1;1;1;1;1;0.312421;
96;-0.297676;0.26718;-0.297788;0.268923;-0.301805;0.285003;0.088138;-0.0338325;0.0582484;-0.0544678;0.086841;-0.0544293;-0.0069445;0.0675439;-0.00674739;0.0259767;-0.0160416;0.0211297;1;1;0.788079;0.829645;0;1;
97;-0.277861;0.250539;-0.277926;0.260429;-0.280272;0.270459;0.152319;-0.0976492;0.134864;-0.132649;0.151562;-0.132619;-0.00405594;0.066858;-0.00394086;0.0268446;-0.00936866;0.0361925;0;1;1;0.557927;0;1;
98;-0.248106;0.232148;-0.248144;0.237924;-0.249514;0.243783;0.199899;-0.144377;0.189705;-0.188406;0.199457;-0.188382;-0.00236909;0.0485365;-0.00230185;0.0168476;-0.00547171;0.0223743;0;1;0;0.798297;0;1;
