1;-0.000363588;0.000116064;9.94837e-05;-0.000363588;0.000116064;9.94837e-05;0.0349769;0.0347456;0.0352595;0.0349769;0.0347456;0.0352595;0.808667;0.808665;0.808666;0.808667;0.808665;0.808666;0;0;0;0;0;0;
2;-0.0580038;-0.000517392;-0.000126298;0.0186259;-0.0116213;-0.0323127;0.117222;0.105731;0.127848;0.0893508;0.0845515;0.11008;0.472341;0.4723;0.472317;0.47233;0.472328;0.472332;1;1;1;0;0;1;
3;-0.0334528;0.0174667;0.0175937;0.0206943;-0.00845596;-0.0224011;0.100104;0.0940507;0.102145;0.0966842;0.094805;0.103561;0.275871;0.275848;0.275863;0.275866;0.275864;0.275869;0.917746;1;1;0.786029;0.969759;1;
4;-0.0189045;0.00956746;0.010911;0.011452;-0.00430382;-0.013718;0.0767985;0.0743512;0.0777411;0.0756442;0.0741334;0.0793167;0.161125;0.161111;0.161121;0.161122;0.16112;0.161124;1;1;1;0.789673;0.931592;1;
5;-0.0101657;0.00471224;0.00724893;0.00581243;-0.00163753;-0.00888766;0.0611235;0.0607499;0.0638989;0.060626;0.0604049;0.065841;0.0941084;0.0940998;0.0941062;0.0941063;0.0941053;0.0941082;1;1;1;0.790862;0.975905;1;
6;-0.00483042;0.00164502;0.00581845;0.00228735;0.000150926;-0.00629764;0.0502083;0.0494332;0.0534719;0.050786;0.050385;0.0559354;0.0549678;0.0549621;0.0549671;0.0549663;0.054966;0.0549679;1;1;1;0.783349;0.993406;1;
7;-0.00157833;-0.00028252;0.00578745;9.26738e-05;0.00133117;-0.00492088;0.0415592;0.0429364;0.0441059;0.0442669;0.0427079;0.0487547;0.0321079;0.0321037;0.0321078;0.0321067;0.0321069;0.032108;1;1;1;0.775538;1;1;
8;-0.000819208;-0.00129849;0.00542101;-0.00168459;0.0019109;-0.00354758;0.0347115;0.0384336;0.0366548;0.0398731;0.0372173;0.0440889;0.0187564;0.0187528;0.0187565;0.0187552;0.018756;0.0187562;1;1;1;0.756261;1;1;
9;-0.00018011;-0.00193812;0.0037047;-0.00188577;0.0016543;-0.00261004;0.0297203;0.0357518;0.0314003;0.0381823;0.03361;0.0420353;0.0109584;0.0109549;0.0109585;0.0109568;0.0109585;0.0109577;1;1;1;0.74667;1;1;
10;-0.00100057;-0.000236922;0.00126877;-0.000206286;7.11973e-05;-0.000628986;0.0250631;0.0344361;0.026794;0.0383937;0.0300659;0.042089;0.00804098;0.00640002;0.00754474;0.00640174;0.00933462;0.00640253;1;1;1;0.7276;1;1;
11;-0.00423027;0.00350707;-0.00290448;0.00352516;-0.00360395;0.00327848;0.0211963;0.0342279;0.0225121;0.0397396;0.0279536;0.043591;0.00748348;0.0037394;0.0067105;0.00374105;0.00905593;0.00374188;1;1;1;0.706696;1;1;
12;-0.0107698;0.0103468;-0.00999518;0.0103578;-0.0104033;0.0102137;0.0186175;0.0346637;0.0195163;0.0411486;0.0262085;0.0454396;0.00739984;0.00218525;0.00579103;0.00218686;0.00982945;0.00218786;1;1;1;0.689513;1;1;
13;-0.0217467;0.0214988;-0.0212941;0.021506;-0.0215317;0.0214217;0.0177264;0.0347224;0.0175721;0.0416552;0.0257243;0.0460079;0.00739584;0.00127765;0.00471155;0.00127905;0.00946642;0.0023696;1;1;1;0.688164;1;1;
14;-0.0381951;0.0380492;-0.0379307;0.0380545;-0.0380682;0.0380051;0.020033;0.0339783;0.0192009;0.0388335;0.0261448;0.0437252;0.00730685;0.000748194;0.00275427;0.00104762;0.00700607;0.0036144;1;1;1;0.719035;1;1;
15;-0.0603853;0.0602986;-0.0602309;0.0603033;-0.0603097;0.0602741;0.0298731;0.0312514;0.0281832;0.029793;0.0288284;0.0355324;0.0071882;0.00586719;0.00161031;0.0013681;0.00409361;0.00645175;1;1;1;0.811242;1;1;
16;-0.0867788;0.0867263;-0.0866886;0.0867311;-0.0867332;0.0867136;0.0489194;0.0258775;0.0489164;0.0113759;0.0351304;0.0198615;0.00575062;0.014789;-0.00147318;0.00518215;0.00238999;0.0120523;1;1;1;0.97542;0.657192;1;
17;-0.113142;0.113109;-0.113089;0.113115;-0.113117;0.113105;0.0614486;0.0104838;0.0614472;-0.0258188;0.0533929;-0.0165401;0.0033607;0.0333717;-0.000859989;0.0164939;0.00101225;0.0253655;1;1;1;1;0;1;
18;-0.132814;0.132794;-0.132783;0.132798;-0.1328;0.132792;0.0974508;-0.0141386;0.0974502;-0.0766362;0.0927458;-0.071213;0.00196228;0.0553851;-0.000882228;0.0179173;-0.000606688;0.0250774;1;1;1;0.854935;1;1;
19;-0.13832;0.138308;-0.138301;0.13831;-0.138312;0.138306;0.144694;-0.0729967;0.144694;-0.132532;0.141946;-0.129358;0.00114558;0.0645214;-0.000515624;0.0223254;-0.000354731;0.0300822;0;1;0;0.780641;0;1;
20;-0.123571;0.123564;-0.123561;0.123565;-0.123567;0.123563;0.186625;-0.119837;0.186625;-0.179515;0.18502;-0.177658;0.000668595;0.0522109;-0.00030154;0.0171865;-0.000207615;0.0196365;0;1;0;0.86998;0;1;
21;-0.084388;0.0843839;-0.0843817;0.0843838;-0.0843853;0.0843828;0.21531;-0.150866;0.21531;-0.211153;0.214373;-0.206795;0.000389988;0.0342426;-0.000176578;0.0105028;-0.00012173;0.0114718;0;1;0;0.924476;0;1;
22;-0.0173063;0.017304;-0.0173026;0.0173039;-0.0173047;0.0173034;0.230759;-0.170906;0.230759;-0.221756;0.230212;-0.209704;0.000227262;0.0200032;-0.000103616;0.00613599;-7.16014e-05;0.00670094;0;1;0;0.97752;0;1;
23;0.0725446;-0.0725455;0.0725468;-0.0725459;0.0725456;-0.0725462;0.229563;-0.169799;0.229354;-0.208838;0.230091;-0.203488;0.000132266;0.0116824;-6.09791e-05;0.00358357;-4.23527e-05;0.00391389;0;1;0;1;0;1;
24;0.159618;-0.159619;0.15962;-0.159619;0.159619;-0.15962;0.222765;-0.145322;0.222643;-0.179998;0.223073;-0.185454;7.67565e-05;0.00682062;-3.60998e-05;-0.00350873;-2.52759e-05;-0.00172009;0;1;0;1;0;1;
25;0.22249;-0.222492;0.222491;-0.222491;0.222491;-0.222492;0.203339;-0.109629;0.203267;-0.133581;0.203518;-0.151396;4.4354e-05;-0.00546479;-2.15554e-05;-0.0137154;-1.52865e-05;-0.00888838;0;1;0;1;0;1;
26;0.261128;-0.261131;0.261128;-0.261129;0.261128;-0.261129;0.173086;-0.0793863;0.173042;-0.076554;0.173189;-0.105383;2.67244e-05;-0.0207867;-1.30488e-05;-0.0105176;-9.41495e-06;-0.00979407;1;1;0;1;0;1;
27;0.282492;-0.282496;0.282493;-0.282494;0.282493;-0.282495;0.131548;-0.0266478;0.131517;-0.0325694;0.131605;-0.0804447;0.00957075;-0.0227244;-8.04774e-06;-0.00926657;-4.65534e-06;-0.00572037;0;1;0;1;1;1;
28;0.291756;-0.292202;0.292155;-0.292157;0.292155;-0.292157;0.074907;0.0347707;0.074885;-0.0158308;0.074939;-0.0450555;0.0175872;-0.0253627;0.00468192;-0.0054108;0.0151924;-0.00334246;0.428353;1;1;0.885063;1;1;
29;0.280643;-0.309681;0.287766;-0.306377;0.279127;-0.303479;-0.000527083;0.0645858;-0.000540899;0.0350389;0.000872222;0.0179722;0.0247089;-0.0149045;0.0221618;-0.00315969;0.0635287;-0.00496325;1;1;1;0.553158;0.934186;1;
30;0.261044;-0.293664;0.277377;-0.291735;0.251553;-0.290043;-0.0853726;0.122789;-0.0853732;0.105534;-0.0563225;0.0955671;0.0256826;-0.00870458;0.0365604;-0.00184577;0.0713228;-0.00448449;0.769474;0;1;1;1;0;
31;0.250105;-0.269157;0.259644;-0.26803;0.24317;-0.267042;-0.156208;0.178067;-0.156202;0.16799;-0.116521;0.162169;0.0252044;-0.0050839;0.0290279;-0.00107831;0.0632549;-0.00261933;0.992467;0;1;0.272561;1;0.846511;
32;0.224059;-0.235186;0.22963;-0.234528;0.220008;-0.233951;-0.203281;0.216051;-0.203272;0.210166;-0.156443;0.206767;0.0147632;-0.00296944;0.0169582;-0.000630168;0.0430535;-0.00153011;1;0;1;0;1;0;
33;0.185022;-0.191521;0.188276;-0.191137;0.182656;-0.1908;-0.231011;0.238473;-0.223896;0.235036;-0.181245;0.233051;0.00862504;-0.00173465;0.00990571;-0.000368511;0.0251508;-0.000894076;1;0;1;0;1;0;
34;0.131288;-0.135083;0.133188;-0.134859;0.129906;-0.134662;-0.244564;0.249989;-0.224895;0.247982;-0.195831;0.246823;0.00503866;-0.00101357;0.00578522;-0.000215716;0.0146906;-0.000522644;1;0;1;0;1;0;
35;0.0576399;-0.0598564;0.0587501;-0.0597253;0.0568332;-0.0596104;-0.2398;0.249243;-0.222079;0.249546;-0.199074;0.249595;0.00294215;-0.000592475;0.00337835;-0.00012648;0.00857852;-0.000305727;1;0;1;0;1;0;
36;-0.0368199;0.0355255;-0.0361713;0.035602;-0.0372905;0.0356691;-0.223831;0.230389;-0.214863;0.232987;-0.188368;0.233293;0.00171673;-0.00034657;0.00197204;-7.43768e-05;0.00500712;-0.000179065;1;0;1;0;1;0;
37;-0.132734;0.131978;-0.132356;0.132023;-0.133009;0.132062;-0.194482;0.206299;-0.196202;0.205489;-0.161153;0.204619;-0.00951023;-0.000202963;-0.00945995;-4.39093e-05;-0.00642296;-0.000105057;1;0;1;0;1;0;
38;-0.205328;0.204887;-0.205108;0.204913;-0.20549;0.204936;-0.144279;0.198442;-0.160771;0.197969;-0.13289;0.197461;-0.0126201;-0.000119023;-0.0103311;-2.61094e-05;-0.0205279;-6.18186e-05;1;0;1;0;1;0;
39;-0.251135;0.250877;-0.251006;0.250892;-0.251231;0.250905;-0.0932965;0.175841;-0.125416;0.175565;-0.0927421;0.175268;-0.0125019;-6.9977e-05;-0.00681107;-1.50382e-05;-0.0269352;-3.65692e-05;1;0;1;0.707465;1;0;
40;-0.27719;0.277037;-0.277114;0.277046;-0.277246;0.277054;-0.0469225;0.140416;-0.110965;0.140258;-0.0482531;0.140082;-0.0122143;-4.09689e-05;-0.00397728;-6.94601e-06;-0.0239063;-2.05467e-05;1;0.467107;1;1;1;1;
41;-0.290014;0.289922;-0.28997;0.289929;-0.290048;0.289933;0.00750527;0.0900592;-0.0728544;0.0899666;-0.023662;0.0898638;-0.00713515;0.016881;-0.00341693;0.00640475;-0.0150633;0.0146188;1;1;1;0;1;1;
42;-0.293781;0.274756;-0.292121;0.276421;-0.31969;0.275719;0.0363181;0.0206708;-0.0106134;0.0206163;0.0181118;0.0205552;-0.00416648;0.037036;-0.00482737;0.0293033;-0.0132056;0.0256757;1;0.725752;1;0.979187;1;0.0779853;
43;-0.287504;0.260867;-0.286535;0.270714;-0.302635;0.263985;0.0965068;-0.0360819;0.0691001;-0.0632497;0.0858737;-0.0632824;-0.00370047;0.0688531;-0.00546708;0.0241731;-0.00824145;0.0237681;0;1;1;0.751228;1;1;
44;-0.270276;0.254718;-0.26971;0.26047;-0.279112;0.255771;0.158954;-0.100486;0.142949;-0.139526;0.152745;-0.139537;-0.00216146;0.0696524;-0.00319315;0.0269423;-0.0048134;0.0356524;1;1;0;0.569986;0;1;
45;-0.241616;0.232529;-0.241286;0.235888;-0.246777;0.233144;0.204164;-0.145387;0.194816;-0.192811;0.200537;-0.192812;-0.00126271;0.0501839;-0.00186521;0.0164625;-0.00281145;0.0208279;0;1;0;0.744256;0;1;
46;-0.202375;0.197067;-0.202182;0.199029;-0.205389;0.197426;0.231713;-0.174683;0.226254;-0.225079;0.229595;-0.2212;-0.000737907;0.0293167;-0.00108976;0.00961799;-0.00164236;0.0121667;0;1;0;0.814405;0;1;
47;-0.150907;0.147806;-0.150794;0.148953;-0.152667;0.148017;0.246603;-0.193255;0.243415;-0.242711;0.245366;-0.224698;-0.000431437;0.0171247;-0.000636913;0.00561913;-0.000959666;0.00710601;0;1;0;0.846236;0;1;
48;-0.0820086;0.0801983;-0.0819428;0.0808678;-0.0830364;0.0803211;0.25267;-0.199305;0.250886;-0.242432;0.252025;-0.222908;-0.000252472;0.0100008;-0.000372471;0.00328156;-0.000560994;0.00414982;0;1;0;0.891856;0;1;
49;0.00834137;-0.00939807;0.0083798;-0.00900755;0.00774117;-0.00932669;0.238861;-0.192708;0.239932;-0.229553;0.235099;-0.217704;-0.000147953;0.00583814;-0.000218037;0.00191519;-0.000328184;0.00242279;0;1;0;0.99397;0;1;
50;0.107326;-0.107943;0.107348;-0.107715;0.106976;-0.107902;0.21345;-0.169192;0.212859;-0.203472;0.214934;-0.202564;-8.68961e-05;-0.00879945;-0.000127838;-0.00755785;-0.000192209;-0.00573853;0;1;0;1;0;1;
51;0.187847;-0.188209;0.18786;-0.188075;0.187643;-0.188184;0.207023;-0.138884;0.206557;-0.163606;0.207889;-0.172954;-5.11962e-05;-0.017113;-7.5111e-05;-0.0151045;-0.000112774;-0.0134678;0;1;0;1;0;1;
52;0.240614;-0.240827;0.240621;-0.240747;0.240494;-0.240811;0.186143;-0.107414;0.18587;-0.109037;0.186648;-0.134594;-2.99253e-05;-0.0224369;-4.4352e-05;-0.013332;-6.63273e-05;-0.00786732;0.929888;1;0;1;0;1;
53;0.271438;-0.271565;0.271443;-0.271516;0.271368;-0.271555;0.153132;-0.0633621;0.152969;-0.0581511;0.153424;-0.089511;0.00054131;-0.0290386;-2.63473e-05;-0.00981852;-3.91822e-05;-0.0104783;1;1;0;1;0;1;
54;0.287464;-0.287541;0.287468;-0.287513;0.287425;-0.287536;0.106629;-0.00572276;0.106528;-0.0172072;0.106796;-0.068786;0.0134147;-0.0231837;-1.57542e-05;-0.00573568;-2.11751e-05;-0.00611884;0;1;0;0.838559;1;1;
55;0.289504;-0.31328;0.293159;-0.29319;0.293133;-0.2932;0.0423137;0.016626;0.042249;0.00991894;0.0424091;-0.020204;0.0188769;-0.0135413;0.00499359;-0.00210181;0.0156287;-0.00390274;1;1;1;0.876356;0;1;
56;0.269003;-0.301659;0.27569;-0.291151;0.268178;-0.290683;-0.0394239;0.0738508;-0.0394602;0.0699364;-0.0236343;0.0523468;0.0296213;-0.018406;0.0242115;-0.00122822;0.0642533;-0.00492199;1;0;1;0;1;1;
57;0.261324;-0.282873;0.26751;-0.276736;0.239938;-0.276464;-0.120362;0.140474;-0.120375;0.138188;-0.0882293;0.127916;0.025968;-0.0107495;0.0383923;-0.000717643;0.0683304;-0.00287477;0.814164;0;1;1;1;0;
58;0.24189;-0.254476;0.245503;-0.250892;0.2294;-0.250733;-0.180371;0.192122;-0.180373;0.190788;-0.137712;0.184789;0.019746;-0.00627814;0.0226999;-0.000419512;0.0529888;-0.0016792;1;0;1;0;1;0.65047;
59;0.209187;-0.216538;0.211298;-0.214445;0.201893;-0.214352;-0.217839;0.224707;-0.217568;0.223927;-0.168167;0.220424;0.0115362;-0.00366688;0.0132607;-0.000245461;0.0341209;-0.000981111;1;0;1;0;1;0;
60;0.163581;-0.167874;0.164813;-0.166652;0.15932;-0.166597;-0.238964;0.242978;-0.225223;0.242523;-0.189531;0.240477;0.00673984;-0.00214196;0.00774508;-0.000143853;0.0199318;-0.000573474;1;0;1;0;1;0;
61;0.101359;-0.103867;0.10208;-0.103153;0.0988714;-0.103121;-0.243772;0.251485;-0.223918;0.251219;-0.198724;0.250024;0.00393667;-0.00125144;0.00452312;-8.4523e-05;0.011641;-0.000335421;1;0;1;0;1;0;
62;0.0174199;-0.018884;0.0178407;-0.0184672;0.0159674;-0.0184487;-0.234078;0.242302;-0.220108;0.243544;-0.195751;0.245076;0.00229807;-0.000731401;0.00264097;-4.98723e-05;0.00679655;-0.000196392;1;0;1;0;1;0;
63;-0.0814712;0.0806161;-0.0812253;0.0808595;-0.0823191;0.0808703;-0.211549;0.218799;-0.207644;0.223357;-0.17654;0.223678;-0.00284873;-0.00042768;-0.00276739;-2.96345e-05;-0.00389735;-0.000115219;1;0;1;0;1;0;
64;-0.168832;0.168333;-0.168689;0.168475;-0.169328;0.168481;-0.174507;0.189055;-0.181773;0.216945;-0.148105;0.217132;-0.0123512;-0.000250312;-0.0161518;-1.77667e-05;-0.0147573;-6.77553e-05;1;0;1;0;1;0;
65;-0.228814;0.228522;-0.22873;0.228605;-0.229104;0.228608;-0.123581;0.180677;-0.149035;0.196965;-0.114849;0.197074;-0.0133003;-0.000146648;-0.00943469;-1.0849e-05;-0.0203718;-4.00429e-05;1;0;1;0;1;0;
66;-0.264809;0.264637;-0.26476;0.264685;-0.264979;0.264687;-0.0714048;0.156156;-0.135954;0.165668;-0.061236;0.165732;-0.0124076;-8.59693e-05;-0.00550965;-6.77616e-06;-0.0304219;-2.33734e-05;1;0.106213;1;0;1;0.651256;
67;-0.284286;0.284185;-0.284258;0.284213;-0.284387;0.284214;-0.0148072;0.116753;-0.104952;0.122306;-0.0147011;0.122346;-0.0157852;-4.86194e-05;-0.00385096;-3.59825e-06;-0.0271593;0.00440296;1;1;1;1;1;1;
68;-0.292531;0.292469;-0.292514;0.292224;-0.302872;0.292486;0.040856;0.0595365;-0.0526362;0.0627772;0.000208198;0.0627994;-0.0092194;0.0244594;-0.00384604;0.00965542;-0.0158639;0.00721544;1;0;1;1;1;0;
69;-0.297667;0.2737;-0.299396;0.278886;-0.310811;0.280211;0.0759593;-0.0120259;0.0213626;-0.0154275;0.0522189;-0.0154175;-0.00538423;0.0609622;-0.00673277;0.0314742;-0.0189852;0.021707;0;1;1;1;0.00278176;1;
70;-0.284434;0.24631;-0.285444;0.272815;-0.292111;0.271696;0.134745;-0.0690393;0.102861;-0.0993882;0.12088;-0.0993754;-0.00363211;0.0702356;-0.00555916;0.0261696;-0.0110881;0.0305093;1;1;1;1;1;1;
71;-0.260617;0.238228;-0.261207;0.25383;-0.2651;0.253177;0.186796;-0.125991;0.168176;-0.166141;0.178699;-0.166127;-0.00212155;0.0589593;-0.00324694;0.0237173;-0.00647584;0.0250529;0;1;0;1;0;1;
72;-0.226403;0.213326;-0.226747;0.222438;-0.229021;0.222057;0.221411;-0.161571;0.210537;-0.209343;0.216683;-0.209331;-0.00123944;0.0381496;-0.00189664;0.0139605;-0.00378233;0.0146358;0;1;0;1;0;1;
73;-0.181644;0.174006;-0.181845;0.179328;-0.183173;0.179106;0.241424;-0.185112;0.235074;-0.234373;0.238663;-0.225029;-0.000724331;0.0222858;-0.00110813;0.00815607;-0.00220937;0.00854879;0;1;0;1;0;1;
74;-0.122876;0.118415;-0.122994;0.121524;-0.123769;0.121394;0.251307;-0.197548;0.247599;-0.244698;0.249695;-0.224864;-0.000423519;0.0130167;-0.000647654;0.00476436;-0.0012908;0.00499257;0;1;0;1;0;1;
75;-0.0441321;0.0415275;-0.0442007;0.0433424;-0.0446535;0.0432668;0.248378;-0.198156;0.2481;-0.237987;0.24828;-0.22182;-0.00024784;0.0076005;-0.00037873;0.00278175;-0.000754378;0.0029153;0;1;0;1;0;1;
76;0.0533116;-0.0548322;0.0532715;-0.0537728;0.0530071;-0.0538168;0.229564;-0.185133;0.23112;-0.218181;0.224939;-0.210965;-0.000145256;-0.00222212;-0.000221706;0.00139475;-0.000441113;-0.000469003;0;1;0;1;0;1;
77;0.146844;-0.147732;0.146821;-0.147114;0.146666;-0.14714;0.215136;-0.15801;0.222516;-0.185656;0.200792;-0.189911;-8.52075e-05;-0.0151877;-0.000129927;-0.0114239;-0.000258148;-0.0135838;0;1;0;1;0;1;
78;0.214731;-0.215251;0.214718;-0.214889;0.214627;-0.214904;0.200698;-0.128227;0.205008;-0.138446;0.192321;-0.157338;-5.02857e-05;-0.0194691;-7.63693e-05;-0.012411;-0.000151247;-0.0079349;0;1;0;1;0;1;
79;0.256677;-0.256983;0.256669;-0.256769;0.256616;-0.256779;0.173666;-0.0885229;0.176181;-0.0853602;0.168772;-0.113694;-2.8693e-05;-0.0306267;-4.50603e-05;-0.0108775;-8.88068e-05;-0.0107786;1;1;0;1;0;1;
80;0.280115;-0.280296;0.280111;-0.280171;0.28008;-0.280177;0.134637;-0.0467815;0.136105;-0.0293458;0.131776;-0.0957207;0.00666131;-0.0212098;-2.52919e-05;-0.0107114;-5.22776e-05;-0.00629456;1;1;1;1;0;1;
81;0.29114;-0.291248;0.291138;-0.291175;0.291121;-0.291179;0.0804858;-0.02665;0.0813407;0.0412579;0.0788136;-0.0577524;0.00626045;-0.0123906;0.000623824;-0.00755263;0.00945566;-0.00367665;0.250378;1;1;1;1;1;
82;0.273209;-0.315918;0.292051;-0.310293;0.280727;-0.310047;0.00730515;0.0241445;0.00779755;0.0638048;0.00632996;0.00598189;0.0385731;-0.0107623;0.0134288;-0.00441;0.0562945;-0.00954492;1;0.843436;0.79537;1;1;1;
83;0.263954;-0.298514;0.284575;-0.295229;0.259775;-0.295087;-0.0773804;0.0957543;-0.0770884;0.118916;-0.0492506;0.0851479;0.0318941;-0.00628558;0.024502;-0.00257575;0.0716714;-0.00915258;0.907432;1;1;0;1;0.473427;
84;0.253584;-0.273769;0.265628;-0.271851;0.251143;-0.271768;-0.150309;0.161046;-0.150131;0.174573;-0.110826;0.154852;0.0247619;-0.00367117;0.0293858;-0.00150465;0.0670117;-0.0053457;0.933403;0;1;0;1;1;
85;0.228253;-0.240042;0.235287;-0.238922;0.226827;-0.238873;-0.199618;0.205894;-0.199509;0.213793;-0.153856;0.202276;0.0152467;-0.00214439;0.0171674;-0.000879153;0.0466619;-0.00312228;1;0;1;0;1;0;
86;0.190145;-0.197031;0.194254;-0.196377;0.189312;-0.196348;-0.228954;0.232624;-0.222896;0.237237;-0.179087;0.230511;0.00890754;-0.00125281;0.0100282;-0.000513921;0.0272586;-0.00182389;1;0;1;0;1;0;
87;0.137875;-0.141896;0.140274;-0.141514;0.137388;-0.141497;-0.244247;0.246791;-0.224887;0.249486;-0.194889;0.245558;0.00520384;-0.000732177;0.00585691;-0.000300636;0.0159219;-0.00106565;1;0;1;0;1;0;
88;0.0663532;-0.0687015;0.0677547;-0.0684784;0.0660692;-0.0684688;-0.241087;0.250255;-0.222426;0.250505;-0.199197;0.250965;0.00303873;-0.000428139;0.00342028;-0.000176079;0.00929791;-0.000622838;1;0;1;0;1;0;
89;-0.0265424;0.025171;-0.0257236;0.0253013;-0.0267077;0.0253069;-0.226263;0.232231;-0.215941;0.235261;-0.190048;0.235398;0.0017732;-0.0002506;0.00199665;-0.000103341;0.0054274;-0.000364254;1;0;1;0;1;0;
90;-0.12374;0.122939;-0.123262;0.123015;-0.123836;0.123018;-0.19871;0.209141;-0.199155;0.210305;-0.163587;0.208764;-0.00915882;-0.000146908;-0.00843974;-6.08312e-05;-0.00669969;-0.000213215;1;0;1;0;1;0;
91;-0.199228;0.19876;-0.198949;0.198804;-0.199285;0.198806;-0.149893;0.201755;-0.164401;0.202434;-0.137101;0.201535;-0.0122704;-8.62995e-05;-0.00838119;-3.59877e-05;-0.0198644;-0.000124977;1;0;1;0;1;0;
92;-0.247494;0.24722;-0.247332;0.247246;-0.247529;0.247247;-0.0996694;0.179758;-0.131302;0.180155;-0.0935165;0.17963;-0.0103076;-5.08803e-05;-0.00489643;-2.14737e-05;-0.0277415;-7.34454e-05;1;0;1;0;1;0;
93;-0.275223;0.275062;-0.275128;0.275077;-0.275243;0.275077;-0.0476649;0.145234;-0.116933;0.145464;-0.0393891;0.145159;-0.0128051;-2.93945e-05;-0.00285929;-1.29573e-05;-0.0318398;-4.20102e-05;1;1;1;0.0234215;1;1;
94;-0.289181;0.289084;-0.289124;0.289093;-0.289194;0.289093;0.00831752;0.0963381;-0.0798057;0.0964709;0.00215066;0.0962944;-0.00918438;0.0113619;-0.00253645;0.000443497;-0.0216378;0.00823761;1;1;1;1;1;1;
95;-0.299955;0.288425;-0.293241;0.28131;-0.31679;0.291441;0.0323187;0.0288101;-0.0191468;0.0288898;0.0287127;0.0287826;-0.00374018;0.0292943;-0.0036842;0.024583;-0.0127868;0.0139494;1;0.392426;1;1;1;0.331032;
96;-0.29221;0.263922;-0.288225;0.267241;-0.301978;0.277955;0.0901959;-0.032976;0.0601428;-0.0544426;0.0880899;-0.0545029;-0.00365197;0.0683124;-0.00509157;0.0241818;-0.0127179;0.0200601;0;1;0.757087;1;1;1;
97;-0.274669;0.234648;-0.272342;0.260086;-0.280373;0.266342;0.153521;-0.0982001;0.13597;-0.132635;0.152291;-0.132662;-0.00213313;0.0678584;-0.00297387;0.0248583;-0.00742765;0.0370542;1;1;0;1;0;1;
98;-0.246242;0.222868;-0.244883;0.237724;-0.249573;0.241378;0.200601;-0.14426;0.190351;-0.188397;0.199883;-0.188407;-0.00124617;0.0488935;-0.00173713;0.0175713;-0.00433817;0.0221228;0;1;0.0963083;1;0;1;
