1;-0.000363588;0.000116064;9.94838e-05;-0.000363588;0.000116064;9.94838e-05;0.0349769;0.0347456;0.0352595;0.0349769;0.0347456;0.0352595;0.808667;0.808665;0.808666;0.808667;0.808665;0.808666;0;0;0;0;0;0;
2;-0.00025244;-3.16831e-05;0.000384336;-0.000706077;0.00024266;-0.000199332;0.115131;0.115913;0.117429;0.111615;0.111847;0.113007;0.472326;0.472326;0.472327;0.472325;0.472324;0.472325;1;1;1;1;1;1;
3;-0.0111566;-0.0244368;-0.0154572;0.0126342;0.0148372;0.0233267;0.0765752;0.078644;0.0818509;0.0751946;0.0769462;0.0775033;0.275849;0.275855;0.27586;0.275849;0.275848;0.275857;1;1;1;0.390747;0.851738;1;
4;-0.00213801;-0.015058;-0.00721787;0.00490561;0.00485267;0.0152047;0.123101;0.131886;0.143385;0.115005;0.136272;0.140139;0.161113;0.161117;0.161123;0.161112;0.161117;0.161122;1;1;1;1;1;1;
5;0.00410789;-0.0089928;-0.00155288;-0.00250448;-0.004214;0.00800287;0.11804;0.123156;0.128655;0.117192;0.1333;0.128156;0.101013;0.113519;0.115823;0.100033;0.104332;0.11724;1;1;1;1;1;1;
6;0.0106706;-0.0018821;0.00473482;-0.006626;-0.00933917;0.00375891;0.106812;0.103672;0.108928;0.104832;0.113973;0.116227;0.0972898;0.0921227;0.0940649;0.085112;0.0768226;0.0956717;1;1;1;1;1;1;
7;0.0126172;0.000266803;0.00663216;-0.00872613;-0.0116679;0.00145033;0.106519;0.0986496;0.101022;0.103749;0.109617;0.111806;0.100298;0.0846794;0.0857355;0.0804148;0.0734839;0.0902839;1;1;1;1;1;1;
8;0.0128916;0.000776248;0.00710339;-0.00941533;-0.0120297;0.000910223;0.105852;0.0957723;0.0957678;0.102176;0.106054;0.109346;0.100627;0.0784975;0.0800236;0.080102;0.0746657;0.0893582;1;1;1;1;1;1;
9;0.0124155;0.000323227;0.00665961;-0.0090189;-0.0114141;0.00137188;0.109716;0.0969823;0.0945742;0.0993848;0.100143;0.105635;0.0960701;0.0692927;0.0740227;0.0787945;0.0786681;0.08779;1;1;1;1;1;1;
10;0.0112374;-0.000956913;0.00543623;-0.00864919;-0.0110259;0.0016788;0.107515;0.0959517;0.091408;0.0999859;0.0993776;0.107052;0.0974566;0.0654642;0.073708;0.0766174;0.0796937;0.0862668;1;1;1;1;1;1;
11;0.00669399;-0.00496586;0.00163097;-0.00759502;-0.00908924;0.00373544;0.0854786;0.0978775;0.0946657;0.0930026;0.0878238;0.105539;0.0797202;0.0645247;0.0738904;0.0606119;0.0828901;0.0795309;1;1;1;1;1;1;
12;0.00510312;-0.00591081;9.97783e-05;-0.00342646;-0.00492575;0.00796735;0.0738625;0.094134;0.0887455;0.0918208;0.0871709;0.108029;0.0720182;0.0555574;0.0752579;0.052729;0.0831699;0.0794367;1;1;1;1;1;1;
13;0.000763828;-0.00972913;-0.0044379;0.00196168;-0.000273074;0.013009;0.0704935;0.0927488;0.0886928;0.0878749;0.0840339;0.10777;0.0713772;0.0554133;0.0749702;0.0454944;0.0798685;0.0773234;1;1;1;1;1;1;
14;-0.00793482;-0.00781971;-0.0130978;0.0111437;0.00143672;0.0182506;0.0652749;0.0874144;0.0866098;0.0834073;0.0859894;0.108879;0.0717168;0.0594682;0.0737486;0.0383151;0.0709252;0.0770165;1;1;1;1;1;1;
15;-0.025462;0.00823504;-0.0250553;0.0392988;-0.0193475;0.0327714;0.0710871;0.0860387;0.0930362;0.0695119;0.0826277;0.100827;0.0575412;0.0598249;0.0587014;0.0331891;0.0535491;0.0875276;1;1;1;1;1;1;
16;-0.066377;0.0279851;-0.0363636;0.0744612;-0.0618353;0.0684572;0.0798162;0.0872967;0.110718;0.0387687;0.0771642;0.0845021;0.0392316;0.0870686;0.0523297;0.0373342;0.0312811;0.0908188;1;1;1;1;1;1;
17;-0.101224;0.0742306;-0.0836925;0.105952;-0.0985746;0.102308;0.101188;0.0748057;0.134263;0.0153578;0.0846709;0.0587812;0.0229133;0.117539;0.0360132;0.0626951;0.0182677;0.102888;1;1;1;1;1;1;
18;-0.125852;0.110084;-0.115612;0.128617;-0.124307;0.122131;0.120662;0.0697555;0.179843;-0.0447142;0.111012;0.00368938;0.0133842;0.178225;0.0210357;0.0675503;0.0106678;0.105739;1;1;1;1;0;1;
19;-0.134254;0.125043;-0.127762;0.123879;-0.133352;0.112398;0.15825;0.0654288;0.206881;-0.101421;0.152614;-0.0448611;0.00781608;0.212776;0.0122875;0.0702339;0.00622953;0.118329;0.74118;1;1;1;0;1;
20;-0.121197;0.119319;-0.117406;0.0718337;-0.12067;0.0509654;0.194542;0.0344258;0.222943;-0.149599;0.19125;-0.0765401;0.00456409;0.208293;0.00717662;0.0633018;0.00363757;0.122906;0;1;1;1;0;1;
21;-0.0830014;0.0819118;-0.0807874;0.0539319;-0.0826938;0.0305959;0.219933;0.0192574;0.23652;-0.175933;0.218011;-0.0750491;0.00266501;0.192201;0.00419067;0.0458052;0.00212375;0.127051;0;1;0.380583;1;0;1;
22;-0.0164967;0.0158709;-0.0152038;-0.000483077;-0.0163169;-0.0141096;0.233459;-0.0093056;0.243146;-0.18647;0.232337;-0.076279;0.00155591;0.164587;0.00244688;0.0291469;0.00123966;0.129115;0;1;0;1;0;1;
23;0.0730172;-0.0733686;0.0737722;-0.0829391;0.0731225;-0.0908896;0.230099;-0.0117978;0.223759;-0.191823;0.230036;-0.0760785;0.000908155;0.152468;0.00142846;0.0170261;0.00072343;0.122698;0;1;0;1;0;1;
24;0.159894;-0.160082;0.160335;-0.165697;0.159956;-0.170328;0.223078;-0.0171578;0.191298;-0.153076;0.218061;-0.0475145;0.000529888;0.114063;0.000833755;0.0158974;0.000421966;0.134308;0;1;0;1;0;1;
25;0.222651;-0.221535;0.222909;-0.226048;0.222687;-0.228741;0.203522;-0.00688592;0.163998;-0.130805;0.200592;-0.0243777;0.000309012;0.103355;0.000486608;0.00928388;0.000245832;0.125172;0;1;0;1;0;1;
26;0.261222;-0.243613;0.261372;-0.26321;0.261243;-0.264778;0.173191;0.0144712;0.15011;-0.0892051;0.17148;0.00147514;0.000179973;0.0711244;0.000284511;-0.0126782;0.000143066;0.102604;0;1;0.862698;1;0;1;
27;0.282547;-0.257733;0.282633;-0.283708;0.282559;-0.289117;0.131604;0.0164011;0.118129;-0.0391556;0.130605;0.0359099;0.000104666;0.041544;0.0106083;-0.0198303;8.31085e-05;0.0855306;0;1;1;1;0;1;
28;0.292186;-0.277274;0.278981;-0.292866;0.289394;-0.299854;0.0749331;0.0256586;0.067074;-0.0149686;0.0743501;0.0799935;6.07595e-05;0.0242566;0.0476543;-0.0115851;0.00655311;0.0575702;0;1;1;1;0.181944;1;
29;0.286301;-0.293144;0.273294;-0.297933;0.258397;-0.306334;-0.000519253;0.059265;0.0158566;0.035541;0.0262539;0.141058;0.0217598;-0.0120844;0.0616914;-0.0176658;0.0965864;0.0336252;0.648833;1;1;1;1;1;
30;0.234646;-0.284008;0.218102;-0.286803;0.253123;-0.29171;-0.0853668;0.119681;-0.072027;0.105828;0.00689616;0.16745;0.0438441;-0.0070577;0.0799329;-0.010577;0.136343;0.0196378;1;0;1;0.639596;1;1;
31;0.205783;-0.263517;0.188731;-0.26515;0.227769;-0.268016;-0.156201;0.176252;-0.127131;0.168161;-0.0245437;0.204148;0.0447411;-0.00412216;0.0724224;-0.00617725;0.156674;0.0114678;1;0;1;0;1;0;
32;0.171124;-0.231893;0.152008;-0.232846;0.21043;-0.23452;-0.192856;0.214991;-0.146926;0.210267;-0.0491635;0.231283;0.0455228;-0.00240779;0.0650919;-0.00360795;0.140201;0.00669661;1;0;1;0;1;0;
33;0.153494;-0.189598;0.127128;-0.190155;0.177063;-0.191132;-0.206222;0.237854;-0.148608;0.235095;-0.0628366;0.247368;0.036094;-0.00140668;0.0677174;-0.00210748;0.121361;0.00391031;1;0;1;0;1;0;
34;0.112879;-0.13396;0.0960609;-0.134285;0.126642;-0.134856;-0.206766;0.249628;-0.143053;0.248016;-0.0707403;0.255184;0.0250902;-0.000822054;0.0679122;-0.00123124;0.113733;0.00228308;1;0;1;0;1;0;
35;0.046888;-0.0592004;0.0370652;-0.0593905;0.0549302;-0.0597239;-0.205611;0.249316;-0.140635;0.249522;-0.0732853;0.248319;0.0168967;-0.000480642;0.07067;-0.000719534;0.103042;0.00133279;1;0;1;0;1;0;
36;-0.0431034;0.0359086;-0.0488334;0.0357974;-0.0383965;0.0356027;-0.193635;0.230339;-0.131356;0.233307;-0.0745877;0.233121;0.00987205;-0.000281273;0.0709452;-0.000420705;0.0905464;0.000777839;1;0;1;0;1;0;
37;-0.136411;0.132202;-0.139745;0.132137;-0.133647;0.132023;-0.168727;0.206311;-0.115287;0.207845;-0.0683513;0.205568;0.00684399;-0.000164832;0.0704585;-0.00024615;0.0695284;0.000453774;1;0;1;0;1;0;
38;-0.207482;0.205017;-0.209419;0.204979;-0.205853;0.204913;-0.135275;0.19845;-0.0885372;0.199345;-0.0597211;0.198016;0.00399708;-9.67726e-05;0.0651773;-0.000144206;0.0473779;0.000264549;1;0;1;0;1;0;
39;-0.252399;0.250953;-0.253521;0.250931;-0.251434;0.250892;-0.109648;0.175845;-0.0647683;0.176368;-0.0413073;0.175592;-0.00729059;-5.70354e-05;0.0492129;-8.46374e-05;0.0276742;0.000154071;1;0;1;0;1;0;
40;-0.277928;0.277082;-0.278585;0.277069;-0.277362;0.277046;-0.0696961;0.140417;-0.0381896;0.140723;-0.0327444;0.140269;-0.0212067;-3.37548e-05;0.0287447;-4.98689e-05;0.0161595;8.95371e-05;1;0;1;0;1;0;
41;-0.290231;0.28995;-0.290969;0.287783;-0.290115;0.286828;-0.0368886;0.0900554;-0.00168458;0.0902346;0.0125418;0.0899707;-0.0184252;-2.00748e-05;0.0167841;0.000168387;-0.0352497;0.0037721;1;0;1;0.920937;1;0.557592;
42;-0.311042;0.270358;-0.31117;0.278719;-0.303384;0.278794;0.0103893;0.0206659;0.0309545;0.0207715;0.0392515;0.0206199;-0.0180168;0.0647308;0.0175706;0.0304463;-0.0400204;0.0488834;1;1;1;1;1;1;
43;-0.297584;0.245787;-0.297662;0.255201;-0.293112;0.260834;0.0813655;0.00864243;0.093381;-0.0631537;0.0982193;-0.0632381;-0.0129777;0.129823;0.0174625;0.0765581;-0.0233725;0.0729499;1;1;1;1;0;1;
44;-0.276162;0.212802;-0.276208;0.205345;-0.273551;0.197274;0.150112;-0.0203004;0.15713;-0.139464;0.159954;-0.134868;-0.00757936;0.154059;0.0101983;0.0600178;-0.01365;0.0640252;0;1;0.863233;1;0;1;
45;-0.245054;0.172018;-0.245081;0.18177;-0.243528;0.169812;0.199;-0.0374744;0.203098;-0.178383;0.204748;-0.146787;-0.00442671;0.157216;0.00595531;0.0557946;-0.00797198;0.0616579;0;1;0;1;0;1;
46;-0.204382;0.161728;-0.204398;0.167424;-0.203492;0.157199;0.228697;-0.0427817;0.23109;-0.176862;0.232054;-0.143114;-0.00258564;0.144278;0.00347741;0.0615187;-0.00465612;0.0675411;0;1;0;1;0;1;
47;-0.152079;0.127169;-0.152088;0.130496;-0.151559;0.12452;0.244842;-0.0446729;0.246239;-0.178333;0.246802;-0.146561;-0.00151045;0.140521;0.00203032;0.0551438;-0.00271973;0.0636652;0;1;0;1;0;1;
48;-0.0826934;0.0681472;-0.0826987;0.0700888;-0.0823896;0.0665973;0.251719;-0.0478655;0.252535;-0.176231;0.250815;-0.149515;-0.000882585;0.131123;0.00118519;0.0498948;-0.00158886;0.0643605;0;1;0;1;0;1;
49;0.00794143;-0.0164333;0.00793828;-0.0153035;0.00811888;-0.0173411;0.238934;-0.0532947;0.238527;-0.16341;0.236765;-0.141751;-0.0005159;0.120219;0.00069166;0.0443866;-0.00092849;0.0621765;0;1;0;1;0;1;
50;0.107092;-0.112047;0.107091;-0.111394;0.107196;-0.112579;0.215125;-0.0472294;0.21288;-0.145216;0.210231;-0.13066;-0.000301769;0.108348;0.000403436;0.0384557;-0.000542814;0.0614666;0;1;0;1;0;1;
51;0.187711;-0.190598;0.18771;-0.190226;0.187772;-0.190913;0.207059;-0.0389962;0.202728;-0.112546;0.176812;-0.105309;-0.000176697;0.0903935;0.000235176;0.0325436;-0.000317503;0.0558372;0;1;0;1;0;1;
52;0.240534;-0.242215;0.240533;-0.242005;0.24057;-0.242403;0.186163;-0.0129576;0.183634;-0.0819532;0.168499;-0.0808764;-0.000103597;0.0567773;0.000136904;0.0206068;-0.000185953;0.0449044;0;1;0;1;0;1;
53;0.271391;-0.272372;0.271391;-0.272248;0.271412;-0.272486;0.15314;-0.00779505;0.151663;-0.0421315;0.142824;-0.0496132;-6.09065e-05;0.0331641;7.95364e-05;0.0120356;-0.00010907;0.0326847;0;1;0;1;0;1;
54;0.286764;-0.288012;0.286416;-0.287831;0.287451;-0.289569;0.106628;0.00302596;0.105765;0.00891417;0.100603;-0.01592;-0.00193061;0.0193641;0.00282981;-0.0154785;-6.40573e-05;0.0190859;1;1;0.147948;1;0;1;
55;0.283432;-0.305794;0.282844;-0.293753;0.272809;-0.295809;0.0423129;0.0217332;0.041811;0.0288903;0.0478732;0.0114817;0.0449343;-0.0196631;0.0539688;-0.00904003;0.0743957;0.0117318;1;1;1;1;1;1;
56;0.263072;-0.304894;0.264171;-0.297245;0.245802;-0.29377;-0.0394196;0.0768349;-0.0355437;0.0810175;0.0282948;0.0708536;0.0632602;-0.0170137;0.071491;-0.0080623;0.136169;0.0144894;1;0;1;1;1;1;
57;0.219591;-0.284762;0.209694;-0.280296;0.217636;-0.278267;-0.120352;0.142216;-0.108483;0.14466;0.00706224;0.138726;0.065017;-0.00993649;0.078274;-0.00470843;0.161007;0.00846323;1;0;1;0.481406;1;0.924938;
58;0.190678;-0.255579;0.173221;-0.252971;0.181387;-0.251786;-0.170773;0.19314;-0.129658;0.194567;-0.0297206;0.191102;0.0594615;-0.00580333;0.0783295;-0.00275015;0.157864;0.00494204;1;0;1;0;1;0;
59;0.170952;-0.217183;0.153397;-0.215659;0.170399;-0.214967;-0.186572;0.225301;-0.143289;0.226134;-0.0389159;0.224111;0.054141;-0.00338963;0.0655585;-0.00160652;0.147598;0.00288571;1;0;1;0;1;0;
60;0.141253;-0.16825;0.130325;-0.16736;0.140928;-0.166956;-0.189655;0.243325;-0.146951;0.243812;-0.0509193;0.24263;0.0447045;-0.00198006;0.0651891;-0.000938698;0.13769;0.00168472;1;0;1;0;1;0;
61;0.08832;-0.104086;0.0819353;-0.103567;0.0881316;-0.103331;-0.186694;0.251687;-0.143263;0.251971;-0.0573199;0.251281;0.0395764;-0.00115692;0.0675955;-0.000548687;0.124384;0.000983368;1;0;1;0;1;0;
62;0.00980269;-0.0190123;0.00607667;-0.0187091;0.00969762;-0.0185713;-0.181448;0.243279;-0.140938;0.24216;-0.0589419;0.243525;0.0312015;-0.000676228;0.0669707;-0.000320921;0.114205;0.000573787;1;0;1;0;1;0;
63;-0.0859251;0.0805413;-0.0880909;0.0807182;-0.0859756;0.0807986;-0.165209;0.218004;-0.128866;0.222685;-0.0558432;0.222621;0.0244275;-0.00039548;0.065301;-0.000187909;0.100174;0.000334589;1;0;1;0;1;0;
64;-0.171442;0.168289;-0.17269;0.168392;-0.171455;0.168439;-0.13517;0.189572;-0.106768;0.214838;-0.0488924;0.215497;0.0202808;-0.000231503;0.0628329;-0.000110179;0.0806488;0.000194942;1;0;1;0;1;0;
65;-0.230346;0.228496;-0.231061;0.228556;-0.230337;0.228584;-0.102731;0.180979;-0.0822113;0.195734;-0.0328453;0.196119;0.0131691;-0.000135713;0.056136;-6.47876e-05;0.0545207;0.000113398;1;0;1;0;1;0;
66;-0.265708;0.264622;-0.266118;0.264657;-0.265692;0.264673;-0.068297;0.156332;-0.0532827;0.164949;-0.0225235;0.165174;0.00769056;-7.97521e-05;0.0416842;-3.82482e-05;0.0318457;6.5799e-05;1;0;1;0;1;0;
67;-0.284812;0.284176;-0.285447;0.278822;-0.2848;0.284206;-0.0206725;0.116853;-0.0275509;0.121886;-0.0150436;0.122016;-0.0196044;-4.69575e-05;0.024344;0.00217771;0.0185938;3.79789e-05;1;0;1;0.380745;1;0;
68;-0.292866;0.283111;-0.297236;0.28816;-0.293091;0.292483;0.0145391;0.059588;0.00705507;0.0625332;0.0126673;0.0626039;-0.0114498;0.0223106;0.0142183;0.0228245;-0.0335124;0.00483427;1;0.33758;1;1;1;0.719894;
69;-0.303674;0.256055;-0.301903;0.266912;-0.305167;0.280513;0.0605898;0.0147023;0.0562244;-0.0155668;0.0594955;-0.01553;-0.00668906;0.102077;0.00854745;0.070127;-0.0271135;0.0469683;1;1;1;1;1;1;
70;-0.287942;0.247371;-0.28691;0.232237;-0.288814;0.237417;0.12577;-0.00825461;0.123223;-0.0994636;0.12513;-0.0994375;-0.00390678;0.135188;0.00699471;0.0621158;-0.0158347;0.0692089;0;1;1;1;0;1;
71;-0.262666;0.236896;-0.262063;0.192499;-0.263175;0.178256;0.181554;-0.0514282;0.180067;-0.166181;0.181181;-0.137316;-0.00228189;0.143028;0.00408443;0.0579345;-0.00924792;0.0715753;0;1;0;1;0;1;
72;-0.227599;0.212548;-0.227247;0.168721;-0.227897;0.153136;0.21835;-0.0512371;0.217482;-0.193972;0.218132;-0.150671;-0.00133303;0.138759;0.00238484;0.0469263;-0.00540125;0.0596034;0;1;0;1;0;1;
73;-0.182342;0.173553;-0.182137;0.147958;-0.182516;0.132237;0.239636;-0.0591134;0.239129;-0.195341;0.239509;-0.145052;-0.000778984;0.130146;0.00139225;0.0412219;-0.00315481;0.0634402;0;1;0;1;0;1;
74;-0.123284;0.118154;-0.123164;0.103207;-0.123386;0.094016;0.250263;-0.0633841;0.249967;-0.195751;0.250189;-0.142348;-0.000455379;0.117941;0.000812598;0.0360616;-0.00184299;0.0676978;0;1;0;1;0;1;
75;-0.0443705;0.0413779;-0.0443004;0.0326445;-0.0444297;0.0272762;0.248691;-0.0658284;0.24672;-0.192948;0.24837;-0.1431;-0.000266423;0.112999;0.000474047;0.0251205;-0.00107687;0.0638017;0;1;0;1;0;1;
76;0.0531723;-0.0549143;0.0532132;-0.0600243;0.0531379;-0.0631526;0.229062;-0.0684038;0.227171;-0.177857;0.226428;-0.134859;-0.000156091;0.100289;0.000276347;0.0229988;-0.000629468;0.0660941;0;1;0;1;0;1;
77;0.146763;-0.147772;0.146787;-0.150772;0.146743;-0.152585;0.197271;-0.0594738;0.196904;-0.150979;0.197624;-0.117337;-9.15364e-05;0.0756834;0.000160915;0.0223256;-0.000368194;0.069497;0;1;0;1;0;1;
78;0.214684;-0.215265;0.214698;-0.217034;0.214672;-0.218077;0.190265;-0.0463609;0.19005;-0.114948;0.190471;-0.0898698;-5.39417e-05;0.0491391;9.35349e-05;0.0147305;-0.000215535;0.0585887;0;1;0;1;0;1;
79;0.256649;-0.256982;0.256657;-0.25803;0.256642;-0.258627;0.167571;-0.0352555;0.167446;-0.0847587;0.167692;-0.0625012;-3.1894e-05;0.028703;5.42218e-05;0.00860261;-0.000126387;0.0452321;0;1;0;1;0;1;
80;0.280099;-0.280293;0.280104;-0.283437;0.280095;-0.281253;0.131074;-0.021933;0.131001;-0.0529659;0.131144;-0.0406567;-1.90597e-05;0.0167591;3.12474e-05;-0.0181232;-7.42543e-05;0.0264184;0;1;0;1;0;1;
81;0.289516;-0.291243;0.2876;-0.295298;0.291129;-0.291806;0.0784009;0.0211973;0.0783608;-0.0193572;0.078441;-0.00541807;0.000651041;-0.0289374;0.0118384;-0.0188617;-4.36887e-05;0.0154271;0.869552;1;1;1;0;1;
82;0.277985;-0.307718;0.277409;-0.310551;0.256341;-0.305112;0.00608416;0.0520845;0.00606541;0.0284029;0.0263125;0.0365483;0.0384118;-0.03277;0.0560803;-0.0246255;0.0901741;0.0100141;1;1;1;1;1;1;
83;0.24304;-0.293726;0.242477;-0.29538;0.239996;-0.292205;-0.0780883;0.112071;-0.0739043;0.0982426;0.0136978;0.103002;0.0798788;-0.0191381;0.0731716;-0.0143827;0.142975;0.00587175;1;0;1;0.902273;1;1;
84;0.202415;-0.270972;0.183261;-0.271939;0.221692;-0.270085;-0.150718;0.170575;-0.115653;0.162499;-0.0171906;0.165279;0.0630921;-0.0111771;0.0874903;-0.00839983;0.164754;0.00342859;1;0;1;0;1;0;
85;0.172777;-0.238409;0.141713;-0.238973;0.20963;-0.237891;-0.193737;0.211459;-0.117846;0.206742;-0.0376678;0.208365;0.0442396;-0.00652783;0.0955933;-0.00490588;0.1574;0.00200183;1;0;1;0;1;0;
86;0.153073;-0.196077;0.114245;-0.196407;0.179274;-0.195775;-0.21112;0.235874;-0.109741;0.233119;-0.0440425;0.234067;0.0336303;-0.00381274;0.0997355;-0.00286544;0.140389;0.00116861;1;0;1;0;1;0;
87;0.116224;-0.141339;0.0863754;-0.141531;0.131533;-0.141162;-0.212501;0.248689;-0.108044;0.247081;-0.0462019;0.247634;0.0218547;-0.00222721;0.101973;-0.00167386;0.13476;0.000682006;1;0;1;0;1;0;
88;0.0537073;-0.0683763;0.0362744;-0.0684888;0.0626587;-0.0682732;-0.213748;0.250913;-0.105285;0.250488;-0.0482596;0.250632;0.013281;-0.00130122;0.102243;-0.000978021;0.128218;0.000397753;1;0;1;0;1;0;
89;-0.0339334;0.0253608;-0.0441059;0.025295;-0.0286878;0.0254209;-0.19852;0.231944;-0.0956468;0.236402;-0.0548332;0.232106;0.0096046;-0.000760494;0.110181;-0.000571656;0.115092;0.000231796;1;0;1;0;1;0;
90;-0.128064;0.12305;-0.133992;0.123011;-0.124978;0.123085;-0.1752;0.209377;-0.0785988;0.208332;-0.0454739;0.205896;0.0056112;-0.000444684;0.108815;-0.000334333;0.0950614;0.000134896;1;0;1;0;1;0;
91;-0.20176;0.198825;-0.205212;0.198802;-0.199935;0.198845;-0.140048;0.201893;-0.0562304;0.201282;-0.0384871;0.19986;0.00327657;-0.000260194;0.103599;-0.000195712;0.0746074;7.83137e-05;1;0;1;0;1;0;
92;-0.248979;0.247258;-0.250986;0.247245;-0.247892;0.24727;-0.114819;0.179839;-0.0370279;0.179482;-0.015498;0.178652;-0.00817256;-0.000152478;0.080236;-0.000114737;0.0507081;4.52734e-05;1;0;1;0;1;0;
93;-0.276091;0.275083;-0.277263;0.275076;-0.27403;0.27509;-0.0701294;0.145279;-0.00840775;0.145071;-0.00369068;0.144586;-0.0221552;-8.95157e-05;0.0649335;-6.74372e-05;0.029618;2.60185e-05;1;0;1;0;1;0;
94;-0.289687;0.289097;-0.294358;0.289093;-0.28603;0.280709;-0.0322421;0.0963601;0.0344709;0.0962383;0.00191736;0.0959605;-0.0186188;-5.26336e-05;0.037927;-3.98426e-05;0.0172926;0.0211106;1;0;1;0;1;1;
95;-0.301577;0.270798;-0.30818;0.285493;-0.30501;0.277448;0.00863342;0.0288245;0.0855129;0.0287482;0.0285748;0.0315068;-0.0108749;0.0620008;0.0221514;0.0182425;-0.0270758;0.0520358;1;1;1;0.437884;1;1;
96;-0.29327;0.25462;-0.296949;0.253689;-0.295098;0.248154;0.0763654;0.0135783;0.121264;-0.0545245;0.0880093;-0.0523387;-0.0093946;0.116534;0.0129384;0.0484199;-0.015813;0.0669637;1;1;0.990413;1;0;1;
97;-0.275287;0.219792;-0.277436;0.214775;-0.276355;0.206055;0.145444;-0.0075435;0.171665;-0.132677;0.152244;-0.118896;-0.00548678;0.167538;0.00755548;0.0670838;-0.0092352;0.07216;0;1;0;1;0;1;
98;-0.246603;0.203049;-0.247858;0.184494;-0.247226;0.159576;0.195884;-0.0320675;0.211196;-0.183216;0.199855;-0.133641;-0.00320473;0.167313;0.00441181;0.049815;-0.00539372;0.0856848;0;1;0;1;0;1;
