1;-0.000363588;0.000116064;9.94837e-05;-0.000363588;0.000116064;9.94837e-05;0.0349769;0.0347456;0.0352595;0.0349769;0.0347456;0.0352595;0.808667;0.808665;0.808666;0.808667;0.808665;0.808666;0;0;0;0;0;0;
2;-0.00971309;-0.016607;-0.0199629;0.0270525;0.0147467;0.0128173;0.134894;0.0795447;0.0709505;0.0768757;0.0790561;0.0743926;0.472363;0.472299;0.472289;0.472329;0.472289;0.472293;1;0.00526814;0.456751;1;0.959049;0;
3;0.0249379;0.0196246;0.0160684;-0.000656822;-0.00565292;-0.0170434;0.128838;0.101076;0.147548;0.117424;0.118646;0.188701;0.27588;0.275849;0.275853;0.275861;0.275838;0.298141;1;0.523477;0.592452;0.0825824;0.84325;0.902155;
4;0.0162813;0.0144868;0.0116304;-0.00113139;-0.00138811;-0.0145196;0.207044;0.161463;0.159501;0.177827;0.17628;0.186703;0.201435;0.213374;0.263448;0.176855;0.183441;0.283328;1;0.67994;0.472483;0.406321;0.490167;0.421731;
5;0.00757999;0.00630926;0.00471716;0.00518829;0.00813275;-0.0107693;0.210468;0.167268;0.16607;0.172804;0.167592;0.182575;0.188243;0.189166;0.221605;0.185993;0.20623;0.272809;1;0.724753;0.845577;0.4111;0.480563;1;
6;0.00730384;0.00721628;0.00556565;0.00310275;0.00712114;-0.0116046;0.212353;0.173185;0.171141;0.167667;0.165243;0.183263;0.193782;0.192361;0.224632;0.179571;0.194961;0.253723;1;0.697264;0.831898;0.412064;0.509576;1;
7;0.0060964;0.00827525;0.0064824;0.00143251;0.00807675;-0.010756;0.209589;0.174497;0.170289;0.167385;0.166419;0.184751;0.192789;0.188344;0.22022;0.178888;0.192398;0.249182;1;0.68324;0.864828;0.377909;0.574855;1;
8;0.00730848;0.00984156;0.00771454;0.00120583;0.00774832;-0.0106964;0.195778;0.160146;0.15523;0.178446;0.175855;0.196715;0.201001;0.19972;0.231504;0.168757;0.183026;0.234599;1;0.648583;0.749336;0.371284;0.582308;1;
9;0.00567971;0.00789131;0.00611289;0.00139501;0.00790835;-0.0106323;0.206315;0.172608;0.167732;0.168517;0.163464;0.187252;0.191667;0.188075;0.215212;0.173003;0.190876;0.238794;1;0.622203;0.906358;0.36664;0.633965;1;
10;0.00475243;0.0072241;0.00547291;0.00084969;0.00744809;-0.0107356;0.204668;0.173402;0.168589;0.17006;0.163313;0.190384;0.189074;0.182651;0.207645;0.171051;0.191038;0.234332;1;0.645133;1;0.351802;0.506184;1;
11;0.00367409;0.00619728;0.0044507;0.00155944;0.00798161;-0.00982061;0.201748;0.17164;0.167075;0.171157;0.162353;0.192537;0.189364;0.180734;0.203072;0.168305;0.191464;0.231338;1;0.615591;1;0.350102;0.542255;1;
12;0.00280996;0.00582651;0.00371317;0.00289147;0.00913362;-0.00820604;0.199743;0.17105;0.166247;0.17225;0.161788;0.194238;0.189405;0.176872;0.198406;0.164861;0.190866;0.228416;1;0.718678;1;0.351595;0.569775;1;
13;0.0011795;0.00466514;0.00196467;0.00500006;0.0106498;-0.00600584;0.198003;0.170721;0.16545;0.172166;0.161272;0.194865;0.190718;0.174371;0.193867;0.161334;0.189423;0.22691;1;0.706008;1;0.379949;0.576728;1;
14;-0.00170036;0.00221522;-0.00127278;0.00770064;0.0123087;-0.00336264;0.198407;0.169932;0.167621;0.169351;0.160781;0.192945;0.191989;0.173692;0.186533;0.158691;0.186518;0.227939;1;0.753791;1;0.433968;0.767463;1;
15;-0.00491404;-0.000223085;-0.00491422;0.0120744;0.0156142;0.000894683;0.202782;0.168293;0.174153;0.161594;0.161427;0.186436;0.192626;0.176431;0.176286;0.158179;0.179529;0.232338;1;0.921323;1;0.543935;0.683794;1;
16;-0.00833207;-0.00271507;-0.00896353;0.0173989;0.0197159;0.00598271;0.204781;0.154522;0.178984;0.15715;0.174999;0.184549;0.198518;0.194969;0.170413;0.151448;0.155469;0.229495;0.902981;1;1;0.743003;0.457367;1;
17;-0.00952377;0.00981294;-0.000277962;0.048256;-0.00862238;0.0359248;0.226797;0.150068;0.211416;0.11822;0.173773;0.155964;0.177025;0.221724;0.142396;0.158952;0.0914204;0.247981;0.137656;1;1;0.575672;0.454793;1;
18;-0.0271482;0.0154323;0.00289944;0.0882285;-0.0669397;0.0758762;0.243979;0.133908;0.244529;0.0654209;0.17508;0.126201;0.118547;0.263669;0.104075;0.178375;0.0533905;0.282362;0.103932;1;0.866287;0.731936;0.401723;1;
19;-0.0526955;-0.00418491;-0.0145598;0.105017;-0.0998495;0.0882466;0.280246;0.139042;0.291901;0.00456074;0.19003;0.0770902;0.0847126;0.323323;0.098061;0.172301;0.0311795;0.289571;0.309796;1;0.675266;0.651488;0;1;
20;-0.0363551;0.0375907;-0.0474265;0.0694864;-0.116191;0.0571132;0.304622;0.123747;0.296264;-0.0149377;0.2131;0.0333097;0.0494784;0.376269;0.0572792;0.200694;0.0182081;0.246149;0.752301;1;0.94569;0.628285;0;1;
21;-0.0291211;0.044126;-0.046948;0.0528009;-0.0800781;0.0396632;0.304774;0.116932;0.29734;-0.0141558;0.230772;0.026732;0.0289;0.370135;0.0356513;0.215969;0.0106328;0.241192;0.91661;1;0.843643;0.518784;0;1;
22;-0.042253;0.0261532;0.000115998;-0.0011298;-0.0147897;-0.0098649;0.315458;0.114397;0.289408;-0.01042;0.239789;0.00920825;0.01688;0.384946;0.0397942;0.210251;0.00620896;0.222661;1;1;0.807065;0.472629;0;1;
23;-0.0556198;0.00839085;0.0790851;-0.0771199;0.0740137;-0.0884183;0.306216;0.101951;0.282258;0.00591164;0.222477;0.00958217;-0.00379448;0.39049;0.0396477;0.226091;0.00362543;0.190913;1;1;0.776515;0.345911;0;1;
24;-0.0596334;0.00267314;0.155962;-0.145201;0.160476;-0.16889;0.296818;0.103871;0.266567;0.0297126;0.195193;0.0140296;-0.0250226;0.372085;0.0535269;0.252807;0.00211668;0.161993;1;1;0.860779;0.365696;0;1;
25;-0.0540798;0.00364232;0.205165;-0.191869;0.222991;-0.226728;0.247633;0.0794869;0.237459;0.0505036;0.173276;0.0448342;-0.0598724;0.335413;0.0523449;0.231653;0.00123574;0.156737;1;0.565839;1;0.56188;0;1;
26;-0.0296822;0.0264377;0.230165;-0.189611;0.26142;-0.219437;0.21376;0.082049;0.219089;0.0645747;0.155527;0.070248;-0.0563673;0.303576;0.0652206;0.198115;0.000721059;0.132348;1;0.068295;1;0.120439;0;1;
27;-0.0012901;-0.00203841;0.256538;-0.207669;0.277851;-0.214325;0.159136;0.0771101;0.17369;0.0725861;0.121292;0.0996879;-0.051051;0.208634;0.0941334;0.157644;0.0233365;0.124723;1;0.318134;1;0.437523;0.340552;1;
28;0.086574;-0.084191;0.307469;-0.243351;0.279861;-0.211691;0.0910189;0.0628508;0.117772;0.0620795;0.0731389;0.124159;-0.045474;0.121854;0.159431;0.0920681;0.0864435;0.0728463;1;0.439001;0.623058;0;0;1;
29;0.123162;-0.171281;0.345218;-0.26423;0.250165;-0.215037;0.00887828;0.0809848;0.0708592;0.0805347;0.0696177;0.192775;-0.0338409;0.0711616;0.174275;0.0537669;0.164145;0.0425454;1;0;0.91158;0.0879146;0.564568;1;
30;0.0971251;-0.212839;0.321088;-0.267121;0.223552;-0.227682;-0.0798767;0.132366;0.0156482;0.132103;0.0447556;0.240236;0.0701806;0.0415577;0.198837;0.0313991;0.202273;0.0248507;0.703807;0;1;0;1;0.906551;
31;0.108413;-0.221956;0.306641;-0.253656;0.210549;-0.221598;-0.139132;0.183659;-0.022262;0.183506;0.0528194;0.284798;0.0882363;0.0242691;0.181095;0.0183367;0.226087;0.0351438;0.652234;0;1;0;1;0.396647;
32;0.0529345;-0.207622;0.259581;-0.226134;0.19837;-0.207528;-0.150527;0.219317;-0.0621844;0.219228;0.0510059;0.284228;0.0854899;0.0141725;0.155334;0.0107081;0.244639;0.0205245;0.808643;0;1;0;1;0;
33;-0.00575996;-0.175424;0.206683;-0.186235;0.170019;-0.175369;-0.141609;0.24038;-0.0698673;0.240328;0.038748;0.27099;0.0972523;0.00827613;0.152452;0.00625299;0.230318;0.0119857;1;0;1;0;1;0;
34;-0.0716826;-0.125683;0.143951;-0.131996;0.122527;-0.12565;-0.12939;0.251103;-0.0743575;0.251072;0.0307125;0.252766;0.0971174;0.00483255;0.141527;0.00365132;0.21965;0.00699911;0.956333;0;1;0;1;0;
35;-0.15923;-0.0543666;0.0650451;-0.0580535;0.0525285;-0.0543477;-0.122453;0.249134;-0.0886292;0.248499;0.0355975;0.247794;0.0881698;0.00282161;0.125136;0.00213183;0.221384;0.00408692;1;0;1;0;1;0;
36;-0.255672;0.0387315;-0.0324874;0.0365781;-0.0397961;0.0387423;-0.0979447;0.230325;-0.0836978;0.234086;0.0350726;0.230083;0.0976624;0.00164718;0.128574;0.00124455;0.206693;0.00238629;1;0;1;0;1;0;
37;-0.34887;0.133851;-0.130195;0.132593;-0.134459;0.133857;-0.0688678;0.205222;-0.0688685;0.204102;0.0499711;0.204949;0.0959931;0.00096138;0.11552;0.000726609;0.205815;0.00139312;1;0;1;0;1;0;
38;-0.404311;0.20598;-0.203833;0.205246;-0.206318;0.205984;-0.0277286;0.197021;-0.0400473;0.172385;0.0602461;0.197654;0.107201;0.000560903;0.117095;0.000423718;0.185809;0.000813143;1;0;1;0;1;0;
39;-0.422164;0.251515;-0.237499;0.251084;-0.219659;0.251517;0.0160181;0.17501;-0.0176243;0.160624;0.0681884;0.17538;0.098845;0.000327022;0.104746;-0.00531784;0.156788;0.000474511;1;0;1;0.366089;1;0;
40;-0.396477;0.27741;-0.212748;0.277153;-0.203175;0.277411;0.0403119;0.13993;0.0231223;0.131532;0.0742756;0.140146;0.0911266;0.000190489;0.0766373;-3.06663e-05;0.10368;0.000276778;1;0;1;0.353321;1;0.101135;
41;-0.390577;0.286942;-0.207878;0.27961;-0.209885;0.283943;0.0756035;0.089777;0.0624527;0.0848715;0.074135;0.0899024;0.0751925;0.0356601;0.0581512;0.0283187;0.0726426;0.0311026;1;0.564625;0.977242;0.486046;0.861543;1;
42;-0.362065;0.239207;-0.239385;0.283342;-0.244613;0.282837;0.097105;0.0667506;0.106824;0.0176422;0.0682606;0.0399976;0.0439142;0.0900668;0.0339656;0.0534162;0.042423;0.0679266;0.462698;1;0.555703;0.439228;0;1;
43;-0.327382;0.22792;-0.255738;0.244853;-0.258791;0.259465;0.132006;0.0550344;0.137683;-0.0618299;0.115161;-0.0519179;0.0256452;0.175829;0.0198366;0.0927142;0.0247745;0.0683264;0;1;0.454166;0.409187;0;1;
44;-0.293564;0.168346;-0.251724;0.200985;-0.253507;0.215484;0.179686;0.0499529;0.183001;-0.114293;0.169848;-0.116465;0.0149761;0.226565;0.0115839;0.0881409;0.0144679;0.0758283;0;1;0;0.480697;0;1;
45;-0.255216;0.153748;-0.230782;0.167544;-0.231823;0.182165;0.21627;0.0306634;0.218207;-0.119304;0.210525;-0.120429;0.00874552;0.220868;0.00676444;0.113022;0.0084487;0.0909799;0;1;0;0.50369;0;1;
46;-0.210317;0.0986831;-0.196048;0.157168;-0.196656;0.165489;0.238783;0.0329229;0.239914;-0.137432;0.235428;-0.120257;0.00510684;0.226731;0.00394994;0.0950645;0.00493343;0.0914696;0;1;0;0.490766;0;1;
47;-0.155545;0.0832966;-0.147212;0.124501;-0.147567;0.129367;0.250732;0.0266089;0.251392;-0.131689;0.248772;-0.120186;0.00298182;0.216818;0.00230618;0.0997864;0.00288056;0.0891778;0;1;0;0.53507;0;1;
48;-0.0847173;0.0425232;-0.0798507;0.0665831;-0.0800582;0.0694335;0.253007;0.0234982;0.251833;-0.126082;0.251253;-0.121938;0.00174088;0.206086;0.00134632;0.0968612;0.00168164;0.0873426;0;1;0;0.55888;0;1;
49;0.0067594;-0.0313973;0.00960149;-0.0173489;0.00948051;-0.0156841;0.237392;0.0269697;0.237344;-0.120498;0.23618;-0.120297;0.00101613;0.201798;0.000785706;0.083524;0.00098151;0.0822345;0;1;0;0.624794;0;1;
50;0.106402;-0.120784;0.108062;-0.112581;0.107991;-0.111614;0.217618;0.0299093;0.216474;-0.0971042;0.21207;-0.10123;0.00059292;0.184353;0.000458354;0.0795677;0.000572652;0.0905045;0;1;0;0.661882;0;1;
51;0.187308;-0.195698;0.188277;-0.190909;0.188236;-0.190353;0.209458;0.0494978;0.208789;-0.0745184;0.178584;-0.0769125;0.000345821;0.171087;0.000267231;0.0693525;0.000333858;0.0827202;0;1;0;0.725018;0;1;
52;0.240299;-0.245191;0.240865;-0.24239;0.240841;-0.242082;0.187564;0.0650271;0.187174;-0.040548;0.169534;-0.0489977;0.000201478;0.147434;0.000155591;0.0624163;0.000194501;0.0796581;0;1;0;0.805378;0;1;
53;0.270015;-0.268633;0.271585;-0.266522;0.271571;-0.272301;0.153959;0.0760671;0.15373;0.00316795;0.143429;-0.0138918;0.000117179;0.113746;9.04241e-05;0.0507432;0.00011316;0.0637565;0.201769;1;0;0.826792;0;0.953852;
54;0.282069;-0.280141;0.287551;-0.276646;0.287543;-0.287971;0.107109;0.0743288;0.106972;0.0486436;0.100956;0.0390411;-0.00581197;0.0696808;5.23905e-05;0.0580074;6.56921e-05;0.0372395;0.869557;0.899225;0;0.621587;0;0.890043;
55;0.282253;-0.293921;0.294126;-0.283452;0.274333;-0.290159;0.0425976;0.0758711;0.0425123;0.0724265;0.058041;0.0783069;0.0397627;0.0406976;0.0263728;0.0338788;0.0670242;0.0217446;1;0.348149;0.93513;0.322308;0.693726;0.815215;
56;0.262871;-0.290259;0.275741;-0.283917;0.242017;-0.299853;-0.0374248;0.108451;-0.0347166;0.10644;0.0377832;0.10988;0.0978875;0.0237667;0.0689656;0.0197847;0.121561;0.0350918;0.746746;0;1;0;1;0.543216;
57;0.221354;-0.276216;0.231399;-0.272512;0.176211;-0.282496;-0.110124;0.16068;-0.1176;0.159506;0.0366482;0.161516;0.0926271;0.0138793;0.0589381;0.0115538;0.19849;0.0223217;0.695856;0;1;0;1;0;
58;0.174768;-0.250588;0.184344;-0.248425;0.151333;-0.254256;-0.117846;0.203923;-0.138395;0.203237;0.0167713;0.204411;0.105529;0.00810501;0.0764589;0.00674688;0.206797;0.0130353;1;0;1;0;1;0;
59;0.164038;-0.214268;0.166937;-0.213004;0.109977;-0.21641;-0.127642;0.231598;-0.125392;0.231198;0.0081535;0.231883;0.111118;0.00473266;0.084214;0.00393974;0.196141;0.00761215;0.804727;0;1;0;1;0;
60;0.137214;-0.166548;0.138902;-0.16581;0.0604543;-0.167799;-0.140602;0.247003;-0.134854;0.246769;0.015272;0.247169;0.0871369;0.00276325;0.0786415;0.00230032;0.205046;0.00444496;0.980528;0;1;0;1;0;
61;0.0859611;-0.103092;0.0869445;-0.102661;0.0411317;-0.103823;-0.123984;0.253835;-0.12935;0.253698;0.00189989;0.253932;0.0996661;0.00161314;0.0833374;0.00134286;0.184811;0.00259533;1;0;1;0;1;0;
62;0.00843067;-0.0184319;0.00899778;-0.0181802;-0.0177529;-0.0188584;-0.118726;0.238588;-0.133834;0.241999;0.00560317;0.243435;0.0889383;0.000941397;0.076327;0.000783811;0.180206;0.00151523;1;0;1;0;1;0;
63;-0.0867121;0.0808803;-0.0863959;0.081027;-0.10201;0.0806309;-0.105997;0.224755;-0.124489;0.222067;0.0130688;0.222217;0.0810787;0.000549221;0.0734247;0.000457244;0.171046;0.000884383;1;0;1;0;1;0;
64;-0.171877;0.168487;-0.171718;0.168573;-0.180824;0.168341;-0.0760441;0.217761;-0.100454;0.216192;0.0222585;0.216084;0.0793804;0.000320138;0.0762812;0.00026664;0.151004;0.00051608;1;0;1;0;1;0;
65;-0.226549;0.228612;-0.23051;0.228662;-0.235815;0.228527;-0.0511863;0.197441;-0.0773843;0.196525;0.04466;0.196462;0.0637818;0.000186388;0.0634789;0.000155293;0.136101;0.000300965;1;0;0.962642;0;1;0;
66;-0.253945;0.26469;-0.265806;0.264719;-0.268894;0.26464;-0.00858644;0.165946;-0.0428875;0.165411;0.0557356;0.165374;0.0575353;0.000108334;0.0552334;9.0259e-05;0.0995097;0.000175335;1;0;0.906909;0;1;0;
67;-0.270648;0.284216;-0.290051;0.281451;-0.285755;0.284186;0.0360924;0.122467;-0.00227446;0.122156;0.0667824;0.122133;0.0509816;6.28009e-05;0.0322614;0.00126617;0.0581267;0.000102029;1;0;0.891323;0.232806;1;0;
68;-0.275549;0.285485;-0.296679;0.282404;-0.302359;0.285903;0.0739077;0.0628736;0.0362707;0.0626914;0.0630995;0.0626747;0.0438728;0.0488265;0.0188383;0.0360429;0.0339474;0.0266688;0.678256;0.693687;0.768461;0.525845;0.614515;0.65702;
69;-0.281793;0.249086;-0.303926;0.279247;-0.29745;0.280846;0.0952619;0.0462521;0.0732858;-0.0154753;0.0889484;-0.010535;0.0256218;0.11571;0.0332834;0.0714382;0.0198247;0.0611131;0.348949;1;0.582741;0.427823;0;1;
70;-0.275163;0.19433;-0.288089;0.228546;-0.284307;0.232437;0.146018;0.0412709;0.133184;-0.0951619;0.14233;-0.0965179;0.0149626;0.184053;0.019437;0.0929149;0.0115772;0.0571331;0;1;0;0.391446;0;1;
71;-0.255203;0.15209;-0.262751;0.192486;-0.260543;0.196551;0.193379;0.0290108;0.185884;-0.123583;0.191226;-0.136416;0.00873758;0.214104;0.0113506;0.0939703;0.00676066;0.0752654;0;1;0;0.571859;0;1;
72;-0.223241;0.129563;-0.227649;0.172709;-0.22636;0.174572;0.225256;0.0148415;0.220879;-0.129193;0.223998;-0.123493;0.00510217;0.20396;0.00662823;0.111579;0.0039477;0.0788652;0;1;0;0.442321;0;1;
73;-0.179797;0.0685911;-0.182372;0.150287;-0.181618;0.150291;0.243669;0.0188496;0.241113;-0.143481;0.242935;-0.131029;0.00297921;0.209466;0.00387039;0.0871367;0.00230483;0.0835352;0;1;0;0.526118;0;1;
74;-0.121798;0.0557988;-0.123301;0.104563;-0.122861;0.104564;0.252618;0.0105658;0.251126;-0.131284;0.252189;-0.132906;0.00173924;0.197201;0.00225971;0.0939865;0.00134549;0.080554;0;1;0;0.561874;0;1;
75;-0.0435022;0.00495796;-0.0443802;0.0334373;-0.0441235;0.0334361;0.247032;0.00766337;0.246122;-0.122098;0.2454;-0.134902;0.00101525;0.184541;0.00131918;0.0918428;0.000785132;0.0797413;0;1;0;0.576397;0;1;
76;0.0536794;-0.0761881;0.0531666;-0.0595545;0.0533168;-0.0595602;0.230506;0.0148885;0.230009;-0.112828;0.227525;-0.131599;0.000592369;0.180314;0.000769854;0.0792196;0.000457986;0.0707473;0;1;0;0.663921;0;1;
77;0.147059;-0.160201;0.14676;-0.150483;0.146847;-0.150497;0.201983;0.023164;0.201247;-0.0848313;0.200285;-0.109349;0.000345459;0.155043;0.000449106;0.0824867;0.000266911;0.0743588;0;1;0;0.737251;0;1;
78;0.214857;-0.222529;0.214682;-0.216844;0.214733;-0.216872;0.193017;0.0409767;0.192587;-0.0577823;0.192025;-0.0887336;0.00020132;0.145544;0.000261844;0.0677337;0.000155342;0.0639264;0;1;0;0.782865;0;0.871694;
79;0.25675;-0.261229;0.256648;-0.254276;0.256678;-0.257934;0.169178;0.0565411;0.168927;-0.0212863;0.168599;-0.0593178;0.000117092;0.116277;0.000152441;0.0591168;9.02623e-05;0.0536143;0;1;0;0.813773;0;0.845281;
80;0.280158;-0.282774;0.280099;-0.272066;0.280116;-0.281273;0.132013;0.0764378;0.131866;0.0221687;0.131674;-0.0233646;6.80079e-05;0.0712698;8.8643e-05;0.0443335;5.22451e-05;0.0337992;0;1;0;0.848539;0;0.778813;
81;0.290843;-0.299346;0.288912;-0.28039;0.282114;-0.294356;0.0789508;0.0669119;0.0788641;0.0710994;0.0787529;0.021566;0.00245657;0.0416285;0.010189;0.0444306;0.0254661;0.0197366;0.604863;0.901664;0.303197;0.67226;0.370128;0.926076;
82;0.282694;-0.305328;0.280221;-0.285175;0.259932;-0.302409;0.00640869;0.0787842;0.0115944;0.0832235;0.0429805;0.0523048;0.0622233;0.0243104;0.0624919;0.0259488;0.0908718;0.0128206;0.520501;0;1;0.344806;0.915704;0.663199;
83;0.241746;-0.29233;0.228871;-0.28056;0.237404;-0.290791;-0.0779003;0.127664;-0.0748634;0.130257;0.0323758;0.112201;0.0963615;0.0141969;0.0666728;0.0151535;0.145526;0.00857668;0.358146;0;1;0;1;0;
84;0.215474;-0.270157;0.192314;-0.263284;0.146638;-0.269259;-0.140979;0.179681;-0.124621;0.181195;0.0252565;0.170651;0.084462;0.00829043;0.0747644;0.00884924;0.201545;0.00500839;0.753074;0;1;0;1;0;
85;0.169237;-0.237933;0.154002;-0.233919;0.158215;-0.237408;-0.126399;0.216776;-0.134239;0.217661;0.00627664;0.211502;0.102016;0.0048411;0.0836799;0.00516737;0.194923;0.00292433;0.694491;0;1;0;1;0;
86;0.155217;-0.195799;0.126871;-0.193455;0.0799214;-0.195493;-0.144091;0.238979;-0.122273;0.239496;0.00279131;0.235899;0.0890183;0.00282651;0.0910229;0.00301741;0.188956;0.00170745;0.600467;0;1;0;1;0;
87;0.117478;-0.141176;0.0958161;-0.139807;0.0372381;-0.140997;-0.149059;0.250503;-0.127129;0.250805;0.00497834;0.248704;0.0732168;0.00165012;0.0871357;0.00176154;0.192681;0.000996627;0.968984;0;1;0;1;0;
88;0.0544485;-0.0682814;0.0413095;-0.0674817;0.00840221;-0.0681766;-0.130743;0.24841;-0.118671;0.249615;-0.00806736;0.24948;0.0827975;0.000963037;0.0903066;0.00102827;0.172473;0.000581547;0.928196;0;1;0;1;0;
89;-0.0334816;0.0254164;-0.041182;0.0258833;-0.0603833;0.0254775;-0.128019;0.23347;-0.12549;0.234716;0.00258469;0.235633;0.0714392;0.000561772;0.0825467;0.000600071;0.170172;0.000339176;1;0;1;0;1;0;
90;-0.127773;0.123082;-0.132306;0.123355;-0.143501;0.123118;-0.104235;0.208418;-0.107978;0.213151;0.00831377;0.208067;0.0711372;0.000327511;0.0844258;0.000349955;0.152151;0.000197588;1;0;0.959183;0;1;0;
91;-0.195804;0.198844;-0.204248;0.199003;-0.210767;0.198864;-0.0775246;0.201091;-0.0860057;0.204097;0.0248393;0.201128;0.0610593;0.000190676;0.0766898;0.000204004;0.13679;0.000115019;1;0;0.844729;0;1;0;
92;-0.233941;0.247269;-0.250438;0.247362;-0.254231;0.247281;-0.042648;0.179371;-0.0576876;0.181126;0.039883;0.179392;0.0515348;0.000110848;0.0677755;0.000118688;0.109928;6.67312e-05;1;0;0.84549;0;1;0;
93;-0.265795;0.27509;-0.293566;0.275144;-0.279154;0.275097;0.00358246;0.145006;-0.0242867;0.146031;0.058193;0.145019;0.0411302;6.4225e-05;0.0480702;6.89647e-05;0.070585;3.86093e-05;1;0;0.878297;0;1;0;
94;-0.284171;0.289102;-0.332896;0.287638;-0.291477;0.289105;0.063021;0.0962005;0.0106009;0.0967999;0.062084;0.0962076;0.0268362;3.70954e-05;0.028075;0.00304982;0.0412257;2.21872e-05;1;0;0.678518;0.241437;1;0;
95;-0.290242;0.290462;-0.332649;0.28405;-0.304965;0.291584;0.087041;0.0347231;0.0365227;0.0290831;0.0634114;0.0287318;0.0156713;0.0638486;0.0164007;0.0658076;0.0240688;0.0326304;0.783937;0.667521;0.755414;0.486299;0.645723;0.743706;
96;-0.286473;0.229369;-0.317382;0.26929;-0.295072;0.278198;0.122154;0.0374685;0.0926542;-0.054324;0.108354;-0.054528;0.00915161;0.139478;0.0231896;0.0669873;0.0140557;0.0380783;0.114346;0.953404;0.638305;0.474527;0;1;
97;-0.271318;0.172658;-0.289368;0.212161;-0.27634;0.222418;0.172184;0.0180307;0.154957;-0.115456;0.164125;-0.124183;0.00534393;0.184614;0.0135422;0.0966044;0.00820818;0.0652278;0;0.80401;0;0.468173;0;1;
98;-0.244285;0.130159;-0.254826;0.165709;-0.247217;0.176109;0.2115;0.0124592;0.201439;-0.135587;0.206793;-0.154732;0.0031204;0.207979;0.0079081;0.0888684;0.00479302;0.0624699;0;0.807883;0;0.600925;0;0.996929;
