1;-0.000363587;0.000116064;9.94834e-05;-0.000363587;0.000116064;9.94834e-05;0.0349769;0.0347456;0.0352595;0.0349769;0.0347456;0.0352595;0.808667;0.808665;0.808666;0.808667;0.808665;0.808666;0;0;0;0;0;0;
2;0.0150779;0.0227418;0.000478929;-0.00661474;-0.0212837;0.000115273;-0.0327479;0.00424522;0.13348;0.101766;0.105695;0.0652438;0.472421;0.47238;0.472372;0.472292;0.472322;0.472312;1;1;1;1;1;1;
3;-0.0259901;-0.0245753;-0.0680529;0.0532458;0.0362088;0.0219315;0.0839692;0.100067;0.210691;0.145106;0.161591;0.0898949;0.275915;0.27589;0.275901;0.275841;0.275869;0.275843;0;0.437549;1;0.681828;0.504113;0.293393;
4;-0.0175516;-0.0115896;-0.0533032;0.0394134;0.0245507;0.011602;0.13774;0.15406;0.24507;0.17222;0.194186;0.151272;0.201541;0.161149;0.266023;0.236206;0.21674;0.163271;0.225773;0.0287921;1;0.327352;0.584726;0.756624;
5;-0.0133026;-0.0151669;-0.0570855;0.0431389;0.0309384;0.0172705;0.123387;0.142313;0.225077;0.191076;0.210333;0.163198;0.167922;0.158412;0.261761;0.218201;0.209121;0.166397;0.701655;0.323164;0.919422;0.451908;0.797953;0.838463;
6;-0.010321;-0.0118544;-0.0540317;0.0425801;0.0299989;0.0163538;0.131515;0.147361;0.230059;0.187936;0.205962;0.157972;0.164521;0.16098;0.265671;0.209793;0.200583;0.15738;0.726539;0.394038;0.764849;0.450138;0.822077;0.865447;
7;-0.0105901;-0.0117627;-0.053838;0.0409966;0.0285322;0.015176;0.130682;0.14707;0.22829;0.18886;0.205733;0.156888;0.163445;0.15898;0.264229;0.206327;0.198363;0.156402;0.73594;0.38152;0.737611;0.45544;0.861653;0.836198;
8;-0.010041;-0.0107874;-0.0529358;0.0401297;0.0278788;0.0147383;0.129551;0.146588;0.22624;0.189955;0.205643;0.156974;0.16197;0.156077;0.262377;0.203721;0.196917;0.155073;0.72709;0.388088;0.748618;0.463349;0.909512;0.811069;
9;-0.00932132;-0.00995623;-0.0521762;0.0398515;0.027546;0.0145939;0.128505;0.146566;0.224577;0.191375;0.204896;0.157633;0.161172;0.152226;0.260336;0.200123;0.195821;0.152963;0.879748;0.398786;0.765119;0.469644;0.970932;0.781902;
10;-0.00983916;-0.00999454;-0.0522641;0.0391656;0.0269197;0.0142893;0.12734;0.146747;0.222953;0.193398;0.204255;0.158579;0.161453;0.148522;0.258527;0.194894;0.194084;0.150406;0.873632;0.426042;0.79359;0.481391;1;0.734382;
11;-0.0107666;-0.00960812;-0.0522224;0.038661;0.0268923;0.014651;0.125317;0.146871;0.22066;0.195307;0.205238;0.160023;0.162433;0.144418;0.256608;0.190313;0.191196;0.148185;0.854175;0.450735;0.821758;0.495808;1;0.665847;
12;-0.0113273;-0.00925135;-0.0524539;0.0392873;0.0274285;0.0156644;0.123767;0.147032;0.218583;0.19704;0.204902;0.16148;0.163306;0.14038;0.253951;0.185634;0.189962;0.1464;0.832871;0.461675;0.871017;0.51317;1;0.558018;
13;-0.0391193;-0.0321524;-0.0789186;0.0728893;0.0705741;0.0256475;0.122389;0.13465;0.18073;0.20271;0.183414;0.121077;0.162106;0.106162;0.198195;0.180133;0.257312;0.107012;0.766069;0.511933;1;0.712768;0.750769;0.612701;
14;-0.0378801;-0.0299819;-0.0775722;0.0672755;0.0620814;0.0206834;0.138429;0.145755;0.196665;0.188131;0.174474;0.1027;0.161412;0.117181;0.210216;0.17202;0.234475;0.0625074;1;0.634884;0.584467;0.706894;0.472205;1;
15;-0.0404562;-0.0308465;-0.0802246;0.0705527;0.0640342;0.0247302;0.142619;0.140709;0.200613;0.183617;0.175996;0.0973152;0.154682;0.118928;0.196361;0.175121;0.232681;0.0737646;1;0.839521;0.662268;0.789123;0.41006;1;
16;-0.0407489;-0.0294348;-0.08081;0.0785575;0.0558721;0.0338098;0.157717;0.140674;0.214433;0.16725;0.182156;0.0789992;0.14641;0.124719;0.179035;0.181462;0.190178;0.0930211;0.948802;1;0.615433;0.886656;0.649426;0.900661;
17;-0.0676061;-0.0281923;-0.0815433;0.116051;0.0286087;0.0719687;0.16296;0.117436;0.235371;0.127426;0.183627;0.0651004;0.0855157;0.170719;0.143114;0.186144;0.111082;0.118807;0.957754;0.880156;0.724837;0.602525;0.42376;0.881467;
18;-0.104684;-0.00780817;-0.0655474;0.155889;-0.0500321;0.108275;0.182436;0.100134;0.264275;0.0826721;0.168802;0.0370326;0.0499456;0.212078;0.113543;0.213588;0.0648709;0.150741;0.908369;1;0.516776;0.768387;0.295021;1;
19;-0.115882;-0.0129278;-0.0741654;0.17405;-0.0899756;0.12433;0.235165;0.109122;0.309851;0.0271198;0.186363;-0.0158454;0.0291712;0.283112;0.105609;0.194942;0.0378838;0.149895;0.756531;1;0.614374;0.79201;0;1;
20;-0.112166;-0.0134115;-0.0769506;0.144794;-0.0953389;0.0965706;0.240654;0.0996914;0.31226;0.00914958;0.210959;-0.035716;0.0170357;0.287032;0.0963739;0.23064;0.0221232;0.158261;0.295108;1;0.30942;0.780639;0;1;
21;-0.0917549;0.00152943;-0.0600693;0.101449;-0.0679004;0.0577198;0.267158;0.109725;0.323795;-0.00601319;0.229521;-0.0780206;0.00669047;0.327677;0.0911044;0.221322;0.0129194;0.122111;0.788005;1;0.0559093;0.759844;0;1;
22;-0.0407666;-0.00630105;-0.0327268;0.0426386;-0.0076778;0.00172139;0.277389;0.109069;0.306312;0.00209457;0.239058;-0.0936059;-0.0202938;0.321538;0.0625759;0.231263;0.00754408;0.115686;0.444448;0.949525;0.442259;0.746994;0;1;
23;0.0588434;-0.0617756;-0.0564544;-0.0354995;0.0781677;-0.081661;0.261458;0.0989891;0.280478;0.0383295;0.221268;-0.0747812;-0.01185;0.28434;0.0574217;0.24402;0.00440519;0.126367;0.403614;1;0.114648;0.893616;0;1;
24;0.129433;-0.0840456;-0.00806329;-0.103692;0.162902;-0.164953;0.248842;0.0986757;0.265841;0.0570653;0.195071;-0.069716;0.0114785;0.2881;0.0792495;0.254323;0.00257204;0.0989015;0.706779;1;0.227115;0.861605;0;1;
25;0.151368;-0.0712438;0.0558996;-0.139262;0.224403;-0.220042;0.22689;0.0928974;0.249786;0.078673;0.191091;-0.0479685;-0.00944989;0.278049;0.084613;0.277542;0.00868867;0.0577705;1;0.578704;0.225267;0.570696;0.366172;1;
26;0.166347;-0.0821635;0.0906892;-0.134663;0.262242;-0.216206;0.20031;0.0865214;0.223201;0.0954882;0.184379;-0.0328783;0.011756;0.238641;0.101958;0.264134;0.0375019;0.0397319;1;0.631523;0.664931;0.485921;0.798272;1;
27;0.15917;-0.114371;0.0993201;-0.132568;0.259383;-0.211837;0.155349;0.0885201;0.180832;0.122781;0.178558;0.00126783;0.043452;0.179883;0.0935456;0.250487;0.0653345;0.0295255;1;0.186895;1;0.317673;1;1;
28;0.190983;-0.168414;0.127637;-0.157032;0.244252;-0.222208;0.103573;0.0911279;0.152671;0.15195;0.154775;0.0320133;0.0610639;0.105064;0.125866;0.171627;0.122309;-0.00603668;1;0.22319;1;0.203012;1;1;
29;0.230025;-0.220466;0.158074;-0.167222;0.239947;-0.24235;0.0313051;0.0974753;0.0856036;0.195472;0.136089;0.0629792;0.0956667;0.0613567;0.17458;0.115718;0.199524;-0.0245105;1;0;1;0.211579;1;0.916643;
30;0.228017;-0.241564;0.151082;-0.191715;0.21237;-0.254344;-0.0614031;0.141996;0.0110856;0.253689;0.130995;0.121853;0.117657;0.0358318;0.157808;0.0675869;0.299188;-0.0203414;1;0;1;0.305261;1;0.686489;
31;0.209111;-0.23873;0.131001;-0.209619;0.181947;-0.246194;-0.096475;0.189283;-0.0254954;0.270919;0.119576;0.17752;0.128812;0.0209251;0.177011;0.0394732;0.325732;-0.0118798;1;0;1;0.251198;1;0;
32;0.172656;-0.217418;0.0957787;-0.215942;0.174342;-0.221776;-0.0983222;0.222602;-0.0411961;0.274647;0.113756;0.215732;0.138384;0.0122196;0.17564;0.0230543;0.319405;-0.00693817;0.998589;0;1;0.272769;1;0;
33;0.150459;-0.181144;0.071871;-0.195633;0.160921;-0.18369;-0.103208;0.242298;-0.0514159;0.280747;0.115249;0.238287;0.133719;0.00713563;0.16605;0.0134661;0.320486;-0.00405233;1;0;1;0.31074;1;0;
34;0.111096;-0.129023;0.0320063;-0.140108;0.118039;-0.130509;-0.103279;0.252223;-0.0476666;0.274771;0.106856;0.24988;0.128266;0.00416653;0.168517;0.00786453;0.308455;-0.00236698;1;0;1;0.247927;1;0;
35;0.0458482;-0.0563171;-0.0184378;-0.0627929;0.0499081;-0.0571855;-0.102875;0.250219;-0.040624;0.268197;0.104502;0.249463;0.114373;0.00243265;0.174098;0.0045933;0.293305;-0.00138282;1;0;1;0.177583;1;0;
36;-0.0436987;0.0375927;-0.0812619;0.0338102;-0.041326;0.037085;-0.0990815;0.231376;-0.0251263;0.258938;0.102581;0.22809;0.102199;0.00142004;0.181809;0.00268225;0.286;-0.000808028;1;0;1;0.0881632;1;0;
37;-0.136747;0.133186;-0.158694;0.130972;-0.131684;0.132889;-0.0725975;0.207712;0.00268902;0.243777;0.104343;0.205586;0.101996;0.000828766;0.191266;0.00596954;0.26645;-0.000472348;1;0;1;0.276664;1;0;
38;-0.193497;0.205591;-0.2205;0.169335;-0.0978201;0.205419;-0.0417957;0.199268;0.0117542;0.22147;0.0920488;0.198026;0.128504;0.000483437;0.141095;-0.0275591;0.268226;-0.000276279;0.986381;0;1;0.751088;1;0;
39;-0.231596;0.251288;-0.259994;0.145649;-0.132609;0.251187;-0.00844313;0.176323;0.0487915;0.189296;0.0932764;0.175598;0.126946;0.000281862;0.126218;-0.0246525;0.247099;-0.000161756;0.873519;0;1;1;0.868807;0;
40;-0.238374;0.277278;-0.269264;0.146512;-0.141724;0.277219;0.0300614;0.140696;0.0887886;0.154258;0.0980936;0.140273;0.121944;0.000164141;0.110234;-0.0222347;0.203425;-9.4955e-05;0.699289;0;1;1;0.577753;0;
41;-0.231371;0.288175;-0.265322;0.163143;-0.133729;0.29003;0.0665814;0.0902244;0.131919;0.117761;0.106526;0.0899724;0.115434;0.0386619;0.0814343;-0.0159776;0.1562;-5.50104e-05;0.26997;0.584051;1;1;0.289318;0.375337;
42;-0.25895;0.284056;-0.278757;0.212828;-0.195845;0.309256;0.0682849;0.0326573;0.124244;0.0446593;0.101343;0.0206153;0.0674129;0.112542;0.0475531;0.0566154;0.0912214;0.0681825;0;0.480091;1;1;0;0.0117474;
43;-0.267163;0.218385;-0.298198;0.198528;-0.230311;0.300295;0.115176;0.0390092;0.224984;-0.0491972;0.13448;-0.0611258;0.0393688;0.172224;0.0277703;0.0739298;0.0532723;0.0767195;0.0821559;1;1;0.960357;0;1;
44;-0.258397;0.196046;-0.278514;0.184621;-0.236875;0.279544;0.169857;0.027137;0.266468;-0.0977364;0.181131;-0.100677;0.0229908;0.203926;0.0166361;0.114461;0.0311105;0.085653;0;1;0.549956;0.724331;0;1;
45;-0.234679;0.157649;-0.26134;0.148326;-0.222111;0.247031;0.210531;0.0244463;0.276615;-0.118829;0.217114;-0.121879;0.0134261;0.212941;0.0125258;0.116694;0.0181678;0.0828711;0;1;0.13404;0.71636;0;1;
46;-0.198324;0.0987328;-0.222141;0.109584;-0.190984;0.205537;0.235431;0.0188748;0.258678;-0.127774;0.239276;-0.127878;0.0078403;0.208877;0.00731505;0.109766;0.0106093;0.0876389;0;1;0.151305;0.782352;0;1;
47;-0.148541;0.032837;-0.16245;0.0568622;-0.144255;0.152754;0.248774;0.0100646;0.258887;-0.124283;0.251019;-0.122249;0.00457824;0.195152;0.00427147;0.105135;0.00619514;0.0928599;0;1;0;0.762968;0;1;
48;-0.0806268;0.0130531;-0.0887499;-0.00851736;-0.0781241;0.0830946;0.251729;0.00782408;0.250332;-0.109548;0.251874;-0.13413;0.0026732;0.190631;0.00249403;0.108794;0.00361731;0.0753397;0;1;0;0.812703;0;1;
49;0.00914837;-0.0486119;0.00440446;-0.084045;0.0106098;-0.00769095;0.239015;0.00835927;0.239382;-0.0944477;0.236101;-0.137252;0.00156065;0.179559;0.00145602;0.112152;0.00211189;0.0719239;0;1;0;0.868717;0;1;
50;0.107797;-0.130841;0.105027;-0.167618;0.108651;-0.106925;0.216929;0.0161714;0.215572;-0.0700688;0.216574;-0.12645;0.000910979;0.166832;0.000849866;0.110652;0.00123272;0.0669429;0;1;0;0.918208;0;1;
51;0.188123;-0.201574;0.186504;-0.240866;0.188621;-0.187595;0.209055;0.0337944;0.208262;-0.0414025;0.208847;-0.108415;0.000531589;0.154049;0.000495896;0.105636;0.000719336;0.0580735;0;1;0;1;0;1;
52;0.240775;-0.248624;0.23983;-0.290019;0.241066;-0.240454;0.187329;0.0510226;0.186866;-0.00489628;0.187208;-0.0830001;0.000310033;0.131647;0.000289186;0.0991858;0.000419526;0.0470516;0;1;0;1;0;1;
53;0.269726;-0.264131;0.27098;-0.312282;0.271702;-0.270757;0.153821;0.0593126;0.153551;0.0352115;0.15375;-0.0522691;-0.00905509;0.101361;0.000168498;0.0978837;0.000244508;0.0274826;0.5942;1;0;1;0;1;
54;0.268855;-0.281192;0.287198;-0.305145;0.287519;-0.259596;0.10703;0.0651156;0.106867;0.0686013;0.106985;-0.00998264;0.00778354;0.0592081;9.80555e-05;0.0932375;0.00848799;0.0160465;1;0.976746;0;0.845566;0.311341;1;
55;0.272266;-0.285196;0.294559;-0.305796;0.270007;-0.269366;0.0425545;0.0730816;0.042455;0.0961787;0.0690611;0.0141376;0.05694;0.0345793;0.0424194;0.0544579;0.0701979;0.0029436;1;0.256855;1;0.198397;0.85296;1;
56;0.257853;-0.28722;0.282759;-0.297193;0.21898;-0.275919;-0.0392789;0.106822;-0.0379622;0.120314;0.0538825;0.0724001;0.0730997;0.0201938;0.0549713;0.0318043;0.154055;-0.00192859;1;0;1;0.297467;1;0.43272;
57;0.20994;-0.274441;0.240046;-0.280265;0.182208;-0.267841;-0.099749;0.159729;-0.109219;0.167608;0.044469;0.139627;0.100743;0.0117927;0.06808;0.0185731;0.201794;-0.00112669;1;0;1;0;1;0;
58;0.169146;-0.249551;0.200224;-0.252953;0.14208;-0.245697;-0.120184;0.203367;-0.135405;0.207969;0.0329198;0.191628;0.099726;0.00688649;0.0744024;0.010846;0.222226;-0.00065852;1;0;1;0;1;0;
59;0.154127;-0.213662;0.183527;-0.215649;0.112188;-0.211411;-0.125688;0.231274;-0.125755;0.233961;0.0215675;0.224418;0.109824;0.00402112;0.0849258;0.00633354;0.212252;-0.000385006;1;0;1;0;1;0;
60;0.129253;-0.166194;0.148598;-0.167354;0.0431774;-0.16488;-0.138391;0.246813;-0.126962;0.248383;0.0233526;0.24281;0.0887079;0.00234776;0.0876645;0.00369824;0.213907;-0.000225342;1;0;1;0;1;0;
61;0.0785635;-0.102886;0.0926185;-0.103563;0.0288599;-0.102118;-0.124434;0.253724;-0.128248;0.253946;0.0149928;0.251386;0.0981778;0.00137055;0.0801461;0.00215918;0.201173;-0.000132139;1;0;1;0;1;0;
62;0.00409309;-0.0183114;0.0123291;-0.0187067;-0.0249209;-0.0178629;-0.116211;0.23907;-0.13465;0.241775;0.0168606;0.243159;0.0929032;0.000799789;0.0757342;0.00126046;0.193827;-7.76607e-05;1;0;1;0;1;0;
63;-0.0892678;0.0809506;-0.0844292;0.0807196;-0.106195;0.0812124;-0.100824;0.223503;-0.126212;0.222563;0.0231741;0.222008;0.0864667;0.000466556;0.0712567;0.000735573;0.184824;-4.5896e-05;1;0;1;0;1;0;
64;-0.173397;0.168528;-0.170546;0.168393;-0.183264;0.168681;-0.0658528;0.193718;-0.101621;0.197048;0.0250724;0.187617;0.084776;0.00027209;0.0725749;0.000429257;0.171211;-2.7082e-05;1;0;1;0;1;0;
65;-0.231488;0.228636;-0.229804;0.228557;-0.237234;0.228725;-0.0401297;0.1834;-0.0793957;0.185345;0.0517298;0.179544;0.0745817;0.000158301;0.0601262;0.000250125;0.148314;-1.63965e-05;1;0;1;0;1;0;
66;-0.266372;0.264704;-0.26538;0.262678;-0.267505;0.264756;0.00262265;0.157746;-0.0457744;0.158882;0.0613449;0.155494;0.0738079;9.19984e-05;0.0493513;-0.00262347;0.113869;-1.00386e-05;1;0;0.970575;0.177505;1;0;
67;-0.282473;0.284224;-0.284617;0.273815;-0.282417;0.284254;0.048146;0.117679;-0.00250157;0.118346;0.0614354;0.116363;0.0767943;5.33349e-05;0.0288231;-0.00817018;0.0791783;-6.26887e-06;1;0;1;0.526808;0.985745;0;
68;-0.277099;0.292219;-0.274606;0.273869;-0.292779;0.290646;0.0857113;0.0705062;0.0342741;0.0604681;0.0641444;0.0593086;0.0630211;0.0462981;0.0168284;0.0324663;0.0485843;0.0327438;0.605819;0.864061;0.94367;0.664926;0.336535;0.91393;
69;-0.28154;0.258325;-0.287205;0.261239;-0.293745;0.276048;0.110417;0.0456291;0.0721189;-0.0167728;0.0895587;-0.00758423;0.0368077;0.102706;0.0183031;0.085048;0.0283726;0.0658012;0.260824;1;0.583821;0.540274;0;1;
70;-0.275016;0.18233;-0.278324;0.220176;-0.282144;0.234936;0.154869;0.039736;0.132503;-0.100164;0.142687;-0.0947931;0.0214951;0.178239;0.0106887;0.0890989;0.016569;0.0691139;0;1;0;0.517093;0;1;
71;-0.255117;0.166587;-0.257049;0.185128;-0.259279;0.204092;0.198548;0.0246878;0.185486;-0.120918;0.191434;-0.128523;0.0125526;0.208245;0.00624162;0.100376;0.00967585;0.0776556;0;1;0;0.698337;0;1;
72;-0.223191;0.119164;-0.224319;0.155143;-0.225622;0.170647;0.228274;0.00781419;0.220646;-0.126571;0.22412;-0.117057;0.00733019;0.192807;0.00364471;0.112568;0.00565006;0.0917097;0;1;0;0.55689;0;1;
73;-0.179768;0.0686636;-0.180427;0.138348;-0.181188;0.14908;0.245432;0.0158051;0.240977;-0.141621;0.243006;-0.125875;0.00428034;0.202502;0.00212807;0.0887068;0.00329897;0.0869013;0;1;0;0.656877;0;1;
74;-0.12178;0.0550471;-0.122165;0.0975844;-0.12261;0.103862;0.253648;0.00392898;0.251046;-0.127431;0.252231;-0.12468;0.00249919;0.188064;0.00124227;0.0994969;0.00192599;0.0893377;0;1;0;0.670103;0;1;
75;-0.043492;0.00451806;-0.0437168;0.0293529;-0.0439765;0.0330358;0.247297;0.00340096;0.246384;-0.119966;0.245045;-0.128302;0.00145911;0.179486;0.000725073;0.0942444;0.00112409;0.0842029;0;1;0;0.692699;0;1;
76;0.0536854;-0.0764446;0.0535541;-0.0619501;0.0534026;-0.059784;0.229528;0.0101019;0.229506;-0.110417;0.229777;-0.125386;0.000851626;0.174235;0.000422945;0.0840375;0.000655887;0.0777282;0;1;0;0.752954;0;1;
77;0.147062;-0.160349;0.146986;-0.151894;0.146897;-0.150618;0.201276;0.0154107;0.202083;-0.0793066;0.192463;-0.101543;0.000496974;0.150042;0.000246564;0.0880079;0.000382425;0.0822175;0;1;0;0.789742;0;1;
78;0.214859;-0.222612;0.214814;-0.217681;0.214763;-0.216932;0.192604;0.0359094;0.193075;-0.053567;0.160367;-0.0832538;0.000289836;0.137678;0.000143623;0.0750068;0.000222715;0.0741615;0;1;0;0.846454;0;1;
79;0.251321;-0.254144;0.256725;-0.256422;0.256695;-0.257965;0.168937;0.044375;0.169212;-0.0125322;0.150111;-0.0499695;-0.0077194;0.108751;8.3473e-05;0.0729689;0.000129616;0.0592681;0.19049;1;0;0.898333;0;0.983358;
80;0.256068;-0.268951;0.280144;-0.273286;0.280126;-0.280868;0.131874;0.0454046;0.132032;0.0274244;0.120877;-0.00857779;-0.0162864;0.0796814;4.83897e-05;0.0755896;7.52227e-05;0.0346172;0.842843;1;0;0.667593;0;1;
81;0.251354;-0.284206;0.291157;-0.27847;0.287679;-0.282518;0.0788758;0.0538568;0.0789596;0.062819;0.0724485;0.0288166;0.0124757;0.0465407;2.79685e-05;0.0676615;0.0266434;0.0202109;1;0.605434;0;0.426595;0.410746;1;
82;0.263901;-0.288125;0.3014;-0.285408;0.261709;-0.292866;0.00636905;0.0710989;0.00641321;0.0763947;0.0336265;0.0591978;0.0613578;0.0271785;0.0572065;0.0395145;0.103103;0.00809097;1;0;1;0.15182;0.714551;1;
83;0.24635;-0.282283;0.290033;-0.280697;0.218784;-0.289936;-0.077919;0.123176;-0.0756013;0.126269;0.0362584;0.116231;0.087965;0.0158718;0.0664902;0.0230759;0.165571;0.0290549;0.98688;0;1;0.0661804;1;0.556094;
84;0.212864;-0.26429;0.257388;-0.263364;0.168887;-0.26876;-0.127935;0.17706;-0.128651;0.178867;0.0350291;0.173004;0.087547;0.00926876;0.0606259;0.0134757;0.211932;0.0169675;0.88935;0;1;0;1;0;
85;0.184674;-0.234506;0.229392;-0.233965;0.140031;-0.237117;-0.13534;0.215246;-0.130089;0.216301;0.0189211;0.212877;0.100517;0.00541245;0.0762121;0.00786922;0.206967;0.0099084;1;0;1;0;1;0;
86;0.16187;-0.193798;0.19081;-0.193482;0.0745948;-0.195322;-0.141859;0.238085;-0.126153;0.238701;0.0100941;0.236702;0.0894336;0.00316025;0.0873579;0.00459515;0.200545;0.00578601;0.981101;0;1;0;1;0;
87;0.118019;-0.140008;0.138268;-0.139823;0.0204605;-0.140898;-0.145557;0.249981;-0.13049;0.250341;0.010188;0.249173;0.0776175;0.00184504;0.082277;0.00268296;0.198554;0.00337844;1;0;1;0;1;0;
88;0.0526599;-0.0675991;0.0665965;-0.0674909;-0.00221868;-0.0681186;-0.127232;0.247899;-0.132458;0.248798;0.0016037;0.248684;0.0871765;0.00107692;0.0769699;0.0015663;0.1827;0.00197246;1;0;1;0;1;0;
89;-0.034556;0.0258148;-0.0263839;0.0258781;-0.0665873;0.0255114;-0.11961;0.233754;-0.137834;0.235178;0.00811133;0.235686;0.0794937;0.000628336;0.0681485;0.000914226;0.179442;0.00115141;1;0;1;0;1;0;
90;-0.128435;0.123315;-0.123631;0.123352;-0.147121;0.123138;-0.0937293;0.208767;-0.120695;0.207922;0.0145081;0.207152;0.0787769;0.000366422;0.0680019;0.00053337;0.160737;0.000671879;1;0;1;0;1;0;
91;-0.201981;0.19898;-0.199152;0.199001;-0.212875;0.198876;-0.0621173;0.201536;-0.0970641;0.201043;0.0274156;0.200594;0.0749328;0.000213457;0.0635342;0.000311063;0.142734;0.00039194;1;0;1;0;1;0;
92;-0.249109;0.247349;-0.247441;0.247361;-0.255457;0.247288;-0.0280903;0.179631;-0.0704778;0.179343;0.044701;0.17908;0.0655765;0.000124171;0.0522788;0.000181197;0.118817;0.000228424;1;0;1;0;1;0;
93;-0.276167;0.275137;-0.275187;0.275144;-0.279868;0.275101;0.0126485;0.145158;-0.0381978;0.14499;0.0645804;0.144836;0.0514659;7.20526e-05;0.0342865;0.0001054;0.0807332;0.000132973;1;0;0.893835;0;1;0;
94;-0.288113;0.289128;-0.289159;0.289026;-0.29213;0.289108;0.0604113;0.0962891;-0.00110064;0.0961925;0.0666136;0.0961012;0.0458577;4.17375e-05;0.0200207;-0.00163037;0.0471579;7.72315e-05;1;0;0.936688;0.491411;1;0.00565119;
95;-0.289253;0.285603;-0.288445;0.280049;-0.306346;0.284518;0.0952757;0.0482503;0.0268179;0.028729;0.0721242;0.0286759;0.0270783;0.0549765;0.0116932;0.0623197;0.0275395;0.0531164;0.379348;1;0.765893;0.783964;0.172154;1;
96;-0.28285;0.20736;-0.284837;0.253286;-0.295878;0.254472;0.126964;0.0338334;0.0869842;-0.0545325;0.113442;-0.054557;0.0158143;0.138418;0.00539875;0.0614364;0.0160825;0.0538758;0.254485;1;0.280368;0.549926;0;1;
97;-0.269202;0.181004;-0.270363;0.212996;-0.27681;0.218272;0.174993;0.018562;0.151645;-0.106657;0.167097;-0.117206;0.00923506;0.18517;0.00315245;0.0945585;0.00939171;0.0762047;0;1;0;0.761601;0;1;
98;-0.243049;0.142372;-0.243727;0.17354;-0.247492;0.17946;0.21314;0.0109533;0.199505;-0.126954;0.208529;-0.138859;0.00539275;0.199196;0.00184055;0.0969368;0.00548421;0.0783718;0;1;0;0.709954;0;1;
