1;-0.000363587;0.000116064;9.94837e-05;-0.000363587;0.000116064;9.94837e-05;0.0349769;0.0347456;0.0352595;0.0349769;0.0347456;0.0352595;0.808667;0.808665;0.808666;0.808667;0.808665;0.808666;0;0;0;0;0;0;
2;-0.00419292;-0.00542179;-0.00533984;0.0417912;0.000105912;-1.30847e-05;0.186972;0.187017;0.181525;0.10604;0.133357;0.132916;0.472333;0.472326;0.472323;0.472364;0.472393;0.472394;1;1;1;0;0;0.311487;
3;-0.0073497;-0.00359144;-0.00269317;0.02398;-0.000744312;-0.00181189;0.109284;0.10914;0.106094;0.0618403;0.0780961;0.077548;0.27586;0.275855;0.275848;0.275871;0.275897;0.275898;0.857228;0.710389;0.06093;0.0322357;0.637289;1;
4;-0.00365747;-0.00273233;-0.000938161;0.0133694;0.000200377;-0.000429475;0.0638009;0.0637729;0.0619305;0.0361398;0.0500478;0.0565806;0.161107;0.161105;0.161096;0.161108;0.161131;0.161133;0.971494;0.822861;0.180907;0;0.921015;1;
5;-0.00125992;-0.00247182;0.000328097;0.00693202;0.000993264;-0.00112683;0.0370091;0.0441628;0.0359119;0.0213607;0.0445316;0.0521359;0.0940888;0.0940887;0.0940801;0.0940871;0.0941054;0.0941071;1;0.812837;0.492156;0.256841;0.686532;1;
6;0.000371598;-0.00255093;0.00129883;0.0042313;0.00168751;-0.00176544;0.0227186;0.0346751;0.0203166;0.0131336;0.0366578;0.0424669;0.054949;0.0549495;0.0549438;0.0549474;0.0549615;0.0549629;0.804477;0.728498;0.685926;0.355121;0.659813;1;
7;0.00146021;-0.00429036;0.00188552;0.0045891;0.0020338;-0.00257738;0.0214411;0.0333071;0.0180959;0.0150485;0.0380974;0.0405035;0.0320913;0.0320918;0.0320886;0.0320902;0.0321012;0.0321019;0.810963;0.6923;0.574339;0.393358;0.67397;1;
8;0.00155837;-0.00363922;0.00164143;0.00364488;0.000794194;-0.00395219;0.027995;0.0290438;0.0155666;0.0168751;0.041385;0.0387011;0.0187427;0.0187428;0.0187415;0.0187416;0.0187512;0.0187507;0.86897;0.489261;1;0.381875;0.714105;1;
9;1.32567e-05;-0.00996103;2.17473e-05;0.00335122;-0.000888794;-0.0028467;0.031372;0.0315747;0.0124316;0.0161716;0.0458425;0.040137;0.0109486;0.0109472;0.010947;0.0109459;0.0134065;0.0109535;0.879132;0.784651;1;0.358518;1;0.786607;
10;-0.000890346;-0.00492215;-0.00025115;0.0052674;-0.00493528;-0.000767406;0.0346359;0.0298965;0.00973911;0.0140986;0.0489861;0.0446295;0.00639734;0.00639479;0.00639543;0.00639267;0.0217761;0.00639994;0.960293;0.556208;1;0.297573;0.75192;1;
11;-0.00416621;0.000771426;-0.00379284;0.00672235;-0.00652859;0.00319769;0.033869;0.0298248;0.00321511;0.00969332;0.0541417;0.0485958;0.00743918;0.0037358;0.00373666;0.00373319;0.0193379;0.00448628;1;0.59244;0.617824;0.254483;0.887343;0.761581;
12;-0.0107331;0.00875019;-0.0105149;0.0122257;-0.0121128;0.010167;0.0329523;0.0303252;0.000917662;0.010597;0.0536639;0.0501419;0.00869335;0.00218278;0.00218389;0.00217982;0.0231099;0.00447809;1;0.462325;0.811398;0.05283;0.683237;1;
13;-0.0217264;0.0205681;-0.0215989;0.0225979;-0.0225322;0.0213954;0.0292424;0.0299261;0.00181465;0.0129124;0.0512226;0.0505384;0.0085633;0.00127565;0.00127712;0.00127269;0.0223073;0.00357394;1;0.436965;0.83927;0;0.952881;0.814804;
14;-0.0381849;0.037508;-0.0381103;0.0386937;-0.0386555;0.0379912;0.0385436;0.0321251;-0.000767586;0.0081716;0.0581158;0.0497512;0.00992456;0.000746317;0.00074727;0.000742922;0.0220451;0.00607533;1;0.497277;0.765719;0;1;0.882237;
15;-0.0603816;0.0599858;-0.0603378;0.0606786;-0.0606564;0.0602679;0.0477406;0.0326945;0.00626217;-0.0102924;0.0598343;0.0435392;0.00847234;0.00214233;0.000437208;0.000433544;0.0200294;0.0112732;0.996378;0.629439;0.630324;0;0.914412;0.990643;
16;-0.0867795;0.0865476;-0.0867536;0.0869529;-0.0869399;0.0867123;0.0654007;0.0252716;0.0150913;-0.0174467;0.0707188;0.0285028;0.0115849;0.00941386;0.000255162;0.000253292;0.0117013;0.0148731;0.870754;0.868478;0;0.18816;0.563142;1;
17;-0.113145;0.113009;-0.11313;0.113248;-0.113239;0.113105;0.0832337;0.00169495;0.0416903;-0.0430631;0.0690015;-0.0162218;0.00676624;0.0166348;0.000148789;0.00195035;0.00683361;0.0174592;0.490256;1;0;0.490449;0.29722;1;
18;-0.132816;0.132735;-0.132807;0.132877;-0.132871;0.132791;0.110173;-0.0605613;0.0859119;-0.0867099;0.101862;-0.0710301;0.00395104;0.0248412;8.66287e-05;0.00545133;0.00399036;0.0119173;0;1;0;0.519021;0;1;
19;-0.13832;0.138231;-0.138315;0.138356;-0.138353;0.138305;0.152124;-0.123139;0.137956;-0.138418;0.14727;-0.129258;0.00230701;0.0145105;5.02514e-05;0.00368108;0.00232988;0.00696232;0;1;0;0.534053;0;1;
20;-0.123571;0.123518;-0.123568;0.123592;-0.12359;0.123562;0.190964;-0.174027;0.18269;-0.182957;0.188129;-0.177605;0.00134686;0.00847494;2.89294e-05;0.0021508;0.00136014;0.00406737;0;1;0;0.78417;0;1;
21;-0.0843877;0.0843553;-0.084386;0.0843993;-0.0843989;0.0843815;0.217844;-0.200018;0.213012;-0.213165;0.216189;-0.210039;0.000786127;0.0049485;1.645e-05;0.00125663;0.00079379;0.00237586;0;1;0;0.449562;0;1;
22;-0.0173056;0.0172859;-0.0173046;0.017312;-0.0173126;0.0173015;0.232239;-0.191446;0.229417;-0.225242;0.231272;-0.219003;0.00045861;0.00288891;9.10257e-06;0.000734127;0.000463039;0.00138751;0;1;0;0.61401;0;1;
23;0.0725456;-0.0725576;0.0725462;-0.0725424;0.0725408;-0.0725485;0.228447;-0.164378;0.229044;-0.202771;0.22842;-0.210199;0.000267341;0.00168699;4.82363e-06;0.000429371;0.000269861;0.000810632;0;1;0;0.677307;0;1;
24;0.159619;-0.159627;0.15962;-0.159618;0.159616;-0.159621;0.19028;-0.132117;0.188642;-0.162987;0.196314;-0.17926;0.000155757;0.00802541;2.38924e-06;0.00687607;0.000157016;0.00047432;0;1;0;0.64397;0;0.813109;
25;0.222491;-0.222498;0.222491;-0.222491;0.222489;-0.222492;0.161423;-0.0759553;0.150708;-0.109055;0.185976;-0.147795;9.06185e-05;0.0222691;9.17135e-07;0.0145638;9.12118e-05;0.00111016;0.483654;1;0;1;0;0.835679;
26;0.261127;-0.261134;0.261128;-0.261129;0.261127;-0.261129;0.152196;-0.047343;0.142348;-0.0752198;0.162944;-0.0842345;0.00206748;0.0172649;1.38569e-07;0.0236591;5.27494e-05;0.00692185;0.584749;0.98034;0;0.998249;0;1;
27;0.282491;-0.282498;0.282493;-0.282494;0.282492;-0.282494;0.123776;-0.00396461;0.113592;-0.0195724;0.12562;0.00731895;0.0188588;0.0235857;-2.7796e-07;0.0138207;3.03544e-05;0.029482;0.950164;0.927882;0;0.756299;0;1;
28;0.292153;-0.292158;0.292155;-0.292155;0.292155;-0.292156;0.080884;0.0621058;0.0644141;0.03943;0.0714386;0.13926;0.0349668;0.013777;-4.80807e-07;0.0080733;1.73355e-05;0.0578464;1;0.696792;0;0.387832;0;1;
29;0.29273;-0.294547;0.291957;-0.294341;0.291571;-0.296952;0.00296567;0.0805502;-0.00665861;0.0673088;-0.00255577;0.173452;0.020427;0.00804547;0.0159608;0.00471508;0.0198611;0.0337909;1;0;1;0;0.625453;1;
30;0.283765;-0.284826;0.283314;-0.284706;0.283088;-0.286231;-0.0833369;0.132112;-0.0889513;0.12438;-0.0865516;0.187735;0.0119315;0.00469812;0.00932528;0.00275321;0.0205725;0.0197345;0.803712;0;1;0;1;0.148872;
31;0.263375;-0.263995;0.263112;-0.263925;0.262981;-0.264816;-0.155025;0.183511;-0.158297;0.178995;-0.15689;0.215994;0.00696907;0.0027433;0.00584767;0.00160743;0.0275384;0.0115243;0.651993;0;1;0;1;0;
32;0.23181;-0.232172;0.231656;-0.232131;0.23158;-0.232651;-0.202594;0.219231;-0.204499;0.216594;-0.203674;0.238201;0.00407039;0.00160159;0.00341605;0.000938275;0.0160841;0.00672957;0.685955;0;1;0;1;0;
33;0.189549;-0.189761;0.18946;-0.189737;0.189415;-0.190041;-0.230613;0.24033;-0.231722;0.23879;-0.206875;0.251408;0.00237714;0.00093479;0.00199492;0.000547461;0.00939261;0.00392952;0.68165;0;1;0;1;0;
34;0.133932;-0.134055;0.133879;-0.134041;0.133853;-0.134219;-0.245398;0.251074;-0.228792;0.250174;-0.202894;0.256721;0.00138802;0.000545355;0.00116478;0.000319183;0.00548479;0.00229427;1;0;1;0;1;0;
35;0.059184;-0.0592558;0.0591535;-0.059248;0.059138;-0.0593516;-0.23807;0.250109;-0.223361;0.249104;-0.193431;0.249088;0.000810247;0.000317922;0.000680143;0.000185866;0.00320283;0.00133929;1;0;1;0;1;0;
36;-0.0359179;0.0358764;-0.0359357;0.0358806;-0.0359452;0.0358201;-0.218228;0.225806;-0.212278;0.236185;-0.17389;0.236014;0.000473121;0.000185094;0.000397331;0.000108003;0.00187077;0.00078161;1;0;1;0;1;0;
37;-0.132207;0.132183;-0.132218;0.132186;-0.132224;0.13215;-0.182956;0.201909;-0.19099;0.199328;-0.145494;0.199361;0.000276786;0.000107557;0.000232514;6.26979e-05;0.00109384;0.000456078;0.950457;0;1;0;1;0;
38;-0.20502;0.205006;-0.205026;0.205008;-0.20503;0.204987;-0.130059;0.168893;-0.155686;0.17645;-0.0812825;0.173238;0.00355201;6.23071e-05;0.000435373;3.60449e-05;0.0193177;0.000265759;1;0;1;0;1;0;
39;-0.250954;0.250946;-0.250958;0.250947;-0.250961;0.250935;-0.0793525;0.158584;-0.115425;0.162997;-0.0337328;0.161122;0.017784;3.59227e-05;0.000960428;2.06224e-05;0.0236406;0.000155122;1;0;0.946807;0;1;0.277073;
40;-0.277083;0.277078;-0.277085;0.277078;-0.277087;0.277072;-0.00402494;0.130337;-0.0478912;0.132916;-0.00838728;0.131822;0.0395689;2.0472e-05;0.00882078;1.24215e-05;0.02045;0.00223247;1;0;0.966469;0.404091;1;0.489261;
41;-0.289951;0.289948;-0.289952;0.289947;-0.289954;0.289946;0.0525146;0.0841691;0.0340178;0.0856804;0.0118833;0.0850447;0.0231136;1.18298e-05;0.0334407;0.00275261;0.0119451;0.0293686;1;0.207287;1;0.537102;0.718935;0.985976;
42;-0.293161;0.29316;-0.293161;0.289201;-0.293163;0.318046;0.0638207;0.0172334;0.0518189;0.0181114;0.0388699;0.0177458;0.0134982;0.0161231;0.0195322;0.00315637;0.00697561;0.0253356;0;0.929269;0.790374;0.807511;0;1;
43;-0.287142;0.290779;-0.287143;0.284829;-0.287144;0.301676;0.112568;-0.0652168;0.105559;-0.0647196;0.0979966;-0.0649189;0.00788254;0.0312173;0.0114067;0.00322001;0.00407337;0.031931;0;1;0;0.297137;0;1;
44;-0.270065;0.272189;-0.270065;0.268713;-0.270066;0.278552;0.168334;-0.140669;0.164241;-0.140389;0.159825;-0.140499;0.004603;0.0182352;0.0066611;0.00331065;0.00237843;0.0186505;0;1;0;0.439057;0;1;
45;-0.241493;0.242734;-0.241493;0.240704;-0.241494;0.24645;0.209641;-0.193475;0.207251;-0.19332;0.204672;-0.19338;0.0026877;0.010651;0.00388958;0.00193404;0.00138854;0.0108928;0;1;0;0.466665;0;1;
46;-0.202303;0.203029;-0.202303;0.201842;-0.202304;0.205198;0.234912;-0.20875;0.233516;-0.225379;0.23201;-0.22541;0.00156914;0.00622006;0.002271;0.00112956;0.000810398;0.00636099;0;1;0;0.493907;0;1;
47;-0.150865;0.151289;-0.150865;0.150595;-0.150866;0.152555;0.248471;-0.205774;0.247656;-0.242903;0.246776;-0.231333;0.000915833;0.00363231;0.00132569;0.000659418;0.000472744;0.00371399;0;1;0;0.720239;0;1;
48;-0.0819838;0.082233;-0.081984;0.0818263;-0.0819853;0.0829709;0.252077;-0.195445;0.252237;-0.241496;0.25166;-0.22722;0.00053431;0.00212117;0.000773635;0.000384635;0.000275547;0.00216835;0;1;0;0.559124;0;1;
49;0.00835631;-0.00820907;0.00835618;-0.0084484;0.00835407;-0.00777987;0.240653;-0.176126;0.240613;-0.225891;0.233374;-0.217264;0.000311487;0.00123938;0.000451236;0.000224368;0.000160367;0.00126591;0;1;0;0.434986;0;1;
50;0.107335;-0.107248;0.107335;-0.107389;0.107333;-0.106999;0.209043;-0.149224;0.209289;-0.198496;0.210097;-0.202127;0.000181387;0.000724909;0.000262981;0.000131227;9.3117e-05;0.000739258;0;1;0;0.50048;0;1;
51;0.187853;-0.187801;0.187853;-0.187884;0.187851;-0.187656;0.17791;-0.0983216;0.175563;-0.154484;0.174156;-0.167353;0.000105438;0.0156734;0.000153057;0.00101852;5.38531e-05;0.000432213;0;1;0;0.732941;0;1;
52;0.240617;-0.240586;0.240617;-0.240636;0.240615;-0.240502;0.16914;-0.0424755;0.162654;-0.093646;0.133171;-0.125575;6.11341e-05;0.0295069;8.89472e-05;0.0158198;3.09857e-05;0.000253441;0;1;0;0.977563;0;0.963299;
53;0.27144;-0.271423;0.27144;-0.271451;0.271439;-0.271373;0.1432;0.0219639;0.139411;-0.0324027;0.122193;-0.0786733;3.54351e-05;0.0473157;5.14603e-05;0.0187486;1.7683e-05;0.000148655;0.109554;1;0;0.872135;0;1;
54;0.287466;-0.287458;0.287466;-0.287473;0.287466;-0.287428;0.100827;0.0472363;0.0986098;0.0213421;0.0885545;0.00825545;0.0010076;0.0276396;2.96173e-05;0.0352013;9.93036e-06;0.0033412;0.748375;0.978799;0;0.941943;0;1;
55;0.282594;-0.293154;0.293159;-0.293162;0.293158;-0.293135;0.0389253;0.0641296;0.0376334;0.0683205;0.036356;0.0825161;0.0138422;0.0161421;0.0320913;0.0205584;0.0394918;0.00603407;0.984848;0.345786;1;0.13145;1;0.906507;
56;0.283643;-0.28981;0.289813;-0.289815;0.289813;-0.289799;-0.0414096;0.101595;-0.0421539;0.104042;-0.0428953;0.112332;0.0080856;0.00942652;0.0187477;0.0120056;0.0308233;0.00352343;0.498564;0;1;0;1;0;
57;0.272352;-0.275953;0.275955;-0.275956;0.275955;-0.275947;-0.121527;0.156676;-0.121954;0.158106;-0.122383;0.162947;0.00472331;0.00550464;0.0110418;0.00701082;0.0180059;0.00205726;0.669249;0;1;0;1;0;
58;0.248332;-0.250435;0.250436;-0.250437;0.250437;-0.250431;-0.181057;0.201585;-0.1813;0.202419;-0.181547;0.205247;0.00275906;0.00321423;0.00644995;0.00409384;0.0105177;0.00120097;0.683563;0;1;0;1;0;
59;0.21295;-0.214178;0.214179;-0.214179;0.214179;-0.214176;-0.218243;0.230233;-0.218381;0.23072;-0.212401;0.232371;0.00161146;0.00187658;0.00376687;0.00239031;0.00614251;0.000700868;0.718661;0;1;0;1;0;
60;0.165778;-0.166496;0.166496;-0.166496;0.166497;-0.166494;-0.239203;0.246205;-0.231002;0.24649;-0.206704;0.247454;0.000940897;0.00109539;0.00219925;0.00139539;0.00358693;0.000408764;0.774628;0;1;0;1;0;
61;0.102643;-0.103062;0.103062;-0.103062;0.103063;-0.103061;-0.245935;0.253369;-0.226582;0.253535;-0.199523;0.253983;0.00054904;0.000639154;0.00128387;0.000814359;0.00209452;0.000238161;0.801213;0;1;0;1;0;
62;0.0181689;-0.0184144;0.0184138;-0.0184138;0.0184152;-0.0184132;-0.232172;0.238162;-0.219364;0.244501;-0.184882;0.244204;0.000320309;0.000372701;0.000749474;0.000475038;0.0012234;0.000138533;0.888958;0;1;0;1;0;
63;-0.0810339;0.08089;-0.0808909;0.0808909;-0.0808892;0.0808912;-0.204302;0.217451;-0.203844;0.225304;-0.158387;0.225949;0.000187018;0.000217128;0.000437683;0.00027688;0.000715444;8.03523e-05;0.956952;0;1;0;1;0;
64;-0.168577;0.168493;-0.168493;0.168493;-0.168492;0.168493;-0.165356;0.185735;-0.178226;0.214259;-0.118993;0.217369;0.000109968;0.000126283;0.000256133;0.000161232;0.0118757;4.64098e-05;0.882716;0;1;0;1;0;
65;-0.228664;0.228615;-0.228615;0.228615;-0.228614;0.228615;-0.109905;0.14623;-0.139615;0.195396;-0.0583887;0.197212;0.0118515;7.32526e-05;0.000150541;9.36683e-05;0.0237067;2.65971e-05;1;0;1;0;1;0;
66;-0.26472;0.264691;-0.264691;0.264691;-0.264691;0.264691;-0.0540721;0.136039;-0.0938532;0.164752;0.0101786;0.165813;0.0253771;4.233e-05;0.00419;5.4261e-05;0.0348316;1.50995e-05;1;0;0.849114;0;1;0;
67;-0.284234;0.284216;-0.284217;0.284216;-0.284217;0.284216;0.034599;0.105002;-0.0125831;0.121773;0.0406607;0.122389;0.0465808;2.42585e-05;0.0188416;0.00947594;0.0349645;8.43844e-06;1;0;1;0.351151;1;0;
68;-0.292499;0.292489;-0.292489;0.292489;-0.295984;0.292489;0.0514752;0.052674;0.0682037;0.0624653;0.074331;0.0628284;0.0272057;0.0128143;0.026265;0.00785127;0.0204227;0.0372973;0.487501;0.83575;0.782073;0.533216;0.529452;1;
69;-0.291692;0.292614;-0.291686;0.291785;-0.293727;0.291871;0.0821599;-0.0213213;0.0919295;-0.015618;0.0955076;-0.0153948;0.0158875;0.0257204;0.0153383;0.00458681;0.0119263;0.021789;0;1;0;0.504166;0;1;
70;-0.280944;0.281483;-0.280941;0.280999;-0.282133;0.281049;0.138366;-0.102823;0.144072;-0.0995049;0.146161;-0.0993654;0.00927786;0.0311324;0.00895712;0.00268003;0.00696451;0.0149329;0;1;0;0.410847;0;1;
71;-0.258579;0.258894;-0.258577;0.258611;-0.259273;0.25864;0.188911;-0.168142;0.192243;-0.166215;0.193463;-0.166127;0.00541781;0.0181844;0.00523049;0.00156592;0.00406679;0.00872315;0;1;0;0.442804;0;1;
72;-0.225213;0.225397;-0.225212;0.225231;-0.225618;0.225249;0.222646;-0.210189;0.224592;-0.209391;0.225305;-0.209334;0.00316349;0.0106204;0.0030541;0.000914761;0.00237449;0.00509492;0;0.989809;0;0.473505;0;1;
73;-0.180949;0.181056;-0.180948;0.18096;-0.181185;0.18097;0.242145;-0.205097;0.243282;-0.234403;0.243698;-0.233438;0.00184695;0.00620194;0.00178307;0.000534061;0.00138616;0.00297511;0;1;0;0.503015;0;1;
74;-0.12247;0.122533;-0.12247;0.122476;-0.122608;0.122482;0.251728;-0.201126;0.252392;-0.247206;0.252635;-0.228771;0.00107807;0.00362161;0.00104076;0.000311512;0.000808959;0.00173702;0;1;0;0.525666;0;1;
75;-0.0438949;0.0439319;-0.0438947;0.0438986;-0.0439757;0.0439022;0.247195;-0.189963;0.247196;-0.236662;0.245981;-0.223253;0.000629038;0.00211499;0.000607247;0.000181496;0.000471863;0.00101416;0;1;0;0.571279;0;1;
76;0.0534501;-0.0534282;0.0534502;-0.0534479;0.0534029;-0.0534458;0.232956;-0.166651;0.232755;-0.213907;0.221592;-0.209457;0.000366813;0.0012359;0.000354087;0.000105869;0.000275018;0.000592266;0;1;0;0.630498;0;1;
77;0.146925;-0.146912;0.146925;-0.146924;0.146897;-0.146922;0.208944;-0.13672;0.206145;-0.175481;0.197471;-0.185691;0.000213856;0.00536477;0.000206439;6.22942e-05;-0.00172715;0.000346313;0;1;0;0.763555;0;1;
78;0.214778;-0.214771;0.214778;-0.214778;0.214762;-0.214777;0.197082;-0.0749987;0.195447;-0.128003;0.16125;-0.147123;0.000124301;0.0243999;0.00011994;0.00142518;-0.00100918;0.000203137;0;1;0;0.897691;0;0.79452;
79;0.256704;-0.2567;0.256704;-0.256704;0.256695;-0.256703;0.171552;-0.0172214;0.170598;-0.0775968;0.150627;-0.105003;7.21772e-05;0.0271988;6.96325e-05;0.0124773;-0.000589826;0.0096204;0;1;0;0.749873;0;1;
80;0.280131;-0.28013;0.280131;-0.280132;0.280126;-0.280131;0.133401;0.0496002;0.132841;0.0137782;0.121179;-0.0336239;0.0210942;0.0423248;4.02006e-05;0.0459536;-0.000344878;0.00562026;0.80728;1;0;0.868362;0;1;
81;0.29115;-0.29115;0.29115;-0.29115;0.291147;-0.29115;0.0797651;0.0685019;0.0794346;0.052755;0.0726235;0.0519251;0.0143307;0.0247237;0.016969;0.026842;0.00239055;0.01551;0.752573;0.892941;0.986021;0.627148;0.38808;0.992573;
82;0.292813;-0.292813;0.292813;-0.292813;0.292811;-0.292813;0.00687781;0.0797122;0.00669303;0.0705167;0.00271863;0.070033;0.00837161;0.0144382;0.0209025;0.0156756;0.0279592;0.00905828;0.596021;0;1;0;1;0.232033;
83;0.285021;-0.285021;0.285021;-0.285021;0.28502;-0.285021;-0.0776367;0.128206;-0.0777341;0.122836;-0.0800511;0.122553;0.00489044;0.00843145;0.0197799;0.00915405;0.0346594;0.00528955;0.683748;0;1;0;1;0;
84;0.265889;-0.265889;0.265889;-0.265889;0.265889;-0.265889;-0.150464;0.179998;-0.150514;0.176862;-0.151864;0.176697;0.00285701;0.00492348;0.0115543;0.00534556;0.020245;0.00308869;0.786944;0;1;0;1;0;
85;0.23544;-0.23544;0.23544;-0.23544;0.23544;-0.23544;-0.199713;0.216961;-0.199737;0.21513;-0.200521;0.215033;0.00166903;0.00287481;0.00674866;0.00312131;0.0118245;0.0018033;0.946287;0;1;0;0.979708;0;
86;0.194343;-0.194343;0.194344;-0.194343;0.194344;-0.194344;-0.229013;0.239087;-0.229023;0.238018;-0.206886;0.237961;0.000974651;0.00167835;0.00394105;0.00182234;0.00690517;0.00105264;0.857671;0;1;0;1;0;
87;0.140326;-0.140326;0.140326;-0.140326;0.140326;-0.140326;-0.244682;0.250566;-0.229788;0.249941;-0.20387;0.249909;0.000568857;0.000979601;0.00230107;0.00106369;0.00403232;0.000614188;0.922079;0;1;0;1;0;
88;0.0677847;-0.0677849;0.0677849;-0.0677848;0.0677853;-0.0677848;-0.23979;0.251249;-0.225282;0.24963;-0.194095;0.249962;0.000331724;0.000571529;0.00134348;0.000620651;0.00235472;0.000358138;0.965169;0;1;0;1;0;
89;-0.0257064;0.0257062;-0.0257063;0.0257064;-0.0257057;0.0257064;-0.222258;0.228777;-0.21425;0.237773;-0.173949;0.237934;0.000193525;0.000333208;0.000784469;0.000361909;0.0013757;0.000208603;1;0;1;0;1;0;
90;-0.123251;0.123251;-0.123251;0.123251;-0.123251;0.123251;-0.188856;0.204756;-0.194403;0.20527;-0.149274;0.205099;0.000113312;0.000194028;0.000458391;0.00021085;0.000825487;0.000121308;1;0;1;0;1;0;
91;-0.198942;0.198942;-0.198942;0.198942;-0.198942;0.198942;-0.138705;0.172304;-0.156353;0.168571;-0.0988575;0.169067;0.00274571;0.000112783;-0.00118317;0.000122633;0.0150125;7.03423e-05;1;0;1;0;1;0;
92;-0.247327;0.247327;-0.247327;0.247327;-0.247327;0.247327;-0.087777;0.162559;-0.117397;0.16009;-0.0323169;0.160108;0.00704856;6.54182e-05;0.00164547;7.11844e-05;0.0475583;4.06201e-05;1;0;1;0;1;0;
93;-0.275124;0.275124;-0.275124;0.275123;-0.275125;0.275123;-0.013946;0.135188;-0.0636076;0.133747;0.0357124;0.133757;0.0253429;3.77583e-05;0.0053099;0.00199751;0.0524605;2.3294e-05;1;0;0.753704;0.320821;1;0;
94;-0.289121;0.289121;-0.289122;0.28912;-0.289122;0.289121;0.039198;0.0904669;0.0345534;0.0896313;0.0598856;0.0896313;0.0332881;2.16497e-05;0.0152656;0.0121139;0.0306436;1.34528e-05;1;0;1;0.528882;1;0.293571;
95;-0.293238;0.293239;-0.293239;0.293238;-0.293239;0.293238;0.0739843;0.0298663;0.0832409;0.0248916;0.0522185;0.0248991;0.0194405;0.0395216;0.00891633;0.00707725;0.0178958;0.0285756;0;1;0.502878;0.424528;0.378151;1;
96;-0.288223;0.288224;-0.288224;0.288223;-0.288224;0.288223;0.114529;-0.0538639;0.119934;-0.0567844;0.101818;-0.0567692;0.0113528;0.0322057;0.00520664;0.00413464;0.0104507;0.0200667;0;1;0;0.379435;0;1;
97;-0.27234;0.272341;-0.272341;0.27234;-0.272341;0.27234;0.167731;-0.132291;0.170888;-0.134008;0.160308;-0.133991;0.00662957;0.0188128;0.00304025;0.00241579;0.00610275;0.0117224;0;1;0;0.443666;0;1;
98;-0.244882;0.244882;-0.244882;0.244882;-0.244882;0.244882;0.2089;-0.188192;0.210743;-0.189204;0.204564;-0.189189;0.00387118;0.0109886;0.00177503;0.00141142;0.00356352;0.0068472;0;1;0;0.608894;0;1;
