1;-0.000363587;0.000116064;9.94837e-05;-0.000363587;0.000116064;9.94835e-05;0.034977;0.0347457;0.0352595;0.0349769;0.0347456;0.0352595;0.808667;0.808665;0.808666;0.808667;0.808665;0.808666;0;0;0;0;0;0;
2;-0.0187566;-0.02029;-0.0140614;0.00262584;0.0190082;0.000505353;0.216145;0.158226;0.108214;0.135672;0.197395;0.169145;0.472464;0.472397;0.472352;0.472338;0.472402;0.472374;1;1;1;1;1;1;
3;-0.0234175;-0.0134896;-0.00905209;-0.0140474;0.0102494;-0.0148498;0.127167;0.0924924;0.0646812;0.0897863;0.115196;0.101678;0.275949;0.275898;0.275866;0.275858;0.275904;0.275892;1;0.806907;0.645141;0.160196;0.73125;1;
4;-0.0130405;-0.00851296;-0.00465125;-0.00883873;0.00662058;-0.00930824;0.0794992;0.054045;0.0377479;0.0524605;0.0672547;0.0735614;0.161167;0.161128;0.161108;0.161102;0.161136;0.161131;1;0.848156;0.740974;0.172689;1;1;
5;-0.00673924;-0.00584816;-0.00184028;-0.00603817;0.00768883;-0.00631239;0.069649;0.0318211;0.0217915;0.0308918;0.042736;0.0602929;0.0941292;0.0941013;0.0940892;0.094084;0.0941093;0.0941071;1;1;0.966209;0.348563;1;1;
6;-0.00282812;-0.0049391;3.24358e-05;-0.00463385;0.00809618;-0.00479404;0.0635924;0.0215256;0.015775;0.0186994;0.0355069;0.0593563;0.0549778;0.0549572;0.0549503;0.0549461;0.0549637;0.0549639;1;1;1;0.561699;1;1;
7;-0.00040818;-0.00412787;0.00117735;-0.00412584;0.00822645;-0.0040432;0.0584096;0.0241039;0.0130227;0.0122217;0.0316634;0.0585989;0.0321129;0.0320969;0.032093;0.0320892;0.0321022;0.032104;1;0.895095;1;0.621112;1;1;
8;0.000895376;-0.00354421;3.57754e-05;-0.00383923;0.0080314;-0.00377262;0.0572632;0.0200104;0.0135143;0.00947514;0.0294542;0.0600325;0.0187596;0.0187463;0.0187445;0.0187408;0.0187509;0.0187535;1;1;1;0.636241;1;1;
9;0.00217367;-0.00260815;-0.00143183;-0.00278067;0.00659324;-0.00274175;0.0550771;0.0202626;0.0112216;0.0111692;0.0271951;0.0609595;0.0159346;0.010949;0.0109492;0.0109451;0.0109538;0.0109567;1;1;1;0.573129;1;1;
10;0.000374281;-0.000627881;-0.00554232;-0.000728813;0.00295929;-0.000706142;0.0518568;0.0212297;0.008792;0.0140641;0.025678;0.0632318;0.016438;0.00639513;0.0063968;0.00639241;0.00640045;0.0115248;1;0.986853;1;0.450569;1;1;
11;-0.00342738;0.00327934;-0.0143492;0.00322023;-0.00191665;0.00323342;0.0480931;0.0224802;0.00608352;0.0152149;0.0234023;0.0662366;0.0164757;0.00373545;0.00373838;0.00373362;0.00560056;0.0107274;1;0.892116;1;0.416637;1;1;
12;-0.0103012;0.0102148;-0.0166802;0.0101802;-0.00941782;0.0101878;0.0459456;0.024112;0.00340088;0.0172358;0.0212263;0.0685064;0.0162599;0.002182;0.00288287;0.00218085;0.00704665;0.0103926;1;0.806919;1;0.40458;1;1;
13;-0.0214737;0.0214232;-0.0251997;0.021403;-0.0209567;0.0214074;0.044607;0.0257635;0.00154198;0.0188958;0.020823;0.0696673;0.015639;0.00127484;0.00205024;0.00127403;0.00607104;0.00931048;1;0.649691;1;0.398661;1;1;
14;-0.0380368;0.038007;-0.0402132;0.0379954;-0.0377337;0.0379979;0.0485947;0.0239675;0.00717119;0.0194646;0.0225241;0.0650442;0.0160617;0.000745335;0.00382237;0.000744609;0.00575924;0.0107757;1;0.796549;1;0.429956;1;1;
15;-0.0602946;0.0602763;-0.0615655;0.0602703;-0.0601166;0.0602716;0.056876;0.0201546;0.0115872;0.012503;0.0287263;0.057416;0.0172611;0.000437193;0.00223391;0.000435693;0.00336602;0.0123142;1;1;1;0.502598;1;1;
16;-0.0867278;0.0867161;-0.0874702;0.0867139;-0.0866236;0.0867144;0.0822397;0.0115298;0.0182027;-0.00413128;0.036296;0.0427665;0.0138443;0.00797493;0.00130529;0.000255975;0.00196657;0.0167797;1;1;0.670129;0.693956;0.652864;1;
17;-0.113114;0.113106;-0.113548;0.113106;-0.113054;0.113106;0.107991;-0.0124819;0.0435074;-0.0352871;0.0540737;-0.00789106;0.00808789;0.0194217;0.000761999;0.00285986;0.00114812;0.0168452;1;1;0;0.905091;0;1;
18;-0.132797;0.132791;-0.133051;0.132793;-0.132763;0.132793;0.124633;-0.0622316;0.0869731;-0.0821691;0.0931437;-0.0661643;0.00472351;0.0211436;0.000444656;0.00322046;0.000670127;0.0126367;0.486734;1;0;1;0;1;
19;-0.13831;0.138306;-0.138458;0.138308;-0.13829;0.138307;0.160568;-0.124113;0.138575;-0.135766;0.142179;-0.126416;0.00275806;0.0218239;0.000259278;0.00839338;0.000390947;0.00738296;0;1;0;1;0;1;
20;-0.123565;0.123563;-0.123652;0.123564;-0.123554;0.123564;0.195895;-0.174594;0.183052;-0.181408;0.185156;-0.175944;0.00161024;0.0127486;0.00015097;0.00490338;0.000227862;0.00431324;0;1;0;1;0;1;
21;-0.0843845;0.0843832;-0.0844352;0.084384;-0.0843777;0.0843834;0.220724;-0.187849;0.213223;-0.212261;0.214452;-0.209068;0.000939917;0.00744616;8.77174e-05;0.00286496;0.000132573;0.00251916;0;1;0;1;0;1;
22;-0.0173041;0.0173034;-0.0173337;0.0173043;-0.0173003;0.0173033;0.233921;-0.183884;0.229541;-0.228333;0.230258;-0.221956;0.00054838;0.00434943;5.07102e-05;0.00167363;7.69189e-05;0.00147062;0;1;0;1;0;1;
23;0.0725462;-0.0725464;0.0725289;-0.0725457;0.072548;-0.0725468;0.224662;-0.157207;0.225617;-0.208852;0.228918;-0.207102;0.000319732;0.00254066;2.90801e-05;0.000976784;4.44222e-05;0.000858352;0;1;0;1;0;1;
24;0.159619;-0.15962;0.159609;-0.159619;0.15962;-0.15962;0.188856;-0.131556;0.191603;-0.175079;0.217533;-0.187615;0.00018623;0.00594152;1.65837e-05;-0.00133136;2.54532e-05;-0.0049487;0;1;0;1;0;1;
25;0.222491;-0.222492;0.222485;-0.222492;0.222491;-0.222491;0.178402;-0.0856257;0.16134;-0.116637;0.200283;-0.146453;0.000108488;0.0168922;9.32235e-06;-0.00395411;1.43752e-05;-0.00288943;0.637762;1;0;1;0;1;
26;0.261126;-0.261129;0.261125;-0.26113;0.261128;-0.261129;0.158525;-0.0550624;0.148557;-0.0732371;0.171299;-0.0889666;0.0018208;0.0134817;4.88334e-06;0.0147677;7.9013e-06;0.00382988;1;1;0;1;0;1;
27;0.282491;-0.282494;0.282491;-0.282494;0.282493;-0.282493;0.125619;-0.0101967;0.117218;-0.0229812;0.130499;-0.00368162;0.0198871;0.0172171;2.44451e-06;0.0187172;4.17188e-06;0.0153878;1;1;0;1;0;1;
28;0.292153;-0.292155;0.292154;-0.292156;0.292154;-0.292155;0.0727513;0.0399205;0.0665344;0.0438388;0.0742899;0.0957999;0.032008;0.0100571;0.00663422;0.0109331;0.00545249;0.0411299;1;1;1;0.99396;0.697755;1;
29;0.292065;-0.29517;0.29151;-0.292855;0.285065;-0.295963;-0.00178594;0.067594;-0.00541683;0.069883;-0.000883846;0.148837;0.0250302;0.00587292;0.0175743;0.006385;0.0392153;0.0240242;1;0;1;0;1;1;
30;0.283376;-0.28519;0.283052;-0.283838;0.279288;-0.285653;-0.0861103;0.124546;-0.0882233;0.125883;-0.0855691;0.171993;0.0146215;0.00342941;0.0198964;0.00372838;0.0493341;0.0140306;1;0;1;0;1;0.658017;
31;0.263148;-0.264208;0.262959;-0.263419;0.260763;-0.264479;-0.156645;0.179093;-0.157869;0.179873;-0.156315;0.206802;0.00854159;0.00200232;0.0149623;0.00217701;0.0301508;0.00819321;1;0;1;0;1;0;
32;0.231677;-0.232296;0.231567;-0.231835;0.230285;-0.232454;-0.203539;0.21665;-0.204248;0.217106;-0.203338;0.232832;0.00499067;0.00116882;0.00874094;0.00127098;0.0176094;0.00478436;1;0;1;0;1;0;
33;0.189472;-0.189834;0.189408;-0.189564;0.18866;-0.189926;-0.231164;0.238823;-0.228887;0.239089;-0.22394;0.248273;0.00291579;0.000682005;0.00510613;0.000741824;0.0102812;0.0027936;1;0;1;0;1;0;
34;0.133886;-0.134098;0.133849;-0.13394;0.133413;-0.134151;-0.24572;0.250193;-0.22345;0.250349;-0.215676;0.255712;0.00170328;0.000397683;0.00298268;0.000432752;-0.00666585;0.00163097;1;0;1;0;1;0;
35;0.0591578;-0.059281;0.0591365;-0.0591892;0.0588827;-0.0593125;-0.242979;0.249426;-0.219119;0.249569;-0.206952;0.249632;0.000994432;0.000231646;0.00174271;0.000252277;-0.00754624;0.000951982;1;0;1;0;1;0;
36;-0.035933;0.0358615;-0.0359452;0.0359148;-0.0360928;0.0358428;-0.222167;0.227354;-0.210957;0.235418;-0.186222;0.236771;0.000580405;0.000134667;0.00101842;0.000146848;-0.0131208;0.00055548;1;0;1;0;1;0;
37;-0.132216;0.132175;-0.132223;0.132205;-0.132309;0.132163;-0.190649;0.203795;-0.190958;0.217936;-0.155572;0.22464;-0.0024147;7.80783e-05;0.000595394;8.5424e-05;-0.00947469;0.000324004;1;0;1;0;1;0;
38;-0.205025;0.205001;-0.205029;0.205019;-0.20508;0.204995;-0.144759;0.166273;-0.158657;0.205238;-0.103955;0.209154;-0.00140943;4.50188e-05;-0.00697035;4.93683e-05;-0.00937958;0.000188732;1;0;1;0;1;0;
39;-0.250957;0.250943;-0.25096;0.250954;-0.25099;0.250939;-0.0914422;0.157054;-0.118273;0.179809;-0.0514185;0.182096;-0.00544359;2.57703e-05;-0.00407005;2.84151e-05;0.00833971;0.000109798;1;0;1;0;1;0;
40;-0.277085;0.277076;-0.277086;0.277082;-0.277105;0.277074;-0.0124206;0.129443;-0.0650239;0.142733;0.0140287;0.144068;0.020863;1.45655e-05;-0.00237625;1.62103e-05;-0.017892;6.37574e-05;1;0;1;0;1;0;
41;-0.289952;0.289947;-0.289953;0.28995;-0.289966;0.289946;0.0534746;0.083649;-0.0410608;0.0914123;0.0346254;0.0921921;0.0330531;0.00655401;-0.00138612;0.0120328;0.021125;0.0116824;1;0.664884;1;0.806033;1;1;
42;-0.293162;0.293158;-0.293162;0.29316;-0.29317;0.294802;0.0754527;0.0169328;0.00795326;0.021457;0.0521526;0.0219201;0.0193039;0.0317974;-0.000808916;0.00703021;0.0123372;0.0237504;0.78978;1;1;0.869271;0.232449;1;
43;-0.287143;0.28714;-0.287143;0.287141;-0.287148;0.287793;0.119361;-0.0653905;0.0799415;-0.062765;0.105754;-0.0624824;0.0112729;0.0339251;-0.000472759;0.00514456;0.00720452;0.0238704;0;1;0;0.650102;0;1;
44;-0.270065;0.270063;-0.270065;0.270063;-0.270068;0.270446;0.172301;-0.140769;0.14928;-0.139248;0.164355;-0.139075;0.00658293;0.0210123;-0.000276461;0.00300626;0.00420702;0.0148562;0;1;0;0.764256;0;1;
45;-0.241493;0.241492;-0.241493;0.241491;-0.241495;0.241716;0.211958;-0.193532;0.198514;-0.192653;0.207317;-0.192547;0.00384392;0.0122747;-0.000161911;0.0017563;0.00245645;0.00867695;0;1;0;0.909312;0;1;
46;-0.202303;0.202302;-0.202303;0.202301;-0.202304;0.202434;0.236265;-0.202631;0.228413;-0.22499;0.233554;-0.224925;0.0022443;0.00716998;-9.50813e-05;0.00102522;0.00143409;0.00506527;0;1;0;1;0;1;
47;-0.150865;0.150864;-0.150865;0.150863;-0.150865;0.150942;0.249261;-0.202252;0.244676;-0.242676;0.247678;-0.236701;0.00131006;0.00418853;-5.61442e-05;0.000597326;0.000837039;0.00295562;0;1;0;0.92941;0;1;
48;-0.081984;0.0819841;-0.081984;0.0819818;-0.0819843;0.0820304;0.251325;-0.193601;0.251622;-0.247848;0.252459;-0.231025;0.000764484;0.00244705;-3.33871e-05;-0.0026262;0.000488325;0.00172455;0;1;0;1;0;1;
49;0.00835592;-0.00835505;0.00835588;-0.00835812;0.00835535;-0.0083277;0.240311;-0.178654;0.239043;-0.232376;0.23439;-0.216904;0.000445866;0.0014303;-2.00712e-05;-0.00621217;0.000284672;0.00100634;0;1;0;1;0;1;
50;0.107335;-0.107333;0.107335;-0.107337;0.107334;-0.107317;0.213794;-0.148027;0.21145;-0.199541;0.212026;-0.201894;0.00025984;0.00123297;-1.2264e-05;-0.00462811;0.000165729;-0.000744855;0;1;0;1;0;1;
51;0.187853;-0.187851;0.187853;-0.187856;0.187852;-0.187841;0.195217;-0.113531;0.17904;-0.15097;0.178401;-0.167124;0.000151319;0.0144111;-7.47946e-06;-0.00746053;9.63342e-05;-0.00524903;0;1;0;1;0;1;
52;0.240617;-0.240617;0.240617;-0.240621;0.240616;-0.24061;0.179248;-0.0486532;0.1698;-0.0978793;0.169427;-0.131977;8.78204e-05;0.035684;-4.96429e-06;-0.0137004;5.58322e-05;-0.00306497;0;1;0;1;0;1;
53;0.27144;-0.271441;0.27144;-0.271445;0.271439;-0.271435;0.149102;0.0132061;0.143585;-0.0255685;0.143367;-0.090001;5.07229e-05;0.0408166;-3.33923e-06;0.0244355;3.2226e-05;-0.00178975;0;1;0;1;0;1;
54;0.287467;-0.287469;0.287467;-0.287472;0.287467;-0.287463;0.104274;0.0473019;0.101047;0.0361127;0.10092;-0.00351721;0.00472575;0.0268936;-2.40677e-06;0.0350495;1.84238e-05;-0.00859186;1;1;0;1;0;1;
55;0.293159;-0.293161;0.293158;-0.293162;0.28535;-0.291819;0.040939;0.0788141;0.0390524;0.0750612;0.0405352;0.0735642;0.0129393;0.0157094;0.011078;0.0204717;0.0509691;-0.00501689;1;1;1;0.608871;1;1;
56;0.289813;-0.289815;0.288952;-0.289815;0.275033;-0.289031;-0.0402312;0.11017;-0.0413239;0.107979;-0.0315825;0.107106;0.0113975;0.00917388;0.0287194;0.0119549;0.0623101;-0.00292968;0.89792;0;1;0;1;0.397125;
57;0.275955;-0.275956;0.275451;-0.275956;0.267324;-0.275498;-0.120838;0.161685;-0.121466;0.160405;-0.115771;0.159895;0.0131747;0.0053571;0.0302965;0.00698119;0.0476245;-0.00171135;0.866053;0;1;0;1;0;
58;0.250435;-0.250437;0.250142;-0.250437;0.245396;-0.250169;-0.180652;0.204509;-0.181012;0.203762;-0.177683;0.203464;0.00769722;0.00312802;0.0176977;0.0040766;0.0278181;-0.000999824;1;0;1;0;1;0;
59;0.214178;-0.214179;0.214007;-0.214179;0.211236;-0.214023;-0.218006;0.231941;-0.218211;0.231504;-0.21369;0.23133;0.00449759;0.00182618;0.0103379;0.00238029;0.0162462;-0.000584308;1;0;1;0;1;0;
60;0.166496;-0.166496;0.166396;-0.166496;0.164777;-0.166405;-0.239063;0.247203;-0.228501;0.246948;-0.217234;0.246846;0.00262798;0.00106588;0.006038;0.00138964;0.00948476;-0.000341674;1;0;1;0;1;0;
61;0.103062;-0.103062;0.103004;-0.103062;0.102059;-0.103009;-0.243743;0.253952;-0.222603;0.253803;-0.204396;0.253743;0.0015354;0.000621869;0.00352658;0.00081107;0.00553616;-0.000200023;1;0;1;0;1;0;
62;0.0184148;-0.0184143;0.0183806;-0.0184144;0.0178294;-0.0183833;-0.228992;0.238665;-0.21698;0.243228;-0.187444;0.244119;0.000897005;0.000362567;0.00205999;0.000473176;0.00235552;-0.000117309;1;0;1;0;1;0;
63;-0.0808893;0.0808905;-0.0809096;0.0808901;-0.0812315;0.0809082;-0.202842;0.217294;-0.204487;0.22467;-0.162392;0.226672;0.000524529;0.00021116;0.00120355;0.000275859;-0.00156462;-6.89836e-05;1;0;1;0;1;0;
64;-0.168491;0.168493;-0.168504;0.168493;-0.168692;0.168503;-0.163085;0.187429;-0.180911;0.217712;-0.122845;0.218881;0.00215776;0.000122738;-0.00492606;0.000160669;-0.00295565;-4.07182e-05;1;0;1;0;1;0;
65;-0.228614;0.228615;-0.228622;0.228615;-0.228733;0.228621;-0.112409;0.179727;-0.143441;0.197412;-0.0762689;0.198095;0.0064299;7.11459e-05;-0.00287639;9.33944e-05;0.0144429;-2.42083e-05;1;0;1;0;1;0;
66;-0.26469;0.264691;-0.264696;0.26469;-0.264761;0.264695;-0.0653447;0.155601;-0.0723806;0.165935;-0.0418478;0.166328;0.0211819;4.10513e-05;-0.00167891;0.0101925;0.0202906;-1.45661e-05;1;0;1;0.932564;1;0;
67;-0.284215;0.284217;-0.284219;0.284215;-0.284258;0.284219;-0.0161478;0.116426;0.0151644;0.12247;0.00344712;0.12269;0.0135457;2.35275e-05;0.0199757;0.0185465;0.0187691;-8.9225e-06;1;0;1;1;1;0;
68;-0.292487;0.292489;-0.29249;0.292488;-0.292513;0.29249;0.0288642;0.0593426;0.0948391;0.0628784;0.0410543;0.0630021;0.00791232;0.0214481;0.0296891;0.0246004;0.0109624;0.01525;0.703207;1;1;1;0.846384;1;
69;-0.291685;0.300029;-0.288609;0.292715;-0.292165;0.276749;0.0689553;-0.0174279;0.148598;-0.0153733;0.0760741;-0.0152936;0.0046204;0.0367199;0.0173408;0.0156665;0.00640164;0.0432606;0;1;1;1;0;1;
70;-0.28094;0.285816;-0.279144;0.281541;-0.281221;0.253286;0.130655;-0.100544;0.177166;-0.0993623;0.134812;-0.0993014;0.00269794;0.0471839;0.0101267;0.00915107;0.00373816;0.0338814;0;1;0;0.527425;0;1;
71;-0.258577;0.261426;-0.257528;0.258927;-0.258741;0.242425;0.184407;-0.162033;0.211569;-0.166131;0.186835;-0.166085;0.00157519;0.0450909;0.00591348;0.00534638;0.00218265;0.0217276;0;1;0;1;0;1;
72;-0.225212;0.226878;-0.224599;0.225416;-0.225307;0.215779;0.220016;-0.178853;0.235879;-0.209342;0.221434;-0.209308;0.000919463;0.0263383;0.00345293;0.00312321;0.0012742;0.0126916;0;1;0;0.879572;0;1;
73;-0.180948;0.181923;-0.180591;0.181068;-0.181004;0.17544;0.240609;-0.19209;0.249873;-0.234375;0.241437;-0.232907;0.000536506;0.0153857;0.00201599;0.00182404;0.000743648;0.00741207;0;1;0;0.879635;0;1;
74;-0.12247;0.123041;-0.122261;0.12254;-0.122503;0.119254;0.250831;-0.187364;0.256241;-0.247189;0.251315;-0.213093;0.000312761;0.00898823;0.00117673;0.00106516;0.000433789;0.00432788;0;1;0;0.944562;0;1;
75;-0.0438954;0.0442307;-0.0437734;0.043936;-0.0439141;0.0420175;0.247496;-0.17605;0.247627;-0.237623;0.246982;-0.19949;0.000182129;0.00525189;0.000686664;0.000621891;0.000252778;0.00967017;0;1;0;0.890508;0;1;
76;0.0534496;-0.0532512;0.0535208;-0.0534259;0.0534387;-0.0545461;0.231593;-0.157425;0.231728;-0.214585;0.223879;-0.189055;0.000105831;0.0067686;0.00040049;0.000363335;0.000147065;0.00912753;0;1;0;0.979171;0;1;
77;0.146924;-0.146806;0.146966;-0.14691;0.146918;-0.147565;0.223116;-0.126829;0.224645;-0.180714;0.198673;-0.166555;6.13486e-05;0.0104242;0.000233398;0.000212812;8.53384e-05;0.0136917;0;1;0;1;0;1;
78;0.214778;-0.214707;0.214802;-0.214769;0.214774;-0.215152;0.205358;-0.0751226;0.206251;-0.135938;0.191084;-0.134696;3.53231e-05;0.0224901;0.000135791;-0.00659881;4.93294e-05;0.00965657;0;1;0;1;0;1;
79;0.256704;-0.25666;0.256718;-0.256698;0.256702;-0.256922;0.176386;-0.0185723;0.176907;-0.0752607;0.168049;-0.0994704;2.01634e-05;0.0297571;7.88103e-05;0.00714133;2.83173e-05;0.0129775;0;1;0;1;0;1;
80;0.280131;-0.280104;0.280138;-0.280128;0.28013;-0.280258;0.136222;0.0116992;0.13653;0.0244747;0.131353;-0.0443247;1.12922e-05;0.026505;0.00476367;0.0363676;1.60716e-05;0.00976354;0;1;1;1;0;1;
81;0.29115;-0.291134;0.291154;-0.291148;0.291147;-0.291224;0.0814062;0.0520164;0.0815975;0.0699202;0.07857;-0.0277401;6.2594e-06;0.0154836;0.0246919;0.0248314;0.0129523;0.0057024;0;1;1;1;1;0;
82;0.287282;-0.293204;0.292815;-0.290183;0.276537;-0.292856;0.00783518;0.0700855;0.00795716;0.109447;0.0130686;0.0235073;5.33169e-06;0.00904235;0.0223548;0.0145028;0.0394305;0.00332991;1;0;1;0.688919;1;0;
83;0.279559;-0.28525;0.285022;-0.283485;0.258859;-0.285046;-0.0770762;0.122584;-0.0769952;0.145571;-0.0740024;0.0953823;0.00738648;0.00528037;0.0208344;0.00846901;0.0437462;0.00194427;1;0;1;0;1;0;
84;0.262698;-0.266023;0.265889;-0.264992;0.225436;-0.265904;-0.150134;0.176715;-0.150082;0.190139;-0.148325;0.160829;0.0106627;0.00308332;0.0121715;0.00494538;0.039425;0.00113503;1;0;1;0;1;0;
85;0.233576;-0.235519;0.23544;-0.234917;0.211814;-0.235449;-0.199517;0.215044;-0.199483;0.222884;-0.177539;0.205767;0.00623045;0.0018002;0.00711044;0.00288759;0.0244969;0.000662402;1;0;1;0;1;0;
86;0.193254;-0.194389;0.194343;-0.194038;0.180545;-0.194349;-0.228896;0.237968;-0.225935;0.242546;-0.174867;0.23255;0.00364139;0.00105082;0.00415359;0.0016858;0.0182167;0.00038631;1;0;1;0;1;0;
87;0.139689;-0.140354;0.140326;-0.140147;0.132268;-0.140329;-0.235738;0.249912;-0.217978;0.252586;-0.171904;0.246748;0.00212896;0.000613149;0.00242688;0.000983954;0.0177001;0.00022505;1;0;1;0;1;0;
88;0.0674125;-0.0678016;0.0677843;-0.0676803;0.0630793;-0.0677864;-0.222416;0.250655;-0.213489;0.249688;-0.160733;0.24935;0.00292589;0.000357537;0.00141892;0.000574082;0.0189592;0.000130875;1;0;1;0;1;0;
89;-0.0259242;0.0256955;-0.0257071;0.0257678;-0.0284527;0.0257058;-0.204414;0.231023;-0.203571;0.2366;-0.14251;0.236681;0.00736776;0.000208237;0.000830595;0.000334754;0.0231341;7.5883e-05;1;0;1;0;1;0;
90;-0.123379;0.123244;-0.123252;0.123287;-0.124853;0.123251;-0.173725;0.20752;-0.182661;0.210348;-0.119014;0.209991;0.0134844;0.000121041;0.00609618;0.000195009;0.0203951;4.37689e-05;1;0;1;0;1;0;
91;-0.199016;0.198938;-0.198942;0.198963;-0.199877;0.198942;-0.131574;0.200767;-0.153454;0.20246;-0.0933144;0.202251;0.0119656;7.01434e-05;0.00959443;0.000113472;0.0144486;2.50835e-05;1;0;1;0;1;0;
92;-0.24737;0.247324;-0.247327;0.247338;-0.247873;0.247327;-0.0863901;0.179181;-0.103644;0.180173;-0.0635506;0.180048;0.0231415;4.03871e-05;0.0125057;0.000331048;0.0183478;1.42717e-05;1;0;1;0.648227;1;0;
93;-0.275149;0.275122;-0.275123;0.275129;-0.275442;0.275124;-0.0449444;0.144895;-0.0255969;0.145482;-0.0209343;0.145402;0.0204178;2.30911e-05;0.0242677;0.0130035;0.0241814;7.9145e-06;1;0;1;1;1;0;
94;-0.289135;0.28912;-0.28912;0.289123;-0.289306;0.289121;0.015243;0.0961358;0.0764043;0.096489;0.0341549;0.0964324;0.0167279;1.30578e-05;0.0471404;0.0251571;0.022614;0.00439907;1;0;1;1;1;0.541074;
95;-0.293247;0.293238;-0.293197;0.29324;-0.293346;0.293238;0.0395726;0.0286936;0.124462;0.0289015;0.0474027;0.0288691;0.00977071;0.0214119;0.0275369;0.0228934;0.0132066;0.029784;0.623801;1;1;1;0;1;
96;-0.288228;0.288223;-0.288198;0.288224;-0.288287;0.273438;0.0944325;-0.0545506;0.144012;-0.0544392;0.0990052;-0.0544502;0.00570569;0.0378989;0.0160842;0.0136976;0.00771222;0.0435172;0;1;1;0.974151;0;1;
97;-0.272343;0.272342;-0.272326;0.272341;-0.272378;0.253346;0.155995;-0.132687;0.18495;-0.132638;0.158666;-0.132631;0.00333176;0.0410016;0.00939269;0.00800127;0.0045035;0.0338133;0;1;0;0.580373;0;1;
98;-0.244884;0.244885;-0.244874;0.244882;-0.244904;0.233789;0.202046;-0.18553;0.218955;-0.188404;0.203605;-0.188391;0.00194532;0.0239517;0.00548482;0.00467451;0.00262957;0.0197516;0;1;0;0.76616;0;1;
