1;-0.000363588;0.000116065;9.94841e-05;-0.000363588;0.000116065;9.94839e-05;0.0349769;0.0347456;0.0352594;0.034977;0.0347457;0.0352595;0.808667;0.808665;0.808666;0.808667;0.808665;0.808666;0;0;0;0;0;0;
2;-0.0165334;0.00166293;0.00197818;-0.00220136;-0.000870232;-0.0011757;0.21;0.201603;0.203076;0.194894;0.19852;0.199123;0.472457;0.472455;0.472455;0.472418;0.472424;0.472424;1;1;1;1;1;1;
3;-0.0170378;0.00743864;0.00946052;-0.00453327;-0.0029974;-0.00490497;0.122731;0.117659;0.118688;0.11374;0.116028;0.11621;0.275936;0.275934;0.275934;0.275915;0.275919;0.275918;1;1;1;0.954227;1;1;
4;-0.00931506;0.00370958;0.00615995;-0.00328219;-0.00111565;-0.00349929;0.0716538;0.0687458;0.0692935;0.0664575;0.0677391;0.0679;0.161154;0.161153;0.161153;0.161142;0.161144;0.161144;1;1;1;0.837203;1;1;
5;-0.00456374;0.00129029;0.00447359;-0.00279289;0.000224651;-0.0029197;0.0415955;0.0404085;0.0402178;0.0390719;0.0393098;0.0399144;0.0941181;0.0941173;0.0941178;0.094111;0.0941122;0.094112;1;1;1;0.994944;1;1;
6;-0.00155782;-0.000353907;0.000340542;-0.0018858;0.00123871;-0.0018619;0.0285954;0.0326073;0.0381467;0.0296885;0.0314195;0.0359119;0.0549679;0.0549674;0.0549691;0.0549634;0.0549646;0.0549644;1;0.962238;1;0.972243;1;1;
7;0.000333582;-0.00144993;0.000455905;-0.00209623;0.00196688;-0.00215801;0.0267501;0.0315592;0.0352883;0.0310806;0.030321;0.0351617;0.0321041;0.0321036;0.0321063;0.0321012;0.0321025;0.0321023;1;0.946265;1;0.786867;1;1;
8;0.00132844;-0.00198031;0.000945271;-0.00184506;0.00375399;-0.00187106;0.0245804;0.0315945;0.0319757;0.0318405;0.0287665;0.0358052;0.0187515;0.0187509;0.018754;0.0187495;0.0187509;0.0187505;1;0.866245;1;0.96727;1;1;
9;0.00164799;-0.00169486;-0.000467229;-0.000450357;0.00280875;-0.000976287;0.0227911;0.0328848;0.0301045;0.0326132;0.0303757;0.0368093;0.0109537;0.0109528;0.0109563;0.0109519;0.0109544;0.0109529;1;0.80445;1;1;1;1;
10;6.72599e-05;-9.45534e-05;-0.0046391;0.000632329;0.000745352;0.000325165;0.0204354;0.0339527;0.0269466;0.0348571;0.0292382;0.0386706;0.00639993;0.00639848;0.00846122;0.00639785;0.0096955;0.00639882;1;0.746356;1;1;1;1;
11;-0.00360671;0.00359083;-0.00635564;0.00401537;-0.00321048;0.00383598;0.0164392;0.0344996;0.0235584;0.0368875;0.0280642;0.0412451;0.00475055;0.0037386;0.0104937;0.00373816;0.0157768;0.0037391;1;0.707411;1;0.959068;1;1;
12;-0.010406;0.0103967;-0.0120118;0.0106448;-0.0101744;0.01054;0.0152769;0.0363167;0.0215521;0.0399163;0.02593;0.0438821;0.00464684;0.00218503;0.00925222;0.00218481;0.00963464;0.00218577;1;0.713854;1;0.855024;1;1;
13;-0.021535;0.0215296;-0.022473;0.0216746;-0.0213996;0.0216134;0.014146;0.03604;0.0184077;0.0408326;0.0227645;0.0443297;0.00437245;0.00127768;0.00684989;0.00127767;0.00698296;0.0012786;1;0.827705;1;0.770515;1;1;
14;-0.0380727;0.0380695;-0.0386205;0.0381543;-0.0379936;0.0381186;0.017223;0.0351401;0.0202179;0.0373391;0.0248431;0.0408453;0.00444364;0.000748092;0.00434951;0.000748043;0.0040811;0.000809889;1;1;1;0.771303;1;1;
15;-0.0603156;0.0603136;-0.0606356;0.0603633;-0.0602691;0.0603424;0.0242802;0.0288544;0.0280841;0.0253419;0.0296601;0.0294856;0.00323317;0.0045465;0.00553127;0.000901728;0.00600627;0.00268642;1;1;1;0.890766;1;1;
16;-0.0867404;0.0867388;-0.0869272;0.0867684;-0.0867132;0.0867561;0.0440338;0.0240176;0.0499119;0.00672179;0.0378925;0.0140224;0.00188988;0.0153324;0.0032324;0.00544961;0.00350868;0.00764617;1;1;1;1;1;1;
17;-0.113122;0.113121;-0.113231;0.113138;-0.113106;0.113131;0.0585942;0.00401465;0.0620287;-0.0289461;0.0550062;-0.0246805;0.0011041;0.0256461;0.00188896;0.00612738;0.00204875;0.00972134;0.653653;1;1;1;0;1;
18;-0.132803;0.132803;-0.132866;0.132812;-0.132793;0.132808;0.0957837;-0.0506631;0.0977897;-0.0784655;0.0936884;-0.0759693;0.000644396;0.036888;0.00110281;0.00784979;0.00119614;0.0164749;0;1;0;1;0;1;
19;-0.138313;0.138314;-0.13835;0.138318;-0.138308;0.138316;0.143721;-0.117357;0.144892;-0.133604;0.142497;-0.132141;0.000375952;0.0243084;0.000643657;0.00458617;0.000698104;0.0130467;0;1;0;1;0;1;
20;-0.123567;0.123568;-0.123589;0.123571;-0.123564;0.123569;0.186057;-0.17065;0.186741;-0.180146;0.185342;-0.179288;0.000219137;0.0141974;0.00037549;0.00267925;0.000407213;0.00762111;0;1;0;1;0;1;
21;-0.0843856;0.0843866;-0.0843983;0.0843877;-0.0843839;0.0843869;0.214978;-0.203413;0.215378;-0.211525;0.214561;-0.211021;0.000127521;0.00829034;0.00021883;0.00156457;0.000237304;0.00445089;0;1;0;1;0;1;
22;-0.0173049;0.0173058;-0.0173123;0.0173062;-0.0173038;0.0173057;0.230565;-0.196593;0.230799;-0.228548;0.230322;-0.223518;7.39778e-05;0.00483974;0.000127312;0.000912784;0.000138068;0.00259855;0;1;0;1;0;1;
23;0.0725455;-0.0725447;0.0725411;-0.0725446;0.0725461;-0.0725448;0.230033;-0.178415;0.228897;-0.215585;0.229107;-0.212183;4.26981e-05;0.00282495;7.38238e-05;0.00053194;8.00988e-05;0.000842113;0;1;0;1;0;1;
24;0.159619;-0.159619;0.159616;-0.159618;0.159619;-0.159618;0.223039;-0.152285;0.222376;-0.179564;0.222499;-0.198855;2.44066e-05;-0.0038026;4.25489e-05;-0.00807471;4.6287e-05;-0.0210845;0;1;0;1;0;1;
25;0.22249;-0.222492;0.222489;-0.22249;0.222491;-0.222489;0.203499;-0.10049;0.203112;-0.125718;0.203183;-0.189376;1.37621e-05;-0.0109009;2.43547e-05;-0.00471502;2.65189e-05;-0.0123155;0;1;0;1;0;1;
26;0.261127;-0.261131;0.261127;-0.261128;0.261128;-0.261127;0.173178;-0.0415131;0.172951;-0.0627205;0.172993;-0.164929;7.57156e-06;-0.00305418;1.37634e-05;0.00962906;1.5003e-05;-0.00719369;0;1;0;1;0;1;
27;0.282491;-0.282497;0.282492;-0.282494;0.282493;-0.282492;0.131601;-0.00535638;0.131464;-0.0143357;0.131488;-0.126777;0.00516441;0.0106494;7.67331e-06;0.0158726;8.28707e-06;-0.0042019;1;1;0;1;0;1;
28;0.292152;-0.292158;0.292154;-0.292156;0.292155;-0.292155;0.0749422;0.0474306;0.0748515;0.0470178;0.0748664;-0.0721077;0.0134067;0.00622203;4.12613e-06;0.0102452;4.77124e-06;-0.00245212;1;1;0;1;0.168344;1;
29;0.291937;-0.298021;0.289883;-0.295549;0.290246;-0.297068;-0.000508936;0.0719807;-0.000562181;0.0717396;-0.000550783;0.00217576;0.010577;0.00363364;0.0075185;0.00598317;0.0163731;-0.00143063;1;0;1;0.118568;1;1;
30;0.283302;-0.286855;0.282102;-0.285411;0.282314;-0.286299;-0.0853667;0.127108;-0.0853895;0.126967;-0.0853782;0.0863422;0.00617886;0.00212163;0.0104432;0.00349375;0.0207729;-0.000835841;1;0;1;0;1;0;
31;0.263105;-0.26518;0.262405;-0.264337;0.262529;-0.264855;-0.15621;0.180589;-0.156217;0.180507;-0.156207;0.156782;0.00361045;0.00123858;0.00653629;0.00203995;0.0121345;-0.000488532;0.883001;0;1;0;1;0;
32;0.231652;-0.232864;0.231244;-0.232372;0.231316;-0.232674;-0.203286;0.217524;-0.203285;0.217476;-0.203276;0.203621;0.00210974;0.000722818;0.0038175;0.00119089;0.00708688;-0.000285735;1;0;1;0;1;0;
33;0.189457;-0.190165;0.189219;-0.189878;0.189261;-0.190054;-0.231016;0.239333;-0.231013;0.239305;-0.212569;0.231214;0.00123295;0.000421588;0.00222921;0.00069501;0.00413729;-0.000167306;1;0;1;0;1;0;
34;0.133878;-0.134291;0.133739;-0.134123;0.133763;-0.134227;-0.245633;0.250491;-0.231444;0.250475;-0.207749;0.24575;0.000720379;0.000245645;0.00130088;0.000405366;0.00241466;-9.8225e-05;1;0;1;0;1;0;
35;0.0591532;-0.0593935;0.0590723;-0.0592963;0.0590852;-0.0593566;-0.23695;0.249986;-0.229918;0.249433;-0.199381;0.248907;0.000420696;0.000142894;0.000758699;0.000236222;0.00140883;-5.78796e-05;1;0;1;0;1;0;
36;-0.0359354;0.035796;-0.0359825;0.0358521;-0.0359761;0.0358169;-0.214055;0.225126;-0.2121;0.236024;-0.182957;0.235848;0.000245884;8.28708e-05;-0.00474482;0.000137419;0.000821882;-3.42909e-05;1;0;1;0;1;0;
37;-0.132217;0.132136;-0.132245;0.132169;-0.132242;0.132148;-0.18312;0.204563;-0.186924;0.213353;-0.150259;0.203955;0.000144341;4.78536e-05;-0.00276994;7.99248e-05;-0.00080685;-2.0267e-05;1;0;1;0;1;0;
38;-0.205026;0.204979;-0.205042;0.204998;-0.205041;0.204986;-0.137116;0.197429;-0.157951;0.202561;-0.0957606;0.174955;-0.00132037;2.74197e-05;-0.00161642;4.61099e-05;0.0104345;-1.24516e-05;1;0;1;0;1;0;
39;-0.250958;0.250931;-0.250967;0.250941;-0.250968;0.250934;-0.0894508;0.175249;-0.118991;0.178246;-0.0685289;0.162124;0.00872289;1.54271e-05;-0.000943182;2.65392e-05;0.00877327;-7.60525e-06;1;0;1;0;1;0;
40;-0.277086;0.277069;-0.277091;0.277075;-0.277093;0.277071;-0.0289779;0.140069;-0.107214;0.14182;0.00438068;0.132405;0.00509588;8.55136e-06;-0.000550975;1.51295e-05;0.0168524;-4.80557e-06;1;0;1;0;1;0;
41;-0.289954;0.289943;-0.289957;0.289946;-0.289959;0.289944;0.0341185;0.0898521;-0.0706603;0.0908832;0.0446545;0.085376;0.01207;4.62156e-06;-0.000321169;0.0191323;0.0156348;-3.22766e-06;1;0;1;1;1;0;
42;-0.293163;0.293156;-0.293165;0.293158;-0.293376;0.293156;0.0518594;0.0205484;-0.00932965;0.0211505;0.067587;0.0179341;0.00705036;0.0113554;-0.000186424;0.0118712;0.0091316;0.00797375;1;1;1;1;0.657617;1;
43;-0.287144;0.287139;-0.287145;0.287141;-0.287268;0.287139;0.105583;-0.0536352;0.0698493;-0.0629428;0.114767;-0.0648131;0.00411696;0.0586446;-0.00010905;0.00794981;0.00533248;0.0154084;0;1;0.267392;0.806807;0;1;
44;-0.270065;0.270065;-0.270066;0.270064;-0.270138;0.270062;0.164255;-0.133901;0.143386;-0.139352;0.169619;-0.140434;0.00240393;0.0529752;-6.41178e-05;0.00464436;0.00311374;0.014594;0;1;0;0.69086;0;1;
45;-0.241493;0.241492;-0.241494;0.241492;-0.241535;0.241491;0.207259;-0.189522;0.195072;-0.192714;0.210391;-0.193341;0.00140344;0.0309401;-3.78245e-05;0.00271366;0.00181794;0.0085247;0;1;0;0.902985;0;1;
46;-0.202303;0.202302;-0.202303;0.202303;-0.202328;0.202301;0.23352;-0.208424;0.226403;-0.225025;0.23535;-0.225387;0.000819102;0.0180692;-2.25489e-05;0.00158531;0.00106114;0.00497878;0;1;0;0.996543;0;1;
47;-0.150865;0.150863;-0.150865;0.150865;-0.150879;0.150863;0.247658;-0.205804;0.243502;-0.242695;0.248727;-0.232011;0.000477814;0.0105519;-1.36821e-05;0.000925877;0.000619154;0.00290701;0;1;0;1;0;1;
48;-0.0819839;0.081983;-0.0819839;0.0819843;-0.0819924;0.0819829;0.251784;-0.19798;0.250936;-0.240858;0.251674;-0.227671;0.000278512;0.00616193;-8.52862e-06;0.000540342;0.000361038;0.00169712;0;1;0;1;0;1;
49;0.00835608;-0.00835657;0.00835603;-0.00835535;0.00835073;-0.00835695;0.240066;-0.181538;0.240525;-0.223782;0.233587;-0.21902;0.000162097;0.00359861;-5.50944e-06;0.000315376;0.000210281;0.000990679;0;1;0;1;0;1;
50;0.107335;-0.107335;0.107335;-0.107334;0.107331;-0.107336;0.214551;-0.15655;0.214988;-0.193279;0.213521;-0.200164;9.41685e-05;0.00210129;-3.74321e-06;0.000184861;0.000122239;-0.0011593;0;1;0;1;0;1;
51;0.187853;-0.187854;0.187853;-0.187853;0.18785;-0.187853;0.202561;-0.116433;0.203244;-0.164162;0.178646;-0.173265;5.45811e-05;-0.000465693;-2.60283e-06;-0.0047234;7.09864e-05;-0.00389423;0;1;0;1;0;1;
52;0.240617;-0.240619;0.240617;-0.240619;0.240616;-0.240618;0.183537;-0.0654712;0.183935;-0.109126;0.16957;-0.131818;3.13965e-05;-0.00142361;-2.01236e-06;-0.00275799;4.09208e-05;-0.00227388;0;1;0;1;0;1;
53;0.271439;-0.271443;0.27144;-0.271443;0.271439;-0.271441;0.151609;-0.0269799;0.151839;-0.0444949;0.14345;-0.0688658;0.00097504;0.0100554;-1.61231e-06;0.0142777;2.34521e-05;-0.000305867;0.843733;1;0;1;0;1;
54;0.287466;-0.28747;0.287467;-0.287914;0.287466;-0.287467;0.10574;0.0322937;0.105868;0.00502521;0.100968;0.0245636;0.00903003;0.0114514;-1.31539e-06;0.0117258;1.33053e-05;0.0224867;1;1;0;1;0;1;
55;0.293158;-0.29316;0.293158;-0.29342;0.293159;-0.293159;0.0417935;0.0687126;0.0418709;0.0228999;0.0390112;0.0830236;0.00851235;0.00668911;0.016881;0.00684856;0.0235996;0.0131356;1;0.90382;1;0.762835;1;1;
56;0.289813;-0.289814;0.289756;-0.289966;0.294102;-0.289814;-0.0397336;0.104271;-0.0396782;0.0775166;-0.0413442;0.11263;0.00908084;0.00390601;0.029344;0.00399922;0.038493;0.00767132;1;0;1;0;1;0;
57;0.275954;-0.275956;0.275921;-0.276044;0.278461;-0.275956;-0.120549;0.158239;-0.120505;0.142615;-0.121474;0.163121;0.00530511;0.00228067;0.0187544;0.00233516;0.0255272;0.00447957;0.871412;0;1;0;1;0;
58;0.250435;-0.250437;0.250416;-0.250488;0.251899;-0.250436;-0.180484;0.202497;-0.180452;0.193373;-0.181015;0.205348;0.0030999;0.00133143;0.0109558;0.00136331;0.0157431;0.00261562;1;0;1;0;1;0;
59;0.214178;-0.214179;0.214167;-0.214209;0.215034;-0.214179;-0.217909;0.230766;-0.217885;0.225437;-0.217955;0.232431;0.00181095;0.000777012;0.0063999;0.000795717;0.00919333;0.00152706;1;0;1;0;1;0;
60;0.166495;-0.166496;0.166489;-0.166514;0.166995;-0.166496;-0.239008;0.246517;-0.232033;0.243405;-0.220557;0.247489;0.00105708;0.00045321;0.00373767;0.000464208;-0.00869911;0.000891314;1;0;1;0;1;0;
61;0.103062;-0.103062;0.103058;-0.103072;0.103354;-0.103062;-0.249165;0.253551;-0.228816;0.251734;-0.217333;0.254119;0.000616177;0.00026407;0.00218281;0.000270608;-0.00968598;0.000520021;1;0;1;0;1;0;
62;0.0184139;-0.018414;0.0184117;-0.0184202;0.0185855;-0.0184142;-0.239897;0.240172;-0.22082;0.245035;-0.20092;0.24459;0.000358113;0.000153632;0.00127478;0.000157534;-0.0101348;0.000303173;1;0;1;0;1;0;
63;-0.0808907;0.0808907;-0.0808919;0.0808868;-0.0807898;0.0808903;-0.210992;0.218334;-0.201291;0.225589;-0.162541;0.222984;-0.00527716;8.91914e-05;0.000744948;9.14588e-05;-0.00667745;0.000176512;1;0;1;0;1;0;
64;-0.168493;0.168493;-0.168494;0.168491;-0.168434;0.168493;-0.172705;0.186575;-0.175813;0.218249;-0.136004;0.214954;-0.00453951;5.15486e-05;-0.000893569;5.29372e-05;-0.00390103;0.000102634;1;0;1;0;1;0;
65;-0.228616;0.228615;-0.228616;0.228614;-0.228582;0.228615;-0.123949;0.178595;-0.140635;0.197726;-0.0816744;0.195802;-0.0039639;2.95984e-05;-0.000296829;3.04617e-05;-0.00386791;5.94866e-05;1;0;1;0;1;0;
66;-0.264693;0.264692;-0.264692;0.264691;-0.264674;0.264691;-0.0692262;0.15494;-0.0963014;0.166112;-0.0263644;0.164989;-0.00349709;1.67602e-05;-0.0001723;1.74175e-05;0.000464475;3.4344e-05;1;0;1;0;1;0;
67;-0.284219;0.284217;-0.284218;0.284216;-0.284209;0.284217;0.0119029;0.11604;-0.0240348;0.122567;0.0185456;0.121908;0.0189361;9.35608e-06;-0.000100022;0.00883199;0.00983498;1.97099e-05;1;0;1;0.660257;1;0;
68;-0.292492;0.292488;-0.29249;0.292488;-0.292485;0.292488;0.0621289;0.059119;0.0504191;0.0629299;0.0471651;0.0625481;0.011907;0.0193963;0.00984642;0.00769483;0.0057458;0.0219389;1;1;1;0.84903;1;1;
69;-0.291933;0.291685;-0.29163;0.291685;-0.292112;0.284526;0.0883825;-0.0175602;0.0815456;-0.0153454;0.0796429;-0.0155594;0.00695365;0.0191072;0.00575133;0.00650197;0.00335508;0.0206838;0.167533;1;0.739942;0.883364;0;1;
70;-0.281085;0.280941;-0.280908;0.28094;-0.28119;0.276758;0.142;-0.100622;0.138008;-0.0993458;0.136896;-0.0994595;0.00406045;0.0435991;0.00335831;0.00379856;0.00195899;0.0191147;0;1;0;0.706361;0;1;
71;-0.258661;0.258578;-0.258558;0.258576;-0.258723;0.256134;0.191033;-0.161267;0.188701;-0.166121;0.188052;-0.166179;0.00237083;0.037165;0.00196078;0.0022198;0.00114365;0.0112892;0;1;0;0.827018;0;1;
72;-0.225261;0.225212;-0.2252;0.22521;-0.225297;0.223784;0.223886;-0.192329;0.222524;-0.209336;0.222145;-0.209363;0.00138405;0.0217103;0.00114461;0.0012973;0.000667413;0.00659559;0;1;0;1;0;1;
73;-0.180977;0.180948;-0.180941;0.180947;-0.180998;0.180113;0.242869;-0.207153;0.242074;-0.234371;0.241852;-0.224914;0.000807775;0.0126796;0.000667946;0.000757812;0.000389216;0.00385322;0;1;0;1;0;1;
74;-0.122486;0.122471;-0.122466;0.122469;-0.122499;0.121982;0.252151;-0.194789;0.251687;-0.247187;0.251557;-0.220429;0.000471233;0.00740488;0.00038958;0.000441673;0.000226736;0.00225118;0;1;0;1;0;1;
75;-0.0439043;0.0438968;-0.0438923;0.0438938;-0.0439118;0.0436093;0.248361;-0.180137;0.247247;-0.240976;0.246463;-0.213483;0.000274677;0.00432543;0.000226956;0.000256787;0.000131844;0.00131593;0;1;0;1;0;1;
76;0.0534447;-0.0534474;0.0534517;-0.0534512;0.0534401;-0.0536173;0.231326;-0.163297;0.232314;-0.219557;0.22178;-0.203252;0.000159886;0.00266929;0.000132006;-0.00267969;7.645e-05;0.000769947;0;1;0;1;0;1;
77;0.146922;-0.146923;0.146926;-0.146927;0.146919;-0.147023;0.216969;-0.138646;0.220339;-0.191878;0.196379;-0.182827;9.2951e-05;0.0083112;7.66383e-05;-0.00282785;4.41341e-05;0.000451076;0;1;0;1;0;1;
78;0.214777;-0.214777;0.214779;-0.214781;0.214775;-0.214836;0.201768;-0.0916292;0.203737;-0.146227;0.157163;-0.149982;5.37663e-05;0.00869162;4.42475e-05;-0.00535054;2.52427e-05;0.00499702;0;1;0;1;0;1;
79;0.256703;-0.256705;0.256705;-0.256707;0.256702;-0.256739;0.174289;-0.0429931;0.175439;-0.0921153;0.14824;-0.114147;3.09379e-05;0.0128743;2.53576e-05;-0.00312506;1.43099e-05;-0.00135716;0;1;0;1;0;1;
80;0.28013;-0.280134;0.280132;-0.280134;0.280131;-0.280153;0.135;-0.0058196;0.135669;-0.0206236;0.119785;-0.0509702;0.0090942;0.0105161;1.441e-05;0.00759286;7.97698e-06;-0.000792672;0.979525;1;0;1;0;1;
81;0.291149;-0.291153;0.291151;-0.291152;0.291149;-0.291163;0.0806995;0.0320671;0.0810895;0.0491128;0.071811;0.0347684;0.00720785;0.00614377;0.0152654;0.020732;0.012513;0.0104278;1;1;1;1;0.906489;1;
82;0.291093;-0.292861;0.304055;-0.292814;0.292813;-0.292821;0.00742385;0.0584347;0.00765946;0.0683907;0.00310172;0.0600146;0.00704534;0.00358772;0.026254;0.0121077;0.0367145;0.00609057;1;0;1;0.429066;1;0.786299;
83;0.284016;-0.285049;0.291588;-0.285022;0.285022;-0.285026;-0.0773175;0.11578;-0.0771673;0.121594;-0.0798247;0.116703;0.00553127;0.00209485;0.0232165;0.00707047;0.039348;0.00355646;0.829792;0;1;0;1;0;
84;0.265301;-0.265906;0.269725;-0.26589;0.265889;-0.265892;-0.150277;0.172741;-0.150181;0.176137;-0.151729;0.17328;0.00323806;0.00122296;0.0147405;0.00412875;0.0244346;0.00207657;1;0;1;0;1;0;
85;0.235096;-0.23545;0.237681;-0.235441;0.235439;-0.235442;-0.199602;0.212723;-0.199542;0.214706;-0.200443;0.213038;0.00189284;0.000713702;0.00861044;0.00241072;0.0142711;0.00121229;1;0;1;0;1;0;
86;0.194141;-0.194349;0.195653;-0.194343;0.194342;-0.194344;-0.228948;0.236612;-0.228909;0.23777;-0.220419;0.236796;0.00110638;0.000416243;0.00502895;0.00140738;0.00833247;0.000707514;1;0;1;0;1;0;
87;0.140208;-0.14033;0.141092;-0.140326;0.140326;-0.140327;-0.244644;0.249121;-0.232921;0.249797;-0.209863;0.249228;0.000646121;0.000242498;0.00293597;0.000821423;0.00486307;0.000412662;1;0;1;0;1;0;
88;0.0677147;-0.067787;0.0682324;-0.0677846;0.0677844;-0.0677849;-0.239315;0.249698;-0.230743;0.249892;-0.2021;0.250476;0.000376809;0.000141062;0.00171373;0.000479184;0.00283794;0.000240481;1;0;1;0;1;0;
89;-0.0257481;0.0257048;-0.0254443;0.0257066;-0.025706;0.0257064;-0.224164;0.231563;-0.217951;0.237582;-0.180778;0.238263;0.000219223;8.1824e-05;-0.00930372;0.000279303;-0.00611278;0.000139883;1;0;1;0;1;0;
90;-0.123277;0.12325;-0.123098;0.123252;-0.123251;0.123252;-0.196089;0.2059;-0.198222;0.206762;-0.155329;0.207824;-0.00418219;4.72646e-05;-0.00543365;0.000162826;-0.00384206;8.13956e-05;1;0;1;0;1;0;
91;-0.198959;0.198942;-0.198852;0.198943;-0.198943;0.198942;-0.150579;0.169928;-0.166318;0.17864;-0.104797;0.180762;-0.00244263;2.70667e-05;-0.00317327;9.44923e-05;-0.0108529;4.69151e-05;1;0;1;0;1;0;
92;-0.247339;0.247327;-0.247273;0.247327;-0.247328;0.247327;-0.0998673;0.161172;-0.126759;0.166259;-0.0559595;0.167499;-0.00142547;1.53347e-05;-0.00185302;5.47815e-05;-0.00417386;2.69882e-05;1;0;1;0;1;0;
93;-0.275134;0.275124;-0.275092;0.275123;-0.275126;0.275124;-0.0382777;0.134378;-0.112912;0.13735;-0.0177991;0.138073;-0.0038384;8.59041e-06;-0.0010822;3.18311e-05;0.0122104;1.5291e-05;1;0;1;0.166939;1;0;
94;-0.289128;0.289121;-0.289103;0.289118;-0.289122;0.289121;0.0121521;0.0899936;-0.0774532;0.091737;0.0126758;0.0921512;0.00671999;4.65903e-06;-0.000631957;0.00676346;0.0071324;8.53673e-06;1;0;1;0.983279;1;0;
95;-0.293243;0.293238;-0.293323;0.28751;-0.293239;0.293239;0.034557;0.0251019;-0.0177692;0.026124;0.0348633;0.0263608;0.00392595;0.00742922;-0.000368341;0.00571329;0.00416656;0.00246156;1;0.966342;1;1;1;1;
96;-0.288226;0.267977;-0.288272;0.268255;-0.288224;0.288223;0.0915034;-0.0468154;0.0609477;-0.0560617;0.0916821;-0.0559173;0.00229232;0.0634821;-0.000214933;0.00823782;0.00243295;0.0286641;0;1;0.974146;0.921968;0;1;
97;-0.272342;0.260516;-0.272369;0.260678;-0.272341;0.272338;0.154285;-0.10681;0.13644;-0.133584;0.154389;-0.133487;0.00133829;0.0614665;-0.000125902;0.0137401;0.00142046;0.0403708;0;1;0;0.790505;0;1;
98;-0.244883;0.237978;-0.244899;0.23807;-0.244882;0.244878;0.201047;-0.154848;0.190626;-0.188955;0.201108;-0.188888;0.000781126;0.0439499;-7.3938e-05;0.00802681;0.000829101;0.0254897;0;1;0;0.804097;0;1;
