1;-0.000363587;0.000116064;9.94834e-05;-0.000363587;0.000116064;9.94836e-05;0.0349771;0.0347458;0.0352596;0.0349769;0.0347456;0.0352594;0.808667;0.808665;0.808666;0.808667;0.808665;0.808666;0;0;0;0;0;0;
2;-0.00113746;0.000174555;0.000416431;0.00393334;0.0319415;0.00143934;0.164133;0.153437;0.156803;0.193358;0.145154;0.149071;0.472401;0.472396;0.472392;0.472425;0.472362;0.472359;1;1;1;1;1;1;
3;0.000959609;-0.00831619;-0.0186214;-0.0123529;0.0409319;0.0106206;0.0959461;0.0895313;0.091666;0.128472;0.0902035;0.0911882;0.275904;0.275902;0.2759;0.275913;0.275879;0.275875;1;0.929494;0.69779;0.0155472;1;1;
4;-0.000136787;-0.00549155;-0.0102401;-0.00784951;0.0245382;0.0055671;0.0560136;0.0523198;0.0535102;0.0750562;0.0581106;0.0532871;0.161136;0.161134;0.161131;0.161138;0.161122;0.161117;1;1;1;0.469773;1;1;
5;0.00079616;-0.00408328;-0.00510414;-0.00546045;0.0152062;0.00237489;0.0353027;0.0321629;0.0310908;0.0440912;0.0385717;0.0363823;0.0941081;0.0941062;0.0941043;0.0941071;0.0940998;0.0940964;1;1;1;0.71134;1;1;
6;0.00157227;-0.00349207;-0.00187344;-0.00429639;0.00998774;0.000279471;0.0333214;0.0330393;0.0313468;0.0264108;0.0344246;0.0396742;0.0549624;0.0549608;0.0549598;0.0549607;0.0549576;0.0549552;1;1;1;0.859599;1;1;
7;0.00216151;-0.00320834;0.000149298;-0.00375246;0.00707603;-0.00108019;0.0310617;0.0310187;0.0256098;0.0241527;0.0325984;0.034178;0.0321012;0.0320997;0.0320992;0.0320986;0.0320983;0.032097;1;1;1;0.862996;1;1;
8;0.00239591;-0.00295987;0.0012208;-0.00332506;0.00526588;-0.00176449;0.0275812;0.0312931;0.0253029;0.023972;0.0327447;0.0365788;0.0187501;0.0187486;0.0187488;0.018747;0.0187488;0.0187474;1;1;1;0.847622;1;1;
9;0.00193762;-0.00226692;0.00168525;-0.00248024;0.00361357;-0.00170979;0.0253863;0.0323554;0.0223808;0.0257756;0.0321975;0.0380255;0.010953;0.0109514;0.0109521;0.0109496;0.0109528;0.0109511;1;1;1;0.810545;1;1;
10;0.000236356;-0.000428604;8.89828e-05;-0.000553208;0.00121499;-0.000103331;0.0226885;0.0330217;0.0192223;0.027829;0.0305462;0.0400201;0.00639959;0.00639753;0.00639885;0.00639582;0.0064001;0.00639791;1;1;1;0.7756;1;1;
11;-0.00350799;0.00339573;-0.00359408;0.00332294;-0.00293654;0.00358564;0.0197821;0.0341041;0.0161642;0.0305624;0.0290185;0.0429084;0.00421192;0.00373785;0.0037398;0.00373632;0.00745427;0.00373877;1;1;1;0.745751;1;1;
12;-0.0103484;0.0102828;-0.0103987;0.0102403;-0.0100147;0.0103937;0.0172373;0.0352069;0.0134685;0.0330168;0.0279062;0.0452498;0.00537859;0.00218444;0.00331551;0.0021831;0.00745185;0.00218574;1;1;1;0.722215;1;1;
13;-0.0215014;0.0214631;-0.0215308;0.0214383;-0.0213065;0.0215278;0.0169254;0.0357585;0.012471;0.0339595;0.027391;0.0458829;0.00533353;0.0012772;0.00314004;0.00127603;0.00829867;0.00127877;1;1;1;0.7174;1;1;
14;-0.0380532;0.0380307;-0.0380704;0.0380163;-0.0379394;0.0380685;0.0200157;0.036065;0.0149293;0.0305238;0.0283771;0.046288;0.00453272;0.000747681;0.00285783;0.000746418;0.00708585;0.00160073;1;1;1;0.748574;1;1;
15;-0.0603043;0.060291;-0.0603143;0.0602828;-0.0602379;0.060313;0.0303508;0.0300636;0.0221891;0.0196928;0.0304149;0.0355613;0.0061481;0.00496139;0.00167126;0.000437396;0.00414101;0.00465939;1;1;1;0.840134;1;1;
16;-0.0867338;0.0867259;-0.0867397;0.0867214;-0.086695;0.0867387;0.0491361;0.0204363;0.0427733;6.97401e-05;0.0401409;0.0189134;0.00359261;0.0105972;0.000977506;0.000591991;0.00241967;0.00941217;1;1;1;1;0.859884;1;
17;-0.113118;0.113113;-0.113121;0.113111;-0.113096;0.113121;0.0615749;-0.00423506;0.0578579;-0.0328332;0.0563192;-0.021823;0.00209904;0.0156993;0.000571191;0.00143634;0.00141278;0.0143927;0.803005;1;0.696673;0.823448;0;1;
18;-0.1328;0.132798;-0.132802;0.132796;-0.132787;0.132802;0.0975245;-0.0622701;0.0953538;-0.0807365;0.0944551;-0.0743007;0.00122543;0.0257753;0.000333198;0.00160698;0.000824691;0.00941096;0;1;0;0.852289;0;1;
19;-0.138312;0.13831;-0.138313;0.138309;-0.138304;0.138312;0.144737;-0.124136;0.143469;-0.134931;0.142945;-0.131167;0.000715232;0.0156308;0.00019418;0.00113093;0.00048121;0.00739159;0;1;0;1;0;1;
20;-0.123566;0.123566;-0.123567;0.123565;-0.123562;0.123567;0.18665;-0.174608;0.18591;-0.180921;0.185603;-0.178719;0.000417261;0.00913106;0.000112969;0.000661878;0.000280576;0.00431812;0;1;0;1;0;1;
21;-0.0843851;0.0843848;-0.0843855;0.0843847;-0.0843827;0.0843852;0.215325;-0.189896;0.214893;-0.211977;0.214714;-0.210689;0.000243221;0.0053334;6.5519e-05;0.00038726;0.000163365;0.00252193;0;1;0;1;0;1;
22;-0.0173044;0.0173046;-0.0173047;0.0173046;-0.0173032;0.0173044;0.230768;-0.185227;0.230515;-0.22881;0.230411;-0.220812;0.000141519;0.00311538;3.77444e-05;0.000226337;9.49045e-05;0.00147227;0;1;0;1;0;1;
23;0.072546;-0.0725453;0.0725458;-0.0725455;0.0725462;-0.0725461;0.229459;-0.165491;0.229339;-0.208711;0.229023;-0.209795;8.21306e-05;0.00182035;2.15104e-05;0.000132088;5.49081e-05;0.000859392;0;1;0;1;0;1;
24;0.159619;-0.159619;0.159619;-0.159619;0.159619;-0.15962;0.220582;-0.129595;0.219293;-0.171441;0.222449;-0.186905;4.74751e-05;0.00549806;1.20667e-05;-0.00288648;3.15572e-05;-0.00679224;0;1;0;1;0;1;
25;0.222491;-0.222491;0.222491;-0.222491;0.222491;-0.222491;0.202064;-0.0769612;0.201311;-0.124253;0.203154;-0.150031;2.72319e-05;0.0175926;6.52193e-06;-0.00168432;1.79207e-05;-0.00396622;0;1;0;1;0;1;
26;0.261128;-0.261129;0.261128;-0.261129;0.261128;-0.261128;0.17234;-0.0201438;0.1719;-0.0639107;0.172976;-0.103356;1.54506e-05;0.027819;3.34066e-06;0.00914737;9.98741e-06;-0.00231524;0;1;0;1;0;1;
27;0.282492;-0.282494;0.282493;-0.282495;0.282493;-0.282493;0.131111;0.0179778;0.13085;-0.00224392;0.131479;-0.0238459;0.0043487;0.0241592;1.50289e-06;0.0264798;5.38889e-06;0.0114663;1;1;0;1;0;1;
28;0.292154;-0.292156;0.292154;-0.292156;0.292154;-0.292155;0.0746526;0.0542516;0.0744975;0.0440264;0.0748664;0.055001;0.0124127;0.0143264;0.0169029;0.015467;0.0155019;0.0258737;1;1;1;1;1;1;
29;0.292388;-0.294669;0.292288;-0.295276;0.296999;-0.296947;-0.000678541;0.0759638;-0.000765933;0.0699922;-0.00054714;0.0764055;0.0108913;0.00836644;0.0165269;0.00903252;0.0252755;0.0151122;1;0;1;0;1;1;
30;0.283565;-0.284898;0.283507;-0.285252;0.286004;-0.286228;-0.0854654;0.129434;-0.0855061;0.125946;-0.0853706;0.129692;0.00693875;0.00488565;0.0189662;0.00527446;0.0557503;0.00882509;1;0;1;0;1;0;
31;0.263258;-0.264037;0.263224;-0.264244;0.264684;-0.264814;-0.156269;0.181947;-0.156283;0.179911;-0.156199;0.182098;0.00405332;0.00285279;0.0154716;0.00307985;0.0343698;0.00515338;1;0;1;0;1;0;
32;0.231741;-0.232196;0.231722;-0.232317;0.232575;-0.23265;-0.20332;0.218317;-0.203323;0.217128;-0.203271;0.218406;0.00236816;0.0016655;0.00903741;0.00179819;0.0200725;0.00300912;1;0;1;0;1;0;
33;0.189509;-0.189775;0.189498;-0.189846;0.189996;-0.19004;-0.231037;0.239796;-0.231034;0.239102;-0.226591;0.239848;0.00138299;0.000972073;0.00527858;0.00104968;0.0117194;0.00175686;1;0;1;0;1;0;
34;0.133908;-0.134063;0.133901;-0.134104;0.134193;-0.134218;-0.245646;0.250762;-0.227648;0.250356;-0.220681;0.250792;0.000806821;0.000567104;0.00308269;0.000612501;-0.00920515;0.0010255;1;0;1;0;1;0;
35;0.05917;-0.0592608;0.0591662;-0.0592849;0.0593372;-0.0593512;-0.246508;0.249903;-0.225058;0.249363;-0.211403;0.249385;0.0004697;0.000330595;0.00180037;0.000357216;-0.00956587;0.000598378;1;0;1;0;1;0;
36;-0.0359263;0.0358734;-0.0359284;0.0358591;-0.035828;0.0358203;-0.22802;0.227484;-0.2137;0.236174;-0.188584;0.235887;-0.00506639;0.000192481;0.00105158;0.000208102;-0.013553;0.000348951;1;0;1;0;1;0;
37;-0.132213;0.132182;-0.132214;0.132173;-0.132155;0.13215;-0.191903;0.201356;-0.19148;0.208549;-0.157679;0.204421;-0.00296024;0.00011189;0.00061475;0.000121233;-0.00791715;0.000203492;1;0;1;0;1;0;
38;-0.205024;0.205005;-0.205024;0.205;-0.20499;0.204987;-0.143622;0.167306;-0.158053;0.199756;-0.104386;0.178346;-0.0034544;6.48083e-05;0.000359981;7.01837e-05;-0.0043883;0.000118399;1;0;1;0;1;0;
39;-0.250958;0.250946;-0.250957;0.250943;-0.250938;0.250935;-0.0941787;0.157657;-0.116707;0.176608;-0.0582118;0.164104;-0.00578436;3.73651e-05;0.000211424;4.05524e-05;0.0101908;6.8621e-05;1;0;1;0;1;0;
40;-0.277086;0.277078;-0.277085;0.277076;-0.277075;0.277072;-0.0254348;0.129796;-0.0669684;0.140863;-0.000222428;0.133561;0.0193411;2.13354e-05;0.000124546;2.33235e-05;-0.0292917;3.9745e-05;1;0;1;0;1;0;
41;-0.289954;0.289948;-0.289952;0.289947;-0.289947;0.289944;0.0436277;0.083855;0.026998;0.0903205;0.0408878;0.0860546;0.0187992;0.00697793;0.0151665;0.0103098;-0.0171025;0.0134158;1;0.749794;1;0.969986;1;1;
42;-0.293163;0.293158;-0.293162;0.291232;-0.293158;0.293157;0.0577425;0.01705;0.0477005;0.0208195;0.0558106;0.0183333;0.0109799;0.0238307;0.00885871;0.00602358;-0.00998725;0.0164169;0.894742;1;1;1;0.609321;1;
43;-0.287144;0.2959;-0.287143;0.286016;-0.287141;0.28714;0.109019;-0.0653238;0.103154;-0.063138;0.10789;-0.0645776;0.0064119;0.0296322;0.00517314;0.00544906;-0.00583299;0.0194318;0;1;0;0.686745;0;1;
44;-0.270065;0.27518;-0.270065;0.269407;-0.270064;0.270063;0.166261;-0.140732;0.162837;-0.139466;0.165602;-0.140299;0.00374414;0.0173088;0.00302073;0.00318296;-0.00340686;0.0113517;0;1;0;0.89923;0;1;
45;-0.241493;0.244479;-0.241493;0.241108;-0.241492;0.241492;0.208431;-0.190005;0.206431;-0.192781;0.208046;-0.193262;0.00218602;0.0131825;0.0017636;0.00185933;-0.00199;0.00663075;0;1;0;0.771711;0;1;
46;-0.202303;0.204047;-0.202303;0.202078;-0.202302;0.202302;0.234205;-0.208339;0.233037;-0.225064;0.23398;-0.225341;0.00127612;0.00770005;0.00102943;0.00108609;-0.00116266;0.00387257;0;1;0;0.914317;0;1;
47;-0.150865;0.151883;-0.150865;0.150733;-0.150864;0.150864;0.248058;-0.212868;0.247376;-0.242719;0.247927;-0.233803;0.000744739;0.00449531;0.000600681;0.000633757;-0.000679541;0.00226107;0;1;0;0.962244;0;1;
48;-0.0819841;0.0825789;-0.081984;0.0819072;-0.0819836;0.0819838;0.250839;-0.202815;0.250759;-0.243922;0.251316;-0.228677;0.000434435;0.00262297;0.000350298;-0.00863398;-0.00039742;0.00131995;0;1;0;0.942366;0;1;
49;0.0083555;-0.00800764;0.0083555;-0.00840039;0.00835613;-0.0083557;0.238271;-0.188304;0.239333;-0.233731;0.234719;-0.219003;0.000253174;-0.0039914;0.00020402;-0.00504415;-0.000232662;0.000770692;0;1;0;1;0;1;
50;0.107334;-0.107131;0.107334;-0.10736;0.107335;-0.107334;0.219419;-0.162491;0.212434;-0.20716;0.211175;-0.202605;0.000147358;-0.00588727;0.000118648;-0.0029474;-0.000136422;-0.00178018;0;1;0;1;0;1;
51;0.187852;-0.187734;0.187852;-0.187868;0.187853;-0.187852;0.210509;-0.122401;0.169363;-0.163051;0.176905;-0.169991;8.5537e-05;-0.00708383;6.89538e-05;-0.00820005;-8.02146e-05;-0.00103927;0;1;0;1;0;1;
52;0.240617;-0.240549;0.240617;-0.240627;0.240617;-0.240617;0.188178;-0.0619559;0.141263;-0.112406;0.168554;-0.133552;4.95451e-05;-0.00119476;3.97821e-05;-0.00478899;-4.73131e-05;-0.000606788;0;1;0;1;0;1;
53;0.271439;-0.271402;0.27144;-0.271446;0.27144;-0.27144;0.154321;-0.029083;0.126919;-0.0566716;0.142856;-0.0649999;0.00119484;0.0176841;2.28643e-05;0.00963162;-2.81177e-05;0.00180266;1;1;0;1;0;1;
54;0.287466;-0.287445;0.287466;-0.287471;0.287467;-0.287467;0.107323;-0.00127606;0.0913188;0.0198081;0.100622;0.0175015;0.00439551;0.01033;0.00750842;0.0121118;-1.68269e-05;0.0277207;1;1;1;1;0;1;
55;0.293158;-0.293146;0.276646;-0.293161;0.293159;-0.293159;0.0427172;0.0192181;0.0373745;0.0633546;0.0388085;0.0730091;0.00358636;0.00603279;0.0390616;0.00707435;0.0156513;0.0161912;1;0.299507;1;0.81197;1;1;
56;0.289813;-0.289806;0.255741;-0.289814;0.294065;-0.289813;-0.0391953;0.0753663;-0.0423032;0.101142;-0.0271871;0.106781;0.00209544;0.00352276;0.0287093;0.00413105;0.0521408;0.00945566;1;0;1;0;1;0.254905;
57;0.275955;-0.275951;0.251292;-0.275956;0.27844;-0.275955;-0.120235;0.141359;-0.122038;0.156412;-0.113206;0.159705;0.00122462;0.00205691;0.0235145;0.00241214;0.0487158;0.00552167;1;0;1;0;1;0;
58;0.250436;-0.250434;0.236032;-0.250437;0.251888;-0.250436;-0.180302;0.192639;-0.181347;0.20143;-0.176184;0.203353;0.000715747;0.00120082;0.0137359;0.0014082;0.0284565;0.00322417;1;0;1;0;1;0;
59;0.214179;-0.214177;0.205767;-0.214179;0.215027;-0.214179;-0.217803;0.225009;-0.218408;0.230142;-0.215391;0.231265;0.0004176;0.000700754;0.00802282;0.000821913;0.0166179;0.00188243;1;0;1;0;1;0;
60;0.166496;-0.166495;0.161583;-0.166496;0.166991;-0.166496;-0.238946;0.243155;-0.237434;0.246153;-0.226646;0.246809;0.000242968;0.000408662;0.00468516;0.000479508;0.0078843;0.00109887;1;0;1;0;1;0;
61;0.103062;-0.103061;0.100193;-0.103062;0.103351;-0.103062;-0.247917;0.251587;-0.23066;0.253338;-0.213972;0.253721;0.000141544;0.000238062;0.00273576;0.000279543;-0.0100674;0.000641207;1;0;1;0;1;0;
62;0.0184138;-0.0184136;0.0167383;-0.018414;0.0185833;-0.0184139;-0.242687;0.238409;-0.220203;0.2445;-0.19964;0.243052;8.07415e-05;0.000138467;0.00159733;0.000162719;-0.00950755;0.000373948;1;0;1;0;1;0;
63;-0.0808912;0.0808908;-0.0818694;0.0808906;-0.0807907;0.0808906;-0.222129;0.219524;-0.207499;0.226751;-0.179424;0.224533;-0.00662557;8.03142e-05;0.000933025;9.45164e-05;-0.0128494;0.000217855;1;0;1;0;1;0;
64;-0.168495;0.168493;-0.169065;0.168493;-0.168435;0.168493;-0.183502;0.186375;-0.179283;0.218927;-0.148309;0.216526;-0.00988446;4.63634e-05;-0.00210792;5.47103e-05;-0.0109646;0.000126761;1;0;1;0;1;0;
65;-0.228618;0.228615;-0.22895;0.228615;-0.228582;0.228615;-0.125961;0.146851;-0.136879;0.198122;-0.0899842;0.19672;-0.0108602;2.6698e-05;-0.00123021;3.14698e-05;-0.00640406;7.35319e-05;1;0;1;0;1;0;
66;-0.264696;0.264692;-0.264887;0.264692;-0.264673;0.264692;-0.0610081;0.136402;-0.0925681;0.166344;-0.0316297;0.165525;-0.00634148;1.50894e-05;0.00016651;1.79329e-05;-0.00373855;4.24849e-05;1;0;1;0;1;0;
67;-0.284221;0.284217;-0.28433;0.284216;-0.284208;0.284217;-0.0154675;0.105213;-0.0184174;0.122704;0.0101254;0.122221;-0.00246485;8.44114e-06;-0.00720522;0.00500886;0.0108368;2.43815e-05;1;0;1;0.502415;1;0;
68;-0.292492;0.292489;-0.292555;0.292489;-0.292484;0.292489;0.0538698;0.0527933;0.0826786;0.0630108;0.0554621;0.0627264;0.00912358;0.0100488;0.0245215;0.00623574;0.0116341;0.00592268;1;1;1;1;1;1;
69;-0.292417;0.259041;-0.28048;0.291973;-0.292779;0.283888;0.0835585;-0.0212535;0.101395;-0.0152955;0.0844884;-0.0154578;0.00532773;0.0443814;0.0143228;0.00814059;0.0067939;0.0171259;0;1;0.809161;1;0;1;
70;-0.281368;0.268367;-0.274397;0.281108;-0.281579;0.276386;0.139183;-0.0997977;0.1496;-0.099316;0.139726;-0.0993998;0.00311089;0.0604182;0.00836398;0.00475605;0.00396732;0.0194305;0;1;0;0.68216;0;1;
71;-0.258827;0.251236;-0.254756;0.258674;-0.25895;0.255917;0.189388;-0.166371;0.195471;-0.166104;0.189705;-0.166145;0.00181635;0.0357818;0.00488404;0.00277949;0.00231647;0.0144366;0;1;0;0.767703;0;1;
72;-0.225357;0.220924;-0.22298;0.225268;-0.225429;0.223658;0.222925;-0.209474;0.226477;-0.209325;0.22311;-0.209345;0.00106029;0.0208967;0.0028518;0.00162445;0.00135229;0.00843169;0;1;0;0.923151;0;1;
73;-0.181033;0.178444;-0.179645;0.180981;-0.181075;0.180041;0.242308;-0.227914;0.244383;-0.234365;0.242416;-0.234373;0.000618737;0.0122002;0.00166495;0.000948886;0.000789164;0.00492345;0;1;0;0.972443;0;1;
74;-0.122519;0.121007;-0.121709;0.122489;-0.122544;0.12194;0.251823;-0.217605;0.253035;-0.247184;0.251887;-0.23225;0.000360792;-0.0153182;0.000971774;0.000553689;0.000460301;0.00287405;0;1;0;0.979654;0;1;
75;-0.0439238;0.0430408;-0.0434503;0.0439063;-0.043938;0.0435858;0.247157;-0.217176;0.247117;-0.240177;0.245323;-0.230688;0.000210224;-0.0240017;0.000567001;0.000322308;0.00026823;0.00167729;0;1;0;1;0;1;
76;0.0534331;-0.0539489;0.0537096;-0.0534431;0.0534251;-0.0536303;0.232651;-0.192224;0.233135;-0.222077;0.223965;-0.218208;0.000122273;-0.0215079;0.000330629;-0.00253017;0.000156065;-0.00483871;0;1;0;1;0;1;
77;0.146915;-0.147217;0.147076;-0.146921;0.146911;-0.14703;0.225338;-0.151049;0.225428;-0.18813;0.195147;-0.193255;7.09368e-05;-0.0140935;0.00019261;-0.00206615;9.05812e-05;-0.0074764;0;1;0;1;0;1;
78;0.214772;-0.21495;0.214867;-0.214776;0.21477;-0.21484;0.206656;-0.0960954;0.206709;-0.13803;0.160006;-0.158633;4.09465e-05;-0.00823178;0.000112019;-0.00515943;5.23759e-05;-0.00436674;0;1;0;1;0;1;
79;0.256701;-0.256807;0.256756;-0.256704;0.256699;-0.256741;0.177144;-0.0478929;0.177174;-0.0758465;0.1499;-0.140168;2.35483e-05;0.0087739;6.49632e-05;-0.00301192;3.01538e-05;-0.00255052;0.178785;1;0;1;0;1;
80;0.280129;-0.280193;0.280162;-0.280132;0.280129;-0.280153;0.136669;-0.00601926;0.136682;-0.0308845;0.120754;-0.08842;0.00344767;-0.0230237;3.7589e-05;0.012536;1.71789e-05;-0.00148874;1;1;0;1;0;1;
81;0.291149;-0.291187;0.291168;-0.291151;0.291149;-0.291163;0.0816751;0.047756;0.0816752;0.0450766;0.0723744;0.0345769;0.00731462;-0.0134434;2.15784e-05;0.0150854;0.0114781;0.00924152;1;1;0;0.59507;0.614505;1;
82;0.292812;-0.293106;0.282013;-0.292814;0.29642;-0.291076;0.00799478;0.0676254;0.00800091;0.0660326;0.0025698;0.0599384;0.00593209;-0.00785042;0.0459197;0.0088097;0.0236098;0.0178548;1;0.062471;1;0.170028;1;1;
83;0.285021;-0.285192;0.251775;-0.285021;0.287129;-0.284007;-0.0769849;0.121147;-0.0769664;0.120217;-0.0801369;0.116658;0.00346528;-0.0045851;0.0371524;0.00514452;0.0340409;0.0104269;0.945269;0;1;0;1;0;
84;0.265889;-0.265989;0.226825;-0.26589;0.267124;-0.265297;-0.150084;0.175875;-0.150062;0.175332;-0.151909;0.173254;0.00202496;-0.0026781;0.021704;0.00300401;0.0356027;0.00608889;1;0;1;0;1;0;
85;0.23544;-0.235499;0.212625;-0.23544;0.236161;-0.235094;-0.19949;0.214554;-0.199471;0.214237;-0.180115;0.213023;0.00118327;-0.00156445;0.0126787;0.00175386;0.0211795;0.00355542;1;0;1;0;1;0;
86;0.194343;-0.194378;0.181019;-0.194344;0.194765;-0.194142;-0.228883;0.237681;-0.228116;0.237496;-0.193357;0.236787;0.000691205;-0.000914133;0.0074058;0.00102372;0.0123728;0.00207581;1;0;1;0;1;0;
87;0.140326;-0.140346;0.132545;-0.140326;0.140573;-0.140208;-0.244606;0.249745;-0.230634;0.249637;-0.206332;0.249223;0.000403489;-0.000534383;0.00432432;0.000597326;0.00722636;0.00121173;1;0;1;0;1;0;
88;0.0677849;-0.0677965;0.0632411;-0.067785;0.0679291;-0.0677161;-0.244107;0.2507;-0.228473;0.250534;-0.205443;0.251133;0.00023488;-0.000312643;0.00252409;0.000348321;0.00421806;0.00070712;1;0;1;0;1;0;
89;-0.0257062;0.0256996;-0.0283592;0.0257061;-0.025622;0.0257463;-0.226539;0.231037;-0.221404;0.237624;-0.190217;0.238232;0.000136115;-0.000183133;-0.00393002;0.000202879;-0.00746493;0.000412408;1;0;1;0;1;0;
90;-0.123251;0.123248;-0.124801;0.123251;-0.123202;0.123275;-0.201688;0.206217;-0.199824;0.204182;-0.157075;0.202667;-0.00595986;-0.000107515;-0.0029887;0.000117985;-0.00489127;0.000240343;1;0;1;0;1;0;
91;-0.198943;0.19894;-0.199847;0.198942;-0.198914;0.198956;-0.158014;0.170307;-0.161043;0.16996;-0.111804;0.168887;-0.0082661;-6.33023e-05;-0.0017448;6.84798e-05;-0.00288344;0.000139852;1;0;1;0;1;0;
92;-0.247329;0.247326;-0.247856;0.247327;-0.24731;0.247335;-0.104887;0.161393;-0.116845;0.16119;-0.0620485;0.160564;-0.00785159;-3.74283e-05;0.002418;3.95064e-05;0.00131616;8.12209e-05;1;0;1;0;1;0;
93;-0.275128;0.275123;-0.275433;0.275124;-0.275115;0.275128;-0.0383423;0.134507;-0.0694179;0.134389;-0.0119949;0.134023;0.00387426;-2.23201e-05;0.00141301;2.2672e-05;0.00297492;4.70582e-05;1;0;1;0;1;0;
94;-0.289125;0.28912;-0.289302;0.28912;-0.289116;0.289123;0.0230572;0.0900699;0.00983242;0.0900032;0.0324556;0.0897881;0.00435093;-1.30514e-05;0.00644863;0.00187834;-0.017842;0.0125446;1;0.366724;1;0.586163;1;1;
95;-0.293241;0.293238;-0.293344;0.293238;-0.293236;0.293239;0.0409266;0.0251503;0.0332006;0.0251065;0.0464518;0.0249892;0.00254211;0.00393641;0.0037668;0.00121394;-0.0104193;0.0180777;1;1;0.870075;0.683284;0.870527;1;
96;-0.288225;0.287372;-0.288285;0.288223;-0.288222;0.288224;0.0952237;-0.0481641;0.0907114;-0.0566591;0.0984497;-0.0567159;0.00148428;0.0581048;0.00219945;0.000710436;-0.00608516;0.0189735;0;1;0;0.734406;0;1;
97;-0.272341;0.271843;-0.272376;0.27234;-0.272339;0.272341;0.156457;-0.128959;0.153822;-0.133933;0.158341;-0.133959;0.000866395;0.0403289;0.00128406;0.00238212;-0.00355407;0.0125053;0;1;0;0.706163;0;1;
98;-0.244883;0.244591;-0.244903;0.244881;-0.244881;0.244882;0.202315;-0.186244;0.200776;-0.18916;0.203416;-0.189169;0.000505528;0.0235563;0.00074941;0.00139246;-0.00207602;0.00730493;0;1;0;1;0;1;
