1;-0.000363587;0.000116064;9.94836e-05;-0.000363587;0.000116064;9.94834e-05;0.034977;0.0347457;0.0352595;0.0349769;0.0347456;0.0352595;0.808667;0.808665;0.808666;0.808667;0.808665;0.808666;0;0;0;0;0;0;
2;-0.00220509;0.00541093;0.00453385;0.00258454;0.00979528;0.00813019;0.121341;0.121092;0.18296;0.11942;0.127486;0.179507;0.472331;0.472332;0.472359;0.472338;0.472347;0.472365;1;1;1;1;1;1;
3;-0.0135296;-0.00594737;-0.0102541;0.00281758;0.0126424;0.0119109;0.0825742;0.080725;0.118687;0.0781675;0.0904927;0.112769;0.275859;0.275856;0.275888;0.275854;0.275868;0.275892;1;0.533794;1;0;0.513054;1;
4;-0.0119916;-0.00916134;-0.00946743;0.000225716;0.0081275;0.00632233;0.114436;0.0754823;0.077749;0.106979;0.0856896;0.0745228;0.161117;0.161114;0.161137;0.161116;0.161123;0.161137;1;1;1;1;1;1;
5;-0.00909039;-0.00714116;-0.00631088;-0.00458519;0.00562311;0.00281649;0.075837;0.045167;0.0565379;0.0746182;0.0567068;0.0581261;0.0941083;0.0941003;0.0941154;0.0941079;0.0941066;0.0941133;1;1;1;0.955356;1;1;
6;-0.00420194;-0.00527793;-0.00257857;-0.00564914;0.00493751;0.000830491;0.0594296;0.0305055;0.0576834;0.0461896;0.0485327;0.0556324;0.0549691;0.0549594;0.0549719;0.0549669;0.054966;0.0549696;1;1;1;1;1;1;
7;-0.00249918;-0.00528918;-0.00101599;-0.00647411;0.00520134;0.000160185;0.0523433;0.0275743;0.0453847;0.0415379;0.043281;0.0471073;0.0321095;0.0320994;0.0321114;0.0321065;0.0321073;0.032108;1;1;1;1;1;1;
8;-0.000468854;-0.00422255;0.000539976;-0.00730624;0.00417132;-0.00103996;0.0457674;0.0306288;0.037684;0.0406255;0.0391929;0.0441293;0.0187588;0.0187489;0.0187589;0.018755;0.0187569;0.0187558;1;0.908864;1;1;1;1;
9;-0.000918076;-0.00305202;-0.00035355;-0.00590891;0.00309298;-0.000857901;0.0395167;0.0245242;0.0336074;0.0407145;0.0338776;0.0421427;0.0141593;0.010952;0.0109599;0.0109569;0.0136455;0.0109572;1;1;1;1;1;1;
10;-0.00436027;-0.000887607;-0.00418053;-0.0028631;0.000911729;0.000394367;0.0357287;0.0233727;0.0285571;0.0402915;0.0306738;0.0424202;0.012947;0.00639742;0.00892916;0.00640226;0.0109261;0.00640197;1;1;1;1;1;1;
11;-0.00619275;0.00312722;-0.00608775;0.00197302;-0.00311283;0.00387636;0.0319343;0.0239472;0.0249135;0.0419338;0.02796;0.04358;0.0115121;0.00373702;0.00814046;0.00430205;0.0119836;0.00374126;1;0.875463;1;1;1;1;
12;-0.0119164;0.0101252;-0.0118552;0.00945097;-0.0101165;0.0105633;0.0287708;0.0246347;0.0217906;0.0421401;0.0258328;0.0457323;0.0140322;0.00218312;0.00876951;0.00343193;0.0124985;0.00218719;1;0.65893;1;1;1;1;
13;-0.0224167;0.0213698;-0.0223813;0.0209762;-0.0213644;0.0216265;0.0292344;0.0243728;0.0206131;0.0428958;0.0258252;0.0467914;0.0141693;0.0012756;0.00671322;0.00200661;0.0116394;0.0016419;1;0.473674;1;0.852754;1;1;
14;-0.038586;0.037974;-0.0385669;0.037745;-0.0379712;0.0381249;0.0308183;0.0250294;0.021731;0.0421519;0.0280212;0.0430874;0.0135048;0.000746125;0.00544843;0.00236345;0.0108492;0.00325744;1;0.671426;1;0.74471;1;1;
15;-0.0606135;0.0602548;-0.0606036;0.0601227;-0.0602538;0.0603443;0.0405079;0.022701;0.0321479;0.0326082;0.0327895;0.0339589;0.0121139;0.0031682;0.00323944;0.0046279;0.00761532;0.00615327;1;0.912874;1;1;1;1;
16;-0.0869125;0.0866997;-0.086907;0.0866256;-0.0867014;0.0867557;0.0574346;0.0169098;0.0539618;0.0142503;0.0427208;0.0171962;0.00707737;0.0143539;0.00189334;0.0110216;0.00444811;0.0105591;1;1;1;1;0.865055;1;
17;-0.11322;0.113092;-0.113217;0.113053;-0.113099;0.11313;0.0744131;0.0051501;0.0715067;-0.0245469;0.0578258;-0.0207705;0.00413485;0.0323418;0.00110678;0.0204402;0.00259723;0.0230489;0.97696;1;1;1;0;1;
18;-0.13286;0.132782;-0.132857;0.132761;-0.132789;0.132807;0.105022;-0.0134822;0.103326;-0.0758927;0.0953349;-0.0736843;0.00241437;0.0602516;0.000646657;0.0181722;0.00151638;0.0239622;0;1;0.45855;1;0;1;
19;-0.138346;0.1383;-0.138345;0.137976;-0.138305;0.138315;0.149116;-0.0610186;0.148125;-0.132097;0.143459;-0.130802;0.00140957;0.0740608;0.000377221;0.0238956;0.000885142;0.0295082;0;1;0;0.846132;0;1;
20;-0.123587;0.123558;-0.123586;0.123369;-0.123563;0.123569;0.189207;-0.107534;0.188629;-0.17926;0.185903;-0.178238;0.00082276;0.0605023;0.000219861;0.0254771;0.000516447;0.0249539;0;1;0;1;0;1;
21;-0.0843969;0.0843794;-0.0843964;0.0842688;-0.0843829;0.0843864;0.216818;-0.14177;0.21648;-0.208015;0.214889;-0.196479;0.000480045;0.0395273;0.00012795;0.0163662;0.000301088;0.014579;0;1;0;1;0;1;
22;-0.0173114;0.0173012;-0.0173111;0.0172358;-0.0173032;0.0173061;0.23164;-0.160815;0.231443;-0.211296;0.230513;-0.204566;0.000279905;0.0230907;7.42641e-05;0.00956187;0.00017527;0.00851791;0;1;0;1;0;1;
23;0.0725417;-0.0725478;0.0725419;-0.0725864;0.0725465;-0.0725441;0.230435;-0.162422;0.229272;-0.199017;0.230034;-0.204576;0.000163017;0.013487;4.29238e-05;0.005586;0.0001018;0.00497594;0;1;0;1;0;1;
24;0.159617;-0.159621;0.159617;-0.159643;0.15962;-0.159618;0.223274;-0.142054;0.222595;-0.169933;0.22304;-0.18904;9.47624e-05;0.00787488;2.46161e-05;0.00326297;5.888e-05;0.00290567;0;1;0;1;0;1;
25;0.222489;-0.222494;0.222489;-0.222506;0.222491;-0.22249;0.203636;-0.103337;0.203239;-0.121696;0.203499;-0.157779;5.4898e-05;-0.00609388;1.39289e-05;-0.00428501;3.38443e-05;-0.0098444;0;1;0;1;0;1;
26;0.261127;-0.261133;0.261127;-0.261138;0.261128;-0.261128;0.173258;-0.0534509;0.173026;-0.0687763;0.173178;-0.146477;3.16409e-05;-0.0136878;7.70345e-06;-0.00770616;1.92705e-05;-0.00575029;0;1;0;1;0;1;
27;0.282489;-0.282497;0.282493;-0.282499;0.282493;-0.282494;0.13165;-0.0361651;0.131508;-0.0188297;0.131596;-0.116002;0.0139622;-0.0100975;4.09203e-06;0.0210264;1.08296e-05;-0.00434594;1;1;0;1;0;1;
28;0.291791;-0.292159;0.292155;-0.292159;0.292155;-0.292156;0.0749722;-0.0191975;0.0748769;0.0473542;0.0749289;-0.0658162;0.0294204;-0.00628669;2.02887e-06;0.0192581;5.95998e-06;-0.00416223;1;1;0;1;0;1;
29;0.278218;-0.307945;0.290679;-0.297739;0.265086;-0.302021;-0.000482397;0.0330687;-0.000551715;0.0719362;-0.000515825;0.00585301;0.0406273;-0.00862125;0.0150191;0.011247;0.0573996;-0.00243036;1;0;1;0;1;1;
30;0.253581;-0.292651;0.275607;-0.28669;0.249237;-0.289192;-0.0853426;0.104383;-0.0853837;0.127082;-0.0692121;0.0884925;0.0273581;-0.00503516;0.0239194;0.00656778;0.0744909;-0.00141984;1;0;1;0;1;1;
31;0.245746;-0.268565;0.25861;-0.265084;0.228576;-0.266545;-0.156192;0.167317;-0.155874;0.180574;-0.0978982;0.158038;0.0275055;-0.00294094;0.0424007;0.00383515;0.0793563;-0.000829552;1;0;1;0;1;0;
32;0.221513;-0.234841;0.229025;-0.232808;0.211486;-0.233661;-0.20327;0.209774;-0.182639;0.217515;-0.11839;0.204354;0.0202491;-0.00171794;0.0299978;0.00223923;0.0724603;-0.000484928;1;0;1;0;1;0;
33;0.183535;-0.19132;0.187923;-0.190132;0.177681;-0.190631;-0.231003;0.234807;-0.192916;0.239328;-0.146476;0.231642;0.0119699;-0.0010038;0.0218525;0.00130722;0.0437982;-0.000283658;1;0;1;0;1;0;
34;0.130418;-0.134965;0.132982;-0.134272;0.127001;-0.134563;-0.235698;0.247848;-0.200049;0.250488;-0.166037;0.246;0.00699353;-0.000586763;0.0148856;0.000762923;0.0255869;-0.000166152;1;0;1;0;1;0;
35;0.0571308;-0.0597878;0.0586305;-0.0593827;0.0551379;-0.0595527;-0.22972;0.25006;-0.211567;0.24922;-0.174166;0.249551;0.00408583;-0.000343241;0.0086965;0.000445049;0.0149472;-9.75262e-05;1;0;1;0;1;0;
36;-0.037118;0.0355654;-0.0362402;0.0358021;-0.0382803;0.0357028;-0.209837;0.228827;-0.208361;0.234246;-0.171632;0.235061;0.00238714;-0.000201022;0.00507956;0.000259406;0.00873048;-5.74635e-05;1;0;1;0;1;0;
37;-0.132909;0.132002;-0.132395;0.13214;-0.133587;0.132082;-0.174882;0.205758;-0.186788;0.204212;-0.149517;0.206265;0.00139496;-0.000117931;0.00296643;0.000151173;0.00509888;-3.38591e-05;1;0;1;0;1;0;
38;-0.20543;0.2049;-0.205129;0.204981;-0.205827;0.204947;-0.134825;0.198126;-0.160169;0.196201;-0.106192;0.198422;0.00322981;-6.94031e-05;-0.00451595;8.77369e-05;0.000654658;-2.03478e-05;1;0;1;0;1;0;
39;-0.251195;0.250885;-0.251018;0.250932;-0.251428;0.250912;-0.0797218;0.175656;-0.124163;0.174531;-0.0622711;0.175829;-0.00361151;-4.10312e-05;-0.00263856;5.0776e-05;-0.00229246;-1.23233e-05;1;0;1;0;1;0;
40;-0.277224;0.277042;-0.27712;0.277069;-0.27736;0.277058;-0.0276699;0.140307;-0.110233;0.13965;-0.00508751;0.140408;0.00589943;-2.44162e-05;-0.00154022;2.92596e-05;-0.00790208;-7.61652e-06;1;0;1;0;1;0;
41;-0.290034;0.289927;-0.289974;0.289941;-0.290114;0.289936;0.0491979;0.0899912;-0.0724236;0.0896139;0.0269465;0.0900511;0.0255493;-1.46389e-05;-0.00121021;0.00593833;-0.0125044;0.000359818;1;0;1;1;1;0.359868;
42;-0.29503;0.279256;-0.293174;0.279673;-0.305143;0.286237;0.0980866;0.0206332;-0.0103602;0.0204119;0.0476671;0.0206658;0.0149235;0.0515317;-0.000707313;0.03295;-0.00730415;0.0283883;1;1;1;1;0.370229;1;
43;-0.288234;0.249271;-0.28715;0.259789;-0.29414;0.26549;0.132579;-0.0220298;0.0692477;-0.0633692;0.103134;-0.0632149;0.00871482;0.080572;-0.00183383;0.0240974;-0.00426601;0.0366942;0;1;0.567969;1;0;1;
44;-0.270702;0.229683;-0.270069;0.221591;-0.274151;0.251678;0.180021;-0.0777621;0.143035;-0.139595;0.162825;-0.139496;0.00508894;0.0908266;-0.00107134;0.0357101;-0.00249174;0.042551;0;1;0;1;0;1;
45;-0.241865;0.215009;-0.241495;0.179282;-0.243879;0.230755;0.216466;-0.116383;0.194867;-0.192848;0.206424;-0.19272;0.00297149;0.072529;-0.00062608;0.0321934;-0.00145566;0.0248585;0;1;0;1;0;1;
46;-0.20252;0.186834;-0.202304;0.16597;-0.203696;0.196032;0.238897;-0.147007;0.226283;-0.225098;0.233033;-0.201238;0.00173483;0.0457309;-0.000366093;0.0188077;-0.000850604;0.0149721;0;1;0;1;0;1;
47;-0.150992;0.141831;-0.150865;0.129645;-0.151679;0.147203;0.250799;-0.168391;0.243432;-0.232758;0.247374;-0.203623;0.00101265;0.0267155;-0.000214292;0.0109877;-0.000497311;0.0119808;0;1;0;1;0;1;
48;-0.082058;0.0767087;-0.0819844;0.0695907;-0.0824595;0.0798465;0.252001;-0.173975;0.250896;-0.231126;0.252284;-0.212022;0.00059088;0.0156065;-0.000125636;0.00641902;-0.000291;0.00700001;0;1;0;1;0;1;
49;0.00831265;-0.011436;0.00835563;-0.0155945;0.00807801;-0.00960323;0.238616;-0.172227;0.240205;-0.217208;0.235189;-0.209344;0.000344566;0.00911622;-7.38736e-05;0.00374962;-0.000170523;0.00408953;0;1;0;1;0;1;
50;0.107309;-0.109133;0.107335;-0.111563;0.107172;-0.108062;0.215644;-0.154211;0.211951;-0.192276;0.213614;-0.197547;0.000200769;0.0053237;-4.36265e-05;0.00219029;-0.00010016;0.00238891;0;1;0;1;0;1;
51;0.187838;-0.188903;0.187852;-0.190322;0.187758;-0.188277;0.208305;-0.116147;0.203387;-0.152484;0.207119;-0.17384;0.000116793;0.00310831;-2.59089e-05;-0.00572245;-5.90037e-05;-0.00973565;0;1;0;1;0;1;
52;0.240608;-0.241233;0.240617;-0.24206;0.240561;-0.240865;0.186891;-0.0766529;0.184019;-0.0947502;0.186198;-0.138943;6.77452e-05;-0.000802908;-1.56039e-05;-0.0101258;-3.49477e-05;-0.00568728;0;1;0;1;0;1;
53;0.271434;-0.271801;0.27144;-0.272284;0.271408;-0.271585;0.153566;-0.0243275;0.151888;-0.0434062;0.153161;-0.123167;0.000127607;-0.00754899;-9.54224e-06;0.0154513;-2.08647e-05;-0.00332147;0.474736;1;0;1;0;1;
54;0.287461;-0.287678;0.287467;-0.287961;0.287448;-0.287552;0.106884;0.00633156;0.105896;0.0168443;0.106639;-0.089119;0.0193002;-0.00440753;-5.93784e-06;0.0244584;-1.26162e-05;-0.00193964;1;1;0;1;0;1;
55;0.29287;-0.293284;0.293159;-0.293448;0.283754;-0.293208;0.0424693;0.0253192;0.0418781;0.066904;0.0423167;-0.0320735;0.0419637;-0.00257332;-3.77265e-06;0.014286;0.0276516;-0.000779037;1;1;0;0.598126;0.806498;1;
56;0.269951;-0.290561;0.270556;-0.289982;0.260731;-0.289842;-0.0393298;0.0789294;-0.0396773;0.103215;-0.0330338;0.0454181;0.0313443;-0.00406352;0.0296316;0.0083425;0.0704445;-0.000454053;1;0;1;0;1;1;
57;0.237807;-0.276392;0.230074;-0.276054;0.240434;-0.275972;-0.120308;0.14344;-0.120501;0.157623;-0.0643343;0.12387;0.0292659;-0.00237348;0.0473765;0.00487157;0.0868153;-0.000609491;1;0;1;0;1;0;
58;0.199885;-0.250691;0.182325;-0.250494;0.229691;-0.250446;-0.180337;0.193854;-0.16735;0.202137;-0.0935331;0.182426;0.031065;-0.00138655;0.0419344;0.00284454;0.0938878;-0.000356365;1;0;1;0;1;0;
59;0.184656;-0.214328;0.153802;-0.214213;0.202063;-0.214185;-0.217818;0.225718;-0.179713;0.230555;-0.123378;0.219044;0.0181486;-0.000810238;0.0309136;0.0016607;0.0637592;-0.000208573;1;0;1;0;1;0;
60;0.149254;-0.166583;0.131235;-0.166516;0.159422;-0.166499;-0.238951;0.243569;-0.195837;0.246394;-0.156764;0.239671;0.0106027;-0.000473735;0.0255679;0.000969429;0.0456936;-0.000122225;1;0;1;0;1;0;
61;0.0929927;-0.103113;0.0824691;-0.103074;0.0989327;-0.103064;-0.236067;0.25183;-0.201778;0.253479;-0.164537;0.249553;0.00619317;-0.000277184;0.0208138;0.000565583;0.0266927;-7.19474e-05;1;0;1;0;1;0;
62;0.0125334;-0.018444;0.00638795;-0.018421;0.0160042;-0.0184154;-0.225542;0.241754;-0.2002;0.24177;-0.169576;0.244364;0.00361805;-0.000162478;0.0121594;0.000329823;0.0155919;-4.24749e-05;1;0;1;0;1;0;
63;-0.0843249;0.080873;-0.0879135;0.0808864;-0.0822966;0.0808897;-0.202761;0.220424;-0.196318;0.222418;-0.158796;0.222272;0.00211296;-9.5426e-05;0.00710228;0.000192111;0.00910716;-2.53343e-05;1;0;1;0;1;0;
64;-0.170498;0.168483;-0.172594;0.168491;-0.169314;0.168492;-0.163583;0.187489;-0.174219;0.212104;-0.12771;0.21193;-0.00343295;-5.62208e-05;0.00414801;0.000111765;0.00531895;-1.52236e-05;1;0;1;0;1;0;
65;-0.229786;0.228609;-0.231011;0.228614;-0.229096;0.228615;-0.116518;0.179758;-0.140853;0.194137;-0.0888641;0.194035;-0.0104304;-3.3394e-05;-0.00969567;6.47922e-05;0.0163355;-9.3867e-06;1;0;1;0;1;0;
66;-0.265375;0.264688;-0.266091;0.264691;-0.264974;0.264691;-0.053644;0.155619;-0.113319;0.164017;-0.0324716;0.163957;-0.00733765;-1.99081e-05;-0.00566363;3.73561e-05;0.0095412;-5.94034e-06;1;0;1;0;1;0;
67;-0.284616;0.284215;-0.285036;0.284214;-0.284383;0.284217;0.00776443;0.116436;-0.09116;0.121344;0.0110512;0.121306;0.021938;-1.20659e-05;-0.00330678;0.00284814;0.0136012;-3.88407e-06;1;0;1;0.581848;1;0;
68;-0.292722;0.290509;-0.292967;0.288424;-0.292587;0.292488;0.0578458;0.0593484;-0.0445791;0.06222;0.0544296;0.0621893;0.0166064;0.0317858;-0.0027978;0.0302488;0.00794327;0.00755439;1;1;1;1;1;0.851532;
69;-0.29197;0.271858;-0.29394;0.278729;-0.295811;0.275379;0.085881;0.00218103;0.0260683;-0.0157536;0.0838852;-0.0157704;0.00969806;0.0655398;-0.00165173;0.0259927;0.00463805;0.0320811;0;1;1;1;0;1;
70;-0.281107;0.248154;-0.282257;0.251506;-0.28335;0.237259;0.14054;-0.0507612;0.105609;-0.0995796;0.139374;-0.0995783;0.00566317;0.0909124;-0.0019513;0.0249659;0.00270824;0.0505508;0;1;0;0.692633;0;1;
71;-0.258674;0.239428;-0.259346;0.210538;-0.259984;0.197403;0.19018;-0.0931554;0.169781;-0.166252;0.189499;-0.166242;0.0033069;0.0927268;-0.00113992;0.0289409;0.00158113;0.0446436;0;1;0;0.865309;0;1;
72;-0.225268;0.214027;-0.225661;0.197155;-0.226033;0.173019;0.223387;-0.114402;0.211474;-0.209407;0.22299;-0.192344;0.00193072;0.0784724;-0.000666178;0.0172087;0.000922916;0.0264751;0;1;0;1;0;1;
73;-0.180981;0.174417;-0.18121;0.164563;-0.181428;0.150466;0.242578;-0.13018;0.235621;-0.229532;0.242346;-0.190107;0.00112699;0.0588851;-0.000389588;0.0104511;0.000538497;0.0235461;0;1;0;1;0;1;
74;-0.122489;0.118656;-0.122623;0.1129;-0.12275;0.104667;0.251981;-0.145986;0.247918;-0.227132;0.251846;-0.184482;0.00065765;0.0371554;-0.000228015;0.00891522;0.000313914;0.0295545;0;1;0;0.802083;0;1;
75;-0.0439061;0.0416697;-0.0439843;0.0383056;-0.0440586;0.033498;0.248321;-0.15078;0.247421;-0.222939;0.248087;-0.194894;0.000383565;0.0274274;-0.000133663;0.00520939;0.000182738;0.0172662;0;1;0;0.991777;0;1;
76;0.0534435;-0.0547479;0.0533979;-0.0567146;0.0533544;-0.0595219;0.228604;-0.151645;0.229544;-0.205248;0.226789;-0.193532;0.000223494;0.0160227;-7.85759e-05;0.00304346;0.000106158;0.0100869;0;1;0;1;0;1;
77;0.146921;-0.147682;0.146895;-0.148832;0.146869;-0.150471;0.197209;-0.131542;0.197232;-0.170837;0.197216;-0.174954;0.000130104;0.0109038;-4.62769e-05;0.00189527;6.1432e-05;0.00787269;0;1;0;1;0;1;
78;0.214776;-0.215221;0.214761;-0.215892;0.214746;-0.21685;0.190228;-0.0878838;0.190242;-0.126688;0.190233;-0.142949;7.54877e-05;0.0117087;-2.75495e-05;-0.00214251;3.53852e-05;0.00651589;0;1;0;1;0;1;
79;0.256703;-0.256963;0.256694;-0.257355;0.256685;-0.257914;0.16755;-0.0362218;0.167558;-0.0742157;0.167552;-0.102409;4.36656e-05;0.0193097;-1.65183e-05;-0.00953769;2.01729e-05;0.00586267;0;1;0;1;0;1;
80;0.28013;-0.280284;0.280126;-0.280512;0.280121;-0.280839;0.131062;0.0189546;0.131066;-0.0120089;0.131063;-0.0459625;2.50324e-05;0.0289391;-1.0084e-05;0.0252473;1.13704e-05;0.00342387;0.0812241;1;0;1;0;1;
81;0.291148;-0.29124;0.291146;-0.291373;0.2886;-0.291564;0.0783982;0.0529375;0.0783986;0.061705;0.0783971;0.0328468;0.0143986;0.0169031;0.0147467;0.0325137;0.0228829;-0.00895013;1;1;0.976362;1;0.901872;1;
82;0.284912;-0.299566;0.279532;-0.292943;0.282147;-0.29298;0.00608428;0.0706244;0.00608898;0.0779601;0.0157603;0.0588942;0.0281731;0.00987164;0.0420833;0.0189908;0.0597026;-0.00522471;1;0.257516;1;0.539625;1;1;
83;0.258491;-0.288965;0.244676;-0.285097;0.255135;-0.285119;-0.0780953;0.122899;-0.0780821;0.127183;-0.0282401;0.116049;0.0273498;0.00576462;0.0449755;0.0110901;0.0886344;-0.00305159;1;0;1;0;1;0;
84;0.24576;-0.268192;0.218775;-0.265934;0.247106;-0.265946;-0.150725;0.176898;-0.150709;0.1794;-0.0844125;0.172898;0.0283294;0.00336608;0.0377579;0.00647615;0.0898375;-0.00178256;1;0;1;0;1;0;
85;0.223684;-0.236785;0.207923;-0.235466;0.22447;-0.235474;-0.19986;0.215151;-0.195467;0.216612;-0.149643;0.212815;0.0192416;0.00196528;0.0260031;0.00378159;0.0600745;-0.00104145;1;0;1;0;1;0;
86;0.187478;-0.195129;0.178272;-0.194359;0.187936;-0.194363;-0.229096;0.23803;-0.21795;0.238883;-0.168096;0.236666;0.0112413;0.00114718;0.0151899;0.00220797;0.0350925;-0.000608643;1;0;1;0;1;0;
87;0.136317;-0.140785;0.130939;-0.140335;0.136584;-0.140338;-0.239758;0.249949;-0.213194;0.250447;-0.177238;0.249152;0.00656725;0.000669405;0.00887275;0.00128891;0.0205;-0.000355975;1;0;1;0;1;0;
88;0.0654443;-0.0680528;0.062302;-0.0677901;0.0656002;-0.0677916;-0.234351;0.251077;-0.211238;0.250438;-0.178522;0.250657;0.00383621;0.000390353;0.0051838;0.000752212;0.0119751;-0.000208393;1;0;1;0;1;0;
89;-0.0270727;0.0255498;-0.028909;0.0257033;-0.0269811;0.0257024;-0.216976;0.231889;-0.203599;0.235856;-0.166318;0.236512;0.00224056;0.000227402;0.0030288;0.000438771;0.00699543;-0.000122225;1;0;1;0;1;0;
90;-0.124049;0.12316;-0.125122;0.12325;-0.123995;0.123249;-0.185346;0.208323;-0.186174;0.210713;-0.142111;0.208558;0.00130891;0.000132219;0.00548413;0.000255779;0.0040865;-7.18604e-05;1;0;1;0;1;0;
91;-0.199408;0.198889;-0.200036;0.198941;-0.199377;0.198941;-0.142187;0.201277;-0.154959;0.202673;-0.105626;0.201414;-0.00601601;7.67089e-05;0.00499651;0.000148906;0.00512697;-4.24355e-05;1;0;1;0;1;0;
92;-0.247598;0.247296;-0.247966;0.247326;-0.247582;0.247326;-0.0907857;0.179479;-0.117988;0.180294;-0.0585286;0.17956;-0.00843722;4.42879e-05;0.00385067;8.65322e-05;0.00753731;-2.52177e-05;1;0;1;0;1;0;
93;-0.275283;0.275106;-0.275498;0.275122;-0.275275;0.275123;-0.0256023;0.14507;-0.0639274;0.145546;-0.00756755;0.145116;0.00890327;2.54407e-05;-5.51907e-05;5.01116e-05;0.0195895;-1.51657e-05;1;0;1;0.317509;1;0;
94;-0.289214;0.289111;-0.289341;0.289117;-0.28921;0.289121;0.0373804;0.0962375;0.0284215;0.096522;0.0366621;0.0962648;0.0283603;1.44316e-05;-0.0126648;0.0109755;0.0114418;-9.20417e-06;1;0;1;1;1;0;
95;-0.293292;0.286527;-0.293367;0.291618;-0.293896;0.292144;0.0783451;0.0395667;0.0956607;0.0289192;0.0577873;0.0287694;0.0165641;0.0577025;-0.00739514;0.0309045;0.00668232;0.0350407;0.788362;1;1;1;0.915076;1;
96;-0.288255;0.271636;-0.288299;0.263088;-0.288607;0.26093;0.117076;-0.0245765;0.12719;-0.0544268;0.10507;-0.0545035;0.00967294;0.0817888;-0.00431709;0.0282391;0.00390206;0.0526444;0;1;0.745631;0.729299;0;1;
97;-0.272359;0.262652;-0.272385;0.227708;-0.272564;0.224895;0.169219;-0.0684152;0.175125;-0.132625;0.162207;-0.13266;0.00564857;0.0950104;-0.00252164;0.0284442;0.00227835;0.0413956;0;1;0;0.855752;0;1;
98;-0.244893;0.239223;-0.244908;0.218756;-0.245013;0.199031;0.209768;-0.120688;0.213218;-0.188391;0.205673;-0.177304;0.00329825;0.0703199;-0.00147309;0.0189968;0.0013301;0.0349225;0;1;0;0.93802;0;1;
