1;-0.000363587;0.000116064;9.94837e-05;-0.000363587;0.000116064;9.94837e-05;0.034977;0.0347457;0.0352595;0.0349769;0.0347456;0.0352595;0.808667;0.808665;0.808666;0.808667;0.808665;0.808666;0;0;0;0;0;0;
2;-0.0118046;-0.0125682;-0.00109489;0.00928809;0.0111327;0.00915485;0.140967;0.127799;0.124931;0.100033;0.108776;0.119869;0.472319;0.472309;0.472314;0.472334;0.472341;0.472351;1;1;1;1;1;1;
3;-0.0111502;-0.0134735;0.0135403;0.00697088;0.0105549;0.00696611;0.134299;0.128883;0.130141;0.0720069;0.0847408;0.0972753;0.275851;0.275847;0.275849;0.275852;0.275858;0.27587;0.765256;0.701833;1;0.18643;0.256444;0.570212;
4;-0.00926446;-0.0114343;0.0150442;0.00418116;0.00702287;0.0038327;0.185617;0.18073;0.179692;0.1795;0.189569;0.19999;0.188168;0.189623;0.194579;0.16113;0.163263;0.164671;0.893009;0.767965;1;0.509084;0.66821;1;
5;-0.0104275;-0.0130597;0.0140024;0.00398066;0.00671321;0.00357284;0.184085;0.179567;0.178657;0.172384;0.179511;0.189376;0.189065;0.18911;0.192816;0.16456;0.171023;0.17393;0.799067;0.636659;0.968164;0.459251;0.651022;1;
6;-0.0105058;-0.0131424;0.0140101;0.00415596;0.0069749;0.0037966;0.1773;0.174055;0.172961;0.176756;0.183356;0.193824;0.184048;0.182317;0.186237;0.167792;0.175221;0.177839;0.827477;0.653839;1;0.452132;0.654689;1;
7;-0.0101394;-0.0128923;0.014332;0.00462441;0.00742216;0.00416989;0.17409;0.171729;0.169851;0.179693;0.185061;0.196075;0.180029;0.177004;0.182338;0.167691;0.176735;0.178977;0.859493;0.662153;1;0.446969;0.666952;1;
8;-0.0107543;-0.0137399;0.0136595;0.00409765;0.00676878;0.00361754;0.172953;0.172;0.168802;0.180133;0.183844;0.196248;0.179401;0.174445;0.182156;0.164757;0.175892;0.176693;0.868956;0.651604;1;0.440303;0.692954;1;
9;-0.0103903;-0.0132825;0.0140005;0.00474671;0.00756022;0.00433811;0.171486;0.172729;0.167439;0.179602;0.181476;0.195944;0.180343;0.172447;0.183442;0.161824;0.175381;0.174015;0.873721;0.627229;1;0.428689;0.725575;1;
10;-0.0108148;-0.0136789;0.0135211;0.00506665;0.00785383;0.00471203;0.169121;0.172899;0.164712;0.180297;0.179917;0.196656;0.180924;0.169433;0.184393;0.158957;0.175648;0.17214;0.883937;0.597647;1;0.422021;0.753746;1;
11;-0.0115819;-0.0143072;0.012767;0.00551486;0.00817002;0.00523563;0.166127;0.172718;0.161119;0.181672;0.179193;0.198042;0.181018;0.165392;0.184762;0.156576;0.176369;0.171157;0.893995;0.558424;1;0.417928;0.783824;0.987445;
12;-0.0128747;-0.0153554;0.0114823;0.00673202;0.00908922;0.00647288;0.163373;0.172589;0.159278;0.182578;0.178582;0.199382;0.181714;0.161552;0.182515;0.153904;0.17672;0.170812;0.891122;0.526347;1;0.422628;0.808855;0.940106;
13;-0.0146377;-0.0166658;0.00965168;0.00890853;0.0107035;0.00858048;0.161654;0.171609;0.158783;0.182125;0.177996;0.200068;0.182946;0.159952;0.178997;0.151061;0.175894;0.170878;0.858594;0.528784;1;0.442583;0.821903;0.887996;
14;-0.0174305;-0.0187153;0.00681376;0.0118345;0.0127363;0.0113869;0.162322;0.169898;0.160474;0.179337;0.177557;0.197608;0.183797;0.160984;0.173483;0.148557;0.173228;0.173958;0.796022;0.587381;1;0.48759;0.798008;0.852693;
15;-0.0208293;-0.0210708;0.00320213;0.0160087;0.0155707;0.0152364;0.178333;0.175076;0.175265;0.161695;0.167528;0.179191;0.171689;0.158698;0.155929;0.158368;0.177267;0.192304;0.682788;0.771709;1;0.562138;0.659879;0.816283;
16;-0.0246285;-0.0229628;-0.000422632;0.0211214;0.0194412;0.0202553;0.184579;0.162665;0.181408;0.156455;0.180478;0.175424;0.175345;0.181362;0.151475;0.149414;0.150585;0.190384;0.449728;1;1;0.715706;0.463005;0.962643;
17;-0.0415698;-0.020735;-0.000347036;0.0657689;-0.00841134;0.0638827;0.196375;0.162629;0.224896;0.0896847;0.157492;0.139906;0.123084;0.230578;0.121401;0.151967;0.0879538;0.211542;0.376782;0.84337;1;0.521723;0.530941;0.911421;
18;-0.0671872;-0.0196682;-0.000581247;0.099396;-0.0607324;0.0962462;0.205077;0.146233;0.255482;0.0466161;0.162823;0.115778;0.0718914;0.273975;0.0880879;0.162318;0.0513661;0.240002;0.478862;0.961862;1;0.595782;0.262642;1;
19;-0.0910189;-0.0243524;-0.0047933;0.117922;-0.0962243;0.111259;0.243321;0.149154;0.294368;-0.00515759;0.182871;0.0656047;0.0419886;0.326435;0.085673;0.165914;0.0299971;0.258807;0.492295;1;0.985845;0.540781;0;1;
20;-0.094454;-0.0290648;-0.00682104;0.0935682;-0.108825;0.0883927;0.260775;0.150827;0.30955;-0.0284957;0.20892;0.044216;0.0245221;0.335909;0.0935966;0.190244;0.0175175;0.252954;0.473722;1;0.195452;0.508979;0;1;
21;-0.0685742;-0.00403811;-0.00798046;0.0652937;-0.0757763;0.062371;0.286056;0.145679;0.29525;-0.0379763;0.22833;0.00147832;0.0115739;0.389053;0.0546661;0.183653;0.0102297;0.213278;0.552257;0.699508;0.500159;0.699544;0;1;
22;-0.0560564;0.00790963;0.0273158;0.00616236;-0.0122776;0.00444796;0.290509;0.135924;0.278608;-0.029438;0.238363;-0.0155989;-0.0268743;0.397814;0.0319265;0.203097;0.00597334;0.18414;1;0.604512;0.310216;0.37132;0;1;
23;-0.0423535;0.00415829;0.0986043;-0.0781839;0.0754806;-0.0800607;0.294028;0.137052;0.262167;-0.028301;0.218936;-0.053845;-0.0181504;0.385733;0.0186444;0.194888;0.00348787;0.121403;1;0.358439;0;0.469186;0;1;
24;0.00785038;-0.0184358;0.174838;-0.146831;0.161332;-0.164014;0.2716;0.109288;0.241805;-0.00480375;0.20004;-0.0955271;-0.0141519;0.306357;0.0108877;0.189402;0.00203635;0.07091;1;0.644117;0;0.492652;0;1;
25;0.0302468;-0.0675425;0.231378;-0.184226;0.223491;-0.225059;0.235191;0.0792347;0.214458;0.0188602;0.190068;-0.103711;0.0125021;0.240092;0.00635787;0.178907;0.0011887;0.0413686;1;0.288368;0;0.474149;0;1;
26;0.0958781;-0.0906945;0.266318;-0.203517;0.261712;-0.262629;0.203273;0.0539565;0.179578;0.042886;0.165334;-0.0975384;0.0321859;0.172397;0.00371256;0.16653;0.000693685;-0.0423713;1;0.160502;0;0.536276;0;1;
27;0.169411;-0.153474;0.285524;-0.217534;0.282834;-0.28337;0.182522;0.0280159;0.135334;0.0724212;0.127016;-0.129615;0.058529;0.100689;0.00216766;0.132488;0.000404675;-0.0917107;1;0.193267;0;0.486161;0;1;
28;0.206244;-0.216808;0.293925;-0.227941;0.265578;-0.290607;0.112362;0.018281;0.0771115;0.111218;0.0777504;-0.0816452;0.0633762;0.0588012;0.00126548;0.118111;0.0784933;-0.119984;1;0;0;0;0.602367;1;
29;0.201555;-0.248728;0.296564;-0.250031;0.232048;-0.27313;0.0213571;0.0549564;0.000749393;0.132692;0.0658394;-0.00340851;0.0528448;0.0343392;0.000738744;0.0689784;0.172334;-0.0943202;1;0;0;0.0464907;0.64026;1;
30;0.157753;-0.258068;0.28734;-0.258829;0.211748;-0.285239;-0.0330631;0.117166;-0.0846349;0.162563;0.0374767;0.0830699;0.102857;0.0200536;0.00766724;0.0402825;0.22041;-0.152631;1;0;0.608795;0;0.308789;1;
31;0.12648;-0.248369;0.265466;-0.248813;0.196447;-0.264651;-0.087274;0.174782;-0.155787;0.201294;0.0559276;0.154856;0.108573;0.0117109;-0.00619385;0.0235242;0.271121;-0.131981;1;0;0.665555;0;0.556602;1;
32;0.10841;-0.223046;0.233034;-0.223306;0.168901;-0.238541;-0.102902;0.214133;-0.182441;0.229616;0.0598069;0.195345;0.11921;0.00683883;0.0227555;0.0137374;0.258082;-0.0875112;1;0;1;0;1;0.687996;
33;0.111735;-0.184432;0.190265;-0.184583;0.00862048;-0.19348;-0.095624;0.237353;-0.097111;0.246395;0.00276569;0.22638;0.140625;0.00399316;0.120042;0.00802215;0.182559;-0.0511067;0.685717;0;1;0;1;0;
34;0.0389743;-0.130944;0.134355;-0.131031;0.0247155;-0.136227;-0.105458;0.249335;-0.158475;0.254615;0.0304413;0.242927;0.116873;0.00233137;0.0701224;0.00468443;0.221706;-0.0298463;0.835502;0;1;0;1;0;
35;-0.0226639;-0.0574389;0.0594417;-0.0574901;-0.00460399;-0.0605245;-0.0908936;0.243215;-0.154402;0.247531;0.0243345;0.24695;0.137262;0.00136109;0.0641498;0.00273504;0.199062;-0.0174307;0.893411;0;1;0;1;0;
36;-0.095328;0.0369372;-0.0357488;0.0369073;-0.0731736;0.0351352;-0.0701522;0.233023;-0.149201;0.235136;0.0246667;0.237011;0.131013;0.000794162;0.0597284;0.00159688;0.189982;-0.0101798;0.937603;0;1;0;1;0;
37;-0.172837;0.132803;-0.132087;0.132785;-0.153964;0.13175;-0.0539926;0.207468;-0.136955;0.201547;0.0408972;0.204643;0.116457;0.000463322;0.0453712;0.000932042;0.190343;-0.00594533;1;0;1;0;1;0;
38;-0.236435;0.205368;-0.204931;0.205358;-0.217722;0.204754;-0.0150622;0.199125;-0.111861;0.194561;0.0517323;0.195941;0.120534;0.000270032;0.0495169;0.000543853;0.163095;-0.00347258;1;0;1;0;1;0;
39;-0.27382;0.251158;-0.250126;0.250515;-0.254405;0.250799;0.0239237;0.176239;-0.07431;0.173577;0.0548895;0.17438;0.127135;0.00015724;0.0347399;0.00194007;0.137883;-0.00202841;1;0;1;0.370806;1;0;
40;-0.289975;0.277202;-0.267434;0.248461;-0.269534;0.276992;0.0598207;0.140648;-0.0419605;0.139099;0.0561161;0.139562;0.123914;9.13765e-05;0.0202876;0.00341775;0.111516;-0.00118499;0.870002;0;1;0.636268;0.831874;0;
41;-0.285297;0.290007;-0.259502;0.247577;-0.277874;0.289789;0.0843921;0.0901957;0.00325733;0.0978925;0.0705707;0.0895574;0.108262;0.0399176;-0.0167608;0.0359902;0.073089;0.0124765;0.410677;0.567354;1;0.759006;0.46471;0.323492;
42;-0.291004;0.252044;-0.274648;0.255588;-0.285546;0.297766;0.0935993;0.0663738;0.0338363;0.0252521;0.067163;0.0203816;0.063227;0.112613;-0.0147254;0.0585035;0.0426836;0.0608142;0.281274;0.687661;1;0.696314;0;1;
43;-0.285883;0.213805;-0.276108;0.23616;-0.282695;0.279782;0.129959;0.0610789;0.0950587;-0.060534;0.11452;-0.0552675;0.036924;0.176013;-0.0120214;0.0993956;0.0249267;0.0725567;0.186549;1;0.514895;0.503702;0;1;
44;-0.269329;0.16839;-0.26362;0.207083;-0.267468;0.251769;0.178491;0.0521588;0.158109;-0.10762;0.169474;-0.104972;0.021563;0.222419;-0.00702082;0.103314;0.0145567;0.0793866;0;1;0;0.459294;0;1;
45;-0.241063;0.142495;-0.237729;0.172397;-0.239976;0.218861;0.215572;0.0353857;0.20367;-0.116272;0.210307;-0.116177;0.0125922;0.224172;-0.00410057;0.116403;0.00850053;0.092832;0;1;0;0.53011;0;1;
46;-0.202052;0.0836948;-0.200105;0.149975;-0.201417;0.189082;0.238375;0.0297287;0.231424;-0.126657;0.2353;-0.113184;0.00735332;0.218613;-0.00239509;0.10716;0.00496365;0.101247;0;1;0;0.534134;0;1;
47;-0.150718;0.0345627;-0.149581;0.111512;-0.150347;0.143148;0.250494;0.0269464;0.246434;-0.128835;0.248698;-0.115477;0.00429382;0.214302;-0.0013992;0.0986725;0.00289815;0.0988092;0;1;0;0.567292;0;1;
48;-0.0818981;0.0140602;-0.0812342;0.0510196;-0.0816822;0.0774894;0.249303;0.019527;0.249022;-0.112857;0.249779;-0.119268;0.00250707;0.20028;-0.000817584;0.106902;0.00169189;0.0910988;0;1;0;0.59908;0;1;
49;0.008406;-0.0480233;0.00879365;-0.0270105;0.00853203;-0.0109633;0.238971;0.0252061;0.239523;-0.105517;0.235768;-0.126451;0.00146367;0.195528;-0.000477922;0.0995888;0.000987425;0.0832618;0;1;0;0.673345;0;1;
50;0.107364;-0.130496;0.10759;-0.118248;0.107438;-0.108838;0.217657;0.028707;0.21214;-0.0805688;0.213946;-0.110096;0.000854313;0.180358;-0.000279582;0.0974095;0.000576083;0.0814994;0;1;0;0.74616;0;1;
51;0.187869;-0.20137;0.188002;-0.194243;0.187913;-0.188713;0.209156;0.0416595;0.197142;-0.0505775;0.195916;-0.08972;0.000498513;0.166584;-0.000163586;0.0907182;0.000335947;0.0777811;0;1;0;0.807274;0;0.978621;
52;0.237022;-0.24499;0.240704;-0.244362;0.240652;-0.241106;0.187388;0.0548553;0.180371;-0.0151243;0.179656;-0.0602554;-0.00284232;0.139899;-9.60196e-05;0.091182;0.00019561;0.0669331;0.251178;1;0;0.877474;0;0.974188;
53;0.259383;-0.249089;0.271491;-0.272256;0.271461;-0.271627;0.153859;0.0527042;0.149758;0.0259495;0.14934;-0.0246412;-0.0134735;0.111187;-5.64267e-05;0.0981906;0.000113736;0.0390977;0.764215;0.991472;0;0.685391;0;1;
54;0.255097;-0.273164;0.287496;-0.280385;0.287479;-0.279346;0.107056;0.0550673;0.104652;0.0708148;0.104408;0.0243746;-0.00640368;0.069273;-3.33704e-05;0.092998;6.60182e-05;0.022832;1;0.610312;0;0.499156;0;1;
55;0.251099;-0.283374;0.294011;-0.288281;0.272304;-0.284684;0.0425688;0.0641888;0.0411529;0.0691515;0.0511704;0.0758087;0.0444842;0.0404542;0.00950303;0.0543118;0.0853049;-0.0203242;0.940164;0.667797;0.637424;0.133276;0.59905;1;
56;0.249249;-0.286443;0.291648;-0.286965;0.236759;-0.297682;-0.0315215;0.101629;-0.0400979;0.104527;0.0359079;0.108421;0.083122;0.0236247;0.0705513;0.0317173;0.141666;-0.0138234;0.896983;0;1;0;0.59895;1;
57;0.227854;-0.273987;0.27399;-0.274292;0.183324;-0.280551;-0.107007;0.156696;-0.111209;0.158389;0.0392874;0.160665;0.0914502;0.0137964;0.0716092;0.0185223;0.20634;-0.00807208;0.592226;0;1;0;0.946075;0.597387;
58;0.198897;-0.249287;0.247158;-0.249464;0.158376;-0.25312;-0.127979;0.201596;-0.131349;0.202585;0.0322317;0.203914;0.101322;0.00805667;0.0719633;0.0108164;0.220087;-0.00471464;0.627702;0;1;0;0.915724;0;
59;0.181553;-0.213508;0.212263;-0.213612;0.0957435;-0.215746;-0.131628;0.230239;-0.116949;0.230817;0.0133403;0.231593;0.104413;0.00470447;0.0945607;0.00631629;0.202373;-0.00275375;0.547948;0;1;0;0.97182;0;
60;0.140612;-0.166104;0.165381;-0.166164;0.0492014;-0.167411;-0.139544;0.246209;-0.131241;0.246547;0.0175689;0.247;0.0889731;0.00274682;0.0841555;0.00368813;0.206857;-0.00160864;0.674452;0;1;0;0.97571;0;
61;0.0817996;-0.102833;0.102423;-0.102868;0.0324572;-0.103596;-0.124001;0.253371;-0.133676;0.253568;0.00766896;0.253833;0.0999103;0.0016036;0.0768737;0.0021533;0.191952;-0.000939997;0.681264;0;1;0;0.969164;0;
62;0.00598134;-0.0182806;0.0180567;-0.018301;-0.0228214;-0.0187262;-0.114086;0.240868;-0.139795;0.243054;0.00848718;0.243196;0.0944264;0.000935871;0.0694633;0.00125706;0.184334;-0.000549421;0.733117;0;1;0;0.989075;0;
63;-0.0881657;0.0809686;-0.0810838;0.0809566;-0.10497;0.0807082;-0.100327;0.222128;-0.1347;0.223295;0.017012;0.221954;0.0869337;0.000546021;0.0633613;0.000733587;0.175863;-0.000321399;0.869652;0;1;0;0.986741;0;
64;-0.172751;0.168539;-0.168595;0.168532;-0.182551;0.168387;-0.0658161;0.188471;-0.110979;0.212379;0.0200929;0.20909;0.087674;0.00031845;0.0652062;0.000427993;0.158305;-0.000188088;0.902715;0;1;0;0.977325;0;
65;-0.231106;0.228642;-0.228668;0.228638;-0.23682;0.228553;-0.0381186;0.180335;-0.0883714;0.194298;0.0444401;0.192377;0.0759141;0.000185374;0.0514013;0.000249477;0.137162;-0.000110326;1;0;1;0;1;0;
66;-0.266142;0.264707;-0.264723;0.264705;-0.269481;0.264655;0.00164373;0.155956;-0.0582107;0.16411;0.0603183;0.162989;0.0656152;0.000107803;0.0381671;0.000145233;0.105347;-6.48892e-05;1;0;1;0;0.997402;0;
67;-0.281066;0.284226;-0.284235;0.276174;-0.286927;0.284195;0.0458671;0.116633;-0.0160597;0.121397;0.0588222;0.12074;0.0709943;6.25578e-05;0.0222892;-0.00809314;0.0679687;-3.83208e-05;1;0;1;0.464678;0.862226;0;
68;-0.281219;0.291273;-0.280669;0.274376;-0.294142;0.289899;0.0745021;0.0594667;0.00619593;0.0622516;0.0678948;0.0618609;0.0523215;0.0527076;0.0130139;0.0467441;0.0396995;0.0255146;0.460183;0.662123;1;0.701972;0.441916;0.761594;
69;-0.285104;0.240427;-0.30198;0.267026;-0.292829;0.279669;0.0956083;0.0462962;0.0557219;-0.015731;0.0917488;-0.0157841;0.0305554;0.115968;0.0141109;0.0705346;0.0231839;0.0610052;0.156116;0.975794;0.981877;0.550653;0;1;
70;-0.277097;0.187141;-0.286952;0.231125;-0.281608;0.243258;0.14622;0.039775;0.122927;-0.0941582;0.143966;-0.0986422;0.0178439;0.182713;0.00824038;0.0937807;0.0135389;0.0726171;0;1;0;0.448971;0;1;
71;-0.256332;0.163466;-0.262088;0.183684;-0.258967;0.199937;0.193497;0.0272635;0.179894;-0.114068;0.192181;-0.134556;0.0104202;0.211237;0.00481185;0.0987064;0.00790625;0.0718249;0;1;0;0.546687;0;1;
72;-0.2239;0.111383;-0.227262;0.150108;-0.225439;0.160833;0.225325;0.0100054;0.21738;-0.12098;0.224556;-0.127868;0.00608497;0.196774;0.00280971;0.109817;0.00461661;0.092052;0;1;0;0.502856;0;1;
73;-0.180182;0.0713591;-0.182145;0.135509;-0.181081;0.14335;0.24371;0.0163351;0.23907;-0.135964;0.24326;-0.131016;0.00355309;0.204799;0.00164044;0.0939963;0.00269547;0.0815963;0;1;0;0.575653;0;1;
74;-0.122022;0.0561225;-0.123169;0.0959281;-0.122547;0.100515;0.252642;0.00696554;0.249933;-0.124366;0.25238;-0.13107;0.00207448;0.191964;0.000957487;0.101532;0.00157356;0.0824236;0;1;0;0.597264;0;1;
75;-0.0436335;0.00514561;-0.044303;0.0283889;-0.0439402;0.0310781;0.247429;0.00642513;0.246427;-0.117321;0.245086;-0.134381;0.00121106;0.181215;0.000558744;0.0973687;0.000918283;0.0804419;0;1;0;0.619114;0;1;
76;0.0536027;-0.0760789;0.0532117;-0.0625083;0.0534238;-0.0609314;0.230337;0.0131028;0.230122;-0.107775;0.227776;-0.13053;0.000706765;0.175902;0.000325805;0.0856624;0.000535705;0.0735253;0;1;0;0.703849;0;1;
77;0.147014;-0.160137;0.146786;-0.152211;0.14691;-0.151295;0.204132;0.0216653;0.200588;-0.079641;0.198251;-0.108804;0.000412344;0.149845;0.000189842;0.0890471;0.000312238;0.0786989;0;1;0;0.78729;0;1;
78;0.21483;-0.222491;0.214697;-0.217857;0.21477;-0.217334;0.194272;0.0385765;0.192202;-0.0520981;0.188779;-0.08667;0.000240403;0.140435;0.000110473;0.0748124;0.000181795;0.0674121;0;1;0;0.831708;0;1;
79;0.256735;-0.261206;0.256657;-0.257861;0.256699;-0.258202;0.169911;0.0545855;0.168702;-0.0153825;0.166704;-0.0572;0.000139978;0.112314;6.41005e-05;0.0652745;0.000105651;0.0558678;0;1;0;0.866594;0;1;
80;0.270015;-0.277094;0.280104;-0.27285;0.280129;-0.281008;0.132442;0.0523973;0.131735;0.0291582;0.130567;-0.0117009;-0.015006;0.0756189;3.70726e-05;0.0700788;6.12376e-05;0.0326321;0.902605;1;0;0.721239;0;1;
81;0.269831;-0.289156;0.291134;-0.280976;0.287863;-0.289542;0.0792064;0.0578745;0.0787857;0.0658972;0.0781063;0.0210378;0.0163895;0.0441672;2.13563e-05;0.0605333;0.0177503;0.0190517;1;0.681472;0;0.470429;0.38263;1;
82;0.274579;-0.293986;0.294502;-0.286872;0.257273;-0.302414;0.00656246;0.0736722;0.00631142;0.0781913;0.0374496;0.0521942;0.0605783;0.0257929;0.052811;0.0353509;0.0989845;0.0122516;1;0;1;0.0505713;0.743646;1;
83;0.238262;-0.285707;0.263539;-0.281552;0.207219;-0.290632;-0.077806;0.124678;-0.077951;0.127318;0.0365602;0.112138;0.0877144;0.0150626;0.0582857;0.0206443;0.162227;0.00768269;0.941874;0;1;0;1;0.571283;
84;0.194832;-0.266289;0.215213;-0.263863;0.162505;-0.269166;-0.116246;0.177938;-0.134644;0.179479;0.0282214;0.170614;0.0909261;0.00879617;0.0639303;0.0120557;0.203699;0.00448615;0.97292;0;1;0;1;0;
85;0.160671;-0.235674;0.180901;-0.234257;0.132101;-0.237354;-0.124101;0.215758;-0.139007;0.216658;0.0119238;0.211481;0.104647;0.00513641;0.0774457;0.00704002;0.201678;0.0026194;1;0;1;0;1;0;
86;0.147595;-0.19448;0.16249;-0.193652;0.0802877;-0.195461;-0.136873;0.238384;-0.133423;0.23891;0.0105651;0.235887;0.0945547;0.00299906;0.0806973;0.00411081;0.199809;0.00152928;1;0;1;0;1;0;
87;0.11302;-0.140406;0.121727;-0.139923;0.0376257;-0.140979;-0.138239;0.250156;-0.133662;0.250463;0.0076844;0.248697;0.0881312;0.00175088;0.07829;0.00240021;0.195748;0.000892547;1;0;1;0;1;0;
88;0.05183;-0.0678316;0.0569296;-0.067549;0.00780421;-0.0681659;-0.124678;0.249168;-0.13679;0.249236;0.00197032;0.248596;0.0922912;0.00102192;0.075414;0.00140117;0.182379;0.000520751;1;0;1;0;1;0;
89;-0.0350312;0.0256791;-0.032038;0.025844;-0.0607345;0.0254837;-0.115893;0.23235;-0.139931;0.234965;0.00782984;0.236594;0.0841257;0.000596212;0.0702879;0.000817789;0.175588;0.000303612;1;0;1;0;1;0;
90;-0.1287;0.123236;-0.126944;0.123332;-0.143705;0.123121;-0.0912441;0.209232;-0.122149;0.212707;0.0137859;0.204973;0.0818118;0.000347643;0.0681564;0.000477089;0.159703;0.000176799;1;0;1;0;1;0;
91;-0.202119;0.198933;-0.201101;0.198989;-0.210884;0.198866;-0.0613976;0.201142;-0.101379;0.203837;0.0278239;0.180329;0.0733862;0.000202499;0.063107;0.000278176;0.145395;0.000102984;1;0;0.913126;0;1;0;
92;-0.249173;0.247322;-0.248591;0.247354;-0.254299;0.247283;-0.0290412;0.1794;-0.0745004;0.180975;0.0471398;0.167246;0.0652662;0.000117753;0.0509487;0.000161999;0.119055;5.95981e-05;1;0;0.880825;0;1;0;
93;-0.273301;0.275121;-0.275867;0.27514;-0.279196;0.275098;0.0129847;0.145023;-0.0413253;0.145943;0.0654516;0.137925;0.0516003;6.82893e-05;0.0333991;9.4196e-05;0.0797059;3.44116e-05;1;0;0.801623;0;1;0;
94;-0.286805;0.289119;-0.297849;0.28913;-0.295095;0.287391;0.0698373;0.0962106;-0.0038374;0.0967474;0.0662738;0.0920659;0.0371917;3.95326e-05;0.0195035;-0.00205009;0.0465558;0.00216648;1;0;0.876389;0.226067;1;0.170742;
95;-0.288387;0.28193;-0.299021;0.281981;-0.317018;0.280741;0.0977225;0.0511127;0.0252176;0.0290518;0.0696757;0.0263194;0.0238261;0.0621249;0.0113898;0.059796;0.0271853;0.0549023;0.593386;1;0.674034;0.707623;0.38739;1;
96;-0.28539;0.212111;-0.2916;0.256214;-0.302111;0.253719;0.128392;0.043461;0.0860492;-0.0543447;0.112012;-0.0559333;0.0139142;0.146554;0.00516873;0.0584215;0.0158757;0.0501177;0.179976;1;0.0833914;0.532391;0;1;
97;-0.270686;0.176218;-0.274312;0.21406;-0.28045;0.213926;0.175828;0.0219914;0.151099;-0.10682;0.166262;-0.117113;0.00812541;0.191567;0.00301812;0.0928747;0.00927095;0.0814611;0;1;0;0.744598;0;1;
98;-0.243915;0.143708;-0.246033;0.176466;-0.249618;0.178151;0.213628;0.0173293;0.199186;-0.127642;0.208041;-0.137758;0.0047447;0.207306;0.00176209;0.094705;0.00541369;0.0774922;0;1;0;0.725124;0;1;
