1;-0.00036359;0.000116065;9.94846e-05;-0.00036359;0.000116065;9.94843e-05;0.0349769;0.0347456;0.0352594;0.0349769;0.0347456;0.0352595;0.808667;0.808665;0.808666;0.808667;0.808665;0.808666;0;0;0;0;0;0;
2;0.00968307;-0.00268268;-0.00195478;0.0184054;0.00380502;0.00342236;0.149036;0.203824;0.220688;0.206222;0.240735;0.256655;0.472456;0.472409;0.472426;0.472542;0.472469;0.472492;1;0.890384;1;1;1;1;
3;0.00940911;0.00101062;7.73286e-05;0.0179414;0.00457815;0.00388347;0.087122;0.118956;0.129576;0.120361;0.140675;0.149807;0.27593;0.27591;0.275926;0.275992;0.275939;0.275958;0;0.498665;1;1;0.0103506;0.546278;
4;0.00612964;-4.45257e-05;0.00532085;0.00984405;0.00330832;0.00163308;0.050851;0.0695014;0.0756569;0.0799687;0.0821251;0.0875157;0.161145;0.161137;0.161152;0.161191;0.16115;0.161163;0.19396;0.495962;1;1;0.0916435;0.589633;
5;0.00445593;-0.000901956;0.00398365;0.00487328;0.00280813;7.76108e-05;0.0294425;0.0408489;0.0439363;0.0647263;0.0477048;0.0513677;0.0941091;0.0941071;0.0941173;0.094142;0.0941111;0.0941209;0.622669;0.710618;1;1;0.31513;1;
6;-0.000670041;-0.00163413;0.00343387;0.0017389;0.00321913;-0.00106196;0.0194532;0.03161;0.0389418;0.0502572;0.0272014;0.0306613;0.0549616;0.0549614;0.0549684;0.0549838;0.0549606;0.0549682;0.749508;0.683233;1;1;0.561882;1;
7;0.000852023;-0.00219767;0.00324867;-0.000227623;0.0036816;-0.00186336;0.0184621;0.0302365;0.0372684;0.0444366;0.0145867;0.0270976;0.0320996;0.0320999;0.0321052;0.0321143;0.0320974;0.0321027;0.739118;0.674479;1;0.996965;0.792007;0.807566;
8;0.00163117;-0.00241705;0.0030308;-0.00126631;0.0034363;-0.00193768;0.0175381;0.0296533;0.0357382;0.046243;0.0135729;0.0275954;0.0187481;0.0187485;0.018753;0.0187581;0.0187456;0.0187491;0.971965;0.641629;1;0.8904;0.905433;0.99769;
9;0.00149099;-0.00194997;0.00230837;4.27799e-05;0.00254533;-2.40285e-05;0.0126396;0.0283238;0.0346931;0.0476576;0.0125816;0.0278123;0.0109509;0.010951;0.0109554;0.0109581;0.0109484;0.0109505;1;0.605927;1;0.64976;0.877224;1;
10;-2.4617e-05;-0.000243547;0.00045286;0.00109251;0.000591336;0.000881355;0.00831754;0.0283468;0.0348911;0.051674;0.0110119;0.0283684;0.00639728;0.0063969;0.00944426;0.0064029;0.00639497;0.006396;0.896898;0.567645;1;0.671069;0.731658;0.878457;
11;-0.00366034;0.00350379;-0.00338149;0.00428431;-0.00330058;0.00416082;0.00409061;0.0293792;0.0359545;0.0568598;0.00874962;0.0284697;0.00373789;0.00373702;0.012519;0.0065759;0.00373589;0.0037361;0.78387;0.52506;1;0.674108;0.772039;0.817713;
12;-0.0104373;0.010346;-0.0102742;0.010802;-0.0102273;0.0107296;-0.00127516;0.026204;0.0354444;0.0681068;0.00761777;0.0277038;0.00218466;0.00218306;0.00731472;0.00970608;0.00218305;0.00218229;0.762458;0.415081;1;0.719212;0.8182;0.613117;
13;-0.0215533;0.0215002;-0.0214576;0.0217666;-0.0214309;0.021724;-0.00396893;0.0241332;0.0403622;0.0738819;0.00588767;0.0250092;0.00127742;0.00127526;0.00708196;0.0115723;0.00127603;0.00127464;0.736927;0.502168;1;0.759938;0.805712;0.696336;
14;-0.0380834;0.0380528;-0.0380272;0.0382082;-0.0380123;0.0381832;-0.00438575;0.0233219;0.0422152;0.0720303;0.00225888;0.0216607;0.00074728;0.000745178;0.00744183;0.0156537;0.000745971;0.000744896;0.669263;0.453473;1;0.809467;0.713949;0.754641;
15;-0.0603219;0.0603045;-0.0602889;0.0603952;-0.0602807;0.0603803;0.00168074;0.0208479;0.048319;0.062733;0.00456277;0.0172049;0.000436841;0.00043651;0.0116267;0.0168376;0.000435922;0.000436122;0.671699;0.539109;1;0.79319;0.531013;1;
16;-0.0867443;0.0867347;-0.0867248;0.0867874;-0.0867204;0.0867785;0.0124161;0.013704;0.0671773;0.0389481;0.0140987;-0.00138408;0.000255063;0.00468304;0.00679286;0.0129561;0.000254281;0.000255737;0.405138;1;1;1;0;1;
17;-0.113124;0.113119;-0.113113;0.11315;-0.11311;0.113145;0.0401281;-0.00785706;0.0896931;-0.0101257;0.0411106;-0.0336806;0.000148673;0.0193117;0.00396785;0.0124785;0.000148205;0.000150519;0;1;0.710796;0.805187;0;1;
18;-0.132804;0.132802;-0.132798;0.132819;-0.132796;0.132817;0.0849997;-0.0613215;0.113945;-0.0674753;0.0855734;-0.0812276;8.64807e-05;0.0229782;0.0023168;0.00728947;8.62342e-05;0.00240368;0;1;0;0.644088;0;1;
19;-0.138314;0.138314;-0.13831;0.138323;-0.138309;0.138322;0.137423;-0.123582;0.154327;-0.127186;0.137758;-0.135213;5.00972e-05;0.0159204;0.00135257;0.00425835;4.99926e-05;0.00140606;0;1;0;0.803136;0;1;
20;-0.123568;0.123569;-0.123566;0.123573;-0.123565;0.123573;0.182379;-0.174285;0.192251;-0.176399;0.182574;-0.181082;2.88179e-05;0.00930003;0.000789444;0.00248749;2.87682e-05;0.000822228;0;1;0;0.751112;0;1;
21;-0.0843862;0.0843872;-0.0843849;0.0843888;-0.0843844;0.0843896;0.21283;-0.187784;0.218596;-0.209337;0.212945;-0.212068;1.63644e-05;0.00543209;0.000460583;-0.0109637;1.63129e-05;0.000480275;0;1;0;1;0;1;
22;-0.0173054;0.0173066;-0.0173046;0.0173061;-0.017304;0.0173078;0.229311;-0.186434;0.232678;-0.227271;0.229378;-0.220132;9.02118e-06;0.00317311;0.000268403;-0.00640463;9.06922e-06;0.000280212;0;1;0;0.729116;0;1;
23;0.072545;-0.0725438;0.0725454;-0.0725456;0.0725463;-0.072543;0.229106;-0.166567;0.228919;-0.218756;0.230394;-0.209695;4.71726e-06;0.00185429;0.000156171;-0.00374238;4.81741e-06;0.000163509;0;1;0;1;0;1;
24;0.159618;-0.159617;0.159618;-0.15962;0.15962;-0.159617;0.20296;-0.129767;0.206832;-0.171883;0.22325;-0.183723;2.39768e-06;0.00838215;9.07933e-05;-0.00690938;2.32351e-06;-0.000293181;0;1;0;0.832754;0;1;
25;0.22249;-0.222489;0.22249;-0.222492;0.222491;-0.222488;0.191772;-0.0899163;0.194033;-0.129869;0.203622;-0.144592;8.43497e-07;0.0220442;5.24085e-05;-0.0040339;8.46396e-07;-0.000170439;0;1;0;1;0;1;
26;0.261127;-0.261127;0.261127;-0.261129;0.261128;-0.261126;0.166329;-0.0441735;0.16765;-0.0841366;0.173249;-0.0981768;4.56429e-08;0.0128763;3.01898e-05;-0.0254774;-3.65331e-08;0.00279869;0;1;0;0.873272;0;1;
27;0.282492;-0.282493;0.282492;-0.282495;0.282493;-0.282492;0.127597;0.0478283;0.128368;-0.00725538;0.131638;-0.0452341;-4.21903e-07;0.0419325;1.72518e-05;-0.0148773;-5.08087e-07;0.00163572;0;1;0;1;0;0.982906;
28;0.292154;-0.292155;0.292155;-0.292157;0.292154;-0.292154;0.072598;0.063025;0.0730505;0.0706698;0.0749559;0.0350052;0.00737008;0.0244931;0.0204082;0.0214595;0.000146939;0.0108646;0.672341;1;1;0.916537;0.604533;0.949233;
29;0.292914;-0.29273;0.304526;-0.299756;0.297818;-0.294559;-0.00188261;0.0810868;-0.00160791;0.0855523;-0.000493315;0.0647239;0.00430593;0.0143034;0.012737;0.0125323;0.0335212;0.00634469;0.626067;0;1;0;1;0;
30;0.283873;-0.283765;0.290655;-0.287868;0.286737;-0.284833;-0.0861695;0.132426;-0.0860003;0.135034;-0.085345;0.12287;0.00251622;0.00835274;0.0147776;0.0073184;0.0314228;0.00370487;0.673888;0;1;0;1;0;
31;0.263439;-0.263376;0.2674;-0.265772;0.265112;-0.264;-0.15668;0.183694;-0.156574;0.185217;-0.156189;0.178114;0.00147065;0.00487751;0.00863181;0.00427352;0.0183532;0.00216321;0.788359;0;1;0;1;0;
32;0.231847;-0.23181;0.234161;-0.23321;0.232824;-0.232175;-0.203561;0.219338;-0.203493;0.220227;-0.203266;0.216079;0.000859574;0.00284791;0.00504286;0.00249529;0.010717;0.00126291;0.76885;0;1;0;1;0;
33;0.189572;-0.18955;0.190923;-0.190367;0.190143;-0.189763;-0.231177;0.240392;-0.229254;0.240912;-0.208839;0.238489;0.00050234;0.00166259;0.00294584;0.00145676;-0.0304523;0.000737079;0.819501;0;1;0;1;0;
34;0.133945;-0.133932;0.134734;-0.134409;0.134278;-0.134056;-0.245728;0.25111;-0.227429;0.251413;-0.232679;0.249999;0.000293354;0.000970314;0.00172068;0.000850319;-0.0241467;0.000430039;0.852282;0;1;0;1;0;
35;0.0591925;-0.0591837;0.0596533;-0.0594636;0.0593868;-0.0592575;-0.241827;0.250204;-0.225284;0.249486;-0.224513;0.249952;0.000171068;0.000565997;0.00100539;0.000496176;-0.0231663;0.000250693;1;0;1;0;1;0;
36;-0.0359119;0.0359188;-0.0356428;0.0357536;-0.0357998;0.035874;-0.221627;0.225066;-0.211334;0.236075;-0.182791;0.236184;9.98762e-05;0.000329905;0.000587682;0.000289321;-0.0165922;0.000145976;1;0;1;0;1;0;
37;-0.132203;0.132209;-0.132045;0.13211;-0.132139;0.132181;-0.191708;0.201778;-0.192734;0.220151;-0.156732;0.230111;5.89534e-05;0.000192067;0.000344069;0.000168609;-0.0178433;8.48126e-05;1;0;0.924768;0;1;0;
38;-0.205017;0.205021;-0.204925;0.204963;-0.204981;0.205004;-0.131625;0.163691;-0.154302;0.206532;-0.0845376;0.212349;0.0117534;0.00011161;0.00108483;9.79488e-05;0.0224121;4.90597e-05;1;0;1;0;1;0;
39;-0.250953;0.250955;-0.250899;0.250921;-0.250932;0.250945;-0.0919383;0.124156;-0.113857;0.180565;-0.0378022;0.183962;0.00686577;6.47e-05;0.00987774;5.66878e-05;0.0274486;2.82054e-05;1;0;1;0;1;0;
40;-0.277083;0.277083;-0.27705;0.277063;-0.27707;0.277077;-0.031114;0.110231;-0.0366422;0.143176;0.00352695;0.145158;0.0245883;3.73353e-05;0.0133188;0.00100502;0.0160347;1.60371e-05;1;0;1;0.527182;1;0;
41;-0.289951;0.289951;-0.289932;0.28994;-0.289944;0.289948;0.0289792;0.0724272;0.0628158;0.0916742;0.0384148;0.092826;0.0143624;2.16013e-05;0.0336736;0.0153866;0.00936642;0.0108824;1;0.196927;1;0.859808;1;1;
42;-0.293161;0.294757;-0.29315;0.293155;-0.293157;0.318082;0.0488549;0.0103764;0.0991355;0.0216112;0.0543643;0.0222882;0.00838765;0.0168049;0.0196676;0.00898892;0.00546964;0.00881734;0;1;0.854032;0.696371;0;1;
43;-0.287143;0.288076;-0.287136;0.287139;-0.28714;0.301698;0.103828;-0.0692248;0.133192;-0.0626756;0.107045;-0.0622707;0.00489805;0.0139273;0.0114853;0.00525059;0.00319388;0.0131843;0;1;0;0.382851;0;1;
44;-0.270065;0.270611;-0.270061;0.270063;-0.270063;0.278566;0.16323;-0.14301;0.180378;-0.139197;0.165109;-0.138951;0.00286005;0.0149551;0.00670696;0.00306703;0.00186481;0.0187079;0;1;0;0.57886;0;1;
45;-0.241493;0.241813;-0.241491;0.241491;-0.241492;0.246458;0.20666;-0.194841;0.216675;-0.192625;0.207758;-0.192475;0.0016698;0.00873588;0.00391636;0.00179113;0.0010886;0.0109268;0;1;0;0.726654;0;1;
46;-0.202303;0.20249;-0.202302;0.202302;-0.202302;0.205204;0.233171;-0.204053;0.239019;-0.224974;0.233812;-0.224881;0.000974687;0.00510228;0.00228663;0.00104555;0.000635248;0.00638126;0;1;0;0.549348;0;1;
47;-0.150865;0.150975;-0.150865;0.150864;-0.150864;0.15256;0.247454;-0.202293;0.25087;-0.242667;0.247829;-0.22935;0.000568681;0.00298026;0.00133481;0.000609868;0.000370461;0.00372614;0;1;0;0.597425;0;1;
48;-0.0819854;0.0820488;-0.081985;0.0819839;-0.0819836;0.0829753;0.249843;-0.195374;0.250653;-0.247847;0.252105;-0.22578;0.000331566;0.00174119;0.000778952;-0.00103113;0.000215822;0.00217553;0;1;0;0.773937;0;1;
49;0.00835363;-0.00831773;0.00835382;-0.00835535;0.00835651;-0.00777498;0.240515;-0.180758;0.239686;-0.236342;0.23472;-0.217646;0.000193053;0.0010179;0.00045434;-0.00549065;0.000125524;0.00127016;0;1;0;0.734927;0;1;
50;0.107332;-0.107312;0.107332;-0.107334;0.107336;-0.106993;0.210876;-0.148422;0.210808;-0.200998;0.210585;-0.201848;0.000112197;0.00155513;0.00026478;-0.0171007;7.28001e-05;0.000741735;0;1;0;0.973998;0;1;
51;0.18785;-0.187839;0.18785;-0.187852;0.187853;-0.187652;0.173554;-0.109252;0.172212;-0.169629;0.174883;-0.163578;6.4933e-05;0.0122985;0.000154088;-0.00998934;4.20228e-05;0.00043372;0;1;0;0.791639;0;1;
52;0.240615;-0.240609;0.240615;-0.240617;0.240617;-0.240499;0.147535;-0.0547613;0.13693;-0.111352;0.140443;-0.120106;3.75753e-05;0.0214695;8.97741e-05;-0.00583461;2.4191e-05;0.000358852;0;1;0;0.945339;0;1;
53;0.271439;-0.271435;0.271439;-0.271441;0.27144;-0.271371;0.130581;-0.0100276;0.124388;-0.0551534;0.12644;-0.077706;2.13991e-05;0.012542;-0.00349064;-0.00340642;1.36404e-05;0.00482142;0;1;0;1;0;0.897964;
54;0.287466;-0.287464;0.287466;-0.28747;0.287466;-0.287425;0.0934553;0.0362802;0.0898377;0.0472062;0.0910347;-0.00417651;0.0182079;0.021182;-0.00203836;0.0247736;7.59583e-06;0.00281648;0.554513;1;0.439005;0.870709;0;1;
55;0.293158;-0.293157;0.293159;-0.293161;0.293158;-0.293134;0.0346193;0.0610483;0.032511;0.0798746;0.0335654;0.0195449;0.0106366;0.0123705;0.0139316;0.0144689;0.0197595;0.00840898;0.780585;0.237585;1;0.257674;1;0.818987;
56;0.289813;-0.289812;0.290944;-0.289814;0.27647;-0.289799;-0.0439242;0.0997951;-0.0451461;0.110789;-0.0445254;0.0755573;0.00621358;0.00722393;0.0144361;0.00844931;0.0411838;0.00491041;0.630344;0;1;0;1;0;
57;0.275955;-0.275954;0.276616;-0.275956;0.268162;-0.275947;-0.122995;0.155626;-0.123703;0.162046;-0.123336;0.141471;0.00363025;0.00421834;0.00843291;0.00493396;0.0240553;0.0028673;0.737966;0;1;0;1;0;
58;0.250436;-0.250436;0.250823;-0.250437;0.245885;-0.250431;-0.181914;0.200971;-0.182322;0.204721;-0.182105;0.192705;0.00212107;0.00246303;0.004925;0.00288097;0.0140491;0.00167406;1;0;1;0;1;0;
59;0.214179;-0.214179;0.214405;-0.214179;0.211521;-0.214176;-0.218744;0.229874;-0.218978;0.232064;-0.218849;0.225047;0.00123927;0.00143784;0.00287707;0.00168202;0.00820232;0.000977216;0.809906;0;1;0;1;0;
60;0.166496;-0.166496;0.166628;-0.166496;0.164944;-0.166495;-0.239495;0.245996;-0.226849;0.247275;-0.214003;0.243177;0.000724007;0.00083911;0.00168079;0.000981821;0.0047876;0.000570254;0.860618;0;1;0;1;0;
61;0.103063;-0.103062;0.10314;-0.103063;0.102156;-0.103062;-0.24928;0.253247;-0.225011;0.253994;-0.21874;0.251601;0.00042282;0.000489385;0.000982282;0.000572954;-0.0210593;0.000332581;0.816035;0;1;0;1;0;
62;0.0184153;-0.0184136;0.0184604;-0.0184151;0.0178851;-0.0184146;-0.236483;0.241086;-0.222471;0.243006;-0.223915;0.244269;0.000246861;0.000285129;0.000574142;0.000334178;-0.0254345;0.000193798;0.933784;0;1;0;1;0;
63;-0.0808888;0.0808914;-0.0808624;0.0808889;-0.0811998;0.0808892;-0.209415;0.215588;-0.20447;0.227507;-0.181187;0.225958;0.000144371;0.000165894;0.000335904;0.000194722;-0.0183303;0.000112733;1;0;1;0;1;0;
64;-0.168491;0.168494;-0.168476;0.168491;-0.168674;0.168491;-0.170974;0.183247;-0.178077;0.219369;-0.128825;0.218464;8.5219e-05;9.62754e-05;0.000197121;0.000113322;-0.0107073;6.54379e-05;1;0;1;0;1;0;
65;-0.228613;0.228616;-0.228604;0.228614;-0.228722;0.228614;-0.112825;0.146031;-0.139588;0.19838;-0.0765255;0.197852;0.0175368;-0.000862635;0.00951699;6.57674e-05;0.0180945;3.77962e-05;1;0;1;0;1;0;
66;-0.26469;0.264692;-0.264685;0.264691;-0.264755;0.26469;-0.0670116;0.135923;-0.0928346;0.166494;-0.0168926;0.166186;0.0102437;-0.000504248;0.00555956;3.80096e-05;0.025918;2.16657e-05;1;0;1;0.0555302;1;0;
67;-0.284216;0.284217;-0.284213;0.284216;-0.284254;0.284216;-0.00814807;0.104934;0.0100469;0.122794;0.0317981;0.122607;0.0103772;-0.000294882;0.0350864;0.01302;0.0231265;1.22324e-05;0.95309;0;1;0.431018;1;0;
68;-0.292489;0.292489;-0.292487;0.292489;-0.292511;0.292489;0.0445684;0.0526313;0.089038;0.0630659;0.0470062;0.0629536;0.00606142;0.0167615;0.0204955;0.0201847;0.0135072;0.00662769;0.672579;0.549926;1;0.879901;0.354768;1;
69;-0.291686;0.298409;-0.291824;0.294049;-0.291699;0.294975;0.0781265;-0.0213516;0.1041;-0.0152649;0.0795501;-0.0153257;0.00353952;0.00979327;0.0119705;0.0131098;0.00788771;0.0120006;0;1;0.564897;0.657323;0;1;
70;-0.280941;0.284869;-0.281022;0.282321;-0.280948;0.282863;0.136011;-0.102841;0.151179;-0.0992995;0.136842;-0.0993247;0.00206668;0.0186703;0.00699023;0.00765696;0.004606;0.0104227;0;1;0;0.536477;0;1;
71;-0.258577;0.260872;-0.258624;0.259383;-0.258582;0.2597;0.187535;-0.168153;0.196393;-0.166095;0.188021;-0.166103;0.00120652;0.0109069;0.00408184;0.0044722;0.00268948;0.00608896;0;1;0;0.695991;0;1;
72;-0.225212;0.226553;-0.225239;0.225682;-0.225214;0.225868;0.221843;-0.210514;0.227016;-0.209321;0.222126;-0.209321;0.000704093;0.00637093;0.00238325;0.00261184;0.00157022;0.00355535;0;1;0;0.72564;0;1;
73;-0.180948;0.181732;-0.180965;0.181223;-0.18095;0.181333;0.241676;-0.202611;0.244697;-0.234363;0.241842;-0.234361;0.000410682;0.00372083;0.00139124;0.00152503;0.000916521;-0.00759202;0;1;0;0.699905;0;1;
74;-0.122471;0.122928;-0.12248;0.122631;-0.12247;0.122696;0.251454;-0.19613;0.253219;-0.247183;0.251551;-0.225108;0.000239289;0.00217294;0.000811867;0.000890128;0.00053473;-0.015577;0;1;0;0.770001;0;1;
75;-0.0438961;0.0441629;-0.0439016;0.04399;-0.043895;0.044028;0.247698;-0.188182;0.247992;-0.237854;0.246648;-0.218499;0.000139198;0.0012694;0.000473628;0.000519298;0.00031175;-0.00909819;0;1;0;0.901223;0;1;
76;0.0534484;-0.053293;0.0534452;-0.053393;0.0534503;-0.053371;0.230487;-0.170494;0.231908;-0.222918;0.221022;-0.208329;8.06948e-05;0.000742537;0.000276012;0.000302461;0.000181516;-0.00531337;0;1;0;1;0;1;
77;0.146924;-0.146832;0.146922;-0.146892;0.146925;-0.146878;0.203497;-0.147319;0.194349;-0.181069;0.198895;-0.179301;4.67286e-05;0.000434949;-0.00398987;-0.0264867;0.000105565;-0.00310266;0;1;0;1;0;1;
78;0.214778;-0.214723;0.214776;-0.21476;0.214778;-0.21475;0.1939;-0.0810943;0.150762;-0.124298;0.189638;-0.149186;2.66823e-05;0.0152586;-0.00233065;-0.0184441;6.11901e-05;-0.00181114;0;1;0;0.756155;0;1;
79;0.256703;-0.256672;0.256703;-0.256695;0.256705;-0.256687;0.169694;-0.0536751;0.114841;-0.0743587;0.167205;-0.104876;1.51734e-05;0.00891405;-0.00136134;-0.0107682;3.52125e-05;0.00116454;0;1;0;0.706077;0;1;
80;0.280131;-0.280113;0.28013;-0.280129;0.280132;-0.280121;0.132314;0.0277275;0.10028;-0.00863265;0.13086;-0.0500983;8.54592e-06;-0.0226274;-0.000795466;0.0217524;2.00577e-05;0.00370644;0;1;0;1;0;0.973752;
81;0.29115;-0.29114;0.29115;-0.368152;0.291151;-0.291144;0.0791284;0.0479089;0.0604197;0.076052;0.0782769;0.023068;0.02747;-0.0132109;0.00249899;0.0274759;0.00123543;0.00216623;0.702828;1;0.96708;0.947193;0.323548;0.846416;
82;0.292813;-0.292807;0.305038;-0.337782;0.302446;-0.292809;0.00650484;0.0676865;-0.00441264;0.0806552;0.00601832;0.0531801;0.0160445;-0.00771526;0.0136814;0.016046;0.0170517;0.00126527;0.576103;0;1;0.00407911;1;0;
83;0.285021;-0.285018;0.292161;-0.311283;0.292544;-0.285019;-0.0778546;0.121183;-0.0842212;0.128757;-0.0781247;0.112711;0.00937159;-0.00450607;0.00899444;0.00937042;0.0392281;0.000738476;0.658244;0;1;0;1;0;
84;0.265889;-0.265887;0.27006;-0.281226;0.270283;-0.265888;-0.150591;0.175896;-0.154304;0.180319;-0.15074;0.170949;0.00547437;-0.00263196;0.00525383;0.0054719;0.0229119;0.000430855;0.738852;0;1;0;1;0;
85;0.23544;-0.235439;0.237876;-0.244397;0.238007;-0.23544;-0.199787;0.214566;-0.201949;0.217149;-0.199866;0.211677;0.00319774;-0.00153757;0.0030699;0.00319516;0.01338;0.000251202;0.748511;0;1;0;1;0;
86;0.194344;-0.194343;0.195766;-0.199574;0.195843;-0.194343;-0.229057;0.237688;-0.230315;0.239197;-0.215093;0.236001;0.00186784;-0.000898501;0.00179357;0.00186552;0.00781151;0.000146274;0.809076;0;1;0;1;0;
87;0.140327;-0.140326;0.141157;-0.143381;0.141202;-0.140326;-0.244708;0.249749;-0.231413;0.25063;-0.22608;0.248764;0.00109086;-0.000525349;0.00104788;0.00108903;-0.0232158;8.49992e-05;0.803842;0;1;0;1;0;
88;0.0677858;-0.0677845;0.0682709;-0.0695695;0.0682971;-0.0677855;-0.243137;0.251077;-0.226247;0.250476;-0.226776;0.250659;0.000636841;-0.000307452;0.000612432;0.000635567;-0.0227208;4.91772e-05;0.894999;0;1;0;1;0;
89;-0.0257048;0.025707;-0.0254215;0.0246632;-0.0254072;0.0257051;-0.224838;0.228749;-0.213419;0.237882;-0.189184;0.237836;0.000371886;-0.000180189;0.00035814;0.000370718;-0.0165792;2.82979e-05;1;0;1;0;1;0;
90;-0.12325;0.123252;-0.123084;0.122641;-0.123077;0.12325;-0.195127;0.204594;-0.195913;0.210434;-0.16538;0.210811;0.000217764;-0.00152167;0.000209909;0.000216058;-0.0195974;1.6088e-05;1;0;1;0;1;0;
91;-0.198941;0.198943;-0.198844;0.198585;-0.198841;0.198941;-0.137605;0.168573;-0.157616;0.201749;-0.0851046;0.201519;0.00621579;-0.000889191;0.00123114;0.000125716;-0.0114432;8.91956e-06;1;0;1;0;1;0;
92;-0.247325;0.247327;-0.247269;0.247118;-0.247269;0.247325;-0.0912383;0.127012;-0.118587;0.179755;-0.0496096;0.179621;0.0122631;-0.000519835;0.0111306;7.29981e-05;0.0186042;4.8158e-06;1;0;1;0;1;0;
93;-0.275123;0.275124;-0.27509;0.275002;-0.275091;0.275123;-0.0343714;0.114429;-0.0367317;0.145235;-0.00329422;0.145152;0.0122203;-0.000304008;0.0203189;0.00419681;0.0256582;2.38362e-06;1;0;1;0.683125;1;0;
94;-0.289121;0.289121;-0.289101;0.28905;-0.289102;0.28912;0.0122717;0.0783436;0.0467888;0.0963423;0.0357358;0.0962859;0.00713879;-0.000177881;0.02714;0.0218695;0.0149886;1.07489e-06;1;0;1;0.63301;1;0.265734;
95;-0.293238;0.293239;-0.293227;0.293197;-0.293227;0.31711;0.0346248;0.0183025;0.0983788;0.0288131;0.0483259;0.0287811;0.00416955;0.00728609;0.0158526;0.0127756;0.00875323;0.0103806;0.164889;1;1;0.726947;0;1;
96;-0.288223;0.267144;-0.288217;0.288199;-0.288217;0.302166;0.091543;-0.0606192;0.128776;-0.0544939;0.0995442;-0.0545044;0.00243458;0.0336284;0.00925766;0.00746265;0.00511153;0.0137994;0;1;0;0.404508;0;1;
97;-0.27234;0.260031;-0.272337;0.272326;-0.272337;0.280484;0.154308;-0.136236;0.176051;-0.13267;0.158981;-0.132669;0.0014214;0.0196437;0.00540599;0.00435922;0.00298475;0.00806193;0;1;0;0.457809;0;1;
98;-0.244882;0.237695;-0.24488;0.244874;-0.24488;0.249638;0.20106;-0.190496;0.213758;-0.188423;0.203789;-0.188416;0.000829647;0.0114743;0.0031566;0.00254627;0.00174265;0.0047095;0;1;0;0.502765;0;1;
