1;-0.000363589;0.000116065;9.94842e-05;-0.000363589;0.000116065;9.94842e-05;0.0349769;0.0347456;0.0352594;0.0349769;0.0347455;0.0352594;0.808667;0.808665;0.808666;0.808667;0.808665;0.808666;0;0;0;0;0;0;
2;-0.00153998;-0.00127349;-0.00072069;-0.000899026;0.000129454;-0.000291544;0.120348;0.114315;0.113514;0.117254;0.111314;0.115069;0.472352;0.472339;0.472337;0.472348;0.472335;0.472336;1;1;1;1;1;1;
3;-0.00481854;0.00260305;0.00340603;-0.00595439;0.000673023;-0.000701088;0.0717752;0.0737558;0.0712584;0.0718586;0.0826115;0.082731;0.275863;0.275854;0.275852;0.275862;0.275854;0.275855;0;0;0;0;0.237403;0.273657;
4;0.0054454;0.0100753;0.00820231;-0.00706784;-0.00458737;-0.00527429;0.175425;0.182602;0.156136;0.147622;0.152964;0.146299;0.161129;0.161128;0.161117;0.161127;0.161125;0.161122;1;0.920105;1;0.558149;0.92534;1;
5;0.00387082;0.00677773;0.00525441;-0.00487419;-0.00390326;-0.00470795;0.156112;0.159334;0.146624;0.167433;0.170113;0.170653;0.162201;0.165093;0.145718;0.153228;0.158954;0.152812;1;0.945408;1;0.526668;0.935055;1;
6;0.00391077;0.00570396;0.00433329;-0.00450416;-0.00448511;-0.00524155;0.155899;0.159575;0.145798;0.167848;0.170295;0.170712;0.159744;0.161746;0.143919;0.151689;0.157547;0.152043;1;0.931285;1;0.564657;0.943354;1;
7;0.00421872;0.00559973;0.00429618;-0.00417726;-0.00439782;-0.00520452;0.15803;0.162707;0.147764;0.164474;0.165999;0.167142;0.162916;0.163569;0.147434;0.146366;0.153092;0.146988;1;0.884446;1;0.567642;0.964872;1;
8;0.00427928;0.00559463;0.00433582;-0.00395555;-0.00412063;-0.00498107;0.156587;0.162816;0.146264;0.163611;0.163187;0.166046;0.164465;0.163056;0.149117;0.143956;0.152977;0.145076;1;0.852314;1;0.539453;0.991957;1;
9;0.0038204;0.00509488;0.00390195;-0.00381173;-0.00395851;-0.00481001;0.152887;0.161298;0.142874;0.165222;0.162626;0.167962;0.16346;0.159019;0.147373;0.143824;0.155653;0.145301;1;0.828338;1;0.510993;1;1;
10;0.00312588;0.00441828;0.00323925;-0.00337232;-0.003563;-0.00435099;0.149628;0.160858;0.139896;0.167091;0.162039;0.170132;0.163003;0.154523;0.145636;0.14234;0.157554;0.144729;1;0.790838;1;0.492178;1;1;
11;0.0021538;0.0035549;0.00228554;-0.00247747;-0.00277253;-0.00343107;0.147144;0.161479;0.137652;0.168188;0.160991;0.17166;0.16435;0.151158;0.144968;0.139098;0.157618;0.143001;1;0.740592;1;0.482412;1;1;
12;0.000675902;0.00236535;0.000825075;-0.00093475;-0.00147079;-0.00185831;0.145045;0.161858;0.135603;0.168859;0.159782;0.172968;0.166087;0.148418;0.14373;0.135553;0.157588;0.141898;1;0.697362;1;0.482436;1;0.954966;
13;-0.00170083;0.000457654;-0.00159055;0.00141967;0.000386368;0.000486585;0.143427;0.161105;0.13444;0.168376;0.159168;0.174063;0.167837;0.14685;0.140265;0.132824;0.157046;0.142232;0.944918;0.689183;1;0.506854;1;0.867681;
14;-0.00495582;-0.00216987;-0.00505551;0.00488864;0.00292892;0.0037906;0.145114;0.159114;0.135601;0.165801;0.158997;0.171165;0.16808;0.148377;0.134405;0.130156;0.154364;0.14692;0.835672;0.754438;1;0.566243;1;0.814473;
15;-0.00913084;-0.00543979;-0.00956394;0.00923129;0.00588832;0.00785886;0.152352;0.154936;0.141068;0.15955;0.160984;0.164765;0.165455;0.15565;0.125499;0.128109;0.14598;0.153602;0.633643;0.940124;1;0.691195;1;0.800723;
16;-0.012812;-0.00742479;-0.0132904;0.0153084;0.0107843;0.0139292;0.176239;0.158474;0.16255;0.135542;0.154826;0.139247;0.151859;0.161961;0.105193;0.138821;0.139302;0.175938;0.33835;1;1;0.839193;0.651419;0.856468;
17;-0.0252517;5.94502e-05;-0.00880635;0.0655976;-0.0405345;0.0634717;0.171897;0.139411;0.185239;0.0940784;0.150303;0.126273;0.103143;0.216344;0.078639;0.128813;0.0813604;0.190479;0.302833;0.881233;1;0.738319;0.416975;0.878514;
18;-0.0789851;0.00192187;-0.00846364;0.102076;-0.0802691;0.0986405;0.192;0.133191;0.230375;0.035682;0.139095;0.0855289;0.0602429;0.279222;0.058175;0.130182;0.0475144;0.209327;0.603974;0.956447;1;0.789224;0;1;
19;-0.101456;0.00252253;-0.00851804;0.119953;-0.107634;0.111698;0.23006;0.139183;0.27952;-0.0246809;0.169014;0.0369993;0.0351838;0.330372;0.0538188;0.147171;0.0277477;0.217544;0.555017;1;1;0.724919;0;1;
20;-0.0841973;0.0256957;-0.0279295;0.0761544;-0.109475;0.0727734;0.249822;0.130756;0.278427;-0.0394454;0.200827;-0.00852535;0.0205449;0.363744;0.0408018;0.170923;0.0162038;0.198564;0.821047;1;0.805571;0.509431;0;1;
21;-0.0666626;0.0436176;-0.0339862;0.0566937;-0.0761557;0.0547193;0.264676;0.132605;0.269863;-0.0431117;0.223605;-0.0225203;-0.00968937;0.363186;0.0238299;0.186095;0.00946258;0.181172;0.706403;1;0.677189;0.634087;0;1;
22;-0.0802662;0.0250848;0.0121273;0.00114356;-0.0124989;-2.94315e-05;0.268097;0.127903;0.263089;-0.0401758;0.235603;-0.0357059;-0.0199549;0.370107;0.0139185;0.189247;0.00552541;0.164315;0.862318;1;0.678339;0.507105;0;1;
23;-0.0972669;0.00177978;0.089734;-0.0768105;0.0753519;-0.0826769;0.264282;0.128182;0.253105;-0.0270294;0.229616;-0.0425538;-0.0219476;0.375925;0.00812812;0.189363;0.00322626;0.130358;1;0.803185;0.354494;0.36274;0;1;
24;-0.091043;-0.0166892;0.169657;-0.143149;0.161258;-0.165539;0.264129;0.113596;0.236513;-0.00580007;0.196918;-0.062639;-0.0320326;0.355039;0.00474643;0.184263;0.0018836;0.103896;1;1;0;0.379904;0;1;
25;-0.00843116;-0.0184724;0.228353;-0.180997;0.223447;-0.225947;0.231339;0.087659;0.211368;0.0169783;0.188244;-0.105519;-0.0191895;0.298187;0.00277134;0.174517;0.00109946;0.048747;1;0.437409;0;0.347687;0;1;
26;0.0667578;-0.0511957;0.264551;-0.198533;0.261686;-0.263146;0.196404;0.0711561;0.177773;0.0442103;0.164269;-0.0966692;-0.00719981;0.204018;0.00161799;0.165629;0.00064161;-0.0411267;1;0.56342;0;0.407012;0;1;
27;0.0763459;-0.11371;0.284492;-0.215056;0.282819;-0.28367;0.151033;0.0576905;0.13428;0.08298;0.126394;-0.0899115;0.0239127;0.130844;0.000944477;0.143594;0.000374297;-0.048068;1;0;0;0.386748;0;1;
28;0.165865;-0.185694;0.293322;-0.219574;0.299937;-0.294531;0.111333;0.038456;0.0764962;0.099229;0.0718988;-0.0915441;0.059227;0.0764135;0.00055128;0.110004;0.0385866;-0.127159;1;0;0;0.0869987;0.679672;1;
29;0.200353;-0.230559;0.296472;-0.243319;0.266576;-0.269301;0.0207496;0.0667382;0.000390022;0.101924;0.0433595;-0.00919647;0.0429961;0.0446244;0.000321366;0.0642443;0.159916;-0.138472;1;0;0;0;0.64397;1;
30;0.169593;-0.247457;0.284663;-0.25491;0.230258;-0.264237;-0.0719979;0.124046;-0.0848443;0.144594;0.0492571;0.0796886;0.0725597;0.0260603;0.00457408;0.0375178;0.235054;-0.134938;1;0;0.571524;0;0.394931;1;
31;0.142001;-0.242172;0.263896;-0.246524;0.214087;-0.253473;-0.118947;0.1788;-0.155903;0.190801;0.0627816;0.152842;0.0818753;0.0152187;0.01011;0.0219097;0.275628;-0.135846;1;0;0.947007;0;1;1;
32;0.122881;-0.219427;0.232112;-0.221969;0.192951;-0.234172;-0.12595;0.21648;-0.165706;0.223487;0.0558227;0.191086;0.106998;0.00888737;0.041446;0.0127946;0.249212;-0.0888851;1;0;1;0;1;0.245092;
33;0.118528;-0.182319;0.189727;-0.183803;0.0523907;-0.19093;-0.110877;0.238723;-0.0796399;0.242816;-0.00683748;0.223893;0.135859;0.00518935;0.134731;0.00747181;0.169676;-0.051909;0.608296;0;1;0;1;0;
34;0.0513552;-0.129709;0.134038;-0.130575;0.00407469;-0.134737;-0.142538;0.250135;-0.139762;0.252525;0.0324912;0.241475;0.0793644;0.00303001;0.0813507;0.00436288;0.225373;-0.0303149;0.910474;0;1;0;1;0;
35;-0.0144667;-0.0567182;0.0592555;-0.0572238;-0.0152574;-0.0596544;-0.103452;0.24343;-0.120988;0.245749;0.00491608;0.245184;0.109379;0.00176905;0.0871635;0.00254729;0.189619;-0.0177043;0.970931;0;1;0;1;0;
36;-0.0950322;0.0373581;-0.0358581;0.0370629;-0.0793903;0.0356434;-0.0923648;0.230424;-0.128685;0.236057;0.016604;0.23527;0.104505;0.00103236;0.0776501;0.00148731;0.18251;-0.0103395;0.877543;0;1;0;1;0;
37;-0.180225;0.133049;-0.132152;0.132876;-0.15759;0.132047;-0.0758079;0.208052;-0.121724;0.202157;0.0365209;0.202789;0.0993268;0.000602412;0.0700705;0.000867995;0.171927;-0.0060388;1;0;0.974142;0;1;0;
38;-0.246397;0.205512;-0.204971;0.205411;-0.219836;0.204927;-0.0281921;0.199466;-0.0898886;0.196023;0.0377615;0.196393;0.105326;0.000351213;0.0709246;0.000506549;0.146585;-0.00352697;1;0;1;0;1;0;
39;-0.283982;0.251242;-0.250915;0.246932;-0.242827;0.2509;0.00407622;0.176438;-0.063108;0.174429;0.0470155;0.174644;0.104999;0.000204625;0.0466301;-0.00473686;0.128071;-0.00206013;1;0;0.85871;0.388003;1;0;
40;-0.296661;0.277251;-0.264147;0.246118;-0.257847;0.277051;0.0420206;0.140764;-0.0254751;0.139595;0.0506083;0.139716;0.100649;0.000119046;0.0272345;-0.00456563;0.0941968;-0.00120354;1;0;1;0.783751;1;0;
41;-0.300803;0.288818;-0.266666;0.238956;-0.274188;0.289932;0.0744398;0.0902606;0.0182394;0.0912911;0.065274;0.0896461;0.081652;0.0190739;-0.00440049;0.0332368;0.059075;0.00597312;0.738517;0.403716;1;1;1;0.142547;
42;-0.300538;0.255433;-0.279059;0.255477;-0.281024;0.307998;0.0930879;0.0553261;0.0477722;0.0213974;0.0671654;0.0204326;0.0476861;0.109548;-0.00676406;0.0520055;0.0344988;0.0638973;0.160295;0.607138;1;1;0;0.807637;
43;-0.29145;0.221615;-0.282323;0.23743;-0.281703;0.295714;0.12966;0.0493874;0.103201;-0.0604636;0.114521;-0.0557215;0.027848;0.172404;0.00291634;0.0905071;0.0201468;0.0806213;0;1;0.845993;0.85499;0;1;
44;-0.27258;0.170768;-0.267251;0.220602;-0.266888;0.275039;0.178316;0.054368;0.162864;-0.123222;0.169475;-0.110678;0.0162626;0.220635;0.00170305;0.0976619;0.0117653;0.0770452;0;1;0.43332;0.635022;0;1;
45;-0.242962;0.15131;-0.239849;0.187239;-0.239638;0.244066;0.21547;0.0306036;0.206447;-0.122572;0.210307;-0.115224;0.00949674;0.220912;0.000994079;0.109812;0.00687043;0.0921253;0;1;0;0.722132;0;1;
46;-0.203161;0.0797956;-0.201343;0.1582;-0.20122;0.203804;0.238316;0.0246737;0.233046;-0.135139;0.2353;-0.113015;0.00554564;0.213564;0.000580141;0.099057;0.00401168;0.0992372;0;1;0;0.683021;0;1;
47;-0.151365;0.0365187;-0.150304;0.10951;-0.150232;0.151746;0.250459;0.0217;0.247381;-0.134417;0.248698;-0.120084;0.00323805;0.209259;0.000338292;0.092349;0.00234225;0.0943965;0;1;0;0.861775;0;1;
48;-0.0822764;0.0152039;-0.0816565;0.0438526;-0.0816148;0.0825111;0.250245;0.0128166;0.24974;-0.116433;0.249242;-0.122398;0.00189051;0.194137;0.000197067;0.101535;0.00136726;0.0849443;0;1;0;0.867884;0;1;
49;0.0081851;-0.0473553;0.00854701;-0.0352268;0.00857136;-0.00802968;0.238698;0.0198941;0.239148;-0.110445;0.235632;-0.132401;0.00110358;0.189841;0.000114599;0.0952505;0.00079787;0.0773301;0;1;0;0.991246;0;1;
50;0.107235;-0.130106;0.107446;-0.123048;0.107461;-0.107123;0.218861;0.0225265;0.212785;-0.0846376;0.214342;-0.11528;0.000644004;0.17451;6.64259e-05;0.0934162;0.000465408;0.074517;0;1;0;1;0;1;
51;0.187794;-0.201142;0.187917;-0.199022;0.187926;-0.187708;0.210183;0.035943;0.201885;-0.0544484;0.201665;-0.0953809;0.00037566;0.160143;3.84115e-05;0.0866751;0.000271291;0.07053;0;1;0;1;0;0.858198;
52;0.236941;-0.245542;0.240655;-0.251181;0.24066;-0.240519;0.187988;0.0488056;0.183142;-0.0183576;0.183013;-0.0655754;-0.0025282;0.134475;2.19468e-05;0.0866253;0.000157902;0.0586406;0.372783;1;0;1;0;0.87953;
53;0.261433;-0.247825;0.271462;-0.278425;0.271465;-0.271376;0.154209;0.0478905;0.151376;0.0228225;0.151301;-0.0336762;-0.0135379;0.104546;1.24298e-05;0.0934291;9.17329e-05;0.0342533;0.777754;1;0;0.944279;0;1;
54;0.25608;-0.272843;0.28748;-0.288884;0.287482;-0.281473;0.10726;0.0524002;0.105597;0.0685293;0.105553;0.0127589;-0.00662454;0.0624489;6.8222e-06;0.0872173;5.31895e-05;0.0200013;1;0.73546;0;0.631937;0;1;
55;0.250917;-0.283653;0.293178;-0.293986;0.279758;-0.28199;0.0426883;0.0591021;0.0417082;0.07609;0.0517311;0.0398174;0.0488411;0.0364698;0.0288731;0.0509401;0.0733269;0.00859778;1;0.421955;0.879638;0.277615;0.845234;1;
56;0.247014;-0.287232;0.288287;-0.290296;0.232857;-0.298347;-0.0391979;0.0986584;-0.0397712;0.10858;0.0391018;0.087402;0.0789835;0.0212978;0.0708415;0.0297483;0.140457;0.0134518;1;0;1;0;1;0.892541;
57;0.22798;-0.274448;0.271576;-0.276237;0.199587;-0.281964;-0.105687;0.154961;-0.105565;0.160756;0.0411152;0.14839;0.0983533;0.0124375;0.0705705;0.0173724;0.198144;0.0112843;0.751284;0;1;0;1;0.520256;
58;0.197333;-0.249556;0.239107;-0.250601;0.147506;-0.253945;-0.131908;0.200583;-0.123903;0.203967;0.0293678;0.196745;0.0988007;0.00726302;0.0781565;0.0101449;0.214793;0.00658948;0.787834;0;1;0;1;0;
59;0.173088;-0.213665;0.207559;-0.214275;0.108242;-0.216228;-0.131455;0.229648;-0.11691;0.231624;0.0129925;0.227407;0.105295;0.00424096;0.0949213;0.00592414;0.200976;0.00384782;0.835599;0;1;0;1;0;
60;0.13675;-0.166196;0.162635;-0.166552;0.0451683;-0.167693;-0.142346;0.245864;-0.12442;0.247018;0.0153696;0.244555;0.0873069;0.0024761;0.0910654;0.0034592;0.202877;0.00224663;0.868403;0;1;0;1;0;
61;0.0780613;-0.102887;0.100818;-0.103095;0.0318346;-0.103761;-0.125904;0.25317;-0.127643;0.253844;0.00581729;0.252405;0.0974798;0.00144547;0.0819771;0.00201961;0.189381;0.00131151;0.9788;0;1;0;1;0;
62;0.00379727;-0.0183119;0.01712;-0.018433;-0.0231842;-0.0188221;-0.116871;0.239237;-0.134614;0.24233;0.00731658;0.243016;0.0934481;0.000843502;0.0764111;0.00117901;0.180855;0.000765458;1;0;1;0;1;0;
63;-0.0894441;0.0809503;-0.0816286;0.0808795;-0.105181;0.0806522;-0.100677;0.223412;-0.126466;0.222194;0.0136673;0.221629;0.0853841;0.000492055;0.0690138;0.000688046;0.17249;0.000446521;1;0;1;0;1;0;
64;-0.173503;0.168528;-0.168908;0.168487;-0.182673;0.168354;-0.0662691;0.192419;-0.103554;0.189628;0.0136961;0.186161;0.0855725;0.000286935;0.0718969;0.000401599;0.159851;0.000260525;1;0;1;0;1;0;
65;-0.231552;0.228636;-0.228846;0.228611;-0.236889;0.228534;-0.0381255;0.182641;-0.0798314;0.179956;0.0383079;0.166558;0.0763251;0.000166953;0.0588151;0.000234229;0.135587;0.000151691;1;0;1;0.123361;1;0;
66;-0.265003;0.264704;-0.264824;0.253286;-0.249098;0.264644;0.00421234;0.157303;-0.0457445;0.155736;0.0390183;0.14791;0.0837895;9.69929e-05;0.0368814;-0.0206944;0.103874;8.81799e-05;1;0;1;0.472961;1;0;
67;-0.28255;0.284224;-0.284291;0.245558;-0.272001;0.284189;0.0417886;0.11742;-0.00979675;0.116509;0.0463312;0.111934;0.0771624;5.62309e-05;0.0215375;-0.0120878;0.0722083;5.10836e-05;0.808735;0;1;0.783906;0.858457;0;
68;-0.285546;0.291447;-0.283468;0.242683;-0.279081;0.291798;0.0738579;0.0599258;0.0402985;0.05942;0.0583942;0.0567167;0.0553374;0.0468983;-0.0262284;0.0403771;0.042172;0.0221184;0.418828;0.861431;1;0.963119;0.397841;0.576223;
69;-0.287631;0.246697;-0.299957;0.253496;-0.283856;0.299742;0.0952314;0.0406089;0.0760035;-0.0173836;0.0862006;-0.0189639;0.0323163;0.122813;-0.0190639;0.0618065;0.0246278;0.0707869;0;1;1;0.837317;0;1;
70;-0.278573;0.223316;-0.286913;0.230843;-0.276368;0.284291;0.146;0.0367873;0.134775;-0.0888384;0.140726;-0.0909406;0.0188721;0.188302;-0.00500619;0.0942033;0.0143822;0.0727838;0;1;0.808304;0.594482;0;1;
71;-0.257194;0.152269;-0.262444;0.213828;-0.255907;0.25994;0.193369;0.0355885;0.186814;-0.135797;0.190289;-0.121221;0.0110208;0.219149;-0.00252652;0.0859749;0.00839878;0.0751434;0;1;0;0.541716;0;1;
72;-0.224404;0.128463;-0.227469;0.18323;-0.223652;0.226004;0.22525;0.0128662;0.221421;-0.131749;0.223451;-0.115082;0.00643555;0.201536;-0.00147589;0.106844;0.00490431;0.0968126;0;1;0;0.61703;0;1;
73;-0.180476;0.062609;-0.182267;0.146899;-0.180037;0.181414;0.243666;0.0147742;0.24143;-0.143781;0.242615;-0.121728;0.00375794;0.203659;-0.000862349;0.087122;0.00286347;0.0903665;0;1;0;0.578429;0;1;
74;-0.122194;0.00447913;-0.12324;0.0940464;-0.121938;0.122751;0.252616;0.00934321;0.251311;-0.141348;0.252003;-0.121046;0.00219403;0.194408;-0.000504145;0.0817338;0.00167172;0.0909113;0;1;0;0.704438;0;1;
75;-0.0437336;-0.0250123;-0.0443443;0.0205433;-0.0435845;0.0440757;0.247637;0.00286372;0.246773;-0.122664;0.245356;-0.124526;0.00128084;0.179622;-0.000294872;0.0906976;0.000975651;0.0830662;0;1;0;0.718482;0;1;
76;0.0535444;-0.0936886;0.0531877;-0.0673768;0.0536314;-0.0533245;0.230504;0.0143407;0.229207;-0.113808;0.226392;-0.131893;0.00074753;0.175759;-0.0001727;0.0828991;0.000569193;0.0750997;0;1;0;0.821723;0;1;
77;0.14698;-0.170417;0.146772;-0.15508;0.147031;-0.14683;0.199506;0.0174059;0.199602;-0.0787545;0.200367;-0.107277;0.000436134;0.15179;-0.000101354;0.0876082;0.000331868;0.0750002;0;1;0;0.915144;0;1;
78;0.214811;-0.228489;0.214689;-0.2216;0.21484;-0.214705;0.19157;0.0356615;0.191627;-0.0495145;0.192073;-0.0879565;0.000254264;0.136179;-5.9586e-05;0.0790939;0.000193246;0.0667011;0;1;0;0.987238;0;0.921771;
79;0.251889;-0.256257;0.256652;-0.262171;0.256741;-0.256324;0.168334;0.0393637;0.168366;-0.00701331;0.168627;-0.0536282;-0.00997143;0.108391;-3.52087e-05;0.0817552;0.000112369;0.0500825;0.488648;1;0;0.955123;0;1;
80;0.255297;-0.266813;0.280101;-0.283323;0.280153;-0.279779;0.131523;0.0435632;0.131538;0.0315215;0.131691;-0.0211983;-0.00828866;0.0789067;-2.09886e-05;0.0792729;6.51916e-05;0.0292501;0.699357;1;0;0.758235;0;1;
81;0.249609;-0.282093;0.290048;-0.290551;0.290484;-0.285717;0.0786713;0.0573688;0.0786715;0.0683069;0.0787628;0.0266066;0.0336055;0.0460879;0.00564107;0.0572584;0.0200741;-0.0092346;1;0.883637;0.111805;0.496601;0.283964;1;
82;0.259267;-0.287318;0.302479;-0.292259;0.256562;-0.295756;0.00625068;0.0732103;0.00624657;0.0803192;0.0422877;0.0610126;0.0571474;0.0269145;0.0595459;0.0334395;0.112764;-0.0113385;0.966951;0;1;0.240944;0.74968;1;
83;0.239005;-0.281812;0.290228;-0.284697;0.23107;-0.288029;-0.0712016;0.124409;-0.0736634;0.128561;0.0399346;0.117291;0.0952082;0.0157176;0.0769785;0.0195281;0.173455;0.00154958;0.973629;0;1;0;0.999266;0.78153;
84;0.212609;-0.264015;0.260605;-0.2657;0.159553;-0.267646;-0.128075;0.17778;-0.117657;0.180205;0.0404622;0.173624;0.08932;0.00917867;0.0736823;0.0114038;0.214959;0.000904681;0.801048;0;1;0;1;0.179301;
85;0.18587;-0.234346;0.231952;-0.23533;0.149674;-0.236466;-0.125683;0.215666;-0.11914;0.217082;0.0192544;0.213239;0.111248;0.00535978;0.0895846;0.00665931;0.207421;0.000527889;0.877082;0;1;0;1;0;
86;0.161059;-0.193705;0.192308;-0.194279;0.0713337;-0.194943;-0.14017;0.238331;-0.118213;0.239158;0.0163256;0.236913;0.0923486;0.00312947;0.0934261;0.00388862;0.205494;0.000307861;0.838355;0;1;0;1;0;
87;0.112421;-0.139953;0.139144;-0.140288;0.0215814;-0.140676;-0.138455;0.250124;-0.1204;0.250607;0.0116744;0.249296;0.0863541;0.00182705;0.0925204;0.00227033;0.198069;0.000179296;1;0;1;0;1;0;
88;0.0456556;-0.0675673;0.0671086;-0.0677627;-0.000870386;-0.0679891;-0.121226;0.248411;-0.125824;0.249296;0.00482217;0.248876;0.0945123;0.00106636;0.0843253;0.00132542;0.184332;0.00010423;1;0;1;0;1;0;
89;-0.0386481;0.0258333;-0.0260829;0.0257193;-0.0657996;0.025587;-0.114305;0.231826;-0.133564;0.234671;0.012862;0.236668;0.0886098;0.000622141;0.0762179;0.000773576;0.179418;6.0394e-05;0.877915;0;1;0;1;0;
90;-0.130828;0.123326;-0.123452;0.123259;-0.146661;0.123182;-0.0873283;0.211035;-0.116823;0.212418;0.0172553;0.206812;0.0905445;0.00036276;0.0776995;0.000451305;0.160592;3.4788e-05;1;0;1;0;1;0;
91;-0.203383;0.198986;-0.199043;0.198947;-0.212605;0.198902;-0.0559021;0.202861;-0.0942218;0.203668;0.0315633;0.200395;0.0842471;0.000211282;0.0705938;0.000263165;0.143631;1.99163e-05;1;0;1;0;1;0;
92;-0.249932;0.247352;-0.247374;0.247328;-0.25273;0.247303;-0.018233;0.180404;-0.0645726;0.180876;0.0439016;0.178964;0.0805289;0.000122891;0.0580665;0.00015365;0.117712;1.1177e-05;1;0;1;0.0815178;1;0;
93;-0.275903;0.275139;-0.275148;0.263321;-0.262991;0.27511;0.0254328;0.14561;-0.0272733;0.145888;0.0445022;0.144769;0.0832247;7.12878e-05;0.0339171;-0.00949983;0.085732;6.14932e-06;1;0;1;0.490512;1;0;
94;-0.286782;0.28913;-0.287448;0.263667;-0.281726;0.289113;0.0715099;0.096553;0.0140272;0.0967231;0.0462386;0.0960617;0.07619;4.12104e-05;0.0198037;0.00199976;0.0500771;3.20483e-06;0.894542;0;1;0.840829;0.609083;0;
95;-0.292102;0.278458;-0.289071;0.261752;-0.28892;0.294209;0.0799872;0.0402259;0.0369171;0.0290422;0.0503098;0.0286464;0.0444953;0.0788042;0.0109561;0.0586194;0.0292408;0.0354993;0.334731;0.831432;1;0.89834;0.436402;0.900837;
96;-0.28756;0.232887;-0.299177;0.250237;-0.285702;0.28411;0.118035;0.0330186;0.0928879;-0.0543453;0.100703;-0.0545778;0.0259845;0.145905;0.0197939;0.0879622;0.0170762;0.0643403;0;1;0.932261;0.720835;0;1;
97;-0.271953;0.172115;-0.278738;0.223839;-0.270868;0.257134;0.169779;0.0344143;0.155094;-0.119836;0.159657;-0.116436;0.0151744;0.201077;0.0115598;0.0892947;0.00997212;0.0647444;0;1;0.400914;0.512967;0;1;
98;-0.244655;0.154961;-0.248618;0.194963;-0.244022;0.228294;0.210095;0.0188763;0.201519;-0.129916;0.204184;-0.128369;0.00886119;0.206073;0.00675039;0.106682;0.00582326;0.0743862;0;1;0;0.612604;0;1;
