1;-0.000363587;0.000116064;9.94836e-05;-0.000363587;0.000116064;9.94834e-05;0.0349769;0.0347456;0.0352594;0.0349771;0.0347458;0.0352596;0.808667;0.808665;0.808666;0.808667;0.808665;0.808666;0;0;0;0;0;0;
2;-0.0293006;-0.00388858;-0.00311087;0.00456805;0.00613817;0.00476159;0.254497;0.193335;0.18203;0.153261;0.170867;0.179384;0.472512;0.472404;0.472403;0.472415;0.472424;0.472429;1;1;1;1;1;1;
3;-0.0192859;-0.0107315;0.0116972;0.00299622;0.0027344;0.0037851;0.148553;0.116439;0.117095;0.0898979;0.0997092;0.106202;0.275976;0.275899;0.275901;0.275906;0.275917;0.275924;1;0;0.535884;0.131661;0.666123;1;
4;-0.0106299;-0.00690188;0.012682;0.00111492;0.00266797;0.00157597;0.0882662;0.068025;0.0683597;0.0525255;0.0582097;0.0712834;0.161185;0.161126;0.161131;0.16113;0.161143;0.16115;1;0;0.718701;0.0244451;0.483938;1;
5;-0.0106738;0.00845602;0.011202;9.27483e-05;0.00476476;0.000918575;0.0687977;0.0399814;0.0398188;0.0309313;0.0375933;0.0540295;0.0941399;0.0940976;0.0941045;0.0941017;0.094112;0.094118;1;0.229496;1;0.230884;0.733336;1;
6;-0.00872153;0.00383201;0.00769587;-0.00105293;0.00429828;-0.000570579;0.0561629;0.0240075;0.0282416;0.0187243;0.0323156;0.0502924;0.0549835;0.0549536;0.0549601;0.0549575;0.0549649;0.0549694;1;0.490626;0.986262;0.499554;0.721862;1;
7;-0.00751666;0.0011422;0.00729208;-0.00174248;0.00453576;-0.00116758;0.0481324;0.0154097;0.022347;0.0191651;0.0292794;0.0480474;0.0321151;0.0320938;0.0320991;0.0320971;0.0321026;0.0321061;1;0.56199;1;0.505507;0.725221;1;
8;-0.00727313;0.000918973;0.00723246;-0.00190739;0.00412168;-0.00117813;0.0447864;0.017051;0.0210926;0.0218562;0.0279;0.0471209;0.0187596;0.0187436;0.0187481;0.0187467;0.0187509;0.0187535;1;0.521266;1;0.428065;0.74884;1;
9;-0.00830395;0.00240182;0.00567655;-0.000351263;0.00294575;0.00026247;0.0396762;0.0185862;0.0191171;0.0249362;0.0262934;0.0468293;0.0109598;0.010947;0.0109512;0.01095;0.0109535;0.0109553;1;0.50566;1;0.429909;0.785792;1;
10;-0.0120645;0.00577251;0.00242058;0.000690243;0.000825387;0.00104873;0.0344461;0.0204963;0.0164796;0.0289089;0.0247804;0.0462488;0.00710711;0.00639357;0.00639792;0.00639659;0.00640003;0.00640081;1;0.475719;1;0.424073;1;1;
11;-0.0185686;0.0134317;-0.00223169;0.00404919;-0.0031637;0.00425862;0.029163;0.0235002;0.0153883;0.0305764;0.0281589;0.0449133;0.00810452;0.00373438;0.00373889;0.00373762;0.00980111;0.00374061;1;0.476079;1;0.427924;0.848263;1;
12;-0.0311281;0.0161444;-0.00960235;0.0106645;-0.010147;0.0107869;0.024421;0.027365;0.0145667;0.0378859;0.0254939;0.0478513;0.00827285;0.00218131;0.00218616;0.00218466;0.00962089;0.00218677;1;0.466807;1;0.443656;1;1;
13;-0.0496426;0.0248868;-0.0210651;0.021686;-0.0213835;0.0217577;0.0209292;0.0299704;0.0136109;0.0404757;0.0246365;0.0456701;0.00630104;0.00127459;0.00281024;0.00127794;0.00941014;0.00127922;1;0.485314;1;0.462067;1;0.967871;
14;-0.0544881;0.0400305;-0.037798;0.038161;-0.037984;0.0382029;0.0193923;0.0276931;0.0170467;0.0334809;0.0241322;0.0450313;0.00475948;0.000745489;0.00171151;0.00116378;0.00696912;0.00174929;1;0.515365;1;0.474029;0.88826;1;
15;-0.069902;0.0614588;-0.0601552;0.0603673;-0.0602635;0.0603919;0.0274846;0.0285534;0.0245348;0.0284529;0.0258425;0.0352159;0.00278191;0.00242842;0.00191291;0.0016042;0.00407265;0.00322572;0.981264;0.689705;1;0.550954;0.609552;1;
16;-0.0923389;0.0874077;-0.0866468;0.0867707;-0.0867098;0.0867852;0.0432951;0.025287;0.0431565;0.0108835;0.0298641;0.0203279;0.00162602;0.0106459;0.00111842;0.0076975;0.00237883;0.0086427;0.669679;1;0.832136;0.675981;0.359319;1;
17;-0.116391;0.113511;-0.113067;0.11314;-0.113104;0.113148;0.0581615;0.0134347;0.0580819;-0.0265158;0.0503175;-0.020998;0.000949422;0.020864;0.000653482;0.00799101;0.00138886;0.011095;0.361963;1;0.567203;0.679029;0;1;
18;-0.134712;0.133029;-0.132771;0.132813;-0.132792;0.132818;0.095531;-0.0537033;0.0954845;-0.0770461;0.0909502;-0.073819;0.000554093;0.0358236;0.00038122;0.00804047;0.000810708;0.0108202;0;1;0;0.570847;0;1;
19;-0.139428;0.138446;-0.138294;0.138319;-0.138307;0.138322;0.143573;-0.119133;0.143546;-0.132774;0.140898;-0.130885;0.000323233;0.0224853;0.000222288;0.00620548;0.000473015;0.0117926;0;1;0;0.575065;0;1;
20;-0.124219;0.123645;-0.123556;0.123571;-0.123564;0.123573;0.18597;-0.171686;0.185954;-0.179661;0.184408;-0.178553;0.00018837;0.0131343;0.000129411;0.0036259;0.000275752;0.00688972;0;1;0;0.476665;0;1;
21;-0.0847659;0.0844316;-0.0843793;0.0843877;-0.0843837;0.0843888;0.214928;-0.194397;0.214919;-0.211241;0.214015;-0.210591;0.000109585;0.00767089;7.51507e-05;0.00211865;0.00016052;0.00402481;0;1;0;0.817782;0;1;
22;-0.017527;0.0173322;-0.0173012;0.0173062;-0.0173037;0.0173068;0.230536;-0.187142;0.230531;-0.228381;0.230003;-0.216328;6.35204e-05;0.00447931;4.3409e-05;0.00123775;9.32064e-05;0.00235081;0;1;0;0.933094;0;1;
23;0.0724157;-0.0725289;0.0725476;-0.0725446;0.0725462;-0.0725442;0.228929;-0.170138;0.229138;-0.211386;0.229385;-0.206418;3.66225e-05;0.00261527;2.48607e-05;0.000722881;5.38773e-05;0.00137332;0;1;0;0.995887;0;1;
24;0.159543;-0.159609;0.15962;-0.159618;0.159619;-0.159618;0.22086;-0.133289;0.220078;-0.174725;0.222661;-0.184032;2.09206e-05;0.00152739;1.40583e-05;-0.00147335;3.09132e-05;0.00080265;0;1;0;1;0;1;
25;0.222446;-0.222486;0.222491;-0.22249;0.222491;-0.22249;0.202226;-0.0855266;0.201769;-0.125144;0.203278;-0.146801;1.17472e-05;0.00882626;7.73324e-06;-0.00260229;1.74946e-05;0.000469651;0;1;0;1;0;1;
26;0.261101;-0.261126;0.261128;-0.261128;0.261128;-0.261128;0.172435;-0.0330348;0.172167;-0.0642793;0.173048;-0.100043;6.78167e-06;0.0202444;4.07836e-06;0.0126354;9.70032e-06;0.000716933;0.0862011;1;0;0.962256;0;1;
27;0.282475;-0.282492;0.282493;-0.282493;0.282493;-0.282493;0.131169;-0.00476337;0.131006;-0.0182901;0.131521;-0.0154191;0.0120774;0.0120911;1.97959e-06;0.0211988;5.19652e-06;0.00822957;0.823137;1;0;0.807462;0;1;
28;0.292142;-0.292154;0.292155;-0.292154;0.292154;-0.292155;0.0746908;0.0440234;0.0745861;0.0438222;0.0748863;0.101335;0.0242623;0.00706288;0.00817021;0.0123826;0.00718409;0.0360521;1;0.808635;0.725923;0.574201;0.289768;1;
29;0.28701;-0.294395;0.30053;-0.292735;0.298051;-0.29273;-0.000656937;0.06999;-0.000712439;0.0698729;-0.000534474;0.134059;0.0141728;0.00412432;0.021106;0.00723122;0.0298121;0.0210566;0.85617;0;1;0;1;0.712487;
30;0.280424;-0.284738;0.288321;-0.283768;0.286874;-0.283765;-0.0854541;0.125945;-0.0854742;0.125877;-0.0853663;0.163361;0.00827865;0.00240823;0.0268465;0.00422262;0.0319506;0.0122964;0.502419;0;1;0;1;0;
31;0.261424;-0.263944;0.266037;-0.263378;0.265192;-0.263376;-0.156262;0.17991;-0.156266;0.17987;-0.156199;0.20176;0.00483642;0.00140598;0.0156823;0.00246561;0.0186648;0.00718063;0.707134;0;1;0;1;0;
32;0.23067;-0.232142;0.233365;-0.231811;0.232872;-0.23181;-0.203316;0.217128;-0.203312;0.217104;-0.20327;0.229888;0.00282516;0.000820627;0.00915997;0.00143944;0.010903;0.00419295;0.769275;0;1;0;1;0;
33;0.188884;-0.189743;0.190459;-0.18955;0.19017;-0.18955;-0.231035;0.239102;-0.230597;0.239088;-0.202061;0.246554;0.00164971;0.000478737;0.00534954;0.000840134;0.00636798;0.00244815;0.650351;0;1;0;1;0;
34;0.133542;-0.134045;0.134463;-0.133932;0.134295;-0.133932;-0.245645;0.250356;-0.227141;0.250348;-0.199703;0.254708;0.000962893;0.000279047;0.0031237;0.000490102;0.00371926;0.00142915;1;0;1;0;1;0;
35;0.0589564;-0.0592499;0.0594955;-0.0591846;0.0593969;-0.0591844;-0.242112;0.249653;-0.221953;0.249318;-0.190725;0.249032;0.00056155;0.000162426;0.001824;0.000285686;0.00217234;0.000834067;1;0;1;0;1;0;
36;-0.0360511;0.0358798;-0.035735;0.0359174;-0.0357931;0.0359175;-0.220595;0.226848;-0.211563;0.235802;-0.171825;0.234856;0.000327325;9.42987e-05;0.00106507;0.000166297;0.00126923;0.000486542;1;0;1;0;1;0;
37;-0.132285;0.132185;-0.132099;0.132207;-0.132134;0.132207;-0.184554;0.203609;-0.191412;0.205673;-0.146881;0.197089;-0.00261016;5.45502e-05;-0.00167124;9.68011e-05;0.00602811;0.000283739;1;0;1;0;1;0;
38;-0.205067;0.205008;-0.204956;0.20502;-0.204977;0.20502;-0.136887;0.196465;-0.156623;0.190498;-0.0888778;0.175266;-0.00152355;3.13762e-05;-0.000975548;5.59865e-05;0.0178098;0.000165107;1;0;1;0;1;0;
39;-0.250983;0.250947;-0.250916;0.250954;-0.25093;0.250954;-0.0801489;0.174686;-0.118358;0.171201;-0.0343892;0.162306;0.0118184;1.78333e-05;-0.000568902;3.22281e-05;0.0267472;9.5998e-05;1;0;1;0;1;0;
40;-0.277101;0.277079;-0.27706;0.277082;-0.277069;0.277083;-0.0143439;0.13974;-0.0836849;0.137706;0.022707;0.132511;0.0111921;1.00377e-05;-0.000331615;1.84384e-05;0.0398877;5.56021e-05;1;0;1;0.232114;1;0;
41;-0.289963;0.289949;-0.289938;0.28995;-0.289944;0.289951;0.046536;0.0896603;0.00518463;0.088479;0.0421316;0.085438;0.0170685;5.49665e-06;0.00487268;0.0111733;0.0232991;3.21159e-05;1;0;0.863213;0.584625;1;0;
42;-0.293168;0.293159;-0.293153;0.29316;-0.293157;0.293161;0.0643341;0.0204397;0.0423573;0.0197481;0.0663841;0.0179725;0.00996868;0.0262907;0.0122862;0.0170256;0.0136069;0.0193368;0.0933491;1;0.882039;0.680394;0;1;
43;-0.287146;0.287141;-0.287138;0.287142;-0.28714;0.287142;0.112868;-0.0633429;0.100034;-0.0637627;0.114065;-0.0647883;0.00582128;0.0437253;0.00717469;0.0099454;0.00794599;0.0222493;0;1;0;0.381944;0;1;
44;-0.270067;0.270064;-0.270062;0.270064;-0.270063;0.270064;0.168509;-0.139574;0.161014;-0.13983;0.169208;-0.140422;0.00339925;0.0255411;0.00418968;0.00581066;0.00463997;0.0137693;0;1;0;0.686484;0;1;
45;-0.241494;0.241493;-0.241491;0.241492;-0.241492;0.241492;0.209744;-0.192834;0.205366;-0.192993;0.210152;-0.193333;0.0019847;0.0149189;0.0024463;0.00339483;0.00270925;0.00804357;0;1;0;0.687805;0;1;
46;-0.202304;0.202303;-0.202302;0.202302;-0.202302;0.202302;0.234971;-0.20896;0.232415;-0.225188;0.23521;-0.225382;0.00115859;0.00871259;0.00142817;0.00198329;0.00158166;0.00469813;0;1;0;0.684671;0;1;
47;-0.150865;0.150865;-0.150864;0.150864;-0.150864;0.150864;0.248506;-0.206542;0.247013;-0.242791;0.248645;-0.228253;0.000676103;0.00508719;0.000833532;0.00115843;0.000923117;0.00274365;0;1;0;0.684279;0;1;
48;-0.0819842;0.0819847;-0.0819837;0.0819838;-0.0819839;0.081984;0.251767;-0.201592;0.251795;-0.243779;0.251546;-0.222883;0.000394344;0.00296955;0.000486262;0.000676267;0.000538531;0.00160236;0;1;0;0.632496;0;1;
49;0.00835561;-0.00835475;0.00835592;-0.00835576;0.00835585;-0.00835567;0.240274;-0.185362;0.240156;-0.226835;0.234104;-0.215135;0.000229781;0.00173289;0.000283458;0.000394741;0.000313903;0.000935941;0;1;0;0.64098;0;1;
50;0.107334;-0.107334;0.107335;-0.107334;0.107335;-0.107334;0.213548;-0.156981;0.213359;-0.199072;0.212363;-0.197798;0.000133705;0.00101117;0.000165047;0.000230762;0.000182739;0.000547046;0;1;0;0.63468;0;1;
51;0.187852;-0.187852;0.187852;-0.187852;0.187852;-0.187852;0.188139;-0.121595;0.180833;-0.147971;0.177358;-0.164729;7.77579e-05;0.00612376;9.61228e-05;-0.00457934;0.000106201;-0.0041656;0;1;0;0.812933;0;1;
52;0.240617;-0.240618;0.240617;-0.240617;0.240617;-0.240617;0.175114;-0.0625259;0.170847;-0.0976385;0.168818;-0.12857;4.48856e-05;0.0157995;5.55706e-05;0.0047118;6.15027e-05;-0.00243175;0;1;0;1;0;1;
53;0.271438;-0.271441;0.27144;-0.27144;0.27144;-0.27144;0.146691;-0.0256489;0.144196;-0.0449769;0.143011;-0.0581358;0.00674874;0.0158571;3.20804e-05;0.0172643;3.54198e-05;0.00579935;0.725596;1;0;1;0;1;
54;0.287465;-0.287468;0.287467;-0.287467;0.287467;-0.287467;0.102871;0.0249138;0.101404;0.0040067;0.100712;0.0463651;0.0182167;0.0151787;1.83188e-05;0.0144961;2.02651e-05;0.0304459;0.846693;1;0;0.801562;0;1;
55;0.293158;-0.293159;0.293158;-0.293158;0.293158;-0.293158;0.040122;0.0360365;0.0392625;0.0301345;0.0388564;0.111441;0.0206117;0.00886458;0.0161198;0.00846725;0.0136697;0.0210906;1;0.198842;1;0.256037;0.505803;1;
56;0.289813;-0.289814;0.289813;-0.289813;0.290107;-0.289813;-0.040709;0.0851883;-0.0412033;0.0817416;-0.0414362;0.130339;0.01538;0.00517656;0.0263409;0.00494447;0.0308447;0.0123178;0.753312;0;1;0;1;0.123466;
57;0.275955;-0.275956;0.275956;-0.275955;0.276128;-0.275955;-0.121118;0.147095;-0.121397;0.145082;-0.121529;0.173463;0.00898423;0.00302271;0.0155438;0.00288719;0.0239518;0.00719308;0.604195;0;1;0;1;0;
58;0.250436;-0.250437;0.250437;-0.250436;0.250538;-0.250436;-0.180817;0.195989;-0.180973;0.194814;-0.181047;0.211388;0.00524832;0.00176482;0.0090801;0.00168571;0.013992;0.00420028;0.730149;0;1;0;1;0;
59;0.214179;-0.214179;0.21418;-0.214179;0.214239;-0.214179;-0.218104;0.226965;-0.21819;0.226278;-0.207646;0.235958;0.00306565;0.00103016;0.00530353;0.000983991;0.00817264;0.00245247;0.781628;0;1;0;1;0;
60;0.166496;-0.166496;0.166497;-0.166496;0.166532;-0.166496;-0.239121;0.244297;-0.228272;0.243896;-0.204605;0.249549;0.00179034;0.000601097;0.0030969;0.000574125;0.00477295;0.0014317;0.849267;0;1;0;1;0;
61;0.103062;-0.103062;0.103063;-0.103062;0.103084;-0.103062;-0.248593;0.252255;-0.224416;0.252021;-0.198378;0.253481;0.00104524;0.000350492;0.00180823;0.000334759;0.00278732;0.000835569;0.883345;0;1;0;1;0;
62;0.0184145;-0.0184145;0.0184154;-0.0184143;0.0184287;-0.0184143;-0.233635;0.239993;-0.217399;0.244879;-0.186362;0.243327;0.000609904;0.000204132;0.00105574;0.000194963;0.00162771;0.000487417;0.96688;0;1;0;1;0;
63;-0.0808899;0.0808901;-0.0808893;0.0808903;-0.0808806;0.0808903;-0.208078;0.216811;-0.202931;0.226228;-0.162453;0.226994;0.000355937;0.000118673;0.000616464;0.000113324;0.000950865;0.000284118;0.781822;0;1;0;1;0;
64;-0.168492;0.168493;-0.168492;0.168493;-0.168486;0.168493;-0.168946;0.18605;-0.177639;0.218622;-0.125541;0.219069;-0.00635841;6.87698e-05;-0.00703291;6.5682e-05;0.00330767;0.000165411;1;0;1;0;1;0;
65;-0.228614;0.228615;-0.228614;0.228615;-0.22861;0.228615;-0.122863;0.151749;-0.13988;0.197944;-0.0691217;0.198205;-0.00371219;3.98065e-05;-0.0041066;3.78761e-05;0.0141689;9.61027e-05;1;0;0.83767;0;1;0;
66;-0.264691;0.264691;-0.264691;0.264691;-0.264688;0.264691;-0.0590257;0.139262;-0.0929052;0.16624;-0.00503415;0.166392;0.00905581;2.26864e-05;-0.00239705;2.16762e-05;0.0289789;5.56675e-05;1;0;1;0;1;0;
67;-0.284216;0.284216;-0.284216;0.284215;-0.284215;0.284216;0.0245234;0.106884;-0.015999;0.122641;0.0317028;0.122728;0.0381347;1.28116e-05;0.0025522;0.00343133;0.026926;3.21144e-05;1;0;0.988642;0.424305;1;0;
68;-0.292488;0.291789;-0.292488;0.292486;-0.292487;0.292489;0.074751;0.0537727;0.0602082;0.0629731;0.0510709;0.0630272;0.0222741;0.025698;0.0166204;0.00648135;0.015727;0.0257229;0.813776;0.965725;0.783178;0.560477;0.555603;1;
69;-0.291685;0.276285;-0.286145;0.283595;-0.291685;0.296565;0.0957529;-0.0206783;0.0872601;-0.0153207;0.0819238;-0.0152777;0.0130075;0.0324378;0.00970597;0.00582168;0.00918412;0.0252485;0;1;0;0.437503;0;1;
70;-0.28094;0.250712;-0.277705;0.276215;-0.280941;0.283791;0.146305;-0.102446;0.141345;-0.0993294;0.138228;-0.0992965;0.00759593;0.0270131;0.00566789;0.0089878;0.00536309;0.0196002;0;1;0;0.461875;0;1;
71;-0.258577;0.240923;-0.256687;0.255816;-0.258577;0.260243;0.193547;-0.167921;0.19065;-0.16611;0.18883;-0.166086;0.00443559;0.0157807;0.00330965;0.00738371;0.00313158;0.0114498;0;1;0;0.562224;0;1;
72;-0.225211;0.214901;-0.224108;0.223599;-0.225212;0.226185;0.225354;-0.206747;0.223662;-0.209328;0.222599;-0.20931;0.00258988;0.00921791;0.00193236;0.00431484;0.00182833;0.00668799;0;1;0;0.483781;0;1;
73;-0.180948;0.174929;-0.180304;0.180006;-0.180949;0.181517;0.243726;-0.20637;0.242739;-0.234365;0.242118;-0.222169;0.00151204;0.0053836;0.00112796;0.00252191;0.00106719;0.00390608;0;1;0;0.368019;0;1;
74;-0.12247;0.118957;-0.122094;0.12192;-0.12247;0.122802;0.252652;-0.20025;0.252075;-0.247184;0.251712;-0.220726;0.000882574;0.00314329;0.000658205;0.00147368;0.00062265;0.00228155;0;1;0;0.545978;0;1;
75;-0.0438951;0.0418447;-0.0436754;0.0435739;-0.043895;0.0440894;0.247432;-0.193291;0.247763;-0.235697;0.246465;-0.218257;0.000514937;0.00183463;0.000383882;0.000860819;0.000363032;0.00133296;0;1;0;0.61511;0;1;
76;0.0534497;-0.0546469;0.053578;-0.0536373;0.0534502;-0.0533359;0.232653;-0.172194;0.232381;-0.21327;0.222352;-0.207991;0.000300236;0.00107047;0.000223691;0.000503124;0.000211413;0.000778956;0;1;0;0.699816;0;1;
77;0.146925;-0.147624;0.146999;-0.147034;0.146925;-0.146858;0.2255;-0.136413;0.225232;-0.175788;0.197164;-0.187044;0.000174888;0.0006252;0.000130181;0.000294824;0.000122895;0.000455582;0;1;0;0.79592;0;1;
78;0.214778;-0.215188;0.214822;-0.214842;0.214779;-0.214739;0.206751;-0.0916576;0.206594;-0.125536;0.159346;-0.151012;0.000101665;0.01062;7.55485e-05;0.00779293;7.12239e-05;0.000266922;0;1;0;0.86326;0;1;
79;0.256703;-0.256945;0.25673;-0.256742;0.256704;-0.256681;0.1772;-0.0372584;0.177107;-0.0628086;0.149515;-0.10646;0.0038212;0.0278699;4.36945e-05;0.0219254;4.10884e-05;0.000156875;0.549081;1;0;1;0;1;
80;0.28013;-0.280273;0.280146;-0.280154;0.280132;-0.280118;0.136703;-0.00420446;0.136643;-0.0251905;0.120529;-0.0164355;0.0129495;0.01628;2.51102e-05;0.0148029;2.35622e-05;0.0130138;1;0.990332;0;1;0;1;
81;0.291149;-0.291233;0.291159;-0.291163;0.29115;-0.291142;0.0816985;0.0434584;0.0816539;0.0349774;0.0722428;0.0941464;0.0245496;0.0149617;0.0081114;0.0112919;0.00413337;0.0427932;1;0.898133;0.835812;0.848064;0.287778;1;
82;0.292813;-0.292862;0.292818;-0.292821;0.293421;-0.292808;0.00800976;0.0650868;0.00798765;0.0601344;0.00249416;0.126337;0.0143414;0.00873719;0.019927;0.00659429;0.0247579;0.0249944;1;0;1;0;1;0.859989;
83;0.285021;-0.28505;0.285025;-0.285026;0.285377;-0.285019;-0.0769753;0.119665;-0.0769771;0.116773;-0.0801815;0.155435;0.00837761;0.00510212;0.0233316;0.00385069;0.0295895;0.0145962;0.414605;0;1;0;1;0;
84;0.265889;-0.265906;0.265892;-0.265892;0.266099;-0.265888;-0.150078;0.17501;-0.15007;0.173321;-0.151939;0.195899;0.00489452;0.0029792;0.0171492;0.00224842;0.0179966;0.00852367;0.962663;0;1;0;1;0;
85;0.23544;-0.23545;0.235443;-0.235442;0.235564;-0.23544;-0.199487;0.214048;-0.199476;0.213062;-0.187169;0.226248;0.0028596;0.00173941;0.010017;0.00131261;0.0151729;0.00497729;0.822281;0;1;0;1;0;
86;0.194343;-0.19435;0.194345;-0.194345;0.194417;-0.194343;-0.228881;0.237386;-0.227347;0.23681;-0.193253;0.24451;0.00167078;0.00101532;0.00585071;0.000766045;0.00886453;0.00290617;0.815287;0;1;0;1;0;
87;0.140326;-0.14033;0.140328;-0.140327;0.14037;-0.140326;-0.244604;0.249573;-0.224911;0.249236;-0.20441;0.253733;0.000976059;0.000592397;0.00341701;0.000446863;0.00517747;0.00169666;0.849228;0;1;0;1;0;
88;0.0677852;-0.0677871;0.0677864;-0.0677855;0.0678117;-0.0677851;-0.241705;0.250435;-0.220158;0.251005;-0.195269;0.249739;0.000569783;0.0003454;0.00199561;0.00026044;0.00302314;0.00099031;0.904441;0;1;0;1;0;
89;-0.0257058;0.0257048;-0.0257048;0.0257058;-0.0256893;0.025706;-0.223355;0.230725;-0.212;0.238308;-0.178044;0.237085;0.000332563;0.000201144;0.00116546;0.000151565;0.00176536;0.000577804;1;0;1;0;1;0;
90;-0.123251;0.12325;-0.12325;0.123251;-0.12324;0.123251;-0.193965;0.207029;-0.193399;0.207948;-0.15058;0.202839;-0.0008505;0.000116906;0.000680912;8.81938e-05;0.00103149;0.000336911;0.820604;0;1;0;1;0;
91;-0.198941;0.198942;-0.198941;0.198942;-0.198935;0.198942;-0.145156;0.198782;-0.162022;0.175219;-0.100717;0.164447;-0.0030582;6.77859e-05;-0.00403087;5.08897e-05;0.0113847;0.000196357;1;0;1;0;1;0;
92;-0.247326;0.247326;-0.247326;0.247326;-0.247322;0.247326;-0.0915336;0.178022;-0.118925;0.164262;-0.0477701;0.13589;0.00492119;3.9086e-05;-0.0023531;2.92723e-05;0.0219546;0.000114367;1;0;1;0;1;0;
93;-0.275123;0.275123;-0.275123;0.275122;-0.27512;0.275123;-0.0339867;0.144219;-0.0492018;0.136186;-0.00624018;0.119613;0.0214;2.23054e-05;0.00849153;0.00267339;0.0217335;6.62722e-05;1;0;1;0.425512;1;0;
94;-0.28912;0.28912;-0.28912;0.28912;-0.289119;0.28912;0.0312929;0.0957407;0.0413437;0.0910571;0.0208334;0.0813738;0.0216536;1.2798e-05;0.0223843;0.0148921;0.0126959;0.00405087;1;0.157264;1;0.749914;0.977094;0.985786;
95;-0.293238;0.293414;-0.293238;0.293238;-0.293237;0.293239;0.0457323;0.0290248;0.0854811;0.0257251;0.0396226;0.020077;0.0126461;0.0319775;0.013074;0.0107166;0.00741413;0.0245516;0;1;0.733348;0.561122;0;1;
96;-0.288223;0.292482;-0.288223;0.288223;-0.288223;0.288224;0.0980296;-0.0543546;0.121243;-0.0562977;0.0944616;-0.0595835;0.00738494;0.0344347;0.00763475;0.0064476;0.00432947;0.0241307;0;1;0;0.33936;0;1;
97;-0.27234;0.274829;-0.27234;0.27234;-0.27234;0.272342;0.158096;-0.132576;0.171652;-0.133723;0.156012;-0.135633;0.00431245;0.0209186;0.00445831;0.00376757;0.002528;0.0157243;0;1;0;0.439026;0;1;
98;-0.244882;0.246337;-0.244882;0.244882;-0.244882;0.244884;0.203273;-0.188358;0.211189;-0.189038;0.202056;-0.190146;0.00251806;0.0122199;0.00260321;0.00220143;0.00147586;0.00918564;0;1;0;0.479379;0;1;
