1;-0.000363587;0.000116064;9.94837e-05;-0.000363587;0.000116064;9.94836e-05;0.0349769;0.0347456;0.0352595;0.0349769;0.0347456;0.0352595;0.808667;0.808665;0.808666;0.808667;0.808665;0.808666;0;0;0;0;0;0;
2;-0.0113477;-0.0206505;0.00134162;-0.00634642;0.0203978;0.00786898;0.0869726;0.0668176;0.0828832;0.0748062;0.0390725;0.126288;0.472295;0.47232;0.472314;0.472327;0.47232;0.472381;1;1;1;1;1;1;
3;0.0232976;0.00659613;0.015753;-0.0356812;0.00102605;-0.0308058;0.146788;0.120013;0.0930075;0.145848;0.0787453;0.176801;0.275842;0.275856;0.275847;0.27586;0.275845;0.275898;0.708015;0.556055;0.141971;0.645198;0.825142;1;
4;-0.0122925;-0.0395118;0.0229949;0.00679592;0.00932547;0.0067284;0.200196;0.140433;0.0796516;0.192661;0.108865;0.17738;0.181973;0.161126;0.161102;0.227027;0.161108;0.267319;0.90014;0.497827;0;0.216529;0.430214;0.805107;
5;-0.014701;-0.0447197;0.0183523;0.0103959;0.00825441;0.00737295;0.204268;0.154465;0.107812;0.188222;0.122824;0.174633;0.186913;0.150327;0.0941015;0.216547;0.131254;0.156138;0.872762;0.463124;0.144756;0.333596;0.228707;1;
6;-0.00856157;-0.0346262;0.0230826;-0.00888128;-0.0136257;-0.0114935;0.215642;0.16147;0.0867319;0.170525;0.0947042;0.143011;0.2068;0.158609;0.0832007;0.197733;0.100513;0.1151;0.858977;0.541958;0.645744;0.305598;0.418822;1;
7;-0.00529605;-0.0308703;0.0232177;-0.00478359;-0.00955146;-0.00793511;0.214527;0.158216;0.0830917;0.173576;0.101198;0.146827;0.196574;0.151401;0.0671088;0.20014;0.0990194;0.117677;0.882073;0.512931;0.627011;0.367506;0.422034;1;
8;-0.00585135;-0.0313798;0.0226698;-0.00350329;-0.00817886;-0.00675617;0.213153;0.155266;0.0828804;0.174625;0.103581;0.14784;0.189688;0.146467;0.058555;0.202129;0.1013;0.123497;0.939792;0.561049;0.604076;0.375401;0.426303;1;
9;-0.00243601;-0.0271504;0.0228178;-0.00824402;-0.013449;-0.0115374;0.210819;0.149503;0.0739472;0.175237;0.10154;0.144864;0.190048;0.156301;0.0516839;0.198581;0.0975626;0.114736;0.939043;0.532406;0.681131;0.404646;0.382114;1;
10;-0.0032548;-0.0275584;0.0219268;-0.00810263;-0.0127504;-0.0111506;0.214006;0.150821;0.0749751;0.172593;0.102476;0.140535;0.181574;0.149868;0.0456956;0.20143;0.0977797;0.122665;1;0.541863;0.74774;0.387149;0.366499;1;
11;-0.00266346;-0.0266193;0.0219442;-0.00904974;-0.013066;-0.0119311;0.216481;0.151605;0.0792318;0.167787;0.0980244;0.135908;0.181513;0.152864;0.0456219;0.199193;0.0912767;0.120682;1;0.577673;0.718369;0.370431;0.389117;1;
12;-0.00599426;-0.0304884;0.0171851;-0.0153571;-0.0187651;-0.0181706;0.211287;0.145059;0.0788488;0.171389;0.0990863;0.13811;0.187537;0.162217;0.0487365;0.189742;0.0746048;0.112822;0.993807;0.57658;0.71168;0.346938;0.424374;1;
13;-0.00530226;-0.0283221;0.0145184;-0.0272767;-0.0235505;-0.0294145;0.211071;0.142051;0.0703924;0.169033;0.0960878;0.130527;0.181522;0.166708;0.0512575;0.194091;0.0723662;0.109493;1;0.499254;0.509694;0.307564;0.413233;1;
14;-0.0065537;-0.0285381;0.00722857;-0.0387461;-0.0318509;-0.0402965;0.207594;0.139629;0.0626453;0.174079;0.0955269;0.129145;0.178221;0.167257;0.0476462;0.191179;0.0718468;0.104183;1;0.414324;0.594143;0.352119;0.489513;1;
15;-0.00681386;-0.0278833;0.00215033;-0.0585406;-0.0408733;-0.0515344;0.19597;0.137861;0.0554897;0.174732;0.0929826;0.135539;0.170647;0.155107;0.0464324;0.170501;0.0857043;0.100999;1;0.348762;0.668895;0.355897;0.453906;1;
16;-0.00951899;-0.0297723;-0.000898925;-0.0889145;-0.0591977;-0.0711246;0.179808;0.145483;0.0472418;0.174105;0.0839635;0.150239;0.157293;0.114445;0.0500299;0.148497;0.114221;0.0901874;1;0.203011;0.711583;0.316197;0.526944;1;
17;0.00574437;1.87082e-05;0.0245696;0.0104821;-0.088357;0.0209251;0.218185;0.118501;0.0627049;0.108337;0.0656699;0.0929837;0.144713;0.178245;0.0226504;0.149553;0.0667051;0.169831;0.214724;0.640556;0.716896;1;0;0.804326;
18;-0.0369285;-0.011367;0.0118772;0.071564;-0.11834;0.0789562;0.233716;0.129271;0.120744;0.0199489;0.0999156;0.0389069;0.0987926;0.272308;0.010883;0.119972;0.0389551;0.176924;0.512152;0.295381;1;1;0;0.816467;
19;-0.0368609;0.0215086;-0.0383073;0.0919082;-0.129867;0.100643;0.260087;0.122294;0.158302;-0.0133368;0.146133;0.0100192;0.0577019;0.300938;-0.00225052;0.152465;0.0227492;0.187802;1;0.648855;0.790488;0.753475;0;1;
20;-0.0361011;0.0218896;-0.0651635;0.0535416;-0.118635;0.0661408;0.296946;0.126863;0.194573;-0.0426647;0.187465;-0.0273189;0.0337027;0.331343;-0.00328384;0.16775;0.0132849;0.168718;1;0.909143;0.296096;0.72836;0;1;
21;-0.0395886;0.0149261;-0.0502781;0.0365102;-0.081505;0.0476412;0.285191;0.113122;0.219952;-0.0403855;0.215801;-0.024624;0.0196873;0.320914;-0.00191813;0.187023;0.0077577;0.176303;0.978658;0.950627;0;0.562917;0;1;
22;-0.0438074;0.00438329;0.00261408;-0.0106564;-0.0156225;-0.00415316;0.290887;0.111736;0.23347;-0.0407535;0.231046;-0.0438463;0.0115007;0.334979;-0.0011206;0.186679;0.00452985;0.155264;1;0.709109;0;0.576546;0;1;
23;-0.0627538;-0.0218793;0.0841785;-0.0888675;0.0735279;-0.0850752;0.276036;0.102879;0.227569;-0.025238;0.228596;-0.0468285;0.00640454;0.337705;-0.000654827;0.194389;0.00264477;0.133197;1;0.385544;0;0.419875;0;1;
24;-0.0178346;-0.0183966;0.166413;-0.159469;0.160192;-0.166942;0.272443;0.0829102;0.197622;-0.0147907;0.196136;-0.0921195;0.0096002;0.31652;-0.000382821;0.186769;0.00154395;0.0778016;1;0.642465;0;0.290814;0;1;
25;0.0257611;-0.0468942;0.146826;0.165366;-0.16494;0.161034;0.0858923;0.121664;0.042169;0.0683112;0.0413275;0.098521;0.217111;0.184848;-0.00138424;0.107792;0.0185377;0.148379;1;0;1;0.585156;0;0.923675;
26;0.0944938;-0.106165;0.22151;-0.0346122;0.034849;-0.0283792;0.0449848;0.0317467;0.139015;-0.0144435;0.0784717;0.0169882;0.11534;0.180317;-0.0341627;0.0851671;0.0108263;0.107212;1;0.296652;0;0;0;1;
27;0.119386;-0.111063;0.259357;-0.150208;0.150344;-0.14656;0.0695607;0.0210294;0.111646;-0.0388988;0.0597583;0.0536847;-0.0833957;0.105324;-0.019951;0.0497369;0.00632221;0.0626204;1;0.5988;0;0;0;1;
28;0.160212;-0.179729;0.271346;-0.2149;0.214981;-0.212758;0.03441;0.033127;0.0632801;-0.0115324;0.0329757;0.0733107;-0.114751;0.0615153;0.0182581;0.029048;0.00369164;0.0365703;1;0.273984;0.515167;0.00224292;0;1;
29;0.212653;-0.227075;0.294565;-0.247614;0.247662;-0.226194;-0.0241894;0.0636263;-0.00732378;0.0375456;-0.0250245;0.123617;-0.0679708;0.0359243;0.0464994;0.0169635;0.0247977;-0.0495668;1;0;0.130485;0;0.454619;1;
30;0.202885;-0.245423;0.292385;-0.257418;0.208137;-0.235364;-0.0991868;0.122229;-0.0893347;0.106998;-0.0493921;0.159724;-0.0396883;0.0209793;0.0854123;0.00990629;0.113258;-0.0289435;1;0;1;0;0.805608;1;
31;0.167309;-0.240984;0.268408;-0.247989;0.213104;-0.213964;-0.164273;0.177739;-0.132258;0.168845;-0.0521741;0.199642;0.0426528;0.0122515;0.07579;0.00578477;0.143772;-0.0161133;1;0;1;0;1;0.82854;
32;0.130293;-0.218733;0.234751;-0.222824;0.185267;-0.20374;-0.184415;0.21586;-0.148851;0.210666;-0.0455761;0.228654;0.0521614;0.00715434;0.0604619;0.00337786;0.143902;-0.00940877;1;0;1;0;1;0.467141;
33;0.0811761;-0.181913;0.191269;-0.184302;0.162364;-0.173157;-0.177402;0.238361;-0.155719;0.235328;-0.0536633;0.245833;0.0514325;0.00417758;0.0582128;0.0019721;0.13895;-0.0054952;1;0;1;0;1;0;
34;0.0198517;-0.129472;0.134936;-0.130867;0.118053;-0.124358;-0.172636;0.249924;-0.15972;0.248152;-0.0586111;0.254287;0.0508434;0.00243909;0.0548995;0.00115121;0.129186;-0.00320967;1;0;1;0;1;0;
35;-0.0505338;-0.0565793;0.0597747;-0.0573941;0.0499099;-0.053593;-0.167093;0.249116;-0.161471;0.249977;-0.0599809;0.247199;0.0491284;0.00142385;0.0517794;0.000671774;0.118222;-0.00187496;1;0;1;0;1;0;
36;-0.125056;0.0374395;-0.0355621;0.0286179;-0.0413301;0.0391833;-0.149627;0.230623;-0.150769;0.232054;-0.0655097;0.234459;0.0457863;0.000830963;0.0497299;0.000391621;0.110349;-0.00109549;1;0;1;0.163884;1;0;
37;-0.193812;0.133096;-0.131986;0.0322472;-0.068213;0.134115;-0.126917;0.206149;-0.142535;0.209496;-0.0713863;0.203928;0.0757772;0.000484692;0.02905;-0.030141;0.0980372;-0.000640177;1;0;1;1;1;0;
38;-0.255495;0.205539;-0.204874;0.0120902;-0.099178;0.206135;-0.102442;0.198355;-0.14448;0.200947;-0.0641246;0.197058;0.0606406;0.000282616;0.0169614;-0.0257408;0.101871;-0.000374378;0.876231;0;1;1;0.686113;0;
39;-0.285251;0.251258;-0.246101;0.0282344;-0.108437;0.251606;-0.0716371;0.17579;-0.114482;0.184419;-0.0595187;0.175032;0.053648;0.000164565;-0.0408868;-0.0355553;0.0750746;-0.000218992;0.623135;0;1;1;0;0;
40;-0.290729;0.27726;-0.274246;0.147002;-0.193852;0.277463;-0.0336326;0.140385;-0.151651;0.147055;-0.0724865;0.139943;0.0349172;9.57202e-05;-0.0994233;-0.0207628;0.0438429;-0.000128399;0.874198;0;1;1;0;0;
41;-0.28037;0.290054;-0.269274;0.213554;-0.241345;0.290173;0.0369178;0.0900371;-0.108265;0.0939366;-0.0503873;0.0897779;0.0386427;5.56459e-05;-0.130703;-0.0436638;0.0256037;-7.55464e-05;0.910213;0;1;1;0;0;
42;-0.274411;0.272958;-0.25013;0.203166;-0.264775;0.293291;0.0847192;0.0206571;-0.0313107;0.0229292;0.00250415;0.0204971;0.0225696;0.0860579;-0.140222;-0.032851;0.0149522;-4.44942e-05;0;0.453873;1;1;0;0;
43;-0.276192;0.241698;-0.249913;0.157167;-0.270565;0.287218;0.124773;-0.00221982;0.0569971;-0.0618937;0.0767592;-0.0633288;0.0131801;0.169515;-0.159836;0.0160643;0.00873169;-2.62635e-05;0;0.432552;1;1;0;0;
44;-0.263669;0.22536;-0.240234;0.133995;-0.260383;0.270109;0.175462;-0.00803247;0.130321;-0.126148;0.147422;-0.139582;0.00769689;0.226655;-0.176226;0.056416;0.00509875;-1.56182e-05;0;0.520542;1;1;0;0;
45;-0.237758;0.220329;-0.224073;0.0917523;-0.235839;0.241518;0.213804;0.00259173;0.168016;-0.142834;0.197428;-0.19285;0.00449447;0.252562;-0.15055;0.0476265;0.00297719;0.00311232;0;0.540395;1;1;0;0.6117;
46;-0.200122;0.218382;-0.216502;0.0508227;-0.199001;0.202316;0.237343;0.0133729;0.181911;-0.151233;0.227779;-0.225104;0.00262438;0.243508;-0.127763;0.061615;0.00173806;0.00985343;0;0.698016;1;1;0;0.813156;
47;-0.149591;0.178206;-0.17445;0.0332463;-0.148936;0.150876;0.24989;-0.0266267;0.209278;-0.12771;0.244306;-0.156518;0.00153191;0.16854;-0.074623;0.115054;0.00101468;0.0448927;0;1;0;1;0;1;
48;-0.0812406;0.0979447;-0.0957582;-0.0292688;-0.0808587;0.0820004;0.249988;-0.0453365;0.23095;-0.100157;0.248817;-0.134907;0.000894659;0.11559;-0.0435793;0.122843;0.000591516;0.0872847;0;1;0;1;0;1;
49;0.00878964;0.000964935;0.000311556;-0.110051;0.00901303;-0.00833083;0.235951;-0.0178396;0.239025;-0.128243;0.238834;-0.161655;0.000521855;0.151999;-0.0254505;0.0806416;0.000344963;0.0509839;0;1;0;1;0;1;
50;0.107588;-0.101886;0.102636;-0.194629;0.107718;-0.107301;0.215743;-0.0329686;0.210696;-0.0887891;0.216282;-0.123212;0.000304321;0.112943;-0.0148634;0.103134;0.000200845;0.0737794;0;1;0;1;0;1;
51;0.188;-0.184663;0.185108;-0.279481;0.188077;-0.187819;0.208362;-0.00500629;0.182302;-0.0734254;0.207238;-0.111661;0.000177463;0.111133;-0.00868038;0.0837228;0.0001166;0.0592861;0;1;0;1;0;1;
52;0.240703;-0.238749;0.239014;-0.333737;0.240748;-0.240592;0.186924;0.0142693;0.171705;-0.0375381;0.186268;-0.0838649;0.000103149;0.09223;-0.00506975;0.0690937;6.75939e-05;0.046339;0;1;0;1;0;1;
53;0.27149;-0.270345;0.270504;-0.356219;0.271516;-0.271062;0.153585;0.0332078;0.144697;0.00217164;0.153201;-0.0505444;5.993e-05;0.0554264;-0.00296101;0.057125;3.88914e-05;0.0304867;0;1;0;1;0;0.886283;
54;0.287496;-0.286829;0.28692;-0.360352;0.287511;-0.278868;0.106887;0.0302895;0.101697;0.0525923;0.106663;-0.0156224;3.46647e-05;0.0323698;-0.00172954;0.0359138;2.22171e-05;0.0178037;0;1;0;1;0;0.855044;
55;0.295155;-0.298885;0.30067;-0.359816;0.293185;-0.283077;0.0424598;0.0464938;0.0394314;0.118326;0.0423264;0.0213648;0.00449563;-0.038551;0.0150668;0.0209725;1.26179e-05;0.0140217;0.745174;0.791517;1;1;0;0.941037;
56;0.283385;-0.293157;0.298686;-0.340764;0.296896;-0.260549;-0.0393385;0.0912951;-0.0411018;0.156828;0.0113775;0.0766235;0.0669899;-0.0225141;0.0392062;0.0122513;0.0967354;0.0091864;0.525035;0;1;0.658809;1;0.558535;
57;0.268052;-0.277908;0.276072;-0.305711;0.205329;-0.262801;-0.120307;0.150661;-0.116047;0.188933;0.00700583;0.142093;0.0628869;-0.0131487;0.053891;0.00749491;0.162081;0.00536436;0.615242;0;1;0;1;0;
58;0.243776;-0.251576;0.249733;-0.267813;0.150855;-0.242754;-0.173165;0.198072;-0.158755;0.220422;-0.012601;0.193068;0.0554479;-0.00767918;0.0466049;0.00437629;0.19169;0.00313226;0.893442;0;1;0;1;0;
59;0.210286;-0.214845;0.213766;-0.224327;0.125334;-0.209693;-0.164043;0.228181;-0.144802;0.241233;-0.028659;0.225259;0.0710767;-0.00448503;0.0665442;0.00255517;0.161111;0.00182867;0.803194;0;1;0;1;0;
60;0.164219;-0.166885;0.166255;-0.172423;0.0780722;-0.163876;-0.168305;0.245007;-0.147909;0.25263;-0.0337034;0.243301;0.0657328;-0.00261986;0.0640789;0.0014918;0.155536;0.00106751;0.724723;0;1;0;1;0;
61;0.101726;-0.103289;0.102925;-0.106523;0.0513173;-0.101532;-0.166673;0.252669;-0.16532;0.253752;-0.0290597;0.251673;0.0550077;-0.00153045;0.044439;0.000870548;0.157895;0.000622813;0.947294;0;1;0;1;0;
62;0.0176282;-0.0185467;0.0183396;-0.0204353;-0.011806;-0.0175205;-0.145888;0.240664;-0.153279;0.238945;-0.0432082;0.242869;0.0627804;-0.000894317;0.055577;0.000507857;0.130489;0.000363175;0.963287;0;1;0;1;0;
63;-0.0813517;0.0808132;-0.0809311;0.0797101;-0.0985381;0.0814123;-0.137558;0.223388;-0.151921;0.224054;-0.0317688;0.22288;0.0474135;-0.000522845;0.0456722;0.00029612;0.126465;0.000211605;1;0;1;0;1;0;
64;-0.168758;0.168448;-0.168519;0.167804;-0.178798;0.168798;-0.109759;0.21023;-0.129806;0.215976;-0.0238955;0.212899;0.0428546;-0.000305724;0.0421275;0.000172386;0.10842;0.00012306;1;0;1;0;1;0;
65;-0.228765;0.228589;-0.228634;0.228213;-0.234633;0.228793;-0.0773849;0.193043;-0.104306;0.196399;-0.00845285;0.194602;0.0369467;-0.000179102;0.0356273;0.000100215;0.0819076;7.13861e-05;1;0;1;0.101565;1;0;
66;-0.259467;0.264676;-0.264709;0.238749;-0.264855;0.264796;-0.0383492;0.163377;-0.0696384;0.165337;-0.00694506;0.164288;0.0404095;-0.000105022;0.0208083;-0.0200834;0.050397;4.12187e-05;1;0;1;1;1;0;
67;-0.272903;0.284208;-0.284231;0.244182;-0.278629;0.284277;0.00513875;0.120967;-0.0306946;0.122115;-0.0134473;0.121499;0.0319798;-6.17056e-05;-0.00500762;-0.0125068;0.0294341;2.36051e-05;0.985073;0;1;1;0.951233;0;
68;-0.277044;0.291473;-0.289399;0.261765;-0.286881;0.292525;0.0475472;0.0619903;0.0123758;0.0648067;-0.00249849;0.0622997;0.0231553;0.00838167;-0.0425978;0.0193555;0.00673477;1.33529e-05;0.428852;0.0661821;1;0.898251;0;0;
69;-0.282666;0.25571;-0.302467;0.231637;-0.28888;0.291707;0.079866;-0.00226663;0.0593287;0.00170805;0.0506398;-0.0157184;0.0135222;0.115746;-0.0429847;0.0562916;0.00393277;7.50697e-06;0;0.106438;1;1;0;0;
70;-0.275674;0.235036;-0.287241;0.210251;-0.279303;0.290801;0.137027;-0.0176637;0.125035;-0.0690615;0.119958;-0.0995634;0.00789671;0.17007;-0.0364003;0.0860096;0.00229624;0.0101806;0;0.27462;1;1;0;0.906481;
71;-0.255501;0.217924;-0.276139;0.174845;-0.257621;0.264336;0.188129;-0.00417578;0.181125;-0.111495;0.17816;-0.166243;0.00461127;0.193731;-0.0282446;0.105095;0.00134055;0.0237011;0;1;0.918263;0.983569;0;1;
72;-0.223416;0.138102;-0.240508;0.162161;-0.224653;0.228573;0.222189;-0.0120272;0.218099;-0.132011;0.216368;-0.159042;0.00269257;0.175293;-0.0164958;0.108018;0.000782417;0.0472241;0;1;0.125832;0.746313;0;1;
73;-0.179899;0.0468193;-0.18988;0.13666;-0.180622;0.182911;0.241879;-0.0320913;0.23949;-0.131015;0.238479;-0.136265;0.00157197;0.15327;-0.00963365;0.102591;0.000456271;0.0796375;0;1;0;0.771746;0;1;
74;-0.121858;0.0123932;-0.127687;0.0931064;-0.12228;0.123625;0.251573;-0.0185637;0.250178;-0.139471;0.249587;-0.157658;0.000917653;0.163934;-0.00562644;0.0887352;0.000265843;0.0521136;0;1;0;0.737225;0;1;
75;-0.0435371;-0.020394;-0.0469414;0.0263773;-0.0437842;0.0445855;0.247377;-0.0267021;0.247917;-0.121221;0.244544;-0.159279;0.000535398;0.142776;-0.00328626;0.10367;0.000154705;0.058254;0;1;0;0.823594;0;1;
76;0.0536589;-0.090995;0.0516708;-0.0636929;0.0535146;-0.053031;0.231006;-0.0224333;0.229027;-0.10317;0.228084;-0.154504;0.000312315;0.137197;-0.00191953;0.0931531;8.96304e-05;0.0481989;0;1;0;0.894057;0;1;
77;0.147047;-0.168849;0.145886;-0.152911;0.146963;-0.146672;0.215508;-0.0061566;0.197686;-0.0847278;0.198703;-0.140847;0.000182011;0.128675;-0.00112148;0.0843491;5.17692e-05;0.0376133;0;1;0;1;0;1;
78;0.214849;-0.227582;0.214171;-0.218265;0.2148;-0.214632;0.200915;0.00478777;0.190507;-0.0462178;0.191101;-0.115357;0.000105839;0.104737;-0.000655301;0.0816018;2.9634e-05;0.0364922;0;1;0;1;0;1;
79;0.256746;-0.264183;0.25635;-0.258385;0.256717;-0.256622;0.173791;0.0259485;0.167713;-0.0152829;0.168059;-0.0912646;6.14185e-05;0.0810437;-0.000383068;0.0670561;1.6736e-05;0.0213149;0;1;0;0.886506;0;1;
80;0.272431;-0.284496;0.279924;-0.275831;0.280139;-0.280085;0.134707;0.0187561;0.131157;0.0207642;0.131359;-0.0464164;-0.0232478;0.0473402;-0.000224062;0.0634619;9.24282e-06;0.00398108;0.632199;1;0;1;0;1;
81;0.27026;-0.290314;0.285865;-0.283043;0.289741;-0.289422;0.0805308;0.0288776;0.0784504;0.0448976;0.0785708;-0.0268696;0.0312451;0.0276448;0.0232202;0.0428916;0.0164313;-0.0139674;0.989417;0.719733;0.778985;0.437341;0.615115;1;
82;0.280246;-0.292325;0.293025;-0.28724;0.256729;-0.287548;0.00733266;0.0565717;0.00612082;0.0659275;0.0636323;0.0240208;0.0496383;0.0161442;0.050645;0.0250483;0.0962305;-0.0149565;0.797554;0;1;0;1;0.893529;
83;0.251804;-0.284737;0.269384;-0.281767;0.229629;-0.281946;-0.0773585;0.114692;-0.0768528;0.120156;0.0509049;0.0956822;0.0958395;0.00942789;0.0561847;0.0146276;0.175036;-0.00919093;0.555268;0;1;0;1;0;
84;0.21245;-0.265723;0.228515;-0.263989;0.169508;-0.264094;-0.123851;0.172105;-0.120415;0.175296;0.0359502;0.161004;0.0997257;0.0055056;0.0626235;0.00854196;0.2198;-0.00536796;0.684203;0;1;0;1;0;
85;0.164242;-0.235343;0.181761;-0.234331;0.145177;-0.234392;-0.12405;0.212352;-0.132394;0.214216;0.0214103;0.205869;0.115168;0.00321477;0.0791423;0.004988;0.209546;-0.00313533;0.707821;0;1;0;1;0;
86;0.152131;-0.194287;0.162993;-0.193696;0.0890378;-0.193731;-0.137807;0.236395;-0.131719;0.237484;0.0229102;0.232609;0.0949097;0.00187689;0.0786726;0.00291249;0.216001;-0.00183149;0.769853;0;1;0;1;0;
87;0.115668;-0.140293;0.122022;-0.139948;0.076253;-0.139969;-0.126196;0.248994;-0.132612;0.24963;0.0152923;0.246783;0.0989195;0.00109561;0.075853;0.0017003;0.205671;-0.00107014;0.787969;0;1;0;1;0;
88;0.0533774;-0.067766;0.0571037;-0.0675642;0.0303646;-0.0675764;-0.121379;0.248963;-0.138212;0.250859;0.0139299;0.249955;0.0982732;0.000639243;0.0762618;0.000992473;0.195767;-0.000625448;0.806359;0;1;0;1;0;
89;-0.0341253;0.0257172;-0.0319367;0.025835;-0.0475575;0.0258278;-0.114465;0.233996;-0.137027;0.236567;0.0184843;0.233803;0.0886442;0.000372794;0.070345;0.000579056;0.192376;-0.000365814;0.929261;0;1;0;1;0;
90;-0.128168;0.123258;-0.126886;0.123326;-0.136007;0.123322;-0.0864295;0.210375;-0.11652;0.204748;0.0251194;0.210405;0.0865991;0.00021718;0.0732659;0.000337638;0.172094;-0.000214154;1;0;1;0;1;0;
91;-0.201807;0.198946;-0.201066;0.198986;-0.206385;0.198983;-0.0633664;0.202475;-0.0964384;0.194281;0.0439514;0.202493;0.07735;0.00012632;0.0643175;0.000196754;0.163718;-0.000125532;1;0;1;0;1;0;
92;-0.248991;0.247329;-0.248569;0.247352;-0.251668;0.247351;-0.02534;0.180179;-0.0668319;0.175394;0.0590949;0.18019;0.0701922;7.33035e-05;0.056136;0.000114368;0.137766;-7.38238e-05;1;0;1;0;1;0;
93;-0.271174;0.275125;-0.275852;0.275139;-0.273196;0.268062;0.0222271;0.145478;-0.0299946;0.142683;0.0743728;0.145485;0.0618748;4.24099e-05;0.0394549;6.62753e-05;0.092394;0.00409321;1;0;1;0;1;0.467579;
94;-0.275012;0.283467;-0.289547;0.289129;-0.276277;0.280392;0.0806932;0.0964787;0.0059791;0.094844;0.070673;0.0964864;0.0468893;0.0181244;0.0233331;3.83568e-05;0.0562023;0.0369369;1;0.312192;0.664264;0;1;1;
95;-0.279114;0.274405;-0.293487;0.278092;-0.281964;0.274702;0.110353;0.0639731;0.0309476;0.0279355;0.0713009;0.0549612;0.0273864;0.0737005;0.0136262;0.044479;0.0328233;0.064397;0.710815;0.976773;0;0.421416;0.136755;1;
96;-0.278848;0.238357;-0.288368;0.248349;-0.28653;0.242984;0.135769;0.0466215;0.0893956;-0.0549981;0.112961;-0.0374731;0.0159939;0.151431;0.00795742;0.073728;0.0191682;0.0774344;0.206595;1;0;0.122946;0;1;
97;-0.266865;0.169383;-0.272425;0.213221;-0.271351;0.204527;0.180136;0.038923;0.153054;-0.12364;0.166816;-0.101433;0.00934001;0.206814;0.00464675;0.0827375;0.0111937;0.0886989;0;1;0;0.579668;0;1;
98;-0.241684;0.164073;-0.244931;0.169923;-0.244304;0.165804;0.216143;0.018779;0.200328;-0.12329;0.208365;-0.114889;0.00545401;0.207696;0.00271323;0.103791;0.00653661;0.099123;0;1;0;0.566703;0;1;
