1;-0.000363588;0.000116064;9.94836e-05;-0.000363587;0.000116064;9.94837e-05;0.0349769;0.0347456;0.0352595;0.0349769;0.0347456;0.0352595;0.808667;0.808665;0.808666;0.808667;0.808665;0.808666;0;0;0;0;0;0;
2;0.00110119;-0.0207241;-0.0174218;0.00289984;0.028512;0.0178205;0.154355;0.167946;0.169206;0.159521;0.176462;0.173782;0.472354;0.47236;0.472361;0.472355;0.472388;0.472362;0;0;0;1;1;1;
3;0.010473;-0.012529;-0.00979301;-0.00511405;0.0190052;0.0109758;0.108772;0.114371;0.115337;0.104831;0.109622;0.110352;0.275884;0.27589;0.275892;0.275885;0.275908;0.275893;0.874803;0.670569;1;0.565815;0.676625;1;
4;0.0100812;-0.00920881;-0.00508456;-0.0070209;0.0117335;0.00577565;0.0758498;0.0791707;0.080483;0.0751695;0.0776488;0.0793029;0.161133;0.161138;0.161138;0.161134;0.161148;0.161139;1;0.980675;1;0.750332;0.950827;1;
5;0.00688203;-0.00625472;-0.00209384;-0.00497658;0.00772884;0.00249709;0.0607243;0.0633037;0.0643694;0.0627578;0.0629627;0.063711;0.0941131;0.0941161;0.0941166;0.0941137;0.0941219;0.0941168;1;1;1;0.728583;0.975023;1;
6;0.0051266;-0.00476052;-0.000115899;-0.000561091;0.0056212;0.000351111;0.0509358;0.0535293;0.0531443;0.0535829;0.0519017;0.0531553;0.0549708;0.0549724;0.0549732;0.0549714;0.0549759;0.0549724;1;1;1;0.714976;0.981984;1;
7;0.00381313;-0.00402351;0.00117552;0.000407574;0.00452596;-0.00103834;0.0422192;0.0453835;0.0441266;0.0462636;0.0438852;0.0464849;0.0321099;0.0321104;0.0321114;0.0321102;0.0321127;0.03211;1;1;1;0.722199;1;1;
8;0.00197048;-0.00348336;0.00182002;-0.000392258;0.0037766;-0.00174008;0.0347547;0.0400938;0.0370983;0.0412044;0.0379785;0.0425096;0.0187578;0.0187573;0.0187587;0.0187576;0.0187595;0.018757;1;1;1;0.730345;1;1;
9;0.00128425;-0.00257277;0.00160131;0.000147996;0.00274395;-0.00172361;0.0288142;0.0370648;0.0316382;0.0388065;0.0336746;0.0409421;0.0109592;0.0109578;0.0109598;0.0109584;0.0109606;0.0109579;1;1;1;0.720364;1;1;
10;-0.000145271;-0.000607507;4.0204e-05;0.000981836;0.000707419;-0.000111571;0.024012;0.0356297;0.0267816;0.0385787;0.0301737;0.0412014;0.00721091;0.00640201;0.00785549;0.00640278;0.00873576;0.00640247;1;1;1;0.703117;1;1;
11;-0.00373058;0.00329065;-0.00362233;0.00421923;-0.00323231;0.00358055;0.0199156;0.0352888;0.0227437;0.0394217;0.0276755;0.0427751;0.0062521;0.00374079;0.00660027;0.00374165;0.00858365;0.00374171;1;1;1;0.687363;1;1;
12;-0.0104778;0.0102204;-0.0104146;0.0107632;-0.0101863;0.0103902;0.0165847;0.035278;0.0193787;0.0406707;0.0262391;0.0447172;0.00611083;0.00218625;0.00611478;0.00218712;0.00854547;0.00218767;1;1;1;0.67285;1;1;
13;-0.0215761;0.0214249;-0.0215392;0.0217428;-0.021405;0.0215249;0.0155391;0.0349378;0.0178312;0.0411867;0.0240208;0.0454851;0.00552368;0.00127833;0.00461504;0.00127908;0.00736122;0.00211354;1;1;1;0.676904;1;1;
14;-0.0380954;0.0380059;-0.0380739;0.0381928;-0.0379943;0.0380654;0.017785;0.0336647;0.0196752;0.0382854;0.024376;0.0432729;0.00505254;0.00074856;0.00317242;0.00100154;0.00462739;0.00373756;1;1;1;0.702475;1;1;
15;-0.060327;0.0602732;-0.0603145;0.060384;-0.0602665;0.0603095;0.027139;0.0310306;0.0292226;0.0293566;0.0284753;0.0354751;0.00505511;0.00489819;0.00185465;0.00129506;0.00270389;0.00637439;1;1;1;0.789032;1;1;
16;-0.0867448;0.0867113;-0.0867376;0.0867783;-0.0867079;0.0867344;0.046704;0.0255303;0.0500198;0.0113217;0.0353554;0.0192457;0.00335885;0.0140035;-0.00124529;0.00545914;0.00157817;0.0120112;1;1;1;0.958041;0.676215;1;
17;-0.113122;0.1131;-0.113118;0.113143;-0.113103;0.113117;0.0601546;0.009691;0.062092;-0.026258;0.0535243;-0.0151776;0.00196359;0.0331006;-0.000726336;0.0155442;0.000359943;0.0272764;1;1;1;1;1;1;
18;-0.132802;0.132788;-0.132799;0.132814;-0.132791;0.132799;0.0966951;-0.0110462;0.0978272;-0.0768928;0.0928228;-0.0704173;0.00114637;0.0591606;-0.000424402;0.0169097;0.000209807;0.0269067;1;1;1;0.869966;0.445709;1;
19;-0.138313;0.138304;-0.138311;0.138319;-0.138307;0.13831;0.144253;-0.0669715;0.144914;-0.132681;0.141991;-0.128894;0.000669093;0.0686315;-0.000248262;0.030271;0.000122095;0.0309037;0;1;0;0.765141;0;1;
20;-0.123567;0.12356;-0.123566;0.123571;-0.123564;0.123565;0.186367;-0.111056;0.186753;-0.179601;0.185047;-0.177387;0.000390324;0.0590612;-0.000145395;0.0259485;7.08478e-05;0.0191235;0;1;0;0.89105;0;1;
21;-0.0843857;0.0843809;-0.0843849;0.0843877;-0.0843835;0.0843843;0.21516;-0.142283;0.215385;-0.210284;0.214388;-0.207105;0.000227471;0.0390754;-8.53996e-05;0.0155007;4.09002e-05;0.0111719;0;1;0;0.915417;0;1;
22;-0.0173049;0.0173021;-0.0173045;0.0173065;-0.0173036;0.0173041;0.230671;-0.167659;0.230803;-0.216889;0.230221;-0.209037;0.000132374;0.0228265;-5.03565e-05;0.00905571;2.33584e-05;0.00652611;0;1;0;0.966431;0;1;
23;0.0725454;-0.0725469;0.0725457;-0.0725442;0.0725463;-0.0725458;0.229637;-0.166852;0.229617;-0.206301;0.22982;-0.20424;7.68436e-05;0.0133319;-2.9881e-05;0.0052892;1.31123e-05;0.00381167;0;1;0;1;0;1;
24;0.159619;-0.15962;0.159619;-0.159618;0.159619;-0.159619;0.222808;-0.145115;0.222797;-0.178471;0.222915;-0.185268;4.43923e-05;0.0077842;-1.79371e-05;-0.000970503;7.114e-06;-0.00334125;0;1;0;1;0;1;
25;0.222491;-0.222493;0.222491;-0.222491;0.222491;-0.222491;0.203364;-0.110289;0.203357;-0.132729;0.203426;-0.152044;2.54439e-05;-0.00676415;-1.09532e-05;-0.0166234;3.634e-06;-0.00848394;0;1;0;1;0;1;
26;0.261127;-0.261131;0.261128;-0.261128;0.261128;-0.261129;0.1731;-0.0826044;0.173095;-0.0723248;0.173135;-0.107811;1.52025e-05;-0.0250675;-6.86237e-06;-0.0130359;1.64078e-06;-0.00812843;1;1;0;1;0;1;
27;0.282491;-0.282496;0.282493;-0.282494;0.282493;-0.282495;0.131555;-0.0281171;0.131548;-0.0252931;0.131572;-0.0882459;0.00806641;-0.0264643;-4.43543e-06;-0.0113064;5.44149e-07;-0.00474746;0;1;0;1;0;1;
28;0.291376;-0.292159;0.292155;-0.292157;0.292154;-0.292158;0.0749105;0.0120362;0.0749008;0.0406671;0.0749177;-0.0496102;0.014698;-0.0224203;-2.81513e-06;-0.00858554;0.00882838;-0.00277308;1;1;0.363124;0.919207;1;1;
29;0.276925;-0.311302;0.289757;-0.303954;0.275281;-0.302918;-0.000522607;0.0513097;-0.000535326;0.0680317;0.00500229;0.0153116;0.0387237;-0.0135648;0.0167263;-0.00501392;0.0628166;-0.00813331;1;1;1;0.28724;1;1;
30;0.262131;-0.294611;0.281873;-0.29032;0.249544;-0.289716;-0.0853682;0.115036;-0.0853719;0.124802;-0.0568419;0.0940136;0.0289759;-0.00792221;0.0291537;-0.00292849;0.0727546;-0.00658549;0.87605;0;1;1;1;1;
31;0.25074;-0.26971;0.26227;-0.267204;0.238696;-0.266851;-0.156206;0.173539;-0.156201;0.179242;-0.117429;0.161262;0.0254437;-0.00462698;0.0312449;-0.00171063;0.0627737;-0.00384632;0.966218;0;1;0;1;0;
32;0.224429;-0.235509;0.231164;-0.234046;0.217395;-0.23384;-0.203279;0.213407;-0.203271;0.216738;-0.156717;0.206237;0.0150089;-0.0027026;0.0182526;-0.000999459;0.0430555;-0.00224666;1;0;1;0;1;0;
33;0.185239;-0.19171;0.189172;-0.190855;0.181131;-0.190735;-0.23101;0.236929;-0.223707;0.238874;-0.181093;0.232742;0.0087686;-0.00157881;0.0106616;-0.000584182;0.0251519;-0.00131254;1;0;1;0;1;0;
34;0.131414;-0.135193;0.133711;-0.134694;0.129015;-0.134624;-0.244526;0.249087;-0.224809;0.250223;-0.195759;0.246642;0.00512252;-0.000922559;0.00622669;-0.00034167;0.0146913;-0.000767024;1;0;1;0;1;0;
35;0.0577138;-0.0599207;0.0590556;-0.0596292;0.0563128;-0.0595882;-0.239801;0.249401;-0.222052;0.249509;-0.19912;0.249749;0.00299113;-0.000539324;0.00363616;-0.000200037;0.00857893;-0.000448448;1;0;1;0;1;0;
36;-0.0367767;0.0354879;-0.0359929;0.0356581;-0.0375944;0.0356821;-0.224046;0.230477;-0.214778;0.233037;-0.18873;0.233294;0.00174534;-0.000315529;0.00212263;-0.000117334;0.00500732;-0.00026241;1;0;1;0;1;0;
37;-0.132709;0.131956;-0.132251;0.132056;-0.133187;0.13207;-0.194175;0.206003;-0.195647;0.205552;-0.162168;0.203865;-0.00932447;-0.000184838;-0.00937411;-6.89935e-05;-0.00723268;-0.000153731;1;0;1;0;1;0;
38;-0.205314;0.204874;-0.205047;0.204932;-0.205593;0.20494;-0.144006;0.19827;-0.159949;0.198006;-0.134174;0.197021;-0.0118504;-0.000108438;-0.0106185;-4.07574e-05;-0.0222553;-9.02427e-05;1;0;1;0;1;0;
39;-0.251127;0.250869;-0.250971;0.250903;-0.251291;0.250908;-0.0956132;0.17574;-0.130012;0.175586;-0.0877473;0.17501;-0.0131481;-6.37929e-05;-0.00620309;-2.42659e-05;-0.0285657;-5.31656e-05;1;0;1;0;1;0;
40;-0.277185;0.277033;-0.277094;0.277053;-0.277281;0.277056;-0.0439194;0.140356;-0.113649;0.140268;-0.0345024;0.13993;-0.0125123;-3.773e-05;-0.00362226;-1.33019e-05;-0.0315248;-3.14508e-05;1;0;1;1;1;0;
41;-0.290012;0.289921;-0.289959;0.289932;-0.290069;0.289935;0.028829;0.0900213;-0.0744213;0.0899738;0.00127924;0.0897729;-0.0128692;-2.15617e-05;-0.00375504;0.0085388;-0.0198301;-1.75841e-05;1;1;1;0.587848;1;1;
42;-0.305873;0.277975;-0.303805;0.276358;-0.315938;0.293151;0.0487718;0.0206468;-0.0115282;0.0206233;0.0326775;0.0204985;-0.00751301;0.0413471;-0.00649472;0.038023;-0.0131158;0.0145999;0.921522;0.818343;1;1;0.955157;0.732552;
43;-0.294566;0.254547;-0.293359;0.264583;-0.300444;0.287136;0.10378;-0.0322856;0.0685663;-0.0632437;0.0943803;-0.0633151;-0.0043879;0.0780986;-0.00618969;0.0321692;-0.00766006;0.0235228;0;1;1;0.736118;1;1;
44;-0.2744;0.227167;-0.273695;0.256281;-0.277833;0.27006;0.163202;-0.0976525;0.142637;-0.139522;0.157713;-0.139555;-0.00256294;0.0710982;-0.00361518;0.028458;-0.00447388;0.0377957;1;1;0;0.5608;0;1;
45;-0.244024;0.216439;-0.243613;0.233441;-0.246029;0.241489;0.206644;-0.146334;0.194634;-0.192808;0.203438;-0.192823;-0.00149718;0.0502308;-0.00211165;0.0187357;-0.00261317;0.02208;0;1;0;0.770113;0;1;
46;-0.203781;0.18767;-0.203541;0.1976;-0.204952;0.202301;0.233161;-0.174072;0.226148;-0.225077;0.231289;-0.221495;-0.00087483;0.0293441;-0.00123368;0.0109458;-0.00152657;0.0128977;0;1;0;0.803363;0;1;
47;-0.151728;0.142319;-0.151588;0.148118;-0.152412;0.150864;0.247449;-0.192616;0.243353;-0.24258;0.246355;-0.224666;-0.000511403;0.0171408;-0.000720966;0.00639474;-0.000892049;0.00753287;0;1;0;0.839143;0;1;
48;-0.0824883;0.0769935;-0.0824063;0.08038;-0.0828876;0.0819838;0.25263;-0.198967;0.250849;-0.242067;0.252518;-0.22296;-0.00029916;0.0100103;-0.000421555;0.0037346;-0.000521509;0.00439913;0;1;0;0.886516;0;1;
49;0.00806125;-0.0112697;0.0081091;-0.0092926;0.00782809;-0.00835554;0.238665;-0.19257;0.23986;-0.229197;0.234779;-0.217733;-0.000175224;0.00584376;-0.000246701;0.0021798;-0.000305126;0.0025684;0;1;0;0.993449;0;1;
50;0.107162;-0.109036;0.10719;-0.107882;0.107026;-0.107334;0.214803;-0.16935;0.212368;-0.20323;0.214738;-0.20284;-0.000102816;-0.0080851;-0.000144575;-0.00664843;-0.000178745;-0.00547334;0;1;0;1;0;1;
51;0.187752;-0.188847;0.187768;-0.188172;0.187672;-0.187852;0.207813;-0.139311;0.206019;-0.162235;0.207775;-0.172965;-6.04983e-05;-0.0178954;-8.48843e-05;-0.0136763;-0.000104909;-0.0132215;0;1;0;1;0;1;
52;0.240558;-0.241199;0.240568;-0.240804;0.240512;-0.240618;0.186604;-0.108723;0.185556;-0.108248;0.186582;-0.137814;-3.54828e-05;-0.023492;-5.00705e-05;-0.0129775;-6.17248e-05;-0.00772364;0.606309;1;0;1;0;1;
53;0.271405;-0.271782;0.271411;-0.271551;0.271378;-0.271441;0.153401;-0.060128;0.152786;-0.0671367;0.153385;-0.120639;-1.95299e-05;-0.0291719;-2.96506e-05;-0.0116357;-3.65385e-05;-0.00451065;1;1;0;1;0;1;
54;0.287446;-0.287669;0.28745;-0.287534;0.287431;-0.287469;0.106784;-0.0106641;0.10642;-0.0164427;0.106771;-0.0876455;0.00733753;-0.0292568;-1.77069e-05;-0.0153664;-2.13808e-05;-0.00525245;0;1;0;1;0.558396;1;
55;0.28568;-0.318824;0.293149;-0.297609;0.293137;-0.293161;0.0424042;0.0137384;0.0421857;0.0103665;0.042393;-0.0312193;0.0196302;-0.0170905;0.00248288;-0.0089718;0.0134163;-0.00701681;1;1;1;0.965788;1;1;
56;0.270475;-0.304803;0.28159;-0.294959;0.270213;-0.289915;-0.0393706;0.0721656;-0.0394985;0.0701975;-0.0225803;0.045914;0.0270163;-0.0181344;0.0184766;-0.00524081;0.0717811;-0.0106223;1;1;1;1;1;1;
57;0.262654;-0.284709;0.270905;-0.27896;0.23908;-0.276015;-0.120331;0.13949;-0.120398;0.138341;-0.086299;0.124159;0.0242159;-0.0105909;0.0401301;-0.00306098;0.0694705;-0.0062041;0.752855;0;1;0;1;1;
58;0.242666;-0.255548;0.247486;-0.252191;0.228899;-0.250471;-0.180353;0.191548;-0.180386;0.190877;-0.137066;0.182594;0.0193107;-0.00618548;0.0238344;-0.00178802;0.0536764;-0.00362358;1;0;1;0;1;0;
59;0.20964;-0.217164;0.212456;-0.215204;0.2016;-0.214199;-0.217829;0.224371;-0.217539;0.223979;-0.168203;0.219142;0.011317;-0.00361277;0.0139233;-0.00104466;0.0344903;-0.00211661;1;0;1;0;1;0;
60;0.163845;-0.168239;0.16549;-0.167094;0.159149;-0.166508;-0.238958;0.242782;-0.224975;0.242553;-0.189508;0.239729;0.00661188;-0.00211036;0.00813207;-0.00061058;0.0201475;-0.0012366;1;0;1;0;1;0;
61;0.101514;-0.10408;0.102475;-0.103412;0.0987716;-0.103069;-0.243826;0.25137;-0.223798;0.251236;-0.198688;0.249587;0.00386195;-0.00123299;0.00474914;-0.000357087;0.011767;-0.00072268;1;0;1;0;1;0;
62;0.0175101;-0.0190087;0.0180714;-0.0186182;0.015909;-0.0184182;-0.234122;0.24239;-0.220006;0.243466;-0.195817;0.244737;0.00225444;-0.000720623;0.00277299;-0.000209048;0.00687013;-0.000422543;1;0;1;0;1;0;
63;-0.0814185;0.0805433;-0.0810906;0.0807713;-0.0823532;0.0808881;-0.211657;0.218583;-0.207536;0.223372;-0.176958;0.22468;-0.00352507;-0.000421388;-0.00248268;-0.00012259;-0.00336237;-0.000247289;1;0;1;0;1;0;
64;-0.168802;0.16829;-0.16861;0.168423;-0.169348;0.168492;-0.17404;0.188765;-0.181189;0.216953;-0.148682;0.217718;-0.012217;-0.000246637;-0.0163579;-7.2053e-05;-0.0163796;-0.000144886;1;0;1;0;1;0;
65;-0.228796;0.228497;-0.228684;0.228575;-0.229116;0.228614;-0.124248;0.180507;-0.149266;0.196969;-0.114533;0.197416;-0.0145144;-0.000144505;-0.00955503;-4.25479e-05;-0.0213733;-8.50835e-05;1;0;1;0;1;0;
66;-0.264798;0.264622;-0.264733;0.264668;-0.264985;0.264691;-0.0746338;0.156057;-0.137635;0.165671;-0.0579306;0.165931;-0.0117977;-8.48558e-05;-0.00557994;-2.52812e-05;-0.030851;-5.01318e-05;1;0;1;0;1;0;
67;-0.28428;0.284176;-0.284242;0.284203;-0.284391;0.284216;-0.0171253;0.116695;-0.105933;0.122308;-0.00890447;0.12246;-0.0120032;-4.84222e-05;-0.00426045;-1.3914e-05;-0.0300493;-2.90863e-05;1;1;1;1;1;1;
68;-0.292846;0.286076;-0.292505;0.291865;-0.293141;0.292489;0.0450615;0.0594992;-0.053209;0.0627798;0.00565725;0.0628631;-0.00701098;0.0109588;-0.00574342;0.0144461;-0.0175529;-1.61577e-05;1;0;1;1;1;1;
69;-0.296483;0.272524;-0.302058;0.27326;-0.313525;0.286498;0.0784149;-0.0121577;0.0210283;-0.0154244;0.0554015;-0.0153813;-0.00409492;0.0638489;-0.0067682;0.037676;-0.0165781;0.020783;0;1;1;1;1;1;
70;-0.283743;0.245954;-0.286999;0.258399;-0.293695;0.27791;0.136179;-0.0680297;0.102666;-0.099386;0.122739;-0.0993552;-0.00239203;0.0732209;-0.00427834;0.0255991;-0.00968201;0.0281992;1;1;1;1;0;1;
71;-0.260213;0.237879;-0.262115;0.245411;-0.266026;0.256807;0.187633;-0.125937;0.168062;-0.166139;0.179785;-0.166115;-0.00139736;0.0597549;-0.00249893;0.0237746;-0.0056547;0.0278245;0;1;0;1;0;1;
72;-0.226167;0.213123;-0.227278;0.217521;-0.229561;0.224177;0.2219;-0.1614;0.210471;-0.209343;0.217317;-0.209324;-0.000816511;0.0384512;-0.0014598;0.0140474;-0.00330279;0.0162545;0;1;0;1;0;1;
73;-0.181506;0.173887;-0.182155;0.176456;-0.183488;0.180344;0.24171;-0.184878;0.235035;-0.234372;0.239033;-0.224322;-0.000477345;0.022462;-0.000853023;0.00820684;-0.00192932;0.00949421;0;1;0;1;0;1;
74;-0.122796;0.118346;-0.123174;0.119847;-0.123953;0.122117;0.251474;-0.19728;0.247576;-0.244816;0.249911;-0.224511;-0.000279282;0.0131197;-0.000498671;0.00479401;-0.00112726;0.00554477;0;1;0;1;0;1;
75;-0.0440851;0.041487;-0.0443063;0.0423629;-0.0447611;0.0436892;0.248403;-0.197829;0.248078;-0.238071;0.248435;-0.221665;-0.000163609;0.00766066;-0.000291726;0.00279907;-0.000658872;0.00323781;0;1;0;1;0;1;
76;0.053339;-0.0548559;0.0532098;-0.0543449;0.0529443;-0.05357;0.22911;-0.185606;0.230502;-0.218755;0.22654;-0.212144;-9.60542e-05;0.00240541;-0.000170889;0.00125096;-0.000385341;0.0018898;0;1;0;1;0;1;
77;0.14686;-0.147746;0.146785;-0.147448;0.14663;-0.146995;0.198148;-0.158708;0.200944;-0.184613;0.198223;-0.188974;-5.65793e-05;-0.0131141;-0.000100141;-0.0116523;-0.000225603;-0.0116227;0;1;0;1;0;1;
78;0.214741;-0.21526;0.214696;-0.215084;0.214606;-0.21482;0.190777;-0.12764;0.19241;-0.136714;0.190821;-0.15645;-3.35003e-05;-0.0226254;-5.90344e-05;-0.0128104;-0.000132231;-0.00678958;0;1;0;1;0;1;
79;0.256682;-0.256987;0.256656;-0.256883;0.256604;-0.25673;0.16787;-0.0768263;0.168824;-0.0894238;0.167896;-0.138019;-2.00204e-05;-0.0295515;-3.48586e-05;-0.0125288;-7.76746e-05;-0.00396612;0;1;0.277453;1;0;1;
80;0.280119;-0.280299;0.280103;-0.280237;0.280073;-0.280149;0.13125;-0.0297583;0.131808;-0.0206257;0.131264;-0.113815;-1.16003e-05;-0.0271553;-1.94682e-05;-0.0195346;-4.58124e-05;-0.00231709;0.812552;1;1;1;0;1;
81;0.289461;-0.291251;0.291132;-0.291212;0.291115;-0.291162;0.078507;-0.000224636;0.0788323;0.0391704;0.0785149;-0.0683201;0.0119615;-0.0159944;0.0130328;-0.0114078;0.0129319;-0.00217612;1;1;1;1;1;1;
82;0.274102;-0.316131;0.281723;-0.29745;0.275127;-0.29108;0.00615007;0.0395757;0.00633596;0.0625848;0.00615553;-0.000188182;0.0344388;-0.0160272;0.0246532;-0.00666196;0.0645871;-0.00432677;1;0.529555;0.836114;1;1;1;
83;0.254158;-0.298639;0.260264;-0.287729;0.251925;-0.28401;-0.0780544;0.104766;-0.0779419;0.118204;-0.0495626;0.0815455;0.0288857;-0.00936057;0.0265912;-0.00389091;0.0695253;-0.00488454;1;1;1;0.107237;1;0.296147;
84;0.24754;-0.273842;0.251431;-0.267471;0.233004;-0.265299;-0.150703;0.166309;-0.150629;0.174157;-0.11126;0.152748;0.0238994;-0.00546697;0.0326147;-0.00227268;0.0667452;-0.00285296;1;0;1;0;1;0.407817;
85;0.224723;-0.240085;0.226996;-0.236364;0.216233;-0.235095;-0.199848;0.208967;-0.1998;0.21355;-0.151897;0.201048;0.0144002;-0.00319314;0.019053;-0.00132769;0.0467281;-0.00166654;1;0;1;0;1;0;
86;0.188084;-0.197056;0.189412;-0.194883;0.183126;-0.194142;-0.229089;0.234419;-0.222596;0.237095;-0.1781;0.229794;0.00841339;-0.00186527;0.0111294;-0.000775865;0.0272975;-0.000973749;1;0;1;0;1;0;
87;0.136671;-0.14191;0.137446;-0.140641;0.133775;-0.140209;-0.243989;0.24784;-0.224699;0.249403;-0.194561;0.245139;0.00491535;-0.00108985;0.00650009;-0.000453609;0.0159448;-0.000569168;1;0;1;0;1;0;
88;0.0656501;-0.0687099;0.0661034;-0.0679689;0.0639592;-0.0677162;-0.240369;0.250232;-0.222508;0.250519;-0.199281;0.251089;0.00287033;-0.000637028;0.00379591;-0.000265415;0.0093113;-0.000332903;1;0;1;0;1;0;
89;-0.026953;0.0251661;-0.026688;0.0255988;-0.02794;0.0257463;-0.225662;0.232362;-0.216367;0.235168;-0.190158;0.235218;0.00167495;-0.000372585;0.00221595;-0.000155512;0.00543521;-0.000194931;1;0;1;0;1;0;
90;-0.12398;0.122936;-0.123825;0.123189;-0.124556;0.123275;-0.198543;0.208521;-0.199831;0.211218;-0.163103;0.209622;-0.0105495;-0.000218145;-0.00893642;-9.13008e-05;-0.00686205;-0.000114333;1;0;1;0;1;0;
91;-0.199368;0.198758;-0.199278;0.198906;-0.199705;0.198956;-0.149534;0.20135;-0.164611;0.202968;-0.137684;0.202036;-0.0121406;-0.000127902;-0.00887525;-5.37772e-05;-0.0193866;-6.7228e-05;1;0;1;0;1;0;
92;-0.247576;0.247219;-0.247524;0.247305;-0.247774;0.247335;-0.099526;0.179522;-0.132095;0.180467;-0.092964;0.179922;-0.0121565;-7.51703e-05;-0.00579005;-3.18703e-05;-0.0285034;-3.97268e-05;1;0;1;0;1;0;
93;-0.275271;0.275061;-0.27524;0.275111;-0.275387;0.275128;-0.0476736;0.145094;-0.117192;0.145647;-0.0311313;0.145328;-0.0143808;-4.43624e-05;-0.00338149;-1.87882e-05;-0.031004;-2.36217e-05;1;0;1;0.353054;1;0;
94;-0.289208;0.289084;-0.289191;0.289113;-0.289277;0.289124;0.026291;0.0962524;-0.0799549;0.0965788;0.00714602;0.0963897;-0.0146624;-2.60038e-05;-0.0030988;0.00456354;-0.0250964;-1.34623e-05;1;0.407372;1;1;1;1;
95;-0.307351;0.286059;-0.304157;0.281042;-0.321306;0.29324;0.0491694;0.0287582;-0.0192337;0.0289539;0.0316299;0.0288361;-0.00856037;0.0284434;-0.0050768;0.0301299;-0.0146612;0.0093899;1;1;1;1;1;0.45545;
96;-0.296465;0.262084;-0.294601;0.268614;-0.304672;0.284475;0.100037;-0.0281841;0.0600917;-0.054404;0.0897936;-0.0544715;-0.00499968;0.0744854;-0.00888442;0.0312185;-0.0134527;0.0231288;0;1;0.8643;1;1;1;
97;-0.277153;0.225096;-0.276065;0.259283;-0.281946;0.27015;0.159268;-0.0885654;0.13594;-0.132612;0.153286;-0.132643;-0.00292022;0.0732155;-0.00518911;0.0303199;-0.00785677;0.0379608;0;1;0;1;0;1;
98;-0.247693;0.208925;-0.247057;0.237255;-0.250492;0.243602;0.203957;-0.137813;0.190334;-0.188382;0.200464;-0.188396;-0.00170581;0.0546933;-0.00303082;0.0247633;-0.00458878;0.0228524;0;1;0.173299;1;0;1;
