1;-0.000363587;0.000116064;9.94835e-05;-0.000363587;0.000116065;9.9484e-05;0.0349769;0.0347456;0.0352595;0.0349769;0.0347456;0.0352594;0.808667;0.808665;0.808666;0.808667;0.808665;0.808666;0;0;0;0;0;0;
2;0.00151361;-0.0198788;-0.00502494;-0.00136733;-0.00996429;0.0165257;0.100769;0.111487;0.136153;0.126474;0.126624;0.197713;0.472317;0.472324;0.472329;0.472321;0.472317;0.472395;0.40215;0.0734283;0.376852;1;1;1;
3;0.00908553;-0.0101752;0.00318296;-0.00635901;-0.00923956;0.010488;0.0943808;0.0991456;0.113616;0.0983384;0.099053;0.115397;0.275859;0.275863;0.275872;0.275863;0.27586;0.275913;1;0.715912;1;1;1;1;
4;0.0064767;-0.00668511;-0.00817549;-0.00434883;-0.00476114;0.00552773;0.0736571;0.0732556;0.0828516;0.0757918;0.0750757;0.0834158;0.161117;0.16112;0.161128;0.16112;0.161118;0.161151;1;0.887025;1;1;1;1;
5;0.00465873;-0.0047801;-0.00389865;-0.00361079;-0.0019045;0.00235275;0.0605031;0.0599414;0.0649554;0.0615962;0.0601474;0.0657357;0.0941034;0.0941047;0.0941107;0.0941052;0.0941043;0.0941241;1;0.909012;1;1;1;1;
6;0.00382814;-0.00389887;-0.00116958;-0.00360182;-7.18994e-06;0.000267;0.0481617;0.0487133;0.0518756;0.0501915;0.0484221;0.0540049;0.0549646;0.054965;0.0549694;0.0549656;0.0549652;0.054977;1;0.907091;1;1;1;1;
7;0.00347899;-0.00342469;0.000560266;-0.00426869;0.00124033;-0.00108723;0.039184;0.0419287;0.0443533;0.0433408;0.040129;0.0479715;0.0321055;0.0321053;0.0321088;0.0321058;0.0321059;0.0321131;1;0.892689;1;1;1;1;
8;0.00158013;-0.00274636;0.00146083;-0.00577249;0.00236225;-0.00119793;0.0321586;0.0382773;0.0383695;0.039466;0.0354333;0.0451314;0.0187546;0.0187538;0.0187572;0.0187545;0.0187549;0.0187594;1;0.860769;1;1;1;1;
9;0.00203111;-0.00214225;0.00162495;-0.00390988;0.00224836;-0.000629284;0.0276783;0.0360082;0.0333746;0.0382648;0.0321333;0.0441736;0.0109569;0.0109555;0.0112058;0.0109563;0.0109574;0.01096;1;0.821594;1;1;1;1;
10;0.000291142;-0.000356022;5.40296e-05;-0.00138861;0.000418183;0.000527766;0.023695;0.0344465;0.0287713;0.0381602;0.0289501;0.0441738;0.00689394;0.00640051;0.00936362;0.00640143;0.00743341;0.00687533;1;0.778136;1;1;1;1;
11;-0.00347564;0.00343757;-0.00361419;0.00283442;-0.00340109;0.00395404;0.0193689;0.0340216;0.0245496;0.0397749;0.0267952;0.0458124;0.00687441;0.00373968;0.00893996;0.00374085;0.00724229;0.00533808;1;0.723216;1;1;1;1;
12;-0.0103289;0.0103062;-0.0104098;0.00995409;-0.0102847;0.0106084;0.0168418;0.0342141;0.0216144;0.0416674;0.025361;0.0475971;0.00676857;0.00218539;0.00833728;0.00218677;0.00754743;0.00499115;1;0.671671;1;1;1;0.983102;
13;-0.021489;0.0214751;-0.0215363;0.0212699;-0.0214624;0.0216524;0.0163829;0.034496;0.0209145;0.0422852;0.0238355;0.0476351;0.00660208;0.00127769;0.00691782;0.00127909;0.0077613;0.00553372;1;0.647186;1;1;1;0.938712;
14;-0.0380444;0.0380353;-0.0380721;0.0379163;-0.0380277;0.0381399;0.0190903;0.0336494;0.0223308;0.0392786;0.0252193;0.0457029;0.00689622;0.000748143;0.00618786;0.00115868;0.00565071;0.00666358;1;0.706213;1;1;1;0.964534;
15;-0.0602972;0.0602903;-0.0603132;0.0602223;-0.0602861;0.0603529;0.0290265;0.0318475;0.0307544;0.0314725;0.0290963;0.0382011;0.00635474;0.00563918;0.00361605;0.00189715;0.00330179;0.00988154;1;0.871711;1;1;1;1;
16;-0.0867274;0.0867211;-0.0867361;0.0866836;-0.0867196;0.0867596;0.0479462;0.0280033;0.0499686;0.0130243;0.0351096;0.0218867;0.00411914;0.017186;0.00211216;0.00643846;0.00192732;0.0149601;0.86135;1;1;1;1;1;
17;-0.113112;0.113106;-0.113116;0.113088;-0.113109;0.113132;0.0608798;0.0116802;0.0634147;-0.0250345;0.0533807;-0.0179563;0.0024071;0.0351551;0.00123444;0.0175365;0.000524651;0.028183;0.472262;1;0.934736;1;0.737479;1;
18;-0.132797;0.132792;-0.132799;0.132782;-0.132795;0.132807;0.0971185;-0.0131794;0.0985999;-0.0761777;0.092739;-0.0720404;0.00140537;0.0593239;0.000720838;0.021227;0.000306012;0.0247104;0;1;0.100803;1;0;1;
19;-0.13831;0.138306;-0.138311;0.138301;-0.138309;0.138315;0.1445;-0.0708022;0.145365;-0.132263;0.141943;-0.129842;0.000820344;0.0653089;0.000420585;0.0270402;0.000178274;0.0318984;1;1;1;1;0;1;
20;-0.123565;0.123563;-0.123566;0.123559;-0.123565;0.123568;0.186512;-0.119194;0.187017;-0.179358;0.185018;-0.17794;0.000478669;0.0535642;0.000245205;0.0183461;0.000103656;0.0199796;0.213564;1;0;1;0;1;
21;-0.0843846;0.0843832;-0.0843849;0.0843807;-0.0843843;0.0843859;0.215244;-0.15039;0.215539;-0.211061;0.214372;-0.206822;0.000279071;0.0349732;0.000142718;0.0110224;6.00508e-05;0.0116721;0;1;0;1;0;1;
22;-0.0173043;0.0173035;-0.0173045;0.0173021;-0.0173041;0.0173052;0.230721;-0.170648;0.230893;-0.221494;0.230211;-0.209489;0.000162489;0.02043;8.28506e-05;0.00643948;3.4557e-05;0.00681797;0;1;0;1;0;1;
23;0.0725458;-0.0725458;0.0725457;-0.072547;0.072546;-0.0725451;0.22974;-0.169111;0.22898;-0.209171;0.229905;-0.203325;9.44448e-05;0.0119317;4.79142e-05;0.00376086;1.96341e-05;0.00398214;0;1;0;1;0;1;
24;0.159619;-0.159619;0.159619;-0.15962;0.159619;-0.159619;0.222868;-0.146929;0.222425;-0.178877;0.222965;-0.186056;5.46618e-05;0.00696618;2.74938e-05;-0.00356251;1.09346e-05;-0.00237859;0;1;0;1;0;1;
25;0.222491;-0.222493;0.222491;-0.222491;0.222491;-0.222491;0.203399;-0.112606;0.20314;-0.132355;0.203455;-0.152713;3.14445e-05;-0.00634783;1.55793e-05;-0.0143357;5.86476e-06;-0.00727402;0;1;0;1;0;1;
26;0.261128;-0.261131;0.261128;-0.261129;0.261128;-0.261129;0.17312;-0.0770183;0.172968;-0.0729976;0.173152;-0.117655;1.8205e-05;-0.0260545;8.60474e-06;-0.0120417;2.96788e-06;-0.00424966;0.825981;1;0;1;0;1;
27;0.282493;-0.282497;0.282492;-0.282494;0.282493;-0.282495;0.131565;-0.024566;0.131475;-0.0245499;0.131581;-0.0991696;1.18574e-05;-0.0256505;5.26545e-06;-0.0143614;1.25931e-06;-0.00248182;1;1;1;1;0;1;
28;0.292127;-0.29216;0.292154;-0.292157;0.292155;-0.292158;0.0749157;-0.00889208;0.0748599;0.0567583;0.0749213;-0.0559895;0.00574716;-0.014984;0.000341777;-0.0118171;9.94768e-07;-0.00314114;1;1;1;1;1;1;
29;0.274346;-0.316328;0.281137;-0.299705;0.280188;-0.300457;-0.00052131;0.0390863;-0.000558949;0.0774289;-7.91701e-05;0.0115854;0.0349325;-0.0181259;0.0191054;-0.00690079;0.0607162;-0.00759862;1;0.530269;1;1;1;1;
30;0.259154;-0.297546;0.265664;-0.287839;0.24761;-0.288278;-0.0853674;0.107897;-0.0853847;0.13029;-0.0581826;0.0918378;0.0269058;-0.0105859;0.0292422;-0.00403038;0.0723478;-0.00674697;0.715925;1;1;0;1;0.00202152;
31;0.248908;-0.271424;0.252805;-0.265755;0.216865;-0.266011;-0.156206;0.16937;-0.156208;0.182447;-0.110661;0.159991;0.0247647;-0.00618256;0.0340485;-0.00235414;0.0688842;-0.00394062;0.790475;0;1;0;1;0.380423;
32;0.223359;-0.23651;0.225636;-0.233199;0.204646;-0.233349;-0.20328;0.210972;-0.203029;0.218609;-0.146007;0.205495;0.0149003;-0.00361103;0.0198913;-0.0013753;0.0474505;-0.00230174;1;0;1;0;1;0;
33;0.184613;-0.192294;0.185944;-0.190361;0.173686;-0.190449;-0.23101;0.235507;-0.212461;0.239967;-0.174456;0.232308;0.0087055;-0.00210932;0.01162;-0.000803666;0.0278625;-0.0013447;1;0;1;0;1;0;
34;0.131048;-0.135535;0.131826;-0.134405;0.124667;-0.134457;-0.245394;0.248257;-0.218311;0.250862;-0.190933;0.246389;0.0050858;-0.00123239;0.00678813;-0.00046985;0.0162749;-0.000785798;1;0;1;0;1;0;
35;0.0574999;-0.0601201;0.0579546;-0.0594606;0.0537742;-0.0594905;-0.240533;0.249725;-0.21918;0.249953;-0.197915;0.249724;0.0029694;-0.00072026;0.00396494;-0.000274888;0.00950452;-0.000459409;1;0;1;0;1;0;
36;-0.0369019;0.0353715;-0.0366359;0.0357566;-0.0390769;0.0357391;-0.223778;0.229891;-0.21477;0.232943;-0.188808;0.233612;0.00173265;-0.0004212;0.00231496;-0.000161044;0.00554794;-0.000268805;1;0;1;0;1;0;
37;-0.132782;0.131888;-0.132627;0.132113;-0.134053;0.132103;-0.194322;0.206624;-0.197152;0.2055;-0.163646;0.203487;-0.0102503;-0.000246548;-0.00892852;-9.45209e-05;-0.0069408;-0.000157463;1;0;1;0;1;0;
38;-0.205356;0.204834;-0.205266;0.204965;-0.206099;0.204959;-0.143662;0.198632;-0.159127;0.197976;-0.133128;0.1968;-0.0121955;-0.000144473;-0.00993761;-5.56698e-05;-0.0240646;-9.24325e-05;1;0;1;0;1;0;
39;-0.251152;0.250846;-0.251099;0.250923;-0.251587;0.250919;-0.0969454;0.175952;-0.128974;0.175568;-0.0858498;0.174882;-0.0130526;-8.48441e-05;-0.0058055;-3.2964e-05;-0.0246412;-5.44327e-05;1;0;1;0;1;0;
40;-0.277199;0.27702;-0.277169;0.277064;-0.277454;0.277062;-0.0460788;0.140481;-0.113044;0.140256;-0.0209565;0.139855;-0.0151777;-4.9172e-05;-0.00339071;-1.94173e-05;-0.0295071;-3.22036e-05;1;1;1;0.435578;1;0;
41;-0.290021;0.289913;-0.290003;0.289939;-0.29017;0.289939;0.00733508;0.0900961;-0.0740678;0.0899665;0.0231574;0.089727;-0.0088656;0.0100617;-0.00478165;0.00734848;-0.02682;-1.90826e-05;1;0;1;1;1;0.40662;
42;-0.300268;0.284228;-0.293893;0.28377;-0.311876;0.292497;0.0362195;0.0206886;-0.0113202;0.0206184;0.0454549;0.0204718;-0.00496851;0.0323927;-0.00486979;0.030745;-0.0156671;0.0152633;1;0.714714;1;1;1;1;
43;-0.291293;0.258419;-0.28757;0.263176;-0.298072;0.276075;0.0964494;-0.0356946;0.0686878;-0.0632476;0.101842;-0.0633308;-0.00290188;0.0708784;-0.00446744;0.0260343;-0.00914997;0.0236436;1;1;0.598301;1;0;1;
44;-0.272489;0.228853;-0.270314;0.255638;-0.276447;0.263599;0.158921;-0.101908;0.142708;-0.139524;0.16207;-0.139564;-0.00169508;0.0671127;-0.00260936;0.0261354;-0.005344;0.0409423;0;1;1;1;0;1;
45;-0.242908;0.217423;-0.241639;0.233066;-0.24522;0.237716;0.204144;-0.146994;0.194676;-0.19281;0.205983;-0.192828;-0.000990351;0.0480984;-0.00152425;0.0175756;-0.00312133;0.0239175;0;1;0;1;0;1;
46;-0.203129;0.188245;-0.202388;0.197381;-0.20448;0.200097;0.231701;-0.174018;0.226172;-0.225078;0.232775;-0.221344;-0.000578848;0.0280987;-0.000890648;0.0102682;-0.00182334;0.0139708;0;1;0;1;0;1;
47;-0.151347;0.142655;-0.150914;0.14799;-0.152136;0.149577;0.246596;-0.19265;0.243367;-0.242647;0.247223;-0.224703;-0.000338547;0.0164135;-0.000520637;0.00599893;-0.00106536;0.00815963;0;1;0;1;0;1;
48;-0.082266;0.0771896;-0.0820131;0.0803053;-0.0827264;0.0812321;0.252695;-0.198786;0.250858;-0.242242;0.252202;-0.222915;-0.000198223;0.00958556;-0.000304565;0.00350339;-0.000622711;0.00476517;0;1;0;1;0;1;
49;0.00819107;-0.0111551;0.00833873;-0.00933611;0.00792222;-0.00879459;0.238743;-0.192233;0.239722;-0.229448;0.234912;-0.217558;-0.000116272;0.00559576;-0.00017838;0.00204475;-0.000364234;0.00278219;0;1;0;1;0;1;
50;0.107238;-0.108969;0.107325;-0.107907;0.107081;-0.107591;0.214314;-0.168837;0.212981;-0.203435;0.214978;-0.202417;-6.83924e-05;-0.00816389;-0.000104679;-0.00731;-0.000213262;-0.0048912;0;1;0;1;0;1;
51;0.187796;-0.188808;0.187846;-0.188187;0.187704;-0.188002;0.207528;-0.13926;0.206749;-0.162555;0.207915;-0.172563;-4.03903e-05;-0.0164906;-6.15866e-05;-0.0135429;-0.00012507;-0.0111153;0;1;0;1;0;1;
52;0.240584;-0.241176;0.240613;-0.240813;0.24053;-0.240705;0.186437;-0.102276;0.185982;-0.109068;0.186663;-0.138465;-2.40667e-05;-0.022458;-3.64438e-05;-0.013064;-7.35141e-05;-0.00649336;0;1;0;1;0;1;
53;0.271421;-0.271768;0.271438;-0.271556;0.271389;-0.271493;0.153302;-0.0540144;0.153036;-0.0534391;0.153432;-0.125228;-1.36761e-05;-0.0289199;-2.07764e-05;-0.0144669;-4.34197e-05;-0.00379142;1;1;1;1;0;1;
54;0.287455;-0.287661;0.287464;-0.287536;0.287437;-0.287499;0.106725;-0.0106584;0.10657;0.016128;0.106798;-0.0903255;0.000416422;-0.0185958;0.00847971;-0.0145311;-2.57232e-05;-0.00255123;0.265186;1;1;1;0;1;
55;0.280379;-0.321168;0.285356;-0.294202;0.290467;-0.293178;0.0423714;0.0137395;0.0422762;0.0700847;0.0424111;-0.0327812;0.0279196;-0.0175902;0.0103781;-0.00848548;0.0298144;-0.00237899;1;1;0;1;1;1;
56;0.26722;-0.306171;0.272756;-0.290423;0.272268;-0.293419;-0.039388;0.0721656;-0.0394454;0.105072;-0.0216635;0.0450018;0.0349242;-0.0135077;0.0249583;-0.00495583;0.0700395;-0.011619;1;0;1;0;1;1;
57;0.24908;-0.285508;0.251459;-0.276311;0.245159;-0.278061;-0.120341;0.13949;-0.120366;0.158707;-0.0804917;0.123626;0.0267945;-0.00788889;0.0364106;-0.00289459;0.0753618;-0.00678598;0.605382;0.175271;1;0;1;0.047884;
58;0.234739;-0.256015;0.236129;-0.250644;0.232449;-0.251666;-0.180358;0.191548;-0.180367;0.202771;-0.131806;0.182283;0.0216313;-0.00460754;0.0248992;-0.00169086;0.0587826;-0.00396341;0.9713;0;1;0;1;0;
59;0.205011;-0.217437;0.205823;-0.2143;0.203673;-0.214897;-0.217831;0.224371;-0.217195;0.230925;-0.162035;0.218961;0.0128374;-0.00269126;0.0145452;-0.000987932;0.0378992;-0.00231507;1;0;1;0;1;0;
60;0.161142;-0.168399;0.161616;-0.166567;0.160359;-0.166915;-0.238291;0.242782;-0.224184;0.24661;-0.184051;0.239623;0.00750058;-0.0015722;0.0084953;-0.000577461;0.0221395;-0.0013525;1;0;1;0;1;0;
61;0.0999352;-0.104173;0.100213;-0.103103;0.0994778;-0.103307;-0.239855;0.25137;-0.223421;0.253605;-0.194385;0.249525;0.00438146;-0.00091871;0.00496144;-0.000337747;0.0129312;-0.000790358;1;0;1;0;1;0;
62;0.0165882;-0.019063;0.0167506;-0.0184383;0.0163212;-0.0185572;-0.230542;0.242099;-0.220406;0.242027;-0.191629;0.244543;0.00255843;-0.000537086;0.00289691;-0.00019776;0.00755094;-0.00046207;1;0;1;0;1;0;
63;-0.0819568;0.0805117;-0.0818618;0.0808763;-0.0821127;0.0808069;-0.210303;0.219539;-0.208938;0.22315;-0.174689;0.222993;0.000583478;-0.00031421;-0.00270434;-0.000115984;0.00440734;-0.000270363;1;0;1;0;1;0;
64;-0.169116;0.168272;-0.16906;0.168485;-0.169207;0.168444;-0.174335;0.189011;-0.1828;0.216824;-0.143203;0.216681;-0.0134426;-0.000184032;-0.015839;-6.82147e-05;-0.00655021;-0.000158371;1;0;1;0;1;0;
65;-0.228979;0.228486;-0.228947;0.22861;-0.229034;0.228587;-0.121237;0.180651;-0.146526;0.196894;-0.113986;0.196811;-0.0132545;-0.000107943;-0.00925187;-4.02992e-05;-0.0178351;-9.29595e-05;1;0;1;0;1;0;
66;-0.264905;0.264616;-0.264887;0.264689;-0.264938;0.264675;-0.0721582;0.156141;-0.136211;0.165626;-0.0566523;0.165578;-0.0139168;-6.3512e-05;-0.00540301;-2.39713e-05;-0.0294995;-5.47186e-05;1;0;1;0;1;0;
67;-0.284343;0.284173;-0.284332;0.284214;-0.284363;0.284207;-0.0088509;0.116742;-0.105101;0.122283;-0.00325988;0.122252;-0.0195282;-3.70483e-05;-0.00443024;0.00160719;-0.0278327;-3.23612e-05;1;0.7956;1;1;1;0;
68;-0.293163;0.292463;-0.292558;0.292486;-0.292577;0.292483;0.0478741;0.0595248;-0.0527215;0.062766;0.0315262;0.0627405;-0.0114048;-2.04006e-05;-0.00556801;0.0157252;-0.0169616;-1.88308e-05;0.936433;1;1;1;1;1;
69;-0.294946;0.271167;-0.29613;0.279504;-0.305411;0.282473;0.0800577;-0.0130701;0.0213144;-0.015433;0.0705092;-0.0154529;-0.00666054;0.063236;-0.00468667;0.029638;-0.0132875;0.0173525;1;1;1;1;0.687836;1;
70;-0.282845;0.247207;-0.283536;0.273826;-0.288956;0.275073;0.137139;-0.0705718;0.102833;-0.0993915;0.131562;-0.0993964;-0.00389015;0.0701131;-0.00418138;0.0267057;-0.00776027;0.0336035;0.886535;1;0;1;0;1;
71;-0.259689;0.238875;-0.260093;0.25442;-0.263258;0.255149;0.188194;-0.126507;0.168159;-0.166143;0.184937;-0.166139;-0.00227224;0.0590531;-0.0024423;0.023861;-0.00453241;0.0261543;0;1;1;1;0;1;
72;-0.225861;0.213704;-0.226097;0.222783;-0.227945;0.223209;0.222228;-0.161613;0.210527;-0.209345;0.220326;-0.209338;-0.00132744;0.0381457;-0.00142673;0.0140166;-0.00264738;0.015279;0;1;0;1;0;1;
73;-0.181327;0.174227;-0.181465;0.179529;-0.182544;0.179778;0.241901;-0.184977;0.235068;-0.234373;0.24079;-0.224682;-0.000775722;0.0222836;-0.000833708;0.00818882;-0.00154657;0.00892449;0;1;0;1;0;1;
74;-0.122691;0.118544;-0.122772;0.121641;-0.123402;0.121787;0.251586;-0.197402;0.247595;-0.244667;0.250937;-0.224623;-0.000453531;0.0130155;-0.000487392;0.0047835;-0.000903737;0.00521202;0;1;0;1;0;1;
75;-0.0440241;0.0416028;-0.0440711;0.043411;-0.0444392;0.0434963;0.248401;-0.198002;0.247952;-0.237888;0.248416;-0.221608;-0.000265369;0.00759977;-0.000285136;0.00279295;-0.000528342;0.0030435;0;1;0;1;0;1;
76;0.0533746;-0.0547883;0.0533472;-0.0537327;0.0531323;-0.0536827;0.229341;-0.184919;0.23031;-0.217865;0.226536;-0.210949;-0.000155487;-0.00162501;-0.000167045;0.00124333;-0.000309107;0.00131805;0;1;0;1;0;1;
77;0.146881;-0.147707;0.146865;-0.14709;0.14674;-0.147061;0.198021;-0.159106;0.198198;-0.183734;0.1983;-0.188445;-9.12454e-05;-0.0161522;-9.79245e-05;-0.0120341;-0.000181092;-0.0108314;0;1;0;1;0;1;
78;0.214753;-0.215236;0.214743;-0.214875;0.21467;-0.214858;0.190703;-0.125968;0.190806;-0.137907;0.190866;-0.156642;-5.37654e-05;-0.0216504;-5.77158e-05;-0.0130593;-0.000106236;-0.00672782;0;1;0;1;0;1;
79;0.256689;-0.256974;0.256684;-0.256762;0.256641;-0.256752;0.167827;-0.0790153;0.167887;-0.085533;0.167922;-0.128744;-3.17028e-05;-0.0284215;-3.41792e-05;-0.0113265;-6.248e-05;-0.00709808;0.43487;1;0;1;0;1;
80;0.280123;-0.280291;0.28012;-0.280167;0.280095;-0.280161;0.131226;-0.0292585;0.131259;-0.0302517;0.131279;-0.108397;-1.74439e-05;-0.0282793;-1.98424e-05;-0.0117372;-3.69551e-05;-0.00414533;1;1;1;1;0;1;
81;0.287911;-0.291245;0.291144;-0.291173;0.291129;-0.291169;0.0784944;-0.0006587;0.0785097;0.0486646;0.0785207;-0.0651546;0.0140868;-0.0165205;-1.10244e-05;-0.0149144;-2.13761e-05;-0.00328225;1;1;1;1;0.769683;1;
82;0.272585;-0.315735;0.29281;-0.303117;0.280099;-0.302952;0.00614368;0.0393226;0.00614517;0.0681298;0.0061571;0.00166141;0.0362408;-0.0125413;0.0193981;-0.008709;0.0538088;-0.00516297;1;0.495965;0.927643;1;1;1;
83;0.262995;-0.298408;0.285018;-0.291039;0.255125;-0.290943;-0.0780586;0.104618;-0.0780536;0.121442;-0.0500274;0.0826253;0.0267992;-0.00732439;0.0246584;-0.00508639;0.0720849;-0.00441365;0.907065;0.745379;1;0;1;1;
84;0.253024;-0.273707;0.265888;-0.269404;0.23899;-0.269348;-0.150705;0.166223;-0.150694;0.176048;-0.110917;0.153379;0.027037;-0.00427784;0.033497;-0.00297083;0.0661564;-0.00257797;0.90982;0;1;0;1;0;
85;0.227925;-0.240006;0.23544;-0.237493;0.219728;-0.23746;-0.199848;0.208917;-0.199837;0.214654;-0.150138;0.201416;0.0163404;-0.0024987;0.0195685;-0.00173541;0.0465945;-0.00150594;1;0;1;0;1;0;
86;0.189954;-0.19701;0.194343;-0.195542;0.185167;-0.195523;-0.229089;0.234389;-0.222825;0.23774;-0.177043;0.230009;0.00954643;-0.00145971;0.0114303;-0.00101399;0.02722;-0.000879964;1;0;1;0;1;0;
87;0.137763;-0.141883;0.140326;-0.141026;0.134967;-0.141015;-0.243125;0.247822;-0.224717;0.249779;-0.194885;0.245264;0.00557726;-0.000853008;0.0066758;-0.000592667;0.0158995;-0.000514396;1;0;1;0;1;0;
88;0.0662881;-0.0686943;0.0677849;-0.0681937;0.0646554;-0.0681872;-0.240198;0.250385;-0.223419;0.250478;-0.199235;0.251042;0.00325694;-0.00049871;0.00389838;-0.000346628;0.00928484;-0.000300919;1;0;1;0;1;0;
89;-0.0265802;0.0251752;-0.0257063;0.0254676;-0.0275334;0.0254713;-0.226031;0.232344;-0.216346;0.235188;-0.190869;0.235341;0.00190069;-0.000291807;0.0022757;-0.000202942;0.00541967;-0.000176256;1;0;1;0;1;0;
90;-0.123762;0.122941;-0.123252;0.123112;-0.124318;0.123114;-0.198382;0.209543;-0.198888;0.210797;-0.164828;0.209504;-0.00835283;-0.000170972;-0.00862972;-0.000118999;-0.00815581;-0.000103427;1;0;1;0;1;0;
91;-0.19924;0.198761;-0.198943;0.198861;-0.199566;0.198862;-0.150681;0.20199;-0.164309;0.202722;-0.139226;0.201967;-0.0109443;-0.000100344;-0.0078878;-6.9951e-05;-0.0189529;-6.08673e-05;1;0;1;0;1;0;
92;-0.247502;0.247221;-0.247328;0.247279;-0.247693;0.24728;-0.0988092;0.179896;-0.132477;0.180323;-0.0925704;0.179882;-0.0102478;-5.90863e-05;-0.00528089;-4.13116e-05;-0.0277091;-3.60047e-05;1;0;1;0;1;0;
93;-0.275227;0.275062;-0.275126;0.275096;-0.27534;0.275096;-0.048261;0.145313;-0.117619;0.145563;-0.0272943;0.145305;-0.0169998;-3.49666e-05;-0.00308449;-2.43938e-05;-0.0290221;-2.14476e-05;1;0;1;0.37648;1;0;
94;-0.289183;0.289085;-0.289124;0.289103;-0.289249;0.289105;0.0150907;0.0963813;-0.0802046;0.0965302;0.0158443;0.0963747;-0.0154803;-1.97109e-05;-0.00342657;0.00670293;-0.0274475;-1.29095e-05;1;1;1;1;1;0;
95;-0.299333;0.289064;-0.293241;0.285014;-0.314561;0.293191;0.0362751;0.0288323;-0.0193781;0.0289258;0.036711;0.028827;-0.00885006;0.0237196;-0.0044786;0.0328736;-0.016033;0.007804;1;0.54336;1;1;1;1;
96;-0.291783;0.263887;-0.288225;0.26756;-0.300676;0.278355;0.0925076;-0.0369953;0.0600081;-0.0544203;0.0927609;-0.0544776;-0.00516805;0.0683343;-0.00455168;0.0311341;-0.00936391;0.0198563;1;1;0.720769;1;0;1;
97;-0.274419;0.233609;-0.272342;0.260272;-0.279612;0.266576;0.154871;-0.098289;0.135892;-0.132622;0.155019;-0.132647;-0.00301852;0.0664116;-0.00265844;0.0258147;-0.00546893;0.0344805;0;1;1;1;0;1;
98;-0.246096;0.222261;-0.244883;0.237832;-0.249129;0.241515;0.201389;-0.144276;0.190305;-0.188389;0.201476;-0.188399;-0.00176324;0.0485748;-0.00155292;0.0179919;-0.00319428;0.020606;0;1;0;1;0;1;
