1;-0.000363587;0.000116064;9.94832e-05;-0.000363587;0.000116064;9.94834e-05;0.0349769;0.0347456;0.0352595;0.034977;0.0347457;0.0352595;0.808667;0.808665;0.808666;0.808667;0.808665;0.808666;0;0;0;0;0;0;
2;0.00188546;-0.0165201;-0.0130397;0.0393504;0.00253923;0.00115027;0.0871384;0.102982;0.146872;0.109409;0.115282;0.14676;0.472297;0.472309;0.472345;0.472392;0.472408;0.472396;1;1;1;1;1;1;
3;0.00254041;-0.0093138;-0.00602338;0.0225558;0.00978627;0.00815222;0.0509755;0.0630621;0.099851;0.0638128;0.068114;0.0856254;0.275831;0.275841;0.275868;0.275889;0.275903;0.275893;1;0.833298;1;0.946167;1;0.165462;
4;0.000708366;-0.00607382;-0.00395686;0.0125382;0.00695457;0.00412652;0.0297438;0.0368608;0.076895;0.049183;0.0662053;0.0500332;0.161087;0.161096;0.161119;0.161126;0.161136;0.161125;0.831833;1;1;1;1;0.652182;
5;0.00128982;-0.00442293;-0.00143479;0.00644664;0.00634913;0.00153382;0.0171156;0.0300189;0.0668211;0.0471908;0.0663096;0.0294741;0.0940749;0.0940825;0.0941007;0.0941027;0.0941105;0.094097;1;1;1;1;1;0.483893;
6;0.00186065;-0.00330507;0.00029816;0.00265784;0.00658401;-0.000211757;0.00933788;0.0279348;0.0647576;0.0455937;0.0663562;0.0178694;0.0549399;0.0549463;0.0549608;0.0549604;0.0549674;0.0549519;0.885075;1;1;0.977314;1;0.402099;
7;0.00367266;-0.00138404;0.00512858;0.000309271;0.00649577;-0.0013671;0.00415323;0.026485;0.0607175;0.0437785;0.0631123;0.0117349;0.0320855;0.0320905;0.0321028;0.032101;0.0321077;0.0320912;1;1;1;1;1;0;
8;0.00416632;-0.00188713;0.00606198;-0.000952576;0.00554849;-0.00193207;0.000285065;0.0263626;0.0555699;0.0435925;0.0603237;-0.00290472;0.0187386;0.0187425;0.0187532;0.0187507;0.0187574;0.0187409;1;1;1;1;1;0;
9;0.00297157;-0.000278732;0.0041204;0.000276945;0.0038629;-0.00189215;-0.00160454;0.0272569;0.0525776;0.0448568;0.0561672;-0.000332254;0.010944;0.0109472;0.0116187;0.010954;0.0207417;0.0109442;1;1;1;1;1;0;
10;0.000840201;0.000732598;0.00151156;0.00105718;0.00136121;-0.000209833;-0.00359191;0.0276852;0.0483362;0.0466974;0.0550252;0.00383398;0.00639222;0.00639454;0.0123641;0.00640051;0.0186399;0.00639105;1;0.969116;1;1;1;0;
11;-0.00315528;0.00407391;-0.00276265;0.00426359;-0.00285052;0.00352343;-0.0052689;0.0286777;0.0455939;0.048661;0.0530063;0.00804128;0.00373408;0.00373558;0.0134134;0.0041846;0.0200195;0.00373202;1;0.87835;1;1;1;0;
12;-0.0101422;0.0106788;-0.00991253;0.0107898;-0.00996384;0.0103574;-0.00546355;0.0306468;0.0426122;0.0501675;0.0497757;0.010892;0.002182;0.00218257;0.0120766;0.00553715;0.0224882;0.00217918;1;0.814611;1;1;1;0;
13;-0.0213809;0.0216944;-0.0212464;0.0217594;-0.0212763;0.0215067;-0.00566179;0.0294675;0.0391418;0.0512083;0.050141;0.0126656;0.00127567;0.00127555;0.0113133;0.00404369;0.0206737;0.0012723;1;0.770889;1;1;1;0;
14;-0.0379824;0.0381656;-0.0379035;0.0382038;-0.0379212;0.0380563;-0.00102442;0.0293092;0.0415985;0.0502406;0.0530447;0.0086336;0.000746498;0.000746111;0.0110213;0.00457574;0.0198423;0.000742705;1;0.869455;1;1;1;0;
15;-0.0602629;0.0603698;-0.0602159;0.0603921;-0.0602269;0.0603062;0.00455116;0.0241895;0.0558109;0.0409805;0.0615148;-0.0101595;0.000436934;0.000437754;0.0111127;0.00958048;0.0175713;0.000433426;1;1;1;1;1;0;
16;-0.0867098;0.0867697;-0.0866795;0.0867853;-0.0866881;0.0867349;0.0140927;0.0152591;0.0827009;0.0183325;0.0751744;-0.0173683;0.000255229;0.0092836;0.0119655;0.00930017;0.013071;0.000253588;0.814501;1;1;1;1;0.738008;
17;-0.113104;0.113138;-0.113085;0.113149;-0.113091;0.113118;0.0411071;-0.0125515;0.112349;-0.0221639;0.0939245;-0.0430166;0.000148756;0.0199445;0.00699095;0.0116889;0.00763527;0.0107226;0;1;1;1;0.838529;1;
18;-0.132792;0.132814;-0.132781;0.132819;-0.132785;0.132799;0.0855714;-0.0590031;0.127181;-0.0745023;0.116417;-0.0811727;8.65719e-05;0.0338939;0.00408465;0.0129416;0.00445858;0.02504;0;1;1;1;0;1;
19;-0.138307;0.178609;-0.1383;0.138323;-0.138303;0.13831;0.137757;-0.0984109;0.162057;-0.131289;0.15577;-0.131869;5.01759e-05;0.0384113;0.00238514;0.00756044;0.00260333;0.0286004;0;1;0.085462;1;0;1;
20;-0.123564;0.147106;-0.12356;0.123573;-0.123562;0.123565;0.182574;-0.144505;0.196765;-0.178795;0.193093;-0.1738;2.89923e-05;0.0376245;0.00139251;0.00441683;0.00151985;0.0263731;0;1;0;0.693316;0;1;
21;-0.084384;0.0981356;-0.0843817;0.0843888;-0.0843827;0.0843838;0.212944;-0.170989;0.221232;-0.210736;0.219088;-0.193213;1.65046e-05;0.0219789;0.000812765;0.00258075;0.000887048;0.0154078;0;1;0;1;0;1;
22;-0.0173041;0.0253378;-0.0173027;0.0173069;-0.0173034;0.0173042;0.229378;-0.182565;0.234217;-0.228086;0.232965;-0.202682;9.20829e-06;0.0128375;0.000474193;0.00150783;0.000517474;0.00900135;0;1;0;1;0;1;
23;0.0725457;-0.0678519;0.0725465;-0.072544;0.0725461;-0.0725449;0.229995;-0.175826;0.230242;-0.212943;0.229891;-0.198787;4.93712e-06;0.0074957;0.000276462;0.000880749;0.00030163;0.00525787;0;1;0;1;0;1;
24;0.159619;-0.156876;0.159619;-0.159617;0.159619;-0.159618;0.223017;-0.140133;0.223161;-0.178618;0.222956;-0.180711;2.42272e-06;-0.00733353;0.00016098;-0.00128974;0.000175574;0.00307148;0;1;0;1;0;1;
25;0.22249;-0.220889;0.22249;-0.222489;0.222491;-0.22249;0.203486;-0.0906428;0.20357;-0.134323;0.20345;-0.14758;9.92627e-07;-0.00628654;9.35716e-05;-0.00386228;0.000101949;0.00179438;0;1;0;1;0;1;
26;0.261127;-0.260192;0.261127;-0.261126;0.261128;-0.261127;0.17317;-0.0396148;0.173219;-0.0770698;0.173149;-0.1028;1.54916e-07;0.0145302;5.42058e-05;0.00943578;5.89808e-05;0.00104851;0;1;0;1;0;1;
27;0.282492;-0.281947;0.282492;-0.282491;0.282492;-0.282492;0.131592;0.023676;0.131621;-0.000290369;0.13158;-0.0488074;-3.30842e-07;0.0172411;3.12655e-05;0.0267466;3.39716e-05;-0.00753785;0;1;0;1;0;1;
28;0.292154;-0.291837;0.290897;-0.292153;0.292154;-0.292155;0.0749291;0.0590404;0.0749526;0.0619056;0.0749282;-0.026581;0.0172956;0.0239671;0.0217364;0.0225515;0.0178774;-0.00440239;1;1;1;1;1;0.909199;
29;0.291448;-0.295593;0.288444;-0.292301;0.288598;-0.292641;-0.000522111;0.0787608;-0.000494326;0.0804369;0.00942172;0.0287574;0.0101023;0.0139966;0.0370229;0.0131717;0.0516082;-0.00257125;0.726809;0;1;0.529561;1;0;
30;0.283016;-0.285438;0.257419;-0.283515;0.26358;-0.283713;-0.0853736;0.131067;-0.0853438;0.132046;-0.0529226;0.101865;0.00590276;0.00817375;0.0366402;0.00769164;0.0839817;-0.00150203;1;0;1;0;1;0;
31;0.262937;-0.264352;0.203141;-0.263229;0.251588;-0.263345;-0.156213;0.182901;-0.156186;0.183473;-0.125943;0.165847;0.00426642;0.00477301;0.0251271;0.00449146;0.0712983;-0.000877597;1;0;1;0;1;0;
32;0.231554;-0.232381;0.169931;-0.231725;0.224927;-0.231793;-0.203287;0.218875;-0.203265;0.219208;-0.167368;0.208915;0.00249297;0.00278695;0.0146779;0.00262248;0.0475397;-0.000513042;1;0;1;0;1;0;
33;0.1894;-0.189883;0.153412;-0.1895;0.185532;-0.18954;-0.231018;0.240122;-0.231;0.240317;-0.202869;0.234305;0.00145549;0.00162705;0.00857208;0.0015311;0.0277665;-0.000300099;1;0;1;0;1;0;
34;0.133845;-0.134126;0.112827;-0.133903;0.131586;-0.133926;-0.245635;0.250952;-0.238942;0.251066;-0.194924;0.247555;0.000848923;0.000949705;0.0050035;0.000893547;0.0162172;-0.000175867;1;0;1;0;1;0;
35;0.0591335;-0.0592974;0.0468595;-0.0591671;0.0578139;-0.0591807;-0.244258;0.250466;-0.238167;0.247127;-0.184973;0.247229;0.000493855;0.000554151;-0.00679162;0.000521248;0.00947221;-0.000103279;1;0;1;0;1;0;
36;-0.0359473;0.035852;-0.0431152;0.0359277;-0.0367176;0.0359198;-0.229279;0.227848;-0.219091;0.234012;-0.171479;0.234378;-0.0111635;0.000323101;-0.0200955;0.000303815;0.00553153;-6.09172e-05;1;0;1;0;1;0;
37;-0.132224;0.132169;-0.13641;0.132213;-0.132674;0.132208;-0.198013;0.200943;-0.197928;0.211987;-0.146045;0.202668;-0.00652113;0.000188193;-0.0117364;0.000176921;-0.0136877;-3.59049e-05;1;0;1;0;1;0;
38;-0.205031;0.204998;-0.207475;0.205023;-0.205293;0.205021;-0.149944;0.167376;-0.153841;0.201764;-0.0851073;0.174554;-0.00380992;0.000109422;-0.00685338;0.00010279;0.0194944;-2.16274e-05;1;0;1;0;1;0;
39;-0.250962;0.250942;-0.252388;0.250956;-0.251114;0.250955;-0.0988183;0.157698;-0.113456;0.177781;-0.0245125;0.16189;-0.00958092;6.35102e-05;-0.00220228;5.95611e-05;0.0391573;-1.30731e-05;1;0;1;0;1;0;
40;-0.277089;0.277075;-0.27792;0.277084;-0.277176;0.277083;-0.0181576;0.12982;-0.0425857;0.14155;0.0179605;0.132268;0.022317;3.67107e-05;0.00562304;0.00255628;0.038318;-8.14775e-06;1;0;1;0.553694;1;0;
41;-0.289955;0.289947;-0.29044;0.289951;-0.290006;0.289951;0.0465458;0.0838687;0.0328886;0.0907226;0.0448765;0.0852992;0.0288206;0.00203509;0.022783;0.00924336;0.0223838;0.0045578;1;0.690359;1;1;1;1;
42;-0.293163;0.292309;-0.293447;0.29316;-0.293193;0.29316;0.0594936;0.0170568;0.0511424;0.0210566;0.0663152;0.0178912;0.0168324;0.0348561;0.0133073;0.0118832;0.0130731;0.0200135;0.820449;1;1;1;0.386191;1;
43;-0.287144;0.286645;-0.287309;0.287141;-0.287161;0.284247;0.110041;-0.0653167;0.105165;-0.062997;0.114025;-0.0648354;0.00982962;0.0482003;0.0077713;0.0115587;0.00763421;0.0660568;0;1;0.0225019;0.8726;0;1;
44;-0.270065;0.269777;-0.270162;0.270063;-0.270076;0.268373;0.166858;-0.140441;0.164011;-0.139384;0.169185;-0.140226;0.00574012;0.0342803;0.00453799;0.00675237;0.00445793;0.0713054;0;1;0;0.532437;0;1;
45;-0.241493;0.241324;-0.24155;0.241491;-0.241499;0.240504;0.208779;-0.193342;0.207116;-0.192732;0.210138;-0.193218;0.00335183;0.0200212;0.00264984;0.00394551;0.00260287;0.0416468;0;1;0;1;0;1;
46;-0.202303;0.202205;-0.202336;0.202302;-0.202307;0.201725;0.234408;-0.223983;0.233437;-0.225035;0.235202;-0.220565;0.00195704;0.01169;0.00154709;0.00230543;0.00151949;0.0243244;0;1;0;0.932449;0;1;
47;-0.150865;0.150808;-0.150884;0.150864;-0.150867;0.150527;0.248177;-0.221821;0.24761;-0.242702;0.24864;-0.221982;0.00114246;-0.0120383;0.000903041;0.00134707;0.000886741;0.0142066;0;1;0;1;0;1;
48;-0.081984;0.0819519;-0.0819953;0.0819836;-0.0819854;0.0817871;0.252433;-0.21747;0.251542;-0.244689;0.25174;-0.22065;0.000666764;-0.011965;0.000526905;0.000786754;0.000517232;0.00829786;0;1;0;1;0;1;
49;0.00835559;-0.00837375;0.00834899;-0.00835576;0.00835504;-0.00847049;0.240217;-0.197646;0.240623;-0.22646;0.234028;-0.213926;0.000388931;-0.0145083;0.000307248;0.000459384;0.000301421;0.00484694;0;1;0;0.873559;0;1;
50;0.107334;-0.107345;0.10733;-0.107334;0.107334;-0.107401;0.212443;-0.165774;0.211408;-0.201244;0.210997;-0.199272;0.00022671;-0.0109599;0.000179001;0.000268596;0.000175401;0.00283159;0;1;0;1;0;1;
51;0.187852;-0.187859;0.18785;-0.187852;0.187852;-0.187891;0.194756;-0.121444;0.175916;-0.150696;0.175928;-0.168444;0.000132074;-0.0117459;0.000104263;-0.00187343;0.000101859;0.00165469;0;1;0;1;0;1;
52;0.240616;-0.240622;0.240615;-0.240617;0.240617;-0.240639;0.178978;-0.061469;0.167976;-0.0989469;0.167983;-0.132164;7.66845e-05;-0.0074132;6.0427e-05;0.00648367;5.89525e-05;0.000967282;0;1;0;1;0;1;
53;0.271439;-0.271445;0.271439;-0.27144;0.27144;-0.271453;0.148945;-0.0142149;0.142519;-0.0283224;0.142523;-0.0763597;4.4627e-05;0.0217939;3.49416e-05;0.0216548;3.39113e-05;0.000565663;0.0659941;1;0;1;0;1;
54;0.287466;-0.287473;0.287466;-0.287468;0.287467;-0.287475;0.104183;0.0419151;0.100425;0.0263922;0.100427;0.011509;0.00652772;0.0182574;2.01315e-05;0.0234931;1.93471e-05;0.0216301;1;1;0;1;0;1;
55;0.293158;-0.293162;0.291802;-0.293159;0.293158;-0.293163;0.0408837;0.0707219;0.0386948;0.0744108;0.0386957;0.0806901;0.00628872;0.0106643;0.0370062;0.0137223;0.0244312;0.0126352;1;0.956449;1;0.784674;1;1;
56;0.289812;-0.289815;0.277064;-0.289813;0.289813;-0.289816;-0.0402652;0.105444;-0.041533;0.107599;-0.0415284;0.111267;0.00584885;0.00622751;0.0279894;0.00801339;0.0322552;0.00737933;1;0;1;0;1;0.293293;
57;0.275954;-0.275956;0.268509;-0.275955;0.275955;-0.275957;-0.120859;0.158925;-0.121589;0.160183;-0.121582;0.162325;0.00341723;0.00363644;0.0192116;0.00467937;0.0404319;0.00430906;1;0;1;0;1;0;
58;0.250435;-0.250437;0.246087;-0.250436;0.250434;-0.250437;-0.180665;0.202898;-0.181087;0.203632;-0.170221;0.204883;0.00199686;0.00212331;0.0112209;0.00273217;0.0352867;0.00251596;1;0;1;0;1;0;
59;0.214178;-0.214179;0.211639;-0.214179;0.214178;-0.214179;-0.218015;0.230999;-0.218257;0.231428;-0.190339;0.232159;0.00116632;0.00123954;0.006552;0.00159507;0.0206106;0.00146875;1;0;1;0;1;0;
60;0.166496;-0.166496;0.165014;-0.166496;0.166496;-0.166496;-0.239069;0.246653;-0.239209;0.246904;-0.195206;0.24733;0.00068107;0.000723412;0.00382347;0.000930972;0.0120383;0.000857167;1;0;1;0;1;0;
61;0.103062;-0.103062;0.102197;-0.103062;0.103062;-0.103062;-0.245716;0.253631;-0.236418;0.253777;-0.195426;0.254026;0.000397587;0.000421977;-0.00674066;0.000543079;0.00703192;0.000499945;1;0;1;0;1;0;
62;0.0184142;-0.0184142;0.0179095;-0.0184142;0.0184142;-0.0184144;-0.231469;0.238469;-0.228242;0.243872;-0.183329;0.244515;0.000231311;0.000245929;-0.00830865;0.000316586;0.00410796;0.000291387;1;0;1;0;1;0;
63;-0.0808903;0.0808905;-0.0811848;0.0808903;-0.0808905;0.0808903;-0.208787;0.219726;-0.214158;0.218602;-0.159947;0.221622;-0.00244314;0.000143105;-0.0111648;0.000184374;0.0151171;0.000169645;1;0;1;0;1;0;
64;-0.168493;0.168493;-0.168665;0.168493;-0.168493;0.168493;-0.171267;0.188;-0.173268;0.187101;-0.102501;0.188678;-0.00727257;8.30764e-05;-0.00652;0.000107124;0.0204923;9.851e-05;1;0;1;0;1;0;
65;-0.228616;0.228615;-0.228716;0.228615;-0.228615;0.228615;-0.114837;0.180061;-0.138288;0.179536;-0.0651025;0.180457;-0.00424627;4.8081e-05;-0.00380668;6.20586e-05;0.0207914;5.70148e-05;1;0;1;0;1;0;
66;-0.264693;0.264692;-0.26475;0.264691;-0.264692;0.264691;-0.0611978;0.155796;-0.0934163;0.155489;-0.011103;0.156027;0.00489887;2.76529e-05;0.000543296;3.5792e-05;0.0375986;3.28379e-05;1;0;1;0;1;0;
67;-0.284219;0.284217;-0.284251;0.284216;-0.284217;0.284217;0.0136426;0.11654;-0.0131906;0.116365;0.0271347;0.116675;0.0318847;1.57479e-05;0.0131109;0.00687437;0.026509;1.87356e-05;1;0;1;0.936248;1;0;
68;-0.29249;0.292489;-0.292509;0.292488;-0.292489;0.292488;0.0635652;0.0594113;0.0617421;0.0593085;0.0588408;0.0594896;0.018624;0.0201081;0.0154712;0.00909415;0.0154854;0.0151363;1;1;1;1;1;1;
69;-0.291687;0.286309;-0.291709;0.285842;-0.29176;0.283859;0.089221;-0.0164642;0.0881586;-0.0174584;0.0864618;-0.0173461;0.0108761;0.0470868;0.00903594;0.0106734;0.00904325;0.0261442;0;1;1;0.995696;0;1;
70;-0.280941;0.280339;-0.280954;0.277527;-0.280985;0.259893;0.14249;-0.0999806;0.14187;-0.10058;0.140879;-0.0971213;0.00635123;0.0418242;0.0052766;0.00623537;0.00528079;0.0627754;0;1;0;0.438186;0;1;
71;-0.258578;0.258227;-0.258585;0.256583;-0.258603;0.246285;0.191319;-0.165851;0.190956;-0.166842;0.190378;-0.164813;0.00370874;0.0256358;0.00308107;0.00364387;0.00308351;0.0366668;0;1;0;0.704128;0;1;
72;-0.225212;0.225007;-0.225216;0.224047;-0.225227;0.218032;0.224053;-0.209171;0.223841;-0.209756;0.223503;-0.208566;0.00216548;0.0149704;0.00179898;0.00212971;0.00180018;0.0214164;0;1;0;0.975181;0;1;
73;-0.180948;0.180829;-0.180951;0.180267;-0.180957;0.176755;0.242967;-0.221712;0.242843;-0.234616;0.242646;-0.228485;0.00126423;-0.0015193;0.00105015;0.00124462;0.00105068;0.0125087;0;1;0;0.914012;0;1;
74;-0.12247;0.122401;-0.122471;0.122072;-0.122475;0.120021;0.252208;-0.22242;0.252136;-0.24733;0.252021;-0.223773;0.000737847;-0.0138906;0.000612824;0.000727386;0.000612961;0.00730615;0;1;0;0.876658;0;1;
75;-0.0438947;0.0438554;-0.0438957;0.0436627;-0.0438978;0.042465;0.248674;-0.211127;0.247454;-0.237766;0.247149;-0.218875;0.000430462;-0.0136402;0.00035742;0.00042473;0.000357331;0.0042678;0;1;0;1;0;1;
76;0.053448;-0.0534714;0.0534496;-0.0535855;0.0534484;-0.054285;0.233877;-0.193123;0.232552;-0.21852;0.22451;-0.202885;0.000251815;-0.0166625;0.000208313;0.000248356;0.000208034;0.00249333;1;1;0;1;0;1;
77;0.146922;-0.146936;0.146925;-0.147004;0.146924;-0.147412;0.235628;-0.163413;0.225427;-0.193851;0.194654;-0.171005;0.000148411;-0.00973333;0.00012121;0.00014535;0.000120903;0.00145729;1;1;0;1;0;1;
78;0.214775;-0.214784;0.214778;-0.214824;0.214778;-0.215062;0.212672;-0.121486;0.206708;-0.15129;0.159097;-0.127776;0.00547648;-0.00642866;7.03323e-05;8.54217e-05;7.00348e-05;0.00682839;1;1;0;1;0;1;
79;0.256703;-0.256708;0.256704;-0.256731;0.256704;-0.256869;0.180665;-0.078612;0.177174;-0.108124;0.149369;-0.0721258;0.0095139;0.00925377;4.06519e-05;5.09239e-05;4.03696e-05;0.0114192;1;1;0;1;0;1;
80;0.280132;-0.280135;0.280131;-0.280146;0.280131;-0.280227;0.13873;-0.018894;0.136682;-0.0939997;0.120444;0.00266329;0.00832626;0.0203019;2.33222e-05;3.05854e-05;2.3126e-05;0.0222171;1;1;0;1;0;1;
81;0.291152;-0.291152;0.29115;-0.291158;0.29115;-0.291204;0.0828804;0.0230672;0.0816794;-0.0567464;0.072192;0.0790945;0.00827332;0.0118583;0.00760153;1.85893e-05;1.30541e-05;0.0337622;1;1;1;1;0;1;
82;0.308266;-0.292935;0.279568;-0.291404;0.305116;-0.285727;0.00870033;0.0531784;0.00800231;0.00657122;0.00245751;0.145822;0.0117623;0.0069249;0.0355783;1.1267e-05;0.0176186;0.019723;1;0;1;0.730846;1;1;
83;0.294046;-0.285093;0.260477;-0.284198;0.292208;-0.280883;-0.0765702;0.11271;-0.0769695;0.085492;-0.0802054;0.166818;0.0106093;0.00404375;0.0288333;6.33607e-06;0.0300572;0.0115201;1;0;1;0;1;0.834589;
84;0.27116;-0.265931;0.251556;-0.265409;0.270089;-0.263473;-0.149842;0.170948;-0.150065;0.155053;-0.151951;0.202547;0.0061971;0.00236115;0.0173753;3.32918e-06;0.0180592;0.00672722;0.981585;0;1;0;1;0;
85;0.238518;-0.235465;0.227071;-0.23516;0.237895;-0.234029;-0.19935;0.211677;-0.199474;0.202394;-0.200572;0.23013;0.00361998;0.00137848;0.010148;1.52694e-06;0.0105492;0.00392816;1;0;1;0;1;0;
86;0.196141;-0.194358;0.189458;-0.19418;0.195778;-0.19352;-0.228801;0.236001;-0.22887;0.23058;-0.203648;0.246778;0.00211424;0.000804561;0.00592477;4.28427e-07;0.00616176;0.0022935;1;0;1;0;1;0;
87;0.141376;-0.140335;0.137474;-0.140231;0.141166;-0.139845;-0.244558;0.248764;-0.233129;0.245598;-0.20353;0.255057;0.00123461;0.000469372;0.00345773;-2.87963e-07;0.003599;0.0013388;1;0;1;0;1;0;
88;0.0683985;-0.0677903;0.0661209;-0.0677296;0.0682767;-0.0675044;-0.243026;0.250401;-0.220484;0.25109;-0.195378;0.250767;0.000720634;0.000273591;0.00134565;-6.9517e-07;0.00210197;0.000781304;1;0;1;0;1;0;
89;-0.0253477;0.0257028;-0.0266768;0.0257384;-0.0254173;0.0258699;-0.223882;0.231258;-0.209596;0.236662;-0.178158;0.236696;0.000420641;0.000159237;-0.000792696;-9.57341e-07;0.001228;0.000455728;1;0;1;0;1;0;
90;-0.123041;0.123249;-0.123817;0.12327;-0.123081;0.123347;-0.196151;0.208576;-0.192004;0.209963;-0.147423;0.209608;-0.00298596;9.24472e-05;-0.00765422;-1.06666e-06;0.000718153;0.000265631;1;0;1;0;1;0;
91;-0.198819;0.198941;-0.199273;0.198953;-0.198841;0.198998;-0.1527;0.201425;-0.155456;0.202235;-0.10128;0.202028;-0.00174327;5.34802e-05;-0.00446875;-1.10613e-06;0.0163753;0.000154629;1;0;1;0;1;0;
92;-0.247254;0.247326;-0.24752;0.247333;-0.247266;0.247359;-0.098019;0.179566;-0.116869;0.180039;-0.0466952;0.179918;-0.00568111;3.0741e-05;0.00136154;-1.12922e-06;0.0222392;8.97991e-05;1;0;1;0;1;0;
93;-0.275081;0.275123;-0.275236;0.275127;-0.275087;0.275142;-0.0212742;0.14512;-0.0639271;0.145396;0.00897779;0.145327;0.0169091;1.75001e-05;0.0055716;-1.12106e-06;0.0315554;5.2724e-05;1;0;1;0;1;0.648135;
94;-0.289095;0.289119;-0.289186;0.289123;-0.291561;0.289132;0.0378051;0.0962727;-0.0488515;0.0964285;0.0417737;0.0963945;0.0216249;1.17907e-05;0.00325428;-8.62446e-07;0.0211266;0.00952974;1;1;0.513145;0.31059;1;1;
95;-0.293223;0.291662;-0.293276;0.293239;-0.294664;0.293245;0.0884738;0.0287762;-0.00107299;0.0288576;0.0780289;0.0288494;0.0126313;0.00547695;0.00190048;4.61153e-07;0.0123384;0.0241731;1;1;0.396372;0.535406;0.545022;1;
96;-0.288214;0.252491;-0.288245;0.288224;-0.289056;0.288228;0.122991;-0.054501;0.0706956;-0.0544675;0.11689;-0.0544622;0.00737625;0.0307589;0.00110964;0.00286611;0.00720513;0.0210113;0;1;0;0.765032;0;1;
97;-0.272335;0.221391;-0.272353;0.27234;-0.272827;0.272343;0.172673;-0.132659;0.142133;-0.132652;0.16911;-0.132645;0.00430711;0.0224731;0.000647685;0.0089958;0.00420743;0.0122739;0;1;0;1;0;1;
98;-0.244879;0.247204;-0.24489;0.244882;-0.245166;0.244884;0.211786;-0.180261;0.19395;-0.188412;0.209705;-0.188399;0.002515;0.0252822;0.000377731;0.00650626;0.00245667;0.00717138;0;1;0;0.687987;0;1;
