1;-0.000363588;0.000116064;9.94837e-05;-0.000363587;0.000116064;9.94837e-05;0.0349769;0.0347456;0.0352595;0.0349769;0.0347456;0.0352595;0.808667;0.808665;0.808666;0.808667;0.808665;0.808666;0;0;0;0;0;0;
2;-0.0129254;-0.0185455;-0.0155211;0.0118402;0.0171509;0.0118635;0.281349;0.272731;0.139721;0.181774;0.191878;0.277686;0.472439;0.472441;0.472335;0.472353;0.472373;0.472482;1;1;1;1;1;1;
3;0.035085;0.0270842;-0.00863883;-0.0130276;-0.00840155;-0.033421;0.168074;0.162193;0.0816801;0.106074;0.112146;0.168655;0.275941;0.27594;0.275852;0.275873;0.275887;0.275973;1;0.707222;0;0;0;1;
4;0.0411052;0.017205;-0.00441046;-0.0239792;-0.00427126;-0.0512014;0.133244;0.0947521;0.0476722;0.0619781;0.065464;0.128535;0.161171;0.161157;0.161097;0.161119;0.16112;0.161193;1;0.577843;0;0.32714;0;1;
5;0.0248819;0.00917089;-0.00169937;-0.0206584;-0.0119978;-0.0307774;0.111178;0.0555954;0.0275834;0.0395286;0.0379767;0.0906462;0.094141;0.0941204;0.0940795;0.0940991;0.0940969;0.0941482;1;1;0;0.502741;0.125654;1;
6;0.0156369;0.00424752;0.000115147;-0.0131729;-0.0075587;-0.0187906;0.102878;0.0331278;0.0154491;0.023744;0.0215229;0.0796865;0.0549908;0.0549679;0.0549414;0.0549556;0.0549564;0.0549882;1;0.943199;0;0.423601;0.270173;1;
7;0.00645933;-0.000436424;0.00131065;-0.00893689;-0.0055272;0.02345;0.0896834;0.0206487;0.00772002;0.0151678;0.0112709;0.076709;0.0398918;0.0321019;0.032085;0.032095;0.0320974;0.0321172;1;0.920941;0;0.358656;0.498838;1;
8;-0.00668501;-0.0128163;0.00510444;-0.0105804;-0.00577667;0.0226974;0.0748262;0.0226757;-0.0073828;0.0132873;0.00527578;0.0716101;0.0284581;0.0187478;0.0187372;0.0187448;0.0187466;0.0187599;1;1;0;0.40392;0.609039;1;
9;-0.012529;-0.00838151;0.00351949;-0.00717733;-0.00783142;0.0232329;0.0749371;0.0190286;-0.0224881;0.0123276;0.00179587;0.0719548;0.0284685;0.0109488;0.0109421;0.0109476;0.0109494;0.0109583;1;0.884105;0;0.315846;0.69119;1;
10;-0.014933;-0.00458478;0.00116018;-0.00500271;-0.00931221;0.0284206;0.0665684;0.0249311;-0.0212035;0.0145224;-0.00116953;0.0718923;0.0235337;0.00639377;0.00638979;0.00639453;0.00639551;0.00640165;1;1;0;0.321121;0.801582;1;
11;-0.0192708;0.000967152;-0.00296846;0.00072293;-0.0153259;0.0356965;0.060278;0.0332785;-0.0249635;0.0153691;-0.00271157;0.0759977;0.0231778;0.00373382;0.00373128;0.00373546;0.00373579;0.00374046;1;1;0;0.328678;0.914712;1;
12;-0.0264188;0.0088629;-0.0100333;0.00872024;-0.0267664;0.0451206;0.053529;0.0374147;-0.0287165;0.0173258;-0.0033387;0.0787539;0.025161;0.00218057;0.00217873;0.00218256;0.00218255;0.00218664;1;1;0;0.352586;1;1;
13;-0.0308872;0.0206317;-0.0213174;0.0205489;-0.0310903;0.0637698;0.0498278;0.0376708;-0.0298374;0.0189482;-0.00384937;0.0763285;0.0207974;0.00127332;0.00127207;0.00127563;0.0012752;0.0012793;1;1;0;0.266477;1;1;
14;-0.0435346;0.0375424;-0.0379458;0.037495;-0.0436533;0.0891635;0.0480821;0.0341822;-0.0253779;0.0185302;-0.00216976;0.0672632;0.018638;0.000743127;0.000742574;0.000746119;0.000744507;0.00140161;1;1;0;0.259751;1;1;
15;-0.0635053;0.0600032;-0.0602417;0.0599768;-0.0635751;0.118248;0.051871;0.028032;-0.015957;0.0119569;0.0112681;0.0513336;0.0143282;0.000434324;0.000433329;0.000436777;0.00043402;0.00149065;1;1;0;0.313615;1;1;
16;-0.0886028;0.0865553;-0.0866975;0.0865396;-0.0886435;0.153522;0.0678154;0.017099;0.00211525;-0.00445041;0.0180164;0.0197704;0.0102118;0.00418706;0.000252714;0.000880332;0.00025236;0.00183366;1;1;0;0.578189;0.825467;1;
17;-0.114209;0.113011;-0.113097;0.113002;-0.114233;0.182465;0.0902915;-0.0100675;0.0341123;-0.0354729;0.0433978;-0.0213242;0.00596507;0.0131922;0.000147224;0.00404206;-0.0013784;0.00144326;0.822482;1;0;0.951864;0.302477;1;
18;-0.133437;0.132735;-0.132788;0.132731;-0.133451;0.187262;0.114295;-0.0674311;0.0814864;-0.0822773;0.0869092;-0.0740129;0.00348317;0.0200268;8.55678e-05;0.0050741;-0.000805255;0.00084246;0;1;0;0.747785;0;1;
19;-0.138684;0.136833;-0.138305;0.137888;-0.138692;0.170121;0.154531;-0.127152;0.135371;-0.13583;0.138538;-0.131003;0.00203366;0.015233;4.95196e-05;0.00451424;-0.000470588;-0.00479076;0;1;0;0.732271;0;1;
20;-0.123784;0.122701;-0.123562;0.123318;-0.123789;0.142147;0.19237;-0.176211;0.18118;-0.181446;0.18303;-0.178627;0.00118711;0.00934982;2.83867e-05;0.0026371;-0.000275197;-0.0193794;0;1;0;0.785881;0;1;
21;-0.0845121;0.0838777;-0.0843828;0.084239;-0.0845145;0.095238;0.218665;-0.209222;0.212131;-0.212284;0.213211;-0.21064;0.000692718;0.00545883;1.60101e-05;0.00137395;-0.000161096;-0.0160537;0;1;0;0.849256;0;1;
22;-0.0173786;0.0170054;-0.0173031;0.0172187;-0.01738;0.0236447;0.232718;-0.201848;0.228902;-0.228991;0.229533;-0.228033;0.00040391;-0.0083845;8.73395e-06;0.000157044;-9.45042e-05;-0.0201481;0;1;0;1;0;1;
23;0.0725026;-0.0727225;0.0725467;-0.0725964;0.0725017;-0.0688415;0.228484;-0.187728;0.229274;-0.222024;0.230073;-0.244254;0.00023535;-0.00489873;4.54017e-06;-0.0065019;-5.5619e-05;-0.0201862;0;1;0;1;0;1;
24;0.159594;-0.159725;0.15962;-0.159649;0.159594;-0.157456;0.217081;-0.166296;0.222596;-0.184977;0.223063;-0.231348;0.000136879;-0.0118422;2.06129e-06;-0.00901437;-3.28969e-05;-0.0224564;0;1;0;1;0;1;
25;0.222476;-0.222556;0.222491;-0.222509;0.222476;-0.221228;0.200019;-0.121315;0.20324;-0.146452;0.203512;-0.208354;7.93738e-05;-0.0226979;6.47455e-07;-0.0114217;-1.96655e-05;-0.0160554;0;1;0;1;0;1;
26;0.261117;-0.261169;0.261128;-0.26114;0.261119;-0.260391;0.171148;-0.0845281;0.173026;-0.0755487;0.173185;-0.176015;4.70457e-05;-0.0132574;-1.52851e-07;-0.0114054;-1.18688e-05;-0.0152566;0.791311;1;0;1;0;1;
27;0.282484;-0.282519;0.282493;-0.282501;0.282488;-0.282064;0.130418;-0.0405631;0.131508;-0.0341528;0.131601;-0.133255;0.0115079;-0.0113153;-6.11806e-07;-0.00666035;-7.24803e-06;-0.017094;1;1;0;1;0;1;
28;0.292147;-0.292173;0.292155;-0.292159;0.292152;-0.291905;0.074252;-0.0217652;0.0748768;0.000560807;0.0749318;-0.0758958;0.0216044;-0.00660978;-8.48564e-07;-0.00388804;-4.46582e-06;-0.0144537;1;1;0;1;0;1;
29;0.272527;-0.309677;0.297163;-0.295435;0.282323;-0.299487;-0.000903025;0.0315692;-0.000556743;0.0446084;-0.000517075;-5.12673e-05;0.0388299;-0.00467836;-8.63497e-07;-0.00227087;0.0216075;-0.0175197;1;0.494181;0;0;0.589947;1;
30;0.259915;-0.293662;0.286353;-0.285345;0.273493;-0.287712;-0.0855861;0.103507;-0.0853944;0.111123;-0.0853616;0.085056;0.0276994;-0.00273262;-1.49477e-07;-0.00132645;0.0396999;-0.0106056;1;0;1;0;1;1;
31;0.249072;-0.269155;0.264886;-0.264298;0.257377;-0.265682;-0.156333;0.166806;-0.156222;0.171254;-0.152208;0.156032;0.0234873;-0.00159627;0.00655857;-0.000775016;0.0500196;-0.00619625;1;0;1;0;1;1;
32;0.223456;-0.235186;0.232692;-0.232349;0.228309;-0.23316;-0.203353;0.209475;-0.203287;0.212073;-0.192792;0.203182;0.0180617;-0.000932802;0.00528135;-0.000452913;0.0292177;-0.00362109;1;0;1;0;1;0.636819;
33;0.184671;-0.191521;0.190065;-0.189864;0.187507;-0.19034;-0.231054;0.234632;-0.228045;0.236149;-0.219254;0.230957;0.0105521;-0.000545343;0.00308525;-0.000264848;0.0170622;-0.00211587;1;0;1;0;1;0.360738;
34;0.131083;-0.135083;0.134234;-0.134116;0.132742;-0.134397;-0.240727;0.247746;-0.234025;0.248632;-0.221911;0.245599;0.00616532;-0.000319108;0.00180085;-0.000155073;-0.0137284;-0.00258464;1;0;1;0;1;0.453105;
35;0.057521;-0.0598566;0.0593614;-0.0592916;0.0584916;-0.0594577;-0.234125;0.249864;-0.229;0.250262;-0.233607;0.248705;0.00360263;-0.000187012;0.000192287;-9.09464e-05;-0.030314;-0.00151038;1;0;1;0;1;0.271739;
36;-0.0368885;0.0355251;-0.035814;0.0358552;-0.0363176;0.0357516;-0.215445;0.229936;-0.225103;0.232626;-0.230119;0.23593;0.00412021;-0.000109909;-0.00472589;-5.34976e-05;-0.0411852;-0.000882318;1;0;1;0;1;0;
37;-0.132773;0.131978;-0.132146;0.13217;-0.132441;0.13211;-0.192175;0.203938;-0.203329;0.209854;-0.207329;0.21558;0.00240657;-6.48652e-05;-0.0150293;-3.16105e-05;-0.0455182;-0.000515513;1;0;1;0;1;0;
38;-0.20535;0.204887;-0.204984;0.204998;-0.205158;0.204963;-0.148754;0.187783;-0.17204;0.200519;-0.174171;0.203862;0.00140596;-3.84313e-05;-0.00877902;-1.87356e-05;-0.0568177;-0.000301445;1;0;1;0;1;0;
39;-0.251146;0.250877;-0.250934;0.250942;-0.251038;0.250921;-0.0975781;0.169615;-0.160422;0.177053;-0.133749;0.179006;-0.0044704;-2.31242e-05;-0.00512814;-1.12699e-05;-0.0554638;-0.000176369;1;0;1;0;1;0;
40;-0.277195;0.277037;-0.277071;0.277075;-0.277134;0.277063;-0.0393127;0.136779;-0.131411;0.141123;-0.104029;0.142264;0.0104311;-1.40728e-05;-0.00304265;-6.90494e-06;-0.0338446;-0.000103326;1;0;1;0;1;0;
41;-0.290017;0.289924;-0.289945;0.289946;-0.290619;0.289938;0.0531471;0.0879315;-0.0847975;0.0904677;-0.068803;0.0911361;0.0198418;0.00179256;-0.00634167;-4.31864e-06;-0.0328456;0.00568603;1;0.402443;1;0;1;0.527131;
42;-0.294016;0.268987;-0.293158;0.286071;-0.309605;0.289717;0.0874817;0.0347736;-0.0175917;0.0209051;-0.00824951;0.0213001;0.011588;0.0450557;-0.00432978;0.0128628;-0.0282768;0.0152246;0.428517;1;0;0.513901;1;1;
43;-0.287642;0.244349;-0.28714;0.269525;-0.296746;0.287578;0.126386;-0.0548391;0.0650231;-0.0630824;0.0704788;-0.0628465;0.00676676;0.0613115;-0.00252901;0.0238849;-0.0165152;0.0202063;0;1;0;0.92227;0;1;
44;-0.270356;0.229374;-0.270063;0.259775;-0.275673;0.27032;0.176404;-0.123512;0.140568;-0.139429;0.143754;-0.139286;0.0039513;0.0505278;-0.00147736;0.0172268;-0.0096452;0.0266961;0;1;0;0.967486;0;1;
45;-0.241663;0.217728;-0.241492;0.235483;-0.244768;0.241643;0.214354;-0.168734;0.193426;-0.192758;0.195287;-0.19267;0.00230696;0.0339902;-0.000863309;0.0100631;-0.00563308;0.0155917;0;1;0;1;0;1;
46;-0.202403;0.188423;-0.202303;0.198793;-0.204215;0.202392;0.237664;-0.189355;0.225442;-0.22505;0.226529;-0.224996;0.00134668;0.0198563;-0.000504773;0.0058772;-0.0032901;0.0045896;0;1;0;1;0;1;
47;-0.150923;0.142758;-0.150865;0.148815;-0.151981;0.150918;0.250078;-0.192584;0.242941;-0.24271;0.243575;-0.242679;0.000785794;0.0116003;-0.000295405;0.0034315;-0.00192176;-0.00844717;0;1;0;1;0;1;
48;-0.0820181;0.0772489;-0.0819841;0.0807872;-0.082636;0.0820156;0.243984;-0.184768;0.248111;-0.244892;0.250979;-0.244455;0.000458198;0.0113091;-0.000173209;0.00200214;-0.00112271;-0.0130351;0;1;0;1;0;1;
49;0.00833568;-0.0111216;0.00835556;-0.00905441;0.0079751;-0.00833647;0.239929;-0.182665;0.238157;-0.23554;0.234751;-0.238242;0.000266997;0.0108807;-0.000101751;-0.00384842;-0.000656086;-0.0145703;0;1;0;1;0;1;
50;0.107323;-0.10895;0.107334;-0.107742;0.107112;-0.107323;0.215901;-0.146217;0.214923;-0.210402;0.216197;-0.220038;0.000155243;0.00635592;-6.01112e-05;-0.0106369;-0.000383527;-0.0156931;0;1;0;1;0;1;
51;0.187845;-0.188796;0.187852;-0.188091;0.187723;-0.187846;0.207806;-0.115853;0.207062;-0.164208;0.208627;-0.203778;9.00926e-05;0.00211365;-3.56511e-05;-0.00956126;-0.000224373;-0.00916684;0;1;0;1;0;1;
52;0.240613;-0.24117;0.240617;-0.240757;0.240541;-0.240614;0.186599;-0.0765129;0.186165;-0.114246;0.187079;-0.184248;5.20027e-05;0.0047265;-2.14229e-05;-0.0103486;-0.000131418;-0.00583193;0;1;0;1;0;1;
53;0.271438;-0.271766;0.27144;-0.271524;0.271395;-0.271439;0.153395;-0.0342854;0.153142;-0.0669555;0.153675;-0.152024;2.98683e-05;0.00275955;-1.30213e-05;-0.010371;-7.71002e-05;-0.0168823;0;1;0;1;0;1;
54;0.287465;-0.287661;0.287467;-0.287518;0.287441;-0.287468;0.106776;0.036449;0.106628;0.00598169;0.10694;-0.10598;1.69845e-05;-0.0164767;-8.09484e-06;-0.0200494;-4.5348e-05;-0.0192932;0;1;0;1;0;1;
55;0.277481;-0.318829;0.293159;-0.313511;0.283348;-0.315926;0.0424022;0.0836316;0.0423071;0.0636715;0.0424923;-0.0419271;0.0247767;-0.0140068;0.00727507;-0.0117093;0.0370213;-0.0144345;1;1;1;1;0.746215;1;
56;0.269424;-0.304805;0.272565;-0.301699;0.261262;-0.30311;-0.0393715;0.112983;-0.0394263;0.101328;-0.018295;0.0396588;0.0265083;-0.0087725;0.0227303;-0.00683825;0.0690005;-0.00976961;1;0;1;0;1;1;
57;0.239726;-0.28471;0.237166;-0.282896;0.242177;-0.283721;-0.120332;0.163327;-0.120356;0.156521;-0.101849;0.120506;0.0233433;-0.00512362;0.0350547;-0.00399387;0.0678123;-0.00570665;1;0;1;0;1;0;
58;0.229277;-0.255549;0.227782;-0.25449;0.230709;-0.254971;-0.180353;0.205469;-0.180362;0.201494;-0.169548;0.180461;0.0337781;-0.00299276;0.0231381;-0.0023327;0.0404565;-0.00333295;1;0;1;0;1;0;
59;0.201821;-0.217165;0.200948;-0.216546;0.202659;-0.216827;-0.21783;0.232501;-0.204316;0.23018;-0.209997;0.217897;0.0197303;-0.00174838;0.0203509;-0.00136262;0.0236278;-0.00194671;0.950474;0;1;0;1;0;
60;0.159279;-0.16824;0.158769;-0.167878;0.159769;-0.168042;-0.23896;0.24753;-0.213659;0.246175;-0.222739;0.239001;0.0115252;-0.00102173;0.0118894;-0.00079609;0.0137944;-0.00113721;1;0;1;0;1;0;
61;0.0988473;-0.104081;0.0985492;-0.103869;0.0991346;-0.103965;-0.240356;0.253951;-0.210401;0.253351;-0.210144;0.249162;0.00673208;-0.000597343;0.00694637;-0.000465312;-0.0342037;-0.000664517;1;0;1;0;1;0;
62;0.0159527;-0.019009;0.0157789;-0.0188856;0.0161217;-0.0189416;-0.233233;0.239152;-0.212851;0.240529;-0.219251;0.24484;0.00393234;-0.000349548;0.0042348;-0.000272087;-0.0254057;-0.000388428;1;0;1;0;1;0;
63;-0.082328;0.0805431;-0.0824294;0.0806152;-0.082229;0.0805824;-0.206568;0.222942;-0.200712;0.220929;-0.204709;0.22232;0.00229703;-0.00020482;0.00247504;-0.000159264;-0.0304938;-0.000227217;1;0;1;0;1;0;
64;-0.169332;0.16829;-0.169392;0.168332;-0.169275;0.168313;-0.161436;0.21306;-0.172248;0.202657;-0.164678;0.213255;0.00486956;-0.000120198;0.00369942;-9.32482e-05;-0.0803838;-0.000133024;1;0;1;0;1;0;
65;-0.229106;0.228497;-0.22914;0.228521;-0.229074;0.22851;-0.125629;0.194696;-0.148362;0.188621;-0.131004;0.194809;0.00390926;-7.09109e-05;0.00216123;-5.47824e-05;-0.046956;-7.79797e-05;1;0;1;0;1;0;
66;-0.264978;0.264623;-0.264999;0.26463;-0.264959;0.26463;-0.059647;0.164343;-0.0803629;0.160799;-0.0901432;0.164409;0.0255636;-4.19501e-05;-0.00699696;0.0010442;-0.0274285;-4.58618e-05;1;0;1;0.929312;1;0;
67;-0.284383;0.284177;-0.284396;0.283194;-0.284372;0.284181;-0.0146221;0.121531;0.000157771;0.12137;-0.032779;0.12157;0.0195759;-2.51069e-05;-0.0096401;0.0229893;-0.0160224;-2.70198e-05;1;0;1;1;0.940168;0;
68;-0.291243;0.292466;-0.292594;0.286591;-0.29258;0.292468;0.0424095;0.0623228;0.083709;0.0622351;-0.010487;0.0623428;0.0114351;0.0289832;0.00194533;0.0159081;-0.00935899;-1.5985e-05;0.955493;0.838115;1;1;1;0.96437;
69;-0.292287;0.29019;-0.294342;0.276126;-0.294654;0.305708;0.0768657;-0.0156876;0.136325;-0.0157478;0.0459738;-0.0156834;0.00667764;0.0515671;0.00613412;0.0103173;-0.0132622;0.00949141;0;1;1;1;0;1;
70;-0.281292;0.280067;-0.282492;0.257913;-0.282675;0.289215;0.135274;-0.092118;0.169998;-0.0995792;0.117234;-0.0995297;0.00389931;0.0589526;0.00358176;0.012518;-0.00774537;0.0339336;0;1;0;0.326191;0;1;
71;-0.258783;0.258067;-0.259483;0.245127;-0.25959;0.263411;0.187105;-0.160777;0.207384;-0.166256;0.176569;-0.166219;0.0022767;0.0427035;0.0020912;0.0084537;-0.00452361;0.0226682;0;1;0;0.776858;0;1;
72;-0.225332;0.224914;-0.225741;0.217355;-0.225803;0.228036;0.221592;-0.168283;0.233434;-0.209416;0.215439;-0.209387;0.001329;0.0249458;0.00122065;0.00493644;-0.00264213;0.013239;0;1;0;0.927072;0;1;
73;-0.181018;0.180775;-0.181257;0.176359;-0.181293;0.1826;0.241529;-0.187712;0.248445;-0.234419;0.237936;-0.234398;0.000775564;0.0211637;0.00071226;0.00288127;-0.00154336;0.00772925;0;1;0;1;0;1;
74;-0.122511;0.122369;-0.122651;0.119788;-0.122671;0.123437;0.251369;-0.190221;0.255408;-0.247216;0.249271;-0.235128;0.000452277;0.0123633;0.000415283;0.00168111;-0.000901722;0.00400255;0;1;0;1;0;1;
75;-0.0439191;0.0438368;-0.0440006;0.0423273;-0.0440126;0.0444628;0.247212;-0.183365;0.248372;-0.244036;0.247299;-0.229947;0.000263515;0.00722273;0.000241893;-0.00138937;-0.00052704;-0.00353246;0;1;0;1;0;1;
76;0.0534358;-0.053483;0.0533882;-0.0543673;0.0533813;-0.0531156;0.227194;-0.168272;0.22654;-0.229425;0.223125;-0.223275;0.000153304;0.00978875;0.000140673;-0.0124996;-0.000308247;-0.0147056;0;1;0;1;0;1;
77;0.146917;-0.146944;0.146889;-0.147463;0.146885;-0.146727;0.201426;-0.135891;0.195017;-0.187359;0.205326;-0.197672;8.88957e-05;0.0068133;8.15073e-05;-0.014153;-0.000180402;-0.0207411;0;1;0;1;0;1;
78;0.214773;-0.214789;0.214757;-0.215095;0.214755;-0.21466;0.192691;-0.094691;0.188177;-0.133409;0.194969;-0.167432;5.13514e-05;0.0113962;4.7039e-05;-0.0111028;-0.000105754;-0.0121159;0;1;0;1;0;1;
79;0.256701;-0.25671;0.256692;-0.256893;0.256691;-0.256634;0.168988;-0.0357218;0.166352;-0.08304;0.170318;-0.154236;2.9475e-05;0.0204732;2.69504e-05;-0.0102489;-6.21614e-05;-0.00707671;0;1;0;1;0;1;
80;0.28013;-0.280136;0.280124;-0.280246;0.280124;-0.280088;0.131902;0.0176748;0.130362;-0.0101318;0.132678;-0.123287;1.67387e-05;0.0311229;1.52596e-05;-0.012157;-3.66754e-05;-0.00558716;0;1;0;1;0;1;
81;0.291149;-0.291154;0.291146;-0.328321;0.291145;-0.291124;0.0788885;0.0549652;0.077986;0.0750156;0.0793371;-0.0738508;0.0112324;0.0184244;0.0010694;0.0349583;-2.16614e-05;-0.0107789;1;1;0.901515;1;0;1;
82;0.282695;-0.303344;0.286018;-0.315755;0.288093;-0.29197;0.00637094;0.0718086;0.00584231;0.130311;0.00663534;-0.00341932;0.0282247;0.0107598;0.0251861;0.0204198;0.0480345;-0.00629724;1;0.370549;1;0.774881;1;1;
83;0.258497;-0.291171;0.258616;-0.298419;0.282184;-0.284529;-0.0779284;0.12359;-0.0782278;0.157756;-0.0581715;0.0796572;0.0202449;0.00628322;0.0405663;0.0119248;0.0656877;-0.00659572;1;0;1;0;1;0.0758715;
84;0.239087;-0.269481;0.248444;-0.273714;0.264232;-0.265602;-0.15063;0.177302;-0.148054;0.197255;-0.135819;0.151646;0.0402411;0.00366887;0.0488532;0.00696371;0.0542418;-0.00385215;1;0;1;0;1;0;
85;0.219787;-0.237538;0.225251;-0.24001;0.23447;-0.235272;-0.199803;0.215387;-0.196859;0.227039;-0.170131;0.200404;0.0320251;0.00214199;0.0285387;0.00406643;0.0316862;-0.00224992;1;0;1;0;1;0;
86;0.185202;-0.195569;0.188392;-0.197012;0.193777;-0.194245;-0.229063;0.238168;-0.207557;0.244973;-0.204791;0.229418;0.0190519;0.00125029;0.0166716;0.00237436;0.0185077;-0.0013143;1;0;1;0;1;0;
87;0.134987;-0.141042;0.13685;-0.141884;0.139996;-0.140269;-0.24471;0.250029;-0.21171;0.254003;-0.217493;0.244919;0.0111285;0.000729471;0.00974049;0.00138626;0.000634063;-0.000767889;1;0;1;0;1;0;
88;0.0646669;-0.0682029;0.0657551;-0.0686949;0.0675935;-0.0677514;-0.235838;0.250124;-0.208514;0.249191;-0.222292;0.251151;0.00650019;0.000425322;0.00752544;0.000809166;-0.02145;-0.000448839;1;0;1;0;1;0;
89;-0.0275272;0.0254621;-0.0268915;0.0251748;-0.0258173;0.0257258;-0.221302;0.232905;-0.206742;0.236111;-0.216873;0.235413;0.00379684;0.000247689;0.00439747;0.000472185;-0.0280795;-0.000262487;1;0;1;0;1;0;
90;-0.124315;0.123109;-0.123944;0.122938;-0.123315;0.123263;-0.189843;0.204866;-0.192911;0.211717;-0.194987;0.208864;0.00221806;0.000143976;0.00256962;0.00027522;-0.035018;-0.00015362;1;0;1;0.21977;1;0;
91;-0.199564;0.198859;-0.199347;0.198752;-0.198975;0.198949;-0.153012;0.169656;-0.159014;0.20326;-0.167139;0.201593;0.00519237;8.35941e-05;-0.00393548;-0.000305902;-0.0306602;-9.00399e-05;1;0;1;0.475275;1;0;
92;-0.24769;0.247278;-0.247564;0.247212;-0.247344;0.247331;-0.110615;0.161012;-0.10622;0.180642;-0.139;0.179664;0.00771039;4.81247e-05;-0.0114926;0.00591519;-0.0300039;-5.29111e-05;1;0;1;0.998502;1;0;
93;-0.275336;0.275095;-0.275262;0.275054;-0.275134;0.275126;-0.0582111;0.134285;-0.0447603;0.145755;-0.12143;0.145177;0.00871837;2.75658e-05;0.00564076;0.0106677;-0.024103;-3.12674e-05;1;0;1;1;1;0;
94;-0.289245;0.289104;-0.289201;0.289079;-0.289128;0.289122;0.00307097;0.0899392;0.0557976;0.0966469;-0.0824328;0.0963003;0.00509308;1.56124e-05;0.023086;0.020439;-0.0168829;-1.85633e-05;1;0;1;1;1;0;
95;-0.293311;0.289443;-0.293284;0.292035;-0.294441;0.293645;0.0292521;0.0250734;0.142806;0.0289963;-0.020684;0.0287859;0.00638155;0.0381502;0.0343048;0.0404418;-0.0115826;0.0221679;1;1;1;1;0.659692;1;
96;-0.288266;0.255319;-0.288355;0.281287;-0.288925;0.288538;0.0884054;-0.0285658;0.203389;-0.0543786;0.0592426;-0.0544995;0.00372635;0.0942492;0.0200375;0.0472862;-0.00676443;0.0461228;0;1;1;1;0;1;
97;-0.272365;0.247407;-0.272418;0.268289;-0.272751;0.272524;0.152475;-0.103291;0.219626;-0.132599;0.135444;-0.132658;0.00217578;0.0736592;0.0117015;0.0333868;-0.00395072;0.0431999;0;1;0;0.569588;0;1;
98;-0.244897;0.230323;-0.244927;0.242515;-0.245122;0.24499;0.19999;-0.171153;0.239205;-0.188379;0.190044;-0.188407;0.00127019;0.043774;0.00683304;0.019501;-0.00230755;0.0252333;0;1;0;0.843439;0;1;
