1;-0.000363588;0.000116064;9.94838e-05;-0.000363588;0.000116064;9.94838e-05;0.0349769;0.0347456;0.0352595;0.0349769;0.0347456;0.0352595;0.808667;0.808665;0.808666;0.808667;0.808665;0.808666;0;0;0;0;0;0;
2;0.0236897;0.0244378;0.0130121;-0.0259793;-0.0379806;-0.0331488;0.112076;0.106151;0.125051;0.203806;0.114099;0.100995;0.472317;0.472318;0.472365;0.472374;0.472327;0.472326;1;1;1;1;1;1;
3;0.0169486;0.0191163;0.0126715;-0.00325567;-0.0110569;-0.00522907;0.211627;0.183776;0.249513;0.241968;0.188891;0.190272;0.335434;0.353539;0.278836;0.355426;0.311583;0.286009;1;1;1;1;1;1;
4;0.0160806;0.0185035;0.0124448;-0.00179572;-0.00874624;-0.00312421;0.216384;0.190181;0.252889;0.239847;0.188699;0.187517;0.323376;0.340013;0.266238;0.354089;0.309191;0.286066;1;1;1;1;1;1;
5;0.0156081;0.0180763;0.0123744;-0.00125684;-0.00788931;-0.00231265;0.216947;0.193906;0.252572;0.241286;0.191214;0.188469;0.318523;0.331202;0.263559;0.349548;0.302409;0.281762;1;1;1;1;1;1;
6;0.015323;0.0175259;0.0121856;-0.000602741;-0.00720106;-0.00162759;0.217511;0.196595;0.25229;0.243175;0.193127;0.189782;0.313769;0.323435;0.260936;0.344909;0.296599;0.277488;1;1;1;1;1;1;
7;0.0151097;0.0169261;0.0119386;-9.15026e-05;-0.00682227;-0.00118591;0.218067;0.198957;0.252016;0.244854;0.194445;0.191297;0.309191;0.316098;0.258641;0.340619;0.291634;0.272979;1;1;1;1;1;1;
8;0.0149042;0.0163729;0.0117043;0.000490347;-0.00641077;-0.000689638;0.218274;0.201079;0.251511;0.246547;0.195564;0.19302;0.305085;0.30903;0.256531;0.336467;0.287253;0.268525;1;1;1;1;1;1;
9;0.0146846;0.0158012;0.0114153;0.00129326;-0.00586894;-5.07441e-05;0.2182;0.20303;0.250924;0.248473;0.196398;0.194932;0.301552;0.302227;0.25437;0.332073;0.283475;0.264182;1;1;1;1;1;1;
10;0.0140145;0.0148286;0.010715;0.00114682;-0.00642982;-0.000293736;0.217995;0.204947;0.249888;0.250307;0.197186;0.197296;0.297943;0.295484;0.253052;0.328201;0.280016;0.2592;1;1;1;1;1;1;
11;0.0134094;0.0141467;0.0101438;0.00279114;-0.00482115;0.00137785;0.216944;0.206416;0.248841;0.253555;0.198763;0.199118;0.295915;0.289;0.250023;0.322449;0.276286;0.256698;1;1;1;1;1;1;
12;0.012379;0.0131207;0.00913669;0.00404592;-0.00411911;0.00261326;0.216355;0.208174;0.24806;0.256053;0.199856;0.200578;0.293849;0.282835;0.247457;0.317188;0.272761;0.254104;1;1;1;1;1;1;
13;0.0107093;0.0117508;0.00759156;0.00585803;-0.00297636;0.00449784;0.215551;0.209813;0.247999;0.258598;0.201369;0.201392;0.293047;0.277355;0.243693;0.310859;0.269063;0.252792;1;1;1;1;1;1;
14;0.00852229;0.0101687;0.00557294;0.00813016;-0.00174267;0.0068751;0.21642;0.212083;0.25024;0.259017;0.201983;0.20033;0.291808;0.272506;0.238;0.305316;0.26586;0.253102;1;1;1;1;1;1;
15;0.00259138;0.0048677;-7.07389e-05;0.0142209;0.00392106;0.0145361;0.222315;0.214762;0.253107;0.257556;0.197144;0.211009;0.289372;0.267158;0.224228;0.297502;0.267665;0.24963;1;1;1;1;1;0.929134;
16;-0.000762544;0.00294124;-0.00282651;0.0165276;0.00474158;0.017108;0.217682;0.205832;0.250917;0.262325;0.209859;0.207821;0.298555;0.281642;0.227173;0.281875;0.24537;0.247337;1;1;1;1;1;1;
17;-0.00195999;0.00193398;-0.00506427;0.0339629;-0.0170886;0.0345589;0.241511;0.213036;0.268009;0.230621;0.215325;0.170155;0.275367;0.267225;0.185639;0.307004;0.195328;0.309272;1;1;1;1;0.0351122;0.828663;
18;-0.0154959;-0.0117627;-0.0186579;0.0691787;-0.07672;0.0730761;0.253946;0.198546;0.252776;0.202108;0.187314;0.129285;0.245303;0.23547;0.116765;0.348803;0.11407;0.284747;1;1;1;1;0;0.371635;
19;-0.0095712;-0.00615895;-0.0140708;0.0643892;-0.105561;0.0660008;0.294388;0.216934;0.29229;0.159104;0.190808;0.076642;0.2305;0.255245;0.12268;0.359719;0.0666162;0.292091;1;1;1;1;0;1;
20;-0.0113178;-0.0092415;-0.016281;0.0536042;-0.111226;0.0531262;0.317744;0.229091;0.319779;0.12818;0.213555;0.0457005;0.227639;0.270751;0.131095;0.365086;0.038903;0.287823;1;1;1;1;0;1;
21;-0.00700541;-0.00569095;-0.0116137;0.0403726;-0.0771788;0.0396508;0.332222;0.216486;0.329664;0.10251;0.231037;0.029691;0.208503;0.301619;0.141134;0.394556;0.0227184;0.283343;1;1;1;1;0;1;
22;-0.0157247;-0.0200201;-0.0211687;0.0023364;-0.0130964;-0.00147321;0.326033;0.199944;0.309627;0.116008;0.238555;0.0492694;0.192338;0.308494;0.174151;0.396437;0.0132668;0.243691;1;1;1;1;0;1;
23;0.0162677;0.0137703;0.060286;-0.0789873;0.0637806;-0.0830739;0.359286;0.188107;0.311516;0.100791;0.216448;-0.0179493;0.185355;0.406068;0.101713;0.392939;0.0030099;0.161892;1;1;0.217643;1;0.677465;1;
24;0.0135868;0.00661967;0.152452;-0.0973503;0.0528343;-0.10297;0.341676;0.175552;0.27063;0.134948;0.22866;-0.00616882;0.159773;0.380952;0.0594059;0.39737;0.0199949;0.17008;1;1;0.505922;1;1;1;
25;0.0194278;0.00856652;0.15957;-0.0955758;0.0626818;-0.102135;0.315562;0.1719;0.250469;0.153205;0.225821;0.0212568;0.176628;0.372448;0.0752072;0.381823;0.0339941;0.139011;1;0.384125;0.935667;1;1;1;
26;0.0262738;-0.0204124;0.167908;-0.0886492;0.0750233;-0.0956673;0.295045;0.176139;0.221864;0.17035;0.215289;0.0367942;0.174155;0.290187;0.0864687;0.383208;0.0698988;0.137725;1;0.605734;0.60315;1;1;1;
27;0.0245049;-0.0511186;0.16646;-0.0894378;0.0803981;-0.0985951;0.261374;0.171286;0.186768;0.197586;0.202506;0.067677;0.194366;0.232849;0.108531;0.365998;0.101914;0.113825;1;0.209317;0.622909;1;1;1;
28;0.0381803;-0.110816;0.177988;-0.0813155;0.0937651;-0.0933624;0.217228;0.163483;0.149107;0.224978;0.193136;0.109035;0.230763;0.14648;0.150063;0.342942;0.125007;0.066478;1;0.101592;0.629275;1;1;1;
29;0.0724001;-0.186828;0.207582;-0.0761371;0.11172;-0.0875132;0.187562;0.142311;0.0931162;0.2503;0.154459;0.092049;0.288254;0.0855447;0.238683;0.288479;0.146324;0.0337853;1;0.32926;0.903807;1;0;1;
30;0.0570282;-0.221919;0.196886;-0.0860956;0.101602;-0.0983061;0.131663;0.16818;0.0368161;0.297559;0.140008;0.138832;0.331015;0.0499571;0.22953;0.259738;0.193236;0.00376779;1;0;1;1;0;0.983638;
31;0.0331351;-0.227258;0.193983;-0.0313962;0.154514;-0.14714;0.0931855;0.204575;-0.0417412;0.337899;0.156849;0.187436;0.325622;0.0291744;0.179327;0.263929;0.26354;0.00859738;1;0;1;1;0;0;
32;0.0116405;-0.190001;0.14343;0.0510345;0.0551731;0.070065;0.278987;0.00745565;0.0876834;0.0853219;0.15218;-0.00263925;0.190185;0.270963;0.104716;0.286164;0.15389;0.00502087;0;1;1;1;1;0;
33;0.060968;-0.171317;0.0938827;0.00557592;0.0305298;-0.0138679;0.0506455;0.116647;-0.0115267;0.170509;-0.0233951;0.110791;0.111081;0.158253;0.185767;0.167116;0.407717;-0.0802009;0;0;1;1;0;1;
34;0.0473408;-0.123284;0.0767502;-0.00830328;0.000591618;-0.0390419;-0.049445;0.178842;-0.0674404;0.32099;0.0435653;0.175434;0.152214;0.0924197;0.171304;0.097579;0.419922;-0.0739077;1;0;1;0.748627;1;1;
35;0.00826862;-0.0529661;0.0258003;0.0129587;0.0162441;-0.0207261;-0.0503658;0.212175;-0.0719831;0.321643;0.0466202;0.210187;0.182892;0.0539721;0.129824;0.0569731;0.416361;-0.0674442;1;0;1;0.957095;1;1;
36;-0.0656474;0.0395483;-0.0554046;0.0336147;0.0349044;0.00134549;-0.0293234;0.226221;-0.0732867;0.333806;0.0497044;0.223177;0.222906;0.0315187;0.089315;-0.039444;0.391228;-0.044644;0.51707;0;1;1;1;1;
37;-0.143513;0.134326;-0.143579;0.070426;0.0665529;0.0484784;-0.0442963;0.205571;-0.0507245;0.292829;0.0253165;0.207543;0.205148;0.0184063;0.06835;-0.136484;0.343886;-0.026357;0;0;1;1;1;1;
38;-0.210671;0.206257;-0.21165;0.114231;0.0976916;0.113372;-0.0876616;0.198017;-0.0307311;0.237773;0.00310458;0.193675;0.119811;0.0107485;0.0726168;-0.20661;0.285336;-0.034262;0;0;1;1;1;1;
39;-0.254249;0.251677;-0.248487;0.0867527;0.0682903;0.0921257;-0.0953627;0.175592;-0.0175418;0.198804;0.0162082;0.196828;0.0699775;0.00627644;0.0470991;-0.159576;0.279203;-0.0200121;0.28893;0;1;1;1;1;
40;-0.247497;0.277504;-0.241242;0.0873544;0.067321;0.0963257;-0.04328;0.14027;0.02343;0.153825;0.00469885;0.153884;0.0485064;0.0036649;0.041595;-0.163428;0.239718;-0.0163682;0.332038;0;1;1;1;1;
41;-0.250063;0.290197;-0.261229;0.16574;-0.0719145;0.170941;-0.0217544;0.0899699;0.0158787;0.0992028;0.00564035;0.0979226;0.0283298;0.00213987;-0.0319183;-0.0954515;0.139999;0.00247911;0.692437;0;1;1;0;0;
42;-0.258398;0.288665;-0.250354;0.220624;-0.165829;0.21733;0.0192275;0.0343864;0.041206;0.0260113;0.0352233;0.0252609;0.0163907;0.0981554;-0.0464915;-0.0557441;0.0817573;0.0498861;0.177921;0.943672;1;1;0;0.834541;
43;-0.266841;0.252554;-0.24849;0.244127;-0.212782;0.228136;0.0865261;0.0281431;0.0993618;-0.0600962;0.0958669;-0.0605314;0.00957184;0.185187;-0.0398912;-0.0316419;0.0477458;0.084072;0;0.800589;1;1;0;1;
44;-0.258209;0.25028;-0.230952;0.18857;-0.226638;0.186731;0.153126;0.0189481;0.160621;-0.137677;0.15858;-0.120564;0.00558964;0.217252;-0.0509856;0.0670062;0.0278832;0.0935087;0;1;1;1;0;1;
45;-0.234569;0.229943;-0.22825;0.164912;-0.216132;0.157364;0.20076;0.0332596;0.205135;-0.16362;0.203945;-0.15361;0.00326392;0.239036;-0.0356828;0.0608381;0.0162832;0.070009;0;1;1;1;0;1;
46;-0.19826;0.209372;-0.211415;0.115944;-0.187493;0.112485;0.229725;0.0224292;0.232278;-0.158377;0.231585;-0.146905;0.0019056;0.217626;-0.0249428;0.0765755;0.00950889;0.0686181;0;1;0.247306;1;0;1;
47;-0.148504;0.154992;-0.156186;0.100593;-0.142216;0.0955901;0.245442;-0.00799367;0.246933;-0.143818;0.246528;-0.101886;0.0011125;0.178004;-0.0145667;0.0925922;0.00555247;0.100579;0;1;0;1;0;1;
48;-0.0806059;0.0843973;-0.0850924;0.0526257;-0.0769337;0.0497035;0.251158;0.00881501;0.251774;-0.162649;0.250723;-0.118852;0.000649235;0.18488;-0.00850732;0.0670162;0.00324203;0.0926499;0;1;0;1;0;1;
49;0.00916004;-0.00693911;0.00653986;-0.0255057;0.0113049;-0.0272009;0.236656;0.00145447;0.239293;-0.150684;0.236337;-0.101934;0.000378631;0.174557;-0.00496872;0.0584023;0.00189278;0.0942731;0;1;0;1;0;1;
50;0.107804;-0.106493;0.106273;-0.117363;0.109057;-0.118324;0.217835;0.0108142;0.213557;-0.132201;0.21542;-0.0890397;0.000220699;0.158308;-0.00290215;0.0555876;0.00110476;0.103358;0;1;0;1;0;1;
51;0.188126;-0.187341;0.187232;-0.193966;0.188858;-0.188084;0.209584;0.0190428;0.20618;-0.0975988;0.207176;-0.0571763;0.000128408;0.142463;-0.0016953;0.0500478;0.000644651;0.0998372;0;1;0;1;0;1;
52;0.240776;-0.229701;0.240254;-0.253617;0.241203;-0.235776;0.187638;0.0370106;0.18565;-0.0630611;0.186232;-0.0326321;7.45574e-05;0.116401;-0.00099045;0.0426944;0.000375901;0.0902444;0;1;0;1;0;1;
53;0.271533;-0.247409;0.271228;-0.292698;0.271782;-0.268605;0.154002;0.0551686;0.152841;-0.0248669;0.15318;-0.00584857;4.31257e-05;0.0837397;-0.000578846;0.0307492;0.000218983;0.0695737;0;1;0;1;0;1;
54;0.287521;-0.255648;0.282767;-0.304881;0.280134;-0.280811;0.107131;0.0692306;0.106456;0.0112762;0.106654;0.0247638;2.48348e-05;0.0489124;0.0353533;0.0179588;0.0106186;0.0474162;0;1;0.910475;1;0.721291;1;
55;0.29319;-0.273827;0.271661;-0.293397;0.282226;-0.269863;0.0425988;0.0813886;0.0547548;0.0265503;0.0559736;0.0589056;1.40805e-05;0.0285634;0.0727255;0.00734044;0.0645804;0.0276927;0;1;1;1;1;0.843096;
56;0.264192;-0.313566;0.240627;-0.281026;0.30807;-0.273164;-0.0392623;0.111673;-0.00741396;0.0796483;0.0332061;0.0985433;0.0555964;0.011092;0.08724;-0.00376932;0.102937;0.0161712;0.686248;0.258154;1;0;1;0;
57;0.239595;-0.289827;0.225241;-0.270824;0.286613;-0.266233;-0.120262;0.162562;-0.0891232;0.14386;0.0251;0.154894;0.0901687;0.00647739;0.0794524;-0.00220172;0.185064;0.00944348;0.981059;0;1;0;1;0;
58;0.19595;-0.258538;0.187219;-0.24744;0.256655;-0.244759;-0.139429;0.205022;-0.111007;0.1941;0.00733917;0.200544;0.108301;0.00378236;0.0931795;-0.00128622;0.193564;0.00551449;0.921148;0;1;0;1;0;
59;0.181876;-0.21891;0.168897;-0.212429;0.217806;-0.210864;-0.147338;0.23224;-0.111575;0.225861;0.00514659;0.229625;0.0993782;0.00220835;0.0939952;-0.000751567;0.189794;0.00322;1;0;1;0;1;0;
60;0.147634;-0.169259;0.139613;-0.165475;0.168614;-0.16456;-0.152483;0.247378;-0.109973;0.243653;0.00178301;0.24585;0.0879598;0.00128915;0.0906264;-0.000439406;0.186065;0.00187994;1;0;1;0;1;0;
61;0.0920474;-0.104676;0.0873602;-0.102466;0.104302;-0.101932;-0.153825;0.252765;-0.110378;0.251878;-0.004171;0.253162;0.0831828;0.000752302;0.0959247;-0.000257106;0.173947;0.00109736;1;0;1;0;1;0;
62;0.0119809;-0.0193571;0.00924658;-0.0180663;0.0191456;-0.0177545;-0.147256;0.241773;-0.105594;0.24439;-0.00719902;0.240927;0.0760601;0.000438789;0.0926114;-0.000150644;0.162693;0.000640332;1;0;1;0;1;0;
63;-0.084652;0.0803396;-0.0862355;0.0810933;-0.0804504;0.0812754;-0.129785;0.219518;-0.0938149;0.224724;-0.00485289;0.2226;0.073327;0.000255704;0.0924896;-8.84838e-05;0.150324;0.000373443;1;0;1;0;1;0;
64;-0.170698;0.168171;-0.171601;0.168611;-0.168218;0.168718;-0.101469;0.189909;-0.0760114;0.217577;0.00484904;0.19673;0.0743161;0.000148778;0.0969315;-5.21601e-05;0.134684;0.00021774;1;0;1;0;1;0;
65;-0.229913;0.228427;-0.23035;0.228684;-0.22601;0.228746;-0.0655396;0.180914;-0.0521747;0.197334;0.0231632;0.185159;0.0642524;8.6371e-05;0.0894155;-3.09332e-05;0.113903;0.000126613;1;0;1;0;1;0;
66;-0.265457;0.264581;-0.265454;0.264732;-0.248558;0.264768;-0.0264984;0.156294;-0.0269867;0.165883;0.0441013;0.158773;0.0441729;4.99509e-05;0.0667065;-1.85288e-05;0.0863303;7.34936e-05;1;0;1;0;1;0;
67;-0.284669;0.284152;-0.284657;0.28424;-0.270321;0.284261;0.0153393;0.11683;0.00839418;0.122431;0.0628893;0.118278;0.0258011;2.87209e-05;0.0455504;-1.12334e-05;0.0504274;4.24932e-05;1;0;1;0;1;0;
68;-0.299598;0.290961;-0.294003;0.292502;-0.284375;0.292515;0.0478642;0.059578;0.0262775;0.0628441;0.0990415;0.0604193;-0.0180291;0.0289823;0.026599;-6.94875e-06;0.0294478;2.44489e-05;1;1;1;0;1;0;
69;-0.323837;0.281434;-0.316473;0.285425;-0.321118;0.277236;0.0780933;-0.00559311;0.0674439;-0.0154003;0.177875;-0.0168124;-0.0650865;0.0761047;-0.0204522;-4.45765e-06;-0.0219811;0.020853;1;1;1;0;1;1;
70;-0.299718;0.295925;-0.296459;0.268501;-0.319207;0.254395;0.13599;-0.0508207;0.129772;-0.0993804;0.230474;-0.0599503;-0.0424971;0.0897226;-0.0148158;0.0124324;-0.0182176;0.098735;0;1;0;0.247184;0.903215;1;
71;-0.269543;0.284383;-0.26764;0.249222;-0.280925;0.238943;0.187523;-0.0250599;0.183892;-0.166137;0.242701;-0.109444;-0.0248185;0.127951;-0.0086527;0.0316675;-0.0106395;0.0898487;0;1;0;0.664722;0;1;
72;-0.231616;0.240285;-0.230504;0.219743;-0.238263;0.213746;0.221836;-0.0384947;0.219715;-0.199139;0.254059;-0.120871;-0.0144944;0.153621;-0.00505367;0.0465908;-0.0062139;0.0859958;0;1;0;0.904193;0;1;
73;-0.184688;0.189754;-0.184039;0.177749;-0.18857;0.174255;0.241672;-0.0447052;0.240433;-0.199483;0.26049;-0.118549;-0.0084651;0.139243;-0.00295179;0.0420625;-0.00362943;0.0903638;0;1;0;0.896875;0;1;
74;-0.124654;0.12762;-0.124275;0.120594;-0.126921;0.118568;0.251452;-0.0506669;0.250729;-0.197277;0.25608;-0.118258;-0.00494406;0.128721;-0.00172432;0.0381231;-0.00212013;0.090355;0;1;0;0.785236;0;1;
75;-0.0451707;0.046909;-0.0449494;0.0427864;-0.0464946;0.0416302;0.248291;-0.0495302;0.246262;-0.195482;0.246013;-0.123698;-0.00288778;0.126669;-0.0010075;0.0284102;-0.00123874;0.0812895;0;1;0;0.606031;0;1;
76;0.0527048;-0.0516803;0.052834;-0.0541165;0.0519318;-0.0547528;0.228403;-0.0427421;0.230806;-0.183587;0.227127;-0.121949;-0.00168701;0.120309;-0.000588936;0.0165974;-0.000723913;0.0741703;0;1;0;0.429426;0;1;
77;0.14649;-0.145877;0.146565;-0.15352;0.146038;-0.147662;0.198889;-0.0435399;0.205253;-0.146775;0.198627;-0.0960322;-0.000985723;0.0948514;-0.000344259;0.0278796;-0.000423275;0.0802687;0;1;0;0.120663;0;1;
78;0.214524;-0.214151;0.214568;-0.247924;0.21426;-0.215192;0.19121;-0.0285489;0.194926;-0.109698;0.191057;-0.0722105;-0.000576079;0.0700369;-0.000201615;0.0220229;-0.000247713;0.0735655;0;1;0;0.698538;0;1;
79;0.256556;-0.256329;0.256581;-0.31257;0.256402;-0.256943;0.168123;-0.00716898;0.170293;-0.0803271;0.168034;-0.0480552;-0.000336887;0.0476279;-0.00011821;0.0128618;-0.000145146;0.0565972;0;1;0;1;0;1;
80;0.280044;-0.279235;0.28006;-0.338523;0.279955;-0.280273;0.131396;0.0102467;0.132664;-0.0423256;0.131344;-0.0200533;-0.000196901;0.0278189;-6.95062e-05;-0.0153281;-8.5166e-05;0.0330592;0.131892;1;0;1;0;1;
81;0.289331;-0.291413;0.290587;-0.329594;0.274714;-0.288459;0.0785918;0.0254183;0.0793303;-0.00458704;0.0785618;0.0186673;0.0118778;-0.0220315;0.0125662;-0.00956573;0.0388059;0.0193044;0.771553;1;0.765877;1;0.888823;1;
82;0.274541;-0.31513;0.279056;-0.315558;0.260918;-0.289785;0.0061983;0.0514654;0.00890312;0.0370277;0.050171;0.0506107;0.0787675;-0.0466443;0.0679601;-0.0186341;0.0717729;0.0112727;1;0.876832;1;0.267234;1;0.931136;
83;0.252014;-0.298055;0.262144;-0.298304;0.225998;-0.283405;-0.078018;0.111709;-0.0725088;0.103279;0.0443387;0.111211;0.104556;-0.0272409;0.0599695;-0.0108825;0.148791;0.00993506;1;0;1;0;1;0.260139;
84;0.218626;-0.273501;0.232475;-0.273646;0.190258;-0.264946;-0.1128;0.170364;-0.114644;0.16544;0.0306244;0.170073;0.110243;-0.015909;0.0691372;-0.00635582;0.190731;0.00580159;1;0;1;0;1;0;
85;0.20755;-0.239886;0.214173;-0.23997;0.145196;-0.234889;-0.12716;0.211335;-0.115488;0.20846;0.00939113;0.211165;0.115762;-0.00929137;0.0927908;-0.00371214;0.199914;0.00338772;1;0;1;0;1;0;
86;0.178053;-0.19694;0.181924;-0.196989;0.107308;-0.194022;-0.130082;0.235801;-0.120327;0.234122;0.00478862;0.235702;0.108787;-0.00542666;0.0962075;-0.00216828;0.197464;0.00197798;1;0;1;0;1;0;
87;0.130806;-0.141843;0.13308;-0.141871;0.0894951;-0.140138;-0.122667;0.248647;-0.12466;0.247667;0.00294712;0.248589;0.111058;-0.00316972;0.0863296;-0.00126671;0.184791;0.0011547;1;0;1;0;1;0;
88;0.0622199;-0.0686707;0.0635638;-0.0686872;0.039258;-0.0690399;-0.116956;0.248423;-0.125908;0.250249;0.00246038;0.248261;0.112595;-0.00185171;0.0809741;-0.000740194;0.169166;0.000673872;1;0;1;0;1;0.140169;
89;-0.0289528;0.0251885;-0.0281629;0.0251796;0.00464217;-0.0817986;-0.102987;0.234977;-0.124172;0.232849;0.0150475;0.237108;0.135586;-0.001082;0.0570272;-0.000432748;0.137212;0.0328775;1;0;1;0;1;1;
90;-0.123626;0.122949;-0.124684;0.122944;-0.0273312;-0.0940512;-0.0699094;0.204377;-0.113732;0.210081;0.0250765;0.226229;0.149123;-0.000632483;0.034825;-0.000253153;0.110731;0.0623043;0.857163;0;1;0;1;1;
91;-0.181068;0.198765;-0.199777;0.198763;-0.0585599;-0.10629;-0.0404422;0.175642;-0.103279;0.202304;0.036119;0.211737;0.151168;-0.000369726;0.0203426;-0.000148244;0.0825207;0.0949869;1;0;1;0;1;1;
92;-0.208103;0.247224;-0.247806;0.247222;-0.0769252;-0.112392;0.00406684;0.164508;-0.0794797;0.180079;0.0347739;0.191285;0.147679;-0.0002166;0.0118799;-8.69179e-05;0.0489015;0.106839;1;0;1;0;0;1;
93;-0.218784;0.275063;-0.260676;0.275062;-0.0811965;-0.111824;0.0416707;0.136326;-0.0447413;0.145421;0.0361494;0.16372;0.132892;-0.000126971;-0.0143296;-5.05008e-05;0.028563;0.120867;1;0;1;0.378991;1;1;
94;-0.214534;0.289084;-0.254145;0.286943;-0.0724492;-0.102711;0.0834268;0.0911373;-0.0148138;0.0964476;0.0292917;0.127462;0.112894;0.0444611;-0.0305051;0.0334697;0.0164973;0.135829;1;0.824938;1;0.526683;1;1;
95;-0.228983;0.270599;-0.258505;0.287101;-0.0797639;-0.099796;0.141786;0.0703888;0.0188046;0.0356873;0.0732596;0.0862766;0.0864452;0.0967788;-0.035249;0.0583774;-0.0888982;0.144841;0.720866;1;1;1;1;1;
96;-0.243299;0.242055;-0.264027;0.299906;-0.0851538;-0.100183;0.196707;0.0568407;0.0822983;-0.0378423;0.0255166;0.0394242;0.0504891;0.163091;-0.0647684;0.0842713;-0.0841615;0.156338;0.273827;1;1;1;1;1;
97;-0.25468;0.216609;-0.257767;0.299819;-0.0678961;-0.0828289;0.215724;0.0120643;0.148907;-0.0645952;0.0541712;0.0616274;0.0294861;0.168836;-0.0473589;0.133569;-0.0783427;0.203524;0;1;0;1;1;1;
98;-0.234568;0.189976;-0.236371;0.365259;-0.113948;-0.0572588;0.236927;0.0490098;0.197906;-0.129825;0.134177;-0.0219282;0.0172194;0.242871;-0.0276576;0.105951;-0.074274;0.210201;0;1;0;0.986454;0;1;
