1;-0.000363588;0.000116065;9.94838e-05;-0.000363588;0.000116064;9.94838e-05;0.0349769;0.0347456;0.0352595;0.034977;0.0347456;0.0352595;0.808667;0.808665;0.808666;0.808667;0.808665;0.808666;0;0;0;0;0;0;
2;0.001987;0.00367259;0.00347098;-0.00337276;-0.000926994;-0.00110793;0.150758;0.154807;0.15973;0.147494;0.164727;0.15867;0.472321;0.472317;0.472323;0.472315;0.472321;0.472322;1;1;1;1;1;1;
3;0.00553516;0.00649312;0.00587106;0.00161281;0.00463844;0.00346806;0.263263;0.261899;0.273312;0.273332;0.282264;0.280895;0.317264;0.318738;0.310818;0.304141;0.300085;0.296369;1;1;1;1;1;1;
4;0.0040631;0.00460778;0.00408323;0.000543581;0.00362636;0.00236744;0.262807;0.253933;0.263029;0.272081;0.273922;0.27046;0.313603;0.323948;0.316829;0.297669;0.303027;0.300767;1;1;1;1;1;1;
5;0.00263541;0.00278705;0.00224377;-0.000745553;0.00200073;0.000975395;0.25523;0.260928;0.255669;0.270017;0.274925;0.268542;0.316386;0.310643;0.319285;0.294462;0.300825;0.300619;1;1;1;1;1;1;
6;0.00199631;0.00190804;0.00131884;-0.00205571;0.000326312;-0.000337336;0.253711;0.260438;0.254065;0.268811;0.273655;0.267333;0.314674;0.306024;0.318557;0.29025;0.298985;0.298041;1;1;1;1;1;1;
7;0.00192905;0.00173993;0.00102372;-0.0026761;-0.00043145;-0.00088307;0.251585;0.260133;0.252699;0.267808;0.272148;0.267055;0.313127;0.300839;0.317192;0.286453;0.297831;0.295116;1;1;1;1;1;1;
8;0.00230929;0.00215706;0.00121464;-0.00313168;-0.00097179;-0.00122205;0.248691;0.259608;0.250574;0.267453;0.270658;0.267019;0.31194;0.29572;0.316653;0.282617;0.297033;0.291993;1;1;1;1;1;1;
9;0.00296969;0.00294042;0.00170562;-0.00351183;-0.001425;-0.00146881;0.245549;0.259181;0.247907;0.268007;0.26941;0.26734;0.310723;0.290417;0.316706;0.278284;0.296245;0.288531;1;1;1;1;1;1;
10;0.00343506;0.00359616;0.00202071;-0.00309425;-0.00101925;-0.000969393;0.242149;0.258951;0.245559;0.268254;0.267997;0.267939;0.310152;0.284776;0.315599;0.273969;0.295928;0.285631;0.999156;0.960637;1;1;1;1;
11;0.00279596;0.0030004;0.0011873;-0.0029676;-0.00111089;-0.000710585;0.237739;0.258176;0.243494;0.268706;0.266576;0.268698;0.310992;0.279585;0.313328;0.269025;0.295881;0.283329;0.948392;0.894262;1;1;1;1;
12;0.00121157;0.00298337;-0.000996288;-0.00129201;-0.000200935;0.000671104;0.259349;0.25292;0.272065;0.243482;0.237698;0.243688;0.318729;0.263283;0.309664;0.257142;0.292036;0.277791;0.834455;1;1;1;1;1;
13;-0.00102059;0.00164023;-0.00249616;-0.00311289;-0.00175762;1.93113e-05;0.251295;0.247132;0.261025;0.250358;0.244822;0.249452;0.302711;0.244118;0.297199;0.266161;0.303766;0.289831;1;1;1;1;1;1;
14;0.000274127;0.00403369;-0.00118748;0.000528206;0.00144825;0.0037784;0.252024;0.245743;0.264279;0.25101;0.247275;0.246977;0.298152;0.240307;0.286347;0.261961;0.300658;0.292541;0.986335;1;1;1;1;1;
15;-0.00175906;0.00241687;-0.00356866;0.00376821;0.00363751;0.00688713;0.256442;0.241336;0.268924;0.242187;0.247809;0.239589;0.295221;0.245117;0.275513;0.261356;0.294599;0.299199;0.508484;1;1;1;1;1;
16;-0.00172559;0.00560119;-0.0139538;0.00845325;0.00881794;0.0129595;0.255751;0.21063;0.268229;0.227755;0.244413;0.211778;0.268382;0.308515;0.237833;0.23592;0.260777;0.294328;0.889908;1;1;1;1;1;
17;-0.0170814;0.0218048;-0.0310804;0.0393302;-0.00917002;0.0435317;0.266235;0.210152;0.273817;0.142043;0.203853;0.150133;0.224557;0.326121;0.20459;0.208354;0.152319;0.267355;0.600892;0.171887;0.809119;1;0.946959;1;
18;-0.0412495;0.0277371;-0.0331412;0.0706495;-0.0668249;0.0742627;0.245216;0.177627;0.281194;0.105862;0.226947;0.146902;0.131162;0.343186;0.119506;0.246876;0.0889626;0.305955;0;0.113446;1;1;1;1;
19;-0.0568176;0.0151176;-0.043843;0.0777641;-0.0913278;0.0802244;0.279163;0.180703;0.316379;0.062123;0.225663;0.104688;0.0826769;0.375677;0.0973001;0.249599;0.0519555;0.329791;0.366497;0.17709;1;1;0.125764;1;
20;-0.0420453;0.03069;-0.0510393;0.0412878;-0.0964176;0.0468988;0.313329;0.18337;0.312329;0.0350622;0.231449;0.0574248;0.0685232;0.427458;0.0568356;0.255047;0.0303413;0.283251;0.857297;0.170366;0.968909;1;0;1;
21;-0.0314855;0.0418559;-0.0424169;0.000956695;-0.0685306;0.00664701;0.323927;0.174814;0.293245;0.0311976;0.241487;0.0351622;0.0450751;0.452406;0.0337374;0.269041;0.0177184;0.252654;1;0.136471;0.956639;1;0;1;
22;-0.0374539;0.0322452;0.00720368;-0.0314116;-0.00804555;-0.0280983;0.319851;0.174022;0.276276;0.0338722;0.241115;0.0298551;0.0343706;0.439911;0.0236446;0.280027;0.0103468;0.245171;1;0.170769;0.864593;1;0;1;
23;-0.020665;0.01845;0.0868556;-0.097942;0.0779521;-0.0990631;0.318578;0.171914;0.260806;0.0360949;0.215245;0.00738501;0.0408902;0.417115;0.0406354;0.277244;0.00604204;0.174584;1;0.378709;0;0.938943;0;1;
24;-0.00523891;-0.0203276;0.167977;-0.159752;0.162776;-0.175109;0.320538;0.14969;0.241011;0.0423653;0.193936;-0.0409258;0.070741;0.386171;0.0237306;0.244838;0.00352778;0.134223;1;0.888113;0;1;0;1;
25;0.096098;-0.0662659;0.227371;-0.193585;0.224334;-0.231534;0.287226;0.105998;0.213994;0.0698249;0.164306;-0.0886848;0.0794648;0.255149;0.013858;0.235663;0.00205987;0.0654862;1;0.147644;0;1;0;1;
26;0.144245;-0.1362;0.263978;-0.215177;0.262204;-0.266409;0.262936;0.0633906;0.179307;0.0806982;0.150289;-0.0781065;0.111334;0.170478;0.00809238;0.219316;0.00120291;-0.0315901;1;0.05385;0;1;0.14991;1;
27;0.104773;-0.20126;0.284157;-0.217534;0.251009;-0.264641;0.235973;0.0680966;0.135176;0.108986;0.129801;-0.0304828;0.118277;0.11982;0.00472571;0.204476;0.0490536;-0.0289902;1;0.266364;0;0.528702;0.918223;1;
28;0.170499;-0.241332;0.293127;-0.229136;0.253889;-0.28179;0.195763;0.0519951;0.0770195;0.126909;0.0913752;-0.0381114;0.159779;0.0699768;0.00275968;0.135128;0.0782789;-0.0941558;1;0;0;0.0809493;1;1;
29;0.221676;-0.263051;0.296169;-0.2557;0.200159;-0.299885;0.0742115;0.074645;0.000696022;0.14415;0.0668201;0.0220228;0.12609;0.0408655;0.00161119;0.078918;0.202206;-0.0815748;1;0;0;0;0.607713;1;
30;0.175181;-0.266433;0.285773;-0.26214;0.192032;-0.287946;0.02566;0.128664;-0.0846678;0.169254;0.052638;0.097929;0.156701;0.0238651;0.00094088;0.0460869;0.251869;-0.0957386;1;0;0;0;0.523361;1;
31;0.14089;-0.253253;0.264398;-0.250747;0.180098;-0.273615;-0.0218131;0.181497;-0.155803;0.205202;0.0575094;0.163543;0.166661;0.0139367;0.00527973;0.026914;0.298975;-0.0867862;1;0;1;0;1;1;
32;0.104675;-0.225899;0.232407;-0.224435;0.177293;-0.261049;-0.0389269;0.218055;-0.203047;0.231898;0.0684181;0.207565;0.171953;0.00813855;0.0115763;0.015717;0.307975;-0.0781369;1;0;1;0;1;1;
33;0.0667562;-0.186097;0.189898;-0.185243;0.171873;-0.254776;-0.0422899;0.239643;-0.230634;0.247727;0.0756236;0.230598;0.172361;0.00475235;0.00676164;0.00917809;0.308195;-0.0581951;1;0;1;0;1;1;
34;0.0416303;-0.131915;0.134137;-0.131417;0.125276;-0.18386;-0.0329548;0.250672;-0.187517;0.255393;0.0598014;0.241491;0.202876;0.00277497;0.0154749;0.00535924;0.245929;-0.0339912;1;0;1;0;1;0.363478;
35;0.00528321;-0.0580067;0.0593146;-0.0577156;0.054111;-0.0883423;-0.0213509;0.246604;-0.175688;0.250082;0.0407193;0.248762;0.204441;0.0016198;0.0357015;0.00312948;0.22319;-0.0198508;0.738227;0;1;0;1;0;
36;-0.0673928;0.0366058;-0.0358317;0.0367754;-0.0388881;0.0188871;-0.0320667;0.233264;-0.188209;0.23317;0.0603624;0.233243;0.173976;0.000945525;0.020852;0.00182696;0.238546;-0.0066674;1;0;1;0;1;0;
37;-0.149946;0.132609;-0.132155;0.132708;-0.133942;0.122258;-0.000376657;0.20405;-0.159547;0.20494;0.0622613;0.213607;0.174186;0.000551635;0.0245377;0.00106643;0.215622;-0.00132537;1;0;1;0;1;0;
38;-0.206376;0.205255;-0.204991;0.205311;-0.20603;0.194271;0.0211237;0.197129;-0.14054;0.197649;0.0822525;0.202711;0.157897;0.000321708;0.014333;0.00631108;0.211866;0.000754523;1;0;1;0.0660636;1;0.508176;
39;-0.23561;0.251092;-0.250933;0.24062;-0.221355;0.215876;0.0721602;0.175074;-0.107103;0.175378;0.0759413;0.178334;0.181195;0.000187492;0.00837054;-0.00808505;0.168702;9.45692e-05;1;0.0909435;1;0.59637;1;0.47233;
40;-0.227401;0.257823;-0.244201;0.250058;-0.216377;0.224516;0.0878552;0.1446;-0.0805324;0.140153;0.0775123;0.145889;0.165017;0.0487384;-0.0212972;0.0270585;0.153787;0.0300892;1;0.654568;1;0.811007;1;1;
41;-0.225841;0.250227;-0.239626;0.248956;-0.228916;0.224999;0.132191;0.136292;-0.0550844;0.09982;0.0781686;0.104909;0.137835;0.0874806;-0.0229458;0.0446513;0.124302;0.0436366;0.823517;1;1;1;1;1;
42;-0.236891;0.233207;-0.250611;0.244174;-0.255664;0.218166;0.169689;0.110587;-0.000246134;0.0388593;0.0928823;0.0511641;0.0914732;0.134215;-0.0718855;0.0944827;0.0725927;0.0873258;0.16514;1;1;0.975836;0.104443;1;
43;-0.254084;0.197865;-0.253548;0.24891;-0.265244;0.216661;0.19919;0.10708;0.0751466;-0.0525858;0.12954;-0.0392887;0.0534227;0.241376;-0.0504379;0.103055;0.0423934;0.0888409;0.583841;1;1;0.886548;0;1;
44;-0.250759;0.178265;-0.250445;0.223197;-0.257276;0.19148;0.218921;0.0849879;0.14648;-0.082091;0.178245;-0.0705069;0.0311981;0.255073;-0.0294561;0.138282;0.024757;0.12466;0;1;0;0.865288;0;1;
45;-0.230218;0.129713;-0.230035;0.178684;-0.234025;0.145611;0.239184;0.0721138;0.196879;-0.0964633;0.215429;-0.0844653;0.018219;0.266335;-0.0172026;0.130072;0.0144574;0.123922;0;1;0;0.856121;0;1;
46;-0.195718;0.100714;-0.195612;0.132791;-0.197942;0.100213;0.252164;0.0642648;0.227458;-0.0989809;0.238292;-0.0898943;0.0106393;0.260189;-0.0100466;0.133988;0.00844244;0.120893;0;1;0;1;0;1;
47;-0.14702;0.0586739;-0.146957;0.110266;-0.148318;0.07268;0.255674;0.0675552;0.244118;-0.109017;0.250445;-0.0926545;0.00621291;0.250921;-0.00586755;0.129544;0.00492965;0.128392;0;1;0;1;0;1;
48;-0.0797383;0.0281438;-0.0797019;0.05828;-0.0804967;0.0346494;0.247113;0.0552581;0.247917;-0.0984319;0.247444;-0.0857539;0.00362783;0.249692;-0.00342703;0.122706;0.00287827;0.124075;0;1;0;1;0;1;
49;0.00966703;-0.0397948;0.00968835;-0.0221847;0.00922437;-0.0360135;0.237915;0.0642403;0.239354;-0.0952412;0.235518;-0.0851153;0.00211823;0.233175;-0.00200178;0.1172;0.00168021;0.125924;0;1;0;1;0;1;
50;0.1081;-0.125689;0.108113;-0.115389;0.107842;-0.123504;0.217956;0.0708159;0.214147;-0.0750741;0.212969;-0.0660183;0.00123663;0.226091;-0.00116945;0.104761;0.000980627;0.119694;0;1;0;1;0;1;
51;0.188299;-0.198564;0.188307;-0.190247;0.188149;-0.197311;0.208501;0.0918388;0.20358;-0.0516761;0.176562;-0.048267;0.000721798;0.20871;-0.000683306;0.0977681;0.000572056;0.122423;0;1;0;1;0;1;
52;0.240878;-0.246862;0.240882;-0.235663;0.24079;-0.24615;0.187005;0.104334;0.184131;-0.0148934;0.164835;-0.0157207;0.00042115;0.1897;-0.000399422;0.0870806;0.00033352;0.112789;0;1;0;1;0;1;
53;0.271592;-0.262976;0.270303;-0.257755;0.271541;-0.274677;0.153632;0.120199;0.151954;0.0254505;0.140685;0.0116409;0.000245582;0.153202;0.00419325;0.0764063;0.000194261;0.0983721;0;1;0.329957;1;0;1;
54;0.287555;-0.260725;0.282333;-0.261549;0.271876;-0.28977;0.106915;0.131659;0.105941;0.0650211;0.0993588;0.0416388;0.000143176;0.120728;0.0519243;0.0547372;0.0280642;0.0676475;0;1;1;1;0.731519;1;
55;0.285559;-0.278119;0.282232;-0.262928;0.259441;-0.287712;0.0424749;0.148144;0.0597249;0.111506;0.0743736;0.0942515;0.0275231;0.0705179;0.0724207;0.0319719;0.0838033;0.0395123;0.254055;1;1;1;1;0.69431;
56;0.254332;-0.321443;0.261468;-0.269699;0.228825;-0.288217;-0.0393256;0.138844;-0.0190915;0.171839;0.0564982;0.119189;0.074612;0.0411821;0.0880232;0.0186753;0.152139;0.0230768;0.837811;0.306473;1;0.412713;1;0.84857;
57;0.207912;-0.294426;0.219904;-0.264208;0.179597;-0.275023;-0.109699;0.17843;-0.0973738;0.1977;0.0504426;0.166952;0.0911544;0.0240498;0.08354;0.0109068;0.219343;0.0134764;0.895298;0;1;0.40707;1;0.190258;
58;0.172851;-0.261223;0.186298;-0.243576;0.150213;-0.249891;-0.12864;0.214288;-0.123524;0.225542;0.0420523;0.207585;0.100984;0.0140445;0.0935461;0.00636891;0.230684;0.00786961;1;0;1;0;1;0;
59;0.125644;-0.220478;0.140553;-0.210173;0.108799;-0.213861;-0.130969;0.237651;-0.122241;0.244224;0.0315528;0.233737;0.10221;0.00820143;0.0868179;0.00371883;0.224641;0.00459527;1;0;1;0;1;0;
60;0.111285;-0.170175;0.123335;-0.164156;0.0541267;-0.16631;-0.138641;0.250538;-0.117644;0.254376;0.0307535;0.248252;0.0853218;0.00478905;0.0932346;0.0021712;0.223621;0.00268307;1;0;1;0;1;0;
61;0.0708132;-0.10521;0.0778584;-0.101695;0.0374363;-0.102953;-0.133946;0.250071;-0.125715;0.252673;0.0294049;0.252273;0.0961323;0.00279625;0.0924749;0.00126739;0.209992;0.00156633;1;0;1;0;1;0;
62;-0.000425414;-0.0196686;0.00370007;-0.017616;-0.0199109;-0.0183506;-0.120157;0.24354;-0.123125;0.241826;0.0259276;0.244021;0.0872559;0.00163245;0.0825202;0.000739607;0.202995;0.000914158;1;0;1;0;1;0;
63;-0.091898;0.0801581;-0.0894781;0.0813567;-0.103269;0.0809276;-0.101902;0.221886;-0.113078;0.223721;0.027679;0.220614;0.085935;0.000952849;0.0795985;0.000431897;0.192819;0.000533297;1;0;1;0.218375;1;0;
64;-0.174921;0.168065;-0.173507;0.168759;-0.18155;0.168515;-0.0664579;0.209918;-0.0895855;0.220092;0.0317079;0.189431;0.0995547;0.000556083;0.0874136;0.00462206;0.164766;0.000310943;1;0;1;0.435583;1;0;
65;-0.225535;0.228366;-0.231551;0.18388;-0.17851;0.228629;-0.0272323;0.192861;-0.0724659;0.198804;0.0318973;0.180896;0.103814;0.000324216;0.0510632;-0.020915;0.153436;0.000181149;1;0;1;0.985998;1;0;
66;-0.247464;0.232549;-0.266403;0.172368;-0.200468;0.264699;-0.00455047;0.163274;-0.0487526;0.172238;0.0466266;0.156284;0.0918815;0.0160512;0.0298258;-0.0105718;0.132664;0.000105316;1;0.159857;1;1;1;0;
67;-0.245397;0.23135;-0.264708;0.171978;-0.204718;0.284221;0.0129268;0.136107;-0.0334255;0.13498;0.066254;0.116825;0.0685221;0.0535452;0.0174133;0.0303071;0.103295;6.10256e-05;0.507831;0.656282;1;1;1;0;
68;-0.269818;0.217302;-0.264722;0.185294;-0.209456;0.297033;0.0145784;0.118237;0.00729471;0.0743497;0.0656949;0.0595746;0.0400169;0.119415;0.00191017;0.0534364;0.0603348;0.0162922;0.263894;0.726028;1;1;0.634207;1;
69;-0.278446;0.220043;-0.253421;0.202586;-0.243195;0.316651;0.0606126;0.0897886;0.0563595;0.0152659;0.0904641;-0.00756884;0.0233694;0.184182;-0.0421054;0.102865;0.0352347;0.0852667;0;1;1;1;0;1;
70;-0.273209;0.187407;-0.258815;0.171252;-0.252623;0.295522;0.125783;0.0902761;0.123297;-0.0572238;0.143216;-0.0862333;0.0136473;0.251021;-0.027804;0.125299;0.0205766;0.0846329;0;1;1;1;0;1;
71;-0.254062;0.166092;-0.250174;0.142523;-0.242039;0.267096;0.181562;0.0821219;0.180107;-0.0809183;0.191743;-0.11111;0.00796958;0.271915;-0.0241892;0.140242;0.0120162;0.0786059;0;1;0.478902;1;0;1;
72;-0.222574;0.0915549;-0.220305;0.122924;-0.215554;0.230189;0.218355;0.0502856;0.217504;-0.0849378;0.2243;-0.0888316;0.00465383;0.249966;-0.0141273;0.150394;0.00701676;0.117228;0;1;0;1;0;1;
73;-0.179408;0.0625787;-0.178083;0.0722418;-0.175308;0.183856;0.239639;0.0562794;0.239143;-0.0870317;0.243111;-0.109336;0.00271742;0.25185;-0.0082506;0.140524;0.00409709;0.104191;0;1;0;1;0;1;
74;-0.12157;0.00448379;-0.120797;0.0140928;-0.119176;0.12417;0.250265;0.0529503;0.249975;-0.0841146;0.252292;-0.108399;0.00158654;0.244341;-0.00481877;0.135121;0.00239206;0.0990293;0;1;0;1;0;1;
75;-0.0433691;-0.0250137;-0.0429172;-0.0550861;-0.0419715;0.0448977;0.248271;0.0503781;0.246732;-0.0659975;0.245657;-0.115086;0.00092611;0.228555;-0.00281451;0.148356;0.00139628;0.0919131;0;1;0;1;0;1;
76;0.0537572;-0.0936922;0.054021;-0.135344;0.0545735;-0.0528458;0.225287;0.0606419;0.228258;-0.0517381;0.228707;-0.117052;0.000540434;0.225156;-0.0016441;0.144751;0.000814787;0.0827782;0;1;0;1;0;1;
77;0.147105;-0.170419;0.147256;-0.212944;0.147581;-0.146551;0.202729;0.0721994;0.197611;-0.0215303;0.196302;-0.100279;0.000315231;0.212861;-0.0039023;0.144136;0.000475211;0.080939;0;1;0.286929;1;0;1;
78;0.214883;-0.19637;0.178042;-0.263675;0.215162;-0.213474;0.193453;0.0808501;0.187683;0.0217609;0.160572;-0.0830897;0.000183764;0.177906;-0.00176121;0.163172;0.000277149;0.0773713;0;1;0.225922;1;0;1;
79;0.183367;-0.181907;0.227683;0.108491;-0.136818;0.137866;0.0565299;0.0555615;0.053156;0.0691601;0.0373384;0.00793776;0.110234;0.103873;-0.0444789;-0.0400964;0.000161665;0.0819247;0;1;1;1;0;0;
80;0.237299;-0.194237;0.232415;-0.0612602;-0.0283964;-0.0411082;0.049578;0.0308361;0.0518062;0.0574485;0.078158;-0.00872744;0.0643783;0.0695735;-0.0508876;0.105814;0.0145792;0.0478522;0;1;1;0.484832;0.529641;1;
81;0.265567;-0.201369;0.235838;-0.0355096;0.0126909;-0.151556;0.0553593;0.0532048;0.0347597;0.0789466;0.0535988;-0.0151945;0.0519302;0.0406354;-0.0465273;0.0617993;0.0472919;0.0279448;0.868989;1;1;1;0.795186;0;
82;0.277872;-0.230255;0.217157;-0.0267043;0.0307189;-0.211291;-0.00737956;0.0707784;-0.00927623;0.0929853;0.0253236;0.0308334;0.0361813;0.00954883;-0.0269465;0.0360834;0.0905803;0.0163191;0.0136058;0.93013;1;1;1;0;
83;0.297026;-0.246454;0.234975;-0.078963;0.0390126;-0.237412;-0.0726641;0.122988;-0.0870566;0.135958;0.00124514;0.0996611;0.0985037;-0.000857922;0.0569793;0.0164561;0.151023;0.00953001;0.956271;0;1;0.781457;1;0;
84;0.272898;-0.243366;0.231625;-0.145551;0.121028;-0.235277;-0.0902524;0.17695;-0.155952;0.184528;0.0103762;0.163328;0.13025;-0.000501381;0.0388904;0.0068602;0.196552;0.00556497;0.996103;0;1;0.554814;1;0;
85;0.239534;-0.222287;0.196391;-0.165164;0.114363;-0.217563;-0.0997595;0.215182;-0.181727;0.219607;0.0129509;0.207226;0.130487;-0.000293227;0.0280626;0.00400615;0.205947;0.00324934;1;0;1;0.148878;1;0;
86;0.196735;-0.186662;0.132681;-0.153302;0.0382194;-0.183903;-0.107168;0.238048;-0.180692;0.240632;0.00280552;0.233402;0.119234;-0.000171744;0.0392315;0.00233898;0.196523;0.00189703;1;0;1;0;1;0;
87;0.141728;-0.13584;0.0743382;-0.116358;0.000840059;-0.134229;-0.102048;0.249959;-0.18015;0.251468;-0.00319872;0.247246;0.117056;-0.000100837;0.0355864;0.00136539;0.186856;0.00110732;1;0;1;0;1;0;
88;0.0686177;-0.0651645;-0.0023955;-0.0537876;-0.048025;-0.064224;-0.101613;0.248512;-0.184029;0.250708;-0.00332711;0.250757;0.120809;-5.94157e-05;0.0327671;0.000796852;0.178741;0.000646085;1;0;1;0;1;0;
89;-0.0249432;0.0272366;-0.102586;0.0338811;-0.093347;0.0277865;-0.0785205;0.232338;-0.182859;0.233826;-0.00550157;0.232417;0.120307;-3.52135e-05;0.0259818;0.000465056;0.168788;0.000376757;1;0;1;0.116957;1;0;
90;-0.117924;0.124145;-0.219555;0.100353;-0.162738;0.124467;-0.0521548;0.207603;-0.165502;0.214399;-0.00732663;0.213;0.13033;-2.10749e-05;0.0191024;-0.0164154;0.162457;0.000219514;1;0;1;0.688814;1;0;
91;-0.193793;0.199464;-0.33584;0.0974785;-0.182279;0.199653;-0.0209887;0.200857;-0.166924;0.204826;0.00441576;0.204009;0.130974;-1.27278e-05;0.00524884;-0.0403137;0.163587;0.000127725;1;0;1;1;1;0;
92;-0.20038;0.247632;-0.346687;0.100485;-0.189409;0.247742;-0.0019052;0.179234;-0.138401;0.181554;0.0175489;0.181075;0.118184;-7.77795e-06;-0.0263692;-0.0242214;0.138749;7.39904e-05;1;0;1;1;1;0;
93;-0.194309;0.275302;-0.333522;0.114926;-0.187997;0.275366;0.0328382;0.144926;-0.12108;0.146286;0.0184575;0.146001;0.106891;-4.89611e-06;-0.0241521;-0.0175744;0.102734;4.2719e-05;0.994203;0;1;1;0.73855;0;
94;-0.21156;0.289225;-0.357347;0.151488;-0.216642;0.289263;0.0872922;0.0961541;-0.0822294;0.102539;0.0138826;0.0967814;0.0882908;-3.18884e-06;-0.0866956;-0.0102621;0.0600028;2.46782e-05;0.875788;0;1;1;0.0346643;0;
95;-0.22193;0.28559;-0.33495;0.209469;-0.250911;0.293322;0.115028;0.0440464;-0.0287887;0.0324371;0.0355627;0.0290613;0.0515677;0.099686;-0.139201;0.0190334;0.0350407;1.38382e-05;0.509534;0.859297;1;1;0;0;
96;-0.246579;0.263978;-0.312585;0.148778;-0.263505;0.2893;0.138498;0.0183148;0.0544965;-0.0506158;0.0920905;-0.0543533;0.0301149;0.161938;-0.121229;0.0611193;0.0204631;7.67622e-06;0;0;1;1;0;0;
97;-0.24802;0.239207;-0.288215;0.147159;-0.257905;0.285856;0.181729;0.0098713;0.132663;-0.119551;0.154627;-0.132591;0.0175866;0.2206;-0.106884;0.0634158;0.0119499;-0.0047913;0;0.729892;1;1;0;0.554642;
98;-0.230679;0.238021;-0.272145;0.0996178;-0.236452;0.252776;0.217074;0.0151292;0.188409;-0.134691;0.201247;-0.188376;0.01027;0.236933;-0.114483;0.0740349;0.0069782;0.00474183;0;0.599927;1;1;0;1;
