1;-0.000363588;0.000116065;9.94839e-05;-0.000363588;0.000116065;9.94839e-05;0.0349769;0.0347456;0.0352595;0.0349769;0.0347456;0.0352594;0.808667;0.808665;0.808666;0.808667;0.808665;0.808666;0;0;0;0;0;0;
2;-0.0252597;-0.00559211;-0.00457988;0.0639366;0.00631804;0.00544927;0.169405;0.163417;0.166231;0.194078;0.187314;0.139033;0.472369;0.472366;0.472371;0.472397;0.472409;0.472341;1;1;1;0;0;1;
3;-0.0183452;-0.00604064;-0.00438659;0.0407782;-0.011433;-0.00978595;0.118431;0.113669;0.114102;0.115167;0.112621;0.10993;0.275894;0.275895;0.275894;0.275916;0.275923;0.275875;0.672116;0.728101;0.724089;0.567454;0.79074;1;
4;-0.0100794;-0.00416206;-0.00411557;0.0231819;-0.00807155;-0.00870363;0.0746743;0.0765013;0.0794651;0.0789;0.0800543;0.0803351;0.161139;0.161141;0.161139;0.161152;0.161156;0.161127;1;0.939293;1;0.791704;1;1;
5;-0.00500986;-0.00324552;-0.00285012;0.0126638;-0.00383808;-0.00595931;0.0579526;0.0637256;0.0671518;0.0611888;0.063731;0.0666565;0.0941161;0.0941176;0.0941174;0.0941246;0.0941267;0.0941095;1;0.928901;1;0.778331;1;1;
6;-0.00181789;-0.00403159;-0.00187806;0.00628925;-0.00113421;-0.00458765;0.0458329;0.0522511;0.0548209;0.0501434;0.0513847;0.0551869;0.0549715;0.0549732;0.0549741;0.0549771;0.0549789;0.0549687;1;0.926021;1;0.760768;1;1;
7;0.000182207;-0.00428089;-0.0011081;0.00243028;0.000580783;-0.00392241;0.0366337;0.0439511;0.0454796;0.0424837;0.0431687;0.0476081;0.032109;0.0321106;0.0321122;0.0321128;0.0321144;0.0321083;1;0.910263;1;0.73122;1;1;
8;0.00373777;-0.00364071;-0.000286613;0.000286112;0.00254959;-0.00342422;0.0302815;0.0390093;0.0389058;0.0384287;0.037838;0.0430734;0.018756;0.0187571;0.0187595;0.0187585;0.0187604;0.0187561;1;0.881599;1;0.719118;1;1;
9;0.00414972;-0.00283133;-0.00172707;-0.000330331;0.00351971;-0.00253814;0.0253193;0.0362775;0.0332316;0.0368256;0.0338475;0.0415152;0.0109572;0.0109575;0.011462;0.0109584;0.0109611;0.0109575;1;0.834627;1;0.703382;1;1;
10;0.00173568;-0.000761507;-0.0049177;0.000702257;0.00116098;-0.000587229;0.0212653;0.0351751;0.0282325;0.0370099;0.0304585;0.0416479;0.00640231;0.00640174;0.00912741;0.00640247;0.00898156;0.00640243;1;1;1;0.68231;1;1;
11;-0.0026313;0.00320037;-0.00657617;0.00405584;-0.00296692;0.00330272;0.0176086;0.0350483;0.0242181;0.0383698;0.0283914;0.0432095;0.00460636;0.00374058;0.00835883;0.00374129;0.00890838;0.0037418;1;1;1;0.65806;1;1;
12;-0.00983499;0.0101671;-0.0121403;0.0106677;-0.0100307;0.0102278;0.0150113;0.0355233;0.0211496;0.0399769;0.0269779;0.0450989;0.00389697;0.00218619;0.00722013;0.0021868;0.00976177;0.0021878;1;1;1;0.642269;1;1;
13;-0.0211997;0.0213929;-0.0225474;0.0216869;-0.0213134;0.0214299;0.014095;0.0358474;0.0189782;0.0406839;0.0268734;0.0456437;0.00349752;0.00127859;0.00605811;0.00127881;0.00999929;0.00194604;1;1;1;0.643407;1;1;
14;-0.0378743;0.0379858;-0.0386629;0.0381599;-0.03794;0.0380097;0.0167515;0.0355102;0.0207424;0.0381489;0.0279004;0.043177;0.00300879;0.00197364;0.00368656;0.000748643;0.00917038;0.00312355;1;1;1;0.680366;1;1;
15;-0.0601963;0.0602593;-0.0606586;0.0603645;-0.0602338;0.0602767;0.0260215;0.0340764;0.0293959;0.0297776;0.0322391;0.0351321;0.00336014;0.00835791;0.00215499;0.00081659;0.00535821;0.00514;1;0.808792;1;0.776469;0.982815;1;
16;-0.086668;0.0867025;-0.0869386;0.0867667;-0.0866879;0.0867151;0.0462403;0.0265411;0.0507081;0.011031;0.038144;0.0179219;0.00254497;0.0165056;-0.00127742;0.005149;0.00312938;0.0110575;1;1;1;0.945968;0.573693;1;
17;-0.113077;0.113095;-0.113235;0.113136;-0.11309;0.113106;0.0598837;0.00849537;0.0624939;-0.0264282;0.0551534;-0.0193826;0.00148801;0.0301661;-0.000745024;0.0118854;0.00182765;0.0237153;1;1;1;1;1;1;
18;-0.132776;0.132786;-0.132868;0.13281;-0.132784;0.132792;0.0965368;-0.018558;0.0980613;-0.0769929;0.0937742;-0.0728736;0.00086863;0.0523004;-0.000435681;0.0137975;0.00106695;0.0216634;1;1;1;0.828045;1;1;
19;-0.138298;0.138303;-0.138351;0.138317;-0.138302;0.138307;0.14416;-0.0756764;0.145051;-0.13274;0.142547;-0.130329;0.000506892;0.0615507;-0.000254837;0.0218765;0.000622666;0.0285642;0;1;0.317693;0.778517;0;1;
20;-0.123558;0.123562;-0.12359;0.123569;-0.123561;0.123563;0.186313;-0.121048;0.186833;-0.179637;0.185371;-0.178225;0.000295604;0.0505097;-0.000149246;0.0167189;0.000363179;0.0186795;0;1;0;0.85813;0;1;
21;-0.0843805;0.0843823;-0.0843987;0.0843863;-0.084382;0.084383;0.215128;-0.152032;0.215432;-0.211224;0.214578;-0.207203;0.000172164;0.0332385;-8.76394e-05;0.0102197;0.00021161;0.0109128;0;1;0;0.915189;0;1;
22;-0.0173019;0.017303;-0.0173126;0.0173053;-0.0173028;0.0173035;0.230653;-0.171808;0.23083;-0.222293;0.230332;-0.210122;0.000100054;0.0194166;-5.16768e-05;0.00597058;0.000123067;0.00637445;0;1;0;0.964151;0;1;
23;0.0725472;-0.0725461;0.072541;-0.0725451;0.0725467;-0.0725461;0.229483;-0.170913;0.229511;-0.209476;0.229965;-0.203638;5.79764e-05;0.0113396;-3.06471e-05;0.00348687;7.13329e-05;0.00372318;0;1;0;1;0;1;
24;0.15962;-0.15962;0.159616;-0.159619;0.15962;-0.15962;0.222718;-0.146468;0.222734;-0.180806;0.222999;-0.185536;3.33702e-05;0.00662026;-1.83874e-05;-0.00415972;4.11167e-05;-0.00160565;0;1;0;1;0;1;
25;0.222491;-0.222492;0.222489;-0.222491;0.222491;-0.222492;0.203311;-0.111693;0.203321;-0.134002;0.203476;-0.150772;1.90206e-05;-0.00625753;-1.12095e-05;-0.011691;2.34842e-05;-0.00983256;0;1;0;1;0;1;
26;0.261128;-0.261131;0.261127;-0.261129;0.261128;-0.261129;0.173068;-0.0720608;0.173073;-0.0734724;0.173164;-0.115318;1.06257e-05;-0.0252475;-7.0276e-06;-0.0122177;1.32505e-05;-0.00574381;0;1;0;1;0;1;
27;0.282493;-0.282497;0.282492;-0.282495;0.282493;-0.282495;0.131535;-0.0115618;0.131536;-0.029806;0.131589;-0.0978047;7.01639e-06;-0.032125;-4.48565e-06;-0.0155681;7.50038e-06;-0.00335427;1;1;0;1;0.506546;1;
28;0.291256;-0.292159;0.292154;-0.292255;0.292155;-0.292157;0.0748981;0.0310627;0.0748953;0.0121884;0.0749271;-0.0551936;0.0106756;-0.018765;-2.04788e-06;-0.00909312;5.06467e-06;-0.00733508;1;1;1;0.922105;1;1;
29;0.28496;-0.308907;0.287465;-0.300848;0.305345;-0.300653;-0.000531465;0.0624203;-0.000537016;0.0514018;-0.000515499;0.0120529;0.0254746;-0.013592;0.0161896;-0.00530918;0.0600885;-0.00518421;1;1;1;0.405378;1;1;
30;0.277879;-0.293212;0.279111;-0.288506;0.29113;-0.288393;-0.0853746;0.121524;-0.0853727;0.11509;-0.0580606;0.0921105;0.0262075;-0.00793808;0.0282811;-0.00310099;0.0689872;-0.00370006;1;0;1;1;1;1;
31;0.259937;-0.268893;0.260657;-0.266144;0.267675;-0.266078;-0.156211;0.177328;-0.156201;0.17357;-0.11794;0.16015;0.0228933;-0.00463626;0.0327031;-0.00181136;0.0648974;-0.00216123;1;0;1;0;1;0;
32;0.2298;-0.235032;0.230221;-0.233427;0.234319;-0.233388;-0.203282;0.21562;-0.203271;0.213425;-0.158269;0.205588;0.0134452;-0.00270802;0.0191046;-0.00105827;0.0422363;-0.00126257;1;0;1;0;1;0;
33;0.188375;-0.191431;0.188621;-0.190494;0.191014;-0.190471;-0.231012;0.238221;-0.222919;0.236939;-0.181977;0.232363;0.00785511;-0.00158197;0.0111592;-0.000618528;0.0246733;-0.000737838;1;0;1;0;1;0;
34;0.133246;-0.13503;0.13339;-0.134483;0.134787;-0.13447;-0.245263;0.249842;-0.224545;0.249094;-0.196588;0.246421;0.00458891;-0.000924415;0.00651745;-0.000361722;0.0144115;-0.000431397;1;0;1;0;1;0;
35;0.0587835;-0.0598256;0.0588677;-0.059506;0.0596836;-0.0594983;-0.240822;0.249366;-0.222169;0.249918;-0.200038;0.249376;0.00267929;-0.000540408;0.00380594;-0.000211754;0.00841545;-0.000252438;1;0;1;0;1;0;
36;-0.036152;0.0355434;-0.0361026;0.0357301;-0.0356258;0.0357345;-0.224789;0.23051;-0.21504;0.232799;-0.189693;0.233334;0.00156306;-0.000316163;0.00222174;-0.000124174;0.00491167;-0.000147945;1;0;1;0;1;0;
37;-0.132344;0.131989;-0.132315;0.132098;-0.132037;0.1321;-0.194651;0.205833;-0.196065;0.205217;-0.163968;0.204129;-0.00829127;-0.000185206;-0.00877583;-7.29919e-05;-0.00672161;-8.68833e-05;1;0;1;0;1;0;
38;-0.205101;0.204893;-0.205084;0.204956;-0.204922;0.204958;-0.145003;0.198171;-0.163581;0.19781;-0.136565;0.197175;-0.0119966;-0.000108655;-0.0099798;-4.30932e-05;-0.0224984;-5.12012e-05;1;0;1;0;1;0;
39;-0.251002;0.25088;-0.250993;0.250917;-0.250899;0.250918;-0.102409;0.175682;-0.152982;0.175471;-0.0867767;0.175101;-0.0119415;-6.39323e-05;-0.00582926;-2.5611e-05;-0.0285094;-3.03516e-05;1;0;1;0;1;0;
40;-0.277112;0.277039;-0.277107;0.277061;-0.277054;0.277062;-0.0398646;0.140322;-0.127066;0.1402;-0.0345436;0.139983;-0.0144191;-3.77761e-05;-0.00453833;-1.51888e-05;-0.028504;-1.81469e-05;1;0;1;0.279177;1;0;
41;-0.28997;0.289926;-0.289967;0.289937;-0.289938;0.289939;0.0277234;0.0900017;-0.0822585;0.0899335;0.00398538;0.0898031;-0.016157;-2.16049e-05;-0.00582629;0.00975129;-0.0224284;-1.03968e-05;1;1;1;1;1;1;
42;-0.305713;0.282542;-0.303523;0.281828;-0.321469;0.293154;0.0481255;0.0206339;-0.0161053;0.0205994;0.0342576;0.0205153;-0.00943335;0.0321945;-0.00790465;0.0321412;-0.0134742;0.00891665;1;1;1;1;0.893091;0.768305;
43;-0.294472;0.253329;-0.293194;0.267814;-0.303674;0.286567;0.103402;-0.038687;0.065893;-0.0632587;0.0953031;-0.0633058;-0.00550938;0.0719591;-0.00697949;0.0274991;-0.00786935;0.0208564;1;1;1;1;1;1;
44;-0.274345;0.224093;-0.273599;0.258775;-0.279719;0.269728;0.162981;-0.0986319;0.141076;-0.13953;0.158251;-0.13955;-0.00321789;0.0693963;-0.00407641;0.0320647;-0.00459609;0.0356876;0;1;0.752572;1;0;1;
45;-0.243993;0.214643;-0.243557;0.234898;-0.247131;0.241296;0.206515;-0.143087;0.193723;-0.192812;0.203753;-0.19282;-0.00187965;0.0509824;-0.00238101;0.0243117;-0.00268456;0.0208484;0;1;0;1;0;1;
46;-0.203763;0.186622;-0.203508;0.198451;-0.205595;0.202188;0.233086;-0.17337;0.225615;-0.225079;0.231473;-0.221663;-0.00109819;0.0297834;-0.00139098;0.0142027;-0.00156826;0.0121786;0;1;0;1;0;1;
47;-0.151717;0.141706;-0.151569;0.148615;-0.152787;0.150797;0.247405;-0.192886;0.243042;-0.242312;0.246463;-0.225839;-0.000641841;0.0173975;-0.000812828;0.00829681;-0.000916392;0.00711281;0;1;0;1;0;1;
48;-0.0824819;0.0766357;-0.0823951;0.0806703;-0.0831069;0.0819451;0.252669;-0.199721;0.250668;-0.241445;0.252496;-0.223743;-0.000375337;0.01016;-0.000475201;0.00484545;-0.000535724;0.00415367;0;1;0;1;0;1;
49;0.00806493;-0.0114787;0.0081156;-0.00912288;0.00769999;-0.00837816;0.238791;-0.19377;0.23994;-0.230086;0.234757;-0.218625;-0.000219709;0.00593098;-0.00027803;0.00282847;-0.000313429;0.00242489;0;1;0;1;0;1;
50;0.107165;-0.109158;0.107194;-0.107782;0.106952;-0.107348;0.213586;-0.171177;0.213191;-0.204507;0.215275;-0.203276;-0.000128802;-0.00950346;-0.000162876;-0.00673495;-0.000183591;-0.0066258;0;1;0;1;0;1;
51;0.187753;-0.188918;0.18777;-0.188114;0.187629;-0.18786;0.207102;-0.143788;0.206872;-0.164036;0.208089;-0.173616;-7.56689e-05;-0.0182216;-9.55735e-05;-0.0140538;-0.000107741;-0.0110656;0;1;0;1;0;1;
52;0.240559;-0.241241;0.240569;-0.24077;0.240486;-0.240623;0.186189;-0.107207;0.186054;-0.11336;0.186765;-0.141855;-4.46744e-05;-0.0259402;-5.63001e-05;-0.0145728;-6.33897e-05;-0.00646449;0;1;0;1;0;1;
53;0.271406;-0.271806;0.271412;-0.271531;0.271364;-0.271445;0.153156;-0.0518663;0.153077;-0.0644563;0.153492;-0.127263;-2.59983e-05;-0.0335676;-3.32985e-05;-0.0168491;-3.75126e-05;-0.00377519;0.890715;1;0;1;0;1;
54;0.287447;-0.287684;0.28745;-0.287521;0.287422;-0.287471;0.10664;-0.00262364;0.106591;-0.00812564;0.106833;-0.0915143;0.000282291;-0.02244;-1.9558e-05;-0.0220347;-2.22754e-05;-0.00508622;1;1;0.901099;1;0;1;
55;0.28535;-0.315035;0.293149;-0.29363;0.291987;-0.293163;0.0423207;0.018433;0.0422861;0.0264375;0.0424272;-0.0334776;0.0159752;-0.0131088;-1.08155e-05;-0.0128658;0.00832774;-0.00613754;1;1;1;1;1;1;
56;0.272152;-0.30259;0.279486;-0.290153;0.270627;-0.291083;-0.0394193;0.0749075;-0.0394404;0.0795828;-0.0253352;0.0445952;0.0256862;-0.0172038;0.0172235;-0.00751441;0.0659567;-0.00771686;1;1;1;0.780996;1;1;
57;0.26564;-0.283417;0.269652;-0.276154;0.245935;-0.276697;-0.12036;0.141091;-0.120364;0.143822;-0.0869764;0.123389;0.0265563;-0.0100474;0.0379737;-0.00438876;0.0694071;-0.00452922;1;0;1;0;1;1;
58;0.244411;-0.254794;0.246753;-0.250552;0.232902;-0.250869;-0.18037;0.192483;-0.180366;0.194077;-0.135572;0.182145;0.0182369;-0.0058681;0.0247163;-0.00256345;0.0540925;-0.00264544;1;0;1;0;1;0;
59;0.210659;-0.216724;0.212027;-0.214247;0.203938;-0.214432;-0.217839;0.224917;-0.216712;0.225848;-0.162514;0.21888;0.0106546;-0.00342742;0.0144386;-0.00149752;0.0351088;-0.00154539;1;0;1;0;1;0;
60;0.164441;-0.167982;0.165239;-0.166536;0.160515;-0.166644;-0.238964;0.243101;-0.221123;0.243645;-0.187634;0.239575;0.0062252;-0.00200212;0.00843342;-0.000875045;0.0205094;-0.000903007;1;0;1;0;1;0;
61;0.101862;-0.10393;0.102328;-0.103085;0.0995693;-0.103148;-0.244699;0.251556;-0.222026;0.251874;-0.19694;0.249497;0.00363606;-0.00116978;0.00492557;-0.000511533;0.0119787;-0.000527864;1;0;1;0;1;0;
62;0.0177132;-0.018921;0.0179856;-0.0184276;0.0163751;-0.0184645;-0.234407;0.242222;-0.21913;0.243216;-0.195241;0.244837;0.00212238;-0.000683707;0.00287622;-0.000299246;0.00699403;-0.000308772;1;0;1;0;1;0;
63;-0.0812999;0.0805946;-0.0811407;0.0808826;-0.082081;0.0808611;-0.211682;0.218611;-0.207296;0.22307;-0.176898;0.223959;-0.00322858;-0.000399827;-0.00161934;-0.000175266;-0.00291532;-0.00018085;1;0;1;0;1;0;
64;-0.168732;0.16832;-0.16864;0.168488;-0.169189;0.168476;-0.17427;0.18954;-0.181248;0.216777;-0.14858;0.217297;-0.0116589;-0.000234045;-0.0161364;-0.000102814;-0.0155144;-0.000106083;1;0;1;0;1;0;
65;-0.228756;0.228514;-0.228701;0.228613;-0.229023;0.228605;-0.123994;0.18096;-0.14908;0.196867;-0.114759;0.19717;-0.013682;-0.00013715;-0.00942567;-6.0513e-05;-0.0206656;-6.24254e-05;1;0;1;0;1;0;
66;-0.264775;0.264633;-0.264743;0.26469;-0.264931;0.264686;-0.0744427;0.156321;-0.137454;0.16561;-0.0578617;0.165788;-0.0115119;-8.05623e-05;-0.00550439;-3.57717e-05;-0.0304284;-3.68984e-05;1;0;1;0;1;0;
67;-0.284267;0.284182;-0.284248;0.284215;-0.284359;0.284213;-0.00208043;0.116847;-0.105827;0.122274;-0.0105978;0.122375;-0.015588;-4.73399e-05;-0.00416905;-1.99883e-05;-0.0293113;-2.17668e-05;1;0.18962;1;1;1;0.638636;
68;-0.293089;0.292469;-0.292509;0.291543;-0.292574;0.292487;0.0593073;0.0595868;-0.053146;0.0627593;0.00277273;0.0628131;-0.00910274;0.00638447;-0.00434041;0.0129193;-0.0171214;-1.25911e-05;1;1;1;1;1;1;
69;-0.296432;0.272812;-0.302166;0.275713;-0.308069;0.285262;0.0867342;-0.012671;0.0210645;-0.0154369;0.053717;-0.0154113;-0.00531645;0.0587782;-0.0099214;0.0350341;-0.0134808;0.0174664;1;1;1;1;1;1;
70;-0.283713;0.246652;-0.287062;0.268995;-0.290508;0.277183;0.141038;-0.0705551;0.102687;-0.0993936;0.121756;-0.0993724;-0.00310519;0.069163;-0.0064051;0.024711;-0.00787313;0.0311207;0;1;1;1;0;1;
71;-0.260196;0.226244;-0.262152;0.251599;-0.264165;0.256382;0.190471;-0.124566;0.168074;-0.166144;0.17921;-0.166125;-0.00181384;0.059914;-0.00374096;0.0248657;-0.00459832;0.0265115;0;1;0;1;0;1;
72;-0.226157;0.206326;-0.227299;0.221135;-0.228475;0.223929;0.223557;-0.156277;0.210478;-0.209344;0.216981;-0.20933;-0.00105975;0.0392886;-0.00218514;0.0157715;-0.00268587;0.0154874;0;1;0;1;0;1;
73;-0.1815;0.169918;-0.182167;0.178567;-0.182854;0.180199;0.242677;-0.180093;0.235039;-0.234313;0.238837;-0.224445;-0.000619395;0.022952;-0.00127662;0.009215;-0.00156904;0.00904615;0;1;0;1;0;1;
74;-0.122792;0.116028;-0.123182;0.121079;-0.123583;0.122033;0.252039;-0.195249;0.247578;-0.240685;0.249796;-0.22374;-0.000362232;0.0134063;-0.000746044;0.00538342;-0.000916859;0.00528325;0;1;0;1;0;1;
75;-0.044083;0.040133;-0.0443106;0.0430827;-0.0445447;0.0436399;0.248274;-0.195899;0.248388;-0.235948;0.248245;-0.222445;-0.000212053;0.00782839;-0.000436195;0.00314384;-0.000535998;0.00308509;0;1;0;1;0;1;
76;0.0533402;-0.0556466;0.0532073;-0.0539245;0.0530707;-0.0535988;0.229223;-0.18346;0.231649;-0.219536;0.224896;-0.213331;-0.000124341;0.00456918;-0.000255254;0.00183453;-0.000313588;-0.00320309;0;1;0;1;0;1;
77;0.146861;-0.148208;0.146783;-0.147202;0.146704;-0.147012;0.207454;-0.157629;0.224068;-0.185037;0.20088;-0.190332;-7.29385e-05;-0.00668687;-0.000149544;-0.00985092;-0.00018366;-0.0142437;0;1;0;1;0;1;
78;0.214741;-0.215529;0.214696;-0.214941;0.214649;-0.21483;0.196211;-0.125706;0.205914;-0.134856;0.192373;-0.157375;-4.3154e-05;-0.0223281;-8.78109e-05;-0.0151624;-0.00010776;-0.00832014;0;1;0;1;0;1;
79;0.256682;-0.257144;0.256656;-0.2568;0.256629;-0.256736;0.171044;-0.0748019;0.17671;-0.0897426;0.168802;-0.140043;-2.56532e-05;-0.0270508;-5.17508e-05;-0.0115313;-6.33934e-05;-0.00485976;0;1;0;1;0;1;
80;0.280119;-0.280391;0.280103;-0.280189;0.280088;-0.280151;0.133103;-0.0188805;0.136411;-0.0261819;0.131793;-0.114997;-1.4653e-05;-0.0278875;-3.06365e-05;-0.018661;-3.74719e-05;-0.002839;0.904387;1;0;1;0;1;
81;0.291141;-0.291304;0.291134;-0.291189;0.291125;-0.291163;0.0795915;0.0170081;0.0815179;0.0431859;0.0788206;-0.0690086;0.0121148;-0.0205029;-1.77375e-05;-0.0150142;-2.17981e-05;-0.0042594;1;1;1;1;0.749073;1;
82;0.279593;-0.312979;0.292555;-0.302769;0.280399;-0.303275;0.00678443;0.0496392;0.0079014;0.06493;0.00633139;-0.000589578;0.0352149;-0.0124119;0.0145462;-0.00876754;0.0513015;-0.00574668;1;1;1;1;1;1;
83;0.26451;-0.296798;0.28487;-0.290835;0.255591;-0.291132;-0.0776848;0.110643;-0.0770283;0.119573;-0.0520016;0.0813109;0.0264877;-0.00724891;0.0275819;-0.00512057;0.0710616;-0.00466849;1;0;1;0;1;1;
84;0.253909;-0.272767;0.2658;-0.269285;0.245599;-0.269458;-0.150487;0.169741;-0.150096;0.174956;-0.112801;0.152611;0.0267983;-0.00423378;0.0304342;-0.0029908;0.0634956;-0.00272678;1;0;1;0;1;0.640781;
85;0.228442;-0.239457;0.235388;-0.237423;0.223589;-0.237524;-0.199721;0.210972;-0.199488;0.214017;-0.148287;0.200968;0.0159074;-0.00247296;0.0177801;-0.00174706;0.0462424;-0.00159285;1;0;1;0;1;0;
86;0.190256;-0.196689;0.194313;-0.195502;0.187421;-0.195561;-0.229015;0.235589;-0.219016;0.237368;-0.173229;0.229747;0.00929384;-0.0014447;0.0103866;-0.00102078;0.0270148;-0.000930715;1;0;1;0;1;0;
87;0.137939;-0.141696;0.140308;-0.141003;0.136283;-0.141037;-0.24228;0.248523;-0.221362;0.249562;-0.190861;0.245111;0.00542995;-0.000844241;0.00606697;-0.000596641;0.0157804;-0.000544034;1;0;1;0;1;0;
88;0.0663904;-0.0685849;0.0677751;-0.0681799;0.0654241;-0.0682;-0.239421;0.2507;-0.221819;0.250608;-0.196825;0.251186;0.00317121;-0.000493602;0.00354341;-0.000348941;0.00921575;-0.00031822;1;0;1;0;1;0;
89;-0.0265209;0.0252391;-0.0257115;0.0254756;-0.0270845;0.0254638;-0.224862;0.232357;-0.216421;0.23523;-0.189021;0.235296;0.00185078;-0.000288823;0.00206854;-0.00020429;0.00537977;-0.000186358;1;0;1;0;1;0;
90;-0.123727;0.122979;-0.123254;0.123117;-0.124056;0.12311;-0.197344;0.208666;-0.199568;0.207177;-0.162464;0.210966;-0.00942647;-0.000169225;-0.00906714;-0.000119791;-0.00856567;-0.000109326;1;0;1;0;1;0;
91;-0.199221;0.198783;-0.198944;0.198864;-0.199414;0.19886;-0.150243;0.201478;-0.166156;0.200608;-0.136205;0.202821;-0.0120739;-9.93359e-05;-0.00772629;-7.04074e-05;-0.017105;-6.43015e-05;1;0;1;0;1;0;
92;-0.24749;0.247234;-0.247329;0.247281;-0.247604;0.247279;-0.0980256;0.179596;-0.135169;0.179089;-0.0920726;0.180381;-0.0113366;-5.84772e-05;-0.00451414;-4.15895e-05;-0.0269287;-3.80226e-05;1;0;1;0;1;0;
93;-0.27522;0.27507;-0.275126;0.275097;-0.275288;0.275096;-0.0467531;0.145138;-0.119191;0.144843;-0.0346655;0.145596;-0.0160262;-3.46295e-05;-0.00263642;-2.38228e-05;-0.0295075;-2.26189e-05;1;0;1;1;1;0;
94;-0.289179;0.289089;-0.289124;0.289104;-0.289219;0.289104;0.0192488;0.0962774;-0.081122;0.0961099;0.0110365;0.0965448;-0.0125815;-2.05838e-05;-0.00413003;0.00296533;-0.0234084;-1.36062e-05;1;0;1;1;1;0;
95;-0.294156;0.2892;-0.293241;0.284782;-0.313713;0.293229;0.039604;0.0287718;-0.0199141;0.0286801;0.0339032;0.028926;-0.00734436;0.0271718;-0.0046332;0.0278224;-0.013674;0.00727451;1;1;1;1;1;1;
96;-0.288759;0.263857;-0.288226;0.26727;-0.30018;0.279928;0.0944509;-0.03512;0.0596947;-0.0545646;0.0911212;-0.0544196;-0.00428959;0.067469;-0.0052777;0.0259142;-0.00798627;0.0201347;0.471132;1;1;1;0;1;
97;-0.272653;0.233575;-0.272342;0.260102;-0.279323;0.267494;0.156006;-0.0982987;0.135708;-0.132706;0.154061;-0.132613;-0.0025055;0.0664934;-0.00308257;0.0249073;-0.00466438;0.0364987;0;1;0.937198;1;0;1;
98;-0.245065;0.222241;-0.244883;0.237733;-0.24896;0.242051;0.202052;-0.144579;0.190198;-0.188439;0.200916;-0.188379;-0.00146364;0.0485144;-0.00180061;0.0178029;-0.00272443;0.0216551;0;1;0;1;0;1;
