1;-0.000363587;0.000116064;9.94835e-05;-0.000363587;0.000116064;9.94837e-05;0.0349769;0.0347456;0.0352595;0.034977;0.0347457;0.0352595;0.808667;0.808665;0.808666;0.808667;0.808665;0.808666;0;0;0;0;0;0;
2;0.0222292;-0.0224207;-0.00180934;0.00414473;0.00312813;0.00213629;0.082638;0.093832;0.0991163;0.126763;0.130367;0.138975;0.472331;0.472322;0.472323;0.472307;0.472307;0.472314;0;0;1;1;1;1;
3;0.0138989;-0.0135196;-5.16671e-05;0.00655292;0.00618079;0.00435396;0.0893307;0.097616;0.110667;0.0884751;0.0952491;0.102857;0.275866;0.275865;0.275866;0.275849;0.275851;0.275857;1;1;1;1;1;1;
4;0.00938146;-0.00853095;-0.00449605;0.00319214;0.00231813;0.000846231;0.0733796;0.0768189;0.0837135;0.072202;0.075456;0.0778793;0.161119;0.161119;0.161122;0.161109;0.161112;0.161118;1;1;1;1;1;1;
5;0.00635562;-0.00585842;-0.00600766;0.000988467;0.00249604;-0.000361797;0.0585093;0.0615844;0.0679755;0.0611511;0.063487;0.065956;0.0941042;0.0941048;0.0941081;0.0940991;0.0941012;0.0941046;1;1;1;1;1;1;
6;0.00516628;-0.00452851;-0.0047135;-0.000520674;0.0036911;-0.000994907;0.0462707;0.0502035;0.0550421;0.0493571;0.051219;0.0548425;0.0549647;0.0549651;0.0549689;0.0549622;0.0549639;0.0549657;1;1;1;1;1;1;
7;0.00544659;-0.00226693;-0.00189079;-0.00154708;0.0040908;-0.00156027;0.0373891;0.042771;0.0454385;0.0420675;0.0427188;0.0475913;0.0321052;0.0321053;0.0321093;0.0321039;0.0321056;0.0321064;1;0.987835;1;1;1;1;
8;0.0043147;-0.00197418;-0.00105608;-0.00200674;0.00357056;-0.00188862;0.0311448;0.0380254;0.0379123;0.0380654;0.0367741;0.0434088;0.0187541;0.0187537;0.0187577;0.0187532;0.0187551;0.0187551;1;0.94926;1;1;1;1;
9;0.0030584;-0.00169127;-0.00132129;-0.00171029;0.00262385;-0.00153664;0.0262886;0.0354434;0.0321146;0.036639;0.0326936;0.0416935;0.0109563;0.0109552;0.0109593;0.0109553;0.0109578;0.0109569;1;0.900657;1;1;1;1;
10;0.000891103;-9.26606e-05;-0.00321765;-0.000103687;0.000637456;-3.45829e-06;0.0222212;0.0343467;0.0267604;0.0368846;0.0295411;0.0418067;0.00640204;0.00640018;0.00809668;0.0064006;0.00782075;0.00640209;1;0.8406;1;1;1;1;
11;-0.00312518;0.00359144;-0.0055251;0.00358519;-0.00327306;0.00364455;0.0186808;0.0342442;0.0226958;0.0382209;0.0270016;0.0431306;0.00489519;0.00373944;0.00655623;0.00374014;0.00773709;0.00374159;1;0.776834;1;1;1;1;
12;-0.0101242;0.0103961;-0.0115259;0.0103929;-0.01021;0.0104276;0.0159572;0.0344525;0.0192365;0.0397256;0.0252927;0.044657;0.0048094;0.00218525;0.00523778;0.00218606;0.00785412;0.00218765;1;0.718052;1;1;1;1;
13;-0.0213696;0.0215275;-0.022188;0.0215264;-0.0214188;0.0215467;0.0151822;0.0343323;0.0167251;0.0401998;0.0242807;0.0447099;0.00503513;0.00127765;0.0042077;0.00127826;0.00761521;0.00162069;1;0.690532;1;1;1;1;
14;-0.0379749;0.0380656;-0.0384522;0.0380663;-0.0380024;0.0380782;0.0180498;0.0335466;0.0175786;0.0373042;0.0247736;0.0416125;0.00504649;0.000748173;0.00245956;0.000748174;0.00558879;0.00281507;1;0.736521;1;1;1;1;
15;-0.0602569;0.0603077;-0.0605346;0.0603099;-0.0602714;0.0603169;0.0275764;0.0308012;0.0250665;0.0287013;0.027482;0.0327574;0.00565982;0.00566582;0.00143741;0.000622241;0.00326552;0.00479332;1;0.916266;1;1;1;1;
16;-0.086704;0.0867312;-0.0868653;0.0867347;-0.086711;0.0867388;0.046742;0.0250668;0.0473478;0.0109099;0.0339674;0.0156514;0.00407811;0.0148286;-0.0033315;0.00381232;0.00190609;0.00966882;0.891359;1;1;1;1;1;
17;-0.113098;0.113112;-0.113192;0.113117;-0.113104;0.11312;0.0601765;0.00743497;0.0605312;-0.0264987;0.0527138;-0.0195252;0.00238329;0.0291474;-0.00194516;0.0132831;0.000632501;0.0233625;0.504923;1;1;1;0.949607;1;
18;-0.132789;0.132795;-0.132843;0.1328;-0.132792;0.1328;0.0967079;-0.0192662;0.0969152;-0.077034;0.0923495;-0.0729569;0.00139147;0.052285;-0.00113654;0.0142985;0.000368986;0.021331;0;1;0.269759;1;0;1;
19;-0.138305;0.138309;-0.138337;0.138311;-0.138307;0.138311;0.14426;-0.0756737;0.144381;-0.132764;0.141715;-0.130377;0.000812227;0.0613145;-0.000664138;0.0222383;0.00021506;0.0285669;1;1;1;1;0;1;
20;-0.123563;0.123565;-0.123581;0.123565;-0.123564;0.123566;0.186372;-0.120749;0.186442;-0.179651;0.184885;-0.178253;0.000473919;0.0505521;-0.000388275;0.0168395;0.00012514;0.0185923;0;1;0;1;0;1;
21;-0.0843829;0.0843842;-0.0843938;0.084384;-0.0843837;0.0843847;0.215162;-0.151622;0.215204;-0.211232;0.214294;-0.207147;0.000276299;0.0333394;-0.00022723;0.0103106;7.25971e-05;0.0108619;0;1;0;1;0;1;
22;-0.0173033;0.0173041;-0.0173096;0.017304;-0.0173037;0.0173046;0.230673;-0.171413;0.230697;-0.221864;0.230166;-0.20994;0.000160869;0.0194756;-0.000133196;0.0060237;4.18844e-05;0.00634473;0;1;0;1;0;1;
23;0.0725464;-0.0725455;0.0725427;-0.072546;0.0725462;-0.0725454;0.229455;-0.170212;0.229483;-0.208838;0.229955;-0.203587;9.34914e-05;0.0113742;-7.82539e-05;0.00351797;2.39227e-05;0.00370584;0;1;0;1;0;1;
24;0.159619;-0.159619;0.159617;-0.159619;0.159619;-0.159619;0.222702;-0.145605;0.222718;-0.17999;0.222994;-0.1855;5.41127e-05;0.00664055;-4.61879e-05;-0.0034338;1.34283e-05;-0.0019132;0;1;0;1;0;1;
25;0.222491;-0.222492;0.22249;-0.222491;0.222491;-0.222491;0.203302;-0.109657;0.203311;-0.13359;0.203472;-0.151462;3.11322e-05;-0.00609926;-2.74446e-05;-0.0134893;7.31471e-06;-0.00965655;0.0334574;1;0;1;0;1;
26;0.261128;-0.261131;0.261127;-0.261129;0.261128;-0.261129;0.173064;-0.0798322;0.173068;-0.0762956;0.173162;-0.105756;1.90098e-05;-0.021023;-1.649e-05;-0.0105146;3.78542e-06;-0.00896398;1;1;0;1;0;1;
27;0.282493;-0.282497;0.282492;-0.282494;0.282493;-0.282494;0.131534;-0.0279394;0.131533;-0.0292762;0.131587;-0.0738003;0.00402999;-0.0225518;-9.8045e-06;-0.00931967;1.79388e-06;-0.00566949;0;1;0.360515;1;0;1;
28;0.292154;-0.292159;0.292154;-0.292157;0.292155;-0.292157;0.0748974;-0.00646085;0.0748936;0.0488587;0.0749251;-0.0411731;0.00837396;-0.0131737;-4.94023e-06;-0.0157376;1.48792e-06;-0.00331039;0.698531;1;1;1;0.974841;1;
29;0.277228;-0.31348;0.290385;-0.304569;0.279002;-0.304294;-0.000531922;0.0405071;-0.00053969;0.0728159;-0.00051482;0.0202386;0.0361039;-0.0128172;0.0205284;-0.00919034;0.0568864;-0.00380155;1;0.509736;1;1;1;1;
30;0.263604;-0.295883;0.281286;-0.290679;0.256873;-0.290519;-0.0853745;0.108727;-0.085373;0.127596;-0.0517725;0.0968908;0.0274583;-0.00748565;0.0326062;-0.00536746;0.0763971;-0.00419261;0.806768;1;1;0;1;1;
31;0.2516;-0.270453;0.261927;-0.267413;0.246995;-0.26732;-0.15621;0.169854;-0.1562;0.180874;-0.112662;0.162942;0.0241232;-0.00437203;0.0359388;-0.00313501;0.0675222;-0.00244887;0.980266;0;1;0;1;0;
32;0.224931;-0.235943;0.230963;-0.234168;0.222242;-0.234114;-0.203281;0.211255;-0.203271;0.217691;-0.155436;0.207219;0.0150187;-0.00255371;0.0209946;-0.00183128;0.0451417;-0.00143055;1;0;1;0;1;0;
33;0.185532;-0.191963;0.189055;-0.190927;0.183961;-0.190895;-0.231011;0.235672;-0.222789;0.23943;-0.180516;0.233315;0.00877428;-0.00149186;0.012263;-0.00106996;0.0263704;-0.000835938;1;0;1;0;1;0;
34;0.131585;-0.135341;0.133643;-0.134736;0.130667;-0.134717;-0.244703;0.248353;-0.224236;0.250548;-0.195038;0.246977;0.00512581;-0.000871779;0.00716204;-0.000625362;0.015403;-0.000488691;1;0;1;0;1;0;
35;0.0578137;-0.0600071;0.0590156;-0.0596536;0.0572781;-0.0596428;-0.239884;0.249785;-0.221687;0.249521;-0.198476;0.249899;0.00299302;-0.000509673;0.00418248;-0.000365711;0.0089947;-0.000285911;1;0;1;0;1;0;
36;-0.0367184;0.0354375;-0.0360162;0.0356439;-0.0370307;0.0356502;-0.223482;0.229959;-0.214474;0.233166;-0.188395;0.233323;0.00174644;-0.00029821;0.00244175;-0.000214088;0.00525026;-0.000167485;1;0;1;0;1;0;
37;-0.132675;0.131927;-0.132265;0.132047;-0.132857;0.132051;-0.194296;0.20693;-0.196203;0.20594;-0.160953;0.20584;-0.00991715;-0.000174719;-0.0075344;-0.000125501;-0.00669527;-9.82928e-05;1;0;1;0;1;0;
38;-0.205294;0.204857;-0.205055;0.204927;-0.205401;0.204929;-0.144922;0.198811;-0.160623;0.198233;-0.132277;0.198175;-0.01266;-0.000102532;-0.0108347;-7.37554e-05;-0.0203914;-5.78673e-05;1;0;1;0;1;0;
39;-0.251115;0.250859;-0.250976;0.2509;-0.251179;0.250901;-0.0949002;0.176056;-0.130126;0.175718;-0.0872572;0.175684;-0.0120495;-6.03431e-05;-0.00632939;-4.35365e-05;-0.0264917;-3.42606e-05;1;0;1;0.0101514;1;0;
40;-0.277178;0.277027;-0.277096;0.277051;-0.277216;0.277052;-0.0536959;0.140542;-0.113716;0.140347;-0.0341147;0.140324;-0.0122084;-3.48297e-05;-0.00369628;0.0014331;-0.0279879;-2.04055e-05;1;1;1;1;1;0;
41;-0.290008;0.289918;-0.28996;0.289529;-0.290032;0.289933;-0.0306082;0.0901313;-0.0744611;0.0900191;0.0282029;0.0900012;-0.00713105;0.00628469;-0.00678064;0.00664827;-0.021962;-1.1945e-05;1;1;1;0.430617;1;1;
42;-0.293677;0.277642;-0.293166;0.288374;-0.311274;0.292179;0.0140596;0.0207097;-0.0115504;0.0206473;0.0484009;0.0206332;-0.0041638;0.0194856;-0.00585597;0.0201447;-0.0156704;0.0135803;1;0.325427;1;0.978989;1;1;
43;-0.287444;0.261092;-0.287146;0.272113;-0.29772;0.283259;0.0835079;-0.0407497;0.0685531;-0.0632319;0.103563;-0.0632367;-0.00307349;0.068096;-0.00405192;0.0225936;-0.00915191;0.0221878;0;1;0.521845;0.737459;0;1;
44;-0.27024;0.23632;-0.270066;0.261286;-0.276242;0.267796;0.151363;-0.104072;0.142629;-0.139516;0.163075;-0.13951;-0.00179535;0.0663635;-0.00236672;0.0262399;-0.00534513;0.0371595;1;1;1;0.556181;0;1;
45;-0.241595;0.221783;-0.241494;0.236364;-0.2451;0.240167;0.19973;-0.146017;0.19463;-0.192805;0.20657;-0.192797;-0.00104891;0.047844;-0.00138256;0.0162323;-0.00312199;0.0217079;0;1;0;0.790432;0;1;
46;-0.202363;0.190791;-0.202303;0.199307;-0.20441;0.201528;0.229124;-0.169464;0.226145;-0.225075;0.233118;-0.219838;-0.000613051;0.0286914;-0.000807909;0.00948432;-0.00182371;0.0126807;0;1;0;0.82515;0;1;
47;-0.1509;0.144141;-0.150865;0.149115;-0.152095;0.150412;0.245091;-0.190547;0.243351;-0.241441;0.247423;-0.220763;-0.000358519;0.0167602;-0.000472317;0.00554178;-0.00106558;0.00740671;0;1;0;0.844911;0;1;
48;-0.0820045;0.078058;-0.0819843;0.0809623;-0.0827026;0.0817201;0.251864;-0.197169;0.250848;-0.241882;0.252187;-0.2223;-0.000209876;0.00978816;-0.000276336;0.00323672;-0.00062285;0.00432601;0;1;0;0.89988;0;1;
49;0.00834381;-0.010648;0.0083556;-0.00895247;0.00793614;-0.00850962;0.238587;-0.191962;0.239856;-0.228961;0.234982;-0.217696;-0.000123078;0.00571432;-0.000161897;0.00188904;-0.000364312;0.00252573;0;1;0;1;0;1;
50;0.107327;-0.108673;0.107334;-0.107683;0.107089;-0.107424;0.214669;-0.168905;0.212869;-0.202848;0.215001;-0.202404;-7.23682e-05;-0.00916953;-9.50548e-05;-0.00755618;-0.000213306;-0.0056484;0;1;0;1;0;1;
51;0.187848;-0.188635;0.187852;-0.188056;0.187709;-0.187905;0.207735;-0.139966;0.206684;-0.162344;0.207929;-0.172915;-4.27105e-05;-0.0163629;-5.59642e-05;-0.012091;-0.000125095;-0.01109;0;1;0;1;0;1;
52;0.240614;-0.241076;0.240617;-0.240736;0.240533;-0.240648;0.186559;-0.106092;0.185944;-0.107908;0.186671;-0.135973;-2.48948e-05;-0.0237303;-3.31685e-05;-0.0146641;-7.35273e-05;-0.00647879;1;1;0;1;0;1;
53;0.271438;-0.27171;0.27144;-0.27151;0.271391;-0.271459;0.153374;-0.0655434;0.153013;-0.0564325;0.153437;-0.103096;1.94579e-05;-0.0280983;-1.91204e-05;-0.0107419;-4.33914e-05;-0.00605133;1;1;1;1;0;1;
54;0.287466;-0.287627;0.287466;-0.287509;0.287438;-0.287479;0.106768;-0.0166341;0.106557;-0.00924673;0.106804;-0.0774011;0.00215581;-0.023113;-9.81511e-06;-0.0117316;0.00498228;-0.00353485;0;1;1;1;1;1;
55;0.290464;-0.313584;0.287987;-0.293184;0.293141;-0.293166;0.0423936;0.0102519;0.0422681;0.0145682;0.0424138;-0.0252368;0.0170646;-0.013501;0.00723962;-0.00684943;0.010332;-0.00576509;1;1;0;0.961636;0;1;
56;0.272448;-0.30181;0.274606;-0.292509;0.27061;-0.290333;-0.0393774;0.0701291;-0.0394499;0.0726514;-0.0269157;0.0494079;0.0255035;-0.0216951;0.0198111;-0.00400087;0.0640618;-0.00718944;1;0;1;0;1;1;
57;0.260629;-0.282961;0.256847;-0.27753;0.2403;-0.276259;-0.120335;0.1383;-0.120369;0.139774;-0.0899412;0.126199;0.0274528;-0.0126861;0.0369602;-0.00233682;0.0659507;-0.00419903;0.743646;0.713106;1;0.914557;1;0;
58;0.241484;-0.254527;0.239276;-0.251356;0.229611;-0.250613;-0.180355;0.190853;-0.180369;0.191713;-0.138244;0.183786;0.0188925;-0.00740907;0.0229743;-0.00136511;0.0521539;-0.00245262;1;0;1;0;1;0;
59;0.20895;-0.216568;0.207661;-0.214716;0.202016;-0.214282;-0.21783;0.223965;-0.217545;0.224468;-0.168028;0.219838;0.0110376;-0.00432734;0.0134209;-0.000797689;0.0338371;-0.00143278;1;0;1;0;1;0;
60;0.163442;-0.167891;0.162689;-0.16681;0.159392;-0.166556;-0.238959;0.242545;-0.224967;0.242839;-0.189297;0.240135;0.00644866;-0.00252766;0.00783869;-0.000466351;0.0197661;-0.000837248;1;0;1;0;1;0;
61;0.101279;-0.103877;0.100839;-0.103245;0.0989135;-0.103097;-0.243759;0.251232;-0.223671;0.251403;-0.198517;0.249824;0.00376663;-0.00147669;0.00457784;-0.00027286;0.0115443;-0.000489462;1;0;1;0;1;0;
62;0.0173727;-0.01889;0.0171163;-0.0185211;0.0159919;-0.0184348;-0.234008;0.242445;-0.219888;0.243445;-0.195606;0.244851;0.00219878;-0.000862942;0.00267298;-0.00015986;0.0067401;-0.000286348;1;0;1;0;1;0;
63;-0.0814987;0.0806127;-0.0816484;0.080828;-0.0823048;0.0808784;-0.211016;0.218791;-0.207041;0.223217;-0.176425;0.224113;-0.00306075;-0.000504498;-0.00251571;-9.3869e-05;-0.00529019;-0.000167755;1;0;1;0;1;0;
64;-0.168848;0.168331;-0.168936;0.168457;-0.169319;0.168486;-0.175079;0.189902;-0.18212;0.216863;-0.147554;0.217386;-0.0128469;-0.000295175;-0.0161529;-5.52754e-05;-0.0145085;-9.84335e-05;1;0;1;0;1;0;
65;-0.228823;0.228521;-0.228875;0.228594;-0.229099;0.228611;-0.123077;0.181172;-0.148584;0.196917;-0.115556;0.197222;-0.0123436;-0.000172845;-0.00943536;-3.27563e-05;-0.020501;-5.79616e-05;1;0;1;0;1;0;
66;-0.264814;0.264636;-0.264844;0.264679;-0.264977;0.264689;-0.0752785;0.156445;-0.115643;0.165642;-0.069538;0.165818;-0.013305;-0.000101175;-0.00622394;-1.84685e-05;-0.0316143;-3.43014e-05;1;0.305279;1;1;1;0;
67;-0.284289;0.284184;-0.284307;0.284209;-0.284386;0.284215;-0.0405243;0.116921;-0.0930885;0.122293;-0.00768514;0.122393;-0.00777335;-5.79437e-05;-0.00363567;-9.56365e-06;-0.0263507;-2.04289e-05;1;1;1;0;1;0;
68;-0.292533;0.29247;-0.292542;0.291726;-0.293019;0.292487;-0.014404;0.0596305;-0.0457086;0.0627699;0.0394555;0.0628248;-0.00453885;0.00182075;-0.0062988;0.0163958;-0.0153933;0.00315238;1;0;1;0.76281;1;1;
69;-0.295519;0.275192;-0.293671;0.285407;-0.306724;0.285154;0.0436893;-0.012629;0.0254097;-0.0154335;0.0751396;-0.0154015;-0.00265068;0.0603755;-0.00563958;0.0208452;-0.015765;0.0192916;0.546044;1;1;1;0;1;
70;-0.283179;0.246265;-0.2821;0.277273;-0.289723;0.275429;0.1159;-0.0712153;0.105224;-0.0993922;0.134266;-0.099366;-0.00154835;0.0684407;-0.00448516;0.0227146;-0.00920717;0.0348645;1;1;0;0.549081;0;1;
71;-0.259884;0.228919;-0.259254;0.256434;-0.263706;0.255357;0.17579;-0.125733;0.169556;-0.166143;0.186516;-0.166121;-0.000904623;0.0591573;-0.00261972;0.0230984;-0.0053774;0.027692;0.183121;1;1;0.715851;0;1;
72;-0.225975;0.207889;-0.225607;0.223959;-0.228207;0.22333;0.214984;-0.157829;0.211343;-0.209344;0.221248;-0.209328;-0.000528754;0.0387743;-0.00153034;0.0146107;-0.00314086;0.0161771;0;1;0;0.816023;0;1;
73;-0.181394;0.170831;-0.181179;0.180216;-0.182697;0.179849;0.237671;-0.179894;0.235544;-0.234372;0.241329;-0.220802;-0.000309288;0.0226516;-0.000894228;0.0085367;-0.00183475;0.00944926;0;1;0;0.858177;0;1;
74;-0.12273;0.116561;-0.122605;0.122042;-0.123491;0.121828;0.249115;-0.195368;0.247874;-0.243238;0.251252;-0.221153;-0.000181122;0.0132308;-0.000522723;0.00498704;-0.00107204;0.0055194;0;1;0;0.872436;0;1;
75;-0.0440468;0.0404447;-0.0439735;0.0436451;-0.0444913;0.0435202;0.247533;-0.196746;0.248135;-0.237887;0.248062;-0.220631;-0.00010627;0.00772596;-0.000305773;0.00291183;-0.000626622;0.00322341;0;1;0;0.954777;0;1;
76;0.0533614;-0.0554646;0.0534042;-0.053596;0.0531019;-0.0536688;0.229449;-0.184815;0.231114;-0.219304;0.224761;-0.211662;-6.25749e-05;0.00450921;-0.000179086;0.00169882;-0.000366512;0.00188164;0;1;0;1;0;1;
77;0.146873;-0.148102;0.146898;-0.14701;0.146722;-0.147053;0.213907;-0.156521;0.222601;-0.185527;0.200765;-0.189056;-3.69225e-05;-0.00832853;-0.000105047;-0.0103594;-0.000214572;-0.0104917;0;1;0;1;0;1;
78;0.214748;-0.215467;0.214763;-0.214829;0.21466;-0.214854;0.19998;-0.124183;0.205058;-0.137142;0.192306;-0.155656;-2.20814e-05;-0.0211757;-6.18279e-05;-0.0147245;-0.000125817;-0.00821462;0;1;0;1;0;1;
79;0.256687;-0.257109;0.256695;-0.256734;0.256635;-0.256749;0.173247;-0.0874388;0.17621;-0.0859054;0.168763;-0.11412;-1.23161e-05;-0.0270347;-3.64613e-05;-0.0115288;-7.39373e-05;-0.00683129;1;1;0.119065;1;0;1;
80;0.28012;-0.280369;0.280126;-0.28015;0.280091;-0.280159;0.134392;-0.0419966;0.136122;-0.0377327;0.131772;-0.0998125;0.0046427;-0.0229586;-2.02926e-05;-0.0116053;-4.29094e-05;-0.00398913;1;1;1;1;1;1;
81;0.291143;-0.29129;0.291147;-0.291162;0.291126;-0.291168;0.0803415;-0.0244309;0.0813502;0.0257964;0.0788108;-0.0601421;0.00290819;-0.0134117;-1.07702e-05;-0.00677872;-2.38945e-05;-0.00316326;0;1;0;0.904579;0;1;
82;0.278812;-0.314748;0.290413;-0.306114;0.281303;-0.30497;0.00721978;0.0254404;0.00780237;0.0547764;0.00632411;0.00458785;0.0325229;-0.0168377;0.0135423;-0.00223223;0.0430735;-0.00363632;1;0.937219;1;0.440024;1;1;
83;0.266263;-0.297831;0.2833;-0.292789;0.257294;-0.292121;-0.0774304;0.0965112;-0.0770861;0.113644;-0.0519162;0.0843343;0.0275977;-0.00983363;0.0231756;-0.00130395;0.0692945;-0.00534005;0.952075;1;1;1;1;1;
84;0.254933;-0.27337;0.264884;-0.270426;0.249507;-0.270036;-0.150338;0.161488;-0.15013;0.171493;-0.113642;0.154377;0.0253407;-0.00574323;0.0315078;-0.000761914;0.0641302;-0.00311899;0.927327;0;1;0;1;0;
85;0.22904;-0.239809;0.234853;-0.23809;0.225871;-0.237862;-0.199635;0.206152;-0.199508;0.211995;-0.154443;0.201999;0.0153812;-0.00335447;0.0184065;-0.000445396;0.0452031;-0.0018219;1;0;1;0;1;0;
86;0.190605;-0.196895;0.194;-0.195891;0.188754;-0.195758;-0.228965;0.232774;-0.223151;0.236187;-0.179188;0.230349;0.00898607;-0.00195949;0.0107518;-0.00026061;0.0264065;-0.00106448;1;0;1;0;1;0;
87;0.138143;-0.141816;0.140126;-0.14123;0.137062;-0.141152;-0.244236;0.246879;-0.225077;0.248872;-0.195116;0.245463;0.00524971;-0.00114487;0.00627945;-0.000152702;0.0154243;-0.000622153;1;0;1;0;1;0;
88;0.0665101;-0.0686551;0.0676682;-0.0683126;0.0658788;-0.0682673;-0.240997;0.250086;-0.222566;0.250282;-0.199425;0.251043;0.00306552;-0.000669148;0.003667;-8.96864e-05;0.00900726;-0.000363844;1;0;1;0;1;0;
89;-0.0264508;0.0251981;-0.0257742;0.0253981;-0.0268189;0.0254245;-0.226216;0.232343;-0.216274;0.235372;-0.190201;0.235353;0.00178886;-0.000391349;0.00214068;-5.28888e-05;0.00525762;-0.000213002;1;0;1;0;1;0;
90;-0.123686;0.122955;-0.123291;0.123071;-0.123901;0.123087;-0.198848;0.209224;-0.199686;0.209614;-0.16364;0.208351;-0.00925266;-0.000229105;-0.00869449;-3.13682e-05;-0.00640706;-0.000124884;1;0;1;0;1;0;
91;-0.199196;0.198769;-0.198966;0.198837;-0.199323;0.198846;-0.149686;0.201803;-0.164847;0.202031;-0.137335;0.201293;-0.0127808;-0.000134302;-0.00894034;-1.87805e-05;-0.0197253;-7.33927e-05;1;0;1;0;1;0;
92;-0.247476;0.247226;-0.247341;0.247265;-0.247551;0.247271;-0.0991028;0.179787;-0.129158;0.17992;-0.0964569;0.179489;-0.0114624;-7.89054e-05;-0.00794101;-1.11072e-05;-0.0273265;-4.33327e-05;1;0;1;0.405533;1;0;
93;-0.275212;0.275065;-0.275133;0.275088;-0.275257;0.275091;-0.0619905;0.14525;-0.115348;0.14533;-0.0427778;0.145076;-0.0119914;-4.58803e-05;-0.00463758;-5.43894e-06;-0.02803;-2.52236e-05;1;0.992197;1;1;1;0.70149;
94;-0.289174;0.289086;-0.289127;0.2891;-0.289202;0.289101;-0.0410132;0.0963462;-0.078881;0.0963923;0.0113012;0.0962451;-0.00700453;0.00109682;-0.00585452;-2.25449e-06;-0.0163733;0.000767605;1;1;1;0;1;1;
95;-0.294195;0.293218;-0.293243;0.288387;-0.313544;0.293227;0.00350993;0.0288121;-0.0186064;0.0288415;0.0340577;0.0287534;-0.00357237;0.00448223;-0.0051364;0.0129462;-0.0115764;0.0104571;1;0;1;0.883232;1;0.991424;
96;-0.288782;0.26611;-0.288226;0.281127;-0.300083;0.287159;0.0733723;-0.0344806;0.0604585;-0.054472;0.0912116;-0.0545202;-0.00294059;0.0673234;-0.00423874;0.018177;-0.00676102;0.0212391;0;1;0.80018;0.863891;1;1;
97;-0.272667;0.242192;-0.272343;0.268195;-0.279266;0.271718;0.143696;-0.098764;0.136154;-0.132652;0.154114;-0.132672;-0.00477645;0.0661694;-0.00247569;0.0255856;-0.00394884;0.0348359;1;1;0;0.545139;0;1;
98;-0.245072;0.227273;-0.244883;0.242459;-0.248927;0.244517;0.194863;-0.145524;0.190459;-0.188407;0.200947;-0.188413;-0.00278985;0.0480007;-0.0014462;0.0174986;-0.00230655;0.0209204;0;1;0.134597;0.791437;0;1;
