1;-0.000363588;0.000116064;9.94837e-05;-0.000363588;0.000116064;9.94837e-05;0.0349769;0.0347456;0.0352595;0.0349769;0.0347456;0.0352595;0.808667;0.808665;0.808666;0.808667;0.808665;0.808666;0;0;0;0;0;0;
2;-0.000200034;3.15854e-05;0.000422727;-0.000708931;0.000151964;-0.000276155;0.134171;0.13643;0.139845;0.130648;0.133353;0.136279;0.472342;0.472343;0.472346;0.472347;0.472348;0.47235;1;1;1;1;1;1;
3;-0.00171941;0.00550379;0.00573911;-0.00484688;-0.00254384;-0.00318706;0.0929134;0.096564;0.0986966;0.0992887;0.101807;0.100856;0.275865;0.275865;0.275866;0.275867;0.275869;0.275869;0.871617;0.827418;0.860454;0.816613;1;1;
4;0.000692084;0.0034593;0.00450276;-0.00346531;-0.000860015;-0.00265046;0.0542401;0.0564262;0.0576178;0.0580164;0.0594341;0.0589335;0.161111;0.161111;0.161112;0.161112;0.161114;0.161114;1;1;1;1;1;1;
5;0.00124645;0.00111725;0.00248976;-0.00286847;0.000373977;-0.0016091;0.0314248;0.0371969;0.04204;0.0341429;0.0344583;0.037193;0.0940913;0.0940927;0.0940947;0.094093;0.0940932;0.0940946;1;1;1;1;1;1;
6;0.00183525;-0.00337449;-0.000647128;-0.000925952;0.0077937;0.00354935;0.0290667;0.0410452;0.0527814;0.0382414;0.0336943;0.0457748;0.0549517;0.054954;0.0549577;0.0549529;0.0549538;0.0549552;1;1;1;0.872414;1;1;
7;0.00367925;-0.0017596;0.000865501;-0.00178398;0.00579487;0.000829709;0.030947;0.0387292;0.0434637;0.0367836;0.0385273;0.0460503;0.0320951;0.0320973;0.0321017;0.0320957;0.032098;0.0320995;1;1;1;1;1;1;
8;0.00334321;-0.00214986;0.00163894;-0.00257813;0.00451771;-0.000649044;0.0290704;0.0348472;0.0358414;0.0340731;0.0354976;0.0416086;0.0187476;0.0187483;0.0187528;0.0187472;0.0187501;0.0187508;1;1;1;1;1;1;
9;0.00249101;-0.00179389;0.00176841;-0.00204407;0.0031767;-0.00131938;0.024456;0.0320946;0.0309033;0.0328176;0.0320617;0.0399191;0.0109523;0.0109512;0.0109561;0.0109507;0.0109546;0.0109541;1;1;1;1;1;1;
10;0.000559618;-0.000152357;0.000137611;-0.000298448;0.000960064;0.000124478;0.0206981;0.0329394;0.0262559;0.0348864;0.029711;0.0403148;0.00639954;0.00639745;0.00727275;0.00639729;0.00800784;0.0064002;1;1;1;1;1;1;
11;-0.00331919;0.00355709;-0.0035657;0.00347176;-0.00308519;0.00371873;0.0167878;0.0338569;0.0211893;0.0376855;0.0277331;0.04043;0.00467585;0.00373779;0.00555911;0.00373801;0.00863969;0.00373998;1;1;1;1;1;1;
12;-0.0102381;0.0103771;-0.0103821;0.0103273;-0.0101014;0.0104715;0.0143093;0.0350172;0.0182244;0.0399417;0.0263528;0.0425334;0.0037615;0.00218438;0.00528486;0.00218487;0.00858395;0.00218628;1;1;1;1;1;1;
13;-0.021437;0.0215183;-0.0215211;0.0214892;-0.0213571;0.0215734;0.0136827;0.035421;0.0168637;0.0409645;0.025552;0.0429741;0.00375978;0.00127714;0.00523415;0.00127781;0.00801258;0.00127888;1;1;1;1;1;1;
14;-0.0380155;0.0380631;-0.0380647;0.038046;-0.0379688;0.0380952;0.0162177;0.0340556;0.0201195;0.0380447;0.0252754;0.0404701;0.00326503;0.000747575;0.0043719;0.000748222;0.00573972;0.000749118;1;1;1;1;1;1;
15;-0.0602817;0.0603086;-0.0603101;0.0602993;-0.0602536;0.0603279;0.0268984;0.0317599;0.0289134;0.0304488;0.0294581;0.0334485;0.00312093;0.00529938;0.00255531;0.00280838;0.00335411;0.00456859;1;1;1;1;1;1;
16;-0.0867208;0.0867347;-0.0867367;0.0867308;-0.0867043;0.0867473;0.0447159;0.0270047;0.0527435;0.00917458;0.0389705;0.0186165;0.00182436;0.0163065;0.00265686;0.00894729;0.00196005;0.0113412;1;1;1;1;1;1;
17;-0.113111;0.113118;-0.11312;0.113116;-0.113101;0.113126;0.0589932;0.0100025;0.0636825;-0.0275125;0.0556357;-0.0211641;0.00106622;0.0340784;0.00155303;0.0146272;0.00114438;0.0207491;1;1;1;1;0;1;
18;-0.132796;0.1328;-0.132801;0.132799;-0.13279;0.132804;0.0960168;-0.018249;0.0987556;-0.0776264;0.094056;-0.0739138;0.00062231;0.0534509;0.000906743;0.0148964;0.000667936;0.0228355;0;1;0.238014;1;0;1;
19;-0.138309;0.147198;-0.138312;0.138311;-0.138306;0.132936;0.143857;-0.09067;0.145456;-0.133113;0.142712;-0.130022;0.000362953;0.0584528;0.000529113;0.0121116;0.0003897;0.0337395;0;1;0;1;0;1;
20;-0.123565;0.128759;-0.123567;0.123565;-0.123563;0.120425;0.186136;-0.139677;0.18707;-0.179858;0.185467;-0.177989;0.000211599;0.0399521;0.000308593;0.00707567;0.000227101;0.0271956;0;1;0;1;0;1;
21;-0.0843844;0.0874184;-0.0843855;0.0843837;-0.0843833;0.08255;0.215025;-0.160726;0.21557;-0.211354;0.214634;-0.207709;0.000123134;0.02334;0.000179748;0.00543827;0.00013212;0.0158867;0;1;0;1;0;1;
22;-0.0173042;0.0190762;-0.0173048;0.0173038;-0.0173035;0.0162331;0.230593;-0.173296;0.230911;-0.224839;0.230364;-0.212991;7.14118e-05;0.0136349;0.000104464;0.00317771;7.66514e-05;0.00927878;0;1;0;1;0;1;
23;0.0725459;-0.0715106;0.0725455;-0.0725461;0.0725463;-0.0731713;0.229384;-0.172473;0.229611;-0.210014;0.22992;-0.204071;4.12385e-05;0.00796287;6.05302e-05;0.00185543;4.42312e-05;0.00541902;0;1;0;1;0;1;
24;0.159619;-0.159015;0.159619;-0.159619;0.159619;-0.159985;0.22266;-0.145776;0.222793;-0.181743;0.222973;-0.186112;2.35909e-05;0.00464812;3.48535e-05;-0.00567641;2.52938e-05;-0.00153064;0;1;0;1;0;1;
25;0.222491;-0.222138;0.22249;-0.222492;0.222491;-0.222705;0.203278;-0.0974293;0.203355;-0.139264;0.20346;-0.146724;1.3331e-05;-0.00562191;1.9894e-05;-0.00858421;1.42199e-05;-0.00222891;0;1;0;1;0;1;
26;0.261128;-0.260923;0.261128;-0.26113;0.261128;-0.261254;0.173048;-0.0431107;0.173094;-0.0826769;0.173155;-0.0995625;7.35242e-06;-0.00946772;1.11705e-05;-0.00869232;7.79319e-06;-0.00130092;0;1;0;1;0;1;
27;0.282493;-0.282375;0.282493;-0.282496;0.282493;-0.282567;0.131522;0.00829461;0.131547;-0.00387101;0.131583;-0.0489095;0.00158357;-0.00156128;6.07594e-06;-0.0102971;4.17787e-06;-0.000759786;0.88076;1;0;1;0;1;
28;0.290748;-0.292157;0.292155;-0.294373;0.292155;-0.292199;0.0748941;0.0471935;0.0749011;0.0466541;0.0749235;-0.010701;0.0219992;-0.0177578;3.71218e-06;0.0152678;0.000542387;-0.000443785;1;1;0.346955;1;0.590638;1;
29;0.288518;-0.294873;0.288796;-0.29411;0.27409;-0.299582;-0.000534341;0.0718422;-0.000531674;0.0715278;0.00390179;0.0380366;0.024734;-0.0103704;0.023244;0.00891671;0.0589238;-0.000257748;1;0.179578;1;0.392238;1;1;
30;0.281305;-0.285017;0.249868;-0.284571;0.26367;-0.287767;-0.0853815;0.127027;-0.0853654;0.126843;-0.0770752;0.107285;0.0184818;-0.00605663;0.0414286;0.00520681;0.0664045;-0.000150747;1;0;1;0;1;0;
31;0.261939;-0.264107;0.191377;-0.263846;0.251643;-0.265713;-0.15622;0.180541;-0.156197;0.180434;-0.150033;0.169012;0.0107941;-0.00353749;0.0299135;0.00304038;0.0420976;-8.84461e-05;1;0;1;0;1;0;
32;0.230971;-0.232237;0.163486;-0.232085;0.22496;-0.233175;-0.203291;0.217497;-0.203269;0.217434;-0.181495;0.210764;0.00630491;-0.0020664;0.0174757;0.00177518;0.0245919;-5.20789e-05;1;0;1;0;1;0;
33;0.18906;-0.189799;0.149648;-0.18971;0.185549;-0.190347;-0.231019;0.239317;-0.227938;0.23928;-0.18858;0.235385;0.00368356;-0.00120729;0.0102077;0.0010362;0.0143657;-3.09192e-05;1;0;1;0;1;0;
34;0.133646;-0.134077;0.110629;-0.134025;0.131595;-0.134397;-0.245493;0.250482;-0.227854;0.250461;-0.198245;0.248186;0.00215217;-0.00070559;0.00596086;0.00060461;0.00839133;-1.85854e-05;1;0;1;0;1;0;
35;0.0590175;-0.0592689;0.045575;-0.0592387;0.05782;-0.0594558;-0.241346;0.249234;-0.222963;0.248984;-0.200682;0.249815;0.00125606;-0.000412609;0.00348061;0.000352572;0.00489945;-1.13698e-05;1;0;1;0;1;0;
36;-0.0360152;0.0358686;-0.0438658;0.0358861;-0.0367142;0.0357593;-0.222491;0.230088;-0.213544;0.234548;-0.188643;0.234227;0.000732048;-0.000241523;0.00203175;0.000205372;-0.00454571;-7.1737e-06;1;0;1;0;1;0;
37;-0.132264;0.132179;-0.136849;0.132189;-0.132673;0.132115;-0.194136;0.206235;-0.195126;0.204671;-0.164595;0.201038;-0.00939146;-0.000141614;-0.00680265;0.000119589;-0.00909512;-4.68413e-06;1;0;1;0;1;0;
38;-0.205054;0.205004;-0.207732;0.20501;-0.205292;0.204966;-0.152339;0.197741;-0.15613;0.196131;-0.116749;0.178373;-0.00741339;-8.32142e-05;-0.00397212;6.93152e-05;-0.0184762;-3.02817e-06;1;0;1;0;1;0;
39;-0.250975;0.250945;-0.252539;0.250948;-0.251114;0.250923;-0.105605;0.175431;-0.114462;0.174491;-0.0585869;0.16412;-0.00756642;-4.90959e-05;-0.00231915;4.00507e-05;-0.0124594;-2.30363e-06;1;0;1;0;1;0;
40;-0.277096;0.277077;-0.278009;0.277079;-0.277178;0.277064;-0.0236965;0.140176;-0.0688144;0.139627;-0.00248306;0.13357;-0.0050759;-2.90909e-05;-0.00135482;2.29145e-05;-0.00825323;-1.7355e-06;1;0;1;0;1;0;
41;-0.289961;0.289948;-0.290493;0.289948;-0.29001;0.28994;0.041238;0.0899146;0.0148411;0.0896011;0.0263872;0.0860566;0.0127552;-1.73354e-05;0.00523752;0.0126498;-0.0132098;-1.39166e-06;1;0;1;0.966713;1;0;
42;-0.294183;0.28891;-0.293739;0.290659;-0.295099;0.293155;0.0560165;0.0205868;0.040604;0.0204028;0.0473437;0.0183318;0.00745044;0.0392828;0.00589017;0.0208172;-0.00771389;0.0206754;1;1;1;1;1;1;
43;-0.287739;0.284863;-0.28748;0.285681;-0.288274;0.265662;0.10801;-0.0509808;0.0990106;-0.0633794;0.102945;-0.0645761;0.00435055;0.0623394;0.00343997;0.0176331;-0.00450523;0.0389222;0;1;0.45173;0.999167;0;1;
44;-0.270413;0.268736;-0.270262;0.269211;-0.270726;0.206443;0.165673;-0.131788;0.160417;-0.139607;0.162715;-0.140291;0.00254031;0.0494417;0.00200852;0.010299;-0.00263144;0.0345662;0;1;0;1;0;1;
45;-0.241696;0.240719;-0.241608;0.240994;-0.241879;0.17088;0.208087;-0.176759;0.205018;-0.192863;0.206359;-0.193253;0.00148316;0.0294071;0.00117254;0.00601589;-0.00153725;0.0202966;0;1;0;1;0;1;
46;-0.202422;0.201852;-0.20237;0.202012;-0.202528;0.161064;0.234004;-0.187448;0.232211;-0.225112;0.232995;-0.22198;0.000865695;0.0171783;0.000684269;0.00351426;-0.000898266;0.0118565;0;1;0;1;0;1;
47;-0.150934;0.150602;-0.150904;0.150694;-0.150996;0.126782;0.247941;-0.197991;0.246894;-0.242746;0.247352;-0.222724;0.000505062;0.0100341;0.000399096;0.00205315;-0.000525125;0.00692488;0;1;0;1;0;1;
48;-0.0820247;0.0818311;-0.0820072;0.0818846;-0.0820609;0.0679207;0.252533;-0.196687;0.252565;-0.236409;0.252015;-0.221952;0.000294471;0.00585956;0.000232564;0.00119979;-0.000307229;0.00404426;0;1;0;1;0;1;
49;0.00833172;-0.00844515;0.00834197;-0.0084137;0.00831096;-0.0165675;0.238678;-0.180637;0.239046;-0.212708;0.235158;-0.221697;0.000171472;0.00342103;0.000135313;0.000701859;-0.000180015;0.00236089;0;1;0;1;0;1;
50;0.10732;-0.107388;0.107326;-0.107368;0.107309;-0.112129;0.216052;-0.148674;0.214138;-0.186314;0.212754;-0.208729;9.96308e-05;0.00199702;7.84838e-05;0.000411631;-0.000105671;-0.00915193;0;1;0;1;0;1;
51;0.187844;-0.187886;0.187847;-0.187872;0.187837;-0.190651;0.204727;-0.111958;0.199588;-0.150038;0.175952;-0.179136;5.7757e-05;0.0106542;4.54837e-05;0.0157515;-6.22613e-05;-0.0059252;0;1;0;1;0;1;
52;0.240612;-0.240639;0.240614;-0.240628;0.240608;-0.242252;0.184801;-0.0632095;0.1818;-0.101363;0.167997;-0.163982;3.3202e-05;0.0167044;2.60475e-05;0.00920023;-3.68045e-05;-0.00364299;0;1;0;1;0;1;
53;0.271437;-0.271455;0.271438;-0.271449;0.271435;-0.272395;0.152345;-0.0119194;0.150592;-0.0432409;0.142531;-0.140186;1.91433e-05;0.0211618;1.47755e-05;0.00537438;-2.19262e-05;-0.00251769;0.197135;1;0;1;0;1;
54;0.287464;-0.287478;0.287466;-0.287474;0.287464;-0.288024;0.10617;0.0138401;0.105139;0.0140741;0.100432;-0.0990597;0.0137582;0.0123601;8.2529e-06;0.0178295;-1.31932e-05;-0.00147202;1;1;0;1;0;1;
55;0.290396;-0.29441;0.293158;-0.293163;0.293156;-0.293898;0.0420502;0.0335628;0.0414375;0.0635804;0.0386928;-0.0378817;0.0259032;0.00721839;0.00350891;0.0104141;0.0151196;-0.00440581;1;1;0.733496;0.908237;1;1;
56;0.285975;-0.290544;0.280139;-0.289816;0.263321;-0.290543;-0.0395793;0.0837437;-0.0399343;0.101274;-0.027717;0.0420237;0.01955;0.00421523;0.0327567;0.00608125;0.0662228;-0.00270486;1;0;1;0;1;1;
57;0.273713;-0.276382;0.230138;-0.275957;0.269689;-0.276381;-0.120459;0.146251;-0.12065;0.156489;-0.111149;0.121887;0.0114183;0.00246136;0.0422132;0.00355091;0.0623556;-0.00158;1;0;1;0;1;0;
58;0.249127;-0.250686;0.175218;-0.250437;0.24678;-0.250685;-0.180433;0.195496;-0.180533;0.201475;-0.17076;0.181268;0.00666873;0.00143694;0.0267877;0.00207337;0.0369954;-0.000923103;1;0;1;0;1;0;
59;0.213414;-0.214324;0.148394;-0.214179;0.212044;-0.214324;-0.217878;0.226677;-0.21793;0.230169;-0.187413;0.218368;0.00389592;0.000838629;0.0156482;0.0012104;0.0216099;-0.000539541;1;0;1;0;1;0;
60;0.16605;-0.166581;0.128077;-0.166496;0.165249;-0.166581;-0.238988;0.244129;-0.23068;0.246168;-0.193341;0.239276;0.00227681;0.000489224;0.00913884;0.000706353;0.0126231;-0.000315606;1;0;1;0;1;0;
61;0.102802;-0.103112;0.0806253;-0.103062;0.102334;-0.103112;-0.243369;0.252157;-0.227246;0.253347;-0.200489;0.249323;0.00133009;0.00028516;0.00533616;0.000411971;0.00737241;-0.000184842;1;0;1;0;1;0;
62;0.0182626;-0.0184431;0.00531111;-0.0184141;0.0179893;-0.018443;-0.232626;0.241822;-0.222826;0.242684;-0.196514;0.244566;0.000775968;0.000165968;0.00311527;0.000240068;0.00430347;-0.000108454;1;0;1;0;1;0;
63;-0.0809788;0.0808736;-0.0885428;0.0808906;-0.0811385;0.0808737;-0.209544;0.219364;-0.210089;0.224414;-0.17727;0.221559;-0.00317421;9.63805e-05;-0.00431727;0.000139686;-0.00530504;-6.38706e-05;1;0;1;0;1;0;
64;-0.168545;0.168483;-0.172962;0.168493;-0.168639;0.168483;-0.171562;0.187656;-0.184368;0.217562;-0.149774;0.19243;-0.0103857;5.57578e-05;-0.0116048;8.10864e-05;-0.0105172;-3.75929e-05;1;0;1;0;1;0;
65;-0.228646;0.22861;-0.231226;0.228615;-0.228702;0.228609;-0.123098;0.179532;-0.140693;0.197325;-0.0998675;0.182647;-0.0060658;3.20323e-05;-0.00677775;4.69393e-05;-0.0192896;-2.24838e-05;1;0;1;0;1;0;
66;-0.264711;0.264688;-0.266217;0.264692;-0.264744;0.264688;-0.0734372;0.155487;-0.0864975;0.165878;-0.0506076;0.157307;-0.0137512;1.83016e-05;-0.00395874;2.68859e-05;-0.0112674;-1.356e-05;1;0;1;0;1;0;
67;-0.284231;0.284215;-0.285108;0.284217;-0.284249;0.284215;-0.00588;0.116359;-0.0310745;0.122428;0.0304433;0.117422;-0.0080306;1.01774e-05;-0.00231094;0.00583522;-0.021161;-8.27861e-06;1;0;1;0.395712;1;0;
68;-0.292784;0.292488;-0.29301;0.291739;-0.292509;0.292488;0.0516561;0.059302;-0.00345054;0.0628512;0.0494956;0.0599218;0.00271888;0.01634;-0.00134966;0.0211205;-0.0123571;0.000999416;1;0.768119;1;1;1;1;
69;-0.291858;0.270683;-0.295358;0.284097;-0.292255;0.281546;0.0822662;-0.0106513;0.0500872;-0.0153871;0.0810041;-0.0170949;0.00158772;0.0608735;-0.00149951;0.0213204;-0.0072167;0.029682;0;1;1;1;0;1;
70;-0.281041;0.279401;-0.283085;0.276509;-0.281274;0.235244;0.138428;-0.0942161;0.119636;-0.0993701;0.137691;-0.100352;0.000926712;0.0622019;-0.000876094;0.0124527;-0.00421488;0.0407032;0;1;0;0.900318;0;1;
71;-0.258636;0.257681;-0.259829;0.255989;-0.258771;0.187484;0.188947;-0.158694;0.177972;-0.166136;0.188517;-0.166697;0.000540855;0.0375857;-0.000512036;0.00727349;-0.00246195;0.0271064;0;1;0;0.930031;0;1;
72;-0.225246;0.224689;-0.225943;0.2237;-0.225325;0.156658;0.222667;-0.184454;0.216258;-0.209344;0.222416;-0.209664;0.000315437;0.0219561;-0.000299475;0.0042488;-0.00143828;0.0158352;0;1;0;1;0;1;
73;-0.180968;0.180644;-0.181375;0.180065;-0.181014;0.140912;0.242158;-0.192554;0.238415;-0.234375;0.242011;-0.226325;0.000183713;0.0128258;-0.000175405;0.0024822;-0.000840469;0.00924935;0;1;0;1;0;1;
74;-0.122481;0.122292;-0.122719;0.121954;-0.122508;0.0990896;0.251736;-0.197762;0.24955;-0.24347;0.25165;-0.2241;0.000106778;0.0074913;-0.00010296;0.0014503;-0.000491379;0.00540165;0;1;0;1;0;1;
75;-0.0439017;0.043791;-0.0440406;0.0435938;-0.0439172;0.0302416;0.247423;-0.190777;0.24652;-0.235871;0.247833;-0.224351;6.18527e-05;0.00437437;-6.06217e-05;0.000847358;-0.000287534;0.00315408;0;1;0;1;0;1;
76;0.0534459;-0.0535111;0.0533648;-0.0536256;0.0534372;-0.0614231;0.232519;-0.173643;0.2315;-0.216589;0.222114;-0.216857;3.5593e-05;0.0012261;-3.59353e-05;0.000494714;-0.000168475;-0.00347199;0;1;0;1;0;1;
77;0.146923;-0.146962;0.146875;-0.147027;0.146918;-0.151581;0.224298;-0.143535;0.222078;-0.181829;0.196352;-0.196948;2.03168e-05;-0.00358863;-2.1438e-05;0.000288785;-9.8914e-05;-0.0178208;0;1;0;1;0;1;
78;0.214777;-0.214801;0.214749;-0.214839;0.214774;-0.217498;0.206049;-0.111685;0.204752;-0.1325;0.18653;-0.146456;1.13545e-05;-0.00612401;-1.29939e-05;-0.0131992;-5.81937e-05;-0.0104085;0;1;0;1;0;1;
79;0.256703;-0.256719;0.256687;-0.256741;0.256702;-0.258293;0.176789;-0.0458456;0.176032;-0.0950384;0.16539;-0.106878;6.20988e-06;-0.0146266;-8.05467e-06;-0.00770871;-3.4522e-05;-0.00607774;0;1;0;1;0;1;
80;0.280131;-0.280142;0.280122;-0.280154;0.28013;-0.28106;0.136458;0.00369348;0.136015;-0.013759;0.1298;-0.0769938;0.00208839;-0.00566369;-5.13978e-06;-0.00656128;-2.05501e-05;-0.00354955;0.390206;1;0;1;0;1;
81;0.290941;-0.291159;0.291145;-0.292562;0.29115;-0.291694;0.0815538;0.0394403;0.0812853;0.0406287;0.0776569;-0.0468124;0.0255056;-0.0143259;-3.37038e-06;0.0178247;-1.19371e-05;-0.00207253;1;1;0;1;0.42226;1;
82;0.290167;-0.298541;0.292466;-0.293638;0.278408;-0.301167;0.00792876;0.0627415;0.00776756;0.063436;0.00565307;0.0123753;0.0232033;-0.00836635;0.0108325;0.01041;0.0555935;-0.00225573;1;0.596131;1;0.51542;1;1;
83;0.283475;-0.288367;0.264708;-0.285503;0.26256;-0.2899;-0.0770211;0.118295;-0.0771033;0.118701;-0.0680275;0.0888822;0.0195945;-0.00488625;0.040901;0.00607888;0.0645964;-0.00131734;1;0;1;0;1;0;
84;0.264986;-0.267843;0.197738;-0.266171;0.252775;-0.268738;-0.150105;0.17421;-0.150138;0.174447;-0.143321;0.157033;0.0114439;-0.00285395;0.0343663;0.00354961;0.0471742;-0.000769743;1;0;1;0;1;0;
85;0.234913;-0.236581;0.161122;-0.235605;0.227783;-0.237104;-0.199502;0.213581;-0.199514;0.21372;-0.175954;0.20355;0.00668445;-0.00166721;0.0200763;0.00207261;0.0275575;-0.000449936;1;0;1;0;1;0;
86;0.194036;-0.19501;0.15094;-0.194439;0.189872;-0.195315;-0.228888;0.237113;-0.223322;0.237194;-0.182361;0.231255;0.00390565;-0.000974169;0.0117273;0.0012099;0.0160987;-0.000263266;1;0;1;0;1;0;
87;0.140147;-0.140715;0.114978;-0.140382;0.137715;-0.140894;-0.24413;0.249413;-0.22368;0.24946;-0.191484;0.245992;0.00228247;-0.000569447;0.00684924;0.000706052;0.0094047;-0.000154266;1;0;1;0;1;0;
88;0.0676805;-0.0680121;0.0529817;-0.0678177;0.0662604;-0.0681164;-0.239652;0.25094;-0.219213;0.250842;-0.194573;0.251055;0.00133268;-0.000333111;0.0040003;0.000411804;0.00549267;-9.06037e-05;1;0;1;0;1;0;
89;-0.0257671;0.0255736;-0.0343514;0.0256871;-0.0265959;0.0255127;-0.224276;0.232283;-0.212369;0.235264;-0.184219;0.235199;0.000777117;-0.000195097;0.00233607;0.000239976;0.00320613;-5.3439e-05;1;0;1;0;1;0;
90;-0.123287;0.123174;-0.1283;0.12324;-0.123771;0.123138;-0.194648;0.209746;-0.194438;0.210827;-0.157568;0.209481;-0.00640533;-0.000114485;-0.00361466;0.00013964;-0.0052834;-3.17213e-05;1;0;1;0;1;0;
91;-0.198963;0.198897;-0.201891;0.198936;-0.199246;0.198876;-0.143261;0.202108;-0.157391;0.202739;-0.12616;0.201954;-0.010015;-6.73645e-05;0.00456313;8.10857e-05;-0.0598593;-1.89907e-05;1;0;1;0;1;0;
92;-0.24734;0.247301;-0.24905;0.247323;-0.247505;0.247288;-0.115357;0.179965;-0.123594;0.180333;-0.0806859;0.179874;-0.00690451;-3.98704e-05;0.00266598;4.69509e-05;-0.034963;-1.1515e-05;1;0;1;0;1;0;
93;-0.275132;0.275108;-0.276131;0.275121;-0.275229;0.275101;-0.0402263;0.145353;-0.107057;0.145568;-0.0178691;0.1453;-0.00779693;-2.37424e-05;0.00155628;2.70072e-05;-0.0204208;-7.14149e-06;1;0;1;0;1;0;
94;-0.289128;0.289112;-0.28971;0.28863;-0.289184;0.289108;0.0343003;0.0964031;-0.0740348;0.0965366;0.0191439;0.0963722;0.0214205;-1.42293e-05;0.000844537;0.0218842;-0.0213918;-4.58711e-06;1;0;1;1;1;0;
95;-0.295044;0.290139;-0.304309;0.286016;-0.3087;0.293231;0.054467;0.0288467;-0.0157734;0.0289298;0.0386389;0.0288258;0.0125108;0.0174694;-0.000579702;0.0248617;-0.0124934;0.00485834;1;1;1;1;1;1;
96;-0.289278;0.263595;-0.294688;0.283916;-0.297253;0.279755;0.103131;-0.0409961;0.0621127;-0.0544225;0.0938871;-0.0544764;0.00730575;0.0664313;-0.000451569;0.0183206;-0.00729645;0.0353664;0;1;0.842419;1;0;1;
97;-0.272956;0.261478;-0.276116;0.269824;-0.277614;0.255013;0.161075;-0.122712;0.13712;-0.132629;0.155677;-0.132645;0.00426607;0.0583904;-0.000264091;0.0107003;-0.00426147;0.0423827;0;1;0;1;0;1;
98;-0.245241;0.238541;-0.247087;0.243411;-0.247962;0.234759;0.205012;-0.167754;0.191023;-0.188399;0.20186;-0.188396;0.002491;0.0348244;-0.000154618;0.00624909;-0.00248918;0.0276476;0;1;0;0.846872;0;1;
