1;-0.000363588;0.000116064;9.94836e-05;-0.000363587;0.000116064;9.94837e-05;0.0349768;0.0347455;0.0352594;0.0349769;0.0347456;0.0352595;0.808667;0.808665;0.808666;0.808667;0.808665;0.808666;0;0;0;0;0;0;
2;-0.000713263;-0.0002978;0.000157841;-0.00167769;-0.000361948;-0.000712675;0.115703;0.12009;0.125489;0.118836;0.123438;0.128247;0.472335;0.472336;0.472339;0.472336;0.472336;0.472339;1;1;1;1;1;1;
3;-0.000766315;0.00259356;0.0038527;-0.00246575;0.00425428;0.00158612;0.0735548;0.0820565;0.0905966;0.076154;0.0845614;0.0922908;0.275857;0.275858;0.275862;0.275857;0.275858;0.275862;1;1;1;1;1;1;
4;0.00108563;0.00198833;0.00398231;-0.00201826;0.00370115;0.000722752;0.0429346;0.0479537;0.052888;0.0445063;0.0493627;0.0539314;0.161106;0.161107;0.16111;0.161106;0.161107;0.16111;1;1;1;1;1;1;
5;0.000889641;0.00028509;0.00276628;-0.00143204;0.00303758;-0.00045405;0.0279002;0.0412288;0.0373693;0.0357688;0.036694;0.0414223;0.0940886;0.0940896;0.0940927;0.0940892;0.0940902;0.0940926;1;1;1;1;1;1;
6;0.000814188;-0.000940829;0.00156327;-0.00160093;0.00331775;-0.001329;0.0381308;0.0453781;0.0473712;0.0400586;0.0443545;0.0493698;0.0549516;0.0549536;0.0549559;0.054952;0.0549534;0.0549551;1;1;1;1;1;1;
7;0.00171878;-0.00179253;0.00215627;-0.00217822;0.00286481;-0.00201941;0.0336514;0.0392823;0.0422357;0.0361319;0.0396175;0.0451686;0.0320963;0.0320974;0.0321004;0.0320958;0.0320985;0.0320994;1;1;1;1;1;1;
8;0.00213739;-0.00215875;0.00239289;-0.00241529;0.00242607;-0.00231297;0.0299004;0.0354448;0.0358447;0.0348955;0.0357164;0.0415221;0.0187485;0.0187484;0.0187518;0.0187473;0.0187506;0.0187507;1;1;1;1;1;1;
9;0.00213812;-0.00179908;0.00218037;-0.00197375;0.00195519;-0.00194597;0.0246685;0.0320524;0.0307887;0.0328546;0.0320837;0.0398608;0.010953;0.0109513;0.0109555;0.0109508;0.0109549;0.010954;1;1;1;1;1;1;
10;0.000353541;-0.000155392;0.000378211;-0.000257383;0.000246726;-0.000241465;0.0207271;0.0329607;0.0262456;0.0348952;0.0297238;0.0403259;0.00639995;0.00639748;0.00723258;0.00639737;0.00800817;0.00640018;1;1;1;1;1;1;
11;-0.00343955;0.00355531;-0.00342515;0.00349573;-0.00350181;0.00350504;0.0168595;0.0338595;0.0211363;0.0377452;0.0277347;0.0404028;0.00469697;0.00373781;0.00554036;0.00373806;0.00862511;0.00373996;1;1;1;1;1;1;
12;-0.0103084;0.0103761;-0.0103;0.0103413;-0.0103447;0.0103467;0.0143246;0.0350072;0.018175;0.039965;0.0263738;0.0425372;0.00378548;0.00218439;0.00528144;0.00218491;0.00856264;0.00218627;1;1;1;1;1;1;
13;-0.0214781;0.0215177;-0.0214732;0.0214973;-0.0214992;0.0215005;0.0138137;0.0354938;0.0170769;0.0408945;0.0253909;0.0429093;0.00365098;0.00127715;0.00489226;0.00127783;0.00820562;0.00127887;1;1;1;1;1;1;
14;-0.0380395;0.0380628;-0.0380367;0.0380505;-0.0380514;0.0380525;0.017958;0.0348435;0.0200379;0.0406454;0.0252351;0.0397059;0.00417011;0.000747597;0.00430941;0.00214015;0.0055611;0.00161933;1;1;1;1;1;1;
15;-0.0602958;0.0603086;-0.0602941;0.060302;-0.0603017;0.0603031;0.0280202;0.0324204;0.0300236;0.0349817;0.0275583;0.0322937;0.00459128;0.00676556;0.00313112;0.00741223;0.00324943;0.00353069;1;1;1;1;1;1;
16;-0.086729;0.0867341;-0.0867274;0.0867322;-0.0867324;0.0867334;0.0449208;0.028397;0.0525678;0.0125396;0.0390695;0.0179091;0.00268311;0.0189405;0.00315942;0.0128377;0.00189887;0.0103757;1;1;1;1;0.927026;1;
17;-0.113115;0.113117;-0.113114;0.113117;-0.113117;0.113119;0.059113;0.011803;0.06358;-0.0255465;0.0556935;-0.0219159;0.0015678;0.0376579;0.00184661;0.0187193;0.00110864;0.0195282;1;1;1;1;0;1;
18;-0.132799;0.1328;-0.132798;0.132799;-0.1328;0.132801;0.0960867;-0.0159238;0.0986959;-0.0764785;0.0940897;-0.0726399;0.000915198;0.055184;0.00107823;0.0169051;0.000647075;0.0226907;0;1;0.638154;1;0;1;
19;-0.138311;0.156793;-0.13831;0.137765;-0.138312;0.133069;0.143897;-0.092624;0.145421;-0.132444;0.142731;-0.127197;0.000533999;0.0588285;0.000629303;0.00987415;0.000377541;0.0392527;0;1;0;1;0;1;
20;-0.123566;0.134363;-0.123566;0.123246;-0.123567;0.120503;0.18616;-0.134895;0.18705;-0.179468;0.185479;-0.1733;0.000311487;0.039732;0.000367076;0.00576879;0.000219994;0.0293395;0;1;0;1;0;1;
21;-0.0843849;0.0906918;-0.0843849;0.0841973;-0.0843852;0.0825952;0.215039;-0.156525;0.215558;-0.211126;0.214641;-0.203111;0.000181479;0.024033;0.000213913;0.00704901;0.000127962;0.0171398;0;1;0;1;0;1;
22;-0.0173045;0.020988;-0.0173045;0.0171948;-0.0173046;0.0162594;0.230601;-0.167106;0.230904;-0.222347;0.230368;-0.208798;0.000105481;0.0140407;0.000124411;0.00420062;7.42272e-05;0.0100114;0;1;0;1;0;1;
23;0.0725457;-0.0703939;0.0725457;-0.0726097;0.0725457;-0.073156;0.22925;-0.165309;0.229546;-0.206604;0.229917;-0.200366;6.11363e-05;0.00820111;7.21808e-05;0.00245343;4.28142e-05;0.00584767;0;1;0;1;0;1;
24;0.159619;-0.158363;0.159619;-0.159657;0.159619;-0.159976;0.222582;-0.140803;0.222755;-0.175983;0.222971;-0.181139;3.52165e-05;0.00478836;4.1663e-05;-0.00183308;2.44637e-05;0.00341501;0;1;0;1;0;1;
25;0.222491;-0.221757;0.222491;-0.222513;0.222491;-0.222699;0.203232;-0.0916142;0.203333;-0.139185;0.203459;-0.144817;2.0093e-05;-0.00518499;2.38493e-05;-0.0149861;1.37576e-05;0.00199587;0;1;0;1;0;1;
26;0.261128;-0.2607;0.261128;-0.261142;0.261128;-0.261251;0.173022;-0.0407235;0.173081;-0.082762;0.173154;-0.0989455;1.13232e-05;-0.0050748;1.34947e-05;-0.00875263;7.51282e-06;0.0037439;0;1;0;1;0;1;
27;0.282493;-0.282244;0.282493;-0.282504;0.282493;-0.282565;0.131505;0.00767631;0.13154;-0.0039839;0.131583;-0.0476399;6.21696e-06;-3.27913e-05;7.43432e-06;-0.00861529;4.00834e-06;0.00218675;0.36911;1;0;1;0;1;
28;0.292154;-0.292751;0.292155;-0.306734;0.292155;-0.292198;0.0748813;0.0466542;0.0748984;0.0571836;0.0749233;0.0513281;0.0112885;-0.0176777;0.0172197;0.0128222;0.0100535;0.0127303;1;1;0.93496;1;1;1;
29;0.285428;-0.295018;0.283099;-0.301245;0.284569;-0.295398;-0.000545592;0.0715273;-0.00052918;0.0776766;0.00744709;0.0742604;0.0110022;-0.0103238;0.0343641;0.00748818;0.0534296;0.00743632;1;0.219921;1;0.481936;1;1;
30;0.279501;-0.285101;0.240689;-0.288738;0.282444;-0.285323;-0.0853889;0.126843;-0.0853634;0.130434;-0.0761764;0.128439;0.0131547;-0.00602941;0.0425473;0.00437258;0.0643874;0.00434238;1;0;1;0;1;0;
31;0.260885;-0.264156;0.193555;-0.26628;0.262606;-0.264286;-0.156223;0.180434;-0.156196;0.182531;-0.147216;0.181366;0.00768372;-0.00352161;0.0299204;0.00255322;0.0407895;0.00253552;1;0;1;0;1;0;
32;0.230356;-0.232266;0.164419;-0.233506;0.231362;-0.232341;-0.203293;0.217434;-0.203269;0.218659;-0.180122;0.217978;0.00448841;-0.00205711;0.0176233;0.00149065;0.0252632;0.00148028;1;0;1;0;1;0;
33;0.1887;-0.189816;0.150192;-0.19054;0.189289;-0.18986;-0.23102;0.23928;-0.225009;0.239996;-0.19013;0.239598;0.00262213;-0.00120186;0.0102942;0.000870045;0.0147578;0.000863962;1;0;1;0;1;0;
34;0.133435;-0.134087;0.110948;-0.13451;0.13378;-0.134113;-0.245425;0.250461;-0.223777;0.250878;-0.197742;0.250646;0.00153207;-0.000702433;0.00601215;0.000507592;0.00861998;0.000504028;1;0;1;0;1;0;
35;0.0588941;-0.0592746;0.0457624;-0.0595219;0.0590954;-0.05929;-0.231764;0.25003;-0.223148;0.249583;-0.192947;0.249976;0.000895512;-0.000410782;0.00351087;0.000295937;0.00503359;0.000293834;1;0;1;0;1;0;
36;-0.0360872;0.0358654;-0.0437554;0.0357206;-0.0359704;0.035856;-0.21916;0.227823;-0.219681;0.234736;-0.175486;0.234955;0.000523351;-0.000240456;0.00146153;0.000172293;0.00293898;0.000171074;1;0;1;0;1;0;
37;-0.132306;0.132177;-0.136784;0.132092;-0.132239;0.132171;-0.187507;0.200338;-0.200404;0.201023;-0.149525;0.202652;0.000305889;-0.000140952;-0.0163431;0.00010027;0.00184499;9.95705e-05;1;0;1;0;1;0;
38;-0.205078;0.205003;-0.207693;0.204953;-0.205041;0.204999;-0.142029;0.163311;-0.158709;0.166124;-0.103684;0.174693;0.000179207;-8.28781e-05;-0.00954516;5.8003e-05;-0.00395873;5.76151e-05;1;0;1;0;1;0;
39;-0.25099;0.250944;-0.252516;0.250915;-0.250968;0.250942;-0.0961565;0.139702;-0.111884;0.156967;-0.0588919;0.161971;-0.0163407;-4.87209e-05;-0.00557423;3.34432e-05;-0.00231177;3.32292e-05;1;0;1;0;1;0;
40;-0.277105;0.277077;-0.277995;0.27706;-0.277092;0.277076;-0.028665;0.11931;-0.0625591;0.129393;0.00505808;0.132315;-0.00954213;-2.89701e-05;-0.00325512;1.91582e-05;-0.00876264;1.9018e-05;1;0;1;0.0359486;1;0;
41;-0.290906;0.289948;-0.290484;0.289938;-0.292429;0.289947;0.0299662;0.0777299;0.020644;0.0836235;0.0385846;0.085324;0.0140964;-1.67e-05;-0.00190162;0.00650621;-0.00863346;1.07636e-05;1;0.21608;1;1;1;0;
42;-0.295064;0.290526;-0.293572;0.291938;-0.299629;0.292984;0.0494338;0.013472;0.0439923;0.0169111;0.0552659;0.017906;0.00823353;0.0426873;0.00166002;0.0188225;-0.00504127;0.0271225;1;1;1;0.94837;0.92555;1;
43;-0.288254;0.286302;-0.287382;0.286428;-0.29092;0.261551;0.104166;-0.0532142;0.100989;-0.065419;0.107572;-0.0648245;0.00480789;0.0614095;0.000969441;0.0160806;-0.00294442;0.0371287;0;1;0;0.935159;0;1;
44;-0.270714;0.269577;-0.270205;0.269647;-0.27227;0.202446;0.163428;-0.128027;0.161572;-0.140799;0.165417;-0.140437;0.00280741;0.0494352;0.000565723;0.00939182;-0.00171993;0.0353645;0;1;0;0.933087;0;1;
45;-0.241872;0.24121;-0.241575;0.241248;-0.242781;0.167105;0.206776;-0.160237;0.205692;-0.193559;0.207937;-0.193337;0.00163915;0.0341177;0.00032994;0.00548593;-0.00100494;0.0259078;0;1;0;1;0;1;
46;-0.202524;0.202139;-0.202351;0.20216;-0.203055;0.150621;0.233238;-0.178175;0.232605;-0.225517;0.233917;-0.212488;0.000956767;0.0200442;0.000192195;0.00320529;-0.000587391;0.015135;0;1;0;1;0;1;
47;-0.150994;0.150769;-0.150893;0.150782;-0.151304;0.120681;0.247494;-0.191592;0.247124;-0.242983;0.24789;-0.21889;0.000558239;0.0117091;0.000111733;0.00187277;-0.000343592;0.00884125;0;1;0;1;0;1;
48;-0.0820595;0.0819287;-0.0820004;0.0819357;-0.0822405;0.0643567;0.252318;-0.197131;0.252398;-0.245693;0.252121;-0.221194;0.000325485;0.00683876;6.47286e-05;0.00109289;-0.000201191;0.00516397;0;1;0;1;0;1;
49;0.0083116;-0.00838738;0.00834614;-0.00838386;0.00820605;-0.0186501;0.238741;-0.190648;0.239151;-0.231478;0.235043;-0.216354;0.000189559;0.00399197;3.72796e-05;0.00063664;-0.000118068;0.00301559;0;1;0;1;0;1;
50;0.107309;-0.107353;0.107329;-0.107351;0.107247;-0.113347;0.213338;-0.169118;0.21367;-0.204261;0.214783;-0.201271;0.0001102;-0.00585323;2.12608e-05;-0.00716808;-6.9495e-05;-0.00286616;0;1;0;1;0;1;
51;0.187837;-0.187863;0.187849;-0.187862;0.187801;-0.191364;0.206188;-0.130924;0.206813;-0.164924;0.207802;-0.173107;6.39185e-05;-0.0127924;1.19616e-05;-0.00648576;-4.11121e-05;-0.00632633;0;1;0;1;0;1;
52;0.240608;-0.240624;0.240615;-0.240623;0.240587;-0.242668;0.185654;-0.0837205;0.18602;-0.111003;0.186597;-0.127149;3.68969e-05;-0.0132015;6.56027e-06;-0.00799128;-2.4532e-05;-0.00369474;0;1;0;1;0;1;
53;0.271435;-0.271445;0.271439;-0.271446;0.271422;-0.272639;0.152843;-0.0195626;0.153056;-0.0546587;0.153394;-0.0741531;2.1116e-05;-0.012817;3.39229e-06;-0.0121823;-1.47998e-05;-0.00215711;0;1;0;1;0;1;
54;0.287464;-0.287781;0.287466;-0.287959;0.287457;-0.288167;0.106458;0.0293408;0.106579;0.0220985;0.106776;-0.00738657;0.0151139;-0.015514;1.58775e-06;0.0141159;-9.03419e-06;-0.00126003;1;1;0;1;0;1;
55;0.291685;-0.294228;0.293106;-0.304926;0.287487;-0.293613;0.042216;0.0663969;0.0422832;0.0657483;0.0424001;0.0333838;0.0224434;-0.00905926;0.0146819;0.00824518;0.0383669;0.00214501;1;1;1;1;1;1;
56;0.288953;-0.290438;0.26468;-0.296685;0.272494;-0.290078;-0.0394865;0.102919;-0.0394351;0.10254;-0.0286749;0.0836404;0.0200119;-0.00529092;0.039014;0.00481468;0.0630715;0.00125289;1;0;1;0;1;0.485619;
57;0.275453;-0.27632;0.213241;-0.279969;0.267857;-0.27611;-0.120405;0.15745;-0.120359;0.157228;-0.113656;0.146191;0.011688;-0.00309028;0.0393627;0.00281133;0.0527914;0.000731251;1;0;1;0;1;0;
58;0.250143;-0.250649;0.180378;-0.25278;0.245709;-0.250527;-0.1804;0.202036;-0.180363;0.201907;-0.167499;0.195461;0.00682677;-0.0018052;0.0235443;0.00164143;0.0324671;0.000426635;1;0;1;0;1;0;
59;0.214007;-0.214303;0.154685;-0.215548;0.211419;-0.214232;-0.217859;0.230496;-0.217448;0.230421;-0.184563;0.226657;0.00398796;-0.00105474;0.0137538;0.000958117;0.0189665;0.000248672;1;0;1;0;1;0;
60;0.166396;-0.166569;0.131751;-0.167295;0.164885;-0.166527;-0.238977;0.246359;-0.225454;0.246315;-0.194404;0.244117;0.00233016;-0.000616507;0.00803344;0.000559046;0.0110793;0.000144709;1;0;1;0;1;0;
61;0.103004;-0.103104;0.0827709;-0.103529;0.102121;-0.10308;-0.243136;0.253459;-0.225396;0.253433;-0.198096;0.25215;0.00136094;-0.000360584;0.0046915;0.000325952;0.00647097;8.39841e-05;1;0;1;0;1;0;
62;0.0183804;-0.0184387;0.0065646;-0.0186868;0.0178646;-0.0184248;-0.233723;0.240342;-0.223422;0.243189;-0.189119;0.243913;0.000794629;-0.00021115;0.00273877;0.00018983;0.00377801;4.85163e-05;1;0;1;0;1;0;
63;-0.0809099;0.0808762;-0.0878103;0.0807311;-0.0812116;0.0808841;-0.209181;0.216254;-0.211625;0.225952;-0.16814;0.227458;0.000463526;-0.000123854;-0.00776595;0.000110346;-0.00295929;2.78124e-05;1;0;1;0;1;0;
64;-0.168504;0.168485;-0.172535;0.1684;-0.168682;0.168489;-0.17164;0.190073;-0.185587;0.21846;-0.142216;0.21934;-0.0121613;-7.28724e-05;-0.010475;6.39653e-05;-0.00370282;1.5782e-05;1;0;1;0;1;0;
65;-0.228622;0.228611;-0.230976;0.228561;-0.228727;0.228613;-0.122957;0.181271;-0.139481;0.197849;-0.0928268;0.198363;-0.00710218;-4.30613e-05;-0.0061178;3.69149e-05;-0.0138407;8.77235e-06;1;0;1;0;1;0;
66;-0.264697;0.264689;-0.266071;0.26466;-0.264758;0.26469;-0.0728972;0.156503;-0.0881733;0.166184;-0.0408795;0.166484;-0.0138673;-2.56114e-05;-0.00357231;2.11111e-05;-0.0108379;4.67635e-06;1;0;1;0;1;0;
67;-0.284374;0.284215;-0.285023;0.284198;-0.284257;0.284216;0.00481195;0.116952;-0.0220457;0.122608;0.0279614;0.122782;-0.00160982;-1.54091e-05;-0.00208509;0.00445428;-0.0163674;2.31666e-06;1;0;1;0.533915;1;0;
68;-0.292582;0.292489;-0.29296;0.291898;-0.292742;0.292489;0.0528683;0.0596513;0.0508251;0.0629552;0.0525376;0.0630534;0.0116607;0.0152249;0.00450017;0.0167592;-0.0095576;0.0105117;1;1;1;1;1;1;
69;-0.29174;0.29073;-0.293396;0.285848;-0.292339;0.273639;0.082974;-0.00650812;0.0817836;-0.0153295;0.0827808;-0.0152624;0.00680959;0.0534752;0.00262937;0.0144754;-0.00558174;0.0375254;0;1;1;1;0;1;
70;-0.280972;0.280385;-0.281939;0.277531;-0.281322;0.228273;0.138842;-0.0924041;0.138146;-0.0993369;0.138729;-0.0992819;0.00397634;0.058071;0.0015351;0.00845478;-0.0032601;0.0426642;0;1;0;0.89528;0;1;
71;-0.258595;0.258254;-0.25916;0.256586;-0.2588;0.19171;0.189188;-0.156244;0.188782;-0.166116;0.189122;-0.166072;0.00232181;0.0379007;0.000896091;0.0049385;-0.00190435;0.0282187;0;1;0;1;0;1;
72;-0.225222;0.225024;-0.225552;0.224048;-0.225342;0.161561;0.222808;-0.177493;0.222571;-0.209333;0.22277;-0.209299;0.00135545;0.0221412;0.000522831;0.002885;-0.00111263;0.0164848;0;1;0;1;0;1;
73;-0.180954;0.180838;-0.181147;0.180269;-0.181024;0.143775;0.24224;-0.18808;0.242101;-0.234367;0.242218;-0.227023;0.000791077;0.0129348;0.000304811;0.00176994;-0.000650296;0.00962874;0;1;0;1;0;1;
74;-0.122473;0.122406;-0.122586;0.122074;-0.122514;0.100761;0.251784;-0.197493;0.251703;-0.244061;0.251771;-0.226575;0.000461457;0.00755549;0.000177474;0.00103484;-0.000380314;0.00562288;0;1;0;1;0;1;
75;-0.0438969;0.0438579;-0.0439626;0.0436637;-0.0439206;0.0312167;0.248422;-0.200989;0.247794;-0.24005;0.247759;-0.223006;0.000268978;0.00441078;0.000103132;0.000603575;-0.00022267;0.00328316;0;1;0;1;0;1;
76;0.0534489;-0.0534713;0.0534105;-0.053585;0.0534351;-0.0608542;0.232073;-0.185795;0.232491;-0.220588;0.225207;-0.21401;0.000156561;-0.00603646;5.96955e-05;-0.000561979;-0.000130594;-0.0033347;0;1;0;1;0;1;
77;0.146924;-0.146938;0.146902;-0.147004;0.146916;-0.151249;0.225607;-0.161217;0.226101;-0.189773;0.200138;-0.193472;9.09554e-05;-0.0098133;3.43767e-05;-0.00941632;-7.68034e-05;-0.0122767;0;1;0;1;0;1;
78;0.214778;-0.214787;0.214765;-0.214825;0.214773;-0.217305;0.206813;-0.11883;0.207102;-0.141246;0.191201;-0.154294;5.26696e-05;-0.018353;1.96208e-05;-0.00760488;-4.53754e-05;-0.00717028;0;1;0;1;0;1;
79;0.256704;-0.256711;0.256696;-0.256733;0.256701;-0.25818;0.177235;-0.0617578;0.177404;-0.0856086;0.168118;-0.103784;3.0243e-05;-0.0188915;1.10104e-05;-0.0088971;-2.69452e-05;-0.0041881;0;1;0;1;0;1;
80;0.280131;-0.280137;0.280127;-0.280151;0.28013;-0.280994;0.136718;0.0161476;0.136816;-0.0321791;0.131393;-0.0436807;1.73074e-05;-0.0163932;6.00757e-06;-0.0103345;-1.62239e-05;-0.00173023;0;1;0;1;0;1;
81;0.29115;-0.291156;0.291148;-0.291163;0.291149;-0.291655;0.0817008;0.0449704;0.0817546;0.0549109;0.0785886;0.0389765;0.007152;-0.0149522;0.0069779;0.00270336;0.0143764;-0.00183091;1;1;0.271424;1;0.714958;1;
82;0.288699;-0.297882;0.285625;-0.293909;0.284213;-0.299173;0.00801068;0.0659727;0.00804523;0.071777;0.0086073;0.0624742;0.0132339;-0.00873124;0.0340681;0.00157939;0.0464591;-0.00106752;1;0.941337;1;0.53261;1;1;
83;0.282618;-0.287982;0.245429;-0.285661;0.285042;-0.288735;-0.0769749;0.120182;-0.076939;0.123572;-0.0692473;0.118139;0.0147406;-0.00509939;0.0425937;0.000921898;0.0615777;-0.000623683;1;0;1;0;1;0;
84;0.264486;-0.267618;0.197439;-0.266263;0.265905;-0.268058;-0.150078;0.175312;-0.150043;0.177292;-0.14316;0.174119;0.00860926;-0.00297846;0.0313427;0.000538008;0.0440105;-0.000364655;1;0;1;0;1;0;
85;0.234621;-0.23645;0.159909;-0.235658;0.235451;-0.236707;-0.199486;0.214225;-0.199457;0.215381;-0.173484;0.213528;0.00502928;-0.00173994;0.0185403;0.000313826;0.0264476;-0.000213388;1;0;1;0;1;0;
86;0.193866;-0.194933;0.14974;-0.194471;0.19435;-0.195083;-0.22888;0.237489;-0.221081;0.238164;-0.181456;0.237082;0.00293812;-0.00101662;0.0108303;0.000182759;0.0154514;-0.000125136;1;0;1;0;1;0;
87;0.140048;-0.14067;0.114277;-0.140401;0.140331;-0.140758;-0.244604;0.249633;-0.219676;0.250027;-0.194679;0.249395;0.00171606;-0.000594232;0.00632592;0.000106204;0.00902655;-7.36133e-05;1;0;1;0;1;0;
88;0.0676226;-0.067986;0.0525726;-0.0678285;0.0677886;-0.0680374;-0.245051;0.251013;-0.219187;0.250751;-0.197302;0.250684;0.00100157;-0.000347589;0.00369478;6.15062e-05;0.00527121;-4.3506e-05;1;0;1;0;1;0;
89;-0.025801;0.0255889;-0.0345901;0.0256807;-0.0257037;0.0255587;-0.226294;0.229998;-0.217673;0.23683;-0.184786;0.23707;0.00058388;-0.000203554;0.00215711;3.53927e-05;0.000711409;-2.59319e-05;1;0;1;0;1;0;
90;-0.123307;0.123183;-0.12844;0.123236;-0.12325;0.123165;-0.197877;0.208333;-0.196905;0.206276;-0.165779;0.205398;-0.00999177;-0.000119424;-0.00867289;2.03086e-05;-0.00435486;-1.56528e-05;1;0;1;0;1;0;
91;-0.198975;0.198902;-0.201973;0.198934;-0.198942;0.198892;-0.155782;0.201283;-0.160477;0.171212;-0.125131;0.192956;-0.00884384;-7.02529e-05;-0.00506436;1.14766e-05;-0.0172138;-9.54191e-06;1;0;1;0;1;0;
92;-0.247347;0.247304;-0.249098;0.247322;-0.247327;0.247297;-0.109514;0.179483;-0.119954;0.161921;-0.0670129;0.17462;-0.00806115;-4.15423e-05;-0.00295689;6.19716e-06;-0.015416;-6.04828e-06;1;0;1;0;1;0;
93;-0.275137;0.27511;-0.276158;0.275121;-0.275126;0.275106;-0.0356488;0.145072;-0.0767976;0.134816;-0.00926688;0.142232;-0.00819275;-2.46685e-05;-0.00172715;3.14311e-06;-0.00960958;-3.9486e-06;1;0;1;0;1;0;
94;-0.28913;0.289113;-0.289726;0.289118;-0.289125;0.289111;0.0292102;0.0962386;-0.0442199;0.0902565;0.0263079;0.09458;0.0164693;-1.48079e-05;0.00236493;0.0110524;-0.0167959;-2.72647e-06;1;0;1;1;1;0;
95;-0.293244;0.293234;-0.293592;0.28807;-0.302242;0.293233;0.0479485;0.02875;0.0016388;0.0252607;0.0428226;0.0277805;0.00961988;0.00914757;0.00309271;0.0166693;-0.00980883;0.00369763;1;1;1;1;1;1;
96;-0.288227;0.28807;-0.28843;0.285205;-0.293481;0.272261;0.0993239;-0.0415658;0.0722809;-0.0565666;0.0963303;-0.0550857;0.00561751;0.0618128;0.00180631;0.0172345;-0.00572867;0.0330675;0;1;0.837175;1;0;1;
97;-0.272342;0.272253;-0.272461;0.270577;-0.275411;0.212602;0.158852;-0.125018;0.143059;-0.133881;0.157104;-0.133001;0.00328019;0.0523201;0.00105447;0.0100659;-0.0033459;0.038247;0;1;0;0.831639;0;1;
98;-0.244883;0.244833;-0.244952;0.243852;-0.246675;0.170739;0.203714;-0.174593;0.194491;-0.18913;0.202693;-0.188605;0.00191527;0.0307291;0.000615404;0.0058794;-0.00195449;0.0224644;0;1;0;1;0;1;
