1;-0.000363588;0.000116064;9.94837e-05;-0.000363588;0.000116064;9.94838e-05;0.0349769;0.0347456;0.0352594;0.0349769;0.0347456;0.0352595;0.808667;0.808665;0.808666;0.808667;0.808665;0.808666;0;0;0;0;0;0;
2;-0.0108942;-0.0024642;-0.00171088;0.00727473;0.00188025;-0.0563402;0.189239;0.182825;0.182648;0.159089;0.162427;0.133616;0.47238;0.472369;0.472367;0.472409;0.47241;0.47238;1;1;1;1;1;1;
3;-0.0260352;-0.014261;-0.0330762;0.0389026;0.00741599;-0.0410655;0.112331;0.108733;0.112095;0.107177;0.112637;0.0903702;0.275887;0.275882;0.275892;0.27591;0.275911;0.275883;0.429955;1;1;1;1;0.300829;
4;-0.0145693;-0.00896286;-0.0229682;0.0220843;0.033365;-0.0246169;0.0655748;0.0635318;0.0716144;0.0626262;0.094832;0.0528012;0.161121;0.161121;0.161133;0.16114;0.161144;0.161116;0.870183;1;1;1;1;0;
5;-0.00763225;-0.00589305;-0.0125387;0.0120214;0.0203617;-0.0152522;0.0380398;0.0397126;0.0702825;0.0399993;0.0780054;0.0310896;0.0940944;0.0941002;0.0941099;0.0941103;0.0941199;0.0940908;0.694796;1;1;1;1;0.131204;
6;-0.00334975;0.00129133;-0.00621549;0.00591339;0.0129991;-0.0100147;0.021558;0.027699;0.0527405;0.0386164;0.0629713;0.0188127;0.0549514;0.0549574;0.0549657;0.0549642;0.0549735;0.0549482;0.930699;1;1;1;1;0.0927587;
7;-0.000712855;0.000263234;-0.00238644;0.00221043;0.00883511;-0.00709186;0.0112905;0.0305864;0.0492836;0.0383702;0.0574697;0.0122868;0.0320924;0.0320974;0.0321038;0.032103;0.0321103;0.0320895;1;1;1;1;1;0.626494;
8;0.000717348;0.00241495;-0.000260418;0.000157676;0.00629365;-0.00527524;0.00764989;0.0313705;0.0484571;0.0401705;0.0580011;0.00942251;0.018743;0.018748;0.0187527;0.0187518;0.0187582;0.0187404;1;1;1;1;1;0.785017;
9;0.00287875;0.000872341;-0.000105622;-0.00229341;0.0495008;-0.0092228;0.00247361;0.0271106;0.0493432;0.0325441;0.0478199;0.00629261;0.0109468;0.0109508;0.0151458;0.0109544;0.0142227;0.0109445;1;1;1;1;1;0.793399;
10;0.000785865;0.00140471;0.00289074;-0.00177181;0.028369;-0.00449109;0.00324501;0.0324388;0.0518761;0.0470894;0.0703967;0.0204603;0.00639388;0.00639677;0.0248754;0.00640015;0.0457521;0.0063921;1;0.842488;1;1;1;0.942011;
11;-0.00318708;0.00446624;-0.00478128;0.00261173;0.0129237;0.00102334;0.00180143;0.038765;0.0608703;0.0456338;0.0681765;0.0239292;0.00373571;0.00373776;0.0391797;0.007839;0.0397968;0.00373381;1;1;1;1;1;1;
12;-0.010161;0.0109081;-0.0264307;0.00982554;-0.000750874;0.00889762;-0.00222279;0.0391738;0.0505275;0.0472551;0.0553045;0.024548;0.00218311;0.00218448;0.0317923;0.00458083;0.0286258;0.00218131;1;1;1;0.858704;1;0.881507;
13;-0.0213924;0.0218286;-0.0500812;0.0211965;-0.0158955;0.0206543;0.00457783;0.0365493;0.0372203;0.0513936;0.0532919;0.0191788;0.00661586;0.00127717;0.0217485;0.0053529;0.02811;0.00127415;1;1;1;1;1;0.820562;
14;-0.0379895;0.0382445;-0.0547446;0.0378756;-0.0347785;0.0375586;0.00197741;0.0331412;0.0413615;0.044563;0.0548044;0.0203706;0.00386541;0.00074752;0.0212131;0.00591084;0.0274534;0.000744541;1;1;1;1;1;0.913667;
15;-0.0602672;0.060415;-0.0700518;0.0602013;-0.0583922;0.0600158;0.0131547;0.0272751;0.0510111;0.0332662;0.0593163;0.0130324;0.00225885;0.0094322;0.0172513;0.00540795;0.0280299;0.000435722;1;1;1;1;1;1;
16;-0.0867123;0.0867947;-0.0924238;0.0866744;-0.0856178;0.0865657;0.0392102;0.0311271;0.068999;0.0162625;0.0696373;-0.00382133;0.00132025;0.026663;0.0107239;0.0111442;0.0163742;0.000256331;1;1;1;1;1;1;
17;-0.113106;0.113153;-0.116441;0.113084;-0.112467;0.113021;0.0557763;0.0112475;0.101553;-0.0233731;0.083138;-0.0280975;0.00077097;0.034543;0.00626479;0.0141207;0.00956311;0.0147985;0.431435;1;1;1;0.760391;1;
18;-0.132793;0.132823;-0.134741;0.132781;-0.13242;0.132742;0.0941381;-0.0359239;0.120873;-0.0752098;0.110117;-0.0748313;0.000449884;0.044575;0.00365911;0.0105878;0.00558438;0.0290207;0;1;0.922025;1;0;1;
19;-0.138308;0.17477;-0.139445;0.1383;-0.13809;0.133938;0.14276;-0.0983873;0.158373;-0.131703;0.152091;-0.131177;0.000262328;0.0463273;0.00213651;0.00618552;0.00326082;0.0317301;0;1;0;1;0;1;
20;-0.123564;0.144863;-0.124229;0.12356;-0.123437;0.12101;0.185495;-0.149095;0.194613;-0.179036;0.190945;-0.172742;0.000152849;0.0338866;0.00124728;0.00361376;0.00190381;0.0260399;0;1;0;1;0;1;
21;-0.0843841;0.0968252;-0.084772;0.0843816;-0.08431;0.0828913;0.214651;-0.172754;0.219975;-0.210876;0.217833;-0.201326;8.88478e-05;0.0197954;0.000727956;0.00211172;0.00111129;0.0152509;0;1;0;1;0;1;
22;-0.0173041;0.0245714;-0.0175307;0.0173029;-0.0172608;0.0164323;0.230374;-0.180224;0.233484;-0.227772;0.232233;-0.210201;5.14381e-05;0.0115625;0.00042465;0.00123443;0.00064844;0.00890842;0;1;0;1;0;1;
23;0.0725457;-0.0683006;0.0724133;-0.0725462;0.0725711;-0.0730539;0.229425;-0.170333;0.229441;-0.20812;0.228938;-0.203609;2.96038e-05;0.00675173;0.00024753;0.000722196;0.000378119;0.00520275;0;1;0;1;0;1;
24;0.159619;-0.15714;0.159541;-0.159618;0.159634;-0.159915;0.222612;-0.131926;0.222442;-0.166184;0.222394;-0.191979;1.68545e-05;0.00394183;0.000144093;0.0093272;0.00022025;-0.00399973;0;1;0;1;0;1;
25;0.22249;-0.221045;0.222445;-0.222489;0.222499;-0.222663;0.203249;-0.0802184;0.20315;-0.108261;0.203122;-0.145522;9.39967e-06;0.0100977;8.3763e-05;0.0136794;0.000128035;-0.00233704;0;1;0;1;0;1;
26;0.261127;-0.260286;0.261101;-0.261126;0.261133;-0.261228;0.173032;-0.0164807;0.172974;-0.0513509;0.172957;-0.102499;5.09642e-06;0.034046;4.84363e-05;0.0336756;7.42443e-05;-0.0013659;0;1;0;1;0;1;
27;0.282492;-0.282005;0.282477;-0.28249;0.282496;-0.282551;0.131514;0.0385551;0.131477;0.0257743;0.131468;-0.0367407;0.0155386;0.0449216;2.7935e-05;0.0457714;4.29169e-05;-0.0018693;0.886138;1;0;1;0;1;
28;0.292155;-0.291872;0.292145;-0.292153;0.292156;-0.292189;0.0748863;0.0615893;0.0748655;0.0435293;0.0748613;-0.0187506;0.00907729;0.0321631;0.0171165;0.0267347;0.0124444;-0.00109173;1;1;1;1;1;1;
29;0.292763;-0.292818;0.280128;-0.292729;0.297668;-0.292382;-0.000545981;0.0802489;-0.000546131;0.0697036;-0.000547803;0.0333323;0.00635683;0.0187829;0.0341516;0.0156136;0.0373372;-0.000637003;1;0;1;0.756881;1;1;
30;0.283784;-0.283816;0.254798;-0.283765;0.28665;-0.283562;-0.0853892;0.131936;-0.0853759;0.125778;-0.0853727;0.104537;0.00371336;0.0109688;0.0294145;0.00911787;0.0367891;-0.000372378;1;0;1;0;0;0;
31;0.263387;-0.263406;0.238105;-0.263376;0.26508;-0.263257;-0.156225;0.183409;-0.156206;0.179812;-0.151463;0.167408;0.00216905;0.00640532;0.0172947;0.00532448;0.041133;-0.000217866;1;0;1;0;0;0;
32;0.231817;-0.231828;0.217049;-0.23181;0.232808;-0.231741;-0.203295;0.219171;-0.203275;0.217071;-0.19034;0.209826;0.00126626;0.00374019;0.0125257;0.00310904;0.024028;-0.000127708;1;0;1;0;0;0;
33;0.189553;-0.18956;0.180928;-0.18955;0.190132;-0.189509;-0.231023;0.240295;-0.231006;0.239068;-0.184675;0.234838;0.000737932;0.00218377;0.00731604;0.00181509;0.0140362;-7.50913e-05;1;0;1;0;0;0;
34;0.133934;-0.133937;0.128897;-0.133932;0.134271;-0.133908;-0.242814;0.251053;-0.226963;0.250337;-0.183205;0.247866;0.000431645;0.00127481;0.00427155;0.00105941;0.00883623;-4.44348e-05;1;0;1;0;0;0;
35;0.0591853;-0.0591873;0.0562437;-0.059184;0.0593827;-0.0591703;-0.230953;0.249324;-0.211379;0.249426;-0.171743;0.249835;0.000252717;0.000743962;0.00249498;0.000618154;0.01143;-2.65003e-05;1;0;1;0;0;0;
36;-0.0359174;0.0359163;-0.0376352;0.035918;-0.0358012;0.0359261;-0.206274;0.230623;-0.196762;0.233339;-0.150828;0.232758;0.000148436;0.000433933;0.00530775;0.000360439;0.0141503;-1.6047e-05;1;0;1;0;0;0;
37;-0.132207;0.132207;-0.13321;0.132207;-0.132138;0.132212;-0.17514;0.205617;-0.173515;0.206528;-0.124393;0.204319;0.00738415;0.000252855;0.0136134;0.000210013;0.0222444;-9.87175e-06;1;0;1;0;0;0;
38;-0.205021;0.20502;-0.205606;0.20502;-0.204979;0.205023;-0.124447;0.198044;-0.130584;0.198576;-0.0748735;0.196151;0.0100133;0.000147204;0.0213029;0.000122143;0.0363877;-6.26243e-06;1;0;1;0;0;0;
39;-0.250955;0.250954;-0.251297;0.250955;-0.25093;0.250956;-0.0697242;0.175608;-0.0906037;0.175919;-0.0173395;0.174503;0.0181557;8.54656e-05;0.0228258;7.08922e-05;0.0336606;-4.10432e-06;1;0;1;0;0.159511;0;
40;-0.277084;0.277083;-0.277283;0.277083;-0.27707;0.277084;-0.00109014;0.140279;-0.0482562;0.140461;0.0354044;0.139634;0.0297857;4.94923e-05;0.0153869;4.13901e-05;0.0365164;-2.56034e-06;1;0;1;0.49361;0.325881;0.540493;
41;-0.289953;0.289951;-0.290068;0.289952;-0.29098;0.289951;0.0620051;0.0899779;0.0247667;0.0900855;0.0474899;0.089602;0.0439393;0.00608537;0.0210824;0.00687894;0.0213315;0.0141008;1;1;1;1;1;1;
42;-0.293162;0.29309;-0.293229;0.293162;-0.293762;0.28316;0.083348;0.0250003;0.0463978;0.0206826;0.0855458;0.0204058;0.0256609;0.0467519;0.0123136;0.0146489;0.012459;0.0232795;0.889971;1;1;1;1;1;
43;-0.287143;0.287101;-0.287182;0.287142;-0.287493;0.255684;0.123972;-0.0601995;0.102393;-0.0632161;0.125255;-0.0633645;0.0149854;0.0600177;0.0071907;0.0202115;0.00727556;0.0268626;0;1;0;1;0;1;
44;-0.270065;0.270041;-0.270088;0.270064;-0.270269;0.225273;0.174994;-0.137733;0.162392;-0.139511;0.175743;-0.139588;0.00875098;0.0395894;0.00419892;0.0118053;0.00424847;0.0164814;0;1;0;1;0;1;
45;-0.241493;0.241479;-0.241506;0.241493;-0.241612;0.182779;0.213531;-0.191758;0.206171;-0.192807;0.213968;-0.192845;0.00511009;0.0231243;0.00245173;0.0068956;0.00248058;0.00962866;0;1;0;0.984538;0;1;
46;-0.202303;0.202295;-0.202311;0.202303;-0.202373;0.168013;0.237183;-0.213929;0.232885;-0.225079;0.237439;-0.225096;0.00298383;0.0135041;0.00143137;0.00402797;0.00144807;0.00562547;0;1;0;1;0;1;
47;-0.150864;0.15086;-0.150869;0.150865;-0.150905;0.130838;0.249797;-0.201321;0.247287;-0.242727;0.249947;-0.219939;0.00174208;0.00788462;0.000835469;0.00235316;0.000845056;0.00328731;0;1;0;1;0;1;
48;-0.0819838;0.0819821;-0.0819865;0.081984;-0.0820077;0.0702876;0.251767;-0.175869;0.251585;-0.233821;0.251892;-0.211877;0.00101689;0.00465167;0.0004874;0.00137508;0.000492915;0.00365013;0;1;0;1;0;1;
49;0.00835562;-0.00835624;0.00835402;-0.00835537;0.00834224;-0.0151872;0.239505;-0.156073;0.240412;-0.215918;0.232507;-0.204806;0.000593372;0.0167052;0.00028411;0.000804363;0.000287256;0.00550401;0;1;0;1;0;1;
50;0.107334;-0.107334;0.107333;-0.107334;0.107327;-0.111325;0.213751;-0.131615;0.207327;-0.205607;0.211686;-0.188218;0.000345982;0.0168786;0.000165406;0.000468788;0.000167216;0.00983388;0;1;0;1;0;1;
51;0.187852;-0.187851;0.187851;-0.187852;0.187848;-0.190183;0.202387;-0.100011;0.186071;-0.162212;0.175888;-0.160848;0.000201623;0.0205666;9.61294e-05;0.000273653;-0.00269482;0.0144002;0;1;0;1;0;1;
52;0.240617;-0.240615;0.240616;-0.240619;0.240614;-0.241978;0.183435;-0.0657675;0.173906;-0.119711;0.16796;-0.119564;0.000117241;0.0120132;5.56825e-05;-0.0156757;-0.00157419;0.00841296;0;1;0;1;0;1;
53;0.271439;-0.271438;0.271439;-0.271443;0.271438;-0.272235;0.151549;-0.023595;0.145982;-0.051931;0.14251;-0.0572152;0.0152243;0.0165545;3.20825e-05;-0.0144021;-0.000919779;0.0285846;0.444831;1;0;1;0;1;
54;0.287465;-0.287465;0.287466;-0.307592;0.287466;-0.287932;0.105707;0.0258318;0.102447;0.0115605;0.10042;0.031448;0.0273794;0.0173132;1.83846e-05;0.0177433;-0.000536989;0.0264879;1;1;0;1;0.431715;1;
55;0.293156;-0.293158;0.293159;-0.310283;0.299393;-0.293431;0.0417763;0.0610422;0.0398748;0.0267157;0.0386912;0.0938188;0.015995;0.0101117;0.0446477;0.0103631;0.0246033;0.015474;1;0.978683;1;0.617778;1;1;
56;0.281504;-0.289813;0.288028;-0.299814;0.280006;-0.289973;-0.0397408;0.0997915;-0.0408439;0.0797452;-0.0358021;0.118938;0.0138224;0.00590477;0.0373213;0.00605165;0.0620438;0.00903944;1;0;1;0;1;1;
57;0.271102;-0.275955;0.273128;-0.281795;0.26966;-0.276048;-0.120551;0.155623;-0.121184;0.143916;-0.0960712;0.166805;0.00807523;0.00344802;0.0343567;0.00353364;0.0657177;0.00527861;1;0;1;0;1;0;
58;0.247601;-0.250436;0.248782;-0.253847;0.246762;-0.250491;-0.180486;0.20097;-0.180843;0.194133;-0.152477;0.2075;0.00471755;0.00201317;0.0318539;0.00206323;0.0470343;0.00308223;1;0;1;0;1;0;
59;0.212523;-0.214179;0.213211;-0.216171;0.212035;-0.214211;-0.217909;0.229873;-0.210369;0.225881;-0.178232;0.233687;0.00275664;0.00117517;0.0186081;0.00120449;0.027476;0.00179952;1;0;1;0;1;0;
60;0.165528;-0.166496;0.165931;-0.167659;0.165245;-0.166515;-0.239007;0.245996;-0.213991;0.243664;-0.189837;0.248223;0.00161142;0.000685736;0.0108698;0.000702956;0.0160496;0.00105041;1;0;1;0;1;0;
61;0.102497;-0.103062;0.102733;-0.103742;0.102333;-0.103073;-0.235946;0.253247;-0.213023;0.251885;-0.18934;0.254547;0.000942546;0.000399895;0.00634977;0.000410047;0.0093745;0.000612923;1;0;1;0;1;0;
62;0.018084;-0.0184141;0.0182238;-0.0188114;0.0179888;-0.0184211;-0.218153;0.240518;-0.214281;0.243978;-0.175384;0.243464;0.00354155;0.000232948;0.00370918;0.000238988;0.00547567;0.000357444;1;0;1;0;1;0;
63;-0.081083;0.0808909;-0.0809996;0.0806579;-0.0811394;0.0808858;-0.187996;0.218778;-0.206137;0.224684;-0.15156;0.225614;0.00568124;0.000135474;0.00216577;0.000139096;0.00677768;0.000208256;1;0;1;0;1;0;
64;-0.168605;0.168494;-0.168555;0.168357;-0.16864;0.16849;-0.139195;0.187524;-0.188218;0.21772;-0.110993;0.218263;0.0231644;7.85413e-05;-0.0120826;8.08177e-05;0.0168931;0.000121175;1;0;1;0;1;0;
65;-0.228681;0.228616;-0.228651;0.228535;-0.228704;0.228613;-0.107841;0.179783;-0.162229;0.197417;-0.0627579;0.197734;0.0135308;4.54338e-05;-0.0070577;4.66184e-05;0.0309152;7.02929e-05;1;0;1;0;1;0;
66;-0.26473;0.264692;-0.264713;0.264645;-0.264746;0.26469;-0.0543769;0.155634;-0.145381;0.165932;-0.0168131;0.166117;0.00847628;2.6076e-05;-0.00412218;2.676e-05;0.0339546;4.05922e-05;1;0;1;0;1;0;
67;-0.284239;0.284217;-0.284231;0.284189;-0.284252;0.284216;0.0161436;0.116445;-0.110455;0.122463;0.014039;0.122568;0.0278744;1.48256e-05;-0.00240732;0.0165972;0.024082;2.37226e-05;1;0;1;0.969511;1;0.272988;
68;-0.292502;0.292489;-0.292498;0.290077;-0.292509;0.292488;0.0640999;0.0593526;-0.0558463;0.0628738;0.0352184;0.0629299;0.0213292;0.00988498;-0.00180135;0.0202765;0.0140656;0.00781747;1;1;1;1;1;1;
69;-0.291693;0.269004;-0.292661;0.284234;-0.291697;0.284511;0.0895341;-0.00710315;0.0194874;-0.0153751;0.072666;-0.0153381;0.0124565;0.0587072;-0.00105133;0.0150247;0.00821392;0.0148112;0.222159;1;1;1;0;1;
70;-0.280945;0.259585;-0.28151;0.276589;-0.280948;0.276751;0.142673;-0.0945141;0.101766;-0.099362;0.132822;-0.0993314;0.00727404;0.054265;-0.000614406;0.00967295;0.00479659;0.0182758;0;1;0;1;0;1;
71;-0.25858;0.246105;-0.25891;0.256035;-0.258581;0.25613;0.191426;-0.163289;0.167536;-0.16613;0.185673;-0.166107;0.00424759;0.031696;-0.000359192;0.00565114;0.00280075;0.0106753;0;1;0;1;0;1;
72;-0.225213;0.217928;-0.225406;0.223727;-0.225214;0.223783;0.224115;-0.207674;0.210164;-0.209341;0.220755;-0.207812;0.00248015;0.01851;-0.000210144;0.00330198;0.00163509;0.0144208;0;1;0;1;0;1;
73;-0.180949;0.176695;-0.181061;0.180081;-0.18095;0.180114;0.243003;-0.218765;0.234856;-0.234373;0.241041;-0.226695;0.00144795;0.0108067;-0.000123137;0.00192977;0.000954294;0.00842388;0;1;0;1;0;1;
74;-0.12247;0.119986;-0.122536;0.121963;-0.122471;0.121983;0.252229;-0.203006;0.247471;-0.237336;0.251084;-0.226213;0.000845156;0.00630854;-7.24002e-05;0.00112858;0.000556711;0.00491974;0;1;0;1;0;1;
75;-0.0438952;0.0424443;-0.0439337;0.0435993;-0.0438951;0.0436107;0.247738;-0.176943;0.247937;-0.220055;0.24577;-0.221249;0.000493115;0.00368437;-4.27978e-05;0.00486953;0.000324514;0.00287344;0;1;0;1;0;1;
76;0.0534491;-0.0542983;0.0534266;-0.0536216;0.0534506;-0.0536152;0.232083;-0.152483;0.232606;-0.193716;0.221545;-0.212849;0.00028752;0.0125029;-2.5503e-05;0.00692741;0.000188922;0.00167856;0;1;0;1;0;1;
77;0.146924;-0.147422;0.146911;-0.147023;0.146926;-0.147021;0.199578;-0.1245;0.209808;-0.177256;0.196546;-0.184578;0.000167556;0.0280285;-1.52168e-05;0.0209978;-0.0018658;0.000981033;0;1;0;1;0;1;
78;0.214778;-0.215069;0.21477;-0.214836;0.214779;-0.214835;0.155836;-0.0775103;0.197586;-0.130461;0.159854;-0.149775;9.73358e-05;0.0229956;-9.43571e-06;0.0122636;-0.00109013;0.00375685;0;1;0;1;0;1;
79;0.256703;-0.256875;0.2567;-0.25674;0.256705;-0.256737;0.152186;-0.0531158;0.171847;-0.0749209;0.149811;-0.0993829;0.000853333;0.0187951;-5.97272e-06;0.0143149;-0.000637062;0.00704594;1;1;0;1;0;1;
80;0.28013;-0.280232;0.280129;-0.280155;0.280132;-0.280151;0.122419;-0.00819729;0.133571;-0.0329152;0.120702;-0.0203517;0.0151741;0.0109767;-3.85743e-06;0.0133753;-0.000372504;0.0295025;1;1;0;1;0;1;
81;0.291149;-0.291208;0.291149;-0.291495;0.29115;-0.291161;0.073355;0.040786;0.0798607;0.038258;0.0723446;0.0929722;0.0271857;0.0196306;0.00655687;0.00812718;0.00282884;0.0350503;1;1;1;1;0.782258;1;
82;0.292813;-0.292847;0.279087;-0.293014;0.299446;-0.292661;0.00313825;0.0635266;0.00694056;0.0620508;0.00255227;0.136963;0.0158809;0.011464;0.0369076;0.00474633;0.039189;0.020474;1;0;1;0.150875;1;1;
83;0.285021;-0.285041;0.236244;-0.285139;0.288897;-0.284933;-0.0798189;0.118754;-0.0775871;0.117892;-0.0778889;0.161643;0.00927657;0.00669459;0.0365475;0.00277148;0.0530111;0.0119579;1;0;1;0;1;1;
84;0.265889;-0.265901;0.209069;-0.265958;0.268156;-0.265838;-0.151739;0.174478;-0.150421;0.173974;-0.141646;0.199525;0.00541823;0.00390918;0.0370254;0.00161819;0.0436593;0.00698289;1;0;1;0;1;0;
85;0.23544;-0.235448;0.166667;-0.235481;0.236767;-0.23541;-0.200458;0.213738;-0.199677;0.213444;-0.175491;0.228365;0.00316465;0.00228246;0.0219191;0.000944581;0.0270813;0.00407748;1;0;1;0;1;0;
86;0.194343;-0.194348;0.154178;-0.194367;0.19512;-0.194326;-0.229448;0.237205;-0.213531;0.237033;-0.19026;0.245747;0.00184829;0.00133241;0.0128045;0.000551181;0.0158198;0.00238071;1;0;1;0;1;0;
87;0.140326;-0.140329;0.116869;-0.14034;0.140782;-0.140316;-0.244936;0.249467;-0.213577;0.249366;-0.1946;0.254455;0.00107932;0.00077755;0.00748044;0.0003214;0.00924028;0.00138983;1;0;1;0;1;0;
88;0.067785;-0.0677865;0.0540862;-0.0677931;0.0680526;-0.0677791;-0.239557;0.250035;-0.212166;0.250928;-0.190604;0.25089;0.000630158;0.000453508;0.0043702;0.000187203;0.00539662;0.000811129;1;0;1;0;1;0;
89;-0.0257061;0.0257053;-0.0337059;0.0257013;-0.0255486;0.0257094;-0.219906;0.230648;-0.210123;0.236406;-0.174824;0.237306;0.00036802;0.000264275;0.00255313;0.000108822;0.00315137;0.000473185;1;0;1;0;1;0;
90;-0.123251;0.123251;-0.127922;0.123248;-0.123159;0.123253;-0.193669;0.206813;-0.195642;0.206211;-0.150123;0.205701;0.000215442;0.000153758;-0.00350346;6.30726e-05;0.00183994;0.000275851;1;0;1;0;1;0;
91;-0.198942;0.198942;-0.20167;0.19894;-0.198889;0.198943;-0.141069;0.172475;-0.162986;0.181618;-0.111035;0.174114;0.00352361;8.92775e-05;-0.00459177;3.65332e-05;0.0102159;0.000160852;1;0;1;0;1;0;
92;-0.247326;0.247327;-0.24892;0.247325;-0.247298;0.247327;-0.0919384;0.162659;-0.12215;0.167998;-0.0490905;0.163616;0.014068;5.15977e-05;-0.00268189;2.08496e-05;0.0222402;9.34102e-05;1;0;1;0;1;0;
93;-0.275123;0.275124;-0.276054;0.275123;-0.275109;0.275124;-0.0134134;0.135247;-0.0981661;0.138365;0.0136186;0.135806;0.0190672;2.97132e-05;-0.00156654;1.19765e-05;0.0375867;5.41509e-05;1;0;1;0.23674;1;0;
94;-0.28912;0.289121;-0.289664;0.28912;-0.289126;0.289121;0.0407419;0.0905009;-0.068843;0.0923295;0.0400204;0.0908286;0.0309702;1.69813e-05;-0.00242008;0.0142929;0.0257366;3.20781e-05;1;0;1;1;1;0.549152;
95;-0.293238;0.285632;-0.293556;0.291287;-0.293829;0.293238;0.087628;0.025403;-0.0127434;0.0264711;0.0508299;0.0255935;0.0180889;0.0182277;-0.0021414;0.0193808;0.0150308;0.0175161;1;1;1;1;0.873392;1;
96;-0.288223;0.254837;-0.288408;0.287083;-0.288568;0.284247;0.122497;-0.0342246;0.0638813;-0.0558603;0.101006;-0.0563639;0.0105635;0.0637082;-0.00125043;0.0132823;0.00877763;0.0209899;0.19856;1;0.577103;1;0;1;
97;-0.27234;0.267429;-0.272448;0.271674;-0.272542;0.262509;0.172385;-0.118764;0.138153;-0.133468;0.159834;-0.133747;0.00616852;0.0619985;-0.000730658;0.00901039;0.00512576;0.0439486;0;1;0;1;0;1;
98;-0.244882;0.242017;-0.244945;0.244493;-0.245;0.239136;0.211617;-0.16673;0.191626;-0.18889;0.204288;-0.18904;0.00360202;0.0390394;-0.000427091;0.00526236;0.00299294;0.0264671;0;1;0;1;0;1;
