1;-0.000363588;0.000116064;9.94837e-05;-0.000363588;0.000116065;9.9484e-05;0.0349769;0.0347456;0.0352595;0.0349769;0.0347456;0.0352594;0.808667;0.808665;0.808666;0.808667;0.808665;0.808666;0;0;0;0;0;0;
2;-0.00105275;0.0033528;0.00337348;-0.00411315;-0.00251346;-0.00189733;0.124614;0.128242;0.131299;0.140887;0.130153;0.126589;0.472336;0.472338;0.472341;0.472364;0.472341;0.472337;1;1;1;1;1;1;
3;0.0058272;0.0132053;0.0126826;-0.0052127;-0.00630806;-0.00670092;0.084753;0.0927294;0.0967567;0.0983715;0.0962453;0.0934633;0.275859;0.27586;0.275863;0.275875;0.275862;0.27586;1;1;1;1;1;1;
4;-0.0074022;0.0070768;0.00881309;-0.00367864;-0.00304937;0.00509778;0.0494727;0.0541855;0.0578656;0.0574814;0.0561866;0.0546141;0.161106;0.161108;0.161115;0.161117;0.16111;0.161107;1;1;1;1;1;1;
5;-0.00344732;0.00325707;0.00615725;-0.00302438;-0.000988544;0.00228925;0.0286407;0.031904;0.0358685;0.0338302;0.0325627;0.0321544;0.0940882;0.0940897;0.0940954;0.0940957;0.0940912;0.0940897;1;1;1;1;1;1;
6;-0.00125553;0.00166157;0.0116551;0.00364613;-0.000608306;0.00266258;0.0234329;0.0293781;0.0404426;0.0362218;0.0313506;0.0359459;0.0549494;0.0549506;0.054954;0.0549547;0.0549519;0.0549516;1;1;1;1;1;1;
7;-2.60087e-05;0.000284926;0.00829224;0.00295333;0.000664754;0.000311283;0.023267;0.0328856;0.0461781;0.0369862;0.0304698;0.0397471;0.0320929;0.0320941;0.032098;0.0320968;0.0320948;0.0320963;1;1;1;1;1;1;
8;-0.00086123;-0.000967052;0.00597654;0.00286055;-0.000264003;-0.000951886;0.0175434;0.0254865;0.0311029;0.0386936;0.0353508;0.0282233;0.0187445;0.0187452;0.0187498;0.0187473;0.0187464;0.0187467;1;1;1;1;1;1;
9;-0.00164307;0.000958662;0.00946832;0.00467358;-0.00157124;-0.00476151;0.0147434;0.0284364;0.0330693;0.0365756;0.0228913;0.0349541;0.0109487;0.0109489;0.0109527;0.0109509;0.0109503;0.0109506;1;1;1;1;1;1;
10;-0.00530329;0.00132977;0.0046352;0.00398888;-0.00412777;-0.0018855;0.0138446;0.0304646;0.0286869;0.0398132;0.0249705;0.0343053;0.0063959;0.00639578;0.00639982;0.00639744;0.00668112;0.00639757;1;1;1;1;1;1;
11;-0.00909815;0.00442266;-0.000938366;0.0059756;-0.00605685;0.00254497;0.0108239;0.0323415;0.0253556;0.0430414;0.0229632;0.0375556;0.00373757;0.00373666;0.00535834;0.00373823;0.00609891;0.00373814;1;1;1;1;1;1;
12;-0.0136135;0.0108826;-0.00884697;0.0117896;-0.0118371;0.00978608;0.00800924;0.0334067;0.0226789;0.0452937;0.0207791;0.0398652;0.00218513;0.00218358;0.005674;0.00218521;0.00602799;0.00218499;1;1;1;1;1;1;
13;-0.0234086;0.0218135;-0.0206239;0.0223432;-0.0223709;0.0211731;0.00702433;0.0337307;0.0212623;0.0460558;0.0198895;0.0402272;0.00127835;0.00127653;0.0053202;0.0012782;0.0055248;0.00127791;1;1;1;1;1;1;
14;-0.0391674;0.0382356;-0.03754;0.038545;-0.0385611;0.0378614;0.0102421;0.0324288;0.0239302;0.0433582;0.0206162;0.0379296;0.000748588;0.000747068;0.00512606;0.000748601;0.00347864;0.000748428;1;1;1;1;1;1;
15;-0.0609553;0.0604094;-0.0600025;0.0605918;-0.0606014;0.0601916;0.0209408;0.0285189;0.0330647;0.0332065;0.027409;0.0307481;0.00198482;0.00408231;0.00299591;0.00250834;0.00203381;0.0040905;1;1;1;1;1;1;
16;-0.0871145;0.0867949;-0.0865569;0.0869022;-0.0869078;0.0866671;0.0421397;0.022013;0.0544097;0.00796294;0.0390694;0.0165105;0.0011605;0.0130739;0.00386417;0.00324953;0.00118887;0.0122113;1;1;1;1;1;1;
17;-0.11334;0.113155;-0.113015;0.113217;-0.11322;0.113078;0.0574875;0.00402624;0.064656;-0.0282218;0.0556936;-0.0203218;0.000677922;0.0243649;0.00225833;0.00457762;0.000694021;0.0231678;0.702788;1;1;1;0;1;
18;-0.13293;0.132824;-0.13274;0.132858;-0.13286;0.132775;0.0951374;-0.0307776;0.0993243;-0.0780432;0.0940897;-0.0719425;0.000395528;0.0410665;0.00131871;0.00810851;0.00040493;0.0275784;0;1;0.50987;1;0;1;
19;-0.138388;0.176727;-0.138276;0.138345;-0.138347;0.130325;0.143343;-0.101015;0.145788;-0.133359;0.142731;-0.129729;0.000230547;0.0474511;0.000769724;0.0047362;0.000236093;0.0341104;0;1;0;1;0;1;
20;-0.123611;0.146006;-0.123546;0.123586;-0.123587;0.118633;0.185836;-0.150633;0.187264;-0.180004;0.185479;-0.17652;0.000134274;0.0324945;0.000449095;0.00276605;0.000137403;0.0270493;0;1;0;1;0;1;
21;-0.0844112;0.0974918;-0.0843733;0.0843963;-0.0843972;0.0815023;0.214849;-0.173529;0.215683;-0.211442;0.214641;-0.206181;7.79888e-05;0.0189821;0.000261804;0.00161577;7.97321e-05;0.0158017;0;1;0;1;0;1;
22;-0.0173198;0.0249597;-0.0172977;0.017311;-0.0173116;0.0156209;0.23049;-0.179259;0.230977;-0.227758;0.230368;-0.213764;4.50722e-05;0.0110877;0.000152397;0.000944386;4.60386e-05;0.00922943;0;1;0;1;0;1;
23;0.0725368;-0.0680745;0.0725496;-0.072542;0.0725416;-0.0735287;0.229452;-0.174662;0.22984;-0.213518;0.230009;-0.204446;2.58425e-05;0.00647468;8.85064e-05;0.000550594;2.63583e-05;0.00538993;0;1;0;1;0;1;
24;0.159614;-0.157008;0.159621;-0.159617;0.159617;-0.160193;0.222467;-0.140335;0.222926;-0.179948;0.223025;-0.18828;1.45993e-05;-0.00443113;5.11916e-05;0.000321319;1.48522e-05;-0.00342719;0;1;0;1;0;1;
25;0.222487;-0.220967;0.222492;-0.22249;0.222489;-0.222826;0.203164;-0.0923529;0.203433;-0.134974;0.203491;-0.158069;8.07532e-06;-0.0071161;2.94423e-05;-0.00168179;8.12345e-06;-0.00551612;0;1;0;1;0;1;
26;0.261126;-0.26024;0.261128;-0.261128;0.261127;-0.261324;0.172982;-0.0412834;0.173139;-0.0788128;0.173173;-0.146646;4.23349e-06;0.000572996;1.67244e-05;-0.000981634;4.27117e-06;-0.00322244;0;1;0;1;0;1;
27;0.282491;-0.281977;0.282493;-0.282494;0.282492;-0.282607;0.131488;-0.0142674;0.131574;-0.0117362;0.131594;-0.1161;0.0107712;-0.00030559;9.35583e-06;0.0188847;2.03147e-06;-0.0018835;1;1;0;1;0;1;
28;0.292152;-0.292206;0.292155;-0.292155;0.292154;-0.292222;0.0748777;0.0353383;0.0749156;0.0345336;0.074928;-0.0658735;0.0195268;-8.18287e-05;5.09112e-06;0.0110306;1.317e-06;-0.00400846;1;1;0;1;0.301846;1;
29;0.282753;-0.295591;0.297075;-0.292731;0.295466;-0.290562;-0.000544688;0.0649184;-0.000526212;0.0644485;-0.000517147;0.00581757;0.013181;-4.79472e-05;0.00765684;0.00644169;0.00664594;-0.00294632;1;0;1;0.218166;1;1;
30;0.277938;-0.285436;0.286302;-0.283766;0.285362;-0.282499;-0.0853871;0.122983;-0.0853663;0.122709;-0.0757893;0.0884704;0.00769953;-2.83112e-05;0.0361821;0.00376141;0.0633269;-0.00172048;1;0;1;0;1;0.813962;
31;0.259972;-0.264352;0.264854;-0.263376;0.264312;-0.262636;-0.156224;0.17818;-0.156195;0.17802;-0.146271;0.158024;0.00449692;-1.69405e-05;0.0410755;0.00219625;0.0467083;-0.00100514;1;0;1;0;1;0;
32;0.229822;-0.23238;0.232671;-0.23181;0.23236;-0.231379;-0.203295;0.216118;-0.201985;0.216024;-0.185647;0.204347;0.00880242;-1.03538e-05;0.023995;0.00128221;0.0272851;-0.000587433;1;0;1;0;1;0;
33;0.188389;-0.189883;0.190052;-0.18955;0.189871;-0.189298;-0.231021;0.238512;-0.228805;0.238457;-0.193605;0.231638;0.00619374;-6.60584e-06;0.0140145;0.000748335;0.0159376;-0.000343503;1;0;1;0;1;0;
34;0.133254;-0.134126;0.134226;-0.133932;0.134119;-0.133785;-0.244456;0.250012;-0.227319;0.24998;-0.20222;0.245997;0.00361849;-4.4064e-06;0.00818376;0.000436526;0.00930835;-0.000201117;1;0;1;0;1;0;
35;0.0587881;-0.0592976;0.059357;-0.0591842;0.0592941;-0.0590982;-0.236723;0.249371;-0.222789;0.249842;-0.200917;0.24983;0.00211341;-3.1371e-06;0.00477866;0.000254437;0.0054344;-0.000117943;1;0;1;0;1;0;
36;-0.0361498;0.0358519;-0.0358155;0.0359177;-0.0358536;0.035968;-0.21906;0.228951;-0.218237;0.235655;-0.182132;0.233562;0.00123429;-2.42548e-06;0.00278972;0.000148085;-0.00429643;-6.93814e-05;1;0;1;0;1;0;
37;-0.132343;0.132169;-0.132146;0.132207;-0.132171;0.132236;-0.188393;0.204124;-0.201521;0.225744;-0.152311;0.203946;0.000721473;-1.96814e-06;-0.0109445;8.60659e-05;-0.00664847;-4.10224e-05;1;0;1;0;1;0;
38;-0.205101;0.204998;-0.204983;0.20502;-0.205001;0.205037;-0.133959;0.193956;-0.159036;0.209798;-0.105087;0.197068;0.00970852;-1.63909e-06;-0.00639324;4.9785e-05;-0.00816429;-2.43549e-05;1;0;1;0;1;0;
39;-0.251003;0.250942;-0.250932;0.250954;-0.250946;0.250964;-0.0708909;0.17322;-0.114788;0.182472;-0.052594;0.175038;0.0221261;-1.46761e-06;-0.00384938;2.86204e-05;0.0143676;-1.46546e-05;1;0;1;0;1;0;
40;-0.277113;0.277076;-0.277069;0.277083;-0.27708;0.277088;-0.0122362;0.138885;-0.0564191;0.144289;0.0208481;0.139946;0.017166;-1.38048e-06;-0.00224781;1.67729e-05;0.0448043;-8.92927e-06;1;0;1;0.370134;1;0;
41;-0.28997;0.289947;-0.289941;0.289951;-0.291545;0.289954;0.0511676;0.0891606;0.00834003;0.0923231;0.0469707;0.0897812;0.016692;-1.03888e-06;-0.00836264;0.00809458;0.0290999;-5.22962e-06;1;0;1;1;1;0.460425;
42;-0.293172;0.285324;-0.288853;0.290877;-0.294092;0.289188;0.0972701;0.0201491;0.0368057;0.0219932;0.0598958;0.0205076;0.00975036;0.0406608;-0.00488297;0.0250607;0.0169954;0.0255847;1;1;1;1;1;1;
43;-0.287149;0.270182;-0.284626;0.285808;-0.287686;0.253896;0.132102;-0.0552361;0.0967923;-0.0624503;0.110276;-0.0633051;0.00569368;0.0574515;-0.00285156;0.0172253;0.0099249;0.0416909;0;1;0.367958;1;0;1;
44;-0.270068;0.260162;-0.268595;0.269285;-0.270382;0.20924;0.179742;-0.131092;0.159121;-0.139065;0.166996;-0.139549;0.00332469;0.0494373;-0.00166571;0.0100608;0.00579569;0.0326707;0;1;0;0.998772;0;1;
45;-0.241495;0.235712;-0.240635;0.241037;-0.241678;0.173638;0.216304;-0.175468;0.204261;-0.192546;0.208859;-0.19282;0.00194119;0.0308355;-0.000973198;0.0058766;0.00338416;0.0197951;0;1;0;1;0;1;
46;-0.202304;0.198928;-0.201802;0.202037;-0.202411;0.162674;0.238802;-0.187526;0.23177;-0.224927;0.234455;-0.222312;0.00113317;0.0180126;-0.00056883;0.00343274;0.0019758;0.0115636;0;1;0;1;0;1;
47;-0.150865;0.148894;-0.150572;0.150709;-0.150928;0.127722;0.250743;-0.198299;0.246636;-0.242638;0.248204;-0.223335;0.000661255;0.0105213;-0.000332709;0.00200536;0.00115331;0.0067538;0;1;0;1;0;1;
48;-0.0819846;0.0808338;-0.0818133;0.081893;-0.082021;0.0684698;0.252214;-0.196977;0.252448;-0.237341;0.251521;-0.222423;0.000385675;0.00614406;-0.000194808;0.00117169;0.000672963;0.0039443;0;1;0;1;0;1;
49;0.00835518;-0.00902762;0.00845521;-0.0084089;0.00833431;-0.0162468;0.238883;-0.181602;0.239124;-0.217628;0.235365;-0.22117;0.000224728;0.00358714;-0.000114284;0.000685179;0.000392429;0.00230246;0;1;0;1;0;1;
50;0.107334;-0.107728;0.107392;-0.107365;0.107322;-0.111942;0.214696;-0.152294;0.212288;-0.201039;0.211378;-0.210454;0.000130722;0.00209453;-6.72556e-05;0.000400449;0.000228636;-0.00974737;0;1;0;1;0;1;
51;0.187852;-0.188084;0.187886;-0.18787;0.187845;-0.190543;0.205387;-0.119884;0.191581;-0.152642;0.17777;-0.180954;7.58793e-05;0.00294255;-3.9604e-05;0.000234744;0.000132999;-0.00833155;0;1;0;1;0;1;
52;0.240616;-0.240754;0.240636;-0.240627;0.240613;-0.242188;0.185187;-0.0720541;0.177124;-0.104728;0.169059;-0.170283;4.38323e-05;0.000139872;-2.36673e-05;0.000137428;7.72081e-05;-0.00486688;0;1;0;1;0;1;
53;0.27144;-0.271523;0.271451;-0.271447;0.271437;-0.272359;0.152572;-0.0364203;0.147862;-0.0528815;0.143151;-0.143865;0.000901572;-0.00530747;-1.4257e-05;-0.0150956;4.46585e-05;-0.00284309;1;1;0;1;0;1;
54;0.287466;-0.287518;0.287473;-0.28747;0.287465;-0.288005;0.106304;-0.00921474;0.103545;-0.000512145;0.100794;-0.101207;0.0182391;-0.0151487;-8.6952e-06;-0.00881446;2.5655e-05;-0.00302581;1;1;0;1;0;1;
55;0.293158;-0.317163;0.293162;-0.29316;0.293158;-0.293473;0.0421283;0.014585;0.0405053;0.0196675;0.0388993;-0.0391333;0.0162063;-0.0088467;-5.20399e-06;-0.0051459;1.50457e-05;-0.00410157;1;1;0.34631;1;0.377214;1;
56;0.289813;-0.303832;0.266773;-0.289814;0.286233;-0.289997;-0.0395335;0.0726606;-0.0404823;0.075629;-0.0411105;0.041295;0.0182516;-0.00516676;0.00927245;-0.00300555;0.052278;-0.0023941;1;0;1;0;1;1;
57;0.275955;-0.284142;0.22427;-0.275956;0.273866;-0.276062;-0.120432;0.139779;-0.120973;0.141513;-0.11702;0.121462;0.01066;-0.00301774;0.0415573;-0.00175562;0.0507925;-0.00139852;1;0;1;0;1;0;
58;0.250436;-0.255217;0.184626;-0.250436;0.24922;-0.250499;-0.180418;0.191717;-0.18072;0.192729;-0.16613;0.181019;0.00622595;-0.00176281;0.0271211;-0.00102564;0.0337423;-0.000817118;1;0;1;0;1;0;
59;0.214179;-0.216971;0.175743;-0.214179;0.213471;-0.214216;-0.21787;0.22447;-0.215088;0.225061;-0.185108;0.218223;0.00363619;-0.00102998;0.0158439;-0.000599404;0.0197113;-0.000477636;1;0;1;0;1;0;
60;0.166496;-0.168127;0.144049;-0.166496;0.166084;-0.166517;-0.238985;0.24284;-0.219522;0.243185;-0.198359;0.239192;0.00212351;-0.000602053;0.00925471;-0.000350529;0.0115136;-0.000279409;1;0;1;0;1;0;
61;0.103062;-0.104014;0.0899534;-0.103062;0.102823;-0.103075;-0.248564;0.251404;-0.216407;0.251605;-0.201688;0.249273;0.00123995;-0.000352141;0.00540563;-0.000205203;0.00672361;-0.000163695;1;0;1;0;1;0;
62;0.0184142;-0.0189704;0.0107595;-0.0184144;0.0182758;-0.0184217;-0.23026;0.242162;-0.21577;0.244459;-0.190877;0.244678;0.000723983;-0.000206227;0.00315736;-0.000120327;0.00392479;-9.6096e-05;1;0;1;0;1;0;
63;-0.0808902;0.0805657;-0.0853601;0.0808902;-0.080971;0.0808859;-0.204433;0.217749;-0.206568;0.224345;-0.166822;0.224929;0.000422995;-0.000120995;0.00110298;-7.07691e-05;-0.00117433;-5.66273e-05;1;0;1;0;1;0;
64;-0.168492;0.168303;-0.171103;0.168493;-0.168541;0.16849;-0.166802;0.186135;-0.18466;0.217522;-0.128188;0.217863;0.000247965;-7.12041e-05;-0.0153523;-4.17941e-05;-0.00582137;-3.35444e-05;1;0;1;0;1;0;
65;-0.228615;0.228505;-0.230139;0.228615;-0.228645;0.228613;-0.117656;0.178722;-0.145925;0.197302;-0.0799008;0.197501;0.0103298;-4.21162e-05;-0.00896664;-2.48403e-05;-0.0102901;-2.00039e-05;1;0;1;0;1;0;
66;-0.264691;0.264627;-0.265581;0.264691;-0.264711;0.26469;-0.0518381;0.155014;-0.131337;0.165865;-0.030164;0.165981;0.0118257;-2.50767e-05;-0.00523762;-1.49232e-05;0.0189395;-1.21112e-05;1;0;1;0;1;0;
67;-0.284216;0.284179;-0.284737;0.284216;-0.284345;0.284216;0.011748;0.116083;-0.102256;0.122425;0.0220481;0.122488;0.0250795;-1.5081e-05;-0.0067174;0.0130014;0.0307482;-7.49868e-06;1;0;1;1;1;0;
68;-0.292489;0.292467;-0.292793;0.290225;-0.303564;0.292489;0.0516508;0.0591432;-0.0510603;0.0628502;0.0524582;0.0628818;0.0146495;0.0116572;-0.00832093;0.0282728;0.0179598;0.00493067;1;1;1;1;1;1;
69;-0.29175;0.267395;-0.291929;0.285448;-0.298154;0.291322;0.0822643;0.00558342;0.022283;-0.0153906;0.0827343;-0.0153656;0.00855572;0.0746094;-0.00485842;0.016515;0.0104882;0.0240437;0.890197;1;1;1;0;1;
70;-0.280978;0.244967;-0.281083;0.277297;-0.284718;0.23589;0.138427;-0.0607577;0.103398;-0.0993708;0.138702;-0.0993414;0.00499581;0.0832423;-0.00283768;0.00964722;0.00612487;0.0526092;0;1;0;1;0;1;
71;-0.258599;0.237571;-0.25866;0.25645;-0.260783;0.177848;0.188946;-0.143566;0.16849;-0.166135;0.189107;-0.166105;0.00291712;0.0543905;-0.00165764;0.00563546;0.00357646;0.0387226;0;0.371732;0;1;0;1;
72;-0.225224;0.212949;-0.22526;0.223969;-0.2265;0.14594;0.222667;-0.186807;0.21072;-0.209345;0.222761;-0.188665;0.0017033;0.0317701;-0.000968441;0.00329155;0.00208806;0.0278839;0;0.5192;0;1;0;1;
73;-0.180956;0.17379;-0.180977;0.180223;-0.181701;0.134652;0.242157;-0.184782;0.235181;-0.234377;0.242212;-0.209328;0.000994285;0.0185567;-0.000566017;0.00192218;0.00121884;0.0162898;0;0.525535;0;1;0;1;
74;-0.122474;0.118291;-0.122486;0.122046;-0.122909;0.0954326;0.251736;-0.186569;0.247661;-0.247191;0.251767;-0.21291;0.00058014;0.0108402;-0.000331072;0.00112235;0.000711247;0.00951561;0;0.490021;0;1;0;1;
75;-0.0438975;0.0414563;-0.0439046;0.0436474;-0.0441516;0.0281052;0.24856;-0.188175;0.247982;-0.236896;0.248433;-0.211098;0.000338293;0.00633137;-0.00019385;0.000655182;0.000414794;0.00555887;0;0.518431;0;1;0;1;
76;0.0534485;-0.0548733;0.0534443;-0.0535945;0.0533002;-0.0626709;0.231499;-0.172672;0.230727;-0.214333;0.22566;-0.209012;0.000197068;0.0036967;-0.000113716;0.000382577;0.000241665;0.00324656;0;0.529526;0;1;0;1;
77;0.146924;-0.147756;0.146921;-0.147009;0.146838;-0.152309;0.214405;-0.129646;0.192594;-0.173596;0.194664;-0.186871;0.000114734;0.00579797;-6.69134e-05;0.00217954;0.000140556;0.00189609;0;0.539654;0;1;0;1;
78;0.214777;-0.215264;0.214776;-0.214827;0.214727;-0.217922;0.200271;-0.0753712;0.157727;-0.11736;0.160527;-0.149281;6.65277e-05;0.019948;-3.95321e-05;0.0221204;8.15319e-05;0.00110801;0;0.556083;0;1;0;1;
79;0.256704;-0.25699;0.256703;-0.256733;0.256675;-0.25854;0.173415;-0.0146325;0.148569;-0.0711616;0.150204;-0.109677;3.83762e-05;0.0411287;-2.34863e-05;0.0264232;4.71534e-05;0.000647667;0;0.58528;0;1;0;1;
80;0.280131;-0.280299;0.280131;-0.280149;0.280114;-0.281203;0.134491;-0.000516676;0.119977;-0.0173387;0.120932;-0.0540687;0.00563014;0.0240245;-1.41685e-05;0.0160877;2.71486e-05;0.000377223;1;1;0;1;0;1;
81;0.29115;-0.291248;0.291149;-0.291161;0.29114;-0.291775;0.0804021;0.0464974;0.0719234;0.0457459;0.0724817;0.0366888;0.0123365;0.0140955;0.0100358;0.0372461;0.0251;-0.000566731;1;1;1;1;1;1;
82;0.292813;-0.29287;0.287315;-0.292819;0.292807;-0.293178;0.00725095;0.0668639;0.00230314;0.0664246;0.00263312;0.0611375;0.00720754;0.00823256;0.0121421;0.0217523;0.0290246;0.000761701;1;0.82153;1;0.548748;1;1;
83;0.285021;-0.285054;0.252823;-0.285025;0.285018;-0.285235;-0.0774183;0.120703;-0.0802983;0.120446;-0.0800999;0.117359;0.0042108;0.00480741;0.0162138;0.0127028;0.039517;0.000444456;1;0;1;0;1;0;
84;0.26589;-0.265909;0.247085;-0.265891;0.265888;-0.266014;-0.150337;0.175616;-0.152012;0.175466;-0.151891;0.173663;0.00245998;0.00280707;0.0105551;0.00741803;0.0245533;0.000259115;1;0;1;0;1;0;
85;0.235441;-0.235452;0.224458;-0.235442;0.235441;-0.235513;-0.199639;0.214402;-0.20061;0.214315;-0.200538;0.213262;0.00143698;0.0016388;0.00616593;0.00433169;0.0143389;0.000150882;1;0;1;0;1;0;
86;0.194344;-0.19435;0.187929;-0.194344;0.194345;-0.194386;-0.22897;0.237593;-0.229533;0.237542;-0.227211;0.236927;0.00083924;0.00095648;0.00360096;0.00252926;0.00837093;8.76447e-05;1;0;1;0;1;0;
87;0.140327;-0.14033;0.136581;-0.140327;0.140328;-0.140352;-0.244657;0.249693;-0.206453;0.249664;-0.222159;0.249305;0.000489965;0.000557981;0.00899131;0.0014766;-0.0146267;5.07813e-05;1;0;1;0;1;0;
88;0.0677855;-0.0677874;0.0655997;-0.0677859;0.0677877;-0.0678002;-0.24535;0.251299;-0.21025;0.250896;-0.196848;0.249355;0.000285914;0.00032525;0.00525369;0.00086185;-0.0115205;2.91947e-05;1;0;1;0;1;0;
89;-0.0257054;0.0257051;-0.0269819;0.0257052;-0.0257038;0.0256968;-0.218015;0.230045;-0.215241;0.237151;-0.172019;0.235727;0.000167083;0.000189358;0.00306878;0.000502831;-0.00672854;1.65426e-05;1;0;1;0;1;0;
90;-0.12325;0.123251;-0.123996;0.12325;-0.12325;0.123245;-0.194565;0.205151;-0.190191;0.205637;-0.136957;0.205913;9.80514e-05;-0.000595634;0.00344909;0.00029316;-0.00392871;9.18253e-06;1;0;1;0;1;0;
91;-0.198941;0.198942;-0.199377;0.198941;-0.198941;0.198938;-0.130911;0.167758;-0.157434;0.177544;-0.101606;0.178044;0.0109485;-0.000348389;0.00907997;0.000170941;0.018628;5.09716e-06;1;0;1;0;1;0;
92;-0.247326;0.247327;-0.247581;0.247326;-0.247327;0.247324;-0.0896952;0.159905;-0.117891;0.165619;-0.0370835;0.165911;0.0063969;-0.000203928;0.00530462;9.9312e-05;0.0320234;2.42918e-06;1;0;1;0;1;0;
93;-0.275123;0.275124;-0.275272;0.275123;-0.275125;0.275122;-0.0222256;0.133638;-0.0583174;0.136977;0.0323672;0.137146;0.0322644;-0.000119615;0.0173611;0.0156336;0.0378135;1.02439e-06;1;0;1;0.808827;1;0;
94;-0.28912;0.289121;-0.289208;0.28912;-0.289122;0.28912;0.0244917;0.0895649;0.0217502;0.0915172;0.04452;0.091614;0.0188471;0.0112991;0.0143576;0.00913319;0.0361873;0.0193157;1;0.79461;1;1;1;1;
95;-0.293238;0.293239;-0.293289;0.293238;-0.293239;0.293238;0.0417632;0.0248566;0.0401634;0.0259938;0.0539952;0.0260558;0.0110085;0.013238;0.00838752;0.00662802;0.0211341;0.0301843;1;1;1;1;0.79617;1;
96;-0.288223;0.290332;-0.288253;0.288222;-0.288224;0.288223;0.0957121;-0.0512611;0.0947789;-0.0561401;0.102855;-0.0560935;0.00642864;0.053657;0.00489865;0.00596461;0.0123419;0.0229163;0;1;0.760325;1;0;1;
97;-0.27234;0.273574;-0.272358;0.272339;-0.272341;0.271104;0.156743;-0.102316;0.156198;-0.133632;0.160914;-0.13359;0.00375384;0.0647795;0.00286035;0.00348465;0.00720733;0.0452539;0;1;0;1;0;1;
98;-0.244882;0.245606;-0.244892;0.244881;-0.244882;0.244155;0.202482;-0.143825;0.202164;-0.188985;0.204918;-0.17602;0.00219181;0.0491096;0.00166996;0.00203547;0.0042086;0.0337951;0;0.416147;0;1;0;1;
