1;-0.000363588;0.000116065;9.94841e-05;-0.000363588;0.000116064;9.94836e-05;0.0349769;0.0347456;0.0352594;0.0349769;0.0347456;0.0352595;0.808667;0.808665;0.808666;0.808667;0.808665;0.808666;0;0;0;0;0;0;
2;-0.0194581;0.000375086;0.00105335;-0.0022005;-0.000918556;-0.00124644;0.1649;0.160184;0.162736;0.169942;0.170042;0.172427;0.472456;0.472453;0.472456;0.472452;0.472453;0.472456;1;1;1;1;1;1;
3;-0.0227783;0.00360529;0.00626347;-0.00303723;-0.000884151;-0.00257802;0.096392;0.0937123;0.095648;0.0991677;0.099395;0.100807;0.275932;0.27593;0.275932;0.27593;0.275929;0.275932;0.849062;0.570102;0.781053;0.558918;0.527304;0.952249;
4;-0.0126676;0.00147065;0.00429265;-0.00240854;0.000118555;-0.00214036;0.0562702;0.0547605;0.055837;0.057946;0.0580247;0.0589031;0.161149;0.161149;0.16115;0.161148;0.161148;0.16115;0.840411;0.610876;0.91078;0.496516;0.575017;1;
5;-0.0065216;-1.76782e-05;0.00338303;-0.00228272;0.000945368;-0.00202922;0.0326106;0.0322407;0.0323588;0.0341005;0.0336363;0.0346596;0.0941137;0.094114;0.0941148;0.0941134;0.0941137;0.0941143;0.865015;0.660978;0.852078;0.487405;0.787286;1;
6;-0.00270113;-0.00111751;0.00308309;-0.00244049;0.00165951;-0.00229246;0.0291527;0.0327707;0.034395;0.0307484;0.0329331;0.035989;0.0549647;0.0549649;0.0549657;0.0549644;0.054965;0.0549653;1;0.772625;0.901774;0.481027;0.86912;0.960034;
7;-0.000334111;-0.00189592;0.00304383;-0.00266852;0.00221247;-0.00258209;0.0249094;0.0287969;0.0291653;0.0286902;0.0296093;0.0329205;0.0321019;0.0321018;0.0321028;0.0321014;0.0321024;0.0321023;0.809896;0.795283;0.899783;0.350525;0.874713;0.64515;
8;0.000938522;-0.0022408;0.00291118;-0.00258381;0.00242568;-0.00264151;0.023582;0.028364;0.0272587;0.0298889;0.0294298;0.0335363;0.0187501;0.0187496;0.018751;0.0187494;0.0187509;0.0187503;1;0.785621;0.940295;0.667892;0.821915;0.864735;
9;0.00108651;-0.001847;0.00223852;-0.0020473;0.00195499;-0.00208102;0.0224982;0.0290268;0.0265749;0.0324768;0.0306636;0.0364818;0.0109527;0.0109517;0.0109536;0.0109517;0.0109537;0.0109525;1;0.720415;0.961282;0.507697;0.69863;0.848529;
10;-0.000260742;-0.000183368;0.000412035;-0.000300334;0.000246485;-0.000320036;0.0204213;0.0288659;0.0245053;0.0337721;0.0300527;0.037777;0.00639921;0.00639735;0.00640003;0.00639772;0.0064005;0.0063985;0.816119;0.633009;0.975291;0.45025;0.570592;0.815561;
11;-0.00379828;0.00353897;-0.00340542;0.00347068;-0.00350212;0.00345916;0.0179667;0.0288142;0.0221701;0.0353936;0.0290409;0.0401039;0.00374013;0.00373737;0.00738893;0.00373808;0.00870533;0.00373886;0.845753;0.532146;1;0.439573;0.75714;0.801314;
12;-0.0105179;0.0103665;-0.0102885;0.0103267;-0.010345;0.0103199;0.0172805;0.0299086;0.0202426;0.0372039;0.0282759;0.0408641;0.00459962;0.00218366;0.00842845;0.00218476;0.00974504;0.00218549;0.865189;0.415335;1;0.432343;0.634366;0.777331;
13;-0.0216005;0.0215121;-0.0214665;0.0214888;-0.0214995;0.0214849;0.0168987;0.0296705;0.0190147;0.0386452;0.0278286;0.0408594;0.00532549;0.00127625;0.00549754;0.00127758;0.0109932;0.00127829;0.870225;0.315857;1;0.42626;0.856584;0.765845;
14;-0.0381111;0.0380595;-0.0380329;0.0380459;-0.0380522;0.0380436;0.0177054;0.0292008;0.0211059;0.0359757;0.0283969;0.0393648;0.00527734;0.000746667;0.00546723;0.000747937;0.00933405;0.000748643;0.843114;0.471007;1;0.437823;0.958984;0.798263;
15;-0.0603382;0.0603082;-0.0602926;0.0603002;-0.0603039;0.0602989;0.0239401;0.0271971;0.0273873;0.0273417;0.0278298;0.0310053;0.00308447;0.00367148;0.00469164;0.00165059;0.00545387;0.00326892;0.850544;0.546555;0.918251;0.485365;0.876565;0.881761;
16;-0.0867538;0.0867364;-0.0867272;0.0867317;-0.0867338;0.0867309;0.0431748;0.0282191;0.0471989;0.0126174;0.0340123;0.0189538;0.00180259;0.0155586;0.00274185;0.00872282;0.00318545;0.00791339;0.608285;1;0.689458;0.605767;0.461042;1;
17;-0.11313;0.11312;-0.113114;0.113117;-0.113118;0.113116;0.058091;0.0166673;0.0604423;-0.0255041;0.05274;-0.0217994;0.00105244;0.0222685;0.00160156;0.00801974;0.00185993;0.0111022;0.072927;1;0.644734;0.544301;0;1;
18;-0.132807;0.132802;-0.132798;0.1328;-0.1328;0.132799;0.0954898;-0.0518159;0.0968629;-0.076456;0.0923649;-0.0742871;0.000614242;0.0339369;0.000934919;0.00468555;0.00108583;0.0106774;0;1;0;0.500376;0;1;
19;-0.138316;0.138313;-0.13831;0.138311;-0.138312;0.138311;0.143549;-0.118031;0.144351;-0.132431;0.141724;-0.13116;0.000358337;0.0198236;0.00054561;0.0027376;0.000633696;0.00623819;0;1;0;0.485647;0;1;
20;-0.123569;0.123567;-0.123566;0.123566;-0.123567;0.123566;0.185956;-0.171043;0.186425;-0.179461;0.18489;-0.178715;0.000208821;0.0115791;0.000318194;0.00159936;0.000369632;0.00364429;0;1;0;0.722818;0;1;
21;-0.0843864;0.0843857;-0.0843847;0.0843849;-0.0843853;0.084385;0.21492;-0.194339;0.215193;-0.211125;0.214297;-0.210686;0.000121498;0.00676249;0.000185373;0.000934143;0.000215374;0.00212851;0;1;0;0.546444;0;1;
22;-0.0173051;0.0173053;-0.0173041;0.0173042;-0.0173049;0.0173043;0.230531;-0.187895;0.230691;-0.228313;0.230168;-0.217679;7.04284e-05;0.00394958;0.000107737;0.000545404;0.000125272;0.00124293;0;1;0;0.592296;0;1;
23;0.0725457;-0.0725446;0.0725463;-0.0725462;0.072545;-0.0725462;0.22837;-0.163795;0.228271;-0.208014;0.228523;-0.207504;4.0602e-05;0.00230746;6.23779e-05;0.000318511;7.26438e-05;0.000725973;0;1;0;0.638677;0;1;
24;0.159619;-0.159618;0.15962;-0.15962;0.159618;-0.159619;0.188581;-0.129083;0.188958;-0.170103;0.193904;-0.180596;2.33118e-05;0.00680973;3.59408e-05;0.000186826;4.18424e-05;0.000424632;0;1;0;0.714803;0;1;
25;0.222491;-0.222489;0.222491;-0.222491;0.22249;-0.222491;0.160679;-0.0686104;0.148096;-0.115211;0.158991;-0.141758;1.30799e-05;0.0265922;2.05133e-05;0.0115511;2.39374e-05;0.0039526;0;1;0;0.762018;0;1;
26;0.261128;-0.261127;0.261128;-0.261128;0.261127;-0.261128;0.148171;-0.00475841;0.13113;-0.0659676;0.147185;-0.0977914;7.21742e-06;0.0439669;1.16226e-05;0.0138264;1.35384e-05;0.00331009;0;1;0;0.816902;0;0.92455;
27;0.282492;-0.282493;0.282493;-0.282493;0.282492;-0.282493;0.116995;0.0448598;0.107041;0.0138145;0.116417;-0.0231152;0.0180317;0.0560754;6.36353e-06;0.0277641;7.41454e-06;0.015546;0.736532;1;0;1;0;0.996991;
28;0.292154;-0.292155;0.292154;-0.292155;0.292154;-0.292154;0.0664069;0.0525781;0.0605943;0.0610644;0.0660684;0.0556724;0.010533;0.0327528;0.019873;0.018094;0.02245;0.043827;0.916174;0.973143;0.882068;0.551493;0.472456;1;
29;0.29273;-0.29293;0.293477;-0.29273;0.297688;-0.29273;-0.00549779;0.0749859;-0.00888202;0.079942;-0.0056817;0.0767937;0.00615303;0.019127;0.0226883;0.0105665;0.0331037;0.0255947;0.471368;0;1;0;1;0;
30;0.283765;-0.283882;0.284201;-0.283765;0.286661;-0.283765;-0.088281;0.128863;-0.0902478;0.131757;-0.0883753;0.129919;0.0035945;0.0111697;0.0172154;0.00617038;0.0237725;0.0149468;0.473968;0;1;0;1;0;
31;0.263376;-0.263444;0.26363;-0.263376;0.265067;-0.263376;-0.157913;0.181614;-0.159055;0.183304;-0.157958;0.18223;0.00209985;0.00652265;0.0100562;0.00360305;0.0138862;0.00872846;0.936968;0;1;0;1;0;
32;0.23181;-0.23185;0.231959;-0.23181;0.232798;-0.23181;-0.204281;0.218123;-0.204942;0.21911;-0.204298;0.218483;0.00122651;0.00380871;0.00587351;0.00210369;0.00811022;0.0050969;0.853532;0;1;0;1;0;
33;0.18955;-0.189573;0.189637;-0.18955;0.190127;-0.18955;-0.231598;0.239683;-0.23198;0.240259;-0.206;0.239893;0.000716136;0.00222374;0.00342988;0.00122805;0.00473589;0.00297607;0.800699;0;1;0;1;0;
34;0.133932;-0.133945;0.133982;-0.133932;0.134269;-0.133932;-0.245973;0.250696;-0.229649;0.251032;-0.202685;0.250818;0.000417889;0.0012981;0.00200269;0.000716633;0.00276539;0.00173746;0.825204;0;1;0;1;0;
35;0.059184;-0.0591919;0.0592135;-0.0591838;0.059381;-0.0591838;-0.243604;0.249309;-0.222925;0.249409;-0.195042;0.249222;0.000242924;0.000757541;0.00116935;0.000417947;0.00161479;0.00101412;1;0;1;0;1;0;
36;-0.0359184;0.0359133;-0.035901;0.0359184;-0.0358026;0.0359184;-0.218722;0.227633;-0.213693;0.235733;-0.174358;0.235765;-0.00535496;0.000441842;0.000682966;0.000243524;0.000943491;0.00059169;1;0;0.932544;0;1;0;
37;-0.132208;0.132205;-0.132198;0.132208;-0.13214;0.132208;-0.184334;0.201194;-0.19101;0.202007;-0.14497;0.199929;-0.00312688;0.000257468;0.000399274;0.000141716;0.00240197;0.000345022;1;0;1;0;1;0;
38;-0.205021;0.205019;-0.205015;0.205021;-0.204981;0.205021;-0.135374;0.167629;-0.153867;0.165543;-0.0839594;0.159067;-0.0018245;0.00014983;0.000234168;8.2304e-05;0.0217811;0.000200978;1;0;1;0;1;0;
39;-0.250955;0.250954;-0.250951;0.250955;-0.250931;0.250955;-0.074881;0.157846;-0.111788;0.156292;-0.0212223;0.140374;0.0260322;8.70555e-05;0.00725226;4.76129e-05;0.0341411;0.000117075;1;0;0.943979;0;1;0;
40;-0.277083;0.277082;-0.277081;0.277083;-0.27707;0.277083;-0.0104454;0.129906;-0.0517146;0.129;0.0373771;0.119702;0.0339007;5.03784e-05;0.00847299;0.0112609;0.0541291;6.7888e-05;1;0;0.91858;0.197632;1;0;
41;-0.289951;0.289951;-0.28995;0.289951;-0.289944;0.289951;0.0505637;0.0839173;0.0483029;0.0833926;0.057832;0.0779606;0.031402;2.91999e-05;0.0292382;0.00741332;0.0316181;0.0177265;0.907959;0.365248;1;0.45734;0.998848;0.952176;
42;-0.293161;0.293161;-0.29316;0.293161;-0.293157;0.293161;0.0640119;0.0170886;0.061074;0.0167743;0.0664108;0.0136076;0.0183389;0.025044;0.0170764;0.00433225;0.0184648;0.0175311;0;1;0.720404;0.478775;0;1;
43;-0.287142;0.287142;-0.287142;0.287142;-0.28714;0.287142;0.11268;-0.065302;0.110964;-0.0655001;0.114081;-0.0673386;0.0107094;0.0336154;0.0099721;0.00253117;0.0107829;0.0202493;0;0.95235;0;0.394781;0;1;
44;-0.270064;0.270065;-0.270064;0.270064;-0.270063;0.270064;0.168399;-0.140719;0.167397;-0.140846;0.169218;-0.141912;0.00625386;0.0196354;0.00582328;0.00147901;0.00629678;0.0118286;0;1;0;0.616864;0;1;
45;-0.241493;0.241493;-0.241492;0.241493;-0.241492;0.241493;0.209679;-0.193504;0.209094;-0.193587;0.210157;-0.194204;0.00365177;0.0114684;0.00340031;0.000864058;0.00367682;0.00690898;0;1;0;0.598134;0;1;
46;-0.202303;0.202303;-0.202303;0.202303;-0.202302;0.202303;0.234934;-0.209888;0.234592;-0.225535;0.235213;-0.225891;0.00213213;0.00669719;0.00198529;0.000504541;0.00214673;0.00403479;0;0.912292;0;0.667365;0;1;
47;-0.150865;0.150865;-0.150864;0.150864;-0.150864;0.150865;0.248484;-0.205561;0.248284;-0.242994;0.248647;-0.229041;0.00124461;0.00391077;0.00115886;0.000294365;0.00125313;0.00235593;0;1;0;0.633989;0;1;
48;-0.0819839;0.0819844;-0.0819838;0.0819838;-0.0819838;0.081984;0.251359;-0.196817;0.25168;-0.242039;0.251049;-0.226682;0.000726317;0.00228365;0.000676216;0.000171503;0.000731276;0.00137561;0;1;0;0.731496;0;1;
49;0.00835591;-0.00835507;0.00835591;-0.00835596;0.00835582;-0.00835586;0.240274;-0.179026;0.239387;-0.227285;0.23323;-0.214367;0.000423609;0.00133415;0.000394372;9.99618e-05;0.000426498;0.000803302;0;1;0;0.574911;0;1;
50;0.107335;-0.107334;0.107335;-0.107335;0.107335;-0.107335;0.207661;-0.149682;0.216868;-0.198359;0.209946;-0.199318;0.000246863;0.000780329;0.000229776;5.85928e-05;0.000248529;0.000469458;0;1;0;0.911036;0;1;
51;0.187852;-0.187851;0.187852;-0.187852;0.187852;-0.187852;0.176179;-0.0985976;0.20662;-0.151271;0.175766;-0.166524;0.000143662;0.011312;0.000133695;0.0035229;0.000144629;0.000275036;0;1;0;0.775369;0;1;
52;0.240616;-0.240616;0.240616;-0.240616;0.240617;-0.240616;0.167979;-0.0447458;0.185907;-0.0992001;0.135776;-0.126233;8.34971e-05;0.0219268;7.76052e-05;0.0118381;8.39573e-05;0.0121001;0;1;0;1;0;0.988066;
53;0.271439;-0.27144;0.271439;-0.27144;0.27144;-0.271439;0.142521;0.0264524;0.152991;-0.0323462;0.123715;-0.0722959;4.83732e-05;0.0659052;4.49229e-05;0.0264623;4.85815e-05;0.00706822;0;1;0;1;0;0.900867;
54;0.287466;-0.287467;0.287466;-0.287467;0.287466;-0.287466;0.100431;0.0588367;0.10654;0.0368387;0.089443;0.0258802;0.00994452;0.0384995;2.5813e-05;0.0512081;2.7929e-05;0.0287341;0.542127;0.89701;0;0.773496;0;0.926972;
55;0.293158;-0.293159;0.293158;-0.293158;0.293158;-0.293158;0.0386929;0.0672844;0.0422656;0.0675361;0.0345797;0.0819586;0.00953849;0.0224844;0.0291552;0.0299058;0.0364151;0.0167831;1;0.134925;1;0.0892627;1;0.651081;
56;0.289813;-0.289813;0.289813;-0.289813;0.289813;-0.289813;-0.0415458;0.103437;-0.039448;0.103584;-0.0439329;0.112007;0.00557177;0.0131304;0.0180971;0.0174644;0.0298112;0.00980081;0.578615;0;1;0;1;0;
57;0.275955;-0.275955;0.275955;-0.275955;0.275956;-0.275955;-0.121607;0.157752;-0.120374;0.157838;-0.12299;0.162757;0.00325487;0.00766766;0.0105724;0.0101987;0.0174144;0.00572323;0.686101;0;1;0;1;0;
58;0.250436;-0.250436;0.250436;-0.250436;0.250437;-0.250436;-0.181103;0.202213;-0.180377;0.202263;-0.181901;0.205136;0.00190129;0.00447742;0.00617585;0.00595557;0.0101718;0.00334189;0.967616;0;1;0;1;0;
59;0.214179;-0.214179;0.214179;-0.214179;0.214179;-0.214179;-0.218271;0.2306;-0.217842;0.230629;-0.213345;0.232306;0.00111038;0.00261428;0.00360689;0.00347754;0.00594026;0.00195116;0.898553;0;1;0;1;0;
60;0.166496;-0.166496;0.166496;-0.166496;0.166496;-0.166496;-0.239219;0.24642;-0.229765;0.246437;-0.207844;0.247416;0.000648226;0.0015262;0.00210599;0.00203032;0.00346869;0.00113893;0.788225;0;1;0;1;0;
61;0.103062;-0.103062;0.103062;-0.103062;0.103063;-0.103062;-0.245677;0.253494;-0.226028;0.253504;-0.199633;0.25404;0.000378146;0.00089074;0.00122961;0.00118515;0.00202543;0.000664578;0.719741;0;1;0;1;0;
62;0.0184137;-0.0184143;0.0184139;-0.0184138;0.0184149;-0.0184138;-0.232884;0.237899;-0.219064;0.244324;-0.184621;0.244419;0.000220578;0.000519621;0.000717973;0.000691577;0.0011831;0.000387564;1;0;1;0;1;0;
63;-0.0808909;0.0808901;-0.0808908;0.0808909;-0.0808896;0.0808909;-0.204091;0.216742;-0.204661;0.225247;-0.158002;0.225169;0.000128906;0.00030292;0.000419495;0.000403342;0.000692015;0.000225792;1;0;1;0;1;0;
64;-0.168493;0.168493;-0.168493;0.168493;-0.168492;0.168493;-0.164222;0.183563;-0.176785;0.212595;-0.117011;0.209961;7.61635e-05;0.000176396;0.00024571;0.000235096;0.0148946;0.000131411;1;0;1;0;1;0;
65;-0.228615;0.228615;-0.228615;0.228615;-0.228614;0.228615;-0.112108;0.14778;-0.138756;0.194424;-0.0543293;0.192886;0.00504276;0.000102511;0.006249;0.000136796;0.0296644;7.62083e-05;0.915728;0;1;0;1;0;
66;-0.264692;0.264691;-0.264691;0.264691;-0.264691;0.264691;-0.0548962;0.136944;-0.0887966;0.164184;0.00302365;0.163286;0.0158555;5.94142e-05;0.00365102;7.94477e-05;0.0483843;4.40689e-05;1;0;0.898613;0;1;0;
67;-0.284217;0.284216;-0.284216;0.284216;-0.284217;0.284216;0.0302607;0.10553;-0.0102408;0.121441;0.0517574;0.120914;0.0310855;3.42289e-05;0.0183359;0.0190568;0.0363804;2.53485e-05;1;0;0.972095;0.418744;1;0;
68;-0.292489;0.292489;-0.292489;0.292489;-0.292489;0.292489;0.0599704;0.0529821;0.0658984;0.0622715;0.0647523;0.0619656;0.0181568;0.0271701;0.0330924;0.0111317;0.0212501;0.0317222;0.700416;0.68506;1;0.560774;0.630065;1;
69;-0.291686;0.292666;-0.291686;0.291686;-0.291697;0.291686;0.0871211;-0.0211415;0.0905832;-0.0157313;0.0899137;-0.0158987;0.0106031;0.0247407;0.0193254;0.00650242;0.0124095;0.0189679;0;1;0;0.523179;0;1;
70;-0.280941;0.281513;-0.280941;0.280941;-0.280947;0.280941;0.141264;-0.102718;0.143286;-0.0995711;0.142895;-0.0996601;0.0061918;0.0308752;0.0112856;0.00379853;0.00724672;0.0213794;0;1;0;0.413985;0;1;
71;-0.258577;0.258912;-0.258577;0.258577;-0.258581;0.258577;0.190603;-0.168081;0.191784;-0.166254;0.191555;-0.166299;0.00361554;0.0180339;0.0065903;0.00221892;0.00423161;0.0124878;0;1;0;0.446162;0;1;
72;-0.225211;0.225407;-0.225211;0.225211;-0.225214;0.225212;0.223634;-0.210473;0.224324;-0.209414;0.224191;-0.209435;0.00211097;0.0105323;0.00384822;0.00129599;0.00247075;0.00729343;0;1;0;0.434948;0;1;
73;-0.180948;0.181062;-0.180948;0.180948;-0.180949;0.180948;0.242722;-0.205436;0.243125;-0.234417;0.243047;-0.23324;0.00123228;0.00615044;0.00224683;0.000756683;0.00144238;0.00425904;0;1;0;0.514176;0;1;
74;-0.12247;0.122537;-0.12247;0.12247;-0.12247;0.12247;0.252065;-0.201022;0.252301;-0.247214;0.252255;-0.228619;0.000719107;0.00359153;0.00131159;0.000441541;0.000841788;0.00248695;0;1;0;0.573405;0;1;
75;-0.0438946;0.0439341;-0.0438946;0.0438945;-0.0438952;0.0438947;0.246978;-0.189845;0.247495;-0.237028;0.245865;-0.223089;0.000419409;0.00209747;0.00076541;0.000257523;0.000491034;0.00145221;0;1;0;0.698172;0;1;
76;0.0534504;-0.0534266;0.0534503;-0.0534504;0.0534498;-0.0534503;0.23216;-0.166393;0.232579;-0.214162;0.221326;-0.207962;0.000244388;0.00122586;0.000446446;0.000150364;0.000286215;0.000848205;0;1;0;0.885923;0;1;
77;0.146925;-0.146911;0.146925;-0.146925;0.146925;-0.146925;0.19754;-0.139422;0.196133;-0.175348;0.196228;-0.187524;0.000142425;0.0225589;0.000260391;8.84187e-05;-0.000842295;0.000495905;0;1;0;0.965374;0;1;
78;0.214778;-0.21477;0.214778;-0.214778;0.214778;-0.214778;0.158723;-0.0740497;0.150644;-0.122949;0.161692;-0.145414;8.25807e-05;0.017978;0.000151446;0.00728825;-0.00049246;0.000290663;0;0.981269;0;1;0;1;
79;0.256704;-0.2567;0.256704;-0.256704;0.256704;-0.256704;0.149151;-0.0204376;0.128278;-0.0700404;0.150885;-0.103089;4.77952e-05;0.0302432;8.82056e-05;0.0247824;-0.000288016;0.0106653;0;1;0;1;0;1;
80;0.280131;-0.28013;0.280131;-0.280132;0.280131;-0.280131;0.120319;0.0471279;0.108127;0.00454049;0.121329;-0.0315023;0.0240996;0.0491845;5.10279e-05;0.0253528;-0.000168677;0.00623074;0.762074;1;0;1;0;1;
81;0.29115;-0.291149;0.29115;-0.29115;0.29115;-0.29115;0.0721239;0.0519759;0.065003;0.0578934;0.0727118;0.0544698;0.0140766;0.0287294;0.015593;0.031672;0.0145384;0.0374673;0.72291;0.858878;1;0.664843;0.474012;1;
82;0.292813;-0.292813;0.292813;-0.292813;0.292813;-0.292813;0.0024147;0.0700612;-0.00173495;0.0735172;0.00744256;0.0715188;0.00822277;0.0167775;0.0220621;0.0184961;0.0300584;0.021881;0.719443;0;1;0;1;0.227915;
83;0.285021;-0.285021;0.285021;-0.285021;0.285022;-0.285021;-0.0802432;0.12257;-0.0826566;0.124588;-0.0772933;0.123421;0.00480327;0.0097976;0.0181631;0.0108012;0.0254096;0.012778;0.621541;0;1;0;1;0;
84;0.265889;-0.265889;0.265889;-0.265889;0.26589;-0.265889;-0.151987;0.176706;-0.153389;0.177885;-0.150253;0.177203;0.00280583;0.00572133;0.0106099;0.00630747;0.0148426;0.00746191;0.661012;0;1;0;1;0;
85;0.23544;-0.23544;0.23544;-0.23544;0.235441;-0.23544;-0.200602;0.215039;-0.201416;0.215727;-0.199581;0.215329;0.00163885;0.00334075;0.00619698;0.00368306;0.008669;0.00435725;0.703325;0;1;0;1;0;
86;0.194343;-0.194343;0.194344;-0.194343;0.194344;-0.194343;-0.229533;0.237965;-0.230004;0.238367;-0.207618;0.238134;0.000956966;0.00195046;0.00361885;0.0021504;0.00506225;0.00254413;0.74617;0;1;0;1;0;
87;0.140326;-0.140326;0.140326;-0.140326;0.140327;-0.140326;-0.244985;0.24991;-0.229744;0.250145;-0.203707;0.250009;0.000558551;0.00113851;0.00211304;0.00125528;0.00295596;0.00148521;0.776918;0;1;0;1;0;
88;0.0677848;-0.0677849;0.0677849;-0.0677848;0.0677853;-0.0677848;-0.239748;0.251223;-0.225328;0.2502;-0.193741;0.250441;0.000325791;0.000664329;0.00123376;0.000732533;0.00172613;0.000866803;0.835998;0;1;0;1;0;
89;-0.0257065;0.0257062;-0.0257064;0.0257064;-0.0257056;0.0257064;-0.222529;0.227718;-0.213558;0.237959;-0.172708;0.237631;0.00019014;0.000387402;0.000720547;0.000427248;0.00100882;0.000505668;0.935239;0;1;0;1;0;
90;-0.123251;0.123251;-0.123251;0.123251;-0.123251;0.123251;-0.189114;0.204769;-0.194806;0.204212;-0.14912;0.204002;0.000111435;0.000225679;0.00042118;0.000249007;0.000590531;0.000294783;1;0;1;0;1;0;
91;-0.198942;0.198942;-0.198942;0.198942;-0.198942;0.198942;-0.139645;0.171964;-0.155982;0.168972;-0.0897476;0.163955;0.00507409;0.000131259;0.000246925;0.000144932;0.0132849;0.000171636;1;0;1;0;1;0;
92;-0.247327;0.247327;-0.247327;0.247327;-0.247327;0.247327;-0.083086;0.162361;-0.118197;0.158507;-0.0345525;0.1302;0.0182333;7.62397e-05;0.00891491;8.42023e-05;0.0340012;0.000100052;0.870954;0;0.922117;0;1;0;
93;-0.275124;0.275124;-0.275124;0.275124;-0.275125;0.275124;-0.0105666;0.135072;-0.062309;0.132823;0.0400308;0.11629;0.0385306;4.4028e-05;0.00520803;0.00521157;0.0512386;-0.00087669;1;0;1;0.299888;1;0;
94;-0.289121;0.289121;-0.289121;0.289121;-0.289122;0.289121;0.0441124;0.0903992;0.0410554;0.0890901;0.057185;0.0794325;0.0225081;2.52805e-05;0.0317096;0.0105432;0.0299305;0.0154195;1;0;1;0.351687;1;0.818125;
95;-0.293238;0.293238;-0.293238;0.293238;-0.293239;0.293238;0.0802439;0.0276272;0.0836542;0.0245753;0.0539017;0.0189428;0.013145;0.0403044;0.0185195;0.0090447;0.0174793;0.028653;0;1;0.492057;0.441333;0.0664105;1;
96;-0.288223;0.288224;-0.288223;0.288223;-0.288224;0.288223;0.118184;-0.0551726;0.120176;-0.0569694;0.102801;-0.060248;0.00767617;0.0294368;0.0108148;0.00528335;0.0102075;0.0196412;0;0.75163;0;0.352137;0;1;
97;-0.27234;0.272339;-0.27234;0.27234;-0.27234;0.27234;0.169866;-0.133055;0.171029;-0.134115;0.160882;-0.136023;0.00448236;0.0178579;0.0063154;0.00308648;0.00596073;0.0114737;0;1;0;0.392387;0;1;
98;-0.244882;0.244882;-0.244882;0.244882;-0.244882;0.244882;0.210146;-0.188639;0.210826;-0.189267;0.2049;-0.190375;0.00261723;0.0104305;0.00368771;0.00180285;0.00348058;0.00670181;0;1;0;0.46069;0;1;
