1;-0.000363588;0.000116064;9.94838e-05;-0.000363588;0.000116064;9.94838e-05;0.0349769;0.0347456;0.0352595;0.0349769;0.0347456;0.0352595;0.808667;0.808665;0.808666;0.808667;0.808665;0.808666;0;0;0;0;0;0;
2;0.001678;0.00169048;0.000872076;-0.00133744;0.00564402;-0.00115996;0.146904;0.147341;0.152028;0.190747;0.197373;0.196008;0.472452;0.472454;0.472465;0.472454;0.472471;0.47246;1;1;1;1;1;1;
3;0.00292877;0.0005621;0.000586532;-0.00244289;0.0230212;0.00795534;0.0858823;0.0895722;0.0906326;0.111319;0.117868;0.116768;0.275929;0.275929;0.275937;0.275933;0.275943;0.275936;0.637378;0.558613;0.807609;0.645433;0.58353;0.899545;
4;0.00234525;-0.000306566;0.000977346;-0.00206138;0.0140791;0.00401105;0.0501328;0.0523427;0.0529079;0.065042;0.0688127;0.068225;0.161147;0.161148;0.161153;0.16115;0.161156;0.161153;0.639506;0.610803;1;0.518966;0.576878;0.869892;
5;0.0022458;-0.00105518;0.00144692;-0.00176522;0.00909823;0.00146627;0.0306135;0.0308285;0.0307948;0.0382445;0.0399361;0.040104;0.0941126;0.0941137;0.0941164;0.0941147;0.0941182;0.0941166;1;0.45864;1;0.492291;0.586819;1;
6;0.00241897;-0.00172362;0.00195241;-0.00213827;0.00642073;-0.000251151;0.0283041;0.0319049;0.0336308;0.0282474;0.0303856;0.0336149;0.0549641;0.0549647;0.0549666;0.0549652;0.0549677;0.0549667;0.854165;0.833175;0.895625;0.486592;0.869141;1;
7;0.002656;-0.00224989;0.00238352;-0.00249203;0.00499298;-0.00138997;0.0251212;0.0287894;0.0288202;0.03182;0.0303311;0.0333061;0.0321015;0.0321017;0.0321033;0.0321019;0.032104;0.0321031;0.690495;0.587685;0.890338;0.685438;0.788305;0.867869;
8;0.00302316;-0.00244751;0.00252557;-0.00256998;0.00404951;-0.00194533;0.0250747;0.0293515;0.0282569;0.031184;0.0306927;0.0334688;0.0187498;0.0187495;0.0187513;0.0187497;0.0187518;0.0187508;0.778303;0.572016;1;0.477597;0.911534;0.869327;
9;0.00230393;-0.00196772;0.00201332;-0.00203923;0.0029033;-0.00167445;0.0229564;0.0296823;0.0275046;0.0315562;0.0308657;0.0360455;0.0109526;0.0109516;0.0109538;0.0109519;0.0109543;0.0109528;0.791313;0.541632;0.956944;0.46287;0.902227;0.845978;
10;0.000450244;-0.000253869;0.000280524;-0.00029562;0.000800259;-8.26243e-05;0.0203019;0.0287165;0.0242913;0.0336874;0.0299299;0.0376025;0.00639913;0.00639731;0.00640014;0.0063978;0.00640085;0.00639864;0.685907;0.520344;0.973501;0.450845;0.6182;1;
11;-0.00338308;0.0034978;-0.00348223;0.00347343;-0.0031787;0.00359782;0.0179536;0.0288477;0.0221416;0.0353146;0.0289977;0.0400194;0.00374008;0.00373734;0.00744641;0.00373813;0.00866381;0.00373896;1;0.51856;1;0.504611;0.757794;0.802682;
12;-0.0102751;0.0103423;-0.0103335;0.0103284;-0.010156;0.010401;0.0139771;0.0273682;0.0219591;0.0330023;0.0280782;0.0454304;0.00340885;0.0021834;0.0085294;0.00218441;0.00973127;0.00218575;1;0.392566;1;0.481076;0.79055;0.814717;
13;-0.0214585;0.0214979;-0.0214928;0.0214898;-0.0213891;0.0215322;0.0169563;0.0296373;0.0189698;0.0395946;0.0289483;0.0416387;0.00658503;0.00127605;0.00498449;0.00127736;0.0111545;0.00127845;1;0.435527;1;0.402376;0.801121;0.617125;
14;-0.0380282;0.0380513;-0.0380483;0.0380465;-0.0379877;0.0380713;0.0188992;0.0294005;0.0208694;0.0365075;0.0278259;0.0390647;0.0038486;0.000746553;0.0065368;0.00074776;0.0105191;0.000748769;0.795646;0.405154;1;0.572736;0.758608;1;
15;-0.0602899;0.0603033;-0.0603016;0.0603006;-0.0602662;0.0603151;0.0242606;0.027177;0.0268827;0.0269923;0.0269753;0.0294777;0.00358649;0.00340507;0.00382028;0.0030066;0.00614595;0.00412673;0.754387;0.717711;1;0.50871;0.637074;1;
16;-0.0867256;0.0867335;-0.0867325;0.086732;-0.0867118;0.0867404;0.0428859;0.0281442;0.048203;0.014895;0.0342473;0.0193221;0.00209575;0.0162369;0.00223303;0.00654917;0.00358959;0.00958183;0.549865;0.862738;0.769912;0.860984;0.326047;0.865107;
17;-0.113113;0.113118;-0.113117;0.113117;-0.113105;0.113122;0.0579223;0.0155002;0.0610287;-0.0241739;0.0528772;-0.0215853;0.00122365;0.0239367;0.00130441;0.00881379;0.00209594;0.0110591;0.148245;1;0.433748;0.675968;0;1;
18;-0.132798;0.1328;-0.1328;0.1328;-0.132793;0.132803;0.0953913;-0.0507596;0.0972054;-0.0756792;0.0924451;-0.0741621;0.000714218;0.0327524;0.00076139;0.00514931;0.00122366;0.0109449;0;1;0;0.452955;0;1;
19;-0.13831;0.138312;-0.138311;0.138311;-0.138307;0.138313;0.143491;-0.117414;0.144551;-0.131977;0.141771;-0.131087;0.000416708;0.0191318;0.000444259;0.00300845;0.000714199;0.00639437;0;1;0;0.408494;0;1;
20;-0.123566;0.123567;-0.123566;0.123566;-0.123564;0.123567;0.185923;-0.170683;0.186541;-0.179196;0.184918;-0.178673;0.000242921;0.011175;0.000259013;0.00175755;0.000416637;0.00373554;0;1;0;0.500035;0;1;
21;-0.0843846;0.0843853;-0.0843851;0.0843854;-0.0843837;0.0843856;0.2149;-0.194501;0.215261;-0.21097;0.214313;-0.210661;0.000141423;0.00652654;0.000150814;0.00339044;0.000242818;0.00218181;0;1;0;0.781145;0;1;
22;-0.0173042;0.0173048;-0.0173045;0.0173046;-0.0173037;0.0173048;0.23052;-0.18902;0.230731;-0.228222;0.230177;-0.217771;8.20665e-05;0.00381169;8.75656e-05;0.00197989;0.000141291;0.00127405;0;1;0;0.691268;0;1;
23;0.072546;-0.0725454;0.0725458;-0.0725457;0.0725462;-0.0725456;0.22694;-0.168367;0.227683;-0.207317;0.228544;-0.207264;4.73944e-05;0.00222663;5.0597e-05;0.00115626;8.19895e-05;0.000744164;0;1;0;0.813914;0;1;
24;0.159619;-0.159619;0.159619;-0.159619;0.159619;-0.159619;0.191159;-0.130291;0.189957;-0.169156;0.193104;-0.179195;2.71888e-05;0.00642637;2.9033e-05;0.000676058;4.72891e-05;0.000435224;0;1;0;0.542152;0;1;
25;0.222491;-0.22249;0.22249;-0.22249;0.222491;-0.22249;0.153056;-0.0716541;0.14319;-0.113562;0.158165;-0.138973;1.55396e-05;0.0161971;1.65551e-05;0.00934835;2.71243e-05;0.000255316;0;1;0;0.75966;0;1;
26;0.261128;-0.261128;0.261128;-0.261128;0.261128;-0.261128;0.143719;-0.0136924;0.113768;-0.0662454;0.146703;-0.10152;8.57492e-06;0.0335543;9.26207e-06;0.0128504;1.53918e-05;0.00306313;0;1;0;0.813496;0;0.932566;
27;0.282492;-0.282494;0.282492;-0.282493;0.282493;-0.282492;0.114395;0.0416778;0.0969016;0.0152448;0.116135;-0.02646;0.0280985;0.0588155;5.03752e-06;0.0319526;8.5096e-06;0.012356;0.763894;1;0;0.924322;0;0.905931;
28;0.292154;-0.292155;0.292154;-0.292155;0.292154;-0.292154;0.0648884;0.049526;0.0546738;0.0657549;0.0659048;0.0574694;0.0164119;0.0343529;0.0211747;0.0186646;0.0247208;0.0423979;0.684551;0.727157;1;0.579707;0.675736;0.915627;
29;0.29273;-0.292924;0.29273;-0.29273;0.297836;-0.29273;-0.00638475;0.0732034;-0.0123394;0.0826812;-0.005777;0.0778429;0.00958623;0.0200615;0.0216657;0.0108997;0.0354703;0.02476;0.539292;0;1;0;1;0;
30;0.283765;-0.283878;0.283765;-0.283765;0.286747;-0.283765;-0.0887989;0.127822;-0.0922671;0.133357;-0.0884309;0.130531;0.00559955;0.0117154;0.0173017;0.00636497;0.031382;0.0144593;0.627692;0;1;0;1;0;
31;0.263376;-0.263442;0.263376;-0.263376;0.265117;-0.263376;-0.158215;0.181006;-0.160234;0.184238;-0.15799;0.182588;0.00327081;0.00684134;0.0101065;0.00371669;0.0183302;0.00844378;0.680407;0;1;0;1;0;
32;0.23181;-0.231849;0.23181;-0.23181;0.232827;-0.23181;-0.204457;0.217768;-0.205631;0.219655;-0.204317;0.218692;0.00191035;0.00399482;0.00590288;0.00217005;0.0107056;0.00493065;0.706947;0;1;0;1;0;
33;0.18955;-0.189572;0.18955;-0.18955;0.190144;-0.18955;-0.231701;0.239475;-0.232383;0.240578;-0.205906;0.240015;0.00111549;0.00233243;0.00344702;0.0012668;0.00625165;0.00287897;0.750969;0;1;0;1;0;
34;0.133932;-0.133945;0.133932;-0.133932;0.134279;-0.133932;-0.246033;0.250574;-0.228717;0.251218;-0.195432;0.25089;0.000651108;0.00136158;0.00201269;0.000739271;0.00365097;0.00168076;0.777296;0;1;0;1;0;
35;0.0591838;-0.0591916;0.0591839;-0.0591841;0.0593886;-0.0591841;-0.240092;0.249663;-0.220426;0.247632;-0.18835;0.24886;0.000379858;0.000794611;0.00117536;0.000431183;0.00213376;0.00098094;0.820779;0;1;0;1;0;
36;-0.0359177;0.0359141;-0.0359176;0.0359174;-0.0357977;0.0359174;-0.219853;0.226413;-0.211811;0.235983;-0.176126;0.234588;0.000221675;0.000463489;0.000686475;0.000251304;0.00124683;0.00057233;0.923039;0;1;0;1;0;
37;-0.132207;0.132206;-0.132207;0.132206;-0.132138;0.132206;-0.184374;0.201421;-0.192615;0.203402;-0.13792;0.199283;0.000129988;0.000270108;0.000401321;0.000146274;0.00422051;0.000333729;1;0;1;0;1;0;
38;-0.205019;0.20502;-0.205019;0.205019;-0.20498;0.205019;-0.141638;0.166747;-0.156229;0.167198;-0.0860894;0.157847;0.0114297;0.000157233;0.00397278;8.50898e-05;0.0213812;0.00019439;1;0;1;0;1;0;
39;-0.250954;0.250954;-0.250954;0.250954;-0.250932;0.250954;-0.0783464;0.155999;-0.110464;0.157594;-0.0228374;0.121944;0.0112979;9.13818e-05;0.00516447;4.91358e-05;0.0366671;0.000113392;1;0;0.936254;0;1;0;
40;-0.277082;0.277083;-0.277082;0.277082;-0.27707;0.277082;-0.00817723;0.128827;-0.0520834;0.12976;0.0409969;0.108939;0.0270276;5.28905e-05;0.00986135;0.0114378;0.0528909;-0.0012762;1;0;0.924844;0.296221;0.950972;0;
41;-0.289951;0.289951;-0.289951;0.289951;-0.289944;0.289951;0.0513546;0.0832874;0.0429183;0.0838365;0.0551391;0.071675;0.0299255;3.0696e-05;0.0239847;0.00743466;0.0308949;0.0147513;1;0.26295;1;0.461146;0.78758;0.764613;
42;-0.293161;0.293161;-0.293161;0.293161;-0.293157;0.293161;0.0646768;0.0169587;0.0569976;0.0170335;0.0642512;0.00993664;0.0174766;0.0254322;0.0140083;0.00434471;0.0180424;0.0179797;0;1;0.538304;0.652902;0;1;
43;-0.287142;0.287142;-0.287142;0.287142;-0.28714;0.287142;0.113068;-0.0653776;0.108583;-0.0653485;0.112819;-0.0694823;0.0102058;0.0328604;0.00818039;0.00288682;0.0105363;0.0183068;0;1;0;0.393103;0;1;
44;-0.270064;0.270065;-0.270064;0.270064;-0.270063;0.270064;0.168626;-0.140763;0.166007;-0.140757;0.168481;-0.143164;0.00595976;0.0191944;0.00477693;0.00168671;0.00615274;0.0106941;0;1;0;0.437844;0;1;
45;-0.241492;0.241493;-0.241493;0.241492;-0.241492;0.241493;0.209812;-0.19353;0.208282;-0.193536;0.209727;-0.194935;0.00348001;0.0112108;0.00278925;0.000985361;0.0035927;0.0062464;0;1;0;0.550724;0;1;
46;-0.202303;0.202303;-0.202303;0.202303;-0.202302;0.202303;0.235011;-0.209874;0.234118;-0.225505;0.234962;-0.226318;0.00203183;0.00654678;0.00162844;0.000575382;0.0020976;0.00364782;0;1;0;0.396513;0;1;
47;-0.150864;0.150865;-0.150864;0.150864;-0.150865;0.150865;0.248529;-0.205437;0.248007;-0.242976;0.2485;-0.229156;0.00118604;0.00382292;0.000950458;0.000335736;0.00122445;0.00212993;0;1;0;0.518294;0;1;
48;-0.0819837;0.0819846;-0.0819837;0.0819837;-0.0819841;0.0819838;0.251127;-0.197359;0.251399;-0.24175;0.251222;-0.226676;0.000692106;0.00223233;0.000554515;0.000195661;0.000714528;0.00124362;0;0.956889;0;0.552969;0;1;
49;0.00835626;-0.00835496;0.00835623;-0.00835625;0.00835533;-0.00835616;0.240767;-0.178807;0.239848;-0.22678;0.233122;-0.216513;0.000403625;0.00130413;0.000323298;0.000114075;0.000416716;0.000726217;0;1;0;0.593156;0;1;
50;0.107335;-0.107333;0.107335;-0.107335;0.107334;-0.107335;0.208815;-0.148005;0.212419;-0.198624;0.209821;-0.202301;0.000235185;0.000762728;0.000188268;6.68554e-05;0.000242828;0.000424373;0;1;0;0.617578;0;0.903134;
51;0.187853;-0.187851;0.187853;-0.187853;0.187851;-0.187853;0.173704;-0.100249;0.174741;-0.152311;0.174566;-0.165752;0.000136852;0.0123575;0.000109481;0.00548497;0.000141273;0.000891111;0;1;0;0.751047;0;0.90473;
52;0.240617;-0.240616;0.240617;-0.240617;0.240616;-0.240617;0.153878;-0.0459748;0.142051;-0.089127;0.13183;-0.124931;7.9589e-05;0.0327717;6.36662e-05;0.0168263;8.20623e-05;0.00893315;0;1;0;0.780498;0;1;
53;0.27144;-0.27144;0.27144;-0.27144;0.271439;-0.27144;0.134286;0.0248402;0.127379;-0.0284211;0.12141;-0.0765742;4.60313e-05;0.0479936;3.66803e-05;0.0374915;4.74643e-05;0.00521854;0;1;0;0.859007;0;1;
54;0.287466;-0.287467;0.287467;-0.287467;0.287466;-0.287467;0.0956211;0.0546163;0.0915835;0.0342896;0.0880973;0.025213;0.00530845;0.0402028;0.0016727;0.0377041;2.72962e-05;0.0429056;0.677853;1;0.241584;0.764282;0;1;
55;0.293158;-0.293159;0.293158;-0.293159;0.293158;-0.293158;0.0358838;0.063099;0.0335317;0.0725908;0.0353818;0.0772743;0.015203;0.0234789;0.0294445;0.0220198;0.0412514;0.0250591;0.749216;0.0717433;1;0.101715;1;0.864347;
56;0.289813;-0.289813;0.289813;-0.289813;0.289725;-0.289813;-0.0431862;0.100993;-0.0445487;0.106536;-0.0434646;0.109271;0.00887992;0.0137111;0.0237739;0.012859;0.029903;0.0146339;0.760559;0;1;0;1;0;
57;0.275955;-0.275955;0.275955;-0.275955;0.275904;-0.275955;-0.122565;0.156325;-0.123353;0.159562;-0.122716;0.161159;0.00518685;0.00800684;0.0148053;0.0075092;0.0188706;0.00854577;0.750571;0;1;0;1;0;
58;0.250436;-0.250436;0.250436;-0.250436;0.250406;-0.250436;-0.181663;0.201379;-0.182117;0.20327;-0.181742;0.204203;0.00302957;0.00467551;0.00864783;0.00438488;0.0110223;0.00499023;0.685902;0;1;0;1;0;
59;0.214179;-0.214179;0.214179;-0.214179;0.214161;-0.214179;-0.218598;0.230113;-0.218858;0.231217;-0.21355;0.231762;0.00176929;0.00272996;0.00505052;0.00256027;0.00643694;0.00291378;0.7237;0;1;0;0.934727;0;
60;0.166496;-0.166496;0.166496;-0.166496;0.166486;-0.166496;-0.23941;0.246135;-0.229173;0.24678;-0.207669;0.247098;0.00103303;0.00159376;0.00294908;0.00149464;0.00375874;0.0017011;0.778341;0;1;0;1;0;
61;0.103062;-0.103062;0.103062;-0.103062;0.103056;-0.103062;-0.245238;0.253328;-0.226275;0.253705;-0.200328;0.253891;0.00060287;0.000930189;0.00172199;0.000872321;0.0021948;0.000992882;0.803203;0;1;0;1;0;
62;0.0184142;-0.0184138;0.0184143;-0.0184142;0.0184104;-0.0184142;-0.230977;0.238012;-0.219888;0.243558;-0.185934;0.243718;0.00035182;0.000542659;0.00100551;0.00050889;0.00128195;0.000579306;0.902592;0;1;0;1;0;
63;-0.0808903;0.0808908;-0.0808902;0.0808904;-0.0808929;0.0808903;-0.204156;0.21619;-0.206228;0.225202;-0.158526;0.22453;0.000205572;0.000316364;0.000587414;0.000296654;0.000749668;0.000337776;0.980742;0;1;0;1;0;
64;-0.168493;0.168493;-0.168493;0.168493;-0.168495;0.168493;-0.162234;0.183006;-0.177451;0.212756;-0.117523;0.201737;0.000120936;0.000184255;0.000343759;0.000172785;0.0123422;0.00019689;1;0;1;0;1;0;
65;-0.228615;0.228615;-0.228615;0.228615;-0.228617;0.228615;-0.110101;0.147452;-0.139173;0.194518;-0.0595433;0.188083;0.00500238;0.000107103;0.00413897;0.000100398;0.0259436;0.000114416;1;0;1;0;1;0;
66;-0.264691;0.264691;-0.264691;0.264691;-0.264693;0.264691;-0.0563331;0.136752;-0.0910062;0.164239;0.00350848;0.160481;0.0162281;6.20762e-05;0.00524376;5.8216e-05;0.04031;6.64307e-05;1;0;0.884539;0;1;0;
67;-0.284217;0.284217;-0.284216;0.284216;-0.284218;0.284216;0.0480469;0.105418;0.00291467;0.121474;0.0467783;0.119276;0.0488822;3.57907e-05;0.0264208;0.00817497;0.0342885;3.83827e-05;1;0;1;0.580519;1;0;
68;-0.292489;0.292489;-0.292489;0.292489;-0.29249;0.292489;0.0575103;0.0529163;0.0714706;0.0622911;0.0659198;0.0610092;0.02855;0.0205232;0.0209006;0.00501756;0.0200282;0.0330351;0.652276;0.727012;0.854541;0.37046;0.737098;1;
69;-0.291686;0.29284;-0.291686;0.291686;-0.291722;0.291686;0.0856844;-0.0211798;0.0938374;-0.0157199;0.0905955;-0.0164572;0.0166726;0.0289156;0.0122055;0.00545055;0.0116959;0.0192996;0;1;0;0.370512;0;1;
70;-0.280941;0.281615;-0.280941;0.280941;-0.280962;0.280941;0.140425;-0.102741;0.145186;-0.0995646;0.143293;-0.0999859;0.00973637;0.0233236;0.00712758;0.0031842;0.00682994;0.0147735;0;1;0;0.421581;0;1;
71;-0.258577;0.258971;-0.258577;0.258577;-0.25859;0.258577;0.190113;-0.168095;0.192893;-0.16625;0.191788;-0.166489;0.00568556;0.0136236;0.00416204;0.00186017;0.00398822;0.00862975;0;1;0;0.35293;0;1;
72;-0.225211;0.225442;-0.225211;0.225211;-0.225219;0.225212;0.223348;-0.207651;0.224972;-0.209411;0.224326;-0.209546;0.00331986;0.00795664;0.00243013;0.00108648;0.00232861;0.00504028;0;0.957898;0;0.634876;0;1;
73;-0.180948;0.181082;-0.180948;0.180948;-0.180952;0.180948;0.242555;-0.202867;0.243504;-0.234415;0.243126;-0.23345;0.00193825;0.00464689;0.00141866;0.00063434;0.00135938;0.0029432;0;1;0;0.693954;0;1;
74;-0.12247;0.122548;-0.12247;0.12247;-0.122472;0.12247;0.251968;-0.20042;0.252522;-0.247213;0.252301;-0.228921;0.00113138;0.00271347;0.000827948;0.000370092;0.000793321;0.00171847;0;0.988526;0;0.709608;0;1;
75;-0.0438945;0.043941;-0.0438945;0.0438944;-0.0438964;0.0438946;0.246957;-0.189899;0.247433;-0.236653;0.24562;-0.223271;0.000660174;0.00158469;0.000482966;0.000215795;0.00046273;0.00100342;0;1;0;0.746251;0;1;
76;0.0534506;-0.0534226;0.0534505;-0.0534506;0.053449;-0.0534505;0.232686;-0.164631;0.232776;-0.21415;0.221536;-0.208656;0.000384996;0.000926475;0.000281504;0.000125993;0.000269688;0.000586101;0;1;0;0.745399;0;1;
77;0.146925;-0.146909;0.146925;-0.146925;0.146924;-0.146925;0.205467;-0.136634;0.201343;-0.175085;0.196798;-0.185459;0.000224503;0.00790693;0.000164084;7.41699e-05;-0.00199676;0.000342834;0;0.956512;0;0.695301;0;1;
78;0.214779;-0.214769;0.214779;-0.214779;0.214778;-0.214779;0.195051;-0.0726089;0.173247;-0.119529;0.162325;-0.147318;0.0001305;0.0278193;9.53423e-05;0.00823883;-0.0011666;0.000201291;0;1;0;1;0;1;
79;0.256704;-0.256699;0.256704;-0.256704;0.256704;-0.256704;0.170366;-0.0160303;0.157633;-0.0688473;0.151254;-0.107437;7.57726e-05;0.0380919;5.51465e-05;0.0268918;-0.000681756;0.00784789;0;1;0;1;0;1;
80;0.280131;-0.280129;0.280131;-0.280132;0.280131;-0.280131;0.132708;0.0426797;0.12527;0.00361973;0.121545;-0.0414893;0.0106366;0.0730828;3.18553e-05;0.0263659;-0.000398619;0.00458471;0.5562;1;0;0.976991;0;0.821558;
81;0.29115;-0.291149;0.29115;-0.29115;0.29115;-0.29115;0.0793592;0.0580813;0.0750153;0.0586374;0.0728385;0.0663721;0.00832206;0.0426866;0.0227662;0.0359675;0.0200513;0.0294792;0.696017;0.877927;0.842976;0.797399;0.496592;0.896669;
82;0.292813;-0.292813;0.292813;-0.292813;0.292813;-0.292813;0.00663971;0.0736267;0.00411273;0.0739516;0.00325572;0.0784693;0.00486197;0.0249284;0.021398;0.0210046;0.0268744;0.0172158;0.554556;0;1;0;1;0.0899865;
83;0.285021;-0.285021;0.285021;-0.285021;0.285021;-0.285021;-0.0777756;0.124652;-0.0792416;0.124842;-0.0797383;0.12748;0.0028406;0.0145577;0.0187166;0.0122662;0.0334288;0.0100535;0.865508;0;1;0;1;0;
84;0.265889;-0.265889;0.265889;-0.265889;0.26589;-0.265889;-0.150546;0.177922;-0.151395;0.178033;-0.151681;0.179574;0.00165963;0.00850122;0.0109332;0.00716298;0.0195259;0.00587081;0.661613;0;1;0;1;0;
85;0.23544;-0.23544;0.23544;-0.23544;0.235441;-0.23544;-0.199761;0.215749;-0.200251;0.215814;-0.200415;0.216714;0.000969456;0.00496419;0.0063858;0.00418269;0.0114042;0.00342807;0.759588;0;1;0;1;0;
86;0.194343;-0.194343;0.194344;-0.194343;0.194343;-0.194343;-0.229041;0.238379;-0.229323;0.238417;-0.215384;0.238943;0.000566058;0.00289853;0.00372914;0.00244214;0.00665914;0.00200146;1;0;1;0;1;0;
87;0.140326;-0.140326;0.140326;-0.140326;0.140326;-0.140326;-0.244698;0.250153;-0.229226;0.250175;-0.206012;0.250482;0.000330238;0.00169217;0.00217733;0.00142566;0.00388774;0.00116834;0.890463;0;1;0;1;0;
88;0.0677847;-0.0677851;0.0677848;-0.0677846;0.0677851;-0.0677846;-0.240321;0.250861;-0.224434;0.250039;-0.194097;0.250159;0.000192469;0.00098766;0.00127136;0.000832019;0.00227034;0.000681736;0.761665;0;1;0;1;0;
89;-0.0257067;0.0257059;-0.0257066;0.0257067;-0.0257057;0.0257067;-0.221537;0.228482;-0.214231;0.237858;-0.178387;0.237884;0.000112279;0.000576224;0.00074248;0.000485353;0.00132642;0.000397591;1;0;1;0;1;0;
90;-0.123252;0.123251;-0.123252;0.123252;-0.12325;0.123252;-0.189073;0.205203;-0.195259;0.204475;-0.145554;0.200967;6.59625e-05;0.000335952;0.000433959;0.000282939;0.000775971;0.000231666;1;0;1;0;1;0;
91;-0.198943;0.198942;-0.198943;0.198943;-0.198941;0.198943;-0.142894;0.172079;-0.157306;0.169965;-0.0922786;0.165833;0.00614108;0.000195662;0.00209129;0.000164741;0.0129129;-0.00229837;1;0;1;0;1;0;
92;-0.247327;0.247326;-0.247327;0.247327;-0.247326;0.247327;-0.0857865;0.162428;-0.116413;0.159753;-0.0343491;0.142283;0.0156386;0.00011384;0.00405499;9.57749e-05;0.0364837;-0.00134253;1;0;0.836085;0;1;0;
93;-0.275124;0.275123;-0.275124;0.275124;-0.275124;0.275124;-0.0239536;0.135112;-0.0645304;0.13355;0.038826;0.123347;0.0255644;6.59763e-05;0.00815946;5.5572e-05;0.0507323;-0.000784454;1;0;0.970078;0;1;0;
94;-0.289121;0.289121;-0.289121;0.289121;-0.289121;0.28912;0.0501853;0.0904222;0.0522863;0.0895159;0.0590579;0.0835533;0.0493413;3.81273e-05;0.0503739;0.0103478;0.0296349;0.0155906;1;0;1;0.472845;0.801667;1;
95;-0.293238;0.293238;-0.293239;0.293238;-0.293239;0.304474;0.0767878;0.0276073;0.0826348;0.0248232;0.0532197;0.0213512;0.0288152;0.0362416;0.0294193;0.00604523;0.0173067;0.0366429;0;1;0.588359;0.488542;0;1;
96;-0.288223;0.288224;-0.288223;0.288223;-0.288224;0.294785;0.116166;-0.0551841;0.119581;-0.0568246;0.102402;-0.0588412;0.0168275;0.0361882;0.0171803;0.00353164;0.0101067;0.021675;0;1;0;0.447567;0;1;
97;-0.27234;0.272341;-0.27234;0.27234;-0.27234;0.276172;0.168687;-0.133062;0.170682;-0.134031;0.16065;-0.135201;0.0098268;0.0211383;0.0100328;0.00206332;0.00590184;0.0126615;0;1;0;0.433257;0;1;
98;-0.244882;0.244882;-0.244882;0.244882;-0.244882;0.24712;0.209458;-0.188643;0.210622;-0.189218;0.204764;-0.189895;0.00573834;0.0123463;0.00585864;0.00120534;0.00344619;0.00739558;0;1;0;0.46101;0;1;
