1;-0.000363588;0.000116064;9.94837e-05;-0.000363588;0.000116064;9.94837e-05;0.0349769;0.0347456;0.0352594;0.0349769;0.0347456;0.0352595;0.808667;0.808665;0.808666;0.808667;0.808665;0.808666;0;0;0;0;0;0;
2;-0.000294423;-0.000621649;-5.04392e-05;0.0170072;0.00263136;0.00152362;0.173341;0.174098;0.175433;0.161392;0.158706;0.159934;0.472453;0.472455;0.472458;0.472456;0.472454;0.472457;1;1;1;1;1;1;
3;0.00057951;-0.00127994;5.17989e-05;0.0195784;-0.000659734;-0.000708401;0.101322;0.103164;0.102543;0.0941735;0.0948193;0.0934506;0.27593;0.275931;0.275932;0.275932;0.27593;0.275933;0.865712;0.786543;0.596718;0.448395;0.781832;0.568991;
4;0.000973288;-0.00138231;0.00066502;0.0107989;0.000249564;-0.00104852;0.0591501;0.0602801;0.0598633;0.0550284;0.0553532;0.0546077;0.161149;0.161149;0.16115;0.161149;0.161149;0.16115;0.722688;0.852537;0.696058;0.46314;0.760663;0.865153;
5;0.00144457;-0.00168342;0.00126452;0.00543032;0.00102188;-0.00148849;0.0342929;0.0354639;0.0347098;0.0323962;0.0320763;0.0321514;0.0941137;0.0941144;0.0941146;0.0941135;0.0941143;0.0941148;0.739662;0.840797;0.689517;0.475449;0.655315;0.874384;
6;0.00195106;-0.00209051;0.00184589;0.00206387;0.0017042;-0.00197667;0.0284023;0.0323027;0.0342383;0.0300186;0.032472;0.0358433;0.0549647;0.0549651;0.0549657;0.0549645;0.0549654;0.0549656;0.737936;0.815651;0.646635;0.46586;0.49294;0.874793;
7;0.00238274;-0.00246415;0.00232131;-3.80881e-05;0.00223856;-0.00239767;0.0251553;0.0290195;0.0293056;0.028726;0.0296485;0.0328481;0.0321019;0.0321019;0.0321028;0.0321015;0.0321026;0.0321025;0.752237;0.790367;0.859436;0.570965;0.581695;0.853564;
8;0.00252513;-0.00257264;0.00248924;-0.00115578;0.00244092;-0.00253381;0.023817;0.0284679;0.0272047;0.0302373;0.0297067;0.0336092;0.0187501;0.0187497;0.018751;0.0187495;0.018751;0.0187504;0.778289;0.773325;1;0.594962;0.638615;0.857864;
9;0.00201308;-0.00204079;0.00199211;-0.00119696;0.00196389;-0.00201812;0.0227375;0.0291918;0.0267194;0.0322969;0.0305104;0.0362364;0.0109527;0.0109517;0.0109536;0.0109517;0.0109538;0.0109526;0.792736;0.719659;1;0.581012;0.650425;0.842358;
10;0.000280395;-0.000296539;0.00026814;0.000196277;0.00025168;-0.000283301;0.0200559;0.0280836;0.0270926;0.0346336;0.0306126;0.0377585;0.00639921;0.00639737;0.00640006;0.00639772;0.00640055;0.00639853;0.809085;0.643863;1;0.549154;0.650608;0.810504;
11;-0.00348229;0.00347288;-0.00348947;0.00376069;-0.00349909;0.00348062;0.0185035;0.0292839;0.0223748;0.0352145;0.0286732;0.0399323;0.00374012;0.00373733;0.00852982;0.00373812;0.010084;0.00373884;0.838127;0.480708;1;0.514906;0.583483;0.792453;
12;-0.0103334;0.0103279;-0.0103376;0.010496;-0.0103432;0.0103325;0.0165546;0.0292927;0.0200554;0.0372851;0.027956;0.0405091;0.00661027;0.00218365;0.00526178;0.00218475;0.0101702;0.00218548;0.860099;0.474265;1;0.464015;0.781195;0.766772;
13;-0.0214927;0.0214896;-0.0214951;0.0215877;-0.0214985;0.0214922;0.0162427;0.0297379;0.0201486;0.0383721;0.0285886;0.0415913;0.00727883;0.00127624;0.00667015;0.00127756;0.00952533;0.00127829;0.864729;0.550704;1;0.423548;0.788881;0.767258;
14;-0.0380482;0.0380463;-0.0380494;0.0381037;-0.0380516;0.0380479;0.0181753;0.0294658;0.0214069;0.0359122;0.0286264;0.0393959;0.0042538;0.000746678;0.00737882;0.000747914;0.00790876;0.000748668;0.833779;0.636766;1;0.390536;0.754819;0.794259;
15;-0.0603016;0.0603005;-0.0603021;0.060334;-0.0603035;0.0603014;0.0239191;0.0270627;0.0272988;0.0271999;0.0276916;0.0306917;0.00268632;0.00354386;0.00431212;0.00117625;0.0046215;0.00309242;0.751912;0.587498;1;0.388112;0.631068;0.88037;
16;-0.0867325;0.0867319;-0.0867328;0.0867515;-0.0867336;0.0867324;0.0433793;0.0279728;0.0478281;0.0132462;0.0340502;0.0184713;0.00157005;0.0154594;0.00252025;0.0102143;0.00269941;0.0111956;0.546257;0.673753;0.966272;0.667324;0.343214;1;
17;-0.113117;0.113117;-0.113118;0.113129;-0.113118;0.113117;0.0582105;0.0169237;0.0608096;-0.025137;0.0527621;-0.0220821;0.000916655;0.0245689;0.00147207;0.00651707;0.00157609;0.0092126;0.107943;1;0.593862;0.730404;0;1;
18;-0.1328;0.1328;-0.1328;0.132806;-0.1328;0.1328;0.0955596;-0.0516664;0.0970775;-0.0762416;0.0923779;-0.0744523;0.000534943;0.0326943;0.000859305;0.003808;0.000920062;0.0116062;0;1;0;0.509403;0;1;
19;-0.138311;0.138312;-0.138312;0.138315;-0.138312;0.138312;0.14359;-0.117944;0.144476;-0.132306;0.141732;-0.131256;0.00031201;0.0190979;0.000501439;0.0022251;0.0005369;0.00678062;0;1;0;0.355467;0;1;
20;-0.123566;0.123567;-0.123566;0.123568;-0.123567;0.123566;0.18598;-0.170993;0.186498;-0.179388;0.184895;-0.178772;0.000181777;0.0111552;0.000292406;0.00130006;0.000313096;0.0039611;0;1;0;0.524734;0;1;
21;-0.084385;0.0843852;-0.0843851;0.0843863;-0.0843852;0.0843851;0.214934;-0.194153;0.215236;-0.211082;0.2143;-0.210719;0.000105704;0.00651496;0.000170312;0.000759344;0.000182354;0.00231353;0;1;0;0.542381;0;1;
22;-0.0173045;0.0173046;-0.0173045;0.0173052;-0.0173045;0.0173045;0.230539;-0.188282;0.230716;-0.228288;0.230169;-0.217943;6.12081e-05;0.00380499;9.89457e-05;0.000443317;0.000105983;0.00135098;0;1;0;0.58838;0;0.926174;
23;0.0725458;-0.0725455;0.0725458;-0.0725454;0.0725457;-0.0725457;0.228373;-0.162452;0.228183;-0.207931;0.228477;-0.207719;3.52224e-05;0.00222309;5.72509e-05;0.000258893;6.1374e-05;0.000789078;0;1;0;0.633819;0;1;
24;0.159619;-0.159619;0.159619;-0.159619;0.159619;-0.159619;0.189895;-0.128865;0.188445;-0.170447;0.194095;-0.181272;2.01883e-05;0.00685203;3.29582e-05;0.000152023;3.52597e-05;0.000461492;0;1;0;0.711108;0;1;
25;0.22249;-0.222491;0.22249;-0.22249;0.222491;-0.22249;0.157863;-0.0721591;0.149078;-0.118479;0.159184;-0.145099;1.12519e-05;0.0254514;-0.00272974;0.0109615;2.00769e-05;0.000270549;0;1;0;0.601998;0;1;
26;0.261128;-0.261129;0.261128;-0.261128;0.261128;-0.261128;0.146526;-0.00878227;0.138948;-0.0624539;0.147298;-0.103424;6.16136e-06;0.030248;-0.00159455;0.0169895;1.12652e-05;0.000158744;0;1;0;1;0;1;
27;0.282492;-0.282494;0.282492;-0.282493;0.282493;-0.282492;0.116034;0.0350711;0.111606;0.026025;0.116483;-0.0208069;0.00796612;0.0335336;-0.000931563;0.0390186;6.09717e-06;0.01193;0.556031;1;0;0.906756;0;1;
28;0.292154;-0.292155;0.292154;-0.292155;0.292155;-0.292154;0.0658457;0.0563752;0.0632608;0.0587549;0.0661068;0.0600264;0.00465458;0.0195886;0.0214242;0.0227912;0.0223129;0.0487422;0.846371;0.754954;0.858902;0.606353;0.516867;1;
29;0.29273;-0.292933;0.293666;-0.29273;0.298088;-0.29273;-0.00582565;0.0772034;-0.00732452;0.0785933;-0.00565898;0.0793362;0.00531591;0.0114393;0.0307427;0.0133097;0.0261541;0.028465;0.436885;0;1;0;1;0;
30;0.283765;-0.283884;0.284312;-0.283765;0.286894;-0.283765;-0.0884725;0.130158;-0.0893381;0.13097;-0.0883618;0.131403;0.00310559;0.0066801;0.0179589;0.0077724;0.0337846;0.0166231;0.613088;0;1;0;1;0;
31;0.263376;-0.263445;0.263695;-0.263376;0.265203;-0.263376;-0.158025;0.18237;-0.158524;0.182844;-0.15795;0.183097;0.00181432;0.00390072;0.0104904;0.00453863;0.0197334;0.00970738;0.662488;0;1;0;1;0;
32;0.23181;-0.231851;0.231997;-0.23181;0.232878;-0.23181;-0.204346;0.218564;-0.204632;0.218841;-0.204294;0.218989;0.00105976;0.00227752;0.0061271;0.00265006;0.0115251;0.00566859;0.702426;0;1;0;1;0;
33;0.18955;-0.189573;0.189658;-0.18955;0.190173;-0.18955;-0.231636;0.239941;-0.227267;0.240102;-0.20504;0.240189;0.000618747;0.00132953;0.00357791;0.00154713;0.00673023;0.00330992;0.745876;0;1;0;1;0;
34;0.133932;-0.133946;0.133995;-0.133932;0.134296;-0.133932;-0.245996;0.250846;-0.229201;0.250941;-0.202524;0.250991;0.000361009;0.000775888;0.00208919;0.000902981;0.00393006;0.00193244;0.771805;0;1;0;1;0;
35;0.0591837;-0.0591921;0.0592209;-0.0591837;0.059397;-0.0591837;-0.238891;0.249998;-0.22435;0.248571;-0.194074;0.248907;0.000210451;0.000452561;0.00121987;0.00052678;0.00229508;0.00112798;0.842992;0;0.996695;0;1;0;
36;-0.0359185;0.0359132;-0.0358967;0.0359185;-0.0357933;0.0359184;-0.21938;0.225717;-0.212428;0.235826;-0.171253;0.235792;0.000122819;0.000263732;0.000712449;0.0003071;0.00134103;0.000658196;1;0;1;0;1;0;
37;-0.132208;0.132205;-0.132195;0.132208;-0.132135;0.132208;-0.183897;0.201059;-0.191199;0.198753;-0.14511;0.198851;7.2208e-05;0.000153468;0.000416504;0.00017891;0.00304838;0.000383929;1;0;1;0;1;0;
38;-0.205021;0.205019;-0.205013;0.20502;-0.204976;0.20502;-0.148121;0.161369;-0.152861;0.174915;-0.111329;0.17508;0.00579088;8.90534e-05;0.00793178;0.000104018;-0.00544027;0.000223662;1;0;0.955681;0;1;0;
39;-0.250954;0.250954;-0.25095;0.250954;-0.250927;0.250954;-0.0852803;0.12363;-0.110318;0.162101;-0.0261227;0.162197;0.0108465;5.15007e-05;0.00463372;6.04102e-05;0.0284243;0.000130174;1;0;1;0;1;0;
40;-0.277083;0.277082;-0.27708;0.277082;-0.277067;0.277082;-0.00287355;0.109924;-0.0494697;0.132393;0.0447889;0.132447;0.0470993;2.9671e-05;0.00414413;0.0223257;0.0529651;7.55905e-05;1;0;1;0.453681;1;0;
41;-0.289951;0.289951;-0.289949;0.28995;-0.289942;0.289951;0.0477315;0.0722485;0.0478437;0.0853745;0.0580016;0.0854028;0.0275116;1.75177e-05;0.0239997;0.013041;0.0309386;0.0147912;1;0.336704;1;0.337969;1;0.700173;
42;-0.293161;0.293161;-0.29316;0.293161;-0.293156;0.293161;0.0598561;0.0128115;0.0608488;0.0179317;0.0669592;0.0179539;0.0160668;0.0233454;0.0140171;0.00761877;0.0180679;0.0182686;0;1;0.541913;0.65757;0;1;
43;-0.287142;0.287143;-0.287142;0.287142;-0.287139;0.287142;0.110253;-0.0677997;0.110832;-0.0648242;0.114401;-0.0648002;0.00938256;0.0310141;0.00818553;0.00445051;0.0105512;0.0202742;0;1;0;0.388235;0;1;
44;-0.270064;0.270065;-0.270064;0.270064;-0.270063;0.270064;0.166982;-0.142178;0.167321;-0.140451;0.169405;-0.140429;0.00547898;0.0181161;0.00477993;0.00259991;0.00616142;0.0118432;0;0.873825;0;0.433772;0;1;
45;-0.241493;0.241493;-0.241492;0.241493;-0.241492;0.241493;0.208852;-0.194356;0.209049;-0.193357;0.210266;-0.193339;0.00319924;0.0105811;0.002791;0.00151866;0.00359778;0.0069175;0;0.988084;0;0.461623;0;1;
46;-0.202303;0.202304;-0.202303;0.202303;-0.202303;0.202303;0.234451;-0.209518;0.234566;-0.225401;0.235277;-0.225386;0.00186786;0.00617899;0.00162946;0.000886828;0.00210057;0.00403977;0;1;0;0.379917;0;1;
47;-0.150865;0.150866;-0.150865;0.150865;-0.150865;0.150865;0.248202;-0.205834;0.248269;-0.242916;0.248684;-0.229158;0.00109028;0.00360813;0.000951055;0.00051762;0.00122618;0.00235884;0;1;0;0.709587;0;1;
48;-0.0819837;0.0819857;-0.0819837;0.0819837;-0.0819851;0.0819838;0.249595;-0.190226;0.250127;-0.240709;0.251678;-0.22536;0.000636195;0.00210681;0.000554865;0.000301867;0.000715548;0.00137729;0;1;0;0.704909;0;1;
49;0.00835644;-0.00835323;0.00835638;-0.0083564;0.00835375;-0.00835635;0.240346;-0.179711;0.240508;-0.22594;0.233445;-0.215794;0.000370967;0.00123078;0.000323488;0.000176086;0.000417328;0.000804254;0;1;0;0.581086;0;1;
50;0.107335;-0.107331;0.107335;-0.107335;0.107332;-0.107335;0.209777;-0.149027;0.210094;-0.198407;0.209647;-0.200957;0.000216118;0.000719874;0.000188384;0.000103105;0.000243182;0.000469988;0;1;0;0.918197;0;1;
51;0.187853;-0.187849;0.187853;-0.187853;0.187849;-0.187853;0.174763;-0.103007;0.173306;-0.154927;0.175503;-0.164983;0.00012571;0.0101914;-0.00149268;6.12602e-05;0.000141496;0.000800745;0;1;0;0.898698;0;1;
52;0.240617;-0.240614;0.240617;-0.240617;0.240614;-0.240617;0.149208;-0.0424854;0.131004;-0.0892778;0.134619;-0.120454;7.31168e-05;0.028352;-0.00087192;0.00622865;8.22024e-05;0.00750779;0;1;0;0.726286;0;1;
53;0.27144;-0.271439;0.27144;-0.27144;0.271438;-0.27144;0.131559;0.0292508;0.118963;-0.0307573;0.123038;-0.0750531;4.22191e-05;0.0410842;-0.000509749;0.0260128;4.75594e-05;0.00438628;0;1;0;1;0;0.899983;
54;0.287466;-0.287466;0.287466;-0.287467;0.287466;-0.287467;0.094029;0.0529195;0.086669;0.0379226;0.0890482;0.0277749;0.00667794;0.0331957;0.00301492;0.0541024;2.73416e-05;0.0361664;0.732926;1;0.173249;1;0;1;
55;0.293158;-0.293158;0.293158;-0.293158;0.278703;-0.293158;0.0349534;0.0611494;0.0306619;0.0622422;0.0335554;0.068114;0.00415194;0.0193865;0.029922;0.0315957;0.028524;0.0211227;0.708381;0.0381185;1;0.00571001;1;0.596968;
56;0.289813;-0.289813;0.289813;-0.289813;0.281371;-0.289813;-0.0437295;0.0998541;-0.0462248;0.100492;-0.0445311;0.103921;0.00301853;0.0113212;0.0176906;0.0184513;0.0316808;0.0123351;0.581845;0;1;0;1;0;
57;0.275955;-0.275955;0.275955;-0.275955;0.271025;-0.275955;-0.122882;0.15566;-0.124332;0.156033;-0.123339;0.158035;0.00176376;0.00661114;0.0103349;0.0107751;0.0185062;0.00720327;0.644797;0;1;0;1;0;
58;0.250436;-0.250436;0.250436;-0.250436;0.247557;-0.250436;-0.181848;0.200991;-0.182688;0.201209;-0.182105;0.202378;0.00103047;0.00386042;0.00603701;0.00629216;0.0108095;0.00420623;0.68342;0;1;0;1;0;
59;0.214179;-0.214179;0.214179;-0.214179;0.212498;-0.214179;-0.218706;0.229886;-0.219192;0.230013;-0.213371;0.230696;0.000601814;0.00225396;0.00352576;0.00367411;0.00631262;0.00245594;0.719758;0;1;0;1;0;
60;0.166496;-0.166496;0.166496;-0.166496;0.165514;-0.166496;-0.239473;0.246003;-0.229242;0.246077;-0.207773;0.246476;0.000351223;0.00131577;0.0020586;0.00214512;0.00368614;0.00143373;0.773418;0;1;0;1;0;
61;0.103062;-0.103062;0.103062;-0.103062;0.102489;-0.103062;-0.245421;0.253251;-0.226114;0.253294;-0.200557;0.253527;0.000204699;0.000767846;0.00120195;0.0012522;0.00215239;0.00083674;0.797647;0;1;0;1;0;
62;0.0184148;-0.0184136;0.0184149;-0.0184148;0.018079;-0.0184148;-0.232032;0.238171;-0.21969;0.243719;-0.187139;0.243715;0.000119292;0.000447844;0.000701817;0.00073073;0.00125709;0.000488124;0.740222;0;1;0;1;0;
63;-0.0808895;0.0808913;-0.0808894;0.0808895;-0.0810869;0.0808895;-0.202834;0.216337;-0.206309;0.225241;-0.159868;0.224946;6.97774e-05;0.000260993;0.000410042;0.000426214;0.000735047;0.000284531;1;0;1;0;1;0;
64;-0.168492;0.168494;-0.168492;0.168492;-0.168608;0.168492;-0.161626;0.183143;-0.177905;0.212266;-0.117697;0.204073;4.16333e-05;0.000151915;0.000240155;0.000248458;0.0116065;0.000165785;1;0;1;0;1;0;
65;-0.228614;0.228616;-0.228614;0.228614;-0.228683;0.228614;-0.111164;0.146991;-0.138878;0.194232;-0.06033;0.189447;0.00601705;8.82064e-05;0.00353274;0.0001446;0.0293239;9.6273e-05;1;0;1;0;1;0;
66;-0.264691;0.264692;-0.264691;0.264691;-0.264731;0.264691;-0.0572411;0.136032;-0.0911638;0.164072;0.00463176;0.161278;0.0193941;5.10453e-05;0.00818607;8.40263e-05;0.0336086;5.58269e-05;1;0;0.878881;0;1;0;
67;-0.284216;0.284217;-0.284216;0.284216;-0.284241;0.284216;0.0386546;0.104997;0.00121136;0.121376;0.0504822;0.119741;0.0421598;2.93375e-05;0.0159729;0.00854848;0.0370535;3.22006e-05;1;0;1;0.46234;1;0;
68;-0.292489;0.292489;-0.292489;0.292488;-0.292503;0.292489;0.0577433;0.0526707;0.0694061;0.062234;0.0680718;0.0612814;0.0246241;0.0214097;0.0303918;0.00499499;0.0216428;0.0327688;0.633801;0.972521;0.849991;0.619005;0.462193;0.824225;
69;-0.291686;0.292839;-0.291686;0.291685;-0.291727;0.291686;0.0858205;-0.0213232;0.0926317;-0.0157532;0.0918523;-0.0162983;0.0143799;0.0287326;0.0177483;0.00531236;0.0126388;0.0191441;0;1;0;0.334479;0;1;
70;-0.280941;0.281614;-0.280941;0.280941;-0.280965;0.280941;0.140504;-0.102824;0.144482;-0.099584;0.144027;-0.0998933;0.00839742;0.0239853;0.0103646;0.0031035;0.00738062;0.0235538;0;1;0;0.582451;0;1;
71;-0.258577;0.258971;-0.258577;0.258577;-0.258591;0.258577;0.190159;-0.168143;0.192482;-0.166261;0.192216;-0.166435;0.00490363;0.01401;0.00605242;0.00181301;0.0043098;0.0137577;0;1;0;0.338597;0;1;
72;-0.225211;0.225442;-0.225211;0.225211;-0.22522;0.225212;0.223375;-0.210509;0.224732;-0.209418;0.224577;-0.209515;0.00286321;0.00818226;0.0035341;0.00105893;0.00251641;0.00803503;0;0.990321;0;0.472073;0;1;
73;-0.180948;0.181083;-0.180948;0.180948;-0.180953;0.180948;0.242571;-0.205552;0.243363;-0.234419;0.243273;-0.233255;0.00167158;0.00477799;0.00206338;0.000618237;0.00146905;0.00469214;0;1;0;0.470645;0;1;
74;-0.122469;0.122549;-0.122469;0.122469;-0.122473;0.12247;0.251977;-0.201472;0.25244;-0.247215;0.252387;-0.228632;0.000975651;0.00278999;0.00120445;0.000360686;0.000857366;0.00273988;0;1;0;0.737485;0;0.977333;
75;-0.0438943;0.0439415;-0.0438943;0.0438943;-0.043897;0.0438944;0.246866;-0.19082;0.246474;-0.23637;0.245817;-0.222964;0.000569225;0.00162932;0.000702847;0.000210322;0.000500137;0.00159992;0;0.920978;0;0.662703;0;1;
76;0.0534509;-0.0534221;0.0534508;-0.0534515;0.0534484;-0.0534507;0.231996;-0.167508;0.232599;-0.216766;0.22142;-0.210204;0.000331876;0.000952415;0.000409893;0.000122242;0.000291542;0.000934476;0;1;0;0.926507;0;1;
77;0.146926;-0.146908;0.146926;-0.146927;0.146924;-0.146926;0.197137;-0.134817;0.20257;-0.173898;0.196714;-0.185505;0.000193554;0.0097449;0.000239044;-0.0013554;-0.00215818;0.000546283;0;1;0;1;0;1;
78;0.214779;-0.214768;0.214779;-0.214779;0.214778;-0.214779;0.166099;-0.068284;0.193359;-0.122257;0.158102;-0.149022;0.000112405;0.0237678;0.000138959;0.0026371;-0.00126089;0.00379504;0;1;0;0.954644;0;1;
79;0.256704;-0.256699;0.256704;-0.256705;0.256704;-0.256704;0.153459;-0.0168679;0.169378;-0.0752447;0.148075;-0.102904;6.52553e-05;0.03329;8.07534e-05;0.0250519;-0.000736838;0.00221767;0;0.895375;0;0.812159;0;1;
80;0.280131;-0.280129;0.280131;-0.280132;0.280131;-0.280131;0.122835;0.0484892;0.132129;0.00183123;0.119688;-0.0331204;0.0278255;0.0638626;4.67128e-05;0.0272322;-0.000430759;0.0121685;0.831031;1;0;0.883365;0;0.986829;
81;0.29115;-0.291149;0.29115;-0.29115;0.29115;-0.29115;0.073593;0.0627722;0.0790203;0.0559306;0.0717536;0.0553112;0.0162523;0.037302;0.0252689;0.020377;0.0115796;0.0495198;0.879311;0.887258;0.811023;0.666291;0.482381;1;
82;0.292813;-0.292812;0.292813;-0.292813;0.292813;-0.292813;0.00327269;0.0763662;0.00645118;0.072371;0.00272862;0.0720103;0.00949345;0.0217839;0.0221515;0.0119;0.0258724;0.0289197;0.757619;0;1;0;1;0.331527;
83;0.285021;-0.285021;0.285021;-0.285021;0.285022;-0.285021;-0.079742;0.126252;-0.0778755;0.123919;-0.0800457;0.123708;0.00554537;0.0127213;0.0199514;0.00694909;0.0281773;0.0168885;0.873863;0;1;0;1;0;
84;0.265889;-0.265889;0.26589;-0.265889;0.26589;-0.265889;-0.151694;0.178857;-0.150597;0.177494;-0.151861;0.177371;0.00323918;0.00742876;0.0116542;0.00405785;0.0164589;0.00986245;0.956011;0;1;0;1;0;
85;0.23544;-0.23544;0.235441;-0.23544;0.235441;-0.23544;-0.200431;0.216295;-0.199785;0.215499;-0.20052;0.215427;0.00189216;0.00433787;0.00680699;0.00236932;0.00961291;0.00575914;1;0;1;0;1;0;
86;0.194343;-0.194343;0.194344;-0.194344;0.194344;-0.194344;-0.229433;0.238698;-0.229051;0.238233;-0.206984;0.238191;0.00110489;0.00253276;0.00397512;0.00138318;0.0056135;0.00336282;0.997397;0;1;0;1;0;
87;0.140326;-0.140326;0.140326;-0.140326;0.140327;-0.140326;-0.244927;0.250339;-0.229897;0.250067;-0.20392;0.250043;0.000644941;0.00147857;0.0023211;0.000807234;0.0032779;0.00196332;0.967674;0;1;0;0.924605;0;
88;0.0677849;-0.0677847;0.0677851;-0.067785;0.0677851;-0.067785;-0.239868;0.251083;-0.224904;0.249511;-0.194839;0.249575;0.000376243;0.000862922;0.00135528;0.000470879;0.00191412;0.00114602;1;0;1;0;1;0;
89;-0.0257061;0.0257066;-0.0257059;0.025706;-0.0257061;0.025706;-0.22248;0.228786;-0.214018;0.23761;-0.175669;0.237489;0.000219615;0.000503373;0.000791507;0.00027445;0.00111841;0.000668734;0.962737;0;1;0;1;0;
90;-0.123251;0.123252;-0.123251;0.123251;-0.123251;0.123251;-0.188769;0.204401;-0.194548;0.203444;-0.148417;0.200337;0.000128657;0.000293406;0.000462607;0.000159766;0.000654466;0.000390014;0.7573;0;1;0;1;0;
91;-0.198942;0.198943;-0.198942;0.198942;-0.198942;0.198942;-0.142575;0.171616;-0.156459;0.169207;-0.0902593;0.163419;0.00461768;0.000170818;0.000271102;9.28094e-05;0.0116846;0.000227265;0.992662;0;1;0;1;0;
92;-0.247326;0.247327;-0.247326;0.247326;-0.247327;0.247326;-0.084649;0.161112;-0.118526;0.158882;-0.03719;0.132528;0.0259495;9.93277e-05;0.0143618;5.37881e-05;0.0280164;0.000132543;1;0;0.995627;0;1;0;
93;-0.275124;0.275124;-0.275123;0.275123;-0.275125;0.275123;-0.0138576;0.134343;-0.0598005;0.133042;0.0416927;0.11765;0.0417584;5.75456e-05;0.00838906;4.33628e-05;0.045467;7.68538e-05;1;0;0.631004;0.366497;1;0;
94;-0.289121;0.289121;-0.289121;0.28912;-0.289122;0.289121;0.0454749;0.0899734;0.0406574;0.0892177;0.0569969;0.0802263;0.0243934;3.31586e-05;0.0413924;0.00555167;0.0320804;0.0118498;1;0;1;0.435555;1;0.755517;
95;-0.293238;0.293239;-0.293238;0.293238;-0.293239;0.293238;0.0563207;0.0264802;0.0769607;0.0246495;0.0539199;0.0194066;0.0142461;0.0277297;0.0241739;0.00324454;0.0187347;0.0244697;0.403584;1;0.493669;0.31806;0.0158534;1;
96;-0.288223;0.288224;-0.288223;0.288223;-0.288224;0.288223;0.104213;-0.0558421;0.116267;-0.0569261;0.102811;-0.059977;0.00831922;0.0372901;0.014117;0.00189603;0.0109406;0.0182291;0;1;0;0.466304;0;1;
97;-0.27234;0.272341;-0.27234;0.27234;-0.27234;0.27234;0.161707;-0.133447;0.168746;-0.134091;0.160888;-0.135865;0.00485802;0.0217817;0.00824389;0.0011081;0.00638888;0.010649;0;1;0;0.409744;0;1;
98;-0.244882;0.244882;-0.244882;0.244882;-0.244882;0.244882;0.205381;-0.188867;0.209492;-0.189253;0.204903;-0.190283;0.0028366;0.0127221;0.00481392;0.000647495;0.00373062;0.00622019;0;1;0;0.4572;0;1;
