1;-0.000363589;0.000116065;9.9484e-05;-0.000363589;0.000116065;9.94839e-05;0.0349769;0.0347456;0.0352594;0.034977;0.0347456;0.0352595;0.808667;0.808665;0.808666;0.808667;0.808665;0.808666;0;0;0;0;0;0;
2;0.00198026;0.0185676;0.00631828;0.00601336;0.0184094;0.000421021;0.17787;0.176282;0.173301;0.182794;0.178971;0.176092;0.472501;0.4725;0.472504;0.472476;0.472483;0.472473;1;1;1;1;1;1;
3;0.00332198;0.0110818;0.00600509;0.00669817;0.0143431;-0.00171048;0.104471;0.102866;0.1013;0.106671;0.104611;0.102756;0.275959;0.275956;0.275962;0.275944;0.27595;0.27594;0.705098;0.390652;0.983774;0.532635;0.717032;0.81026;
4;0.00257476;0.0058369;0.00414179;0.00327695;0.00901112;-0.00335609;0.0609887;0.0601039;0.0591395;0.0623272;0.0610735;0.0600402;0.161166;0.161162;0.161168;0.161156;0.161162;0.161153;0.720873;0.741821;1;0.464221;0.997209;0.856371;
5;0.00237977;0.00253257;0.00329496;0.00103766;0.00613861;-0.00283617;0.0353663;0.0353598;0.0353407;0.0366586;0.0381017;0.0353222;0.0941234;0.0941212;0.0941262;0.0941178;0.0941228;0.0941157;0.725383;0.394839;1;0.47541;0.712693;0.967067;
6;0.00249719;0.000371626;0.00303168;-0.000501324;0.00469234;-0.00272776;0.0253535;0.0293829;0.0348073;0.0276887;0.0343005;0.0313847;0.0549702;0.0549689;0.0549724;0.0549669;0.0549706;0.0549658;0.725336;0.57978;0.653008;0.653003;0.642558;0.820768;
7;0.00270167;-0.00102627;0.00334184;-0.00153595;0.00398363;-0.0028363;0.0228314;0.0272089;0.0304616;0.0275264;0.032665;0.0290781;0.0321048;0.032104;0.0321068;0.0321029;0.032106;0.0321023;0.747983;0.475014;0.938033;0.580086;0.666591;0.833762;
8;0.00306223;-0.00173291;0.00308524;-0.00186695;0.00346004;-0.00278729;0.0216335;0.028762;0.0292152;0.0294778;0.0347654;0.0307951;0.0187515;0.0187507;0.0187533;0.0187502;0.0187533;0.01875;0.768322;0.729546;0.965721;0.36258;0.704554;0.825836;
9;0.00232676;-0.00155039;0.00234018;0.000157459;0.00255905;-0.00216615;0.0206023;0.0300706;0.0280875;0.0314651;0.0345835;0.0326918;0.0109533;0.0109522;0.0109549;0.0109521;0.0109555;0.010952;0.780445;0.7686;0.97871;0.459987;0.72598;0.801449;
10;0.000463587;-1.02638e-05;0.000471421;0.000987338;0.000599247;-0.000369752;0.0182886;0.0281168;0.0253017;0.0330768;0.0335369;0.0339475;0.00639924;0.00639756;0.00640082;0.00639784;0.00780654;0.0063979;0.612628;0.643487;0.859184;0.444915;0.754759;0.774599;
11;-0.00337528;0.00364015;-0.00337071;0.00422277;-0.00329608;0.00343012;0.0156017;0.0282009;0.023253;0.0343911;0.0326163;0.0367516;0.00373986;0.0037374;0.00785182;0.0037381;0.0100765;0.00373824;1;0.460641;1;0.434754;0.788562;0.766353;
12;-0.0102709;0.0104256;-0.0102682;0.010766;-0.0102247;0.010303;0.0152601;0.0292048;0.0211732;0.0369826;0.0325139;0.038085;0.00394119;0.0021836;0.0074381;0.0021847;0.0110616;0.00218486;0.854587;0.442945;1;0.426884;0.815737;0.740625;
13;-0.0214562;0.0215466;-0.0214547;0.0217455;-0.0214292;0.021475;0.0155357;0.0293753;0.0200296;0.0378193;0.032037;0.0378891;0.00388399;0.0012761;0.00599419;0.00127745;0.0108944;0.00127764;0.857867;0.429088;1;0.418027;0.825156;0.730048;
14;-0.0380268;0.0380797;-0.038026;0.0381959;-0.0380111;0.0380378;0.0168584;0.0283578;0.0214718;0.0352798;0.0325025;0.0362314;0.00227099;0.00074647;0.0042813;0.0007478;0.00961899;0.000748003;0.835768;0.467533;1;0.43056;0.786042;1;
15;-0.060289;0.06032;-0.0602885;0.0603879;-0.0602799;0.0602955;0.0227176;0.0263332;0.0282435;0.0260559;0.0322466;0.0280658;0.00287464;0.00567184;0.00296081;0.00156552;0.00562061;0.00279202;0.701648;0.484192;1;0.50166;0.670155;0.707233;
16;-0.0867252;0.0867432;-0.0867239;0.0867831;-0.0867198;0.0867289;0.0421414;0.0272289;0.0525448;0.00983778;0.0366144;0.0143141;0.00167982;0.0128333;0.00424674;0.00927239;0.00328332;0.0124399;0.703553;1;1;0.822131;0.415443;1;
17;-0.113113;0.113124;-0.113112;0.113147;-0.11311;0.113115;0.0574876;0.0122704;0.063564;-0.0271276;0.0542596;-0.0242365;0.00098077;0.0255381;0.00248031;0.0054179;0.00191708;0.0100165;0;1;0.423495;0.729661;0;1;
18;-0.132797;0.132804;-0.132797;0.132817;-0.132796;0.132799;0.0951374;-0.0543844;0.098686;-0.0774043;0.0932524;-0.0757104;0.000572401;0.0270779;0.00144812;0.00316603;0.00111918;0.0126099;0;1;0;0.708399;0;1;
19;-0.13831;0.138314;-0.13831;0.138322;-0.138309;0.138311;0.143343;-0.119531;0.145416;-0.132985;0.142242;-0.131991;0.000333882;0.0158182;0.000845307;0.00185024;0.000653191;0.00736694;0;1;0;0.707085;0;1;
20;-0.123566;0.123568;-0.123565;0.123573;-0.123565;0.123566;0.185836;-0.171919;0.187046;-0.179785;0.185193;-0.1792;0.000194542;0.00924024;0.000493221;0.0010812;0.000381016;0.00430365;0;1;0;0.614998;0;1;
21;-0.0843845;0.0843864;-0.0843844;0.0843887;-0.0843845;0.0843848;0.21485;-0.190522;0.215556;-0.211314;0.214474;-0.210969;0.000113153;0.00539709;0.000287589;0.000631591;0.000222028;0.0025137;0;1;0;0.46956;0;1;
22;-0.0173039;0.0173056;-0.0173039;0.0173065;-0.0173046;0.0173042;0.23049;-0.184935;0.230903;-0.228423;0.230271;-0.216831;6.55384e-05;0.00315283;0.000167432;0.000368784;0.000129165;0.00146801;0;1;0;0.594343;0;0.902925;
23;0.0725465;-0.0725443;0.0725465;-0.0725448;0.0725448;-0.0725463;0.228313;-0.161075;0.228411;-0.206488;0.228395;-0.20681;3.7726e-05;0.00184275;9.72432e-05;0.000215442;7.49294e-05;0.000857541;0;1;0;0.641679;0;1;
24;0.15962;-0.159617;0.15962;-0.159619;0.159617;-0.15962;0.189961;-0.126101;0.185481;-0.167793;0.193333;-0.179249;2.16751e-05;0.0112555;5.64031e-05;0.000126689;4.32176e-05;0.000501581;0;1;0;0.712536;0;1;
25;0.222491;-0.222489;0.222491;-0.22249;0.222489;-0.222491;0.160607;-0.0685029;0.163175;-0.112074;0.157352;-0.14181;1.20621e-05;0.0213979;3.23609e-05;0.00791807;2.476e-05;0.000294054;0;1;0;0.473232;0;1;
26;0.261128;-0.261127;0.261128;-0.261127;0.261126;-0.261128;0.148129;-0.0134299;0.149629;-0.0698531;0.146228;-0.100954;6.63935e-06;0.0370271;1.8509e-05;0.0132298;1.39829e-05;0.0106452;0;1;0;0.719785;0;1;
27;0.282492;-0.282492;0.282492;-0.282492;0.282492;-0.282493;0.116971;0.0445418;0.117844;0.0236508;0.115858;-0.0219071;0.0189763;0.0552685;1.04211e-05;0.0521627;7.70459e-06;0.022201;0.673339;1;0;1;0;1;
28;0.292154;-0.292154;0.292154;-0.292154;0.292154;-0.292155;0.0663923;0.0576413;0.0669034;0.0608339;0.0657431;0.0562098;0.0110844;0.0322819;0.019518;0.0304671;0.0231959;0.0410248;0.653657;0.892662;0.864631;0.739049;0.643833;0.887768;
29;0.29273;-0.292904;0.295815;-0.29273;0.297864;-0.292817;-0.00550747;0.0779427;-0.00519722;0.0798073;-0.0058711;0.0771072;0.00647483;0.018852;0.0199955;0.0177922;0.0254928;0.0239581;0.549376;0;1;0;1;0;
30;0.283765;-0.283867;0.285567;-0.283765;0.286764;-0.283816;-0.0882865;0.13059;-0.0880959;0.131678;-0.0884859;0.130102;0.00378244;0.0110091;0.0162196;0.0103902;0.0254886;0.0139911;0.552872;0;1;0;1;0;
31;0.263376;-0.263435;0.264428;-0.263376;0.265127;-0.263405;-0.157916;0.182622;-0.157798;0.183258;-0.158022;0.182337;0.00220969;0.00642883;0.00947462;0.00606741;0.0148885;0.00817031;0.664144;0;1;0;1;0;
32;0.23181;-0.231845;0.232425;-0.23181;0.232833;-0.231828;-0.204283;0.218712;-0.204209;0.219083;-0.204336;0.218545;0.00129075;0.00375393;0.00553381;0.00354287;0.00869572;0.00477095;0.705631;0;1;0;1;0;
33;0.18955;-0.18957;0.189909;-0.18955;0.190147;-0.18956;-0.231599;0.240027;-0.231552;0.240244;-0.205185;0.239929;0.000753765;0.00219175;0.00323145;0.00206852;0.00507797;0.00278571;0.749008;0;1;0;1;0;
34;0.133932;-0.133943;0.134142;-0.133932;0.134281;-0.133938;-0.245974;0.250896;-0.22969;0.251023;-0.202466;0.25084;0.000439982;0.00127942;0.00188675;0.00120747;0.00296528;0.0016263;1;0;1;0;1;0;
35;0.0591851;-0.0591904;0.0593076;-0.059185;0.0593876;-0.0591885;-0.237009;0.249687;-0.224358;0.248479;-0.192724;0.24907;0.000256813;0.000746612;0.00110158;0.000704619;0.00173172;0.00094921;0.8493;0;1;0;1;0;
36;-0.0359162;0.0359149;-0.0358447;0.0359163;-0.0357997;0.0359143;-0.216745;0.225864;-0.213283;0.235401;-0.173756;0.235546;0.000150181;0.000435445;0.000643332;0.000410969;0.00101199;0.000553802;0.947677;0;1;0;1;0;
37;-0.132205;0.132206;-0.132163;0.132205;-0.132139;0.132204;-0.181464;0.201414;-0.191153;0.199468;-0.143688;0.199691;8.84992e-05;0.000253734;0.00037607;0.000239577;0.00567798;0.000322976;1;0;1;0;1;0;
38;-0.205018;0.20502;-0.204994;0.205018;-0.204981;0.205017;-0.131866;0.167105;-0.15191;0.162838;-0.0851675;0.159568;0.00973413;0.000147641;0.000220577;0.000139406;0.0164448;-4.52202e-05;1;0;1;0;1;0;
39;-0.250952;0.250954;-0.250939;0.250953;-0.250931;0.250953;-0.0855318;0.15754;-0.10618;0.154791;-0.0428449;0.120482;0.0134082;8.58337e-05;0.014849;8.09317e-05;0.0207478;-2.65961e-05;1;0;1;0;1;0;
40;-0.277081;0.277082;-0.277073;0.277082;-0.27707;0.277082;-0.00206708;0.129727;-0.041605;0.128124;0.052973;0.107677;0.0291331;4.96627e-05;0.00867408;0.0219604;0.0512256;-0.0015483;1;0;1;0.512463;1;0;
41;-0.28995;0.289951;-0.289945;0.28995;-0.289944;0.28995;0.0544283;0.0838132;0.0388689;0.08288;0.0628348;0.0709377;0.026914;0.00244984;0.0406163;0.0128268;0.0299255;0.00977041;1;0.184653;1;0.415273;1;0.509715;
42;-0.293161;0.293161;-0.293158;0.293161;-0.293157;0.29316;0.0651783;0.0170278;0.0546331;0.0164753;0.0678781;0.00950622;0.0157178;0.026143;0.0237213;0.007494;0.0174762;0.0179563;0;1;0.603641;0.425273;0;1;
43;-0.287142;0.287143;-0.28714;0.287142;-0.28714;0.287141;0.113361;-0.0653377;0.107202;-0.0656746;0.114938;-0.0697338;0.00917876;0.029036;0.0138527;0.00437775;0.0102056;0.0202316;0;1;0;0.516486;0;1;
44;-0.270064;0.270065;-0.270063;0.270064;-0.270063;0.270063;0.168797;-0.14074;0.165201;-0.140947;0.169718;-0.143311;0.00535996;0.0169608;0.00808956;0.00255754;0.00595959;0.0118183;0;1;0;0.440177;0;1;
45;-0.241492;0.241493;-0.241492;0.241493;-0.241492;0.241492;0.209912;-0.193517;0.207811;-0.193647;0.210449;-0.195021;0.00312975;0.00990633;0.00472382;0.00149406;0.00347989;0.00690312;0;1;0;0.464907;0;1;
46;-0.202303;0.202303;-0.202302;0.202303;-0.202302;0.202302;0.23507;-0.20987;0.233843;-0.22557;0.235384;-0.226368;0.00182729;0.00578488;0.00275821;0.000872611;0.00203171;0.00403154;0;1;0;0.490167;0;0.951435;
47;-0.150865;0.150865;-0.150864;0.150865;-0.150864;0.150864;0.248563;-0.204902;0.247847;-0.243014;0.248746;-0.22794;0.0010666;0.00337791;0.00161025;0.000509486;0.00118595;0.00235427;0;1;0;0.514028;0;1;
48;-0.081984;0.0819844;-0.0819839;0.0819842;-0.0819836;0.0819835;0.251265;-0.197008;0.251529;-0.241197;0.251373;-0.225603;0.000622363;0.00197241;0.000939833;0.000297323;0.000692034;0.0013749;0;1;0;0.722265;0;1;
49;0.0083556;-0.00835556;0.00835564;-0.0083554;0.00835619;-0.00835604;0.240197;-0.180883;0.239267;-0.226052;0.233159;-0.214631;0.000362914;0.00115218;0.000548331;0.000173656;0.000403565;0.000803146;0;1;0;0.543681;0;1;
50;0.107334;-0.107334;0.107334;-0.107334;0.107335;-0.107335;0.206225;-0.150266;0.215443;-0.197598;0.21065;-0.197638;0.000211422;0.000673938;0.000319706;0.00010184;0.000235127;0.00046958;0;1;0;0.554898;0;1;
51;0.187852;-0.187852;0.187852;-0.187851;0.187853;-0.187852;0.185019;-0.101141;0.198431;-0.147738;0.175953;-0.164882;0.000122976;0.0197942;0.000186293;0.00293383;0.000136795;0.000275148;0;1;0;0.738069;0;1;
52;0.240616;-0.240617;0.240616;-0.240616;0.240617;-0.240616;0.173292;-0.0465197;0.181124;-0.100082;0.135537;-0.124482;7.13948e-05;0.0203892;0.000108285;0.0101353;7.93749e-05;0.00883456;0;1;0;0.767256;0;0.958995;
53;0.271439;-0.27144;0.271439;-0.271439;0.27144;-0.271439;0.145624;0.026727;0.150198;-0.0227256;0.123575;-0.0717292;4.13099e-05;0.0608785;6.28358e-05;0.0372435;4.5905e-05;0.00516117;0;1;0;0.915883;0;0.897229;
54;0.287466;-0.287467;0.287466;-0.287466;0.287467;-0.287466;0.102243;0.0617296;0.104909;0.0389692;0.0893615;0.0218323;0.0100097;0.0355644;3.62803e-05;0.0454628;2.63588e-05;0.020587;0.705897;1;0;0.781564;0;1;
55;0.293158;-0.293159;0.293158;-0.293158;0.293158;-0.293158;0.0397499;0.0655125;0.0413139;0.0606024;0.0393644;0.068352;0.0058482;0.0207702;0.0235287;0.0265503;0.0292223;0.0120242;0.675546;0.109512;1;0.0570829;1;0.777565;
56;0.289813;-0.289813;0.289813;-0.289813;0.289814;-0.289813;-0.0409285;0.102402;-0.0400036;0.0995346;-0.0411382;0.10406;0.00341674;0.0121293;0.0197341;0.0155048;0.0317242;0.00702162;0.571267;0;1;0;1;0;
57;0.275955;-0.275955;0.275955;-0.275955;0.275956;-0.275955;-0.121246;0.157148;-0.120698;0.155473;-0.121357;0.158116;0.00199643;0.00708305;0.0115285;0.00905437;0.0185318;0.0041002;0.736384;0;1;0;1;0;
58;0.250436;-0.250436;0.250436;-0.250436;0.250437;-0.250436;-0.180893;0.20186;-0.180567;0.200882;-0.180948;0.202426;0.00116641;0.00413601;0.00673417;0.00528727;0.0108245;0.00239405;0.829951;0;1;0;1;0;
59;0.214179;-0.214179;0.214179;-0.214179;0.214179;-0.214179;-0.218148;0.230393;-0.217953;0.229822;-0.213048;0.230724;0.000681252;0.0024149;0.00393294;0.00308726;0.00632156;0.00139763;0.998249;0;1;0;1;0;
60;0.166496;-0.166496;0.166496;-0.166496;0.166497;-0.166496;-0.239147;0.246299;-0.230437;0.245966;-0.207463;0.246492;0.000397609;0.00140977;0.0022963;0.0018024;0.00369146;0.000815675;0.945564;0;1;0;1;0;
61;0.103062;-0.103062;0.103062;-0.103062;0.103063;-0.103062;-0.245639;0.253424;-0.226529;0.253229;-0.200076;0.253537;0.000231774;0.000822746;0.00134061;0.00105205;0.00215558;0.000475794;0.92738;0;1;0;1;0;
62;0.0184139;-0.0184142;0.018414;-0.0184139;0.0184145;-0.0184139;-0.231136;0.238033;-0.220325;0.243201;-0.18382;0.244059;0.000135087;0.000479919;0.000782665;0.000613844;0.00125932;0.000277325;1;0;1;0;1;0;
63;-0.0808908;0.0808903;-0.0808907;0.0808908;-0.0808903;0.0808908;-0.201561;0.215945;-0.206512;0.224769;-0.15675;0.224485;7.91837e-05;0.000279737;0.000457174;0.000357931;0.000736955;0.000161403;1;0;1;0;1;0;
64;-0.168493;0.168493;-0.168493;0.168493;-0.168493;0.168493;-0.158944;0.18343;-0.177729;0.206751;-0.117553;0.19469;4.73598e-05;0.000162874;0.000267632;0.000208625;0.0152809;9.39468e-05;1;0;1;0;1;0;
65;-0.228615;0.228615;-0.228615;0.228615;-0.228616;0.228615;-0.107461;0.145562;-0.138111;0.191011;-0.057439;0.183967;0.00618823;9.46127e-05;0.000157404;0.000121304;0.0314766;5.42575e-05;1;0;1;0;1;0;
66;-0.264692;0.264691;-0.264691;0.264691;-0.264692;0.264691;-0.0537979;0.135649;-0.0913494;0.162191;0.00391796;0.158078;0.0186691;5.47835e-05;0.0120301;7.04263e-05;0.0518476;3.13061e-05;0.966153;0;1;0;1;0;
67;-0.284217;0.284216;-0.284216;0.284216;-0.284218;0.284216;0.0430532;0.104774;0.00185916;0.120278;0.0464716;0.117872;0.0438061;3.15212e-05;0.0346213;0.0115078;0.045919;1.7867e-05;1;0;1;0.430063;1;0;
68;-0.292489;0.292489;-0.292489;0.292489;-0.292489;0.292489;0.061097;0.0525401;0.0707312;0.0615918;0.0633209;0.0601904;0.0255861;0.0263543;0.0202222;0.0067229;0.0268202;0.0282222;0.919326;0.853138;1;0.44642;0.628479;1;
69;-0.291686;0.291686;-0.291686;0.291686;-0.291713;0.291686;0.0877791;-0.0213992;0.0934054;-0.0161283;0.0890777;-0.0169353;0.0149418;0.0343552;0.0118093;0.00392768;0.0156624;0.0187609;0;1;0;0.382768;0;1;
70;-0.280941;0.280941;-0.280941;0.280941;-0.280957;0.280941;0.141648;-0.102869;0.144934;-0.0998029;0.142406;-0.100265;0.00872553;0.0200693;0.00689618;0.00229488;0.0091464;0.0159346;0;1;0;0.430116;0;1;
71;-0.258577;0.258577;-0.258577;0.258577;-0.258586;0.258577;0.190827;-0.168169;0.192746;-0.166389;0.19127;-0.166652;0.00509523;0.0117233;0.0040269;0.00134092;0.00534102;0.00930796;0;1;0;0.439243;0;1;
72;-0.225211;0.225211;-0.225211;0.225211;-0.225217;0.225211;0.223765;-0.210035;0.224886;-0.209492;0.224024;-0.209642;0.0029751;0.00684713;0.00235121;0.000783433;0.00311864;0.00543639;0;1;0;0.479248;0;1;
73;-0.180948;0.180948;-0.180948;0.180948;-0.180951;0.180948;0.242799;-0.203433;0.243453;-0.234462;0.24295;-0.232757;0.00173692;0.0039987;0.00137258;0.000457572;0.00182075;0.00317457;0;1;0;0.715827;0;1;
74;-0.12247;0.122472;-0.12247;0.12247;-0.122472;0.12247;0.25211;-0.202162;0.252492;-0.247241;0.252198;-0.225727;0.00101393;0.00233416;0.000801057;0.000267082;0.00106272;0.00185384;0;1;0;0.479226;0;1;
75;-0.0438949;0.0438954;-0.0438949;0.0438948;-0.0438957;0.0438948;0.246873;-0.190848;0.245255;-0.231715;0.247164;-0.220662;0.000591529;0.00136361;0.000467235;0.000155968;0.00062006;0.00108253;0;1;0;0.688518;0;1;
76;0.05345;-0.05345;0.0534499;-0.05345;0.0534499;-0.0534499;0.230966;-0.169499;0.233005;-0.213172;0.222715;-0.211615;0.000344936;0.000796853;0.000272347;9.1e-05;0.000361552;0.000632211;0;1;0;0.640648;0;1;
77;0.146925;-0.146925;0.146925;-0.146925;0.146925;-0.146925;0.190558;-0.138748;0.196672;-0.17544;0.194956;-0.185658;0.000201009;0.00597012;0.000158703;5.3721e-05;0.000210614;0.000369735;0;1;0;0.746875;0;1;
78;0.214778;-0.214779;0.214778;-0.214778;0.214778;-0.214778;0.169219;-0.073829;0.154833;-0.122629;0.16198;-0.150642;0.000116877;0.0255936;9.20783e-05;0.00856276;0.000122477;0.00373899;0;1;0;0.764443;0;1;
79;0.256704;-0.256705;0.256704;-0.256704;0.256704;-0.256704;0.15528;-0.0173773;0.145629;-0.0742288;0.151053;-0.103579;6.78394e-05;0.0291661;5.34031e-05;0.026145;7.10523e-05;0.00443086;0;1;0;0.971273;0;1;
80;0.280131;-0.280132;0.280131;-0.280132;0.280131;-0.280131;0.123899;0.0423363;0.11826;0.00203389;0.121427;-0.0290094;0.0306866;0.0611042;3.07673e-05;0.0396099;4.10462e-05;0.0139545;0.916614;1;0;0.871851;0;0.981777;
81;0.29115;-0.291151;0.29115;-0.29115;0.29115;-0.29115;0.0742151;0.0545889;0.0709209;0.0595393;0.072769;0.0558878;0.0179237;0.0356904;0.0219284;0.0231371;0.0159246;0.0517777;0.730557;0.842361;1;0.915823;0.464813;1;
82;0.292813;-0.292814;0.292813;-0.292813;0.292813;-0.292813;0.0036366;0.0715871;0.00172081;0.0744783;0.00280332;0.0723475;0.0104698;0.0208427;0.0332438;0.0135117;0.0263387;0.0302385;0.650211;0;1;0;1;0.488467;
83;0.285021;-0.285022;0.285022;-0.285021;0.285022;-0.285021;-0.0795297;0.123461;-0.0806382;0.125149;-0.0800028;0.123905;0.00611552;0.0121716;0.0194201;0.00789041;0.0286354;0.0176588;0.660238;0;1;0;1;0;
84;0.265889;-0.26589;0.26589;-0.265889;0.26589;-0.265889;-0.15157;0.177227;-0.15221;0.178213;-0.151836;0.177486;0.00357225;0.00710776;0.0113442;0.00460754;0.0167266;0.0103122;0.658116;0;1;0;0.909656;0;
85;0.23544;-0.235441;0.235441;-0.23544;0.235441;-0.23544;-0.200359;0.215343;-0.200727;0.215919;-0.200505;0.215494;0.0020865;0.00415042;0.00662599;0.00269031;0.00976918;0.00602184;0.506572;0;1;0;1;0;
86;0.194343;-0.194344;0.194343;-0.194343;0.194344;-0.194343;-0.229391;0.238142;-0.228995;0.238478;-0.209494;0.238231;0.00121846;0.00242329;0.00462824;0.00157065;0.00570462;0.00351626;0.746938;0;1;0;1;0;
87;0.140326;-0.140327;0.140326;-0.140326;0.140327;-0.140326;-0.244902;0.250014;-0.227028;0.250211;-0.203192;0.250066;0.000711342;0.00141463;0.00270285;0.000916718;0.00333097;0.00205293;0.813214;0;1;0;1;0;
88;0.0677845;-0.0677855;0.0677847;-0.0677846;0.0677862;-0.0677846;-0.240169;0.251371;-0.224018;0.249734;-0.195985;0.250499;0.000414911;0.000825585;0.0015785;0.000534826;0.00194489;0.00119836;0.823665;0;1;0;1;0;
89;-0.025707;0.0257053;-0.0257067;0.0257068;-0.0257044;0.0257068;-0.224424;0.228221;-0.211604;0.237829;-0.17951;0.236677;0.000242006;0.000481571;0.000922096;0.000311776;0.00113604;0.000699295;0.936328;0;1;0;1;0;
90;-0.123252;0.12325;-0.123252;0.123252;-0.123249;0.123252;-0.190682;0.205379;-0.195165;0.20487;-0.148069;0.203368;0.000141512;0.000280685;0.000539005;0.00018157;0.000664429;0.000407863;0.910163;0;1;0;1;0;
91;-0.198943;0.198941;-0.198943;0.198943;-0.19894;0.198943;-0.138385;0.172117;-0.15588;0.169413;-0.100693;0.162473;0.00396196;0.000163367;0.0041095;0.000105541;0.0128437;0.000237676;1;0;1;0;1;0;
92;-0.247328;0.247326;-0.247327;0.247327;-0.247325;0.247327;-0.0936211;0.16245;-0.113169;0.160246;-0.0328627;0.136201;0.00963764;9.49848e-05;0.0024015;6.12183e-05;0.0332956;0.000138576;1;0;0.951476;0;1;0;
93;-0.275124;0.275123;-0.275124;0.275124;-0.275123;0.275124;-0.0184315;0.135125;-0.0555563;0.133838;0.0352648;0.119795;0.0345692;5.50066e-05;0.00527421;0.0147067;0.0640834;8.0373e-05;1;0;1;0.274035;1;0;
94;-0.289121;0.28912;-0.289121;0.289121;-0.28912;0.289121;0.0433267;0.0904297;0.0428294;0.0896833;0.0548528;0.0814789;0.0361441;3.16719e-05;0.0495941;0.00859098;0.037434;0.011728;0.853645;0;1;0.463338;1;0.683369;
95;-0.293239;0.293238;-0.293238;0.293238;-0.293238;0.293239;0.0560977;0.026551;0.0775446;0.0249213;0.0549996;0.020138;0.0211085;0.0288631;0.0289636;0.00501946;0.0218612;0.0229248;0.412365;1;0.49358;0.337363;0;1;
96;-0.288223;0.288223;-0.288223;0.288223;-0.288223;0.288224;0.104083;-0.055801;0.116608;-0.0567674;0.103442;-0.05955;0.0123269;0.0322908;0.0169142;0.00293255;0.0127665;0.0167982;0;1;0;0.564545;0;1;
97;-0.27234;0.27234;-0.27234;0.27234;-0.27234;0.272341;0.161631;-0.133423;0.168946;-0.133998;0.161257;-0.135616;0.00719843;0.0188622;0.00987739;0.00171348;0.00745519;0.00981278;0;1;0;0.435301;0;1;
98;-0.244882;0.244882;-0.244882;0.244882;-0.244882;0.244883;0.205337;-0.188854;0.209609;-0.189199;0.205118;-0.190138;0.00420341;0.0110167;0.00576788;0.001001;0.00435334;0.00573135;0;1;0;0.460188;0;1;
