1;-0.000363587;0.000116064;9.94837e-05;-0.000363587;0.000116064;9.94835e-05;0.0349768;0.0347454;0.0352593;0.034977;0.0347457;0.0352596;0.808667;0.808665;0.808666;0.808667;0.808665;0.808666;0;0;0;0;0;0;
2;0.00100667;-0.00728436;0.00167721;-0.00164743;0.00567627;0.000864461;0.173928;0.167637;0.195411;0.125496;0.13432;0.128918;0.472423;0.472447;0.472434;0.472342;0.472355;0.472346;1;1;1;1;1;1;
3;0.00545487;-0.0115471;-0.00774473;-0.00468307;0.0172929;0.00366496;0.101665;0.0978246;0.114255;0.0884931;0.0945283;0.0907857;0.275912;0.275928;0.27592;0.275862;0.275871;0.275867;0.87003;0.760977;0.873079;0.522771;0.594413;1;
4;0.0038205;-0.00737821;-0.003888;-0.00336969;0.0107338;0.0015055;0.0593498;0.0571632;0.0667025;0.0517121;0.0551826;0.0543331;0.161138;0.161148;0.161143;0.161109;0.161114;0.161113;1;1;1;0.604549;0.669362;1;
5;0.00310733;-0.00518497;-0.0013944;-0.00284403;0.0071446;4.46505e-06;0.0344094;0.0336443;0.0387036;0.0312394;0.032013;0.0335914;0.0941073;0.094114;0.0941106;0.0940906;0.0940942;0.0940937;1;1;1;1;0.983433;1;
6;0.00292211;-0.00413539;0.00029312;-0.00276829;0.00527983;-0.00110568;0.0283399;0.0315691;0.0317664;0.0304764;0.0316208;0.0348544;0.054961;0.0549649;0.0549633;0.0549514;0.0549538;0.0549534;1;1;1;0.682385;1;1;
7;0.00324025;-0.00365835;0.0014145;-0.00285996;0.00432672;-0.00188901;0.0258026;0.0301623;0.0289274;0.0294655;0.0291221;0.033539;0.0320997;0.0321018;0.0321013;0.0320939;0.0320959;0.0320955;1;1;1;0.791505;1;1;
8;0.00302591;-0.00327004;0.00195967;-0.00246108;0.00366039;-0.00223675;0.0239244;0.0303649;0.0274088;0.0307381;0.0287607;0.0352924;0.0187487;0.0187496;0.01875;0.018745;0.0187469;0.0187463;1;0.984831;1;0.781455;1;1;
9;0.00230554;-0.00244807;0.00168285;-0.00197563;0.00267606;-0.00184464;0.0217278;0.0307115;0.0249879;0.0322797;0.0276066;0.0366225;0.0109518;0.0109518;0.0109528;0.0109492;0.0109512;0.0109503;1;0.948193;1;0.758508;1;1;
10;0.000451193;-0.000534389;8.75794e-05;-0.000258479;0.000667575;-0.000181993;0.0190883;0.0313137;0.0223361;0.0343778;0.0264655;0.0387207;0.00639854;0.00639762;0.00639941;0.00639626;0.00639872;0.00639728;1;0.927238;1;0.732877;1;1;
11;-0.00338252;0.00333397;-0.00359492;0.00349512;-0.00325616;0.00353978;0.0166787;0.0323719;0.0198072;0.0369125;0.0251464;0.0411507;0.00373954;0.00373776;0.00374031;0.00373726;0.00591852;0.00373821;1;0.921808;1;0.710357;1;1;
12;-0.0102751;0.0102468;-0.0103992;0.0103409;-0.0102012;0.010367;0.0144864;0.0331265;0.0169912;0.039353;0.0242107;0.0432005;0.00303691;0.00218422;0.00420081;0.00218428;0.00612621;0.00218522;1;0.94099;1;0.684727;1;1;
13;-0.0214587;0.0214421;-0.0215311;0.0214971;-0.0214154;0.0215123;0.0141413;0.0338874;0.0163838;0.0398307;0.0236246;0.0436112;0.00327921;0.00127692;0.00485703;0.00127736;0.00624018;0.00127822;1;0.985934;1;0.538456;1;1;
14;-0.0380283;0.0380186;-0.0380706;0.0380507;-0.038003;0.0380596;0.0170108;0.0331941;0.0193546;0.0370898;0.0244205;0.0407724;0.00336287;0.000747417;0.00409745;0.000747842;0.00614451;0.000748665;1;0.995576;1;0.771745;1;1;
15;-0.0602898;0.0602842;-0.0603146;0.060303;-0.0602751;0.0603082;0.0246263;0.0285383;0.0276984;0.0269853;0.0271799;0.0314617;0.00357451;0.00425596;0.00474927;0.00180383;0.00359098;0.00221266;1;0.972048;1;1;1;1;
16;-0.0867256;0.0867222;-0.08674;0.0867333;-0.0867169;0.0867363;0.0437625;0.0205767;0.0480843;0.0117891;0.036366;0.0138111;0.00208905;0.0121548;0.00277561;0.00526804;0.00209795;0.00716087;1;1;1;1;0.573986;1;
17;-0.113113;0.113111;-0.113122;0.113118;-0.113108;0.113119;0.0584354;0.00174883;0.0609608;-0.0259874;0.0541146;-0.0248036;0.00122031;0.0189923;0.00162199;0.00690101;0.00122484;0.0133501;0.510898;1;1;1;0;1;
18;-0.132797;0.132797;-0.132802;0.1328;-0.132795;0.1328;0.0956909;-0.0282743;0.0971659;-0.0767381;0.0931677;-0.0738721;0.000712225;0.0451382;0.000946871;0.00403249;0.000714979;0.0238869;0;1;0;0.981183;0;1;
19;-0.13831;0.160562;-0.138313;0.138311;-0.138309;0.13831;0.143666;-0.104278;0.144528;-0.132595;0.142193;-0.130913;0.000415523;0.0450385;0.000552573;0.00235662;0.000417131;0.0296473;0;1;0;0.637517;0;1;
20;-0.123566;0.136563;-0.123567;0.123566;-0.123565;0.123565;0.186025;-0.158686;0.186528;-0.179557;0.185164;-0.178568;0.000242255;0.0263106;0.000322262;0.00137712;0.000243162;0.0173191;0;1;0;0.833506;0;1;
21;-0.0843847;0.0919762;-0.0843857;0.0843849;-0.0843842;0.0843832;0.21496;-0.180109;0.215253;-0.211181;0.214457;-0.210598;0.000141013;0.0153696;0.00018773;0.000804637;0.000141515;0.0101174;0;1;0;0.917118;0;1;
22;-0.0173043;0.0217385;-0.0173049;0.0173044;-0.017304;0.0173032;0.230555;-0.186281;0.230726;-0.228346;0.230261;-0.216109;8.18763e-05;0.00897664;0.000109148;0.000469876;8.21178e-05;0.00590936;0;1;0;0.987606;0;1;
23;0.0725457;-0.0699556;0.0725453;-0.0725457;0.0725461;-0.0725462;0.228896;-0.168363;0.228824;-0.210733;0.228743;-0.209175;4.735e-05;0.0052415;6.32295e-05;0.000274124;4.7414e-05;0.0034512;0;1;0;1;0;1;
24;0.159619;-0.158107;0.159619;-0.159619;0.159619;-0.159619;0.208377;-0.131348;0.206481;-0.173939;0.193923;-0.180003;2.72325e-05;0.0134213;3.65487e-05;-0.00098924;2.71582e-05;0.00201602;0;1;0;1;0;1;
25;0.22249;-0.221608;0.22249;-0.222491;0.222491;-0.222491;0.194936;-0.0792795;0.193828;-0.129651;0.185256;-0.147846;1.53563e-05;0.0175288;2.07801e-05;0.00490399;1.53513e-05;0.00117826;0;1;0;1;0;1;
26;0.261128;-0.260613;0.261128;-0.261129;0.261128;-0.261128;0.168177;-0.0232632;0.16753;-0.0675195;0.162524;-0.102746;8.5359e-06;0.021433;1.17016e-05;0.0195605;8.47468e-06;0.00303497;0;1;0;1;0;1;
27;0.282492;-0.282194;0.282493;-0.282495;0.282493;-0.282492;0.128678;0.0216959;0.128298;0.00882997;0.125374;-0.0282374;0.00814018;0.022261;6.44156e-06;0.033441;4.50907e-06;0.00638856;1;1;0;1;0;1;
28;0.292154;-0.29198;0.292154;-0.292156;0.292155;-0.293979;0.073231;0.0577395;0.0730077;0.0547873;0.0712995;0.0603017;0.0112127;0.0218357;0.0187516;0.0195338;0.0108445;0.0228003;1;1;1;1;0.870229;1;
29;0.29273;-0.292933;0.29273;-0.292731;0.292731;-0.294094;-0.00151038;0.0780007;-0.00163517;0.0762769;-0.00106544;0.0794998;0.00655127;0.0127519;0.0171175;0.0114077;0.0432955;0.0133166;0.972008;0;1;0;1;0.655108;
30;0.283765;-0.283884;0.283399;-0.283766;0.283767;-0.284562;-0.0859526;0.130623;-0.0860128;0.129617;-0.0856743;0.131499;0.00382738;0.00744668;0.0312922;0.00666162;0.0456596;0.00777634;0.592712;0;1;0;1;0;
31;0.263375;-0.263445;0.263162;-0.263376;0.263377;-0.263841;-0.156553;0.182642;-0.156581;0.182054;-0.156379;0.183153;0.00223654;0.00434841;0.0182779;0.00388995;0.0266707;0.00454094;1;0;1;0;1;0;
32;0.23181;-0.231851;0.231685;-0.23181;0.231811;-0.232082;-0.203486;0.218723;-0.203497;0.21838;-0.203377;0.219022;0.00130693;0.00253894;0.0106759;0.00227127;0.0155756;0.00265145;1;0;1;0;1;0;
33;0.189549;-0.189573;0.189477;-0.18955;0.18955;-0.189708;-0.231134;0.240033;-0.231136;0.239833;-0.225956;0.240208;0.00076347;0.00148216;0.0062349;0.00132595;0.0090933;0.00154797;1;0;1;0;1;0;
34;0.133932;-0.133945;0.133889;-0.133932;0.133932;-0.134024;-0.245702;0.2509;-0.229636;0.250783;-0.217064;0.251002;0.000445672;0.000864988;0.00364094;0.000773853;-0.00754514;0.00090351;1;0;1;0;1;0;
35;0.0591841;-0.0591919;0.0591594;-0.0591841;0.059185;-0.0592382;-0.239618;0.249967;-0.224582;0.249276;-0.200338;0.249615;0.000259766;0.000504559;0.00212619;0.000451441;-0.00623152;0.000527133;1;0;1;0;1;0;
36;-0.0359177;0.0359138;-0.0359321;0.0359177;-0.0359172;0.0358861;-0.219121;0.225654;-0.213411;0.235045;-0.173359;0.236238;0.000151352;0.000294086;0.00124177;0.000263129;-0.00750318;0.000307319;1;0;1;0;1;0;
37;-0.132207;0.132205;-0.132215;0.132207;-0.132207;0.132189;-0.196239;0.201047;-0.190744;0.203303;-0.147793;0.214332;-0.000259975;0.00017124;0.000725645;0.000153344;-0.00423687;0.000179115;1;0;1;0;1;0;
38;-0.205022;0.205019;-0.205025;0.20502;-0.20502;0.205009;-0.140943;0.167248;-0.157751;0.175145;-0.107279;0.203133;-0.0105489;9.94812e-05;0.000424711;8.89954e-05;-0.00787985;0.000104007;1;0;1;0;1;0;
39;-0.250955;0.250954;-0.250957;0.250954;-0.250956;0.250948;-0.0908173;0.157623;-0.118002;0.162235;-0.0512669;0.17858;-0.00615862;5.75725e-05;0.000249013;5.15798e-05;0.0209413;6.03472e-05;1;0;1;0;1;0;
40;-0.277084;0.277083;-0.277084;0.277083;-0.277086;0.277079;-0.0077299;0.129776;-0.0502574;0.132471;0.0177161;0.142015;0.0360128;3.31676e-05;0.01292;3.06614e-05;0.0351738;3.48749e-05;1;0;1;0.348946;1;0;
41;-0.289952;0.289951;-0.289952;0.289951;-0.289953;0.289949;0.0394253;0.083842;0.0427109;0.0854208;0.0550459;0.0909916;0.0210369;1.96243e-05;0.0229481;0.00937506;0.0376027;0.013189;1;0.412036;1;0.808121;1;0.957665;
42;-0.293161;0.293161;-0.293162;0.293161;-0.293162;0.289523;0.0549576;0.0170402;0.0586837;0.0179598;0.0666048;0.0212162;0.0122867;0.0194475;0.013404;0.00612401;0.0219601;0.0331451;0.596695;1;1;0.952639;0.0659179;1;
43;-0.287143;0.28871;-0.287143;0.287142;-0.287143;0.258136;0.107392;-0.0597954;0.109569;-0.0648076;0.114194;-0.0628909;0.00717496;0.0520148;0.00782782;0.00555383;0.0128242;0.0371207;0;1;0;0.454285;0;1;
44;-0.270065;0.270982;-0.270065;0.270064;-0.270065;0.221942;0.165311;-0.137498;0.166583;-0.140441;0.169284;-0.13931;0.00418979;0.0420735;0.00457102;0.00324463;0.00748888;0.028427;0;1;0;0.656377;0;1;
45;-0.241493;0.242029;-0.241493;0.241492;-0.241493;0.213032;0.207876;-0.179985;0.208618;-0.19335;0.210196;-0.192682;0.00244639;0.0245778;0.00266902;0.00189548;0.00437299;0.0166059;0;1;0;0.783637;0;1;
46;-0.202303;0.202617;-0.202303;0.202303;-0.202303;0.18568;0.233881;-0.1907;0.234314;-0.225397;0.235235;-0.224546;0.00142817;0.0143576;0.00155817;0.0011071;0.0025533;0.00970003;0;1;0;0.810775;0;1;
47;-0.150865;0.151049;-0.150865;0.150864;-0.150865;0.141157;0.247869;-0.203918;0.248122;-0.242913;0.24866;-0.228489;0.000833522;0.00838617;0.000909424;0.00064636;0.00149058;0.0056647;0;1;0;0.759715;0;1;
48;-0.081984;0.0820918;-0.0819841;0.0819839;-0.081984;0.0763152;0.252487;-0.204178;0.252006;-0.242589;0.251224;-0.225858;0.000486269;0.00489603;0.000530574;0.000377004;0.000869942;0.00330745;0;1;0;0.731626;0;1;
49;0.0083556;-0.00829246;0.00835557;-0.0083557;0.00835586;-0.0116659;0.240055;-0.184091;0.24054;-0.225026;0.233579;-0.217236;0.000283451;-0.0031716;0.000309318;0.00021973;0.000507464;0.00193111;0;1;0;0.99935;0;1;
50;0.107334;-0.107297;0.107334;-0.107334;0.107335;-0.109267;0.210631;-0.151426;0.212608;-0.201048;0.210276;-0.202004;0.000165023;-0.00185253;0.000180127;0.000128109;0.00029581;0.00112783;0;1;0;1;0;1;
51;0.187852;-0.187831;0.187852;-0.187852;0.187852;-0.188981;0.173853;-0.109817;0.176787;-0.158757;0.174892;-0.16679;9.58874e-05;0.0107556;0.00010479;-0.00135307;0.000172195;0.000659343;0;1;0;1;0;1;
52;0.240616;-0.240605;0.240616;-0.240618;0.240617;-0.241276;0.156487;-0.0573737;0.168327;-0.104751;0.141958;-0.126266;5.56436e-05;0.0238963;6.06847e-05;0.00922019;0.000100279;0.0003861;0;1;0;1;0;1;
53;0.27144;-0.271434;0.27144;-0.271442;0.27144;-0.271824;0.13581;0.00684066;0.142724;-0.0397636;0.127325;-0.0802438;3.20466e-05;0.0293738;3.50473e-05;0.018354;5.8005e-05;0.00453889;0;1;0;1;0;1;
54;0.287466;-0.287464;0.287466;-0.28747;0.287467;-0.287691;0.0965117;0.0477186;0.100545;0.0295147;0.0915514;0.018901;0.00612204;0.0309779;0.00508555;0.0252142;3.34768e-05;0.0276177;1;1;0.1566;0.976282;0;1;
55;0.293158;-0.293157;0.293158;-0.29316;0.293159;-0.29329;0.0364037;0.0681154;0.0387642;0.0700293;0.0335135;0.0757094;0.00551489;0.0180926;0.0232374;0.0147266;0.028352;0.0161311;1;0.582925;1;0.361093;1;0.971732;
56;0.289813;-0.289812;0.274854;-0.289814;0.291314;-0.28989;-0.0428823;0.103922;-0.0414913;0.10504;-0.0433173;0.108357;0.00656642;0.0105656;0.0375074;0.00859977;0.0426101;0.00942018;0.722122;0;1;0;1;0;
57;0.275955;-0.275955;0.267218;-0.275956;0.276832;-0.276;-0.122387;0.158036;-0.121566;0.158688;-0.122627;0.160626;0.00383651;0.00616988;0.0219096;0.00502184;0.0321658;0.00550092;0.961811;0;1;0;1;0;
58;0.250436;-0.250436;0.245334;-0.250436;0.250948;-0.250462;-0.181558;0.202378;-0.181073;0.20276;-0.181689;0.203891;0.00224168;0.00360271;0.0127974;0.0029323;0.0187872;0.00321208;1;0;1;0;1;0;
59;0.214179;-0.214179;0.211199;-0.214179;0.214478;-0.214194;-0.218536;0.230696;-0.218248;0.230919;-0.218606;0.23158;0.00130967;0.00210343;0.00747438;0.00171198;0.0109704;0.00187537;1;0;1;0;1;0;
60;0.166496;-0.166496;0.164756;-0.166496;0.166671;-0.166505;-0.239374;0.246476;-0.234537;0.246606;-0.218017;0.246992;0.000764824;0.00122783;0.0043647;0.000999304;-0.00714656;0.00109473;1;0;1;0;1;0;
61;0.103062;-0.103062;0.102046;-0.103062;0.103164;-0.103067;-0.247822;0.253527;-0.228634;0.253603;-0.209883;0.253828;0.000446283;0.000716452;0.00254869;0.000583091;-0.00651124;0.000638801;1;0;1;0;1;0;
62;0.0184143;-0.018414;0.0178207;-0.0184141;0.0184745;-0.0184172;-0.23099;0.238417;-0.220534;0.243926;-0.18837;0.244911;0.000260119;0.000417825;0.00148829;0.000340019;-0.00595945;0.000372531;1;0;1;0;1;0;
63;-0.08089;0.0808908;-0.0812369;0.0808903;-0.080855;0.0808885;-0.206946;0.218082;-0.206376;0.22598;-0.158093;0.223769;0.000151677;0.00024346;0.000869316;0.000198066;-0.00348088;0.000217039;1;0;1;0;1;0;
64;-0.168492;0.168493;-0.168695;0.168493;-0.168473;0.168492;-0.169238;0.186055;-0.178505;0.217683;-0.125012;0.209522;-0.00524267;0.000141646;-0.00498033;0.00011518;0.0125695;0.000126345;1;0;1;0;1;0;
65;-0.228615;0.228615;-0.228733;0.228615;-0.228604;0.228614;-0.117926;0.148083;-0.14128;0.197396;-0.0687482;0.19263;-0.00230456;8.22063e-05;-0.00290773;6.68029e-05;0.020835;7.32795e-05;1;0;1;0;1;0;
66;-0.264693;0.264692;-0.26476;0.264691;-0.264686;0.264691;-0.057267;0.137121;-0.0941078;0.165919;-0.00565552;0.163136;0.0208545;4.7561e-05;-0.00169702;3.8574e-05;0.0283362;4.23622e-05;1;0;1;0;1;0;
67;-0.28422;0.284217;-0.284257;0.284216;-0.284216;0.284216;0.013315;0.105634;-0.012555;0.122456;0.0346813;0.120826;0.0273545;2.73599e-05;0.00840951;0.0125324;0.0293052;2.43705e-05;1;0;1;0.644725;1;0;
68;-0.292491;0.292489;-0.292513;0.292489;-0.292489;0.292489;0.0578461;0.0530432;0.0684808;0.0628648;0.0665527;0.0619147;0.0159776;0.0191896;0.0262482;0.00732189;0.0171186;0.0219696;1;1;1;0.977208;1;1;
69;-0.291458;0.295205;-0.287919;0.287708;-0.292606;0.273753;0.0858807;-0.00958688;0.092093;-0.0153837;0.0909652;-0.0159274;0.00933049;0.0459394;0.0153294;0.00581153;0.00999679;0.035491;0;1;0.552899;0.757673;0;1;
70;-0.280808;0.282998;-0.278741;0.278617;-0.281479;0.240461;0.140539;-0.0959631;0.144167;-0.0993685;0.143509;-0.0996712;0.00544858;0.0569705;0.00895183;0.00339517;0.00583768;0.0392956;0;1;0;0.726798;0;1;
71;-0.258499;0.25978;-0.257293;0.25722;-0.258891;0.20025;0.19018;-0.158551;0.192298;-0.166135;0.191914;-0.166301;0.00318153;0.0332807;0.00522742;0.0019837;0.00340874;0.0229559;0;1;0;0.909062;0;1;
72;-0.225166;0.225915;-0.224461;0.224419;-0.225395;0.188147;0.223387;-0.168706;0.224625;-0.209344;0.2244;-0.208849;0.00185752;0.0242751;0.00305229;0.00115883;0.00199021;0.013411;0;1;0;1;0;1;
73;-0.180922;0.18136;-0.18051;0.180485;-0.181055;0.159301;0.242578;-0.184341;0.243301;-0.234375;0.243169;-0.21025;0.00108425;0.01488;0.00178197;0.000676738;0.00116176;0.00783521;0;1;0;1;0;1;
74;-0.122454;0.122712;-0.122214;0.122199;-0.122532;0.109827;0.251981;-0.196193;0.252403;-0.246914;0.252327;-0.213453;0.000632703;0.00869135;0.00104016;0.000395079;0.000677874;0.0052746;0;1;0;0.822869;0;1;
75;-0.0438858;0.0440369;-0.0437454;0.0437366;-0.0439312;0.0365117;0.248525;-0.193694;0.248403;-0.235857;0.248016;-0.22141;0.000368991;0.00507498;0.000606923;0.000230189;0.000395301;0.00308115;0;1;0;1;0;1;
76;0.0534552;-0.0533669;0.0535371;-0.0535425;0.0534291;-0.0577616;0.231514;-0.169701;0.233208;-0.214377;0.225258;-0.212068;0.000214985;0.00296282;0.000353923;0.000134038;0.00023029;0.00179933;0;1;0;1;0;1;
77;0.146928;-0.146877;0.146976;-0.146979;0.146913;-0.149443;0.210049;-0.135392;0.216629;-0.182151;0.194058;-0.185953;0.00012518;0.014491;0.000206277;-0.00302819;0.00013396;0.000596443;0;1;0;1;0;1;
78;0.21478;-0.214751;0.214808;-0.21481;0.214771;-0.216248;0.197727;-0.084326;0.20157;-0.135303;0.157486;-0.14924;7.25415e-05;0.0164834;0.000119918;-0.00176813;7.77146e-05;0.00243784;0;1;0;1;0;1;
79;0.256705;-0.256689;0.256721;-0.256723;0.2567;-0.257563;0.171929;-0.028641;0.174173;-0.061414;0.148429;-0.107031;4.18978e-05;0.0270272;6.96016e-05;0.0154223;4.49051e-05;0.00142486;0;1;0;1;0;1;
80;0.280132;-0.280124;0.280142;-0.280145;0.280129;-0.280633;0.13362;0.0254539;0.13493;-0.00119566;0.119895;-0.0451708;2.46189e-05;0.0296357;4.02263e-05;0.0205745;2.58198e-05;0.00409832;0.632388;1;0;1;0;1;
81;0.29115;-0.291146;0.291156;-0.291635;0.291149;-0.291443;0.0798922;0.0567324;0.0806556;0.0545004;0.071875;0.0465388;0.00799626;0.0173126;0.0173118;0.0276675;0.010579;0.0388122;1;1;1;1;0.911619;1;
82;0.292813;-0.292811;0.292816;-0.293097;0.29182;-0.292984;0.0069524;0.07284;0.00740429;0.0715368;0.00653346;0.0668886;0.00484456;0.0101107;0.0293839;0.016158;0.0381205;0.0226672;1;0;1;0.191609;1;0.69374;
83;0.285021;-0.28502;0.279688;-0.285187;0.284442;-0.285121;-0.0775931;0.124193;-0.0773167;0.123431;-0.0778194;0.120717;0.00479842;0.00590424;0.0346443;0.00943576;0.044787;0.013237;0.75268;0;1;0;1;0;
84;0.265889;-0.265889;0.262775;-0.265986;0.265551;-0.265948;-0.150438;0.177654;-0.15027;0.17721;-0.150559;0.175624;0.00280378;0.00344764;0.0202361;0.00551004;0.0268365;0.00772999;1;0;1;0;1;0;
85;0.23544;-0.23544;0.233621;-0.235497;0.235243;-0.235474;-0.199698;0.215593;-0.199594;0.215333;-0.19976;0.214407;0.00163823;0.0020129;0.0118193;0.0032174;0.015673;0.00451383;1;0;1;0;1;0;
86;0.194343;-0.194343;0.193281;-0.194376;0.194228;-0.194363;-0.229004;0.238288;-0.228939;0.238136;-0.225482;0.237596;0.000956969;0.00117497;0.00690266;0.00187848;0.00915046;0.00263559;1;0;1;0;1;0;
87;0.140326;-0.140326;0.139706;-0.140345;0.140259;-0.140338;-0.244677;0.250099;-0.230838;0.250011;-0.217832;0.249695;0.000558659;0.000685594;0.0040308;0.00109652;-0.00648255;0.00153867;1;0;1;0;1;0;
88;0.0677849;-0.0677847;0.0674228;-0.0677962;0.0677462;-0.0677918;-0.241124;0.251046;-0.226119;0.250491;-0.201697;0.250682;0.000325728;0.000399803;0.00235377;0.000639876;-0.00681967;0.000898049;1;0;1;0;1;0;
89;-0.0257059;0.0257066;-0.0259174;0.0256994;-0.0257286;0.0257019;-0.22126;0.228035;-0.215324;0.236674;-0.176052;0.238253;0.000189801;0.000232905;0.00137459;0.000373172;-0.00678538;0.000523934;1;0;1;0;1;0;
90;-0.123251;0.123252;-0.123374;0.123247;-0.123264;0.123248;-0.193686;0.205093;-0.195786;0.204967;-0.146246;0.207612;0.000110473;0.000135473;0.000803131;0.000217416;-0.00396247;0.000305653;1;0;1;0;1;0;
91;-0.198942;0.198943;-0.199014;0.19894;-0.198951;0.19894;-0.153148;0.17173;-0.161185;0.165369;-0.105286;0.178992;-0.0016396;7.85761e-05;0.00046973;0.000126616;0.0120017;0.00017792;1;0;1;0;1;0;
92;-0.247328;0.247327;-0.247369;0.247325;-0.247333;0.247326;-0.0988108;0.162224;-0.120992;0.148434;-0.0485013;0.166465;0.0103623;4.54271e-05;0.000275321;7.35368e-05;0.0226395;0.000103482;1;0;1;0;1;0;
93;-0.275127;0.275124;-0.275148;0.275123;-0.275129;0.275123;-0.032877;0.134992;-0.0571833;0.126941;0.00481676;0.137469;0.0120857;2.60722e-05;0.00244189;0.00488304;0.0305873;6.00276e-05;1;0;1;0.506596;1;0;
94;-0.289122;0.289121;-0.289137;0.28912;-0.289126;0.28912;0.0312296;0.0903525;0.0413949;0.0856575;0.0476985;0.0918;0.0221731;1.48486e-05;0.0245177;0.0117942;0.0295927;0.00118856;1;0;1;0.894914;1;0.496999;
95;-0.293239;0.296454;-0.293248;0.293238;-0.293241;0.292623;0.0665151;0.025531;0.095772;0.0225719;0.0519408;0.0261651;0.0129501;0.0430299;0.0143212;0.00689113;0.0172826;0.0290884;0.569477;1;1;0.903908;0.363877;1;
96;-0.288224;0.293948;-0.288229;0.288223;-0.288225;0.254948;0.110167;-0.0481256;0.127253;-0.0581391;0.101655;-0.0560261;0.00756235;0.0551139;0.00836321;0.0079571;0.0100926;0.0461584;0;1;0;0.423463;0;1;
97;-0.272341;0.275686;-0.272344;0.27234;-0.272341;0.223365;0.165184;-0.128931;0.175162;-0.134799;0.160213;-0.133551;0.004416;0.0502727;0.0048836;0.00464835;0.00589364;0.0383183;0;1;0;0.910352;0;1;
98;-0.244882;0.246837;-0.244884;0.244881;-0.244883;0.190208;0.207412;-0.185319;0.213239;-0.189666;0.204509;-0.188928;0.00257847;0.0293671;0.00285159;0.00271543;0.0034414;0.0223841;0;1;0;0.996446;0;1;
