1;-0.000363588;0.000116065;9.94839e-05;-0.000363588;0.000116064;9.94837e-05;0.0349769;0.0347456;0.0352595;0.0349769;0.0347455;0.0352594;0.808667;0.808665;0.808666;0.808667;0.808665;0.808666;0;0;0;0;0;0;
2;0.00321902;0.00376647;0.0039776;-0.00313299;-0.00243638;-0.00249618;0.166293;0.167993;0.171165;0.165999;0.167795;0.170872;0.472516;0.472522;0.472531;0.472515;0.47252;0.47253;1;1;1;1;1;1;
3;0.0034802;0.00207335;0.00352064;-0.00260824;-0.00147161;-0.00266076;0.0972048;0.0980284;0.10005;0.096863;0.0980824;0.0997093;0.275965;0.275969;0.275974;0.275965;0.275968;0.275975;0.973025;0.856264;1;0.649618;0.841505;1;
4;0.00266727;0.000576045;0.00269087;-0.002158;-0.000224615;-0.00218869;0.0567453;0.057281;0.0584073;0.0565996;0.0572585;0.0582625;0.161169;0.161172;0.161175;0.161169;0.161171;0.161175;0.717724;0.724319;1;0.564685;0.669347;1;
5;0.00243385;-0.000539748;0.00244763;-0.00201036;0.000744989;-0.00215227;0.0328884;0.0337126;0.0338597;0.0333141;0.0331889;0.0342858;0.0941255;0.0941275;0.0941293;0.0941255;0.0941273;0.0941293;1;0.701854;1;0.568292;1;1;
6;0.0031857;-0.0014226;0.00267583;-0.00228144;0.00154248;-0.00236433;0.0291412;0.0330337;0.034712;0.0314911;0.0326494;0.0359955;0.0549717;0.0549729;0.0549743;0.0549716;0.054973;0.0549741;1;0.702241;1;0.788925;0.933105;1;
7;0.00334291;-0.00207408;0.00315067;-0.00257563;0.0021441;-0.00262405;0.0270004;0.0276292;0.0279;0.0283547;0.0294057;0.033033;0.0321061;0.0321065;0.0321078;0.0321057;0.0321071;0.0321076;0.980656;0.655357;1;0.706306;0.862437;1;
8;0.00308588;-0.00234483;0.00297359;-0.00247126;0.00185673;-0.00250925;0.0260147;0.0307038;0.0283431;0.0315404;0.0299993;0.0339207;0.0187526;0.0187524;0.018754;0.0187519;0.0187537;0.0187534;1;0.665779;1;0.703082;0.997861;1;
9;0.00234056;-0.00190775;0.00227497;-0.00198157;0.00162271;-0.00200377;0.0229961;0.0304716;0.0274756;0.032002;0.0300588;0.0364199;0.0109542;0.0109533;0.0109553;0.0109532;0.0109553;0.0109544;1;0.619603;1;0.601985;0.961463;1;
10;0.000471639;-0.000218846;0.000433327;-0.000261948;5.25976e-05;-0.00027492;0.01901;0.0286499;0.0231444;0.0320165;0.0307973;0.0360826;0.00640005;0.00639841;0.00640102;0.00639857;0.00675796;0.00639958;1;0.569467;1;0.535357;0.876249;1;
11;-0.00337058;0.00351825;-0.00339298;0.00349309;-0.00361542;0.00348551;0.0184897;0.0304702;0.0223826;0.0353319;0.0292723;0.0393643;0.00374056;0.00373806;0.00491357;0.00373856;0.00942279;0.00373947;1;0.541641;1;0.54941;1;1;
12;-0.0102682;0.0103544;-0.0102813;0.0103397;-0.0104111;0.0103353;0.0235439;0.0310697;0.0198495;0.0381118;0.0320555;0.0411003;0.00647753;0.00218416;0.00565294;0.00218496;0.00896113;0.00218583;0.887839;0.49622;1;0.533451;0.874612;1;
13;-0.0214546;0.021505;-0.0214623;0.0214965;-0.0215381;0.0214939;0.0140104;0.0299279;0.0190812;0.036435;0.0280461;0.0415185;0.00570118;0.0012767;0.00534899;0.00127778;0.00983144;0.00127852;1;0.485826;1;0.502144;0.939163;1;
14;-0.0380259;0.0380554;-0.0380304;0.0380504;-0.0380746;0.0380488;0.0189967;0.0311855;0.0215393;0.036975;0.0281703;0.0398334;0.00470601;0.000746987;0.00518899;0.000748061;0.00982422;0.000748753;1;0.53562;1;0.579554;1;0.936643;
15;-0.0602885;0.0603057;-0.0602911;0.0603028;-0.0603169;0.0603019;0.0241344;0.0278949;0.028082;0.0271022;0.0274205;0.0309577;0.00275083;0.00184553;0.0030332;0.00160693;0.00574015;0.00359315;1;0.674635;1;0.593049;1;0.972991;
16;-0.0867248;0.0867349;-0.0867263;0.0867332;-0.0867414;0.0867327;0.0419511;0.0253617;0.0488338;0.00943861;0.0344263;0.0178884;0.0016079;0.0134657;0.00177347;0.00531826;0.00335291;0.00833282;0.432664;0.992256;0.892441;0.6966;0.475113;1;
17;-0.113113;0.113118;-0.113114;0.113118;-0.113123;0.113118;0.0573767;0.012908;0.0613981;-0.0273598;0.0529818;-0.0224232;0.000938852;0.023137;0.0010365;0.00675609;0.00195774;0.00866734;0.250114;1;0.562225;0.686631;0;1;
18;-0.132797;0.132801;-0.132798;0.1328;-0.132803;0.1328;0.0950726;-0.0506936;0.0974211;-0.0775397;0.0925061;-0.074651;0.000547905;0.0397852;0.000604947;0.00394774;0.00114294;0.0272692;0;1;0;0.53888;0;1;
19;-0.13831;0.138313;-0.13831;0.138312;-0.138313;0.138312;0.143305;-0.117375;0.144677;-0.133064;0.141807;-0.131372;0.000319573;0.0280668;0.000352885;0.00230693;0.00066709;0.0159283;0;1;0;0.624861;0;1;
20;-0.123566;0.123568;-0.123566;0.123566;-0.123568;0.123566;0.185814;-0.16347;0.186615;-0.179831;0.184939;-0.178838;0.000186131;0.0163947;0.000205562;0.00134807;0.000389149;0.00930383;0;1;0;0.53466;0;1;
21;-0.0843846;0.0843861;-0.0843847;0.0843851;-0.0843857;0.0843852;0.214837;-0.188122;0.215304;-0.21134;0.214325;-0.210758;0.000108299;0.00957453;0.000119661;0.000787475;0.000226746;0.00543381;0;1;0;0.974963;0;1;
22;-0.0173043;0.0173056;-0.0173044;0.0173046;-0.0173048;0.0173047;0.230483;-0.190546;0.230756;-0.228439;0.230184;-0.221356;6.27521e-05;0.00559181;6.93568e-05;0.000459864;0.000131895;0.00317341;0;1;0;0.58848;0;1;
23;0.0725455;-0.0725446;0.0725455;-0.0725454;0.0725457;-0.0725454;0.225984;-0.167386;0.226641;-0.211889;0.22848;-0.206501;3.61715e-05;0.00326526;3.99987e-05;0.000268527;7.64731e-05;0.00185346;0;1;0;0.727574;0;1;
24;0.159619;-0.159618;0.159619;-0.159618;0.159619;-0.159618;0.188674;-0.136376;0.189805;-0.175583;0.195808;-0.183248;2.08341e-05;0.00190789;2.30775e-05;-0.00512143;4.41986e-05;0.00108305;0;1;0;0.803575;0;1;
25;0.22249;-0.222491;0.22249;-0.22249;0.222491;-0.22249;0.16094;-0.0831218;0.161009;-0.123691;0.18515;-0.149181;1.16174e-05;0.0142278;1.29182e-05;-0.00147684;2.52109e-05;0.00729166;0;1;0;0.947205;0;1;
26;0.261127;-0.261129;0.261127;-0.261127;0.261128;-0.261127;0.148324;-0.0124139;0.148364;-0.0632217;0.162462;-0.101815;6.41625e-06;0.0312703;7.17689e-06;0.0169691;1.42062e-05;0.00425973;0;1;0;0.967603;0;0.966588;
27;0.282492;-0.282495;0.282492;-0.282493;0.282493;-0.282492;0.117084;0.0290262;0.117105;0.0426417;0.125338;-0.0282617;4.7506e-06;0.0255246;3.85668e-06;0.0328792;7.80408e-06;0.020097;0.65082;1;0;1;0;1;
28;0.292154;-0.292156;0.292154;-0.292155;0.292155;-0.292154;0.0664597;0.0603393;0.066472;0.0599598;0.0712779;0.0656176;0.0106598;0.0227761;0.017576;0.0192061;0.0104365;0.0286295;1;0.910113;1;0.828608;0.663931;1;
29;0.29273;-0.293039;0.289123;-0.292833;0.288552;-0.292735;-0.00546539;0.0795187;-0.00545141;0.0792975;-0.00168533;0.0826032;0.00622796;0.0133009;0.0244906;0.0112162;0.0389166;0.0167203;0.780029;0;1;0;1;0.417578;
30;0.283765;-0.283946;0.281406;-0.283825;0.281326;-0.283768;-0.0882623;0.13151;-0.0882428;0.131381;-0.0860396;0.133311;0.00363833;0.00776725;0.029566;0.00654982;0.0408954;0.00976416;0.887101;0;1;0;1;0;
31;0.263375;-0.263481;0.261998;-0.263411;0.261952;-0.263377;-0.157902;0.18316;-0.157883;0.183084;-0.156593;0.184212;0.00212568;0.00453562;0.0172694;0.00382466;0.0238875;0.0057018;0.722786;0;1;0;1;0;
32;0.23181;-0.231872;0.231005;-0.231831;0.230979;-0.231811;-0.204274;0.219026;-0.204258;0.218981;-0.203501;0.21964;0.00124179;0.00264829;0.0100863;0.00223311;0.0139514;0.00332936;0.806628;0;1;0;1;0;
33;0.189549;-0.189586;0.18908;-0.189562;0.189064;-0.18955;-0.231594;0.24021;-0.231581;0.240184;-0.207984;0.240569;0.0007252;0.00154606;0.00589032;0.00130364;0.00814707;0.00194384;0.879742;0;1;0;1;0;
34;0.133932;-0.133953;0.133657;-0.133939;0.133648;-0.133932;-0.245971;0.251003;-0.227521;0.250988;-0.205857;0.251213;0.000423264;0.000902332;0.00343965;0.000760785;0.00475706;0.00113465;0.898533;0;1;0;1;0;
35;0.0591838;-0.0591962;0.0590237;-0.059188;0.059019;-0.0591841;-0.238438;0.249611;-0.224195;0.248178;-0.195436;0.248248;0.00024682;0.0005264;0.00200859;0.000443787;0.00277746;0.00066209;0.983154;0;1;0;1;0;
36;-0.0359181;0.0359112;-0.0360116;0.0359156;-0.036014;0.0359179;-0.221167;0.228234;-0.21377;0.235459;-0.175357;0.235656;0.000143981;0.000306828;0.00117309;0.000258655;0.00162146;0.000386129;1;0;1;0;1;0;
37;-0.132207;0.132204;-0.132262;0.132206;-0.132264;0.132207;-0.185353;0.203315;-0.191202;0.204872;-0.148057;0.206567;-0.0046318;0.000178662;0.000425395;0.000150785;0.00244731;0.000225205;1;0;1;0;1;0;
38;-0.20502;0.205018;-0.205052;0.205019;-0.205054;0.20502;-0.139818;0.191135;-0.156154;0.167365;-0.0870919;0.194507;-0.00270368;0.000103831;0.000249257;8.74478e-05;0.0100052;0.000130963;1;0;0.899692;0;1;0;
39;-0.250955;0.250953;-0.250973;0.250954;-0.250975;0.250954;-0.0810413;0.171573;-0.117133;0.157692;-0.0370672;0.173542;0.0155984;6.00932e-05;0.000146742;5.06672e-05;0.0283116;7.60456e-05;1;0;1;0;1;0;
40;-0.277084;0.277082;-0.277094;0.277082;-0.277097;0.277083;-0.00532092;0.137923;-0.0585371;0.129817;0.0250885;0.139073;0.0335275;3.46158e-05;0.00119601;2.96554e-05;0.0298477;4.40451e-05;1;0;1;0.27063;1;0;
41;-0.289952;0.289951;-0.289957;0.289951;-0.289959;0.289951;0.0504885;0.0885988;0.0548482;0.0838702;0.0630453;0.0892726;0.0195861;1.99684e-05;0.0425256;0.00656416;0.0423478;0.0156909;1;0.181571;1;0.619774;1;1;
42;-0.293161;0.287708;-0.293165;0.293161;-0.293166;0.288469;0.0874744;0.0198251;0.0916286;0.0170529;0.0540368;0.0202154;0.0114384;0.0381999;0.0248363;0.0148616;0.0247313;0.0292583;0;1;0.466165;0.472455;0.0239907;1;
43;-0.287142;0.283684;-0.287144;0.287142;-0.287145;0.284402;0.126382;-0.0637028;0.128808;-0.0653367;0.106854;-0.0634791;0.00667956;0.0424493;0.0145038;0.0100035;0.0144426;0.0183211;0;1;0;0.716267;0;1;
44;-0.270064;0.268045;-0.270066;0.270064;-0.270066;0.268464;0.176401;-0.139785;0.177818;-0.14075;0.164997;-0.139658;0.00390048;0.0247954;0.00846979;0.00584305;0.00843398;0.0137615;0;1;0;0.53555;0;1;
45;-0.241493;0.240314;-0.241493;0.241492;-0.241494;0.240558;0.214352;-0.192957;0.21518;-0.193531;0.207693;-0.192887;0.00227734;0.0158329;0.0049458;0.00341293;0.00492497;0.00803817;0;1;0;0.555383;0;1;
46;-0.202303;0.201614;-0.202303;0.202303;-0.202303;0.201757;0.237663;-0.212558;0.238146;-0.225502;0.233774;-0.225122;0.00132947;0.00924605;0.00288785;0.00199324;0.00287564;0.00469442;0;1;0;0.644071;0;1;
47;-0.150865;0.150463;-0.150865;0.150864;-0.150865;0.150546;0.250078;-0.208477;0.25036;-0.242975;0.247806;-0.2289;0.000775872;0.00539877;0.00168595;0.00116389;0.00167881;0.0027412;0;1;0;0.699269;0;1;
48;-0.081984;0.0817499;-0.0819841;0.0819839;-0.0819842;0.0817979;0.249994;-0.1997;0.250776;-0.242175;0.251793;-0.224837;0.000452604;0.00315208;0.000984037;0.000679338;0.00097987;0.00160069;0;1;0;0.782953;0;1;
49;0.00835566;-0.00849211;0.00835555;-0.00835574;0.0083558;-0.00846433;0.240228;-0.182033;0.239618;-0.22706;0.233676;-0.21726;0.000263797;0.00184027;0.00057416;0.00039651;0.000571647;0.000934782;0;1;0;0.992031;0;1;
50;0.107334;-0.107414;0.107334;-0.107334;0.107335;-0.107398;0.213786;-0.152258;0.214277;-0.200948;0.212822;-0.200518;0.000153549;0.00107478;0.000334781;0.000231727;0.000333287;0.000546244;0;1;0;0.912519;0;1;
51;0.187852;-0.187899;0.187852;-0.187852;0.187852;-0.187889;0.177727;-0.11462;0.173508;-0.149879;0.172835;-0.167778;8.94231e-05;0.0119147;0.000195235;-0.00243006;0.000194111;8.99733e-05;0;1;0;0.764156;0;1;
52;0.240616;-0.240645;0.240616;-0.240616;0.240617;-0.240638;0.164399;-0.0561093;0.140468;-0.0937702;0.137461;-0.12893;5.16866e-05;0.0237294;0.00011371;0.00690301;0.000112899;5.36464e-05;0;1;0;0.981602;0;0.744393;
53;0.271439;-0.271458;0.271439;-0.27144;0.27144;-0.271452;0.14043;0.00781953;0.126455;-0.0320602;0.124698;-0.0804036;2.98197e-05;0.0434258;-0.00129676;0.0167122;6.54007e-05;0.00481711;0;1;0;1;0;1;
54;0.287466;-0.287478;0.287466;-0.287467;0.287467;-0.287474;0.0992097;0.0549556;0.0910437;0.0332961;0.0900176;0.0259465;0.00762654;0.0345967;-0.000757381;0.038762;3.77764e-05;0.0367578;1;1;0.327564;0.733285;0;1;
55;0.293158;-0.293165;0.293158;-0.293159;0.293158;-0.293163;0.0379802;0.072729;0.0332166;0.0714151;0.0326182;0.0788524;0.0093163;0.0202054;0.0271039;0.0226383;0.0256217;0.0214696;0.611781;0;1;0.154111;0.959945;0.567202;
56;0.289813;-0.289817;0.279228;-0.289813;0.282329;-0.289815;-0.041962;0.106617;-0.0447318;0.105849;-0.0450773;0.110193;0.00544223;0.0117994;0.0316919;0.0132202;0.0373501;0.0125377;0.728436;0;1;0;1;0;
57;0.275955;-0.275957;0.269773;-0.275955;0.271585;-0.275956;-0.12185;0.159609;-0.123459;0.159161;-0.123657;0.161698;0.00317951;0.00689041;0.0185121;0.00772014;0.0265345;0.00732155;0.722891;0;1;0;1;0;
58;0.250436;-0.250437;0.246826;-0.250436;0.247884;-0.250437;-0.181245;0.203297;-0.182179;0.203036;-0.182291;0.204517;0.00185753;0.00402351;0.0108129;0.00450807;0.0154989;0.00427528;0.773743;0;1;0;1;0;
59;0.214179;-0.21418;0.212071;-0.214179;0.212689;-0.214179;-0.218353;0.231233;-0.218894;0.23108;-0.211684;0.231945;0.00108501;0.0023492;0.00631505;0.00263222;0.00905143;0.00249627;0.829031;0;1;0;1;0;
60;0.166496;-0.166496;0.165265;-0.166496;0.165626;-0.166496;-0.239267;0.24679;-0.230804;0.2467;-0.208629;0.247205;0.000633547;0.00137138;0.00368766;0.00153667;0.00528503;0.00145729;0.926292;0;1;0;1;0;
61;0.103062;-0.103062;0.102343;-0.103062;0.102554;-0.103062;-0.245819;0.25371;-0.226212;0.253631;-0.20313;0.253053;0.00036963;0.000800314;0.00215338;0.000896882;0.00308554;0.000850502;0.93118;0;1;0;1;0;
62;0.018414;-0.0184142;0.0179942;-0.0184141;0.018118;-0.0184142;-0.231551;0.238799;-0.21996;0.243629;-0.187875;0.243575;0.000215588;0.000466803;0.00125747;0.000523272;0.00180127;0.000496166;1;0;1;0;1;0;
63;-0.0808904;0.0808906;-0.0811355;0.0808904;-0.0810631;0.0808903;-0.208687;0.217717;-0.206564;0.226655;-0.163588;0.22612;0.00012595;0.000272045;0.000734602;0.000305083;0.00105157;0.000289239;1;0;1;0;1;0;
64;-0.168493;0.168493;-0.168636;0.168493;-0.168594;0.168493;-0.16733;0.186807;-0.179181;0.218871;-0.122012;0.218532;-0.00818306;0.00015832;-0.00675427;0.000177693;0.00142329;0.000168428;1;0;1;0;1;0;
65;-0.228615;0.228615;-0.228698;0.228615;-0.228675;0.228615;-0.116174;0.179364;-0.142902;0.198089;-0.063361;0.197891;-0.00477709;9.19654e-05;-0.00394357;0.000103305;0.0176691;9.7894e-05;1;0;1;0;1;0;
66;-0.264691;0.264692;-0.26474;0.264691;-0.264728;0.264691;-0.0541717;0.155389;-0.0953976;0.166325;-0.0134294;0.166209;0.0136576;5.3179e-05;-0.00230183;5.99381e-05;0.0386406;5.67936e-05;1;0;1;0;1;0;
67;-0.284673;0.284217;-0.284245;0.284216;-0.284239;0.284216;0.0425466;0.116302;-0.0128364;0.122692;0.0348811;0.122621;0.0423802;3.06093e-05;0.010872;0.00355665;0.0246247;3.27734e-05;1;0;1;0.475226;1;0;
68;-0.292755;0.292489;-0.292505;0.292488;-0.292502;0.292489;0.0590117;0.0592714;0.0779875;0.0630022;0.0704955;0.0629633;0.0247541;0.0241543;0.0251369;0.011736;0.0198471;0.0291809;0.818664;0.933391;0.848113;0.524865;0.613067;1;
69;-0.291841;0.284464;-0.291695;0.287451;-0.29219;0.283712;0.0865615;-0.0174684;0.0976433;-0.015304;0.0932677;-0.0153161;0.014456;0.0382814;0.0146796;0.00685581;0.0115902;0.0444405;0;1;0;0.544117;0;1;
70;-0.281032;0.276724;-0.280946;0.278467;-0.281235;0.276284;0.140937;-0.100572;0.147409;-0.0993215;0.144853;-0.0993189;0.00844189;0.0396566;0.00857241;0.00400512;0.00676824;0.025959;0;1;0;0.675453;0;1;
71;-0.25863;0.256115;-0.25858;0.257132;-0.258749;0.255857;0.190412;-0.166826;0.194191;-0.166108;0.192699;-0.166099;0.00492959;0.0231642;0.00500578;0.00233981;0.00395219;0.0151626;0;1;0;0.490104;0;1;
72;-0.225242;0.223774;-0.225213;0.224368;-0.225312;0.223623;0.223523;-0.209497;0.22573;-0.209328;0.224859;-0.209318;0.00287838;0.0135285;0.00292288;0.00136681;0.00230756;0.00885573;0;1;0;0.499353;0;1;
73;-0.180966;0.180108;-0.180949;0.180455;-0.181007;0.18002;0.242657;-0.210176;0.243946;-0.234367;0.243437;-0.233341;0.00168045;0.00789987;0.00170644;0.000798214;0.00134707;0.00517155;0;1;0;0.712695;0;1;
74;-0.12248;0.12198;-0.12247;0.122182;-0.122504;0.121928;0.252027;-0.204154;0.25278;-0.247185;0.252483;-0.22734;0.000980852;0.00461269;0.00099601;0.000465898;0.000786116;0.00301991;0;1;0;0.807034;0;1;
75;-0.0439008;0.0436091;-0.043895;0.0437265;-0.0439148;0.0435783;0.245436;-0.193133;0.245683;-0.235766;0.246625;-0.222383;0.000572313;0.00269319;0.000581142;0.000271758;0.000458515;0.0017635;0;1;0;0.871197;0;1;
76;0.0534466;-0.0536166;0.0534499;-0.0535484;0.0534386;-0.0536349;0.232184;-0.170989;0.232344;-0.21679;0.225037;-0.210622;0.000333711;0.00157243;0.000338849;0.000158644;0.000267189;0.00103001;0;1;0;0.821407;0;1;
77;0.146923;-0.147022;0.146925;-0.146982;0.146919;-0.147033;0.219872;-0.135053;0.219735;-0.179744;0.198137;-0.187564;0.000194464;0.000919068;0.000197455;-0.00692347;0.000155493;-0.00101966;0;1;0;0.713698;0;1;
78;0.214777;-0.214836;0.214778;-0.214812;0.214775;-0.214841;0.203464;-0.0838158;0.203384;-0.131816;0.190771;-0.154386;0.000113055;0.012396;0.000114803;-0.00404179;9.0289e-05;-0.000594615;0;1;0;0.922458;0;1;
79;0.256703;-0.256739;0.256704;-0.256724;0.256702;-0.256741;0.17528;-0.0276648;0.175233;-0.0735656;0.167867;-0.109403;6.56209e-05;0.035939;6.66438e-05;0.00815785;5.22062e-05;0.00347142;0;1;0;0.980247;0;1;
80;0.280131;-0.280153;0.280131;-0.280144;0.28013;-0.280153;0.135577;0.0297401;0.135548;0.0216918;0.131247;-0.0400448;0.00260468;0.0308267;3.85036e-05;0.0411823;3.00375e-05;0.00202864;0.775551;1;0;0.892598;0;1;
81;0.29115;-0.291163;0.29115;-0.291158;0.291149;-0.291163;0.0810352;0.0647107;0.0810174;0.054057;0.0785025;0.062561;0.00713025;0.0307017;0.0161598;0.0240565;1.81947e-05;0.02816;0.893771;1;1;0.752853;0.599619;1;
82;0.292813;-0.292821;0.292813;-0.292818;0.285848;-0.29282;0.00762066;0.0778817;0.00761522;0.071278;0.00779422;0.0762462;0.00437833;0.0179296;0.0191693;0.0140493;0.0377698;0.0164467;1;0;1;0;1;0.562284;
83;0.285021;-0.285026;0.283606;-0.285024;0.280954;-0.285026;-0.0772028;0.127137;-0.0771947;0.12328;-0.0770861;0.126182;0.00255861;0.0104704;0.0283699;0.00820434;0.0413594;0.00960438;1;0;1;0;1;0;
84;0.265889;-0.265892;0.265063;-0.265891;0.263515;-0.265892;-0.150211;0.179374;-0.150199;0.177121;-0.150132;0.178816;0.00149519;0.00611426;0.0165711;0.0047909;0.0241584;0.00560851;0.961742;0;1;0;1;0;
85;0.23544;-0.235442;0.234958;-0.235441;0.234054;-0.235442;-0.199565;0.216597;-0.199552;0.215281;-0.19951;0.216271;0.000873626;0.00357022;0.00967867;0.0027974;0.01411;0.00327488;1;0;1;0;1;0;
86;0.194343;-0.194344;0.194062;-0.194344;0.193534;-0.194344;-0.228927;0.238874;-0.228915;0.238106;-0.210406;0.238684;0.000510218;0.00208446;0.00565234;0.00163319;0.00823972;0.00191203;1;0;1;0;1;0;
87;0.140326;-0.140327;0.140162;-0.140326;0.139854;-0.140327;-0.244631;0.250442;-0.227925;0.249993;-0.206056;0.250331;0.000297731;0.00121676;0.00330063;0.000953235;0.00481122;0.00111608;1;0;1;0;1;0;
88;0.0677848;-0.0677852;0.0676889;-0.0677851;0.0675093;-0.0677852;-0.239725;0.250559;-0.22433;0.248835;-0.196945;0.249771;0.000173486;0.000710016;0.00192741;0.000556176;0.00280908;0.000651243;1;0;1;0;1;0;
89;-0.0257062;0.0257063;-0.0257622;0.025706;-0.0258668;0.0257059;-0.223567;0.231105;-0.215054;0.237254;-0.177908;0.237357;0.000101121;0.000414063;0.00112564;0.000324286;0.00163992;0.000379802;1;0;1;0;1;0;
90;-0.123251;0.123252;-0.123284;0.123251;-0.123345;0.123251;-0.19138;0.206411;-0.193972;0.20565;-0.149681;0.205212;-0.003522;0.000241216;0.000657761;0.000188939;0.000958207;0.00022132;1;0;1;0;1;0;
91;-0.198942;0.198943;-0.198961;0.198942;-0.198998;0.198942;-0.137372;0.172582;-0.158921;0.168422;-0.101139;0.166653;-0.00205566;0.000140394;0.000384969;0.000110062;0.0116638;0.000128967;1;0;1;0;1;0;
92;-0.247327;0.247327;-0.247338;0.247326;-0.24736;0.247326;-0.0836551;0.162721;-0.12109;0.148517;-0.0447133;0.120127;0.0108567;8.14713e-05;0.000225974;6.38098e-05;0.0179845;7.48952e-05;1;0;1;0;1;0;
93;-0.275124;0.275124;-0.27513;0.275123;-0.275145;0.275123;0.0118892;0.135283;-0.0581566;0.126988;0.0162716;0.110408;0.033211;4.7161e-05;0.000133112;3.71546e-05;0.0288694;4.32962e-05;1;0;1;0.340726;1;0;
94;-0.289121;0.289121;-0.289125;0.28912;-0.289133;0.289121;0.0402432;0.090522;0.0387149;0.0856826;0.0492532;0.0759985;0.0194015;2.7097e-05;0.032945;0.00538896;0.0403005;0.0134196;1;0;1;0.421701;1;1;
95;-0.293239;0.287726;-0.293241;0.293238;-0.293246;0.290267;0.0819447;0.0299723;0.0855077;0.0225864;0.0466048;0.0297282;0.0113311;0.0325559;0.0192415;0.00816209;0.0235358;0.0336488;0.0530239;1;0.732639;0.6827;0.251179;1;
96;-0.288223;0.285348;-0.288225;0.288223;-0.288228;0.285107;0.119178;-0.0538019;0.121258;-0.0581309;0.0985391;-0.0539486;0.0066169;0.0308462;0.0112364;0.00476812;0.0137444;0.0224698;0;1;0;0.356774;0;1;
97;-0.27234;0.270662;-0.272341;0.27234;-0.272343;0.270521;0.170446;-0.132255;0.171661;-0.134794;0.158393;-0.132344;0.00386389;0.023745;0.00656167;0.00278565;0.00802626;0.013126;0;1;0;0.396277;0;1;
98;-0.244882;0.243902;-0.244882;0.244882;-0.244883;0.243819;0.210485;-0.18817;0.211195;-0.189663;0.203446;-0.188226;0.00225598;0.0178115;0.0038315;0.0016274;0.00468688;0.00766711;0;1;0;0.479532;0;1;
