1;-0.000363588;0.000116065;9.94841e-05;-0.000363588;0.000116065;9.94842e-05;0.0349769;0.0347455;0.0352594;0.0349769;0.0347456;0.0352595;0.808667;0.808665;0.808666;0.808667;0.808665;0.808666;0;0;0;0;0;0;
2;0.00110448;0.00118838;0.00165028;-0.000601618;0.000349069;0.0091852;0.164053;0.165744;0.168904;0.163763;0.165555;0.170883;0.472509;0.472515;0.472524;0.472507;0.472512;0.472524;1;1;1;1;1;1;
3;0.00189529;0.000268954;0.00194734;-0.00231391;-8.17777e-05;0.00732511;0.0958967;0.0967161;0.0987304;0.0955574;0.0967762;0.0997151;0.275961;0.275966;0.275971;0.275961;0.275966;0.275971;1;0.755812;1;0.595797;0.818715;1;
4;0.00182207;-0.000477888;0.00177207;-0.00198611;0.000587037;0.00364301;0.0559811;0.0565157;0.0576372;0.0558373;0.0564965;0.0582659;0.161166;0.161171;0.161173;0.161167;0.16117;0.161173;0.977525;0.894337;1;0.496453;0.692616;0.958595;
5;0.00204234;-0.00115522;0.00191104;-0.0019687;0.00121897;0.00125134;0.0324423;0.0332659;0.0334103;0.0328691;0.0329828;0.0342879;0.0941244;0.0941272;0.0941288;0.0941245;0.0941271;0.0941284;1;0.679072;0.99274;0.434288;0.691107;0.729083;
6;0.00230012;-0.00178207;0.00222343;-0.00178089;0.00181928;-0.000376655;0.0304901;0.0338925;0.0350995;0.032584;0.033704;0.0365578;0.0549712;0.0549729;0.0549742;0.0549714;0.0549731;0.0549737;1;0.677176;1;0.721007;0.955758;1;
7;0.00258659;-0.00228403;0.00254178;0.00261417;0.00230574;-0.00146328;0.0267911;0.0307316;0.0298645;0.0276303;0.0320406;0.0307976;0.0321058;0.0321066;0.0321079;0.0321058;0.0321073;0.0321074;0.975967;0.632254;0.986287;0.614195;0.773302;1;
8;0.00289128;-0.00246747;0.00261798;0.000393085;0.00248012;-0.00198815;0.0247244;0.0303906;0.0295905;0.0302953;0.030058;0.0351545;0.0187525;0.0187526;0.0187541;0.018752;0.0187539;0.0187533;1;0.638814;1;0.594213;1;1;
9;0.00222691;-0.00197938;0.00206728;-0.000308815;0.00198678;-0.00169947;0.0233047;0.0302042;0.0268958;0.0319797;0.0294454;0.0358796;0.0109542;0.0109535;0.0109554;0.0109533;0.0109555;0.0109543;1;0.597852;1;0.700864;1;1;
10;0.000405273;-0.000260693;0.000312047;0.000714935;0.000265053;-9.72521e-05;0.0209247;0.0297906;0.0240928;0.0331627;0.0282173;0.0373556;0.00640009;0.00639851;0.00640115;0.00639869;0.00640154;0.0063997;1;0.557528;1;0.644539;1;1;
11;-0.00340934;0.00349378;-0.00346381;0.00406356;-0.00349124;0.00358924;0.0188452;0.0301363;0.0218661;0.0356562;0.027915;0.0410203;0.00374065;0.0037381;0.00455159;0.00373867;0.00687161;0.00373963;1;0.518402;1;0.710731;1;1;
12;-0.0102908;0.0103401;-0.0103226;0.0106729;-0.0103386;0.0103958;0.0173359;0.0306122;0.0195096;0.0376947;0.0267784;0.0437657;0.0041238;0.0021842;0.00499507;0.00218511;0.00895993;0.00218608;1;0.485977;1;0.67342;1;1;
13;-0.0214678;0.0214966;-0.0214864;0.021691;-0.0214957;0.0215291;0.0161262;0.0309001;0.0187299;0.0390413;0.0283375;0.0428703;0.00446414;0.00127664;0.00839479;0.00127779;0.0082517;0.00127871;1;0.476962;1;0.624429;1;1;
14;-0.0380335;0.0380503;-0.0380444;0.0381639;-0.0380498;0.0380694;0.0184117;0.0300798;0.0204587;0.0365247;0.0273305;0.0387805;0.00495887;0.000746975;0.00490577;0.000748086;0.00737783;0.000748943;1;0.515989;1;0.579455;1;1;
15;-0.0602929;0.0603026;-0.0602993;0.0603691;-0.0603023;0.0603138;0.0245149;0.0283024;0.0288223;0.0271137;0.0279853;0.0314467;0.00289855;0.00257494;0.0034172;0.00155456;0.0043115;0.00414179;1;0.655707;1;0.717719;0.962665;1;
16;-0.0867273;0.0867329;-0.086731;0.0867718;-0.0867327;0.0867396;0.0416478;0.0263755;0.0478889;0.0101524;0.0340998;0.0182791;0.00169415;0.0114935;0.00199763;0.00553322;0.00251851;0.00877226;0.537304;0.955499;0.857612;0.879914;0.508365;1;
17;-0.113114;0.113117;-0.113116;0.11314;-0.113118;0.113121;0.0571996;0.0145316;0.0608463;-0.0269428;0.0527911;-0.0221949;0.000989222;0.0246329;0.0011674;0.006569;0.00147045;0.00899316;0.264619;1;0.558455;0.694617;0;1;
18;-0.132798;0.1328;-0.132799;0.132813;-0.1328;0.132802;0.0949692;-0.0505707;0.0970988;-0.077296;0.0923948;-0.0745175;0.000577316;0.0390291;0.00068137;0.00572043;0.000858372;0.0119448;0;1;0;0.650649;0;1;
19;-0.13831;0.138344;-0.138311;0.138319;-0.138312;0.138313;0.143245;-0.117303;0.144489;-0.132921;0.141742;-0.131294;0.000336774;0.0243199;0.000397529;0.00334254;0.000500876;0.00697892;0;1;0;0.677344;0;1;
20;-0.123566;0.123586;-0.123566;0.123571;-0.123567;0.123567;0.185779;-0.170617;0.186505;-0.179747;0.184901;-0.178793;0.000196259;0.0142059;0.000231728;0.00195312;0.000292039;0.00407749;0;1;0;0.569011;0;1;
21;-0.0843848;0.0843971;-0.0843851;0.0843877;-0.0843852;0.0843856;0.214816;-0.183875;0.21524;-0.211292;0.214303;-0.210731;0.00011415;0.00829728;0.000134854;0.00114103;0.000170065;0.00238182;0;1;0;0.593346;0;1;
22;-0.0173043;0.0173116;-0.0173045;0.0173062;-0.0173045;0.0173049;0.230471;-0.191041;0.230718;-0.22841;0.230171;-0.221377;6.61702e-05;0.00484572;7.82801e-05;0.000666482;9.88014e-05;0.00139089;0;1;0;0.668399;0;1;
23;0.0725457;-0.0725408;0.0725456;-0.0725446;0.0725458;-0.0725453;0.227125;-0.162841;0.227607;-0.21207;0.229334;-0.206489;3.81787e-05;0.00282997;4.51857e-05;0.000389053;5.71609e-05;0.00081243;0;1;0;0.776985;0;1;
24;0.159619;-0.159616;0.159619;-0.159618;0.159619;-0.159619;0.192815;-0.13536;0.196834;-0.174166;0.222631;-0.181626;2.20197e-05;0.00269518;2.60976e-05;-0.00863517;3.28867e-05;-0.00413382;0;1;0;1;0;1;
25;0.22249;-0.222489;0.22249;-0.22249;0.222491;-0.22249;0.164455;-0.0797954;0.184436;-0.12235;0.203261;-0.149744;1.22611e-05;0.0175482;1.46699e-05;-0.00504166;1.86409e-05;-0.00241331;0;1;0;1;0;1;
26;0.261128;-0.261128;0.261128;-0.261128;0.261128;-0.261128;0.150376;-0.025496;0.162045;-0.0671161;0.173038;-0.105271;6.78396e-06;0.0337396;8.16571e-06;0.0135101;1.0348e-05;-0.00140835;0;1;0;1;0;1;
27;0.282492;-0.282494;0.282492;-0.282494;0.282493;-0.282492;0.118283;0.0214926;0.125095;0.0187099;0.131515;-0.0409076;0.00430189;0.023102;4.36902e-06;0.0268231;5.58829e-06;0.0120568;0.436573;1;0;1;0;0.769217;
28;0.292154;-0.292155;0.292154;-0.292157;0.292154;-0.292155;0.06716;0.063478;0.0711365;0.0664478;0.0748836;0.0717761;0.0087091;0.0197652;0.0177814;0.0223245;0.00901442;0.0221986;1;0.97898;1;1;0.814201;1;
29;0.292599;-0.293087;0.29193;-0.292732;0.28551;-0.292818;-0.00505643;0.081352;-0.00272677;0.0830866;0.00416805;0.0872609;0.00508884;0.0115427;0.0233762;0.0130374;0.0436217;0.0129647;1;0;1;0;1;0.498721;
30;0.283688;-0.283974;0.283298;-0.283766;0.279549;-0.283817;-0.088023;0.132581;-0.0866513;0.133594;-0.0826207;0.136031;0.00381872;0.00674049;0.0292669;0.00761342;0.0443683;0.00757088;0.960993;0;1;0;1;0;
31;0.26333;-0.263498;0.263103;-0.263376;0.260914;-0.263406;-0.157762;0.183785;-0.156954;0.184376;-0.154596;0.1858;0.00419607;0.00393597;0.0170952;0.00444581;0.0259163;0.00442093;1;0;1;0;1;0;
32;0.231784;-0.231881;0.231651;-0.23181;0.230372;-0.231828;-0.204192;0.219391;-0.203715;0.219736;-0.202334;0.220568;0.00245101;0.00229811;0.00998465;0.00259585;0.0151367;0.00258134;1;0;1;0;1;0;
33;0.189534;-0.189591;0.189457;-0.18955;0.18871;-0.18956;-0.231546;0.240423;-0.231264;0.240625;-0.205108;0.24111;0.00143138;0.00134156;0.00583096;0.00151546;0.00883982;0.001507;1;0;1;0;1;0;
34;0.133923;-0.133956;0.133877;-0.133932;0.133441;-0.133938;-0.245943;0.251128;-0.22495;0.251246;-0.204044;0.251529;0.000835674;0.000782929;0.00173175;0.000884471;0.00516221;0.000879539;1;0;1;0;1;0;
35;0.0591787;-0.0591981;0.0591523;-0.059184;0.0588982;-0.0591874;-0.238668;0.249718;-0.224753;0.249486;-0.192775;0.24945;0.000487483;0.000456668;0.0010111;0.000516012;0.0030143;0.000513088;1;0;1;0;1;0;
36;-0.0359211;0.03591;-0.0359364;0.035918;-0.0360845;0.035916;-0.221942;0.226747;-0.212368;0.234942;-0.172526;0.23575;0.000284431;0.000266112;0.000590411;0.000300828;0.0017602;0.000299121;1;0;1;0;1;0;
37;-0.132209;0.132203;-0.132218;0.132207;-0.132305;0.132206;-0.18644;0.204275;-0.192547;0.199362;-0.146284;0.211874;-0.00840709;0.000154889;-0.00497098;0.00017537;0.00268622;0.000174339;1;0;1;0;1;0;
38;-0.205021;0.205018;-0.205027;0.20502;-0.205078;0.20502;-0.138445;0.197261;-0.160567;0.171482;-0.0949449;0.201698;-0.00490872;8.99229e-05;-0.00290245;0.000101832;0.0143272;0.000101237;1;0;1;0;1;0;
39;-0.250955;0.250953;-0.250958;0.250954;-0.250989;0.250954;-0.0868982;0.175151;-0.118085;0.160096;-0.0379906;0.177742;0.0106023;5.20093e-05;-0.00169409;5.90765e-05;0.0240616;5.86988e-05;1;0;1;0;1;0;
40;-0.277084;0.277082;-0.277085;0.277083;-0.277104;0.277083;-0.000431216;0.140012;-0.0614272;0.131221;0.0295769;0.141525;0.0266572;2.98879e-05;-0.000988379;0.00668035;0.0542662;3.39108e-05;1;0;0.881488;0.419997;1;0;
41;-0.289952;0.289951;-0.289953;0.28995;-0.289964;0.289951;0.0485317;0.0898187;0.0515269;0.0846908;0.060362;0.0907042;0.0180482;1.70869e-05;0.0278872;0.0116439;0.0316985;0.0044857;1;0;1;0.541989;1;1;
42;-0.293162;0.28922;-0.293162;0.29316;-0.293169;0.293161;0.0869315;0.0215801;0.0961825;0.0175329;0.0617441;0.021051;0.0105404;0.0389781;0.0162879;0.00915249;0.0185122;0.0249356;0;1;0.544111;0.475222;0;1;
43;-0.287143;0.284841;-0.287143;0.287142;-0.287147;0.287142;0.126065;-0.0626774;0.131467;-0.0650563;0.111355;-0.0629911;0.00615509;0.0436822;0.00951162;0.00534698;0.0108107;0.0313461;0;1;0;0.521278;0;1;
44;-0.270065;0.268721;-0.270065;0.270064;-0.270067;0.270064;0.176216;-0.139184;0.179371;-0.140586;0.167626;-0.139371;0.00359409;0.0292684;0.00555426;0.00312414;0.00631297;0.0183106;0;1;0;0.476638;0;1;
45;-0.241493;0.240708;-0.241493;0.241492;-0.241494;0.241492;0.214244;-0.192607;0.216087;-0.193435;0.209228;-0.19272;0.00209848;0.017096;0.00324324;0.00182533;0.00368629;0.010695;0;1;0;0.536698;0;1;
46;-0.202303;0.201845;-0.202303;0.202302;-0.202304;0.202303;0.2376;-0.213846;0.238676;-0.225446;0.23467;-0.225024;0.00122502;0.00998387;0.00189355;0.00106635;0.00215225;0.00624616;0;1;0;0.632602;0;1;
47;-0.150865;0.150597;-0.150865;0.150864;-0.150865;0.150864;0.250041;-0.203855;0.250669;-0.242942;0.24833;-0.228375;0.000714878;0.0058298;0.00110528;0.000622666;0.00125636;0.00364738;0;1;0;0.778113;0;1;
48;-0.081984;0.0818283;-0.081984;0.0819838;-0.0819843;0.081984;0.248118;-0.193267;0.25006;-0.241493;0.252808;-0.224395;0.000416992;0.00340394;0.000644946;0.000363215;0.00073315;0.00212985;0;1;0;0.844202;0;1;
49;0.00835571;-0.00844628;0.00835568;-0.00835577;0.00835558;-0.00835564;0.236926;-0.178455;0.237239;-0.226062;0.233308;-0.21712;0.00024299;0.00148723;0.000376128;0.0002118;0.000427595;0.00124365;0;1;0;0.94863;0;1;
50;0.107334;-0.107387;0.107334;-0.107334;0.107334;-0.107334;0.219943;-0.150615;0.218854;-0.199311;0.208866;-0.199037;0.000141394;0.000868977;0.000219125;-0.00379767;0.000249161;3.70554e-05;0;1;0;1;0;1;
51;0.187852;-0.187883;0.187852;-0.187852;0.187852;-0.187852;0.210815;-0.110411;0.210179;-0.151435;0.174416;-0.170959;8.21076e-05;0.00498064;0.000127494;-0.00367743;0.000144967;-0.00948691;0;1;0;1;0;1;
52;0.240616;-0.240636;0.240616;-0.240617;0.240617;-0.240616;0.188357;-0.0521485;0.187986;-0.102272;0.143799;-0.131318;4.75057e-05;0.021497;7.4021e-05;0.00877981;8.43478e-05;-0.00553954;0;1;0;0.74265;0;1;
53;0.27144;-0.271452;0.271439;-0.27144;0.27144;-0.27144;0.154422;0.00260694;0.154205;-0.0303498;0.1284;-0.0831931;2.73538e-05;0.0402324;4.28511e-05;0.0219137;4.86604e-05;-0.00323405;0;1;0;1;0;1;
54;0.287466;-0.287475;0.287466;-0.287467;0.287467;-0.287467;0.107381;0.0549502;0.107249;0.0388942;0.0921791;0.0148934;0.00996968;0.0246122;2.4653e-05;0.0309881;2.79951e-05;0.0225284;0.888978;1;0;1;0;1;
55;0.293158;-0.293163;0.293158;-0.293159;0.293158;-0.293159;0.0427515;0.0762581;0.0426797;0.0714484;0.0338804;0.0838482;0.00907266;0.0143755;0.0263633;0.0180984;0.0264818;0.0131593;0.729503;0.0208742;1;0.120918;1;0.345809;
56;0.289812;-0.289816;0.284989;-0.289813;0.289927;-0.289813;-0.0391754;0.108678;-0.039205;0.105869;-0.0443397;0.11311;0.00530027;0.00839482;0.0336818;0.010569;0.0430073;0.00768448;0.564741;0;1;0;1;0;
57;0.275954;-0.275957;0.273138;-0.275955;0.276022;-0.275955;-0.120222;0.160813;-0.120232;0.159172;-0.123226;0.163401;0.003097;0.00490212;0.0196747;0.00617185;0.0280678;0.00448732;0.702914;0;1;0;1;0;
58;0.250436;-0.250437;0.248791;-0.250436;0.250475;-0.250436;-0.180294;0.204;-0.180293;0.203042;-0.182038;0.205512;0.00180963;0.00286236;0.0114923;0.00360388;0.0189609;0.00262012;0.751285;0;1;0;1;0;
59;0.214178;-0.214179;0.213218;-0.214179;0.214202;-0.214179;-0.217798;0.231643;-0.217793;0.231084;-0.211756;0.232526;0.00105725;0.00167109;0.006712;0.00210418;0.0110735;0.00152965;0.810127;0;1;0;1;0;
60;0.166496;-0.166496;0.165935;-0.166496;0.166509;-0.166496;-0.238943;0.247029;-0.231464;0.246703;-0.205695;0.247545;0.000617358;0.000975372;0.00391946;0.0012283;0.00646625;0.000892789;0.734288;0;1;0;1;0;
61;0.103062;-0.103062;0.102734;-0.103062;0.10307;-0.103062;-0.247054;0.25385;-0.227013;0.253659;-0.19917;0.253785;0.000360133;0.000569048;0.00228865;0.000716794;0.00377575;0.000520842;0.806958;0;1;0;1;0;
62;0.0184141;-0.0184141;0.0182228;-0.0184141;0.0184193;-0.0184141;-0.232621;0.238596;-0.21999;0.243962;-0.185013;0.243525;0.000209911;0.000331748;0.00133638;0.00041808;0.00220459;0.000303635;0.984182;0;1;0;1;0;
63;-0.0808904;0.0808906;-0.081002;0.0808904;-0.0808871;0.0808903;-0.208114;0.217368;-0.205693;0.226763;-0.159341;0.226464;-0.000968653;0.000193187;0.000780592;0.000243654;0.00128767;0.000176799;1;0;1;0;1;0;
64;-0.168493;0.168493;-0.168558;0.168493;-0.168491;0.168493;-0.167627;0.189278;-0.179838;0.218795;-0.122982;0.218501;-0.0119726;0.000112283;-0.0110363;0.000141801;0.00475953;0.000102759;1;0;1;0;1;0;
65;-0.228615;0.228615;-0.228653;0.228615;-0.228615;0.228615;-0.117629;0.180807;-0.143775;0.198045;-0.0677036;0.197873;-0.00699046;6.50749e-05;-0.00644451;8.23424e-05;0.0156464;5.95468e-05;1;0;1;0;1;0;
66;-0.264692;0.264692;-0.264714;0.264691;-0.264693;0.264691;-0.054132;0.156232;-0.096531;0.166299;-0.0151838;0.166198;0.0225697;3.74953e-05;-0.0037626;4.76919e-05;0.0356505;3.43775e-05;1;0;1;0;1;0;
67;-0.284217;0.284217;-0.28423;0.284216;-0.284218;0.284216;0.0409852;0.116794;-0.0191392;0.122676;0.0283116;0.122615;0.0413847;2.14616e-05;0.0114019;0.0152118;0.0258197;1.9666e-05;1;0;0.873897;0.236646;1;0;
68;-0.29249;0.292489;-0.292497;0.292488;-0.29249;0.292489;0.0619735;0.0595591;0.0718021;0.0629938;0.0724659;0.0629592;0.0241728;0.0154234;0.0258467;0.00888683;0.0187759;0.026569;0.809366;1;1;0.462574;0.651456;1;
69;-0.291686;0.292361;-0.29169;0.291516;-0.292023;0.28516;0.0882912;-0.0173005;0.0940309;-0.0153093;0.0944185;-0.0153186;0.0141165;0.0397783;0.015094;0.00519177;0.0109647;0.0287532;0;1;0;0.210124;0;1;
70;-0.280941;0.281336;-0.280944;0.280841;-0.281138;0.27713;0.141947;-0.100473;0.145299;-0.0993243;0.145525;-0.0993201;0.00824359;0.0391741;0.00881442;0.00303377;0.00640291;0.021057;0;1;0;0.593075;0;1;
71;-0.258577;0.258808;-0.258579;0.258519;-0.258692;0.256351;0.191002;-0.166769;0.192959;-0.166109;0.193092;-0.1661;0.00481379;0.0228819;0.00514715;0.00177291;0.00373882;0.0123001;0;1;0;0.503872;0;1;
72;-0.225212;0.225346;-0.225212;0.225177;-0.225279;0.223912;0.223867;-0.208876;0.225011;-0.209329;0.225088;-0.209319;0.00281076;0.0133639;0.00300544;0.00103591;0.00218295;0.00718415;0;1;0;0.529171;0;1;
73;-0.180948;0.181027;-0.180948;0.180928;-0.180987;0.180189;0.242858;-0.206951;0.243526;-0.234367;0.243571;-0.233677;0.00164096;0.00780393;0.00175466;0.000604996;0.0012743;0.00419535;0;1;0;0.572392;0;1;
74;-0.12247;0.122516;-0.12247;0.122458;-0.122493;0.122026;0.252145;-0.201203;0.252535;-0.247185;0.252561;-0.227906;0.000957785;0.00455697;0.00102417;0.000353037;0.000743622;0.00244966;0;1;0;0.586787;0;1;
75;-0.0438947;0.0439221;-0.0438949;0.0438879;-0.0439081;0.0436359;0.246153;-0.18692;0.246144;-0.237085;0.246627;-0.221412;0.000558818;0.00266109;0.000597572;0.000205739;0.000433685;0.00143037;0;1;0;0.658447;0;1;
76;0.0534501;-0.0534338;0.05345;-0.0534541;0.0534425;-0.0536012;0.232296;-0.165334;0.232307;-0.21431;0.226019;-0.208212;0.000325846;0.00155368;0.000348471;0.000119867;0.000252712;0.000835242;0;1;0;0.739606;0;1;
77;0.146925;-0.146915;0.146925;-0.146927;0.146921;-0.147013;0.223359;-0.13928;0.207722;-0.178448;0.198014;-0.187098;0.000189806;0.00355551;0.000203137;-0.0092875;0.000147052;-0.00532738;0;1;0;0.817702;0;1;
78;0.214778;-0.214773;0.214778;-0.21478;0.214776;-0.21483;0.2055;-0.0826198;0.196368;-0.131164;0.190699;-0.15332;0.000110355;0.0121547;0.000118067;-0.00542267;8.53627e-05;-0.00311052;0;1;0;0.890949;0;1;
79;0.256704;-0.256702;0.256704;-0.256705;0.256703;-0.256734;0.176469;-0.0317088;0.171135;-0.0756042;0.167825;-0.109692;6.40205e-05;0.0323907;6.85364e-05;0.0153419;4.93478e-05;-0.00181553;0;1;0;1;0;0.992627;
80;0.280131;-0.280132;0.280131;-0.280133;0.280131;-0.280149;0.136272;0.0245482;0.133156;0.0262697;0.131222;-0.0415565;3.78461e-05;0.0371662;3.95883e-05;0.034336;2.84186e-05;-0.00105957;0.689947;1;0;1;0;0.794811;
81;0.29115;-0.291151;0.29115;-0.291151;0.29115;-0.291161;0.081441;0.0653731;0.0796198;0.0556949;0.0784881;0.0628182;0.00587149;0.0217116;0.0160137;0.0200582;1.72703e-05;0.0290871;0.791893;1;1;0.82519;0.740021;1;
82;0.292813;-0.292814;0.292813;-0.292814;0.287299;-0.292819;0.0078575;0.0791369;0.00679954;0.0722614;0.00998451;0.076396;0.00487146;0.0126795;0.0227812;0.0117144;0.0381678;0.016988;1;0;1;0;1;0.694542;
83;0.285021;-0.285022;0.285021;-0.285022;0.281801;-0.285025;-0.0770643;0.12787;-0.0776704;0.123855;-0.075806;0.126269;0.00408372;0.00740438;0.0287657;0.00684074;0.0446873;0.00992047;0.466758;0;1;0;1;0;
84;0.265889;-0.26589;0.265889;-0.26589;0.264009;-0.265892;-0.15013;0.179802;-0.150476;0.177457;-0.149384;0.178867;0.0023862;0.00432369;0.0168027;0.00399458;0.0261029;0.00579312;0.689438;0;1;0;1;0;
85;0.23544;-0.23544;0.23544;-0.23544;0.234343;-0.235442;-0.199517;0.216847;-0.199714;0.215477;-0.199073;0.216301;0.00139434;0.00252453;0.0098141;0.00233236;0.0152458;0.0033827;0.786684;0;1;0;1;0;
86;0.194343;-0.194344;0.194343;-0.194344;0.193702;-0.194344;-0.228899;0.23902;-0.229009;0.238221;-0.206171;0.238702;0.00081446;0.00147378;0.00573212;0.00136159;0.00890372;0.001975;0.858942;0;1;0;1;0;
87;0.140326;-0.140326;0.140326;-0.140326;0.139952;-0.140327;-0.244615;0.250527;-0.228905;0.25006;-0.20407;0.250341;0.000475455;0.000860129;0.00334709;0.000794637;0.00519931;0.00115285;0.872469;0;1;0;1;0;
88;0.0677847;-0.067785;0.0677848;-0.0677849;0.0675669;-0.0677851;-0.240638;0.251175;-0.224372;0.249851;-0.194612;0.249953;0.000277186;0.00050175;0.00195442;0.000463554;0.00303596;0.000672719;0.932665;0;1;0;1;0;
89;-0.0257063;0.0257063;-0.0257062;0.0257062;-0.025833;0.0257061;-0.223651;0.230219;-0.214001;0.236691;-0.174854;0.23711;0.000161592;0.000292442;0.0011413;0.000270187;0.00177286;0.000392327;1;0;1;0;1;0;
90;-0.123251;0.123251;-0.123251;0.123251;-0.123325;0.123251;-0.193312;0.208713;-0.194204;0.208286;-0.145609;0.206573;-0.0067747;0.000170219;-0.00116718;0.000157292;0.00103603;0.000228612;1;0;1;0;1;0;
91;-0.198942;0.198942;-0.198942;0.198942;-0.198986;0.198942;-0.144313;0.17517;-0.162067;0.187516;-0.101189;0.179408;-0.00395556;9.89655e-05;-0.000680909;9.14902e-05;0.0157945;0.000133208;0.884181;0;1;0;1;0;
92;-0.247327;0.247327;-0.247327;0.247327;-0.247353;0.247327;-0.08926;0.164233;-0.122848;0.171443;-0.0436453;0.166708;0.0141008;5.72473e-05;-0.000396661;5.29344e-05;0.0253863;7.72605e-05;1;0;1;0;1;0;
93;-0.275124;0.275124;-0.275124;0.275124;-0.275141;0.275123;-0.00873177;0.136166;-0.0706241;0.140376;0.0190342;0.137611;0.0339666;3.29581e-05;-0.000230729;3.05363e-05;0.0263036;4.47687e-05;1;0;1;0;1;0;
94;-0.289122;0.289121;-0.289121;0.28912;-0.289131;0.289121;0.0407736;0.0910376;0.0395814;0.0935025;0.0599183;0.0918825;0.023319;1.88396e-05;0.02711;0.00716604;0.0384325;0.00301746;1;0;1;0.837747;1;0.63294;
95;-0.293239;0.29185;-0.293239;0.293238;-0.293245;0.293238;0.0838072;0.0284999;0.0953032;0.0271536;0.0791839;0.0262141;0.0136189;0.0378154;0.0158346;0.0134599;0.0224449;0.029179;0;1;0.835936;0.430243;0;1;
96;-0.288224;0.287413;-0.288223;0.288223;-0.288227;0.288223;0.120265;-0.0546614;0.126979;-0.0554634;0.117565;-0.0560006;0.00795293;0.0424734;0.00924686;0.00786252;0.0131073;0.0243526;0;1;0;0.402859;0;1;
97;-0.27234;0.271867;-0.27234;0.27234;-0.272342;0.27234;0.171082;-0.132756;0.175002;-0.133236;0.169505;-0.133542;0.00464408;0.0248112;0.00539972;0.00459328;0.00765418;0.0142259;0;1;0;0.472537;0;1;
98;-0.244882;0.244606;-0.244882;0.244881;-0.244883;0.244882;0.210856;-0.188463;0.213146;-0.188753;0.209935;-0.188926;0.00271167;0.0144922;0.00315295;0.00268336;0.00446953;0.00830972;0;1;0;0.507827;0;1;
