1;-0.000363588;0.000116065;9.94841e-05;-0.000363588;0.000116065;9.94839e-05;0.0349769;0.0347456;0.0352595;0.0349769;0.0347455;0.0352594;0.808667;0.808665;0.808666;0.808667;0.808665;0.808666;0;0;0;0;0;0;
2;0.00299578;-0.00380354;0.00714197;-0.0508948;-0.00662354;-0.00638738;0.178971;0.175031;0.178061;0.183613;0.174408;0.172422;0.472552;0.47254;0.472544;0.472465;0.472553;0.472547;1;1;1;0.802421;1;1;
3;0.00349781;-0.0066329;0.00459614;-0.030148;-0.00353824;-0.00517963;0.104604;0.102133;0.104077;0.10957;0.101939;0.100609;0.275985;0.275977;0.275984;0.275936;0.275984;0.27598;0.545402;0.393018;0.974021;0;0;0;
4;0.00267749;-0.00450867;0.00331906;-0.0182412;-0.00143149;-0.00365968;0.0638207;0.0596788;0.0607596;0.0640212;0.0595678;0.0590055;0.161182;0.161177;0.161181;0.161154;0.161182;0.16118;0.828021;0.622655;0.848604;0.448908;0.458489;1;
5;0.00253634;-0.00350944;0.00281458;-0.011529;4.03556e-05;-0.00301337;0.0370216;0.0351131;0.035233;0.0376476;0.0382666;0.0349994;0.0941344;0.094131;0.0941327;0.0941164;0.0941344;0.0941326;0.886745;0.690761;0.970695;0.672044;0.965692;1;
6;0.00329918;-0.0037178;0.00351351;-0.00784019;-0.00411122;-0.00151219;0.0302655;0.0315522;0.0322188;0.0278641;0.0382946;0.0324552;0.0549774;0.0549751;0.0549761;0.0549663;0.0549781;0.0549759;0.849987;0.658935;1;0.52536;1;1;
7;0.00367778;-0.00392677;0.00372153;-0.00582183;-0.00115805;-0.00212627;0.0288101;0.0304921;0.0303065;0.0288745;0.031839;0.0375702;0.0321097;0.032108;0.0321089;0.0321025;0.0321105;0.0321084;0.866771;0.644678;1;0.535409;0.710643;1;
8;0.00442074;-0.00347537;0.00379995;-0.00453346;0.000457192;-0.00377195;0.0258065;0.0305307;0.028692;0.0290048;0.0327372;0.0353142;0.0187549;0.0187534;0.0187545;0.0187501;0.0187558;0.0187543;0.866546;0.637924;1;0.512624;0.636277;1;
9;0.00312029;-0.00256812;0.00275769;-0.00318579;0.000601387;-0.00320856;0.0248413;0.029127;0.0269672;0.0306554;0.031256;0.034607;0.0109559;0.010954;0.0109556;0.0109521;0.0109569;0.0109551;0.733131;0.583791;1;0.518087;0.806586;1;
10;0.000927153;-0.000604594;0.000715359;-0.000965132;-0.000544211;-0.000978481;0.0217528;0.0270862;0.0240844;0.0346163;0.0309522;0.0368416;0.00640141;0.00639881;0.00640126;0.00639802;0.0106285;0.00640012;1;0.374935;1;0.550749;0.834538;0.866931;
11;-0.00310439;0.0032929;-0.00322814;0.0030825;-0.003964;0.00307469;0.02066;0.0278853;0.0242909;0.0402542;0.0300816;0.0380675;0.00562572;0.00373816;0.00729813;0.00373834;0.00860826;0.00373981;1;0.673614;1;0.682638;0.881056;1;
12;-0.0101126;0.0102229;-0.0101849;0.0101;-0.0106149;0.0100955;0.018286;0.027995;0.02247;0.0386214;0.0301761;0.0409361;0.00684294;0.00218394;0.00663103;0.00218507;0.0102046;0.00218603;0.980062;0.547198;1;0.552635;0.910748;0.764952;
13;-0.0213636;0.0214282;-0.0214059;0.0213565;-0.0216573;0.0213538;0.017621;0.0278275;0.0208199;0.0398807;0.0292967;0.0403647;0.00609087;0.00127622;0.00560946;0.00127792;0.010079;0.00127858;0.989728;0.453057;1;0.476882;0.922245;0.823534;
14;-0.0379726;0.0380106;-0.0379974;0.0379687;-0.0381444;0.0379671;0.0187542;0.0270623;0.0328465;0.0385853;0.0299378;0.0380298;0.00482829;0.000746465;0.00551497;0.000748342;0.00839805;0.000748803;0.785061;0.499688;1;0.494024;0.867788;0.859943;
15;-0.0602573;0.0602796;-0.0602718;0.0602552;-0.0603578;0.0602542;0.0250995;0.0261407;0.0320595;0.0279664;0.0291623;0.0305582;0.00355948;0.00276271;0.00379075;0.00161252;0.00490748;0.00431355;1;0.641626;0.983834;0.549815;0.734623;0.982313;
16;-0.0867065;0.0867197;-0.086715;0.0867054;-0.0867653;0.0867049;0.0414989;0.0233729;0.0494725;0.0118226;0.0351935;0.016623;0.00208019;0.0102348;0.00221597;0.00576051;0.00286667;0.00854545;0.55459;0.945615;0.90295;0.683826;0.364957;1;
17;-0.113102;0.11311;-0.113107;0.113102;-0.113137;0.113101;0.0571126;0.00772426;0.0617713;-0.0259675;0.0534298;-0.0231623;0.00121467;0.0186212;0.00129502;0.00798345;0.00167376;0.00867564;0.050342;1;0.564085;0.645634;0;1;
18;-0.132791;0.132796;-0.132794;0.132791;-0.132811;0.132791;0.0949184;-0.0559263;0.0976391;-0.0767267;0.0927678;-0.0750826;0.000708978;0.0359052;0.000755912;0.00466457;0.000977103;0.0102147;0;1;0;0.543671;0;1;
19;-0.138306;0.138402;-0.138308;0.138306;-0.138318;0.138306;0.143215;-0.120431;0.144804;-0.132589;0.141959;-0.131624;0.000413663;0.021052;0.00044106;0.00272565;0.000570215;0.00596828;0;1;0;0.559254;0;1;
20;-0.123563;0.12362;-0.123564;0.123563;-0.12357;0.123563;0.185761;-0.172445;0.186689;-0.179553;0.185028;-0.178986;0.000241151;0.0122968;0.000257144;0.00159267;0.000332551;0.00348702;0;1;0;0.830396;0;1;
21;-0.0843834;0.0844166;-0.084384;0.0843833;-0.0843874;0.0843834;0.214806;-0.194077;0.215348;-0.211179;0.214377;-0.210844;0.000140382;0.00718183;0.00014972;0.000930507;0.000193712;0.00203693;0;1;0;0.625771;0;1;
22;-0.0173036;0.0173233;-0.0173039;0.0173036;-0.0173058;0.0173037;0.230465;-0.187686;0.230781;-0.228344;0.230215;-0.217764;8.14856e-05;0.00419392;8.6942e-05;0.000543455;0.000112604;0.0011896;0;1;0;0.939975;0;1;
23;0.0725461;-0.072534;0.0725459;-0.0725461;0.072545;-0.072546;0.226375;-0.168223;0.227961;-0.211076;0.228799;-0.208557;4.71241e-05;0.00244917;5.02545e-05;0.000317358;6.52131e-05;0.000695004;0;1;0;0.988809;0;1;
24;0.159619;-0.159612;0.159619;-0.159619;0.159619;-0.159619;0.192924;-0.136338;0.195017;-0.173388;0.222319;-0.179682;2.72479e-05;0.00143128;2.90679e-05;-0.00398368;3.75823e-05;-0.00293575;0;1;0;0.731839;0;1;
25;0.22249;-0.222486;0.22249;-0.22249;0.22249;-0.22249;0.161849;-0.0777189;0.153183;-0.119042;0.203078;-0.148556;1.53229e-05;0.0100165;1.66064e-05;-0.00339405;2.1407e-05;-0.00171347;0;1;0;1;0;1;
26;0.261128;-0.261126;0.261127;-0.261128;0.261128;-0.261127;0.148854;-0.0236997;0.141709;-0.0652716;0.172932;-0.102311;8.56233e-06;0.0337789;9.19165e-06;0.0149615;1.19363e-05;-0.000999393;0;1;0;1;0;1;
27;0.282492;-0.282493;0.282492;-0.282493;0.282493;-0.282492;0.117393;0.03092;0.113219;0.0289985;0.131453;-0.0272064;5.63673e-06;0.0267542;5.00342e-06;0.0378758;6.51019e-06;0.0111482;0.913933;1;0;1;0;1;
28;0.292154;-0.292155;0.292154;-0.292155;0.292154;-0.292154;0.0666394;0.0594105;0.0642031;0.0587186;0.0748486;0.060039;0.00725013;0.0192736;0.0185234;0.0221251;0.00479012;0.0331208;0.948282;0.830146;1;0.552794;0.584995;0.78631;
29;0.29273;-0.293036;0.292535;-0.292797;0.29635;-0.292756;-0.00536106;0.0789763;-0.00677539;0.0785731;-0.000555736;0.0793446;0.00423655;0.0112554;0.0214848;0.0129212;0.0294005;0.0193428;0.647933;0;1;0;1;0.225182;
30;0.283765;-0.283944;0.283651;-0.283804;0.285879;-0.28378;-0.0882012;0.131193;-0.0890168;0.130958;-0.0853815;0.131408;0.00247551;0.00657269;0.02713;0.00754555;0.0233748;0.0112957;0.691343;0;1;0;1;0;
31;0.263375;-0.26348;0.263309;-0.263399;0.264611;-0.263384;-0.157866;0.182975;-0.158335;0.182837;-0.156209;0.1831;0.00144675;0.00383798;0.0158468;0.00440614;0.0136545;0.00659621;0.598984;0;1;0;1;0;
32;0.23181;-0.231871;0.231771;-0.231823;0.232531;-0.231815;-0.204253;0.218917;-0.204522;0.218837;-0.203011;0.218991;0.000845436;0.00224088;0.00925528;0.0025727;0.00797524;0.00385171;0.801628;0;1;0;1;0;
33;0.18955;-0.189585;0.189527;-0.189557;0.189971;-0.189553;-0.231582;0.240147;-0.231735;0.2401;-0.209075;0.24019;0.000493869;0.00130814;0.00540488;0.00150196;0.00465719;0.0022489;0.826924;0;1;0;1;0;
34;0.133932;-0.133952;0.133919;-0.133936;0.134178;-0.133933;-0.245964;0.250967;-0.226736;0.250939;-0.200187;0.250992;0.000288356;0.000763393;0.00315601;0.000876593;0.00271962;0.00131278;0.879124;0;1;0;1;0;
35;0.059184;-0.0591959;0.0591765;-0.0591867;0.0593278;-0.0591851;-0.236317;0.25017;-0.226548;0.248873;-0.192414;0.24913;0.000168245;0.000445257;0.00184279;0.000511409;0.00158819;0.000766139;0.993107;0;1;0;1;0;
36;-0.0359179;0.0359113;-0.0359223;0.0359164;-0.0358342;0.0359173;-0.216502;0.226924;-0.21298;0.234969;-0.168248;0.235306;9.84479e-05;0.000259459;0.00107611;0.000298118;0.000928142;0.000446867;1;0;1;0;1;0;
37;-0.132207;0.132204;-0.13221;0.132206;-0.132159;0.132207;-0.180653;0.204395;-0.192465;0.200735;-0.146519;0.202511;5.82013e-05;0.000151028;-0.000943866;0.000173853;0.00301562;0.000260707;1;0;1;0;1;0;
38;-0.20502;0.205018;-0.205021;0.20502;-0.204992;0.20502;-0.132791;0.168628;-0.153781;0.171764;-0.07606;0.173513;0.00318878;8.76576e-05;0.00181282;-0.00108872;0.0280866;0.000151609;1;0;0.959982;0;1;0;
39;-0.250954;0.250953;-0.250955;0.250954;-0.250939;0.250954;-0.0826826;0.158429;-0.117702;0.160261;-0.03075;0.161282;0.0189977;5.07259e-05;0.00432204;-0.000636244;0.0230058;8.81107e-05;1;0;1;0;1;0;
40;-0.277083;0.277082;-0.277083;0.277082;-0.277074;0.277083;-0.00447661;0.130247;-0.0571749;0.131317;0.0264525;0.131913;0.0253405;2.91664e-05;0.00252542;-0.000371617;0.0639749;5.10812e-05;1;0;1;0.28674;1;0;
41;-0.289951;0.289951;-0.289951;0.289951;-0.289946;0.289951;0.0496793;0.0841162;0.0555894;0.0847466;0.0655936;0.0850912;0.0237684;1.69042e-05;0.0402353;0.0105838;0.0373697;0.0123472;1;0.310782;1;0.52767;1;1;
42;-0.293161;0.289551;-0.293161;0.293161;-0.293158;0.29316;0.061306;0.0183241;0.0872285;0.0175651;0.0809233;0.0177727;0.0138811;0.0329524;0.0234986;0.00657407;0.0218239;0.024884;0.300505;1;0.486272;0.505719;0;1;
43;-0.287142;0.285034;-0.287142;0.287142;-0.287141;0.287142;0.111099;-0.0645796;0.126238;-0.0650379;0.122556;-0.064906;0.00810609;0.0414288;0.0137226;0.00384092;0.0127446;0.0169503;0;1;0;0.400145;0;1;
44;-0.270064;0.268834;-0.270064;0.270064;-0.270063;0.270064;0.167477;-0.140296;0.176317;-0.140575;0.174167;-0.140491;0.00473354;0.0241996;0.00801354;0.00224435;0.00744237;0.00990235;0;1;0;0.541024;0;1;
45;-0.241493;0.240774;-0.241493;0.241493;-0.241492;0.241492;0.20914;-0.193257;0.214303;-0.193429;0.213048;-0.193374;0.00276392;0.0141344;0.0046794;0.0013113;0.00434583;0.00578425;0;1;0;0.52368;0;1;
46;-0.202303;0.201883;-0.202303;0.202303;-0.202302;0.202302;0.234619;-0.211811;0.237634;-0.225443;0.236901;-0.225406;0.00161364;0.00825422;0.00273226;0.000765948;0.00253741;0.00337811;0;1;0;0.554164;0;1;
47;-0.150865;0.15062;-0.150865;0.150865;-0.150864;0.150864;0.2483;-0.206384;0.250061;-0.24294;0.249633;-0.228377;0.000941836;0.00481963;0.00159509;0.000447167;0.00148128;0.00197248;0;1;0;0.511446;0;1;
48;-0.0819842;0.0818416;-0.0819842;0.0819843;-0.0819837;0.0819839;0.251547;-0.199105;0.251113;-0.242455;0.251924;-0.225059;0.000549522;0.00281392;0.000930975;0.000260772;0.000864501;0.00115181;0;1;0;0.5015;0;1;
49;0.00835524;-0.00843861;0.00835521;-0.00835513;0.00835624;-0.00835543;0.240309;-0.18128;0.239822;-0.227595;0.233618;-0.215544;0.000320405;0.00164278;0.000543175;0.000152059;0.000504278;0.000672691;0;1;0;0.675338;0;1;
50;0.107334;-0.107383;0.107334;-0.107333;0.107335;-0.107334;0.214096;-0.152392;0.213698;-0.201648;0.212711;-0.199925;0.000186607;0.000959528;0.00031669;-0.00054031;0.000293943;0.000393287;0;1;0;0.713602;0;1;
51;0.187851;-0.187881;0.187851;-0.187851;0.187853;-0.187851;0.186607;-0.114442;0.174191;-0.14945;0.172144;-0.167615;0.000108682;0.0108978;0.000184691;-0.00102663;0.000171132;-0.00191552;0;1;0;0.852921;0;1;
52;0.240616;-0.240634;0.240616;-0.240616;0.240617;-0.240616;0.174219;-0.0527214;0.133671;-0.0934984;0.136489;-0.12938;6.28888e-05;0.0148025;0.000107583;0.00904283;9.94409e-05;-0.00111753;0;1;0;0.925311;0;1;
53;0.271439;-0.271451;0.271439;-0.271439;0.27144;-0.271439;0.146165;0.00523827;0.11992;-0.0336058;0.124131;-0.0791381;3.63783e-05;0.0419188;-0.000118719;0.02231;5.75749e-05;6.12938e-05;0;1;0;1;0;1;
54;0.287466;-0.287474;0.287466;-0.287467;0.287467;-0.287466;0.102558;0.0609398;0.0872279;0.0413666;0.0896862;0.0244266;0.00895646;0.0333285;0.00562812;0.0314417;3.31944e-05;0.0278579;0.662686;1;0.673599;1;0;1;
55;0.293158;-0.293163;0.293158;-0.293158;0.293158;-0.293158;0.0399344;0.0722362;0.0309893;0.0746066;0.0372875;0.0748014;0.00523325;0.0194645;0.02761;0.0183632;0.0236229;0.016271;0.658621;0;1;0.1312;1;0.45484;
56;0.289813;-0.289816;0.282718;-0.289813;0.289813;-0.289813;-0.0408208;0.106329;-0.0460325;0.107713;-0.0423511;0.107827;0.00305763;0.0113667;0.0306168;0.0107236;0.0274505;0.00950175;0.554237;0;1;0;1;0;
57;0.275955;-0.275956;0.271812;-0.275955;0.275955;-0.275955;-0.121183;0.159441;-0.124219;0.16025;-0.122066;0.160316;0.00178688;0.00663771;0.0178841;0.00626213;0.016036;0.00554859;0.664265;0;1;0;1;0;
58;0.250436;-0.250437;0.248016;-0.250436;0.250436;-0.250436;-0.180856;0.203199;-0.182623;0.203671;-0.181362;0.20371;0.00104416;0.00387594;0.0104459;0.0036566;0.00936716;0.0032399;1;0;1;0;1;0;
59;0.214179;-0.214179;0.212766;-0.214179;0.214179;-0.214179;-0.218126;0.231176;-0.219153;0.231451;-0.211275;0.231474;0.000609925;0.00226302;0.00610063;0.00213495;0.00547057;0.0018916;1;0;1;0;1;0;
60;0.166496;-0.166496;0.165671;-0.166496;0.166496;-0.166496;-0.239134;0.246756;-0.230534;0.246917;-0.20489;0.24693;0.000355985;0.00132107;0.00356225;0.00124626;0.00319446;0.00110416;1;0;1;0;1;0;
61;0.103062;-0.103062;0.10258;-0.103062;0.103062;-0.103062;-0.246129;0.253691;-0.228058;0.253785;-0.198635;0.253735;0.000207442;0.000770942;0.00207997;0.000727272;0.00186534;0.000644265;1;0;1;0;1;0;
62;0.0184139;-0.0184142;0.0181326;-0.0184139;0.0184146;-0.0184139;-0.231305;0.238063;-0.220186;0.243971;-0.182974;0.243982;0.000120808;0.000449662;0.00121443;0.00042418;0.00108948;0.000375713;1;0;1;0;1;0;
63;-0.0808907;0.0808904;-0.0810549;0.0808907;-0.08089;0.0808907;-0.204915;0.218165;-0.206585;0.224822;-0.157757;0.225497;7.05264e-05;0.000262072;0.000709313;0.000247206;0.000637118;0.000218884;1;0;1;0;1;0;
64;-0.168493;0.168493;-0.168589;0.168493;-0.168493;0.168493;-0.165973;0.18648;-0.179551;0.21436;-0.119848;0.215948;-0.00834821;0.000152525;-0.00887775;0.000143897;0.00731238;0.000127337;1;0;1;0;1;0;
65;-0.228615;0.228615;-0.228671;0.228615;-0.228615;0.228615;-0.118231;0.148326;-0.140583;0.195455;-0.0585304;0.196382;-0.00487365;8.85787e-05;-0.0051838;8.35255e-05;0.0263264;7.38524e-05;1;0;1;0;1;0;
66;-0.264692;0.264691;-0.264724;0.264691;-0.264692;0.264691;-0.0512769;0.137263;-0.0925195;0.164786;0.0070561;0.165328;0.0201216;5.12668e-05;-0.00302599;4.83568e-05;0.0319445;4.27025e-05;1;0;0.823981;0;1;0;
67;-0.284217;0.284216;-0.284236;0.284216;-0.284218;0.284216;0.0431709;0.105716;-0.0105444;0.121792;0.0455052;0.122106;0.0467082;2.9503e-05;0.010653;0.00383813;0.0314408;2.45282e-05;1;0;1;0.502587;1;0;
68;-0.292489;0.292489;-0.2925;0.292488;-0.29249;0.292489;0.0581294;0.05309;0.0682936;0.0624772;0.0796079;0.062663;0.0272811;0.0141228;0.0142337;0.00639388;0.0183654;0.022191;0.48954;0.954362;0.998494;0.544042;0.590141;1;
69;-0.291686;0.282279;-0.291692;0.291685;-0.291713;0.291816;0.0860463;-0.0176961;0.0919822;-0.0156109;0.0985892;-0.0154913;0.0159317;0.0386967;0.00831225;0.00428616;0.0107249;0.024433;0;1;0;0.296197;0;1;
70;-0.280941;0.275448;-0.280945;0.28094;-0.280957;0.281017;0.140636;-0.100705;0.144103;-0.0995005;0.147961;-0.0994219;0.00930367;0.0382392;0.00485392;0.00250466;0.00626289;0.0142737;0;1;0;0.441111;0;1;
71;-0.258577;0.255369;-0.258579;0.258577;-0.258586;0.258621;0.190236;-0.166905;0.192261;-0.166212;0.194514;-0.166159;0.00543288;0.0223356;0.00283423;0.00146371;0.00365705;0.00833826;0;1;0;0.499152;0;1;
72;-0.225212;0.223338;-0.225213;0.225211;-0.225217;0.225237;0.22342;-0.209785;0.224603;-0.209389;0.225919;-0.209354;0.0031723;0.0130448;0.0016547;0.000855309;0.00213519;0.00487029;0;1;0;0.537451;0;1;
73;-0.180948;0.179854;-0.180949;0.180948;-0.180951;0.180963;0.242597;-0.208212;0.243288;-0.234402;0.244056;-0.233548;0.00185211;0.00761731;0.000965845;0.000499612;0.0012464;0.00284408;0;1;0;0.580085;0;1;
74;-0.12247;0.121831;-0.12247;0.12247;-0.122471;0.122479;0.251992;-0.202279;0.252396;-0.247205;0.252844;-0.227661;0.0010811;0.00444779;0.000563511;0.00029168;0.000727322;0.0016607;0;1;0;0.435567;0;1;
75;-0.0438948;0.0435219;-0.0438951;0.0438947;-0.0438957;0.0439;0.246359;-0.190985;0.246305;-0.234988;0.246381;-0.222917;0.000630859;0.00259696;0.000328574;0.000170194;0.000424176;0.000969756;0;1;0;0.530383;0;1;
76;0.0534499;-0.0536678;0.0534498;-0.05345;0.0534499;-0.0534469;0.231748;-0.16859;0.231812;-0.215001;0.224065;-0.210378;0.000367904;0.00151644;0.000191353;9.95603e-05;0.000247135;0.000566506;0;1;0;0.65835;0;1;
77;0.146925;-0.147052;0.146925;-0.146925;0.146925;-0.146923;0.219009;-0.134868;0.21931;-0.17701;0.195767;-0.188134;0.000214444;0.0043206;0.000111327;-0.00395236;0.000143781;-0.0028284;0;1;0;0.772911;0;1;
78;0.214778;-0.214854;0.214778;-0.214778;0.214779;-0.214777;0.20296;-0.0812421;0.203136;-0.126422;0.158164;-0.153053;0.000124716;0.0155748;6.44943e-05;-0.00230638;8.34382e-05;-0.00165093;0;1;0;0.878432;0;1;
79;0.256704;-0.25675;0.256704;-0.256704;0.256704;-0.256703;0.174985;-0.0255862;0.175088;-0.0680984;0.148824;-0.109313;7.24283e-05;0.0289479;3.72769e-05;0.0159174;4.82192e-05;-0.000962995;0;1;0;0.98526;0;0.944669;
80;0.280131;-0.280159;0.280131;-0.280132;0.280132;-0.280131;0.135405;0.0270274;0.135464;0.0209424;0.120126;-0.0410088;0.000232221;0.032149;2.1356e-05;0.0444114;2.77426e-05;0.0122428;0.640579;1;0;1;0;1;
81;0.29115;-0.291167;0.29115;-0.29115;0.29115;-0.29115;0.0809351;0.0649338;0.0809678;0.0492839;0.0720086;0.0619125;0.00908723;0.0300643;0.0246681;0.0259421;0.00253763;0.0318657;1;1;1;0.751287;0.434961;1;
82;0.292805;-0.292823;0.292813;-0.292813;0.290956;-0.292813;0.00756346;0.0793137;0.00758569;0.0684901;0.00235667;0.0769607;0.0129052;0.0175574;0.0176088;0.0151503;0.0305276;0.0186113;1;0;1;0;1;0.590382;
83;0.285016;-0.285027;0.28306;-0.285021;0.283936;-0.285021;-0.0772361;0.127973;-0.0772123;0.121652;-0.0802627;0.126599;0.00753822;0.0102531;0.0340672;0.00884736;0.0322011;0.0108685;0.884938;0;1;0;1;0;
84;0.265886;-0.265893;0.264744;-0.265889;0.265256;-0.265889;-0.15023;0.179862;-0.150209;0.176171;-0.151987;0.179059;0.00440356;0.00598732;0.0198985;0.00516644;0.0188097;0.00634676;0.97941;0;1;0;1;0;
85;0.235438;-0.235442;0.234771;-0.23544;0.235071;-0.23544;-0.199576;0.216882;-0.199558;0.214726;-0.200592;0.216413;0.00257243;0.00349609;0.011622;0.00301669;0.010987;0.00370598;1;0;1;0;1;0;
86;0.194342;-0.194345;0.193953;-0.194344;0.194128;-0.194344;-0.228933;0.239041;-0.228919;0.237782;-0.206706;0.238767;0.00150263;0.00204117;0.00678731;0.00176125;0.00641634;0.00216379;1;0;1;0;1;0;
87;0.140326;-0.140327;0.140098;-0.140326;0.1402;-0.140326;-0.244635;0.250539;-0.220056;0.249804;-0.202557;0.250379;0.000877678;0.00119149;0.00396393;0.00102802;0.00374716;0.00126311;1;0;1;0;1;0;
88;0.0677846;-0.0677852;0.067652;-0.0677851;0.0677118;-0.0677851;-0.23666;0.245786;-0.207222;0.248012;-0.191901;0.250197;0.000512586;0.000695258;0.00231513;0.000599864;0.00218843;0.000737108;1;0;1;0;1;0;
89;-0.0257063;0.0257063;-0.0257837;0.025706;-0.0257485;0.0257059;-0.216802;0.23586;-0.210157;0.237462;-0.176605;0.235754;0.000299661;0.000405462;0.00135259;0.000349777;0.00127856;0.000429948;1;0;1;0;1;0;
90;-0.123251;0.123252;-0.123296;0.123251;-0.123276;0.123251;-0.187227;0.206265;-0.180718;0.205577;-0.143257;0.202417;0.000175687;0.000236223;0.000790596;0.000203807;0.000887886;0.000250554;1;0;1;0;1;0;
91;-0.198942;0.198943;-0.198968;0.198941;-0.198957;0.198941;-0.134612;0.176024;-0.155525;0.165958;-0.0978129;0.16352;0.00835785;0.000137405;0.000462689;0.000118674;0.0142127;0.000145829;1;0;1;0;1;0;
92;-0.247326;0.247327;-0.247341;0.247326;-0.247336;0.247326;-0.0800944;0.164732;-0.118965;0.122543;-0.0411383;0.121599;0.0120188;7.97946e-05;0.00259707;6.91011e-05;0.0204781;8.50222e-05;1;0;1;0;0.0704891;0;
93;-0.275122;0.275123;-0.275132;0.275122;-0.27513;0.275122;0.00280077;0.136458;-0.0243986;0.149386;0.109544;0.155995;0.0399623;4.63022e-05;0.01819;0.0329935;0.149978;0.00294996;1;0;0.799334;0.700297;1;1;
94;-0.28912;0.28912;-0.289125;0.28912;-0.289124;0.28912;0.0493195;0.0912099;0.0348172;0.0987656;0.0748629;0.102627;0.0331026;0.00475908;0.0374815;0.0192722;0.0875959;0.0358362;0.843417;0;1;0.43109;0.589083;0.982666;
95;-0.293238;0.292879;-0.293241;0.293238;-0.293241;0.293237;0.0829912;0.0320836;0.075624;0.0302255;0.0476061;0.0324897;0.0193326;0.0312912;0.0218901;0.0112575;0.0511558;0.0317381;0;1;0.612187;0.47627;0;1;
96;-0.288223;0.288014;-0.288225;0.288223;-0.288225;0.288223;0.119789;-0.0525693;0.115486;-0.0536691;0.0991237;-0.0523354;0.0112898;0.0374799;0.0127833;0.00657619;0.0298742;0.0244395;0;1;0;0.374912;0;1;
97;-0.27234;0.272218;-0.272341;0.27234;-0.272341;0.27234;0.170803;-0.131533;0.16829;-0.132188;0.158735;-0.131402;0.00659269;0.0280937;0.00746494;0.00384193;0.0174461;0.0142764;0;1;0;0.391309;0;1;
98;-0.244882;0.24481;-0.244882;0.244881;-0.244882;0.244882;0.210693;-0.185805;0.209226;-0.188141;0.203646;-0.187677;0.00384969;0.0164094;0.00435911;0.00224462;0.010188;0.00833887;0;1;0;0.597711;0;1;
