1;-0.000363588;0.000116064;9.94837e-05;-0.000363588;0.000116064;9.94838e-05;0.0349769;0.0347456;0.0352595;0.0349769;0.0347456;0.0352594;0.808667;0.808665;0.808666;0.808667;0.808665;0.808666;0;0;0;0;0;0;
2;-0.00544432;-0.0274833;-0.00576346;-0.011592;0.00903748;0.00261431;0.19929;0.172342;0.130142;0.0971157;0.093494;0.129653;0.472419;0.472369;0.472318;0.472347;0.472344;0.472368;1;1;1;1;0.458839;1;
3;0.0208744;-0.0164751;0.00932295;-0.0107057;0.00125946;-0.00662704;0.11779;0.100561;0.0890423;0.0566304;0.0564308;0.0973132;0.275922;0.275873;0.275845;0.275861;0.275863;0.275886;1;0;0.0387871;0;0.42402;1;
4;0.0128272;-0.0102566;0.00993373;-0.00688688;0.00841092;-0.00466408;0.102108;0.0587532;0.0519811;0.0330974;0.047486;0.0907794;0.161151;0.161111;0.161103;0.161103;0.161111;0.16113;1;0.112153;0.870609;0;0.682479;1;
5;0.00846159;-0.00686607;0.00667806;-0.00489837;0.00578865;-0.00568795;0.0862431;0.0345701;0.0301057;0.0195839;0.0496941;0.0880301;0.0941235;0.0940926;0.0940884;0.0940841;0.0940949;0.0941112;1;0.584056;0.658637;0.3126;0.735881;1;
6;0.0090651;-0.00581414;0.00545663;-0.00511102;0.00448822;-0.00445097;0.0814537;0.0208492;0.0190786;0.0120938;0.0430703;0.0815672;0.0549768;0.0549526;0.0549513;0.0549445;0.0549573;0.0549708;1;0.483344;0.860352;0.279587;0.737456;1;
7;0.00906842;-0.00576082;0.00605939;-0.00614558;0.0073282;-0.0071486;0.0790167;0.0157347;0.0166537;0.00568952;0.0361752;0.0776578;0.0321148;0.0320941;0.0320949;0.0320874;0.0321;0.0321118;1;0.456814;0.693933;0.208487;0.719232;1;
8;0.00964341;-0.00449826;0.00671852;-0.00618823;0.00706286;-0.00530865;0.0694829;0.0125565;0.021451;0.00103221;0.0346728;0.0774585;0.0242106;0.0187442;0.0187466;0.0187388;0.018751;0.0308029;1;0.370389;0.782667;0.303614;0.726673;1;
9;0.00784052;-0.0031656;0.00478069;-0.00441733;0.00537449;-0.00363883;0.0666039;0.0115742;0.0213283;0.00413582;0.0322339;0.0763925;0.0236562;0.0109476;0.0109519;0.0109429;0.0109552;0.0252273;1;0.521708;0.858601;0.419897;0.745235;1;
10;0.00375576;-0.000953433;0.00189723;-0.00217609;0.00224432;-0.00123007;0.0618421;0.011375;0.0204244;0.00754376;0.0292748;0.0767448;0.023789;0.00639451;0.0079422;0.00639018;0.0116859;0.0236501;1;0.281518;0.929273;0.473851;0.667314;1;
11;-0.00145158;0.00308924;-0.00253746;0.00237454;-0.00233441;0.00292738;0.0582082;0.0133189;0.0193228;0.0112718;0.0266771;0.0775555;0.0222211;0.0037352;0.00820337;0.00373152;0.0121207;0.0224846;1;0.18988;0.979557;0.422376;1;1;
12;-0.00914632;0.0101037;-0.00978098;0.00968598;-0.00966238;0.0100091;0.0535734;0.012059;0.0135887;0.0149326;0.0276444;0.0737667;0.0220366;0.00218173;0.00782472;0.00217878;0.0112655;0.0212939;1;0.0797311;0.976589;0.246809;0.801668;1;
13;-0.0207983;0.0213585;-0.0211694;0.0211141;-0.0211003;0.021303;0.050782;0.0135896;0.0128277;0.0175501;0.0232253;0.0751599;0.0226907;0.00127388;0.00627755;0.00127184;0.0109066;0.0187369;0.979313;0.0478814;0.993665;0.324091;1;1;
14;-0.0376412;0.0379692;-0.0378585;0.0378268;-0.0378186;0.037937;0.0545951;0.0145063;0.0167532;0.0193732;0.0258461;0.0727353;0.0213425;0.000744853;0.00552672;0.000742842;0.00917538;0.0196935;1;0.156771;0.990074;0.352504;0.883252;1;
15;-0.0600622;0.0602542;-0.0601896;0.0601717;-0.0601669;0.060236;0.0611157;0.0117547;0.0263602;0.01245;0.0275753;0.0650277;0.0197951;0.000436828;0.0044263;0.000434296;0.00536133;0.0227366;1;0.431762;0.916086;0.413938;0.652037;1;
16;-0.0865909;0.0867027;-0.0866653;0.0866563;-0.0866533;0.0866934;0.0720446;0.0141155;0.0505519;-0.00416157;0.0270708;0.0485386;0.0130138;0.00892098;0.00258691;0.000255141;0.00313136;0.0320863;1;0.736311;0.73834;0.520515;0.418031;1;
17;-0.113033;0.113097;-0.113077;0.113073;-0.113071;0.113094;0.0986151;-0.000710318;0.0624005;-0.0353045;0.0486862;0.000140334;0.00760116;0.0254711;0.00205315;0.00215287;0.00182833;0.0276042;0.946718;1;0.578669;0.498212;0;1;
18;-0.13275;0.132787;-0.132776;0.132774;-0.132773;0.132785;0.119156;-0.0405072;0.0980067;-0.0821786;0.0899975;-0.0614734;0.00443869;0.0356627;0.00119872;0.00669043;0.00106736;0.0248388;0.0237177;1;0;0.583449;0;1;
19;-0.138282;0.162776;-0.138298;0.138296;-0.138296;0.138302;0.15737;-0.102014;0.145019;-0.135771;0.140341;-0.123673;0.00259174;0.0359697;0.000699678;0.0103961;0.000622907;0.0155698;0;1;0;0.792763;0;1;
20;-0.12355;0.137859;-0.123559;0.123557;-0.123558;0.123561;0.194028;-0.154335;0.186815;-0.181412;0.184083;-0.174339;0.0015132;0.0296639;0.00040814;0.00607339;0.000363337;0.011366;0;1;0;0.489472;0;1;
21;-0.0843756;0.0927342;-0.0843809;0.0843797;-0.0843802;0.0843821;0.219633;-0.17302;0.215421;-0.212264;0.213826;-0.206783;0.000883235;0.017328;0.000237885;0.00354794;0.000211693;0.00664065;0;1;0;0.44224;0;1;
22;-0.0172991;0.0221824;-0.0173022;0.0173014;-0.0173019;0.0173028;0.233284;-0.170061;0.230824;-0.228583;0.229892;-0.218525;0.000515332;0.0118507;0.00013843;0.00207219;0.00012314;0.00387891;0;1;0;0.475036;0;1;
23;0.0725487;-0.0696954;0.0725469;-0.0725473;0.0725472;-0.0725462;0.229698;-0.156493;0.228585;-0.208862;0.229977;-0.194546;0.000300431;0.0069231;8.03046e-05;0.00121044;7.13818e-05;0.00226571;0;1;0;0.610924;0;1;
24;0.159621;-0.157954;0.15962;-0.15962;0.15962;-0.159619;0.222844;-0.136653;0.22189;-0.174172;0.223007;-0.178666;0.000174992;0.0047431;4.64434e-05;0.00070774;4.11162e-05;0.00436914;0;1;0;0.756649;0;1;
25;0.222491;-0.221518;0.222491;-0.222491;0.222491;-0.222491;0.203385;-0.0869749;0.202828;-0.127373;0.20348;-0.147204;0.000101717;0.00692174;2.66294e-05;-0.005898;2.34645e-05;0.00255238;0;1;0;1;0;0.930784;
26;0.261128;-0.26056;0.261128;-0.261128;0.261128;-0.261128;0.173111;-0.0323003;0.172786;-0.0689587;0.173166;-0.10284;5.89707e-05;0.00997214;1.51165e-05;0.00740468;1.31711e-05;0.00149138;0;1;0;1;0;1;
27;0.282491;-0.282162;0.282493;-0.282493;0.282493;-0.282493;0.131563;-0.000534516;0.131367;-0.0128496;0.13159;-0.0181462;0.00861453;0.0115389;8.41641e-06;0.0207022;7.21034e-06;0.00932897;0.805048;1;0;0.882332;0;1;
28;0.292153;-0.291962;0.292154;-0.292154;0.292154;-0.292154;0.0749192;0.036817;0.0747998;0.0488377;0.0749277;0.0799387;0.0233904;0.00674001;0.0174813;0.0144862;0.0114992;0.0329002;1;0.678919;1;0.567224;0.404493;1;
29;0.291119;-0.296013;0.298041;-0.29273;0.287249;-0.288805;-0.000524749;0.0657815;-0.000585713;0.0728018;0.00395245;0.120326;0.0164645;0.00393578;0.037996;0.00845966;0.037808;0.0192147;0.56887;0;1;0;1;0.391421;
30;0.282823;-0.285683;0.286868;-0.283765;0.280565;-0.281473;-0.0853741;0.123487;-0.0853982;0.127587;-0.0822769;0.155341;0.0146044;0.00229809;0.0307986;0.0049401;0.0487591;0.0112209;0.743852;0;1;0;1;0;
31;0.262824;-0.264496;0.265188;-0.263376;0.261507;-0.262037;-0.156214;0.178474;-0.156219;0.180869;-0.154393;0.197077;0.0111158;0.00134162;0.0194484;0.00288471;0.0349557;0.00655261;1;0;1;0;1;0;
32;0.231488;-0.232465;0.232869;-0.23181;0.230721;-0.231029;-0.203289;0.216289;-0.203284;0.217688;-0.198872;0.227153;0.0064919;0.000783061;0.0113611;0.00168415;0.0204178;0.00382618;0.785164;0;1;0;0.996019;0;
33;0.189361;-0.189932;0.190169;-0.18955;0.188915;-0.189093;-0.23102;0.238612;-0.231012;0.239429;-0.201531;0.244956;0.00379025;0.000456833;0.00663427;0.000983031;0.0119258;0.00223394;1;0;1;0;1;0;
34;0.133821;-0.134155;0.134294;-0.133932;0.133563;-0.133665;-0.245636;0.25007;-0.225876;0.250547;-0.202125;0.253775;0.00221237;0.000266271;0.00387371;0.000573549;0.00696489;0.00130404;0.992868;0;1;0;1;0;
35;0.0591196;-0.0593148;0.0593959;-0.0591841;0.0589707;-0.0590284;-0.248079;0.249452;-0.220447;0.249722;-0.196019;0.248746;0.00129058;0.000154979;0.0022619;0.000334408;0.00406703;0.000761007;1;0;1;0;1;0;
36;-0.0359559;0.0358413;-0.035794;0.0359181;-0.0360405;0.036009;-0.228033;0.229053;-0.209811;0.235774;-0.179758;0.235656;-0.0030388;8.99597e-05;0.00132076;0.000194746;0.00237435;0.000443873;1;0;1;0;1;0;
37;-0.13223;0.132162;-0.132135;0.132208;-0.132277;0.132261;-0.192447;0.201301;-0.182832;0.198219;-0.131045;0.197941;-0.00792204;5.20158e-05;-0.000355631;-0.00433403;0.01196;-0.00426025;1;0;1;0;1;0;
38;-0.205034;0.204994;-0.204978;0.205021;-0.205059;0.205052;-0.144037;0.168386;-0.150084;0.177347;-0.0976481;0.17702;-0.00633261;2.98921e-05;-0.00712898;-0.00253157;0.0084897;-0.00248849;1;0;1;0;1;0;
39;-0.250963;0.250939;-0.25093;0.250955;-0.250976;0.250973;-0.0916601;0.158288;-0.110329;0.163521;-0.0347136;0.16333;-0.0103602;1.69977e-05;0.00425194;-0.00147885;0.0271226;-0.00145371;1;0;1;0;1;0;
40;-0.277089;0.277073;-0.277068;0.277083;-0.277095;0.277093;-0.0198792;0.130164;-0.0498137;0.133221;0.0313568;0.133109;0.0146802;9.48541e-06;0.0135024;-0.000864047;0.0350482;-0.00084937;1;0;1;0;1;0;
41;-0.289955;0.289945;-0.289942;0.289951;-0.289958;0.289957;0.0461032;0.0840688;0.043356;0.0858562;0.0477964;0.0857903;0.0268372;0.00662788;0.0280814;-0.000504539;0.0204742;0.00279812;1;0.424702;1;0.629143;1;0.881762;
42;-0.293164;0.293158;-0.293155;0.293161;-0.293165;0.293165;0.0588563;0.0175587;0.0818782;0.0182125;0.0598437;0.0181814;0.0156736;0.0266428;0.0164016;0.00442158;0.0119567;0.0227423;0.227858;0.932061;0.591549;0.535294;0;1;
43;-0.287144;0.287438;-0.287139;0.287143;-0.287145;0.287145;0.109669;-0.0650276;0.123114;-0.0646608;0.110245;-0.0646659;0.00915299;0.0253375;0.00957816;0.00391521;0.00698224;0.0257112;0;1;0;0.390226;0;1;
44;-0.270065;0.270238;-0.270063;0.270064;-0.270066;0.270066;0.166641;-0.139449;0.174493;-0.140354;0.166978;-0.14035;0.00534488;0.0421545;0.00559316;0.00228843;0.00407728;0.0153495;0;1;0;0.598191;0;1;
45;-0.241493;0.241594;-0.241492;0.241492;-0.241494;0.241494;0.208652;-0.166896;0.213238;-0.193299;0.208849;-0.193289;0.00312089;0.0282464;0.00326586;0.00296336;0.0023807;0.00991529;0;1;0;0.677563;0;1;
46;-0.202303;0.202363;-0.202302;0.202302;-0.202303;0.202303;0.234334;-0.177157;0.237012;-0.225365;0.234449;-0.218185;0.0018221;0.016541;0.00190675;0.00173242;0.00138982;0.00579338;0;1;0;0.616157;0;1;
47;-0.150865;0.150901;-0.150864;0.150864;-0.150865;0.150864;0.248134;-0.175528;0.249697;-0.242894;0.248201;-0.210141;0.00106359;0.0161475;0.001113;0.00101328;0.000811106;0.00453346;0;1;0;0.558649;0;1;
48;-0.0819842;0.0820066;-0.0819839;0.0819833;-0.0819845;0.0819835;0.251315;-0.168031;0.252031;-0.235249;0.252163;-0.204545;0.00062062;0.0150363;0.000649456;0.000592793;0.000473131;0.00768104;0;1;0;0.586913;0;1;
49;0.00835564;-0.00834066;0.0083558;-0.0083562;0.00835528;-0.00835619;0.238667;-0.169929;0.239369;-0.215899;0.234483;-0.194237;0.000361878;0.00878439;0.000378729;0.000347676;0.000275719;0.00874176;0;1;0;0.654293;0;1;
50;0.107334;-0.107324;0.107334;-0.107335;0.107334;-0.107335;0.220032;-0.159667;0.220492;-0.201074;0.210813;-0.194066;0.00021093;0.00512958;0.000220775;0.000203577;0.000160429;0.00596172;0;1;0;0.68481;0;1;
51;0.187852;-0.187846;0.187852;-0.187852;0.187852;-0.187852;0.210867;-0.11727;0.211135;-0.159071;0.175526;-0.163178;0.000122714;0.00299457;0.000128455;-0.00673385;9.312e-05;0.00348258;0;1;0;0.814039;0;1;
52;0.240616;-0.240613;0.240616;-0.240617;0.240616;-0.240617;0.188387;-0.0700163;0.188544;-0.109525;0.167748;-0.133446;7.12286e-05;0.00174814;7.45634e-05;-0.00403186;5.38825e-05;0.00203387;0;1;0;0.948024;0;1;
53;0.27144;-0.271439;0.271439;-0.27144;0.271439;-0.27144;0.154439;-0.0160682;0.154531;-0.0398579;0.142386;-0.122353;4.11523e-05;0.0118835;4.3111e-05;-0.00534949;3.09963e-05;0.00118765;0;1;0;1;0;0.943485;
54;0.287465;-0.287467;0.287467;-0.287468;0.287467;-0.287468;0.107394;0.0138964;0.107439;0.00369437;0.100347;-0.0886428;0.0095039;0.0107824;2.47774e-05;0.0108545;1.7683e-05;0.000693984;0.82192;0.908451;0;0.747849;0;1;
55;0.293157;-0.293159;0.293158;-0.293159;0.293158;-0.293159;0.0427641;0.028128;0.0427826;0.0221242;0.038639;-0.0317948;0.0121139;0.00629791;0.0170973;0.00634058;0.0101964;0.00630341;1;0.357561;0.697803;0.497528;0.507343;1;
56;0.289559;-0.289814;0.289812;-0.289813;0.291;-0.289813;-0.0391671;0.0805697;-0.039144;0.0770637;-0.0401479;0.0455761;0.00996446;0.00367759;0.0348953;0.00370254;0.0403435;0.00368112;0.492192;0;1;0;1;0;
57;0.275806;-0.275956;0.275954;-0.275955;0.276649;-0.275955;-0.120217;0.144398;-0.120193;0.14235;-0.120775;0.123962;0.00616108;0.00214731;0.0246767;0.00216193;0.0332592;0.00214948;0.65279;0;1;0;1;0;
58;0.250348;-0.250436;0.250435;-0.250436;0.250842;-0.250436;-0.180291;0.194414;-0.18027;0.193218;-0.180605;0.182479;0.00359878;0.00125362;0.0144149;0.00126211;0.0194301;0.00125487;0.727475;0;1;0;1;0;
59;0.214127;-0.214179;0.214178;-0.214179;0.214417;-0.214179;-0.217797;0.226045;-0.217778;0.225347;-0.199567;0.219075;0.00210112;0.000731635;0.0084197;0.000736584;0.01135;0.000732369;0.825066;0;1;0;1;0;
60;0.166465;-0.166496;0.166495;-0.166496;0.166636;-0.166496;-0.238943;0.24376;-0.22646;0.243352;-0.200162;0.23969;0.00122552;0.000426775;0.00491732;0.000429612;0.00662977;0.000427168;0.88318;0;1;0;1;0;
61;0.103043;-0.103062;0.103061;-0.103062;0.103145;-0.103062;-0.249128;0.251941;-0.221443;0.251703;-0.193795;0.249564;0.000713776;0.000248706;0.00287195;0.000250339;0.00387249;0.000248909;0.909424;0;1;0;1;0;
62;0.0184028;-0.0184149;0.0184135;-0.0184138;0.018465;-0.0184138;-0.241758;0.241666;-0.221943;0.243767;-0.18636;0.242854;-0.00250621;0.000144739;0.0016764;0.000145624;0.00226213;0.000144737;0.971904;0;1;0;1;0;
63;-0.0808976;0.0808897;-0.0808912;0.080891;-0.0808595;0.0808909;-0.214722;0.218394;-0.210312;0.225663;-0.169286;0.226878;-0.00589112;8.40381e-05;-0.00304484;8.44908e-05;0.00132076;8.3965e-05;1;0;1;0;1;0;
64;-0.168498;0.168492;-0.168494;0.168493;-0.168474;0.168493;-0.173384;0.190153;-0.172878;0.21748;-0.128437;0.218778;-0.0088431;4.85873e-05;-0.00864013;4.88058e-05;0.000770986;4.84719e-05;1;0;1;0;1;0;
65;-0.228619;0.228615;-0.228616;0.228615;-0.228604;0.228615;-0.126763;0.181318;-0.134712;0.197277;-0.0817199;0.198035;-0.00702086;2.79121e-05;-0.00504527;2.8016e-05;0.00376646;2.78215e-05;1;0;1;0;1;0;
66;-0.264695;0.264691;-0.264693;0.264692;-0.264686;0.264692;-0.066945;0.15653;-0.0912418;0.16585;-0.0261863;0.166293;-0.00820735;1.58402e-05;0.00769111;1.58959e-05;0.0233099;1.57719e-05;1;0;0.996182;0;1;0;
67;-0.28422;0.284216;-0.284218;0.284216;-0.284214;0.284217;0.000904506;0.116968;-0.0127127;0.122414;0.0181979;0.12267;0.0154015;8.83225e-06;0.0112095;0.00119944;0.0154887;8.7693e-06;1;0;1;0.475803;1;0;
68;-0.292491;0.292489;-0.29249;0.289513;-0.292489;0.292489;0.0519455;0.0596588;0.0992975;0.0628451;0.0684867;0.0629843;0.016008;0.0240648;0.0262909;0.0211704;0.0111128;4.98425e-06;0.480917;0.64117;1;1;0.873966;0.337826;
69;-0.291745;0.288811;-0.292139;0.286119;-0.293293;0.283613;0.0824347;-0.00667358;0.137742;-0.0153937;0.0920946;-0.0153042;0.00934818;0.0516813;0.0153543;0.014024;0.00648935;0.0291289;0;0.974072;0.540368;0.479747;0;1;
70;-0.280975;0.279262;-0.281206;0.27769;-0.28188;0.276225;0.138527;-0.0942613;0.170826;-0.0993714;0.144168;-0.0993086;0.00545891;0.0552893;0.00896626;0.0130729;0.00378937;0.0281334;0;1;0;0.539914;0;1;
71;-0.258597;0.257597;-0.258732;0.256679;-0.259125;0.255822;0.189004;-0.163127;0.207867;-0.166134;0.192299;-0.166091;0.0031876;0.0322989;0.00523583;0.0101733;0.00221254;0.0164351;0;1;0;0.46057;0;1;
72;-0.225223;0.224639;-0.225302;0.224102;-0.225532;0.223603;0.222701;-0.17702;0.233717;-0.209342;0.224625;-0.208487;0.00186111;0.0188689;0.0030573;0.00594426;0.00129161;0.0132078;0;1;0;0.489881;0;1;
73;-0.180955;0.180615;-0.181001;0.1803;-0.181135;0.180008;0.242177;-0.175838;0.24861;-0.234373;0.243301;-0.207716;0.00108638;0.0140956;0.00178493;0.00347383;0.000753758;0.0077167;0;1;0;0.52802;0;1;
74;-0.122474;0.122276;-0.122501;0.122091;-0.122579;0.121921;0.251747;-0.168601;0.254908;-0.240514;0.252403;-0.204306;0.000633909;0.0131937;0.00104186;0.00203043;0.000439641;0.00700383;0;1;0;0.549743;0;1;
75;-0.0438972;0.0437842;-0.0439129;0.0436728;-0.0439591;0.0435748;0.247262;-0.174057;0.246955;-0.229732;0.244151;-0.202654;0.000369714;0.0134638;0.000607935;0.00118708;0.00025616;0.00673613;0;1;0;0.594097;0;1;
76;0.0534487;-0.0535122;0.0534396;-0.0535803;0.0534124;-0.0536365;0.230315;-0.164001;0.230443;-0.209667;0.227649;-0.190558;0.0002154;0.0078639;0.000354499;0.000694225;0.000149007;0.00721094;0;1;0;0.733564;0;1;
77;0.146924;-0.14696;0.146919;-0.147002;0.146903;-0.147033;0.211932;-0.146831;0.21089;-0.181749;0.196073;-0.179259;0.000125506;0.00459189;0.000206737;0.000405718;8.64373e-05;0.00421338;0;1;0;0.86553;0;1;
78;0.214778;-0.214798;0.214775;-0.214824;0.214765;-0.214841;0.198827;-0.0984919;0.198218;-0.138707;0.189565;-0.149182;7.27792e-05;-0.00395673;0.000120196;-0.00735477;4.99242e-05;0.00246192;0;1;0;0.691199;0;1;
79;0.256704;-0.256716;0.256702;-0.256732;0.256697;-0.256741;0.172571;-0.046172;0.172216;-0.0856855;0.167163;-0.1093;4.21088e-05;-0.00318357;6.97903e-05;-0.00429431;2.86136e-05;0.00143851;0;1;0;0.893154;0;1;
80;0.280131;-0.280139;0.28013;-0.280149;0.280127;-0.280153;0.133994;0.0134845;0.133787;-0.00709351;0.130835;-0.0691383;2.41396e-05;7.09288e-05;4.02872e-05;0.0210434;1.62892e-05;0.000517447;0;1;0;0.87931;0;1;
81;0.291149;-0.291157;0.291149;-0.291162;0.291148;-0.291163;0.0801102;0.0588705;0.0799849;0.0741699;0.0782608;-0.0392719;0.0195061;0.00914549;0.00416233;0.0317444;9.32122e-06;-0.000946959;1;1;0.353113;0.926078;0.0942229;1;
82;0.292811;-0.298945;0.287919;-0.296973;0.292812;-0.295877;0.00707897;0.0740882;0.00701584;0.0912757;0.0175449;0.0167742;0.0113947;0.00534065;0.0360838;0.0185392;0.0400628;-0.000553009;0.459629;0;1;0.274674;1;0.135548;
83;0.285019;-0.288603;0.282162;-0.287451;0.285021;-0.28681;-0.0775176;0.124922;-0.0775417;0.134959;-0.0713887;0.0914502;0.00836611;0.00311846;0.0357879;0.0108264;0.0445885;-0.000323241;0.677737;0;1;0;1;0;
84;0.265888;-0.267981;0.264219;-0.267308;0.265889;-0.266934;-0.150394;0.17808;-0.1504;0.183942;-0.1468;0.158532;0.0054145;0.00182075;0.0209053;0.00632216;0.0318686;-0.000189174;0.649257;0;1;0;1;0;
85;0.235439;-0.236662;0.234465;-0.236269;0.235439;-0.236051;-0.19967;0.215841;-0.199671;0.219264;-0.193364;0.204426;0.00316382;0.00106289;0.0122086;0.00369163;0.0186169;-0.000110965;0.865669;0;1;0;1;0;
86;0.194343;-0.195057;0.193775;-0.194828;0.194342;-0.1947;-0.228987;0.238433;-0.228985;0.240432;-0.198324;0.231766;0.00184857;0.000620248;0.00712828;0.00215535;0.0108746;-6.53433e-05;1;0;1;0;1;0;
87;0.140326;-0.140743;0.139995;-0.140609;0.140325;-0.140535;-0.244666;0.250184;-0.239596;0.251352;-0.202242;0.246291;0.00107942;0.000361722;0.00416057;0.00125813;0.0063519;-3.87304e-05;0.895102;0;1;0;1;0;
88;0.0677851;-0.0680279;0.0675918;-0.0679502;0.0677838;-0.0679067;-0.241305;0.250597;-0.230708;0.249805;-0.195748;0.250823;0.000629368;0.000210737;-0.00356349;0.000734175;0.00370946;-2.31824e-05;1;0;1;0;1;0;
89;-0.0257059;0.0255645;-0.0258186;0.0256096;-0.0257072;0.025635;-0.221211;0.230914;-0.217878;0.237205;-0.177279;0.238385;-0.000977545;0.000122527;-0.00584655;0.000428191;0.00216619;-1.40892e-05;1;0;1;0;1;0;
90;-0.123251;0.123169;-0.123317;0.123195;-0.123252;0.12321;-0.189553;0.20805;-0.195441;0.202605;-0.150134;0.204951;-0.00468522;7.10085e-05;-0.00775753;0.000249544;0.00126565;-8.63589e-06;1;0;1;0;1;0;
91;-0.198942;0.198894;-0.19898;0.198909;-0.198944;0.198918;-0.145895;0.200829;-0.162878;0.169949;-0.100032;0.172495;-0.00368115;4.09681e-05;-0.00664876;0.00014524;0.00487445;-5.60928e-06;1;0;1;0;1;0;
92;-0.247327;0.247299;-0.247349;0.247307;-0.247329;0.247312;-0.0883513;0.179217;-0.122024;0.161184;-0.0500047;0.162671;-0.00441096;2.34424e-05;-0.0038832;8.43785e-05;0.0147979;-3.716e-06;1;0;0.997799;0;1;0;
93;-0.275124;0.275107;-0.275138;0.275111;-0.275126;0.275115;-0.0246205;0.144917;-0.0623293;0.134387;-0.0134506;0.135253;0.0205953;1.32788e-05;-0.00396783;0.00173344;0.0174194;-2.62359e-06;1;0;1;0.427185;1;0;
94;-0.289121;0.289111;-0.28913;0.289111;-0.289124;0.289116;0.0223708;0.0961481;0.0391806;0.0900083;0.0292437;0.0905048;0.0186201;7.36882e-06;-0.00820205;0.0172378;0.0101753;-1.93968e-06;1;0;1;0.706737;1;0;
95;-0.293238;0.293233;-0.293244;0.293232;-0.293251;0.293235;0.0462142;0.0287014;0.108768;0.0251154;0.0445362;0.0254042;0.0108756;0.0318273;0.0119595;0.0161188;0.00594276;0.0160308;0.423306;0.90633;1;0.732517;0;1;
96;-0.288223;0.288221;-0.288227;0.288219;-0.288231;0.288221;0.0983109;-0.0496991;0.134843;-0.0566523;0.0973311;-0.0564726;0.00635094;0.0459048;0.00698424;0.0125256;0.00347021;0.0324209;0;1;0;0.297903;0;1;
97;-0.27234;0.272339;-0.272342;0.272337;-0.272345;0.272339;0.15826;-0.129853;0.179595;-0.133928;0.157688;-0.133814;0.00370858;0.0406058;0.00407836;0.0141322;0.0020262;0.0255243;0;1;0;0.573886;0;1;
98;-0.244882;0.244881;-0.244883;0.244879;-0.244885;0.244881;0.203369;-0.181304;0.215828;-0.189155;0.203034;-0.189082;0.00216541;0.0240311;0.00238131;0.00825719;0.00118282;0.014911;0;1;0;0.483589;0;1;
