1;-0.000363588;0.000116064;9.94837e-05;-0.000363588;0.000116064;9.94837e-05;0.0349769;0.0347456;0.0352595;0.0349769;0.0347456;0.0352595;0.808667;0.808665;0.808666;0.808667;0.808665;0.808666;0;0;0;0;0;0;
2;0.000990769;0.00344612;0.00333685;-0.000666335;-0.00901227;-0.00786399;0.096594;0.176903;0.17366;0.0933203;0.0921058;0.0859978;0.472293;0.47232;0.472337;0.472324;0.472297;0.472338;1;1;1;1;1;1;
3;0.0490046;0.0341436;0.0148442;-0.035994;-0.0415224;-0.0238152;0.267198;0.237373;0.105043;0.251659;0.19605;0.0981553;0.283838;0.27588;0.275861;0.275878;0.275861;0.27586;1;0.972402;1;0.981837;1;0.336484;
4;0.0414011;0.0233855;0.0026726;-0.0331027;-0.0400092;-0.024577;0.244629;0.243207;0.179949;0.260826;0.232802;0.188245;0.302752;0.260496;0.166167;0.25994;0.23733;0.176297;1;0.986225;1;1;1;0.783329;
5;0.038893;0.0199075;-0.000698612;-0.0320032;-0.0392065;-0.0240118;0.238974;0.2343;0.177402;0.259296;0.228946;0.184311;0.307606;0.267041;0.162512;0.256887;0.239318;0.181963;1;1;1;1;1;0.68318;
6;0.0389108;0.019563;-0.00107848;-0.0307144;-0.0379713;-0.0230537;0.23591;0.229653;0.173541;0.260036;0.229555;0.188798;0.301764;0.263207;0.157813;0.2595;0.243852;0.181796;1;1;1;1;1;0.691117;
7;0.0384964;0.0189629;-0.00156308;-0.0300111;-0.0372276;-0.0223779;0.235133;0.227535;0.172109;0.259836;0.228926;0.18898;0.297666;0.261186;0.154683;0.258964;0.245348;0.18216;1;0.982429;1;1;1;0.727159;
8;0.0383262;0.0187184;-0.00170887;-0.0296913;-0.0368855;-0.0220109;0.235764;0.22665;0.172043;0.258839;0.228185;0.187753;0.293504;0.25992;0.152359;0.25798;0.245065;0.181785;1;0.954711;1;1;1;0.79558;
9;0.0379047;0.0181847;-0.00211183;-0.0296483;-0.0368092;-0.0219265;0.236171;0.225812;0.172543;0.257254;0.227189;0.185698;0.290827;0.259868;0.150528;0.256455;0.24373;0.181262;1;0.925442;1;1;1;0.772091;
10;0.0381109;0.0179312;-0.00196165;-0.0301363;-0.0373092;-0.0224743;0.236689;0.22666;0.173812;0.255081;0.226443;0.183111;0.288177;0.258762;0.149503;0.255415;0.241303;0.179786;1;0.796227;1;1;1;0.839017;
11;0.037756;0.0177876;-0.00232882;-0.032476;-0.0396876;-0.0251951;0.237811;0.225221;0.175168;0.253315;0.226528;0.181004;0.284217;0.260109;0.149284;0.254635;0.238129;0.177294;1;0.780765;1;1;1;1;
12;0.0378052;0.0183129;-0.00206007;-0.0328127;-0.0393445;-0.0257542;0.237927;0.223684;0.175872;0.250737;0.22605;0.177927;0.281825;0.260909;0.148178;0.254441;0.23613;0.176798;1;0.835497;1;1;1;1;
13;0.0319193;0.0121055;-0.00817727;-0.0412238;-0.0479552;-0.0349188;0.239495;0.223236;0.177684;0.24847;0.225909;0.175474;0.277033;0.260455;0.147456;0.255163;0.233695;0.174549;1;0.875885;1;1;1;1;
14;0.0258729;0.00561187;-0.0144671;-0.0495529;-0.0559459;-0.043999;0.237737;0.221647;0.17722;0.246787;0.22536;0.175341;0.274839;0.259463;0.147505;0.25652;0.233623;0.172214;1;0.890296;1;1;1;1;
15;0.0196092;-0.000758283;-0.0204917;-0.0597582;-0.0651907;-0.0546856;0.231642;0.219582;0.170209;0.246555;0.226242;0.180129;0.273832;0.256881;0.155063;0.258862;0.234095;0.165174;1;0.831064;1;1;1;1;
16;0.0147;-0.00647322;-0.0254954;-0.0703413;-0.0750491;-0.0662501;0.232671;0.236166;0.166228;0.241697;0.218184;0.182449;0.262714;0.232044;0.159979;0.267873;0.246368;0.160327;1;0.603123;1;1;1;1;
17;0.00577066;-0.00722031;-0.0358759;-0.0795829;-0.0842863;-0.0768393;0.192481;0.225486;0.120169;0.267679;0.233034;0.20971;0.284176;0.166119;0.194713;0.255951;0.249009;0.147053;1;0.720482;1;1;1;1;
18;-0.0157999;0.00105861;-0.0526349;0.00359385;0.0209049;-0.15407;0.167181;0.200192;0.0362721;0.316525;0.176305;0.200484;0.335843;0.0970126;0.171305;0.171228;0.348764;0.08608;0.904387;0.919792;0.341165;0.94325;1;0;
19;-0.0252975;0.00601891;-0.0655227;-0.00342676;0.0112528;-0.21149;0.131156;0.222341;0.00368835;0.336255;0.195761;0.197394;0.3522;0.0566562;0.190357;0.171149;0.34714;0.0502691;1;0.0870585;1;0.871555;1;0.288137;
20;-0.0125636;0.0157419;-0.0524329;-0.0308472;0.0290482;-0.190841;0.0953601;0.230066;-0.0214733;0.363875;0.174833;0.218935;0.33942;0.0330866;0.17358;0.114628;0.416862;0.0152359;0.77167;0;1;0.77073;1;0.83317;
21;0.00587602;0.0128553;-0.0342607;-0.0377674;0.016166;-0.135896;0.0906746;0.240679;-0.0194102;0.356797;0.16958;0.23418;0.344062;0.0193216;0.207436;0.113898;0.399979;0.00889812;1;0;1;0.510743;1;0.2669;
22;0.0318735;-0.00162824;-0.012192;-0.00570806;0.0420701;-0.0154187;0.091944;0.239301;-0.0109555;0.350672;0.157815;0.242459;0.344604;0.0112832;0.190187;0.109402;0.411861;0.00295043;1;0;1;0.70759;1;0.591129;
23;0.0551473;-0.0245655;0.0163198;0.0209814;0.0635125;0.156266;0.0972436;0.226823;-0.00479249;0.345314;0.160521;0.248827;0.349845;0.00658876;0.197998;0.0990164;0.394288;0.00593689;1;0;1;0.821592;1;0.949224;
24;0.0825552;-0.0357282;0.0430314;0.0440964;0.078696;0.274405;0.122772;0.212744;0.033141;0.322026;0.153043;0.246667;0.343664;0.00384868;0.1889;0.0972593;0.371712;0.023311;0.869477;0;1;0.901208;1;0.625894;
25;0.0979789;-0.0578004;0.0580419;0.0657042;0.0949408;0.31809;0.127481;0.206318;0.0609664;0.287342;0.134582;0.219758;0.338073;0.0186519;0.205916;0.0834773;0.338893;0.0222672;0.841225;0.4905;1;0.791803;1;0.875547;
26;0.0838222;-0.0871432;0.0411471;0.204729;0.0904726;0.32221;0.14432;0.193231;0.0828175;0.260098;0.145597;0.197846;0.294582;0.0527052;0.191898;0.113992;0.292816;0.0265351;0.567881;0.611653;0.843937;0.541552;1;1;
27;0.0792082;-0.100694;0.0283977;0.249363;0.0663052;0.356213;0.14494;0.184608;0.109982;0.205889;0.1466;0.161175;0.256883;0.0889201;0.152125;0.126413;0.224343;0.0875766;0.0205034;0.681657;1;0.64381;0.373646;0.665703;
28;0.0523231;-0.164119;0.102927;0.018461;0.0238738;0.111502;0.0610496;0.109752;0.0917369;0.122168;0.1341;0.0986041;0.149997;0.0986099;0.108805;0.16766;0.175491;0.0436137;1;0.43648;0;0;0.117959;1;
29;0.13255;-0.217956;0.182226;-0.111331;-0.0521265;0.00702182;0.0498375;0.0919632;0.00929566;0.114395;0.0730917;0.0640911;0.0915183;0.0575882;0.11208;0.097912;0.168729;-0.0876644;1;0;0;0;0.303095;1;
30;0.182877;-0.240098;0.229906;-0.177829;-0.00613675;-0.00116644;-0.0409888;0.138777;-0.0791943;0.151878;0.0690115;0.122499;0.125565;0.0336309;0.0932503;0.0571797;0.269923;-0.0747589;0.999311;0;0.983057;0.0495974;0.683199;1;
31;0.161635;-0.21819;0.225258;-0.201509;0.0446342;-0.076109;-0.053491;0.187403;-0.117344;0.195058;0.0841481;0.177896;0.153684;0.0196402;0.0801398;0.0333942;0.271927;-0.043884;1;0;1;0.435887;0.798495;0;
32;0.142009;-0.205422;0.220051;-0.19568;0.10151;-0.122448;-0.0429403;0.221504;-0.127035;0.225974;0.0687712;0.215952;0.197755;0.011469;0.0866405;0.0195018;0.264677;-0.0256283;0.693918;0;1;0;1;0;
33;0.112449;-0.174139;0.182682;-0.16845;0.020095;-0.141526;-0.0748008;0.241657;-0.146844;0.244268;0.0898338;0.238415;0.151323;0.0066974;0.0686394;0.0113883;0.288141;-0.0149674;0.961119;0;1;0;1;0;
34;0.0769062;-0.124932;0.129927;-0.121609;-0.02588;-0.105886;-0.0530375;0.251849;-0.121185;0.253373;0.0582673;0.249955;0.181234;0.00391062;0.101809;0.00665018;0.246325;-0.00874131;0.849678;0;1;0;1;0;
35;0.0224516;-0.0539279;0.0568598;-0.051988;-0.11459;-0.0428054;-0.0731369;0.248493;-0.135471;0.248037;0.0840084;0.247396;0.14262;0.00228313;0.0815653;0.00388327;0.267442;-0.00510533;0.928978;0;1;0;1;0;
36;-0.0573842;0.0389875;-0.037259;0.0401212;-0.140094;0.0454839;-0.0373538;0.234532;-0.132651;0.233573;0.0728681;0.231706;0.166121;0.00133286;0.0799799;0.00226717;0.244676;-0.00298207;1;0;1;0;1;0;
37;-0.144577;0.134;-0.132989;0.119819;-0.174138;0.137795;-0.00273865;0.204483;-0.129549;0.225897;0.0759836;0.199697;0.170965;0.000777794;0.0636459;-0.00973485;0.239468;-0.00174193;1;0;1;0.27857;1;0;
38;-0.202554;0.206068;-0.205479;0.160778;-0.200236;0.208284;0.0298911;0.192689;-0.105324;0.20989;0.073702;0.168762;0.187235;0.000453735;0.0412325;-0.024818;0.227419;-0.00101761;1;0;1;0.866259;0.955647;0;
39;-0.233228;0.251566;-0.251213;0.153291;-0.215659;0.25286;0.0525713;0.172481;-0.0891222;0.182531;0.0800284;0.158507;0.185236;0.000264527;0.0240781;-0.014499;0.21755;-0.000594808;0.690044;0;1;1;0.451586;0;
40;-0.226385;0.277365;-0.245509;0.175357;-0.201599;0.278196;0.0793597;0.138455;-0.0445449;0.156658;0.0872184;0.130292;0.178355;0.0136921;-0.02563;-0.0114594;0.176776;-0.000347736;0.291851;0.377729;1;1;0.421414;0;
41;-0.245395;0.256689;-0.25343;0.187176;-0.213466;0.29017;0.0873309;0.109642;-0.00444187;0.0995512;0.0906572;0.0841422;0.109167;0.086504;-0.0445439;0.00840495;0.111847;-0.00711737;0.0340286;0.37792;1;1;0.163635;0.221796;
42;-0.26592;0.237158;-0.266443;0.210283;-0.248122;0.307698;0.0896481;0.0799063;0.0293332;0.026221;0.0880153;0.0172157;0.0637544;0.147517;-0.0760807;0.060616;0.0653186;0.073537;0.325929;0.563202;1;1;0;0.756446;
43;-0.271233;0.205243;-0.262537;0.187458;-0.26084;0.295848;0.127653;0.0808317;0.0924229;-0.0599668;0.126697;-0.0652271;0.0372329;0.22691;-0.0476423;0.0856774;0.0381454;0.0681053;0.585991;0.631277;0.983782;0.831055;0;1;
44;-0.260774;0.15252;-0.256352;0.180401;-0.254704;0.27515;0.177144;0.0608414;0.156569;-0.0990241;0.176586;-0.0755974;0.0217433;0.228358;-0.0302188;0.119023;0.0222764;0.106448;0;1;0;0.594266;0;1;
45;-0.236067;0.13488;-0.233484;0.143712;-0.232522;0.244462;0.214786;0.0518697;0.202771;-0.110379;0.21446;-0.101155;0.0126976;0.238901;-0.0176479;0.127287;0.0130086;0.112493;0;1;0;0.535846;0;1;
46;-0.199134;0.0820621;-0.197626;0.100562;-0.197064;0.204034;0.237916;0.0533332;0.230899;-0.121063;0.237726;-0.115563;0.00741479;0.24965;-0.0103068;0.105322;0.00759647;0.0994741;0;1;0;0.71147;0;1;
47;-0.149014;0.0311424;-0.148133;0.0501137;-0.147805;0.151873;0.250226;0.0347802;0.246128;-0.108784;0.250114;-0.101355;0.00432972;0.221952;-0.00601953;0.117769;0.00443565;0.114536;0;1;0;0.696021;0;1;
48;-0.0809029;0.0120637;-0.0803886;-0.0185731;-0.0801975;0.0825757;0.251303;0.0416392;0.251793;-0.101739;0.25098;-0.124235;0.00252808;0.226517;-0.00351582;0.112826;0.00258975;0.088947;0;1;0;0.776193;0;1;
49;0.00898732;-0.0491903;0.0092876;-0.0940201;0.00939925;-0.00799767;0.236952;0.0365789;0.237405;-0.0817176;0.235645;-0.120272;0.00147586;0.208;-0.00205376;0.121598;0.00151184;0.0899562;0;1;0;0.909108;0;1;
50;0.107703;-0.131179;0.107879;-0.179041;0.107944;-0.107107;0.218615;0.0465535;0.21375;-0.0591583;0.213099;-0.112377;0.000861527;0.197063;-0.00119977;0.118353;0.000882267;0.0875531;0;1;0;1;0;1;
51;0.188068;-0.201771;0.18817;-0.251947;0.188209;-0.187704;0.210039;0.0658868;0.206463;-0.0345031;0.187033;-0.0961648;0.000502695;0.184087;-0.000701083;0.116828;0.0005149;0.0822532;0;1;0;1;0;0.938696;
52;0.231992;-0.24026;0.240803;-0.293521;0.240825;-0.24052;0.187905;0.0644895;0.185815;0.0113934;0.174468;-0.058554;-0.0097533;0.15648;-0.000409786;0.128201;0.000300055;0.0705878;0.565804;1;0;1;0;1;
53;0.243303;-0.239392;0.271548;-0.304505;0.271562;-0.25435;0.154162;0.0648797;0.152937;0.0476913;0.146311;-0.0246116;-0.00762974;0.127693;-0.000239758;0.124118;0.000174803;0.0412296;0.969072;0.682626;0;0.913169;0;1;
54;0.229044;-0.264144;0.28753;-0.303137;0.286004;-0.247839;0.107943;0.0765827;0.106509;0.077422;0.102641;0.0174661;0.0274872;0.0912579;-0.000140308;0.106217;0.0186039;0.0240784;1;0.722832;0;0.654451;0.228172;1;
55;0.236276;-0.27476;0.29723;-0.313641;0.252409;-0.265479;0.0474909;0.0793138;0.04224;0.100796;0.0725964;0.0779434;0.0487462;0.0532976;0.0166887;0.0620377;0.0873027;-0.0206451;1;0.272097;0.786708;0.349548;0.642047;1;
56;0.235136;-0.279068;0.297649;-0.301774;0.224175;-0.273612;-0.027946;0.110462;-0.0394613;0.123008;0.0523232;0.109666;0.0917372;0.0311251;0.0789853;0.0362292;0.15203;-0.0146423;0.989277;0;1;0.0109365;1;0.913898;
57;0.213418;-0.26968;0.280528;-0.28294;0.172786;-0.266848;-0.100398;0.161855;-0.106317;0.169182;0.0550814;0.161392;0.0962025;0.0181766;0.0735643;0.0211572;0.219123;-0.00855095;0.78922;0;1;0;1;0.51402;
58;0.183572;-0.246771;0.253101;-0.254515;0.14975;-0.245117;-0.117767;0.204609;-0.123799;0.208887;0.0414206;0.204338;0.112428;0.0106146;0.0841183;0.0123551;0.228849;-0.00499429;0.862119;0;1;0;1;0;
59;0.153133;-0.212039;0.215729;-0.216561;0.0958263;-0.211072;-0.121804;0.231999;-0.117986;0.234497;0.0272898;0.231841;0.112873;0.00619826;0.0975913;0.00721489;0.216421;-0.00291703;0.790875;0;1;0;1;0;
60;0.110387;-0.165246;0.167402;-0.167887;0.0439023;-0.164682;-0.128773;0.247237;-0.128867;0.248696;0.0300147;0.247144;0.0972665;0.00361919;0.0882089;0.00421289;0.219438;-0.00170405;0.931305;0;1;0;1;0;
61;0.052378;-0.102332;0.103599;-0.103874;0.0127991;-0.102002;-0.116486;0.249844;-0.129369;0.253825;0.0191469;0.253918;0.11324;0.00211302;0.0924114;0.00245983;0.199324;-0.000995666;0.951081;0;1;0;1;0;
62;-0.0204808;-0.0179878;0.0187435;-0.0188881;-0.0343032;-0.017795;-0.102744;0.242184;-0.135162;0.243853;0.02159;0.244436;0.102721;0.00123338;0.0735698;0.00143603;0.197668;-0.000581946;1;0;1;0;1;0;
63;-0.105645;0.0811397;-0.0806779;0.0806138;-0.111676;0.0812522;-0.0830919;0.219244;-0.124998;0.224156;0.0239782;0.222111;0.102207;0.000719771;0.0693117;0.000838592;0.186949;-0.000340401;1;0;1;0.133445;1;0;
64;-0.182968;0.168639;-0.16835;0.162267;-0.178884;0.168705;-0.0465721;0.188913;-0.0974416;0.217651;0.018289;0.211913;0.116949;0.000419811;0.068077;-0.00759758;0.169674;-0.000199178;1;0;1;0.426411;1;0;
65;-0.237071;0.2287;-0.22852;0.166037;-0.180605;0.228739;-0.0176441;0.180594;-0.0851812;0.19738;0.0222698;0.194026;0.124509;0.00024466;0.039765;-0.0238077;0.159456;-0.000116774;0.837189;0;1;0.695325;0.871055;0;
66;-0.26903;0.264741;-0.263791;0.150568;-0.205267;0.264764;0.0135823;0.156107;-0.0566333;0.165916;0.0270022;0.163952;0.120875;0.00014245;0.0232223;-0.0179693;0.140336;-6.86379e-05;0.642423;0;1;1;0.530058;0;
67;-0.26368;0.284246;-0.257369;0.164529;-0.203201;0.284259;0.0534997;0.116722;0.00276321;0.12467;0.0304776;0.121302;0.112553;8.28166e-05;-0.0244372;-0.0116199;0.0925632;-4.05577e-05;0.460345;0;1;1;0.151569;0;
68;-0.276362;0.280197;-0.27039;0.204077;-0.229593;0.292514;0.0887216;0.0595159;0.0376853;0.0641656;0.0101845;0.0621851;0.0702698;0.0592274;-0.0595173;0.00419116;0.0540578;-2.40332e-05;0.00967226;0.409475;1;1;0;0;
69;-0.282268;0.25584;-0.275719;0.226712;-0.254955;0.298974;0.103912;0.0328235;0.0741038;-0.0146125;0.0580461;-0.0157805;0.0410367;0.136625;-0.0717855;0.0502796;0.0315691;0.0268049;0;0.413771;1;1;0;0.880663;
70;-0.275441;0.215854;-0.278841;0.197915;-0.25949;0.280159;0.151069;0.0357597;0.133657;-0.0955355;0.124283;-0.099592;0.0239648;0.202488;-0.0451161;0.0768907;0.018436;0.0358439;0;0.849225;1;0.956606;0;1;
71;-0.255365;0.18363;-0.257645;0.183295;-0.24605;0.258118;0.196329;0.0347666;0.186158;-0.129736;0.180686;-0.13899;0.0139949;0.216198;-0.028959;0.0946675;0.0107663;0.0609646;0;1;0.302904;0.722095;0;1;
72;-0.223335;0.0968042;-0.224666;0.168799;-0.217896;0.224937;0.226978;-0.00157422;0.221038;-0.129995;0.217843;-0.102268;0.00817247;0.181436;-0.0169122;0.108249;0.0062868;0.112354;0;1;0;0.615564;0;1;
73;-0.179852;0.086049;-0.18063;0.114832;-0.176676;0.180787;0.244675;0.0137248;0.241206;-0.139497;0.23934;-0.138722;0.00477231;0.202767;-0.00987701;0.0897369;0.0036708;0.0774566;0;0.998796;0;0.652101;0;1;
74;-0.12183;0.0668931;-0.122284;0.0586801;-0.119975;0.12238;0.253206;-0.0006972;0.25118;-0.122423;0.25009;-0.13616;0.00278641;0.183417;-0.00576869;0.10337;0.00214321;0.0776528;0;0.951076;0;0.771991;0;1;
75;-0.0435208;0.0114334;-0.043786;-0.00795417;-0.0424378;0.0438559;0.247651;-0.00683177;0.2463;-0.108909;0.245029;-0.134992;0.00162691;0.166437;-0.00336922;0.106097;0.00125088;0.0787117;0;1;0;0.76217;0;1;
76;0.0536686;-0.0724082;0.0535137;-0.0917513;0.0543013;-0.0534536;0.230637;0.00847405;0.23041;-0.107378;0.227552;-0.140582;0.000949607;0.171627;-0.00196811;0.0862448;0.000729951;0.0617635;0;1;0;0.882604;0;1;
77;0.138035;-0.157936;0.146962;-0.174173;0.147422;-0.146907;0.20423;-0.000694402;0.197204;-0.065007;0.196678;-0.106995;-0.00509711;0.145134;-0.00114975;0.0974565;0.00042573;0.0687952;0.369797;0.970118;0;0.932286;0;1;
78;0.169335;-0.159474;0.214801;-0.230701;0.215069;-0.214753;0.191394;0.00116687;0.190226;-0.037084;0.189918;-0.0972223;-0.0281613;0.134475;-0.000671759;0.113164;0.000247994;0.0401881;0.871834;0.979844;0;0.72732;0;1;
79;0.142325;-0.197215;0.256717;-0.266007;0.256874;-0.251072;0.168233;0.00995456;0.167548;-0.00824634;0.167369;-0.0671261;-0.0250027;0.114966;-0.000392756;0.105108;0.000144376;0.0234705;1;0.663701;0;0.616813;0;1;
80;0.152086;-0.196952;0.280139;-0.279958;0.280231;-0.267427;0.131468;0.0107034;0.131061;0.0316927;0.130956;-0.0286003;-0.0232048;0.0838158;-0.000229772;0.099872;8.3858e-05;-0.010186;1;0.322947;0;0.447143;0;1;
81;0.204162;-0.235142;0.291155;-0.278861;0.291864;-0.267101;0.0878245;0.00477063;0.0783921;0.0802534;0.078332;-0.00148493;-0.014266;0.0489487;-0.000134425;0.0879296;0.0104486;-0.0585955;1;0;0;0.350946;0.165957;1;
82;0.234118;-0.260105;0.294628;-0.283541;0.262202;-0.275259;0.0115937;0.0424932;0.00607159;0.0933374;0.0297245;0.0388372;0.01789;0.0285853;0.00108459;0.0513509;0.123162;-0.0738827;1;0;0.505076;0.035872;0.201813;1;
83;0.19611;-0.26592;0.264938;-0.279606;0.224565;-0.281057;-0.0748686;0.10647;-0.0781032;0.136163;0.0272826;0.104329;0.0644892;0.0166935;0.0164668;0.0299883;0.180575;-0.0620551;1;0;0.998767;0;0.761436;1;
84;0.18431;-0.254734;0.252693;-0.262727;0.209812;-0.26651;-0.130565;0.167304;-0.150729;0.184645;0.04055;0.166047;0.0832113;0.00974865;0.0288915;0.0175125;0.226321;-0.0503701;1;0;1;0;1;0.973773;
85;0.181387;-0.228926;0.224857;-0.233594;0.111871;-0.235803;-0.139288;0.209548;-0.118418;0.219675;0.00445336;0.208814;0.0936394;0.00569275;0.0945074;0.0102267;0.192869;-0.0294167;1;0;1;0;1;0;
86;0.142454;-0.190539;0.188163;-0.193265;0.0864926;-0.194555;-0.141223;0.234758;-0.124347;0.240672;0.00173004;0.234329;0.0943547;0.00332384;0.0885667;0.00597191;0.188317;-0.0171794;1;0;1;0;1;0;
87;0.0928778;-0.138104;0.136722;-0.139697;0.0417707;-0.14045;-0.150719;0.248038;-0.143112;0.251491;0.0101231;0.247787;0.073928;0.00194064;0.0688739;0.003487;0.200116;-0.0100333;1;0;1;0;1;0;
88;0.0273944;-0.0664876;0.0656937;-0.0674169;0.0102238;-0.067857;-0.121682;0.245595;-0.128549;0.247109;-0.0113859;0.246648;0.0974729;0.00113272;0.0822383;0.00203585;0.16463;-0.00585985;1;0;1;0;1;0;
89;-0.0551046;0.026464;-0.0269085;0.0259213;-0.0593218;0.0256642;-0.122439;0.233979;-0.142577;0.23653;0.00454625;0.237586;0.0751277;0.00066089;0.061087;0.00118848;0.17457;-0.00342255;1;0;1;0;1;0;
90;-0.143845;0.123694;-0.123931;0.123377;-0.142878;0.123227;-0.0935338;0.208745;-0.121569;0.206423;0.00722737;0.205195;0.0807132;0.000385478;0.064567;0.000693497;0.149768;-0.00199935;1;0;1;0;1;0;
91;-0.221244;0.199201;-0.19932;0.199016;-0.210397;0.198928;-0.0572373;0.20128;-0.0977645;0.19956;0.0160929;0.198732;0.0783975;0.000224533;0.0623012;0.000404634;0.131228;-0.00116797;1;0;1;0;1;0;
92;-0.264754;0.247478;-0.247536;0.236457;-0.241161;0.247319;-0.0218515;0.179481;-0.0681383;0.178477;0.0229708;0.177993;0.0818671;0.000130675;0.04349;-0.0123649;0.108522;-0.000682531;1;0;1;0.455584;1;0;
93;-0.285304;0.275212;-0.269496;0.236802;-0.255446;0.275119;0.0141978;0.14507;-0.036722;0.144487;0.0264487;0.144202;0.080476;7.58662e-05;0.0253998;-0.0117272;0.0807309;-0.000399037;1;0;1;0.886455;0.900759;0;
94;-0.294135;0.289173;-0.27891;0.235806;-0.27532;0.289118;0.0587861;0.096238;0.0210824;0.0959064;0.0289612;0.0957305;0.0701294;4.38954e-05;-0.0142922;0.00512864;0.0471542;-0.000233424;0.887362;0;1;1;0.602834;0;
95;-0.302047;0.279203;-0.286855;0.234693;-0.28017;0.293237;0.0775669;0.0287531;0.0397729;0.0405943;0.0348327;0.0284478;0.0409559;0.0760436;-0.0232137;0.0471328;0.0261106;-0.00013666;0;0.564649;1;1;0.423923;0;
96;-0.293367;0.23668;-0.300421;0.229518;-0.286193;0.288722;0.116621;0.0112501;0.0945533;-0.0406487;0.0916636;-0.054702;0.0239177;0.143143;-0.0324645;0.0816574;0.0125786;0.0370174;0;0.836944;1;1;0;0.912297;
97;-0.275345;0.199097;-0.283178;0.209905;-0.271154;0.272627;0.168953;0.0165805;0.156068;-0.106769;0.154378;-0.132172;0.0139674;0.188188;-0.0198298;0.0990747;0.00734553;0.063958;0;1;0.689315;0.696601;0;1;
98;-0.246636;0.124278;-0.251211;0.195497;-0.24419;0.245043;0.209613;0.00659653;0.202088;-0.136431;0.201101;-0.131803;0.00815631;0.188894;-0.0115809;0.0973504;0.00428932;0.0748871;0;1;0;0.571336;0;1;
