1;-0.000363587;0.000116064;9.94837e-05;-0.000363587;0.000116064;9.94836e-05;0.034977;0.0347457;0.0352595;0.0349769;0.0347456;0.0352595;0.808667;0.808665;0.808666;0.808667;0.808665;0.808666;0;0;0;0;0;0;
2;-0.00799828;0.0142013;-0.0023993;0.0217976;0.00456892;0.00327474;0.252339;0.221597;0.253685;0.207116;0.226709;0.2278;0.472488;0.472431;0.472494;0.47246;0.472497;0.472501;1;1;1;1;1;1;
3;-0.00424575;0.0135971;-0.000976086;0.0150628;0.00139744;0.000905441;0.147464;0.129329;0.148248;0.120876;0.132495;0.132959;0.275965;0.275919;0.275966;0.275939;0.275968;0.275967;1;0;0.842354;0.451828;0.65226;0.714037;
4;-0.00184464;0.00730577;6.49914e-05;0.00816222;-0.000471453;-0.00148341;0.0861042;0.0755532;0.0865587;0.0706211;0.0773603;0.077682;0.161178;0.161138;0.161176;0.161154;0.161177;0.161174;0.915971;0;0.955032;0.373273;0.828957;0.948286;
5;-0.00020124;0.00339034;0.000911779;0.00389096;0.000600544;-0.00357967;0.0608927;0.0443766;0.0536596;0.0415005;0.0490373;0.0456273;0.0941355;0.0941038;0.0941332;0.0941166;0.0941339;0.0941301;1;0;1;0.412051;0.81508;0.89949;
6;0.000989701;0.000872487;0.00114698;0.00116552;0.00140785;-0.00390001;0.0489832;0.026573;0.0497643;0.0251656;0.0399989;0.0355541;0.0549807;0.0549568;0.0549794;0.0549667;0.0549785;0.0549754;1;0.131087;1;0.497166;0.753722;0.967015;
7;0.00182112;-0.000733772;0.00157715;0.000351292;0.00206532;-0.00365432;0.0435715;0.0168194;0.0461397;0.0254957;0.0385827;0.0337869;0.0321127;0.0320956;0.0321128;0.0321026;0.0321114;0.0321087;1;0.263789;1;0.489953;0.771668;0.951372;
8;0.00137553;-0.00156222;0.00110472;0.000504868;0.00161509;-0.00364994;0.0398365;0.0120689;0.0416733;0.0255185;0.0372491;0.0333399;0.0187575;0.018744;0.0187585;0.0187498;0.0187569;0.018754;1;0.43847;1;0.48759;0.797825;0.920736;
9;0.000197658;-0.00210465;-4.4233e-05;0.00168117;0.000605519;-0.00267005;0.0348844;0.00661271;0.0372025;0.0261955;0.0360471;0.0335292;0.0109576;0.010947;0.0109593;0.0109515;0.010958;0.0109548;1;0.473678;1;0.466725;0.827639;0.901809;
10;-0.00078003;-0.000333983;-0.000921176;0.00505908;-0.000541768;-0.000664125;0.0325875;0.00682566;0.0351281;0.028133;0.0356876;0.035465;0.00640253;0.0063931;0.00920639;0.00639714;0.00812508;0.00639966;1;0.382906;1;0.452239;0.868609;0.875524;
11;-0.00410175;0.00345102;-0.00418423;0.00721764;-0.00396247;0.00325809;0.028707;0.00802493;0.031204;0.0303791;0.0350118;0.0373983;0.00494389;0.00373326;0.0102142;0.00373715;0.00888971;0.00373935;1;0.159201;1;0.436302;0.905235;0.846966;
12;-0.0106954;0.0103152;-0.0107436;0.0125152;-0.0106138;0.0102023;0.0247379;0.0115726;0.0275861;0.0326166;0.034607;0.0390865;0.00483109;0.00217993;0.00954052;0.00218361;0.0101736;0.00218557;1;0;1;0.425655;0.940969;0.817217;
13;-0.0217043;0.0214821;-0.0217325;0.0227673;-0.0216564;0.021416;0.0242315;0.012807;0.0264882;0.0331641;0.0338898;0.0386634;0.00554066;0.00127279;0.00948916;0.00127631;0.0110665;0.00127811;1;0;0.99672;0.426093;0.948621;0.800679;
14;-0.0381719;0.038042;-0.0381884;0.0387928;-0.0381436;0.038003;0.029866;0.00845472;0.031177;0.0314888;0.0349215;0.0360505;0.00631732;0.000743077;0.00892735;0.000746513;0.00981694;0.000748253;1;0.0434107;0.953511;0.452452;0.920375;0.825504;
15;-0.0603737;0.060297;-0.0603833;0.0607366;-0.0603569;0.0602746;0.0422681;0.00737375;0.0417633;0.0245404;0.0371374;0.0281845;0.00532194;0.00043474;0.00851563;0.000437677;0.00573637;0.00159878;1;0.278775;0.995599;0.690469;0.777245;0.959974;
16;-0.0867743;0.0867285;-0.0867799;0.0869868;-0.0867644;0.086716;0.0530513;0.00204587;0.0559922;0.00550702;0.0380627;0.0126492;0.00426406;0.00524653;0.00497586;0.00435678;0.00335123;0.00746109;0.822847;0.681799;0.948692;0.810442;0.479653;1;
17;-0.113141;0.113113;-0.113144;0.113266;-0.113136;0.113107;0.0638619;-0.014262;0.0655797;-0.0296558;0.0551054;-0.0251354;0.00249117;0.0127348;0.0029074;0.00755993;0.00195671;0.0118894;0.588284;1;0.769599;0.877377;0;1;
18;-0.132814;0.132795;-0.132816;0.132887;-0.132811;0.132793;0.09886;-0.0513806;0.0998632;-0.0788792;0.0937463;-0.0762354;0.00145442;0.0241449;0.00169757;0.00920829;0.00114231;0.0101792;0;1;0;0.73916;0;1;
19;-0.13832;0.151316;-0.138321;0.138363;-0.138318;0.138307;0.145517;-0.117775;0.146103;-0.133845;0.142531;-0.132296;0.000849018;0.0240006;0.000990968;0.00705087;0.000666691;0.00935368;0;1;0;0.498149;0;1;
20;-0.123571;0.131162;-0.123572;0.123597;-0.12357;0.123563;0.187106;-0.164283;0.187448;-0.180286;0.185362;-0.179377;0.00049538;0.0140202;0.000578253;0.00411949;0.00038888;0.00561301;0;1;0;0.565385;0;1;
21;-0.0843878;0.0888203;-0.0843882;0.084403;-0.0843873;0.0843829;0.215591;-0.187061;0.215791;-0.211606;0.214572;-0.211073;0.00028886;0.00818988;0.000337284;0.0024069;0.000226607;0.00327894;0;1;0;0.615597;0;1;
22;-0.017306;0.0198946;-0.0173063;0.0173153;-0.0173058;0.017303;0.230923;-0.185451;0.23104;-0.22785;0.230328;-0.220536;0.000168191;0.00478339;0.000196469;0.00140617;0.000131819;0.00191477;0;1;0;0.649553;0;1;
23;0.0725448;-0.0710326;0.0725446;-0.072539;0.0725449;-0.0725469;0.225815;-0.162865;0.224782;-0.211368;0.228439;-0.205844;9.77285e-05;0.0027927;0.000114216;0.000820893;7.64395e-05;0.00111808;0;1;0;0.683845;0;1;
24;0.159619;-0.158736;0.159618;-0.159615;0.159619;-0.15962;0.192451;-0.140296;0.196725;-0.177303;0.221978;-0.185246;5.67553e-05;-0.0169042;6.62162e-05;-0.00770171;4.41019e-05;-0.00510221;0;1;0;0.727709;0;1;
25;0.22249;-0.221976;0.22249;-0.222488;0.22249;-0.222492;0.159986;-0.0851224;0.188132;-0.122555;0.202879;-0.148937;3.2813e-05;-0.00987164;3.82105e-05;-0.00449699;2.52358e-05;-0.00297952;0;1;0;1;0;1;
26;0.261128;-0.26083;0.261128;-0.261126;0.261128;-0.26113;0.147766;-0.0282577;0.164203;-0.0628981;0.172815;-0.107956;1.86512e-05;0.024652;2.19543e-05;0.0141018;1.42207e-05;-0.00173976;0;1;0;0.864384;0;0.975642;
27;0.282491;-0.282321;0.282493;-0.282492;0.282493;-0.282495;0.116761;0.00407104;0.126355;-0.0103614;0.131385;-0.0251354;0.00393924;0.0148553;1.24313e-05;0.021731;7.8423e-06;0.00694889;0.823686;1;0;0.835101;0;1;
28;0.292154;-0.292055;0.292154;-0.292153;0.292154;-0.292156;0.0662741;0.0281013;0.0718754;0.0406848;0.0748122;0.0577575;0.0113298;0.00867702;0.0208013;0.0126928;0.0227132;0.0234655;1;0.570921;1;0.457273;0.708507;1;
29;0.29318;-0.293124;0.287233;-0.29273;0.300027;-0.296478;-0.00557303;0.0606915;-0.00229321;0.0680403;0.000562046;0.0780122;0.0102184;0.00506697;0.028391;0.00741216;0.0377638;0.0137042;0.608929;0;1;0;1;0.148493;
30;0.284028;-0.283995;0.280555;-0.283765;0.288028;-0.285954;-0.0883247;0.120515;-0.0863974;0.124807;-0.0847265;0.13063;0.00596949;0.00295872;0.0270443;0.00432834;0.0358793;0.00800278;0.619731;0;1;0;1;0;
31;0.263529;-0.26351;0.2615;-0.263376;0.265866;-0.264654;-0.157938;0.176739;-0.156805;0.179245;-0.155825;0.182646;0.00348723;0.00172746;0.0157984;0.00252734;0.0209596;0.00467319;0.822496;0;1;0;1;0;
32;0.231899;-0.231889;0.230715;-0.23181;0.233265;-0.232557;-0.204296;0.215275;-0.195569;0.216739;-0.190947;0.218725;0.00203628;0.0010083;0.0209024;0.00147552;0.0122431;0.00272865;0.846846;0;1;0;1;0;
33;0.189601;-0.189595;0.18891;-0.18955;0.1904;-0.189986;-0.231608;0.23802;-0.226505;0.238875;-0.209042;0.240035;0.00118824;0.000588364;0.0122083;0.000861183;0.00715064;0.00159304;1;0;1;0;1;0;
34;0.133961;-0.133958;0.133558;-0.133932;0.134429;-0.134186;-0.24598;0.249725;-0.224127;0.250224;-0.202836;0.250901;0.000692432;0.000343065;0.00712969;0.000502384;0.00417564;0.000929772;0.830763;0;1;0;1;0;
35;0.0592008;-0.0591993;0.0589664;-0.0591842;0.0594752;-0.059333;-0.245267;0.249652;-0.217009;0.249316;-0.194456;0.249538;0.00040278;0.000199797;0.00416443;0.00029287;0.00243806;0.000542444;0.919068;0;1;0;1;0;
36;-0.0359088;0.0359095;-0.0360445;0.0359177;-0.0357474;0.0358308;-0.224422;0.228243;-0.206129;0.236117;-0.177979;0.236543;-0.00665328;0.000116105;0.00243301;0.000170508;0.0014232;0.00031626;1;0;1;0;1;0;
37;-0.132203;0.132203;-0.13228;0.132207;-0.132108;0.132156;-0.183944;0.202303;-0.18005;0.204358;-0.151352;0.227967;-0.00388641;6.72232e-05;-0.0164159;9.91039e-05;0.00083071;0.000184241;1;0;1;0;1;0;
38;-0.205018;0.205018;-0.205063;0.20502;-0.204963;0.20499;-0.136312;0.187756;-0.1577;0.197309;-0.103817;0.211096;-0.00226938;3.88619e-05;-0.00958651;5.73901e-05;-0.00394687;0.000107071;1;0;0.973349;0;1;0;
39;-0.250954;0.250953;-0.250979;0.250954;-0.250923;0.250937;-0.0885008;0.1696;-0.116886;0.175179;-0.049475;0.18323;0.0102925;2.21325e-05;-0.0055977;3.30665e-05;0.0154303;6.20993e-05;1;0;0.973115;0;1;0;
40;-0.277084;0.277082;-0.277097;0.277083;-0.277067;0.277072;-0.00921421;0.13677;-0.0670429;0.140028;0.0122546;0.144731;0.0185668;1.24795e-05;-0.00326894;1.89042e-05;0.0176243;3.5881e-05;1;0;0.815601;0;1;0;
41;-0.289953;0.28995;-0.28996;0.289951;-0.289943;0.289945;0.0817462;0.087928;-0.047204;0.0898297;0.053861;0.0925786;0.0453764;0.0142287;-0.00190806;9.13466e-05;0.0213502;0.00387749;1;0.380359;0.63852;0.584971;0.897116;0.99357;
42;-0.293162;0.288694;-0.293166;0.29136;-0.293157;0.293158;0.095291;0.0254503;0.00436333;0.0205307;0.0653208;0.0221477;0.0265006;0.0312275;-0.00111455;5.49699e-05;0.0124685;0.0275771;0.367994;1;0;0.550037;0;1;
43;-0.287143;0.284533;-0.287145;0.286089;-0.28714;0.287141;0.130947;-0.0604184;0.0778451;-0.0633051;0.113444;-0.0623513;0.0154758;0.0323496;-0.000651196;0.00509915;0.00728112;0.0204974;0;1;0;0.475882;0;1;
44;-0.270065;0.268539;-0.270066;0.269448;-0.270063;0.270064;0.179067;-0.137865;0.148056;-0.139563;0.168846;-0.138999;0.00903731;0.0195808;-0.000380678;0.00297939;0.00425175;0.0119739;0;1;0;0.400888;0;1;
45;-0.241493;0.240601;-0.241493;0.241132;-0.241492;0.241493;0.215909;-0.191837;0.197799;-0.192838;0.20994;-0.192503;0.00527725;0.0114377;-0.000222763;0.00174054;0.00248254;0.00699375;0;1;0;0.515433;0;1;
46;-0.202303;0.201781;-0.202303;0.202092;-0.202302;0.202303;0.238572;-0.216531;0.227996;-0.225097;0.235086;-0.224899;0.00308137;0.00667913;-0.000130577;0.00101625;0.00144927;0.00408385;0;1;0;0.783234;0;1;
47;-0.150864;0.15056;-0.150865;0.15074;-0.150864;0.150865;0.250609;-0.213347;0.244432;-0.242739;0.248573;-0.238294;0.00179895;0.00389875;-7.68119e-05;0.000591734;0.000845832;0.0023835;0;1;0;0.933083;0;1;
48;-0.0819836;0.0818054;-0.0819838;0.0819106;-0.0819837;0.0819847;0.252517;-0.210873;0.25148;-0.246674;0.252256;-0.237363;0.00105003;0.00227445;-4.54534e-05;0.000343943;0.000493439;-0.0117089;0;1;0;0.981019;0;1;
49;0.00835619;-0.0084608;0.00835606;-0.00839878;0.00835597;-0.00835525;0.240192;-0.197711;0.241022;-0.226531;0.234305;-0.231261;0.000612666;-0.00774745;-2.70927e-05;-0.00305039;0.000287608;-0.00684074;0;1;0;0.946146;0;1;
50;0.107335;-0.107397;0.107335;-0.10736;0.107335;-0.107334;0.211816;-0.166939;0.212089;-0.200307;0.212177;-0.211923;0.000357291;-0.00741748;-1.6332e-05;-0.00299984;0.00016741;-0.0109587;0;1;0;0.816171;0;1;
51;0.187853;-0.187891;0.187853;-0.187868;0.187852;-0.187852;0.197281;-0.125236;0.198317;-0.151794;0.176821;-0.178475;0.000208261;-0.00865775;-9.937e-06;-0.00387867;9.72971e-05;-0.00640164;0;1;0;1;0;1;
52;0.240616;-0.240642;0.240617;-0.240627;0.240617;-0.240617;0.180454;-0.0814701;0.181058;-0.0947115;0.168504;-0.158151;0.000121581;-0.00505506;-6.32292e-06;0.0126498;5.63499e-05;-0.00373984;0.668964;1;0;1;0;1;
53;0.271437;-0.271456;0.27144;-0.271446;0.27144;-0.271441;0.149814;-0.0642496;0.150159;-0.0639341;0.142828;-0.135405;0.0103659;-0.00295075;-4.10102e-06;0.0077496;3.24599e-05;-0.00218488;0.959406;0.67349;0;0.929609;0;1;
54;0.287463;-0.287477;0.287467;-0.28747;0.287467;-0.287468;0.122974;-0.0364739;0.104886;-0.0218204;0.100605;-0.0962635;0.0204798;-0.00172329;-2.78842e-06;0.00452654;1.85875e-05;-0.001276;1;0.465744;0;0.512273;0;1;
55;0.291695;-0.293164;0.293159;-0.29316;0.293159;-0.29316;0.0518698;-0.00133876;0.0412881;0.00722025;0.0387883;-0.0362415;0.0279972;-0.00100681;-2.04705e-06;0.00264366;1.05867e-05;0.00644317;1;0;0;0.302561;0;1;
56;0.27127;-0.289816;0.289813;-0.289814;0.289813;-0.289814;-0.0338374;0.0633613;-0.0400336;0.0683595;-0.041489;0.042991;0.0211987;-0.000588243;-1.41467e-06;0.00154342;0.0140783;0.0091471;1;0;0;0;0.667587;1;
57;0.265125;-0.275957;0.275955;-0.275956;0.275955;-0.275956;-0.117099;0.134348;-0.120721;0.137267;-0.121568;0.12246;0.0159532;-0.000343971;0.00160725;0.000901046;0.0149031;0.00960956;0.960654;0;1;0;0.941734;0.830932;
58;0.244112;-0.250437;0.250436;-0.250437;0.250437;-0.250437;-0.17847;0.188545;-0.180579;0.19025;-0.181069;0.181602;0.00931883;-0.000201297;0.000940263;0.000525813;0.017287;0.00561144;0.872028;0;1;0;1;0;
59;0.210486;-0.21418;0.214179;-0.214179;0.21418;-0.214179;-0.216732;0.222618;-0.217959;0.223613;-0.21436;0.218563;0.00544339;-0.000118045;0.000549743;0.00030664;0.0100959;0.00327663;1;0;1;0;1;0;
60;0.16434;-0.166496;0.166497;-0.166496;0.166498;-0.166496;-0.23832;0.241758;-0.233763;0.24234;-0.211712;0.239391;0.00317916;-6.94733e-05;0.000320429;0.000178586;0.00589459;0.00191305;1;0;1;0;1;0;
61;0.101803;-0.103062;0.103063;-0.103062;0.103064;-0.103062;-0.248763;0.250772;-0.216249;0.251112;-0.203413;0.249389;0.00185648;-4.11349e-05;0.000186432;0.000103792;0.00344078;0.00111668;1;0;1;0;1;0;
62;0.017679;-0.0184145;0.0184154;-0.0184144;0.0184164;-0.0184144;-0.232824;0.243256;-0.21265;0.24412;-0.192525;0.244643;0.0010836;-2.45858e-05;0.00265739;6.00858e-05;0.00200784;0.000651681;1;0;1;0;1;0;
63;-0.0813201;0.08089;-0.0808892;0.0808904;-0.0808875;0.0808904;-0.209691;0.218139;-0.201095;0.225772;-0.169853;0.223098;0.000632327;-1.4932e-05;0.00155263;3.45864e-05;0.00117122;0.000380053;1;0;0.980174;0;1;0;
64;-0.168744;0.168493;-0.168492;0.168493;-0.16849;0.168493;-0.168991;0.18816;-0.172734;0.218355;-0.136436;0.191794;-0.0064384;-9.26913e-06;-0.00091053;1.97181e-05;-0.000822954;0.000221676;1;0;0.894068;0;1;0;
65;-0.228762;0.228615;-0.228615;0.228615;-0.228614;0.228615;-0.121584;0.180154;-0.137182;0.197788;-0.0827946;0.182276;-0.00375948;-5.92709e-06;-0.00367153;1.10609e-05;-0.00533365;0.000128863;1;0;1;0;1;0;
66;-0.264778;0.264691;-0.264691;0.264691;-0.264691;0.264691;-0.059024;0.15585;-0.0947809;0.166149;-0.0320455;0.15709;-5.24517e-05;-3.97285e-06;-0.00214363;6.01094e-06;0.00672182;7.48441e-05;1;0;1;0;0.996306;0;
67;-0.284268;0.284216;-0.284217;0.284216;-0.284217;0.284216;0.0346527;0.116572;-0.0418122;0.122586;0.00884273;0.117298;0.0259892;-2.69192e-06;-0.00125131;3.04556e-06;-0.0423648;4.43204e-05;1;0;1;0;1;0.554671;
68;-0.29252;0.292487;-0.292489;0.292488;-0.292489;0.292491;0.0830663;0.0594311;-0.0157648;0.0629377;0.0384789;0.0651633;0.0292961;0.0247858;-0.000730522;0.00623343;-0.0247413;0.0241169;1;0.85992;0;0.304361;0.319394;1;
69;-0.293507;0.28235;-0.291796;0.28127;-0.291686;0.303489;0.10061;-0.0170244;0.042892;-0.0153416;0.0745701;-0.0140302;0.0171087;0.0339279;-0.000426937;0.00420402;-0.0144492;0.0241305;0;1;0;0.445582;0;1;
70;-0.282005;0.275487;-0.281005;0.274857;-0.280941;0.287836;0.149141;-0.100313;0.115434;-0.0993427;0.133934;-0.0985693;0.00999097;0.0214225;-0.000249671;0.00448976;-0.00843868;0.0140965;0;1;0;0.47522;0;1;
71;-0.259198;0.255391;-0.258615;0.255023;-0.258577;0.262605;0.195203;-0.166677;0.175518;-0.166119;0.186322;-0.165662;0.00583423;0.0125134;-0.00014622;0.00293717;-0.00492861;0.00823404;0;1;0;0.692827;0;1;
72;-0.225574;0.22335;-0.225233;0.223135;-0.225211;0.227565;0.226321;-0.209653;0.214825;-0.209334;0.221135;-0.209064;0.00340668;0.0073084;-8.5874e-05;0.00171635;-0.00287877;0.00480838;0;1;0;0.646662;0;1;
73;-0.18116;0.17986;-0.180961;0.179734;-0.180948;0.182323;0.244291;-0.222632;0.237578;-0.234369;0.241263;-0.234211;0.00198889;0.00426614;-5.06085e-05;0.00100255;-0.0016816;0.00280705;0;1;0;0.700102;0;1;
74;-0.122593;0.121834;-0.122477;0.12176;-0.12247;0.123275;0.252982;-0.207338;0.249061;-0.247015;0.251213;-0.219139;0.00116097;-0.0061622;-3.01034e-05;0.000584855;-0.000982662;-0.02794;0;1;0;0.73041;0;1;
75;-0.0439665;0.0435239;-0.0438986;0.0434788;-0.0438956;0.0443658;0.24607;-0.194756;0.245654;-0.238666;0.248091;-0.232605;0.000677477;-0.00360015;-1.80384e-05;0.000340527;-0.000574422;-0.0163182;0;1;0;0.573723;0;1;
76;0.0534089;-0.0536655;0.0534485;-0.0536955;0.0534488;-0.0531742;0.231693;-0.173197;0.231026;-0.223227;0.224643;-0.215022;0.000395084;-0.00210334;-1.11274e-05;-0.00445826;-0.000335988;-0.00953094;0;1;0;1;0;1;
77;0.146901;-0.14705;0.146924;-0.14707;0.146924;-0.146764;0.222909;-0.149971;0.22146;-0.18437;0.199125;-0.196284;0.000230236;-0.00122879;-7.02445e-06;-0.00498155;-0.000196697;-0.019075;0;1;0;0.641468;0;1;
78;0.214765;-0.214852;0.214778;-0.214865;0.214778;-0.214684;0.205237;-0.100884;0.204391;-0.137703;0.191348;-0.159842;0.000133947;-0.00753309;-4.6561e-06;-0.00465425;-0.000115341;-0.0111409;0;1;0;1;0;1;
79;0.256696;-0.256748;0.256704;-0.256757;0.256704;-0.256649;0.176315;-0.0480492;0.175821;-0.0751283;0.168204;-0.147313;7.7739e-05;-0.00193948;-3.20498e-06;-0.00765927;-6.78096e-05;-0.00650635;0;1;0;1;0;0.950544;
80;0.280127;-0.280159;0.280132;-0.280164;0.280131;-0.280099;0.136185;-0.0189908;0.135892;-0.0287031;0.131443;-0.11924;0.00853894;0.0106502;-2.29614e-06;-0.0128063;-4.00821e-05;-0.00379937;0.779208;0.856784;0;0.796216;0;1;
81;0.291148;-0.291167;0.29115;-0.29117;0.29115;-0.291131;0.081397;0.0226985;0.0812133;-0.0181882;0.0786155;-0.0709502;0.019685;0.00622112;-1.75081e-06;-0.00747813;-2.3773e-05;0.00825615;1;0.698227;0;0.510577;0;1;
82;0.303386;-0.293023;0.291285;-0.292384;0.292813;-0.292802;0.00783936;0.0529632;0.0077231;0.0290866;0.00620556;-0.00171488;0.0170686;0.00363272;0.0068331;-0.00436787;0.0189744;0.0112905;1;0;0.837997;0.19453;0.559069;1;
83;0.291195;-0.285144;0.284128;-0.284771;0.285022;-0.285015;-0.0770734;0.112585;-0.0771315;0.0986409;-0.0772445;0.080654;0.015828;0.00212112;0.0273371;-0.00255115;0.046166;0.0065937;0.557459;0;1;0;1;0;
84;0.269494;-0.265961;0.265368;-0.265743;0.26589;-0.265886;-0.150134;0.170875;-0.15016;0.162732;-0.150222;0.152228;0.00924641;0.00123828;0.0193968;-0.0014902;0.0325141;0.0038504;0.678956;0;1;0;0.989673;0;
85;0.237545;-0.235482;0.235136;-0.235355;0.235441;-0.235438;-0.19952;0.211634;-0.199528;0.206878;-0.19253;0.200744;0.00540121;0.000722686;0.0113307;-0.000870689;0.0189926;0.00224822;0.729496;0;1;0;1;0;
86;0.195572;-0.194368;0.194166;-0.194294;0.194345;-0.194342;-0.2289;0.235976;-0.222625;0.233199;-0.191687;0.229616;0.00315499;0.000421543;0.0066187;-0.000508975;0.011095;0.00131245;0.817406;0;1;0;1;0;
87;0.141043;-0.140341;0.140223;-0.140297;0.140328;-0.140325;-0.244616;0.248749;-0.222039;0.247127;-0.196531;0.245035;0.00184264;0.000245612;0.00386658;-0.000297717;0.00648021;0.000765974;0.817717;0;1;0;1;0;
88;0.068203;-0.0677937;0.0677247;-0.0677678;0.0677875;-0.0677844;-0.2432;0.250082;-0.21867;0.249386;-0.190087;0.250459;0.00107559;0.000142868;0.00225909;-0.000174357;0.00378452;0.000446807;0.865303;0;1;0;1;0;
89;-0.0254626;0.0257007;-0.0257412;0.0257164;-0.0257028;0.0257067;-0.225025;0.230251;-0.207158;0.235395;-0.172785;0.237318;0.000627723;8.28565e-05;0.0013202;-0.000102341;0.00221011;0.00026042;0.972814;0;1;0;1;0;
90;-0.123109;0.123248;-0.123271;0.123257;-0.123248;0.123252;-0.194826;0.207964;-0.18955;0.209036;-0.143789;0.210042;-0.00426183;4.78222e-05;0.000771926;-6.02521e-05;0.00385105;0.000151578;1;0;1;0;1;0;
91;-0.19886;0.19894;-0.198954;0.198946;-0.198939;0.198942;-0.146214;0.198667;-0.160973;0.197465;-0.104586;0.202101;-0.00248852;2.74372e-05;-0.00253206;-3.56271e-05;0.010684;8.7992e-05;1;0;1;0;1;0;
92;-0.247278;0.247326;-0.247334;0.247329;-0.247326;0.247327;-0.0905577;0.177955;-0.125832;0.177253;-0.0552635;0.17996;-0.00549013;1.55101e-05;-0.00147888;-2.12728e-05;0.0160684;5.09267e-05;1;0;1;0;1;0;
93;-0.275095;0.275123;-0.275128;0.275124;-0.275124;0.275124;-0.0264054;0.144179;-0.0553095;0.143772;-0.0200297;0.145351;0.0195093;8.60756e-06;-0.000863914;0.00520395;0.0116021;2.93186e-05;1;0;1;0.365163;1;0;
94;-0.289104;0.28912;-0.289124;0.28912;-0.289122;0.289121;0.0163971;0.0957176;0.04482;0.0954893;0.0295796;0.0964016;0.0160022;4.61426e-06;0.0294343;0.0204425;0.0128742;1.6728e-05;0.934011;0;1;0.754767;1;0.139203;
95;-0.293228;0.309557;-0.29324;0.293238;-0.293239;0.293239;0.0370333;0.0284533;0.099318;0.0283149;0.0447304;0.0288515;0.00934589;0.0254996;0.0171929;0.0119428;0.00751815;0.0221856;0;0.814908;0.898344;0.565278;0;1;
96;-0.288218;0.297756;-0.288225;0.288223;-0.288224;0.288225;0.0929495;-0.0546886;0.129324;-0.0547854;0.0974445;-0.0544596;0.00545765;0.0375374;0.0100405;0.00697661;0.00439023;0.026227;0;1;0;0.408773;0;1;
97;-0.272337;0.277908;-0.272341;0.27234;-0.272341;0.272342;0.155129;-0.132769;0.176372;-0.13284;0.157754;-0.13264;0.00318683;0.0279548;0.00586319;0.00407694;0.00256351;0.015893;0;1;0;0.533579;0;1;
98;-0.24488;0.248134;-0.244882;0.244882;-0.244882;0.244884;0.20154;-0.188471;0.213946;-0.188522;0.203073;-0.188399;0.0018607;0.0163285;0.00342367;0.002382;0.00149663;0.00928345;0;1;0;0.46815;0;1;
