1;-0.000363587;0.000116064;9.94837e-05;-0.000363587;0.000116064;9.94837e-05;0.0349769;0.0347456;0.0352595;0.0349769;0.0347456;0.0352595;0.808667;0.808665;0.808666;0.808667;0.808665;0.808666;0;0;0;0;0;0;
2;0.0204549;0.0155599;0.00480523;0.00681824;0.00293778;0.0192059;0.165198;0.131239;0.115228;0.15421;0.104793;0.153421;0.472425;0.47232;0.472307;0.472441;0.472344;0.472392;1;1;1;1;1;1;
3;0.00120171;0.00419497;-0.00275589;-0.0139502;-0.0108881;0.0152323;0.110634;0.0881803;0.0716924;0.0976702;0.0718466;0.09346;0.275923;0.275854;0.275839;0.275927;0.275861;0.275903;1;0.83388;0.624607;0.741842;0.430132;1;
4;-0.00196969;0.00181504;-0.00097458;-0.00878302;-0.00572525;0.00826194;0.0645914;0.05863;0.041842;0.0570707;0.0419334;0.0759824;0.161147;0.161108;0.161092;0.161147;0.161107;0.161139;1;1;0.652608;0.715445;0.568051;1;
5;-0.000471852;0.000183938;0.000307045;-0.00600607;-0.00335773;0.0041978;0.0436697;0.051502;0.0241821;0.0335875;0.0247504;0.0668941;0.0941147;0.0940929;0.0940795;0.094112;0.0940898;0.0941127;1;1;0.867841;0.626595;0.782379;1;
6;0.000831606;-0.00100006;0.0012867;-0.00912262;-0.00300782;0.00341381;0.0389055;0.049242;0.0134663;0.0224636;0.0187415;0.0644775;0.0549663;0.0549553;0.0549437;0.0549635;0.0549515;0.0549683;1;1;0.970512;0.709933;0.89767;1;
7;0.00144099;-0.00182736;0.00199466;-0.00865245;-0.000513402;0.0022868;0.0378855;0.048131;0.00705959;0.02248;0.0170686;0.0634271;0.0321035;0.0320987;0.0320883;0.0321006;0.0320941;0.0321076;1;1;0.989602;0.689083;1;1;
8;0.00137188;-0.00220076;0.0022823;-0.0061872;-0.00188786;0.00411304;0.0358861;0.0470366;0.00540934;0.0192338;0.0194347;0.0618415;0.0187514;0.01875;0.0187406;0.0187481;0.0187453;0.0187566;1;1;1;0.953414;0.941986;1;
9;-0.000279169;-0.00182363;0.00186108;-0.00415214;-0.00611954;0.00537774;0.0343479;0.0452828;0.0017885;0.0208401;0.0210876;0.0619915;0.0109539;0.010954;0.0109455;0.01095;0.0109505;0.0146013;1;1;1;0.522545;0.908002;1;
10;-0.0047918;-0.000169772;0.000191474;-0.00152997;-0.00817052;0.00781388;0.0360721;0.0437801;-0.000254172;0.0213937;0.0220351;0.0648068;0.0064001;0.00717302;0.00639325;0.00639571;0.0063985;0.0131898;1;1;1;0.569479;0.997179;1;
11;-0.00644473;0.00354689;-0.00353433;0.00275214;-0.0137439;0.0154677;0.0283787;0.0439649;-0.00154062;0.0230733;0.0201119;0.0644736;0.00421507;0.00419202;0.00373493;0.00373574;0.00487815;0.0135471;1;1;1;0.490808;1;1;
12;-0.0120636;0.0103711;-0.0103639;0.00990659;-0.0234057;0.0279786;0.0256202;0.0430111;-0.00295906;0.0249107;0.0188771;0.0670277;0.00518201;0.00245086;0.00218257;0.00218233;0.00507263;0.0107255;1;0.849115;1;0.402204;1;1;
13;-0.0225033;0.0215146;-0.0215107;0.021243;-0.0291278;0.0318441;0.0255152;0.0418051;-0.00405969;0.028516;0.0171617;0.0673315;0.00420177;0.00143378;0.00127604;0.00127506;0.00403927;0.0110513;1;0.876483;1;0.652284;1;1;
14;-0.0386385;0.0380606;-0.0380587;0.0379014;-0.0425069;0.0440936;0.0320366;0.0405907;-0.0022185;0.0265801;0.0169178;0.0678507;0.00745331;0.0037223;0.000746556;0.000746037;0.00267852;0.0168159;1;0.826446;1;0.58719;1;1;
15;-0.0606464;0.0603082;-0.0603077;0.0602152;-0.0629047;0.0638311;0.0400398;0.0361263;0.0099037;0.0170751;0.022199;0.0548326;0.00631981;0.00793772;0.000436768;0.000437467;0.00156628;0.0127296;1;1;1;0.513107;0.925604;1;
16;-0.0869337;0.0867352;-0.0867358;0.0866814;-0.0882519;0.0887928;0.0578738;0.0259478;0.0172202;0.000840401;0.0262887;0.0352647;0.00369337;0.0153188;0.000255646;0.0041468;0.000915233;0.0168063;1;1;0.895135;0.907656;0.513579;1;
17;-0.113234;0.113117;-0.113119;0.113087;-0.114005;0.11432;0.0894284;0.0147089;0.0429337;-0.0323828;0.0482294;-0.0106259;0.00215786;0.0310222;0.000148961;0.00546849;0.00053414;0.0190715;0.81231;1;0.384089;0.88799;0;1;
18;-0.132868;0.132799;-0.132801;0.132782;-0.133318;0.133502;0.113791;-0.0362795;0.086638;-0.0804716;0.0897308;-0.0677603;0.00125973;0.0434162;8.65958e-05;0.00783392;0.000311592;0.0173887;0;1;0;1;0;1;
19;-0.138351;0.138311;-0.138312;0.1383;-0.138614;0.13872;0.154237;-0.108953;0.13838;-0.134774;0.140186;-0.127346;0.000735242;0.0372219;5.01727e-05;0.00841156;0.000181574;0.0147451;0;1;0;1;0;1;
20;-0.12359;0.123567;-0.123567;0.123559;-0.123743;0.123805;0.192198;-0.161444;0.182937;-0.180829;0.183992;-0.172966;0.000428961;0.0217445;2.89819e-05;0.00633768;0.000105537;0.0347632;0;1;0;0.862735;0;1;
21;-0.0843985;0.0843849;-0.0843851;0.0843798;-0.0844882;0.0845236;0.218565;-0.186547;0.213157;-0.211921;0.213773;-0.207327;0.000250089;0.0127017;1.64761e-05;0.00370341;6.11114e-05;0.0203045;0;1;0;1;0;1;
22;-0.0173122;0.017304;-0.0173044;0.0173009;-0.0173646;0.017385;0.23266;-0.187281;0.229502;-0.222758;0.229861;-0.21886;0.000145601;0.00741757;9.13223e-06;0.00216372;3.51462e-05;0.0118587;0;1;0;1;0;1;
23;0.0725412;-0.0725466;0.0725458;-0.0725477;0.0725109;-0.0724989;0.230182;-0.172145;0.227915;-0.205826;0.229911;-0.207465;8.45743e-05;-0.00644708;4.862e-06;0.0012642;1.99526e-05;0.00692619;0;1;0;1;0;1;
24;0.159616;-0.159621;0.159619;-0.159621;0.159599;-0.159592;0.222721;-0.14196;0.21249;-0.178057;0.222968;-0.188036;4.89335e-05;-0.00792121;2.48172e-06;0.000738209;1.11036e-05;0.00404537;0;1;0;1;0;1;
25;0.222489;-0.222494;0.222491;-0.222493;0.222479;-0.222475;0.203313;-0.0915606;0.197338;-0.135373;0.203457;-0.152383;2.81387e-05;-0.00891082;9.61162e-07;-0.00422421;5.93395e-06;0.00236295;0;1;0;1;0;1;
26;0.261127;-0.261132;0.261128;-0.261132;0.261121;-0.261119;0.173069;-0.0366834;0.16958;-0.0757726;0.173153;-0.109953;1.60178e-05;-0.00311721;1.53086e-07;-0.00246608;2.95475e-06;0.00138045;0;1;0;1;0;1;
27;0.282491;-0.282497;0.282493;-0.282498;0.282489;-0.282488;0.131538;-0.00463716;0.129495;-0.00837108;0.131582;-0.0254333;0.00872498;-0.00535587;-2.93274e-07;0.0201471;1.28429e-06;0.00913106;1;1;0;1;0;1;
28;0.292152;-0.292158;0.292155;-0.292158;0.292152;-0.292152;0.074905;0.0587821;0.0737044;0.0501761;0.0749225;0.0916345;0.026326;0.0241681;0.0192929;0.0167827;0.0026656;0.0374952;1;1;1;1;0.446164;1;
29;0.28668;-0.297698;0.284058;-0.292732;0.290441;-0.290682;-0.000530228;0.0786093;-0.00122686;0.0735844;-0.000263133;0.143013;0.0153794;0.0141138;0.0321088;0.00980126;0.0606109;0.0219013;1;0;1;0;1;1;
30;0.280231;-0.286667;0.236577;-0.283767;0.282429;-0.282569;-0.0853785;0.130979;-0.0857718;0.128044;-0.0714803;0.168591;0.0118834;0.00824204;0.0424893;0.00572347;0.0666228;0.0127905;1;0;1;0;1;0.25325;
31;0.26131;-0.26507;0.208015;-0.263376;0.262597;-0.262677;-0.156216;0.182849;-0.156434;0.181136;-0.134529;0.204815;0.00694272;0.00481289;0.0359011;0.00334208;0.052922;0.00746909;1;0;1;0;1;0;
32;0.230603;-0.2328;0.199479;-0.231811;0.231356;-0.231402;-0.203289;0.218844;-0.203408;0.217844;-0.176002;0.231672;0.00405636;0.00281022;0.0209717;0.0019513;0.0330626;0.00436142;1;0;1;0;1;0;
33;0.188844;-0.190128;0.170668;-0.18955;0.189285;-0.189311;-0.231018;0.240104;-0.22052;0.23952;-0.194919;0.247595;0.0023697;0.00164062;0.0122502;0.00113906;0.0193123;0.00254655;1;0;1;0;1;0;
34;0.133519;-0.134269;0.122904;-0.133932;0.133778;-0.133792;-0.245634;0.250942;-0.22314;0.2506;-0.191571;0.255317;0.00138384;0.000957533;0.00715554;0.000664713;0.0112797;0.00148663;1;0;1;0;1;0;
35;0.0589428;-0.0593811;0.0527432;-0.0591839;0.0590954;-0.0591026;-0.238486;0.249365;-0.221148;0.248933;-0.186333;0.249923;0.000807313;0.000558647;0.00417912;0.000387665;0.00658864;0.000867608;1;0;1;0;1;0;
36;-0.0360591;0.035803;-0.0396796;0.0359181;-0.0359689;0.0359656;-0.222592;0.224375;-0.211586;0.234089;-0.171498;0.236315;0.000470622;0.000325682;0.00244153;0.000225878;0.0038479;0.000506157;1;0;1;0;1;0;
37;-0.13229;0.13214;-0.134404;0.132208;-0.132237;0.132235;-0.190267;0.203135;-0.191941;0.200639;-0.149094;0.2138;-0.00843642;0.000189689;0.00142567;0.000131553;0.00224713;0.000295234;1;0;1;0;1;0;
38;-0.205069;0.204981;-0.206304;0.205019;-0.205038;0.205037;-0.145025;0.166295;-0.156184;0.174985;-0.109815;0.202822;-0.00492733;0.00011027;0.000832716;7.66454e-05;-0.00518658;0.000171813;1;0;1;0.409161;1;0;
39;-0.250983;0.250932;-0.251705;0.250951;-0.250963;0.250964;-0.105723;0.157067;-0.107737;0.171979;-0.0839173;0.178399;0.0024676;6.39106e-05;-0.00374198;0.00475958;-0.00302916;9.99198e-05;1;0;1;1;1;0;
40;-0.277099;0.277069;-0.277521;0.27708;-0.277088;0.277088;-0.0422497;0.129451;-0.0193976;0.14958;-0.0379138;0.141909;0.0189488;3.68729e-05;-0.0189369;0.0266815;0.0133024;5.78721e-05;1;0;1;1;1;0;
41;-0.289961;0.289943;-0.290206;0.289949;-0.289955;0.289954;0.00217145;0.0836512;0.0630102;0.103456;0.00505139;0.0909275;0.0110675;2.12053e-05;0.0361186;0.0316291;0.00776969;0.000457929;1;0;1;1;0.928762;0.702231;
42;-0.293167;0.293046;-0.293289;0.29316;-0.293163;0.312944;0.0332003;0.0169287;0.145787;0.0284968;0.03488;0.0211788;0.00646404;0.0239377;0.0340949;0.0216997;0.00453716;0.0204585;0.125956;1;1;1;0;1;
43;-0.287146;0.287088;-0.287217;0.287141;-0.287144;0.298697;0.0946859;-0.065394;0.175082;-0.0586502;0.0956668;-0.062917;0.00377458;0.0487495;0.0199133;0.0168797;0.00264942;0.0266726;0;1;1;0.808388;0;1;
44;-0.270067;0.270036;-0.270109;0.270063;-0.270066;0.276811;0.157891;-0.140766;0.204842;-0.136845;0.158464;-0.139324;0.00220404;0.0354244;0.0116288;0.00986041;0.00154683;0.0299952;0;1;0;0.684449;0;1;
45;-0.241494;0.241478;-0.241519;0.241491;-0.241494;0.245433;0.203543;-0.191927;0.230962;-0.19125;0.203877;-0.192688;0.00128681;0.0208159;0.00679073;0.00576117;0.000902851;0.0205587;0;1;0;0.528494;0;1;
46;-0.202304;0.202297;-0.202318;0.202301;-0.202304;0.204604;0.23135;-0.203051;0.247363;-0.22417;0.231545;-0.221664;0.000751095;0.0121574;0.00396531;0.00336589;0.00052671;0.0120097;0;1;0;0.923434;0;1;
47;-0.150865;0.150863;-0.150874;0.150864;-0.150865;0.15221;0.246391;-0.210206;0.255742;-0.242196;0.246505;-0.222621;0.000438179;0.007099;0.00231522;0.00196646;0.000307036;0.00701403;0;1;0;1;0;1;
48;-0.0819846;0.0819852;-0.0819895;0.0819834;-0.0819849;0.0827713;0.252624;-0.209141;0.252273;-0.245547;0.252666;-0.219141;0.000255426;0.00414287;0.00135158;0.0011486;0.000178729;0.00409634;0;1;0;1;0;1;
49;0.00835522;-0.00835271;0.00835233;-0.00835608;0.00835488;-0.00789445;0.241376;-0.195582;0.241094;-0.227981;0.233765;-0.211785;0.00014869;-0.00932241;0.000788826;0.000670784;0.000103775;0.0023926;0;1;0;1;0;1;
50;0.107334;-0.107331;0.107332;-0.107335;0.107334;-0.107064;0.211831;-0.168739;0.210788;-0.205283;0.211365;-0.195004;8.65372e-05;-0.00980762;0.000460208;0.000391942;5.99839e-05;0.00139762;0;1;0;1;0;1;
51;0.187852;-0.187849;0.187851;-0.187852;0.187851;-0.187694;0.183648;-0.12657;0.175759;-0.153244;0.179336;-0.170473;4.99951e-05;-0.0121928;0.000268408;-0.000343896;3.44655e-05;-0.0078266;0;1;0;1;0;1;
52;0.240616;-0.240615;0.240616;-0.240616;0.240616;-0.240524;0.172491;-0.0653511;0.167884;-0.112182;0.169973;-0.129837;2.88097e-05;-0.0109006;0.000156277;-0.00149485;1.9585e-05;-0.00457052;0;1;0;1;0;1;
53;0.271439;-0.271438;0.271439;-0.271439;0.271439;-0.271385;0.145156;-0.0086039;0.142466;-0.0495302;0.143685;-0.0804683;1.64429e-05;0.00147952;9.08775e-05;0.0131207;1.09145e-05;-0.00266859;0;1;0;1;0;1;
54;0.287466;-0.287465;0.287465;-0.287465;0.287465;-0.287435;0.101965;0.0413944;0.100396;0.0514768;0.101107;-0.0532797;9.20299e-06;-0.0587701;0.00574957;0.0387549;6.60144e-06;-0.00155728;0;1;0.705544;1;0.448607;1;
55;0.293158;-0.293158;0.290552;-0.293157;0.279372;-0.293139;0.039585;0.0742952;0.0386801;0.0845179;0.0390942;-0.0111531;0.00595192;-0.034321;0.0239271;0.022637;0.0181895;-0.000909704;0.960864;0.812849;1;1;1;0;
56;0.289812;-0.289813;0.29703;-0.271978;0.264231;-0.289802;-0.0410234;0.107531;-0.0415432;0.113503;-0.0412978;0.0576299;0.00530934;-0.0200437;0.0208452;0.0132198;0.020819;-0.000531557;0.702955;0;1;0.286886;1;0;
57;0.275954;-0.275955;0.280173;-0.26554;0.226335;-0.275948;-0.121299;0.160143;-0.1216;0.163631;-0.121449;0.131001;0.00889177;-0.0117059;0.0121741;0.00771978;0.0162877;-0.000310795;1;0;1;0;1;0;
58;0.250435;-0.250436;0.252901;-0.244354;0.196554;-0.250433;-0.180922;0.203609;-0.181093;0.205646;-0.168181;0.186591;0.006594;-0.00683661;0.00711042;0.00450788;0.0261219;-0.00018199;1;0;1;0;1;0;
59;0.214178;-0.214179;0.215618;-0.210627;0.182713;-0.214177;-0.218164;0.231415;-0.217631;0.232604;-0.181771;0.221476;0.0038529;-0.00399302;0.0041555;0.00263207;0.0152609;-0.000106805;1;0;1;0;1;0;
60;0.166495;-0.166496;0.167336;-0.164422;0.148121;-0.166495;-0.239155;0.246896;-0.23428;0.24759;-0.199861;0.241092;0.00225093;-0.00233243;0.00242691;0.00153666;0.00981321;-6.28579e-05;1;0;1;0;1;0;
61;0.103062;-0.103062;0.103553;-0.101851;0.0923315;-0.103061;-0.245983;0.253772;-0.224893;0.254178;-0.207665;0.250383;0.00131457;-0.00136268;0.00141641;0.000896875;0.00572962;-3.72484e-05;1;0;1;0;1;0;
62;0.0184138;-0.0184142;0.0187016;-0.0177067;0.0121479;-0.0184139;-0.231434;0.240517;-0.222142;0.242784;-0.197154;0.245055;0.000767144;-0.000796371;0.00082634;0.000523256;-0.00341691;-2.22657e-05;1;0;1;0;1;0;
63;-0.0808906;0.0808906;-0.0807224;0.0813035;-0.0845498;0.0808906;-0.211569;0.217244;-0.209834;0.225076;-0.16991;0.221491;0.000447206;-0.000465638;0.000482154;0.000305084;-0.00635707;-1.35168e-05;1;0;1;0;1;0;
64;-0.168493;0.168493;-0.168395;0.168734;-0.17063;0.168493;-0.17416;0.187525;-0.183264;0.217949;-0.13229;0.188321;-0.00702114;-0.000272461;-0.0106419;0.000177683;-0.0056726;-8.20601e-06;1;0;1;0;1;0;
65;-0.228616;0.228615;-0.228558;0.228755;-0.229864;0.228615;-0.12239;0.179436;-0.138287;0.197553;-0.0962873;0.180222;-0.00409961;-0.000159587;-0.00621494;0.00420353;-0.0056934;-5.36946e-06;1;0;1;0.491285;1;0;
66;-0.264692;0.264692;-0.264658;0.264771;-0.265421;0.264692;-0.0803203;0.155431;-0.0706745;0.166018;-0.0650736;0.15589;0.00731247;-9.36697e-05;-0.00362862;0.0129003;0.000772644;-3.58674e-06;1;0;1;0.908428;1;0;
67;-0.284217;0.284216;-0.284197;0.284263;-0.284643;0.284216;-0.0313693;0.116326;0.014326;0.128985;-0.0220574;0.116594;0.00427207;-5.51053e-05;0.0201224;0.0245199;0.00368597;-2.56269e-06;1;0;1;1;1;0;
68;-0.292489;0.292489;-0.292147;0.292516;-0.292738;0.292489;-0.00966206;0.0592795;0.114995;0.066684;0.00449019;0.0594381;0.00257738;-3.25139e-05;0.0383803;0.0240045;0.00215387;0.0033865;1;0;1;1;1;0.983386;
69;-0.292178;0.298618;-0.28734;0.293916;-0.292048;0.291647;0.0464565;-0.0174677;0.171972;-0.0131479;0.0547208;-0.0173778;0.00150499;0.0370044;0.0224195;0.0148176;0.00125756;0.027063;0;1;1;0.934907;0;1;
70;-0.281229;0.284991;-0.278403;0.282243;-0.281153;0.278214;0.117516;-0.0927553;0.190819;-0.0980606;0.122342;-0.100519;0.000878599;0.0608165;0.0130941;0.00995589;0.00073406;0.04777;0;1;0.795436;0.671925;0;1;
71;-0.258745;0.260947;-0.257095;0.259337;-0.258701;0.256982;0.176734;-0.143287;0.219543;-0.165371;0.179552;-0.166733;0.000512782;0.0470088;0.00764644;0.0058163;0.000428253;0.0381487;0;1;0;0.50564;0;1;
72;-0.22531;0.226599;-0.224346;0.225655;-0.225284;0.224278;0.215535;-0.177382;0.240535;-0.208898;0.217181;-0.203529;0.000299075;0.027462;0.00446502;0.00339853;0.00024961;0.022286;0;1;0;0.699123;0;1;
73;-0.181006;0.181761;-0.180443;0.181207;-0.180991;0.180403;0.237993;-0.199411;0.252592;-0.234115;0.238954;-0.211844;0.000174231;0.0160407;0.00260707;0.00198577;0.000145225;0.0130184;0;1;0;0.797335;0;1;
74;-0.122504;0.122947;-0.122175;0.122621;-0.122495;0.122152;0.249303;-0.205509;0.255785;-0.247038;0.249865;-0.214855;0.000101302;0.00936686;0.00152204;0.00116016;8.423e-05;0.00760463;0;1;0;0.985276;0;1;
75;-0.0439148;0.044176;-0.0437229;0.0439834;-0.0439098;0.0437108;0.248302;-0.202232;0.246913;-0.239365;0.248021;-0.214054;5.86957e-05;0.00546762;0.000888367;0.000677411;4.86135e-05;0.00444178;0;1;0;1;0;1;
76;0.0534382;-0.053284;0.0535502;-0.053398;0.0534412;-0.0535563;0.233097;-0.186211;0.233342;-0.216746;0.224329;-0.20448;3.3801e-05;-0.00893348;0.000518327;0.000395638;2.77829e-05;0.00259408;0;1;0;0.952364;0;1;
77;0.146918;-0.146827;0.146983;-0.146894;0.14692;-0.146986;0.226455;-0.152015;0.226598;-0.187519;0.195434;-0.185598;1.93099e-05;-0.0122673;0.000302258;-0.000913594;1.56226e-05;0.0015157;0;1;0;1;0;1;
78;0.214774;-0.21472;0.214812;-0.21476;0.214775;-0.214814;0.207308;-0.101029;0.207392;-0.13998;0.156735;-0.152244;1.08391e-05;-0.0110291;0.000176067;-0.00157929;8.54411e-06;0.000885552;0;1;0;1;0;1;
79;0.256701;-0.25667;0.256724;-0.256693;0.256702;-0.256725;0.177525;-0.0392056;0.177573;-0.0859257;0.14799;-0.108826;5.90255e-06;-0.00465685;0.0001024;0.0040634;4.47528e-06;0.000517733;0;1;0;1;0;1;
80;0.28013;-0.280112;0.280143;-0.280124;0.28013;-0.280143;0.136887;0.0180464;0.136916;-0.00218578;0.119639;-0.050382;3.02918e-06;0.0130646;5.97087e-05;0.0157253;2.13575e-06;0.000302825;0;1;0.0847092;1;0;1;
81;0.291149;-0.291139;0.290668;-0.291146;0.291149;-0.291157;0.0817945;0.0585386;0.0818223;0.0568126;0.0717306;-0.0312775;1.35746e-06;0.023734;0.0252542;0.0192589;0.0190705;0.000176964;0;1;1;1;1;0;
82;0.292812;-0.292807;0.288285;-0.29281;0.292812;-0.292817;0.00806092;0.0738948;0.00809103;0.0737239;0.0103571;0.0214415;0.00273866;0.0138607;0.0371196;0.0112487;0.0375487;0.000103109;0.739641;0;1;0.54208;1;0;
83;0.28502;-0.285018;0.282376;-0.28502;0.285021;-0.285024;-0.0769451;0.124809;-0.0769159;0.124709;-0.0755869;0.0941759;0.00267923;0.00809423;0.0253115;0.00656874;0.0536066;5.98384e-05;0.981199;0;1;0;1;0;
84;0.265889;-0.265887;0.264345;-0.265888;0.265889;-0.265891;-0.15006;0.178014;-0.150036;0.177955;-0.149254;0.160124;0.00156583;0.00472662;0.0147848;0.00383569;0.0335244;3.45276e-05;1;0;1;0;1;0;
85;0.23544;-0.235439;0.234539;-0.23544;0.23544;-0.235441;-0.199477;0.215803;-0.199459;0.215769;-0.194845;0.205355;0.000914523;0.00275994;0.00863317;0.00223949;0.0195834;1.96393e-05;1;0;1;0;1;0;
86;0.194343;-0.194343;0.193818;-0.194343;0.194343;-0.194344;-0.228875;0.238411;-0.228862;0.238391;-0.197481;0.232309;0.00053345;0.00161135;0.00503942;0.00130728;0.0114394;1.08977e-05;1;0;1;0;1;0;
87;0.140326;-0.140326;0.14002;-0.140326;0.140326;-0.140327;-0.244602;0.250171;-0.242239;0.250159;-0.196807;0.246608;0.000310532;0.000940555;0.00294015;0.00076284;0.00668264;5.75706e-06;1;0;1;0;1;0;
88;0.0677849;-0.0677845;0.0676064;-0.067785;0.0677846;-0.0677853;-0.24288;0.250072;-0.235044;0.250789;-0.190507;0.250676;0.000179962;0.000548813;-0.00557258;0.000444891;0.00390432;2.7591e-06;1;0;1;0;1;0;
89;-0.0257062;0.0257065;-0.02581;0.0257062;-0.0257064;0.025706;-0.223546;0.231116;-0.22166;0.237685;-0.172707;0.237503;-0.00600393;0.000320013;-0.0128772;0.000259217;0.00228202;1.00228e-06;1;0;1;0;1;0;
90;-0.123251;0.123251;-0.123312;0.123251;-0.123251;0.123251;-0.192455;0.207266;-0.195881;0.207664;-0.140771;0.203235;-0.00350681;0.000186363;-0.00752101;0.000150883;0.00852729;3.81143e-08;1;0;1;0;1;0;
91;-0.198942;0.198942;-0.198978;0.198942;-0.198942;0.198942;-0.148786;0.199348;-0.164236;0.198726;-0.0942898;0.168638;-0.00727171;0.000108412;-0.00439221;8.75584e-05;0.0156897;-5.17741e-07;1;0;1;0;1;0;
92;-0.247328;0.247327;-0.247348;0.247327;-0.247327;0.247327;-0.0946104;0.178353;-0.122336;0.177989;-0.040697;0.160418;-0.00424591;6.28662e-05;-0.00256474;5.06293e-05;0.030293;-8.07088e-07;1;0;1;0;1;0;
93;-0.275126;0.275124;-0.275136;0.275123;-0.275124;0.275124;-0.0230067;0.144412;-0.0599881;0.1442;0.0133881;0.133938;0.0149803;3.63474e-05;-0.00149747;2.93406e-05;0.0333306;-9.51915e-07;1;0;1;0.19811;1;0;
94;-0.289124;0.289121;-0.289128;0.289119;-0.289122;0.289121;0.0358836;0.0958532;0.0345964;0.0957362;0.0548766;0.0897366;0.025422;2.08291e-05;0.0173975;0.014522;0.0306059;-9.69369e-07;1;0;1;1;1;0;
95;-0.29324;0.293238;-0.293243;0.291988;-0.293239;0.280459;0.048694;0.0285299;0.109654;0.0284599;0.0991437;0.0249539;0.0148475;0.039581;0.0153415;0.0148416;0.0178771;0.012086;0.656974;1;1;1;1;1;
96;-0.288224;0.288224;-0.288226;0.287494;-0.288223;0.257678;0.0997593;-0.0532912;0.135363;-0.0546961;0.129222;-0.0567383;0.00867048;0.0547612;0.00896005;0.0205999;0.0104397;0.023722;0;1;0.847354;1;0;1;
97;-0.272341;0.272343;-0.272342;0.271915;-0.27234;0.220854;0.159106;-0.131951;0.179898;-0.132787;0.176312;-0.133969;0.00506321;0.0371868;0.00523214;0.0120335;0.00609628;0.0241504;0;1;0;0.583893;0;1;
98;-0.244883;0.244886;-0.244883;0.244636;-0.244882;0.184253;0.203863;-0.187971;0.216005;-0.18849;0.213911;-0.189171;0.00295654;0.0217219;0.00305518;0.00703027;0.00355968;0.0222857;0;1;0;0.667549;0;1;
