1;-0.000363588;0.000116064;9.94837e-05;-0.000363587;0.000116064;9.94836e-05;0.0349769;0.0347456;0.0352595;0.034977;0.0347457;0.0352596;0.808667;0.808665;0.808666;0.808667;0.808665;0.808666;0;0;0;0;0;0;
2;0.00495877;0.00603825;0.00390396;-0.00223708;-0.00184965;-0.00156034;0.227783;0.23302;0.149044;0.208568;0.203754;0.209481;0.472451;0.472459;0.472355;0.472433;0.472438;0.472444;1;1;1;1;1;1;
3;0.0105398;0.00853128;0.0116644;-0.00696798;-0.00603273;-0.00707215;0.13312;0.137174;0.108533;0.12394;0.119086;0.122262;0.275936;0.27594;0.275867;0.275921;0.275927;0.275932;1;0.820179;0;0.20838;0.80616;1;
4;0.00679001;0.00434732;0.00744657;-0.00470404;-0.00288812;-0.00476472;0.0777229;0.0801456;0.0633539;0.0724075;0.0695243;0.0714377;0.161155;0.161158;0.161106;0.161141;0.161148;0.161153;1;1;0;0.306466;0.839496;1;
5;0.00484139;0.0016625;0.00522478;-0.00362314;-0.000810176;-0.00206577;0.045142;0.0508249;0.0367414;0.042541;0.0403518;0.0520483;0.0941189;0.0941217;0.094085;0.0941071;0.0941132;0.0941177;1;1;0;0.324203;0.779572;1;
6;0.00393473;-0.000136883;0.00415845;-4.00538e-05;0.00063463;0.00028075;0.0333458;0.0484491;0.0207992;0.0255029;0.0345733;0.0535687;0.0549689;0.0549713;0.0549454;0.0549596;0.0549646;0.0549678;1;1;0.728517;0.591935;0.992129;1;
7;0.00380675;-0.00132299;0.00367179;-0.00126659;0.00161414;-0.00107913;0.0297363;0.046153;0.0108479;0.0180054;0.0293956;0.0494067;0.0321047;0.0321071;0.0320889;0.0320979;0.0321024;0.0321058;1;1;1;0.578692;1;1;
8;0.00341531;-0.00190607;0.00327793;-0.00187322;0.00456334;-0.00157326;0.028016;0.0460428;0.00828437;0.0183214;0.0279402;0.0498601;0.018752;0.0187542;0.018741;0.0187464;0.0187509;0.0187539;1;1;1;0.496437;0.782465;1;
9;0.00253305;0.000120374;0.00245273;-0.0016323;0.00320355;0.000289317;0.0263103;0.046846;0.00657141;0.0201229;0.0269676;0.0515358;0.0109541;0.0109559;0.010946;0.0109491;0.0109537;0.0109562;1;1;1;0.566065;1;1;
10;0.000584172;0.000965672;0.000537171;-5.79583e-05;0.000975803;0.00109359;0.0243733;0.0465029;0.00123039;0.0227535;0.024639;0.0518725;0.00640035;0.00640142;0.00639383;0.00639527;0.0064003;0.00916494;1;1;0.841541;0.533071;1;1;
11;-0.00330475;0.00421012;-0.00333228;0.00361222;-0.00307596;0.00428485;0.0209345;0.0483474;0.00183438;0.0245586;0.0244222;0.055712;0.00526775;0.00374135;0.00373551;0.00373582;0.00591645;0.00759743;1;0.83171;0.857141;0.520313;1;1;
12;-0.0102296;0.0107586;-0.0102457;0.0104093;-0.0100956;0.0108022;0.0192437;0.0492584;-7.05379e-05;0.0273637;0.0247339;0.0578588;0.00547525;0.00319231;0.00218326;0.00218262;0.00929728;0.00621692;1;1;1;0.433224;1;1;
13;-0.0214319;0.0217411;-0.0214415;0.021537;-0.0213534;0.0217666;0.0190897;0.049427;-0.000966988;0.0281459;0.0245124;0.0578212;0.00557424;0.00251187;0.00127683;0.0012755;0.00849684;0.00518802;1;1;1;0.497078;1;1;
14;-0.0380125;0.0381933;-0.0380182;0.0380741;-0.0379666;0.0382082;0.0214085;0.0476632;0.00166072;0.0248674;0.0243631;0.0546261;0.00721188;0.00528352;0.000747344;0.000745854;0.00496547;0.00533076;1;1;1;0.519564;1;1;
15;-0.0602806;0.0603864;-0.0602839;0.0603167;-0.0602537;0.0603951;0.0300459;0.0435267;0.011019;0.0156595;0.0273031;0.0449415;0.00580818;0.00934458;0.000437772;0.000436871;0.00290244;0.00962149;1;1;1;0.592382;1;1;
16;-0.08672;0.0867822;-0.0867221;0.0867414;-0.0867043;0.086786;0.0429666;0.0409047;0.0178715;-0.00228612;0.036188;0.029252;0.00339364;0.0226083;0.000256465;0.0014498;0.00169597;0.0157207;0.704228;1;0.99064;0.807246;0.637247;1;
17;-0.11311;0.113147;-0.113111;0.113123;-0.113101;0.113148;0.0579718;0.0123543;0.0433141;-0.0342096;0.0540106;-0.0143121;0.0019828;0.0233404;0.000149571;0.000875255;0.00099009;0.0235513;0.938813;1;0.0313137;0.795395;0;1;
18;-0.132796;0.132818;-0.132796;0.132803;-0.132791;0.132818;0.0954201;-0.0445218;0.0868601;-0.0815402;0.093107;-0.0699128;0.00115755;0.0305488;8.69814e-05;0.000923808;0.000577841;0.0183736;0;1;0;0.882778;0;1;
19;-0.138309;0.138322;-0.138309;0.138313;-0.138306;0.138322;0.143508;-0.113771;0.138509;-0.1354;0.142157;-0.128605;0.000675631;0.0227812;5.04408e-05;0.000540593;0.000337068;0.013417;0;1;0;0.859283;0;1;
20;-0.123565;0.123573;-0.123565;0.123567;-0.123563;0.123573;0.185932;-0.168555;0.183013;-0.181195;0.185144;-0.177224;0.000394083;0.0133074;2.89797e-05;0.000316271;0.000196431;0.00783604;0;1;0;0.886169;0;1;
21;-0.0843843;0.0843892;-0.0843845;0.0843856;-0.0843834;0.0843899;0.214906;-0.192194;0.213201;-0.212138;0.214445;-0.209816;0.000229664;0.00777273;1.64353e-05;0.000184759;0.000114265;0.00457479;0;1;0;0.773552;0;1;
22;-0.017304;0.0173073;-0.0173041;0.0173047;-0.0173037;0.0173079;0.230523;-0.184997;0.229527;-0.228905;0.230254;-0.222513;0.000133575;0.00454022;9.05101e-06;0.000107632;6.62619e-05;0.00267006;0;1;0;1;0;1;
23;0.0725462;-0.0725436;0.0725462;-0.0725457;0.0725459;-0.0725438;0.228729;-0.164977;0.229111;-0.208511;0.228309;-0.208284;7.74601e-05;0.00265291;4.73342e-06;6.25973e-05;3.81987e-05;0.00155864;0;1;0;1;0;1;
24;0.159619;-0.159617;0.159619;-0.159619;0.159619;-0.159618;0.197969;-0.13128;0.194104;-0.168316;0.193836;-0.181917;4.49245e-05;0.00738806;2.46492e-06;3.74112e-05;2.17944e-05;0.000290314;0;1;0;0.905428;0;1;
25;0.222491;-0.22249;0.222491;-0.222491;0.22249;-0.22249;0.188857;-0.077418;0.146806;-0.121107;0.186444;-0.148191;2.56121e-05;0.0181113;9.25082e-07;0.00129301;1.2244e-05;0.000170231;0;1;0;1;0;1;
26;0.261128;-0.261127;0.261128;-0.261129;0.261128;-0.261127;0.164627;-0.0187525;0.115937;-0.065604;0.163218;-0.10247;1.44954e-05;0.0362651;2.31034e-07;0.00762307;6.71007e-06;0.00357209;0;1;0;1;0;1;
27;0.282492;-0.282493;0.282493;-0.282495;0.282493;-0.282492;0.126606;0.0273857;0.0981679;0.0121206;0.12578;-0.0229404;0.00978226;0.0272109;-3.88007e-07;0.0359727;3.46106e-06;0.00855427;1;1;0;1;0;1;
28;0.292154;-0.292155;0.292154;-0.292156;0.292154;-0.292155;0.0720211;0.0756103;0.0554095;0.0520175;0.0715362;0.0751596;0.0152332;0.0302121;0.0162837;0.0210116;0.00634027;0.0386197;1;1;1;0.927974;0.874634;1;
29;0.295624;-0.29273;0.283439;-0.292731;0.287776;-0.29273;-0.00221656;0.0884381;-0.0119137;0.074659;0.00153446;0.116585;0.00889955;0.0176441;0.0180389;0.0122705;0.0472101;0.0225553;1;0.0752928;1;0;1;0.804255;
30;0.285455;-0.283766;0.253368;-0.283766;0.289232;-0.283765;-0.0863653;0.136719;-0.0916481;0.128672;-0.0815513;0.153157;0.00519876;0.0103037;0.053704;0.00716548;0.0563093;0.0131718;0.575618;0;1;0;1;0;
31;0.264362;-0.263376;0.219927;-0.263376;0.266571;-0.263376;-0.156794;0.186202;-0.159869;0.181502;-0.153967;0.195801;0.00303745;0.0060169;0.031369;0.00418425;0.0392113;0.00769179;1;0;1;0;1;0;
32;0.232387;-0.23181;0.206435;-0.231811;0.233677;-0.23181;-0.203627;0.220802;-0.205417;0.218058;-0.201628;0.226408;0.00177473;0.00351334;0.0183214;0.00244315;0.0229015;0.0044915;1;0;1;0;1;0;
33;0.189887;-0.18955;0.17473;-0.18955;0.190641;-0.18955;-0.231216;0.241247;-0.223375;0.239645;-0.219801;0.244521;0.00103669;0.00205119;0.010702;0.00142635;0.0133724;0.00262258;1;0;1;0;1;0;
34;0.134129;-0.133932;0.125277;-0.133932;0.13457;-0.133932;-0.245751;0.251609;-0.222204;0.250673;-0.20574;0.253521;0.000605276;0.00119728;0.00625083;0.000832515;0.00780664;0.00153109;1;0;1;0;1;0;
35;0.0592995;-0.059184;0.0541303;-0.0591845;0.0595581;-0.0591845;-0.239591;0.249338;-0.213525;0.249551;-0.19214;0.24982;0.000353113;0.000698643;0.00365149;0.000485675;0.00455807;0.000893647;1;0;1;0;1;0;
36;-0.0358502;0.0359182;-0.0388685;0.0359174;-0.0356982;0.0359174;-0.221368;0.227087;-0.20093;0.234966;-0.168573;0.235196;0.000205978;0.000407405;0.00213403;0.000283135;0.00266162;0.000521396;1;0;1;0;1;0;
37;-0.132168;0.132207;-0.13393;0.132207;-0.132078;0.132207;-0.187374;0.202603;-0.177479;0.204325;-0.141976;0.202689;0.000120599;0.00022962;0.00124793;0.000164958;0.0118819;0.00030414;1;0;1;0;1;0;
38;-0.204997;0.20502;-0.206026;0.20502;-0.204945;0.20502;-0.141146;0.188015;-0.161869;0.196451;-0.0888847;0.166495;-0.000737123;0.000133649;0.000729588;9.58236e-05;0.0144008;0.000177076;1;0;1;0;1;0;
39;-0.250941;0.250955;-0.251542;0.250954;-0.250911;0.250954;-0.0864919;0.169751;-0.114518;0.174678;-0.0358283;0.157184;0.0160762;7.74856e-05;0.00296084;5.55138e-05;0.0274968;0.000103;1;0;1;0;1;0;
40;-0.277075;0.277083;-0.277426;0.277083;-0.277058;0.277083;-0.0140215;0.136859;-0.0621386;0.139736;0.0330157;0.129519;0.0269674;4.47469e-05;0.00173053;3.20458e-05;0.0378103;5.97975e-05;1;0;1;0;1;0;
41;-0.289946;0.289951;-0.290151;0.289951;-0.289938;0.289951;0.0547366;0.0879808;0.0124103;0.0896616;0.0539165;0.0836958;0.0307601;0.0181705;0.00508614;0.0134288;0.0364981;0.0153317;1;0.712468;1;0.56456;1;1;
42;-0.293158;0.293161;-0.293278;0.293161;-0.293154;0.284796;0.0734723;0.0206337;0.0391797;0.0204335;0.0658813;0.0205904;0.0179645;0.029765;0.00297087;0.00784449;0.0213152;0.0432425;0.522098;1;0.677985;0.669525;0.203436;1;
43;-0.287141;0.287143;-0.28721;0.287142;-0.287138;0.267544;0.118204;-0.0632299;0.0981777;-0.0633634;0.113771;-0.0632574;0.0104907;0.0344578;0.00173465;0.00458235;0.0124475;0.0388004;0;1;0;0.513557;0;1;
44;-0.270063;0.270065;-0.270104;0.270064;-0.270062;0.258619;0.171626;-0.139508;0.15993;-0.139598;0.169037;-0.139528;0.00612613;0.0201284;0.00101265;0.00267709;0.0072689;0.0226632;0;1;0;0.694161;0;1;
45;-0.241492;0.241493;-0.241516;0.241493;-0.241491;0.234809;0.211564;-0.192797;0.204733;-0.192858;0.210052;-0.192813;0.00357718;0.0117574;0.000590913;0.00156375;0.00424457;0.013235;0;1;0;0.738428;0;1;
46;-0.202303;0.202303;-0.202316;0.202303;-0.202302;0.1984;0.236034;-0.205665;0.232045;-0.22511;0.235151;-0.22508;0.00208853;0.00686691;0.000344556;0.000913057;0.00247834;0.00772718;0;1;0;0.815158;0;1;
47;-0.150864;0.150865;-0.150873;0.150865;-0.150864;0.148586;0.249126;-0.204711;0.246797;-0.242745;0.248611;-0.239494;0.00121912;0.00401059;0.000200638;0.000532789;0.00144684;0.00451046;0;1;0;0.882195;0;1;
48;-0.0819839;0.0819844;-0.0819887;0.0819839;-0.0819837;0.0806539;0.251618;-0.19495;0.252069;-0.242743;0.251469;-0.22901;0.000711397;0.00234254;0.000116606;0.000310492;0.000844437;0.00263274;0;1;0;0.90352;0;1;
49;0.00835586;-0.00835534;0.00835305;-0.00835589;0.00835585;-0.00913213;0.240378;-0.181345;0.240899;-0.225802;0.232797;-0.219377;0.000414875;0.00136892;6.75286e-05;0.000180855;0.000492605;0.00153654;0;1;0;1;0;1;
50;0.107335;-0.107334;0.107333;-0.107335;0.107334;-0.107788;0.21113;-0.148973;0.210154;-0.197378;0.210683;-0.2002;0.000241787;0.000800943;3.8931e-05;0.000106059;0.00028713;0.00089735;0;1;0;1;0;1;
51;0.187852;-0.187852;0.187851;-0.187852;0.187852;-0.188117;0.175104;-0.104591;0.173728;-0.151045;0.177364;-0.16546;0.00014069;0.0116533;2.21967e-05;-0.00371383;0.000167155;-0.000316884;0;1;0;1;0;1;
52;0.240617;-0.240617;0.240616;-0.240617;0.240617;-0.240771;0.166515;-0.0507306;0.156608;-0.100934;0.168822;-0.127224;8.17015e-05;0.0273821;1.25756e-05;0.00260478;9.71949e-05;0.00153709;0;1;0;1;0;1;
53;0.27144;-0.27144;0.271439;-0.271441;0.27144;-0.27153;0.141667;0.0144127;0.13588;-0.0318235;0.143013;-0.0746621;4.76286e-05;0.0451316;6.84327e-06;0.0171865;5.63348e-05;0.00477653;0.481805;1;0;1;0;1;
54;0.287466;-0.287467;0.287466;-0.287469;0.287467;-0.287519;0.0999325;0.0426198;0.0965488;0.0306413;0.100713;0.0164221;0.0109429;0.0263639;0.0013449;0.0274952;3.24598e-05;0.0224444;1;1;0.46257;1;0;1;
55;0.293158;-0.293159;0.293158;-0.29316;0.292944;-0.293189;0.0384021;0.0667809;0.0364296;0.0734732;0.0388637;0.0744775;0.00645308;0.0153981;0.0213654;0.0160587;0.0301138;0.0131098;1;0.609501;1;0.675684;0.942171;1;
56;0.289812;-0.289813;0.289812;-0.289814;0.289688;-0.289831;-0.0417145;0.103143;-0.0428553;0.107051;-0.0410629;0.107638;0.00787988;0.00899201;0.0313933;0.00937773;0.0449953;0.00765579;0.779118;0;1;0;1;0;
57;0.275954;-0.275955;0.275954;-0.275955;0.275883;-0.275966;-0.121705;0.157581;-0.122362;0.159863;-0.121311;0.160206;0.00460348;0.0052509;0.0183389;0.00547618;0.0307706;0.00447052;1;0;1;0;1;0;
58;0.250435;-0.250436;0.250436;-0.250436;0.250394;-0.250442;-0.18116;0.202113;-0.181538;0.203446;-0.180922;0.203646;0.00268968;0.003066;0.0107125;0.00319766;0.0179712;0.00261035;1;0;1;0;1;0;
59;0.214178;-0.214179;0.214178;-0.214179;0.214155;-0.214182;-0.218304;0.230541;-0.218519;0.231319;-0.218158;0.231436;0.00157142;0.00178997;0.00625729;0.00186698;0.0104929;0.001524;1;0;1;0;1;0;
60;0.166496;-0.166496;0.166496;-0.166496;0.166482;-0.166498;-0.239238;0.246385;-0.230382;0.24684;-0.223469;0.246908;0.000917911;0.00104475;0.00365445;0.00108983;-0.0101868;0.000889543;1;0;1;0;1;0;
61;0.103062;-0.103062;0.103062;-0.103062;0.103054;-0.103063;-0.247917;0.253474;-0.227257;0.25374;-0.217026;0.25378;0.000535915;0.000609513;0.00213444;0.000635993;-0.0112497;0.000518998;1;0;1;0;1;0;
62;0.0184142;-0.018414;0.0184143;-0.0184142;0.0184103;-0.018415;-0.231261;0.239131;-0.21966;0.244635;-0.194463;0.244542;0.000312719;0.000355348;0.00124684;0.000370942;-0.0109907;0.000302601;1;0;1;0;1;0;
63;-0.08089;0.0808909;-0.0808899;0.08089;-0.0808926;0.0808896;-0.205992;0.216719;-0.204918;0.225976;-0.162527;0.225548;0.000182679;0.000206946;0.000728701;0.000216155;-0.00642045;0.000176223;1;0;1;0;1;0;
64;-0.168492;0.168493;-0.168492;0.168492;-0.168495;0.168492;-0.167864;0.18312;-0.176728;0.218474;-0.120533;0.217358;0.000107606;0.000120292;0.00042646;0.000125777;0.00012041;0.000102474;1;0;1;0;1;0;
65;-0.228615;0.228615;-0.228615;0.228615;-0.228617;0.228614;-0.11416;0.147451;-0.140586;0.197858;-0.072264;0.197206;0.00524898;6.97091e-05;0.00337095;7.30135e-05;0.0163825;5.94093e-05;1;0;1;0;1;0;
66;-0.264691;0.264692;-0.264691;0.264691;-0.264694;0.264691;-0.0489851;0.136752;-0.0882395;0.166191;-0.0185599;0.165809;0.025571;4.02222e-05;0.0019701;0.00420832;0.0412686;3.42783e-05;1;0;1;0.360356;1;0;
67;-0.284216;0.284217;-0.284216;0.284216;-0.284219;0.284216;-0.00634285;0.105418;0.00828842;0.122617;0.0316634;0.122387;0.0149378;2.30594e-05;0.0224436;0.0113689;0.0377301;1.96448e-05;1;0;1;0.825032;1;0;
68;-0.292489;0.292489;-0.292489;0.292489;-0.29249;0.292489;0.0558956;0.0529158;0.0860835;0.0629616;0.0511146;0.0628254;0.00872559;0.0280753;0.0398725;0.0198071;0.022037;0.0162869;0.865217;1;1;1;0.909482;1;
69;-0.291686;0.294345;-0.287667;0.292068;-0.291893;0.284352;0.0847415;-0.0211844;0.102376;-0.0153248;0.0819493;-0.0153991;0.00509532;0.020078;0.0232877;0.0115708;0.0128691;0.0301797;0;1;1;1;0;1;
70;-0.280941;0.282495;-0.278594;0.281164;-0.281062;0.276421;0.139874;-0.102741;0.150173;-0.0993344;0.138243;-0.0993644;0.00297527;0.0231244;0.0135996;0.00675842;0.00751507;0.0315561;0;1;0;0.55822;0;1;
71;-0.258577;0.259486;-0.257207;0.258707;-0.258648;0.255938;0.189791;-0.168094;0.195806;-0.166115;0.188839;-0.166126;0.00173712;0.0135081;0.00794167;0.00394776;0.00438835;0.0184314;0;1;0;0.667224;0;1;
72;-0.225212;0.225743;-0.224411;0.225288;-0.225253;0.223671;0.22316;-0.209756;0.226673;-0.209333;0.222604;-0.209334;0.001014;0.0078899;0.00463738;0.00230582;0.00256232;0.0107635;0;1;0;0.736744;0;1;
73;-0.180948;0.181259;-0.180481;0.180992;-0.180972;0.180049;0.242446;-0.205373;0.244497;-0.23437;0.242121;-0.234367;0.000591664;0.00460764;0.00270767;0.00134653;0.00149588;0.00628412;0;1;0;0.799896;0;1;
74;-0.12247;0.122652;-0.122197;0.122496;-0.122484;0.121946;0.251904;-0.203816;0.253102;-0.247186;0.251714;-0.232117;0.000344983;0.00269071;0.00158069;0.00078611;0.00087307;0.00366777;0;1;0;0.868971;0;1;
75;-0.0438949;0.0440022;-0.0437356;0.04391;-0.0439033;0.0435897;0.244078;-0.182246;0.243761;-0.238221;0.246159;-0.21718;0.000200917;0.00157165;0.000922563;0.000458779;0.000509309;0.00214146;0;1;0;0.926405;0;1;
76;0.0534501;-0.0533865;0.0535432;-0.0534412;0.053445;-0.053628;0.23291;-0.170074;0.232032;-0.214907;0.223778;-0.208621;0.000116801;0.000918462;0.000538244;0.00026777;0.000296895;0.00125042;0;1;0;1;0;1;
77;0.146925;-0.146887;0.146979;-0.14692;0.146922;-0.147029;0.220068;-0.1424;0.19682;-0.178167;0.19613;-0.185435;6.77353e-05;0.00188242;0.000314005;-1.52217e-06;0.000172863;0.000730996;0;1;0;1;0;1;
78;0.214778;-0.214755;0.21481;-0.214775;0.214776;-0.214839;0.203579;-0.0833147;0.156098;-0.1321;0.159488;-0.149931;3.90383e-05;0.0140484;0.000182741;0.0026297;0.000100432;0.000427706;0;1;0;1;0;1;
79;0.256704;-0.25669;0.256723;-0.256702;0.256703;-0.256739;0.175346;-0.020859;0.147526;-0.0768683;0.149598;-0.104513;2.23379e-05;0.0379058;0.000106306;0.0117141;5.81866e-05;0.00290391;0;1;0;1;0;1;
80;0.280131;-0.280123;0.280142;-0.28013;0.280131;-0.280152;0.135615;0.0389233;0.119368;0.00926023;0.120578;-0.0469021;1.29112e-05;0.0555419;0.00145772;0.0289621;3.35802e-05;0.00905667;0.278446;1;0.578443;1;0;1;
81;0.29115;-0.291146;0.291156;-0.29115;0.291149;-0.291162;0.0810553;0.0472645;0.0715701;0.0516284;0.0722751;0.0154958;0.00623047;0.0324418;0.0108782;0.0191327;0.0101598;0.00529081;0.690621;1;1;1;0.957368;1;
82;0.292813;-0.292811;0.292817;-0.292813;0.28709;-0.29282;0.00762935;0.0673107;0.00210086;0.0698608;0.00251327;0.0487572;0.00364022;0.018946;0.0196225;0.0111744;0.0200099;0.00308967;0.833777;0;1;0.447722;1;0.174666;
83;0.285021;-0.28502;0.285024;-0.285021;0.281678;-0.285025;-0.0771974;0.120963;-0.0804164;0.122453;-0.0801725;0.110128;0.00242943;0.011064;0.0179219;0.00652535;0.0210496;0.00180401;0.941294;0;1;0;1;0;
84;0.265889;-0.265889;0.265891;-0.265889;0.263935;-0.265891;-0.150207;0.175768;-0.152081;0.176638;-0.151936;0.169441;0.00142027;0.0064609;0.0104691;0.00381036;0.0122948;0.0010532;1;0;1;0;1;0;
85;0.23544;-0.23544;0.235441;-0.23544;0.2343;-0.235442;-0.199563;0.214491;-0.200651;0.214999;-0.197535;0.210796;0.000830325;0.00377268;0.00611525;0.00222477;0.00936007;0.000614608;1;0;1;0;1;0;
86;0.194343;-0.194344;0.194344;-0.194344;0.193682;-0.194345;-0.228926;0.237645;-0.226201;0.237941;-0.202578;0.235487;0.000485157;0.0022027;0.00357185;0.00129885;0.0054672;0.000358383;1;0;1;0;1;0;
87;0.140326;-0.140326;0.140327;-0.140326;0.139941;-0.140327;-0.244631;0.249724;-0.228305;0.249897;-0.208447;0.248463;0.00028338;0.00128579;0.0020862;0.00075803;0.00319196;0.000208795;1;0;1;0;1;0;
88;0.0677849;-0.0677851;0.0677852;-0.067785;0.0675604;-0.0677854;-0.239046;0.250529;-0.222571;0.24919;-0.201253;0.250369;0.000165271;0.000750302;0.00121868;0.000442196;0.00186179;0.000121427;1;0;1;0;1;0;
89;-0.0257061;0.0257063;-0.0257059;0.0257061;-0.0258369;0.0257058;-0.221767;0.229528;-0.214115;0.236735;-0.180505;0.237696;9.6514e-05;0.000437577;0.000712126;0.000257748;-0.00772551;7.042e-05;1;0;1;0;1;0;
90;-0.123251;0.123251;-0.123251;0.123251;-0.123328;0.123251;-0.190122;0.205725;-0.19449;0.202822;-0.153132;0.204615;5.67686e-05;0.00025497;0.000416569;0.00015015;-0.00451304;4.0778e-05;1;0;1;0;1;0;
91;-0.198942;0.198942;-0.198942;0.198942;-0.198987;0.198942;-0.143769;0.171441;-0.160544;0.180195;-0.0965585;0.179195;0.00885758;0.000148357;0.00101494;8.71703e-05;0.0125541;2.32663e-05;1;0;1;0;1;0;
92;-0.247327;0.247327;-0.247326;0.247326;-0.247354;0.247326;-0.0912379;0.162055;-0.120227;0.167167;-0.0446028;0.166583;0.0132613;8.61314e-05;0.00794312;5.05094e-05;0.0167602;1.31946e-05;1;0;1;0;1;0;
93;-0.275124;0.275124;-0.275124;0.275123;-0.275141;0.275123;-0.0291267;0.134894;-0.0491711;0.137883;0.00259269;0.137538;0.0345119;4.97948e-05;0.0161357;0.00647978;0.0295813;7.33949e-06;1;0;1;0.616546;1;0;
94;-0.289121;0.289121;-0.289121;0.289121;-0.289132;0.289121;0.0220406;0.0902949;0.0528676;0.0920485;0.0406331;0.0918411;0.0201595;2.8692e-05;0.0286175;0.0193092;0.0319126;0.0037753;1;0;1;0.970253;1;0.71621;
95;-0.293238;0.293238;-0.293238;0.293238;-0.293245;0.293354;0.0437694;0.025283;0.101598;0.026305;0.0513879;0.0261872;0.0117743;0.0185928;0.0167164;0.0112802;0.0186374;0.0293241;0.471894;1;1;0.991701;0.198449;1;
96;-0.288223;0.288224;-0.288223;0.288223;-0.288228;0.28333;0.0968834;-0.0565419;0.130657;-0.055958;0.101332;-0.0560162;0.0068758;0.0243996;0.00976286;0.00807202;0.0108838;0.0287283;0;1;0.348558;0.590197;0;1;
97;-0.27234;0.272342;-0.27234;0.27234;-0.272343;0.269483;0.157426;-0.133854;0.17715;-0.133526;0.160025;-0.133549;0.00401506;0.0183267;0.00570101;0.00471498;0.0063557;0.0200567;0;1;0;0.592221;0;1;
98;-0.244882;0.244884;-0.244882;0.244882;-0.244884;0.243214;0.202882;-0.189105;0.2144;-0.188923;0.204399;-0.188931;0.00234436;0.0107051;0.00332891;0.00275412;0.00371127;0.0117134;0;1;0;0.852068;0;1;
