1;-0.000363588;0.000116065;9.9484e-05;-0.000363588;0.000116065;9.94839e-05;0.0349769;0.0347456;0.0352594;0.0349769;0.0347456;0.0352595;0.808667;0.808665;0.808666;0.808667;0.808665;0.808666;0;0;0;0;0;0;
2;0.00148188;0.00109858;0.00178862;0.00789379;-0.00164618;-0.00188319;0.0995809;0.106222;0.107027;0.16551;0.147554;0.150587;0.472357;0.472371;0.472373;0.47233;0.472309;0.472312;1;1;1;1;1;1;
3;-0.00350605;-0.00472579;-0.00304983;0.0176031;0.00538827;0.00301944;0.0701221;0.07447;0.0748812;0.09658;0.0893422;0.0913359;0.275871;0.27588;0.275881;0.275857;0.275843;0.275843;1;0.832117;1;0.793431;0.862653;0.974933;
4;-0.00141272;-0.00339459;-0.00114622;0.00964519;0.0037814;0.00112837;0.0430776;0.0440334;0.0438343;0.0564346;0.0521549;0.0533733;0.161114;0.161119;0.16112;0.161106;0.161098;0.161099;1;1;1;0.761197;1;1;
5;5.12079e-05;-0.00285856;0.000206839;0.00475654;0.00308442;-0.000217189;0.0337755;0.0347841;0.0361973;0.0332178;0.0313583;0.033445;0.0940945;0.0940971;0.0940979;0.0940889;0.0940844;0.0940849;1;0.968115;1;0.788643;1;1;
6;0.00113725;-0.00219676;0.00122821;0.00167037;0.00292896;-0.00123422;0.0299996;0.0337658;0.0338502;0.0300718;0.0313863;0.0339292;0.0549542;0.0549557;0.0549566;0.0549503;0.054948;0.0549483;1;0.997584;1;0.815178;1;1;
7;0.00190748;-0.0025262;0.00196058;-0.000267803;0.00295381;-0.00196408;0.0273471;0.0320307;0.0314527;0.0295487;0.0291936;0.033667;0.0320962;0.0320969;0.032098;0.0320932;0.0320923;0.0320923;1;0.700199;1;0.813636;0.819931;1;
8;0.00224758;-0.00260887;0.00227858;-0.00128996;0.00285862;-0.0022806;0.025445;0.0318004;0.029181;0.0305801;0.0280738;0.0343511;0.0187471;0.0187471;0.0187485;0.0187445;0.0187447;0.0187443;1;0.763383;1;0.800829;0.943968;1;
9;0.00185099;-0.00206195;0.00186909;-0.00116991;0.00220783;-0.00187025;0.0229893;0.0319214;0.026859;0.032007;0.0268329;0.0358958;0.0109512;0.0109506;0.0109524;0.0109488;0.0109498;0.010949;1;0.764129;1;0.778268;1;1;
10;0.000185758;-0.000308916;0.000196314;0.00021208;0.000394146;-0.000196958;0.0203422;0.0323456;0.0241461;0.0341205;0.0255359;0.0379548;0.00639854;0.00639715;0.00639957;0.00639597;0.00639769;0.0063964;1;0.734326;1;0.753246;1;1;
11;-0.00353753;0.00346561;-0.00353138;0.00376988;-0.00341571;0.00353101;0.0178292;0.0333564;0.0216308;0.0365667;0.0244399;0.040594;0.00410043;0.00373767;0.00574375;0.00373701;0.00471564;0.00373758;1;0.704618;1;0.725908;1;1;
12;-0.0103656;0.0103236;-0.010362;0.0105013;-0.0102942;0.0103618;0.015285;0.033962;0.0185671;0.0392452;0.0235698;0.0427293;0.00524118;0.00218434;0.00678204;0.00218408;0.00532096;0.00218473;1;0.716457;1;0.704191;1;1;
13;-0.0215115;0.0214869;-0.0215094;0.0215907;-0.0214696;0.0215092;0.0141915;0.0342505;0.0173107;0.0400221;0.0229382;0.0432383;0.00667056;0.00127712;0.00738981;0.00127717;0.00550435;0.00127784;1;0.808517;1;0.700638;1;1;
14;-0.038059;0.0380446;-0.0380579;0.0381053;-0.0380345;0.0380577;0.0172125;0.0333064;0.0204276;0.0369988;0.0238289;0.0403864;0.00488304;0.000747651;0.00538541;0.000747681;0.0043501;0.00074835;1;1;1;0.7311;1;1;
15;-0.0603077;0.0602991;-0.060307;0.0603348;-0.0602934;0.060307;0.0238911;0.0329132;0.0278981;0.026544;0.026784;0.0311909;0.00458701;0.00452293;0.00593476;0.0010784;0.00254293;0.0020291;1;1;1;0.825439;1;1;
16;-0.0867359;0.0867307;-0.0867354;0.0867519;-0.0867274;0.0867352;0.0433081;0.0226733;0.0500113;0.00590791;0.0360617;0.0150578;0.00268052;0.011341;0.00346809;0.00390387;0.00148591;0.00808068;0.935515;1;1;1;0.863246;1;
17;-0.113119;0.113116;-0.113119;0.113129;-0.113114;0.113118;0.0581699;0.00260528;0.0620866;-0.0294219;0.0539369;-0.0240757;0.00156568;0.020003;0.0020267;0.00449994;0.000867443;0.0160107;0.448218;1;0.902449;1;0;1;
18;-0.132801;0.132799;-0.132801;0.132807;-0.132798;0.1328;0.0955359;-0.0579072;0.0978234;-0.0787441;0.0930639;-0.0756151;0.000913946;0.02997;0.0011833;0.00489894;0.000506212;0.0186993;0;1;0;0.818082;0;1;
19;-0.138312;0.138312;-0.138312;0.138315;-0.138311;0.138312;0.143576;-0.121587;0.144912;-0.133767;0.142132;-0.131935;0.000533328;0.0183135;0.000690639;0.00286241;0.000295233;0.0122463;0;1;0;0.877135;0;1;
20;-0.123567;0.123567;-0.123567;0.123569;-0.123566;0.123567;0.185972;-0.173119;0.186752;-0.180242;0.185129;-0.179168;0.000310995;0.0106987;0.000402855;0.00167232;0.000172007;0.00715222;0;1;0;0.898019;0;1;
21;-0.0843854;0.0843856;-0.0843854;0.0843863;-0.0843849;0.0843862;0.214929;-0.189148;0.215384;-0.21158;0.214437;-0.210952;0.000181133;0.00624966;0.000234759;0.00097673;0.00010001;0.00417536;0;1;0;0.940251;0;1;
22;-0.0173047;0.0173051;-0.0173047;0.0173052;-0.0173045;0.0173058;0.230537;-0.183493;0.230803;-0.228579;0.230249;-0.224088;0.000105231;0.00365103;0.000136537;0.000570152;5.79429e-05;0.00243646;0;1;0;1;0;1;
23;0.0725457;-0.0725449;0.0725457;-0.0725453;0.0725455;-0.0725448;0.229089;-0.163603;0.228791;-0.211017;0.228732;-0.209274;6.09126e-05;0.0021337;7.91905e-05;0.000332487;3.33398e-05;0.0014221;0;1;0;1;0;1;
24;0.159619;-0.159618;0.159619;-0.159619;0.159619;-0.159618;0.214227;-0.131201;0.210683;-0.173306;0.221554;-0.185145;3.51086e-05;0.00823847;4.58009e-05;-0.00717764;1.89889e-05;-0.0073595;0;1;0;1;0;1;
25;0.222491;-0.22249;0.222491;-0.222491;0.22249;-0.22249;0.198353;-0.0734121;0.196283;-0.127598;0.202631;-0.148572;1.99746e-05;0.0200494;2.61751e-05;-0.00419059;1.05785e-05;-0.00429753;0;1;0;1;0;1;
26;0.261128;-0.261128;0.261128;-0.261129;0.261128;-0.261128;0.170172;-0.0156289;0.168963;-0.0687177;0.172671;-0.102545;1.11975e-05;0.027832;1.48057e-05;0.00637103;5.70968e-06;-0.00250877;0;1;0;1;0;1;
27;0.282492;-0.282494;0.282493;-0.282495;0.282493;-0.282493;0.129843;0.032262;0.129135;0.0119662;0.1313;-0.0300751;0.00471148;0.0300152;8.19679e-06;0.0308239;2.90924e-06;0.0059304;0.673858;1;0;1;0;1;
28;0.292154;-0.292155;0.292154;-0.292156;0.292154;-0.292155;0.0739116;0.0603198;0.0734964;0.0527178;0.07476;0.0597555;0.0119974;0.0188714;0.0206097;0.0180057;0.00627893;0.0247715;1;1;1;1;0.769408;1;
29;0.290756;-0.294573;0.290041;-0.292731;0.288574;-0.29273;-0.00111265;0.0795074;-0.001349;0.0750689;0.00222185;0.0791807;0.00710242;0.0110206;0.0218789;0.0105155;0.0487781;0.0144677;0.919242;0;1;0;1;0.821451;
30;0.282612;-0.284841;0.282194;-0.283766;0.281339;-0.283766;-0.0857197;0.131503;-0.0858454;0.128911;-0.083754;0.131312;0.00796408;0.00643563;0.0220544;0.00614062;0.0497338;0.0084486;0.574736;0;1;0;1;0;
31;0.262702;-0.264004;0.262458;-0.263376;0.261959;-0.263376;-0.156416;0.183156;-0.156482;0.181642;-0.155257;0.183044;0.00465357;0.00375793;0.012884;0.00358572;0.0290506;0.00493357;1;0;1;0;1;0;
32;0.231416;-0.232177;0.231274;-0.23181;0.230983;-0.23181;-0.203406;0.219023;-0.203439;0.218139;-0.202721;0.218958;0.00271923;0.00219408;0.00752689;0.00209363;0.0169656;0.00288078;1;0;1;0;1;0;
33;0.189319;-0.189764;0.189237;-0.18955;0.189067;-0.18955;-0.231086;0.240209;-0.231102;0.239692;-0.222248;0.240171;0.00158948;0.00128073;0.00439681;0.00122225;0.00990528;0.00168191;1;0;1;0;1;0;
34;0.133797;-0.134057;0.133749;-0.133932;0.13365;-0.133932;-0.245674;0.251003;-0.224905;0.250701;-0.213517;0.250981;0.000928423;0.000747345;0.00256814;0.000713302;-0.00745643;0.000981753;1;0;1;0;1;0;
35;0.0591057;-0.059257;0.0590775;-0.0591841;0.0590201;-0.0591841;-0.240495;0.249981;-0.222078;0.249231;-0.205435;0.249456;0.000541894;0.000435834;0.00150036;0.000416097;-0.0060827;0.000572846;1;0;1;0;1;0;
36;-0.0359635;0.0358757;-0.0359799;0.0359178;-0.0360134;0.0359177;-0.219967;0.22634;-0.212287;0.235399;-0.182978;0.23655;0.00031627;0.00025392;0.000876771;0.000242516;-0.0117162;0.000334055;1;0;1;0;1;0;
37;-0.132234;0.132183;-0.132243;0.132207;-0.132263;0.132207;-0.187019;0.202372;-0.191369;0.216143;-0.151458;0.220546;-0.000869355;0.000147735;0.0005127;0.000141305;-0.00705465;0.000194725;1;0;1;0;1;0;
38;-0.205036;0.205006;-0.205041;0.20502;-0.205054;0.20502;-0.14038;0.16725;-0.159746;0.204191;-0.0968457;0.206762;-0.00390363;8.56989e-05;0.000300249;8.20047e-05;-0.00561973;0.000113224;1;0;1;0;1;0;
39;-0.250964;0.250946;-0.250967;0.250954;-0.250976;0.250954;-0.0841535;0.157624;-0.119297;0.179198;-0.0468853;0.180699;0.0115929;4.95377e-05;0.000176248;4.74753e-05;0.0158112;6.57121e-05;1;0;1;0;1;0;
40;-0.277089;0.277078;-0.27709;0.277083;-0.277098;0.277083;-0.00107817;0.129777;-0.0725024;0.142377;0.0080162;0.143252;0.0253274;2.85412e-05;0.000103506;0.00453223;0.0330187;3.79591e-05;1;0;1;0.820893;1;0;
41;-0.289955;0.289948;-0.289956;0.28995;-0.289962;0.289951;0.0404103;0.0838425;0.0422993;0.0912063;0.0576352;0.091713;0.0278298;1.68708e-05;0.0288157;0.0108251;0.0344925;0.0136494;1;0.412197;1;0.774968;1;0.878847;
42;-0.293163;0.293159;-0.293164;0.293161;-0.293167;0.289933;0.0592806;0.0170438;0.0895846;0.0213364;0.0644717;0.0216417;0.0162543;0.0295476;0.01683;0.00632446;0.020144;0.0423644;0.710444;1;0.878742;0.759539;0.359457;1;
43;-0.287143;0.287142;-0.287144;0.287142;-0.287146;0.281858;0.109917;-0.0653259;0.127614;-0.0628354;0.112948;-0.062644;0.009492;0.0330454;0.00982837;0.00369516;0.0117636;0.0307837;0;1;0;0.567144;0;1;
44;-0.270065;0.270064;-0.270065;0.270064;-0.270067;0.266978;0.166786;-0.140732;0.177121;-0.139289;0.168556;-0.13917;0.0055429;0.0193042;0.00573931;0.00215927;0.00686949;0.0180342;0;1;0;0.786268;0;1;
45;-0.241493;0.241493;-0.241493;0.241492;-0.241494;0.239691;0.208737;-0.186749;0.214773;-0.192678;0.209771;-0.192603;0.00323654;0.0112769;0.0033512;0.00126169;0.00401132;0.0105321;0;1;0;0.709625;0;1;
46;-0.202303;0.202303;-0.202303;0.202303;-0.202304;0.201251;0.234384;-0.186214;0.237908;-0.225003;0.234987;-0.224958;0.00188961;0.00949306;0.00195655;0.00073731;0.00234214;0.0061489;0;1;0;0.95454;0;1;
47;-0.150865;0.150864;-0.150865;0.150865;-0.150865;0.150251;0.248162;-0.188872;0.250221;-0.242596;0.248515;-0.232882;0.00110293;0.00615964;0.00114201;0.000431746;0.00136731;0.00358956;0;1;0;1;0;1;
48;-0.0819842;0.0819837;-0.0819843;0.0819844;-0.0819842;0.0816258;0.252001;-0.193522;0.251255;-0.238585;0.252081;-0.226984;0.000643602;0.00359814;0.000666388;0.000252845;0.000797959;0.00209517;0;1;0;1;0;1;
49;0.00835556;-0.0083559;0.00835552;-0.00835525;0.00835567;-0.00856448;0.239764;-0.17665;0.239804;-0.219187;0.234145;-0.218884;0.000375294;0.00210239;0.000388594;0.000148009;0.00046546;0.0012225;0;1;0;1;0;1;
50;0.107334;-0.107335;0.107334;-0.107334;0.107334;-0.107456;0.212689;-0.14717;0.212194;-0.19899;0.212542;-0.200786;0.000218647;0.00289719;0.000226412;8.63988e-05;0.000271295;-0.000728414;0;1;0;1;0;1;
51;0.187852;-0.187852;0.187852;-0.187852;0.187852;-0.187923;0.177648;-0.113445;0.173388;-0.154365;0.180011;-0.164897;0.000127307;0.0161973;0.000131815;-0.00895716;0.000157943;-0.00624352;0;1;0;1;0;1;
52;0.240617;-0.240617;0.240616;-0.240617;0.240617;-0.240658;0.168987;-0.0508886;0.158297;-0.103152;0.170368;-0.129653;7.37778e-05;0.027811;7.64972e-05;-0.00522997;9.17989e-05;-0.00364537;0;1;0;1;0;1;
53;0.271439;-0.27144;0.27144;-0.271442;0.27144;-0.271464;0.14311;0.00299688;0.136866;-0.0364627;0.143916;-0.0718485;4.30763e-05;0.0344155;4.41705e-05;0.0154288;5.32039e-05;-0.00212776;0.442435;1;0;1;0;1;
54;0.287465;-0.287467;0.287467;-0.287469;0.287467;-0.287481;0.100776;0.0363712;0.0971244;0.022855;0.10124;0.0210812;0.0120878;0.0286448;2.58902e-05;0.0242171;3.06498e-05;0.023987;1;1;0.267064;1;0;1;
55;0.293156;-0.293158;0.293158;-0.29316;0.293158;-0.293167;0.0388959;0.063228;0.0367656;0.0694963;0.0391707;0.0836004;0.00859684;0.0167295;0.020571;0.0141442;0.0303631;0.0140114;1;0.497234;1;0.523014;1;1;
56;0.276173;-0.289813;0.289813;-0.289814;0.290441;-0.289818;-0.0414254;0.101068;-0.0426593;0.104729;-0.0402543;0.112966;0.00998022;0.0097696;0.0256248;0.00825967;0.0537816;0.00818248;0.941452;0;1;0;1;0.234746;
57;0.267989;-0.275955;0.275955;-0.275956;0.276324;-0.275958;-0.121537;0.156369;-0.122246;0.158507;-0.120837;0.163317;0.00583053;0.00570499;0.0228386;0.00482325;0.036331;0.00477809;0.849134;0;1;0;1;0;
58;0.245783;-0.250436;0.250436;-0.250436;0.250652;-0.250438;-0.181061;0.201405;-0.181469;0.202654;-0.180644;0.205463;0.00340701;0.00333119;0.0133413;0.00281637;0.0212199;0.00278999;1;0;1;0;1;0;
59;0.211461;-0.214179;0.214179;-0.214179;0.214305;-0.21418;-0.218246;0.230128;-0.218478;0.230857;-0.217921;0.232498;0.00199081;0.00194484;0.00779357;0.00164432;0.0123912;0.00162891;1;0;1;0;1;0;
60;0.164909;-0.166496;0.166496;-0.166496;0.16657;-0.166497;-0.239204;0.246144;-0.228479;0.24657;-0.218865;0.247528;0.00116302;0.00113518;0.00455222;0.000959834;-0.0078579;0.000950835;1;0;1;0;1;0;
61;0.102135;-0.103062;0.103063;-0.103062;0.103106;-0.103063;-0.245817;0.253333;-0.224783;0.253582;-0.213003;0.253111;0.000679064;0.000662311;0.00265936;0.000560068;-0.00894199;0.00055482;1;0;1;0;1;0;
62;0.0178735;-0.0184139;0.0184154;-0.0184148;0.0184404;-0.018415;-0.234473;0.240366;-0.218219;0.243627;-0.19708;0.24423;0.000396021;0.000386176;0.0015538;0.000326604;-0.0078255;0.00032353;1;0;1;0;1;0;
63;-0.0812055;0.0808909;-0.080889;0.0808895;-0.080875;0.0808894;-0.207573;0.216296;-0.203939;0.227584;-0.168815;0.224802;0.000231076;0.000224941;0.000908091;0.000190255;-0.0101663;0.000188472;1;0;1;0;1;0;
64;-0.168677;0.168493;-0.168492;0.168492;-0.168484;0.168492;-0.169655;0.184612;-0.179715;0.219414;-0.127214;0.217789;-0.00580392;0.00013079;-0.00213955;0.000110667;-0.00682557;0.00010964;1;0;1;0;1;0;
65;-0.228722;0.228615;-0.228614;0.228615;-0.228611;0.228614;-0.116443;0.145217;-0.140781;0.198406;-0.0800385;0.197457;-0.00338786;7.58318e-05;-0.00124862;6.41879e-05;0.0111491;6.35942e-05;1;0;1;0;1;0;
66;-0.264754;0.264692;-0.264691;0.264689;-0.26469;0.264691;-0.0641791;0.135447;-0.0787454;0.166513;-0.0412421;0.165955;0.0146056;4.38045e-05;0.00360729;0.00200811;0.0198101;3.67628e-05;1;0;1;0.752895;1;0;
67;-0.284253;0.284217;-0.284216;0.284213;-0.284214;0.284216;-0.0201652;0.104656;0.0169646;0.122806;0.00787203;0.122473;0.0085327;2.51647e-05;0.0200854;0.00986743;0.0214419;2.1045e-05;1;0;1;0.766733;1;0;
68;-0.29251;0.292489;-0.292488;0.292485;-0.292487;0.292489;0.0354714;0.0524674;0.0959769;0.0630728;0.0463579;0.0628749;0.00498471;0.0129116;0.037351;0.0108777;0.0125235;0.016876;0.839139;0.945053;1;1;0.702622;1;
69;-0.291698;0.298849;-0.285389;0.277229;-0.294192;0.302814;0.0728139;-0.0214441;0.142952;-0.0152614;0.0791714;-0.0153674;0.00291069;0.0253311;0.0218147;0.00668963;0.0073133;0.0474117;0;1;0.841489;0.705315;0;1;
70;-0.280948;0.285126;-0.277264;0.272497;-0.282405;0.287441;0.132908;-0.102893;0.173869;-0.0992977;0.136621;-0.0993447;0.00169945;0.0245975;0.0127394;0.00390759;0.00427055;0.0350046;0;1;0;0.449216;0;1;
71;-0.258581;0.261023;-0.25643;0.253645;-0.259432;0.262375;0.185723;-0.168182;0.209644;-0.166094;0.187892;-0.166113;0.000992074;0.0143689;0.00743926;0.00228241;0.00249357;0.020446;0;1;0;0.660865;0;1;
72;-0.225214;0.226641;-0.223958;0.22233;-0.225711;0.227431;0.220785;-0.207572;0.234754;-0.209321;0.222051;-0.209327;0.000578899;0.0083933;0.00434396;0.00133245;0.00145579;0.0119408;0;1;0;1;0;1;
73;-0.18095;0.181784;-0.180216;0.179264;-0.18124;0.182246;0.241058;-0.204443;0.249216;-0.234364;0.241798;-0.233762;0.000337557;0.00490194;0.00253629;0.000777112;0.00084969;0.00697248;0;1;0;1;0;1;
74;-0.122471;0.122959;-0.122042;0.121485;-0.12264;0.12323;0.251094;-0.202979;0.255858;-0.247184;0.251525;-0.228219;0.000196576;0.00286275;0.0014806;0.000452497;0.000495709;0.0040703;0;1;0;0.768779;0;1;
75;-0.0438953;0.0441816;-0.0436451;0.0433183;-0.0439946;0.0443406;0.247779;-0.191563;0.247716;-0.242992;0.246904;-0.215281;0.000114247;0.00167186;0.000864097;0.000262815;0.000288959;0.00237658;0;1;0;0.952203;0;1;
76;0.0534499;-0.0532815;0.0535961;-0.0537884;0.0533919;-0.0531891;0.232379;-0.172816;0.231741;-0.220965;0.223536;-0.209613;6.61813e-05;0.000976919;0.000504052;-0.0058544;0.000168221;0.00138794;0;1;0;1;0;1;
77;0.146925;-0.146826;0.14701;-0.147125;0.146891;-0.146772;0.221864;-0.139964;0.215864;-0.184803;0.196165;-0.183493;3.8181e-05;0.00357768;0.000293926;-0.00341993;9.77454e-05;0.000715637;0;1;0;1;0;1;
78;0.214778;-0.21472;0.214828;-0.214896;0.214759;-0.214688;0.204627;-0.0841789;0.201123;-0.127194;0.158993;-0.149278;2.17423e-05;0.0154225;0.00017108;-0.00414198;5.65779e-05;0.000418742;0;1;0;1;0;1;
79;0.256704;-0.25667;0.256733;-0.256772;0.256693;-0.256651;0.175959;-0.0242575;0.173912;-0.0768088;0.149309;-0.105468;1.22243e-05;0.0255795;9.94515e-05;0.00624633;3.25886e-05;0.00287349;0;1;0;1;0;1;
80;0.280131;-0.280112;0.280148;-0.280172;0.280125;-0.280101;0.135974;0.0263711;0.134777;0.00472315;0.120409;-0.0377251;0.00653751;0.0438633;5.76223e-05;0.0313505;1.86028e-05;0.00279734;0.947457;1;0;1;0;1;
81;0.29115;-0.291139;0.29116;-0.291174;0.291146;-0.291132;0.0812677;0.0556373;0.0805663;0.0464857;0.0721748;0.0469538;0.0129149;0.0256219;0.0157745;0.0183134;0.00943813;0.0287478;1;1;1;1;0.88939;1;
82;0.292813;-0.292807;0.292784;-0.292827;0.29024;-0.292803;0.00775743;0.0722002;0.00735161;0.0668563;0.00562624;0.0671328;0.00808248;0.0149631;0.0201541;0.0106953;0.0449085;0.0167905;1;0;1;0.15517;1;1;
83;0.28502;-0.285018;0.285004;-0.28503;0.284625;-0.285015;-0.0771229;0.123819;-0.0773449;0.120698;-0.0770185;0.12086;0.00833119;0.00873803;0.0451119;0.00624559;0.052203;0.00980519;0.827189;0;1;0;1;0;
84;0.265887;-0.265887;0.265879;-0.265894;0.265658;-0.265886;-0.150162;0.177436;-0.150285;0.175613;-0.150089;0.175708;0.00486883;0.00510255;0.0263504;0.00364703;0.0330968;0.00572578;1;0;1;0;1;0;
85;0.235439;-0.235439;0.235434;-0.235443;0.235305;-0.235438;-0.199536;0.215465;-0.199601;0.214401;-0.199484;0.214456;0.00298922;0.00297935;0.0153917;0.00212944;0.0193305;0.00334339;1;0;1;0;1;0;
86;0.194342;-0.194343;0.19434;-0.194345;0.194265;-0.194342;-0.22891;0.238213;-0.228881;0.237592;-0.225138;0.237624;0.00174651;0.00173934;0.0089902;0.00124317;0.0112866;0.00195207;1;0;1;0;1;0;
87;0.140325;-0.140326;0.140325;-0.140327;0.140281;-0.140326;-0.244621;0.250056;-0.222081;0.249693;-0.218269;0.249712;0.0010204;0.00101515;0.00525122;0.00072556;-0.00870175;0.00113954;1;0;1;0;1;0;
88;0.0677843;-0.0677845;0.067785;-0.067786;0.0677597;-0.0677851;-0.242068;0.251199;-0.220643;0.250775;-0.207218;0.250409;0.000595847;0.000592218;0.00306775;0.00042329;-0.00881967;0.000665005;0.959145;0;1;0;1;0;
89;-0.0257061;0.0257069;-0.0257048;0.0257048;-0.0257205;0.0257053;-0.220844;0.228762;-0.212557;0.236997;-0.183749;0.237369;0.000347995;0.000345235;0.00179249;0.00024674;-0.0120819;0.000387882;1;0;1;0;1;0;
90;-0.123249;0.123252;-0.12325;0.12325;-0.12326;0.12325;-0.20266;0.205649;-0.190826;0.205834;-0.156822;0.206245;-0.00138782;0.00020103;0.00104767;0.000143599;-0.00705784;0.000226115;1;0;1;0;1;0;
91;-0.198941;0.198942;-0.198942;0.198941;-0.198948;0.198942;-0.134073;0.166898;-0.160307;0.198;-0.105957;0.186559;-0.0221342;0.000116818;-0.0024568;8.37855e-05;-0.00922611;0.00013175;1;0;1;0.182065;1;0;
92;-0.247326;0.247327;-0.247327;0.247325;-0.24733;0.247326;-0.107968;0.159402;-0.105469;0.17757;-0.0819463;0.170884;-0.0129242;6.77322e-05;-0.0014333;0.00605431;0.0130274;7.64293e-05;1;0;1;0.642018;1;0;
93;-0.275123;0.275124;-0.275124;0.275122;-0.275126;0.275123;-0.0578893;0.133344;-0.0270606;0.145074;-0.0342295;0.14005;-0.00754553;3.90952e-05;0.0179427;0.0166271;0.0156788;4.42152e-05;1;0;1;1;1;0;
94;-0.28912;0.289121;-0.28912;0.28912;-0.289122;0.289121;-0.0122055;0.0893902;0.0736992;0.0962506;0.0153404;0.0933068;-0.00440542;2.24957e-05;0.0442679;0.0226353;0.0102424;0.00269888;1;0;1;0.967685;1;0.570845;
95;-0.293238;0.293238;-0.293237;0.29472;-0.293239;0.293239;0.020331;0.0247511;0.131783;0.028764;0.0364149;0.0270405;0.00731057;0.00949113;0.0258602;0.0200117;0.00598137;0.0160383;0.318119;1;1;1;0;1;
96;-0.288223;0.293074;-0.288222;0.289089;-0.288224;0.287882;0.0831954;-0.0568538;0.185035;-0.0545209;0.0925883;-0.0555196;0.00426899;0.0331607;0.0151039;0.0125376;0.00349277;0.0384066;0;1;0.799877;0.910316;0;1;
97;-0.27234;0.275176;-0.27234;0.272846;-0.272341;0.272141;0.149432;-0.134035;0.208907;-0.132687;0.154918;-0.133258;0.00249273;0.0196678;0.00882016;0.00732206;0.00203939;0.0309443;0;1;0;0.474968;0;1;
98;-0.244882;0.24654;-0.244882;0.245178;-0.244883;0.244766;0.198213;-0.18921;0.232946;-0.188434;0.201417;-0.188759;0.00145532;0.0114886;0.00515042;0.00427631;0.00119058;0.018074;0;1;0;0.640365;0;1;
