1;-0.000363588;0.000116064;9.94837e-05;-0.000363588;0.000116065;9.94842e-05;0.0349769;0.0347456;0.0352595;0.0349769;0.0347456;0.0352594;0.808667;0.808665;0.808666;0.808667;0.808665;0.808666;0;0;0;0;0;0;
2;0.0149607;-0.00302704;-0.00301394;0.00433189;0.0194902;0.0414511;0.201021;0.233115;0.223441;0.215285;0.188228;0.177689;0.472475;0.472458;0.472457;0.472479;0.472436;0.472443;1;1;1;1;1;1;
3;0.0141669;-0.0085829;-0.00645629;-0.00707304;0.033393;0.0325051;0.12002;0.13606;0.130585;0.126532;0.110136;0.103691;0.275945;0.275939;0.275941;0.275956;0.275921;0.275926;0.248507;0.622931;1;0.886601;0;1;
4;0.0089081;-0.00564763;-0.00313589;-0.00476519;0.0201361;0.0183486;0.0700626;0.0794927;0.0762457;0.0939923;0.0642903;0.0605853;0.161153;0.161156;0.16116;0.161173;0.161139;0.161145;0.17976;0.954348;1;1;0.0106153;0.724777;
5;0.00607828;-0.00417451;-0.000955256;-0.00365897;0.0126353;0.00983987;0.0406596;0.0478283;0.0511455;0.0813203;0.0372901;0.0356396;0.0941129;0.0941199;0.094123;0.0941339;0.0941055;0.0941106;0.23441;1;1;1;0.368633;1;
6;-0.00241258;-0.00354523;0.000549604;-0.00315342;0.00848589;0.00463898;0.0230876;0.0413345;0.0486659;0.0689914;0.02112;0.0221083;0.0549625;0.0549696;0.0549722;0.0549814;0.0549581;0.0549626;0.558939;1;1;1;0.580818;1;
7;-0.000166134;-0.00170971;0.00156442;-0.00184049;-0.00171415;0.00146581;0.0121834;0.0378535;0.0461279;0.0640543;0.0125131;0.0200016;0.0320991;0.0321052;0.0321079;0.0321152;0.032097;0.0320997;0.67614;1;1;1;0.506598;0.977477;
8;0.00103635;-0.00195456;0.00457288;-0.00129829;-0.0032393;-0.000277568;0.0048692;0.037341;0.0445203;0.063901;0.0130318;0.0214154;0.0187469;0.0187521;0.0187551;0.0187609;0.0187464;0.0187478;0.699829;1;1;1;0.718949;0.970452;
9;0.00243962;-0.00145904;0.0032091;0.000576035;-0.00244049;-0.000491563;-0.000688814;0.0374456;0.0425633;0.0650707;0.012395;0.023927;0.010949;0.0109536;0.0109571;0.0146264;0.0109499;0.0109502;0.725931;1;1;1;0.767433;0.938429;
10;0.000529644;4.33496e-05;0.000978962;0.00558591;-0.00741367;0.000608371;-0.0038682;0.0384023;0.0401532;0.0658351;0.00986482;0.0269867;0.00639516;0.00639912;0.00968488;0.0175454;0.00639693;0.00639644;0.76154;0.974205;1;1;0.792067;0.913708;
11;-0.00333652;0.00367135;-0.00307419;0.00693805;-0.0150862;0.00400152;-0.00455742;0.0398443;0.037606;0.0692472;0.0116111;0.0292022;0.00373586;0.00373908;0.00942708;0.0144816;0.0037381;0.00373703;0.797002;0.82349;1;0.862777;0.998631;0.72089;
12;-0.0102481;0.0104439;-0.0100949;0.0123518;-0.0171099;0.0106367;-0.00851069;0.0398584;0.0352972;0.0705184;0.00668646;0.0330027;0.00218297;0.00218538;0.0101253;0.0165976;0.00218555;0.00218383;0.808766;0.64125;1;1;0.930705;1;
13;-0.0214425;0.0215572;-0.0213534;0.0226717;-0.02545;0.02167;-0.00926869;0.0401767;0.0345978;0.0723417;0.005974;0.0344119;0.00127591;0.00127799;0.00983063;0.012347;0.00127883;0.00127676;0.880561;0.745137;1;1;0.894108;1;
14;-0.0380185;0.0380858;-0.0379667;0.0387368;-0.0403591;0.038152;-0.00617049;0.0390459;0.0361599;0.0686911;0.00619565;0.030943;0.000746118;0.000748357;0.0100485;0.0146576;0.000748922;0.000747339;0.802156;0.800755;1;1;0.814279;1;
15;-0.060284;0.0603235;-0.0602539;0.0607039;-0.061651;0.0603622;0.00240219;0.0352316;0.0449485;0.0609773;0.00950983;0.0216455;0.000436364;0.0053806;0.00972101;0.0148276;0.000438701;0.00106742;0.534988;0.995262;1;1;0.64728;1;
16;-0.0867222;0.0867453;-0.0867041;0.0869676;-0.0875206;0.0867679;0.0128375;0.025106;0.0643895;0.0346702;0.0169879;0.00231304;0.000254801;0.0104203;0.00568018;0.0181027;0.000255988;0.00518853;0.322908;1;1;1;0;1;
17;-0.113111;0.113125;-0.113101;0.113255;-0.113578;0.113138;0.0403741;-0.00776697;0.09367;-0.0126235;0.0427978;-0.0315195;0.000148536;0.0179169;0.00331858;0.0147233;0.000149143;0.0092668;0;1;0.909228;1;0;1;
18;-0.132797;0.132806;-0.13279;0.13288;-0.133069;0.132812;0.0851433;-0.0660101;0.116268;-0.0689339;0.0865587;-0.0799635;8.64329e-05;0.0169713;0.00193776;0.00860077;8.67213e-05;0.00959061;0;1;0;0.891563;0;1;
19;-0.13831;0.138316;-0.138306;0.138359;-0.138469;0.138319;0.137507;-0.126321;0.155683;-0.128038;0.138333;-0.134474;5.01349e-05;0.00991448;0.00113126;0.00502457;5.02125e-05;0.00937587;0;1;0;0.876954;0;1;
20;-0.123565;0.12357;-0.123563;0.123594;-0.123659;0.123572;0.182427;-0.175886;0.193043;-0.176896;0.18291;-0.180651;2.87889e-05;0.00579099;0.000660295;0.00293562;2.89518e-05;0.00547759;0;1;0;0.696888;0;1;
21;-0.0843847;0.0843883;-0.0843835;0.0844014;-0.0844389;0.0843894;0.212859;-0.203497;0.219058;-0.209627;0.213141;-0.211817;1.64226e-05;0.00338117;0.00038508;0.00171505;1.63791e-05;0.00319767;0;1;0;0.769749;0;1;
22;-0.0173046;0.0173071;-0.0173039;0.0173144;-0.017336;0.0173082;0.229328;-0.194494;0.232948;-0.227438;0.229492;-0.216318;9.11759e-06;0.00197324;0.000224428;0.00100205;9.03796e-06;0.00186692;0;1;0;0.842997;0;1;
23;0.0725453;-0.0725434;0.0725457;-0.0725395;0.0725273;-0.0725422;0.228921;-0.176319;0.228888;-0.209404;0.229318;-0.209396;4.83052e-06;0.00115157;0.000130544;0.00058569;4.71837e-06;0.00109013;0;1;0;0.894203;0;1;
24;0.159617;-0.159616;0.159618;-0.159613;0.159607;-0.159615;0.164947;-0.128174;0.186544;-0.147021;0.177543;-0.147657;2.61491e-06;0.00161444;-0.00616796;0.00930029;-0.0131185;-0.0684971;0;1;0;0.922493;0;1;
25;0.222489;-0.222487;0.222489;-0.222487;0.222482;-0.216997;0.160145;-0.100662;0.151432;-0.111064;0.154549;-0.133015;8.40496e-07;0.00480014;-0.00360269;0.0182563;-0.00766188;-0.0434382;0;1;0;0.775832;0;1;
26;0.261127;-0.261126;0.261127;-0.261126;0.261123;-0.257919;0.147859;-0.0221207;0.142719;-0.0584605;0.144591;-0.109067;1.22158e-07;0.0302174;-0.00210434;0.014394;-0.00447495;-0.0253675;0;1;0;1;0;1;
27;0.282492;-0.282492;0.282492;-0.282491;0.28249;-0.280619;0.116811;0.0416364;0.113809;0.0179114;0.114902;-0.0941549;-2.3613e-07;0.0338221;-0.00122926;0.0342426;-0.00261383;-0.0148141;0;1;0;1;0;1;
28;0.292154;-0.292155;0.292154;-0.292154;0.292152;-0.291061;0.0662968;0.0570108;0.0645472;0.0684003;0.065187;-0.0530629;0.0119744;0.0197578;0.00498694;0.0261771;0.026356;-0.00865091;0.557784;1;1;1;1;0.617971;
29;0.29273;-0.296138;0.296579;-0.30129;0.303598;-0.292091;-0.00556409;0.0775756;-0.00657467;0.0920616;-0.00620059;0.0132922;0.0069936;0.0115386;0.0136877;0.0152888;0.0197104;-0.00505231;0.819144;0;1;0.253376;1;0;
30;0.283765;-0.285755;0.286013;-0.288764;0.290113;-0.283392;-0.0883206;0.130375;-0.0889019;0.138835;-0.0886822;0.0928341;0.00408473;0.00673801;0.0111504;0.00892827;0.0115114;-0.0029508;1;0;1;0;1;0;
31;0.263376;-0.264538;0.264689;-0.266295;0.266638;-0.263157;-0.157936;0.182497;-0.15827;0.187438;-0.14102;0.160573;0.0023856;0.00393457;0.00651334;0.00521355;0.0454573;-0.00172363;1;0;1;0;1;0;
32;0.23181;-0.232489;0.232576;-0.233515;0.233714;-0.231683;-0.204294;0.218638;-0.204483;0.221524;-0.166606;0.205835;0.00139345;0.00229739;0.00380447;0.00304406;0.0393378;-0.00100717;1;0;1;0;1;0;
33;0.189549;-0.189946;0.189997;-0.190545;0.190661;-0.189475;-0.231605;0.239984;-0.227756;0.241669;-0.17073;0.232507;0.000813828;0.00134125;0.00222172;0.00177707;0.0271556;-0.000588783;1;0;1;0;1;0;
34;0.133931;-0.134163;0.134192;-0.134513;0.134581;-0.133888;-0.245977;0.250871;-0.233335;0.251855;-0.202241;0.246505;0.000475158;0.000782753;0.00129696;0.00103726;0.0158623;-0.000344423;1;0;1;0;1;0;
35;0.0591836;-0.0593189;0.0593357;-0.0595234;0.0595629;-0.0591585;-0.2382;0.24968;-0.226866;0.249448;-0.205961;0.249319;0.000277146;0.000456525;0.000757193;0.000605284;0.00926096;-0.000201636;1;0;1;0;1;0;
36;-0.0359183;0.0358396;-0.0358295;0.0357198;-0.035697;0.0359328;-0.218021;0.225701;-0.215278;0.234979;-0.178192;0.236507;0.000161675;0.000266016;0.000442321;0.000352982;-0.00825915;-0.000118265;1;0;1;0;1;0;
37;-0.132208;0.132162;-0.132156;0.132092;-0.132079;0.132216;-0.185267;0.201755;-0.185622;0.204797;-0.145137;0.214655;9.46607e-05;-0.00023098;0.00203511;0.000205896;-0.00340365;-6.93771e-05;1;0;1;0;1;0;
38;-0.205021;0.204994;-0.20499;0.204953;-0.204946;0.205025;-0.139357;0.167161;-0.154527;0.175132;-0.0933185;0.203322;0.0025413;-0.000135456;0.00338856;0.000119641;0.0233507;-4.10834e-05;1;0;1;0;1;0;
39;-0.250956;0.250939;-0.250937;0.250915;-0.250912;0.250958;-0.0877404;0.157572;-0.11484;0.162227;-0.0263692;0.17869;0.00709363;-7.95809e-05;0.00334184;6.94624e-05;0.0348457;-2.44097e-05;1;0;1;0;1;0;
40;-0.277086;0.277074;-0.277072;0.27706;-0.277059;0.277085;-0.0187641;0.129746;-0.0446007;0.132467;0.019692;0.142079;0.027583;-4.69481e-05;0.0222119;4.11077e-05;0.0405212;-1.46557e-05;1;0;1;0.280548;1;0;
41;-0.289953;0.289946;-0.289945;0.289937;-0.289938;0.289952;0.0421764;0.0838242;0.0519127;0.0854185;0.0592218;0.0910286;0.0186878;-2.74678e-05;0.0342812;0.00746476;0.0317544;0.0136418;1;0.353826;1;0.680678;1;1;
42;-0.293162;0.293074;-0.293157;0.293153;-0.293153;0.291087;0.0596844;0.0170331;0.0916468;0.0179566;0.0642629;0.0212411;0.0109147;0.0315683;0.0200218;0.00546135;0.0185447;0.0417671;0.532065;1;1;0.668406;0.262688;1;
43;-0.287143;0.292296;-0.28714;0.287137;-0.287138;0.257272;0.110152;-0.0588855;0.128818;-0.0648098;0.112826;-0.0628748;0.00637372;0.0555256;0.0116923;0.00370729;0.0108296;0.048365;0;1;0;0.38156;0;1;
44;-0.270065;0.273076;-0.270063;0.270061;-0.270062;0.228167;0.166923;-0.136965;0.177824;-0.140442;0.168485;-0.139301;0.00372182;0.0441102;0.00682782;0.00216646;0.00632409;0.028427;0;1;0;0.871466;0;1;
45;-0.241493;0.243251;-0.241492;0.24149;-0.241491;0.217024;0.208817;-0.19131;0.215183;-0.193351;0.209729;-0.192679;0.00217308;0.0257644;0.00398694;0.00126608;0.00369277;0.0166038;0;1;0;0.562259;0;1;
46;-0.202303;0.20333;-0.202302;0.202301;-0.202302;0.188013;0.23443;-0.221192;0.238148;-0.225397;0.234963;-0.225;0.0012686;0.0150455;0.00232787;0.000739647;0.00215602;0.0096971;0;1;0;0.711763;0;1;
47;-0.150865;0.151465;-0.150864;0.150864;-0.150864;0.142519;0.24819;-0.217167;0.250361;-0.242913;0.248501;-0.232902;0.000740375;0.00878283;0.00135898;0.000431745;0.00125852;0.00566264;0;1;0;0.683751;0;1;
48;-0.0819839;0.082335;-0.0819838;0.0819834;-0.0819837;0.0771105;0.251974;-0.198479;0.252041;-0.242277;0.251281;-0.225666;0.000431883;0.00512682;0.000793093;0.000251626;0.000734418;0.0033065;0;1;0;0.601848;0;1;
49;0.00835568;-0.00815024;0.00835576;-0.00835599;0.00835604;-0.0112017;0.239081;-0.177272;0.240675;-0.223888;0.233527;-0.217375;0.000251694;0.00299355;0.000462622;0.000146525;0.000428317;0.0019308;0;1;0;0.890814;0;1;
50;0.107334;-0.107214;0.107334;-0.107334;0.107335;-0.108996;0.216702;-0.147938;0.208322;-0.198362;0.209667;-0.201719;0.000146503;0.00174852;0.000269651;8.55983e-05;0.000249576;0.00112786;0;1;0;1;0;1;
51;0.187852;-0.187783;0.187852;-0.187852;0.187853;-0.188822;0.208922;-0.108208;0.181529;-0.157764;0.175831;-0.168513;8.5078e-05;0.0124192;0.000156997;-0.00497708;0.000145222;0.000659298;0;1;0;0.920209;0;1;
52;0.240616;-0.240577;0.240616;-0.240617;0.240617;-0.241183;0.187251;-0.053361;0.171254;-0.100376;0.13541;-0.128288;4.92316e-05;0.0236661;9.12581e-05;0.00568129;8.43073e-05;0.00407905;0;1;0;1;0;1;
53;0.27144;-0.271418;0.271439;-0.271442;0.27144;-0.27177;0.153776;0.0162536;0.144433;-0.0375411;0.123501;-0.080061;2.83233e-05;0.0269472;5.28933e-05;0.0238697;4.88004e-05;0.00238337;0;1;0;1;0;1;
54;0.287466;-0.287456;0.287467;-0.287896;0.287467;-0.28766;0.107004;0.045984;0.101543;0.0374496;0.0893182;0.0213246;0.0146707;0.0359531;0.00757314;0.0278988;2.8101e-05;0.0154914;1;1;0.581176;1;0.00484857;1;
55;0.293158;-0.293152;0.293159;-0.293409;0.293158;-0.293271;0.0425312;0.0633852;0.0393489;0.0705054;0.0325562;0.0726802;0.00857086;0.0209973;0.0224296;0.0162942;0.0276864;0.00904908;0.96265;0.299678;1;0.408279;1;0.976377;
56;0.289812;-0.289809;0.285239;-0.28996;0.29035;-0.289879;-0.039304;0.10116;-0.04115;0.105318;-0.0451121;0.106588;0.00542148;0.012262;0.0307403;0.00951525;0.0405382;0.00528427;0.561253;0;1;0;1;0;
57;0.275954;-0.275953;0.273285;-0.276041;0.276269;-0.275994;-0.120298;0.156422;-0.121366;0.158851;-0.123676;0.159593;0.00316772;0.00716056;0.0188832;0.00555645;0.0298594;0.00308559;0.829856;0;1;0;1;0;
58;0.250435;-0.250435;0.248875;-0.250486;0.250619;-0.250459;-0.180338;0.201436;-0.180956;0.202854;-0.182301;0.203288;0.00185102;0.00418126;0.01103;0.00324451;0.0174407;0.00180151;1;0;1;0;1;0;
59;0.214178;-0.214178;0.213267;-0.214208;0.214286;-0.214192;-0.217824;0.230146;-0.218179;0.230974;-0.216953;0.231227;0.00108137;0.0024413;0.00644305;0.00189432;0.0101845;0.00105163;1;0;1;0;1;0;
60;0.166495;-0.166496;0.165963;-0.166513;0.166559;-0.166503;-0.238958;0.246155;-0.235045;0.246639;-0.216246;0.246786;0.000631395;0.00142513;0.00376267;0.0011058;0.00594475;0.000613655;0.835922;0;1;0;1;0;
61;0.103062;-0.103062;0.102751;-0.103072;0.103099;-0.103066;-0.24666;0.25334;-0.227225;0.253622;-0.201249;0.253708;0.000368294;0.000831696;0.00219669;0.000645272;0.00346965;0.000357834;1;0;1;0;1;0;
62;0.0184137;-0.0184141;0.0182328;-0.0184198;0.0184365;-0.0184166;-0.229319;0.238231;-0.221376;0.244113;-0.185257;0.24457;0.000214661;0.000485145;0.00128239;0.00037631;0.00202549;0.000208427;0.964816;0;1;0;1;0;
63;-0.0808907;0.0808906;-0.0809962;0.0808872;-0.0808771;0.080889;-0.206289;0.217908;-0.207129;0.225959;-0.158268;0.225225;0.000125219;0.000282776;0.000748957;0.000219261;0.00118258;0.000121201;1;0;1;0;1;0;
64;-0.168493;0.168493;-0.168555;0.168491;-0.168485;0.168492;-0.169306;0.185587;-0.178727;0.218464;-0.121478;0.214895;-0.00390252;0.000164602;-0.00558115;0.000127563;0.0109479;7.03261e-05;1;0;1;0;1;0;
65;-0.228616;0.228615;-0.228651;0.228614;-0.228611;0.228615;-0.117144;0.145247;-0.140415;0.197852;-0.0684188;0.195767;0.00300552;9.56148e-05;-0.00325859;7.40291e-05;0.0212966;4.05835e-05;1;0;1;0;1;0;
66;-0.264693;0.264692;-0.264712;0.264691;-0.264691;0.264691;-0.0593179;0.135465;-0.0939787;0.166186;-0.00593848;0.164969;0.0165641;5.5388e-05;-0.00190193;4.27944e-05;0.0321939;2.32729e-05;1;0;1;0;1;0;
67;-0.284218;0.284217;-0.284229;0.284216;-0.284218;0.284216;0.00473724;0.104666;-0.0039319;0.122612;0.0331726;0.121896;0.0364123;3.19063e-05;0.0114409;0.00431386;0.0352029;1.32061e-05;1;0;1;0.665135;1;0;
68;-0.29249;0.292489;-0.292496;0.292488;-0.292489;0.292489;0.0565958;0.0524769;0.0728054;0.0629567;0.0592091;0.062539;0.0212672;0.0225488;0.0201857;0.00524993;0.0205621;0.0235318;1;1;1;0.677765;0.93507;1;
69;-0.291686;0.300452;-0.291598;0.291686;-0.291922;0.268562;0.0851505;-0.0164029;0.0946184;-0.0153304;0.0866765;-0.0155633;0.0124195;0.0359229;0.0117888;0.00462267;0.0120078;0.0369475;0;1;0.419126;0.601739;0;1;
70;-0.280941;0.286061;-0.28089;0.28094;-0.281079;0.253089;0.140113;-0.0999474;0.145642;-0.0993368;0.141004;-0.0994611;0.00725261;0.0433121;0.00688422;0.00270115;0.00701207;0.035898;0;1;0;0.678094;0;1;
71;-0.258577;0.261568;-0.258547;0.258576;-0.258657;0.24231;0.189931;-0.166458;0.19316;-0.166116;0.190451;-0.16618;0.00423505;0.0330399;0.00401986;0.00157884;0.00409461;0.0209692;0;1;0;0.61707;0;1;
72;-0.225212;0.226959;-0.225194;0.22521;-0.225258;0.215712;0.223242;-0.209444;0.225128;-0.209333;0.223546;-0.209365;0.0024728;0.0192973;0.0023471;0.000922803;0.00239072;0.0122482;0;1;0;0.637915;0;1;
73;-0.180948;0.181969;-0.180938;0.180947;-0.180975;0.1754;0.242493;-0.21873;0.243594;-0.23437;0.242671;-0.219011;0.00144366;0.0112668;0.00137024;0.000538956;0.00139558;0.00715372;0;1;0;0.741484;0;1;
74;-0.12247;0.123066;-0.122464;0.122469;-0.122486;0.11923;0.251932;-0.199504;0.252575;-0.247187;0.252035;-0.227269;0.000842572;0.00657782;0.000799748;0.000314379;0.000814437;0.00417914;0;1;0;0.705809;0;1;
75;-0.0438948;0.0442438;-0.0438914;0.0438944;-0.0439041;0.0420031;0.248486;-0.187384;0.248188;-0.234741;0.24546;-0.221058;0.000491528;0.0038414;0.000466486;0.000183122;0.000475064;0.00244003;0;1;0;0.623324;0;1;
76;0.0534499;-0.0532459;0.0534519;-0.0534501;0.0534449;-0.0545546;0.231153;-0.166677;0.23204;-0.213525;0.222268;-0.211459;0.00028654;0.00224333;0.000271893;0.000106649;0.000276883;0.00142511;0;1;0;0.930398;0;1;
77;0.146925;-0.146806;0.146926;-0.146925;0.146922;-0.14757;0.214121;-0.137636;0.214755;-0.179161;0.196863;-0.18703;0.000166956;0.0106146;0.000158399;-0.00044559;-0.000475674;0.000832707;0;1;0;1;0;1;
78;0.214778;-0.21471;0.214779;-0.214778;0.214777;-0.215155;0.200105;-0.0824548;0.200476;-0.131944;0.161224;-0.15271;9.69574e-05;0.0191354;9.19705e-05;0.00557416;-0.000278331;0.000487093;0;1;0;1;0;1;
79;0.256704;-0.256665;0.256704;-0.256705;0.256703;-0.256924;0.173318;-0.023824;0.173534;-0.074573;0.150611;-0.109143;5.61881e-05;0.0275578;5.32786e-05;0.0177815;-0.000163012;0.000285504;0;1;0;1;0;1;
80;0.280132;-0.280111;0.280132;-0.280134;0.280131;-0.28026;0.134431;0.0253517;0.134557;-0.00217164;0.12117;-0.0504603;0.00550845;0.0333794;3.06977e-05;0.0178317;-9.55724e-05;0.000167599;0.714685;1;0;1;0;1;
81;0.29115;-0.291138;0.29115;-0.291153;0.29115;-0.291225;0.0803655;0.0582198;0.0804382;0.0465028;0.0726181;0.0518787;0.00419351;0.0236554;0.0235481;0.0125437;0.00176219;0.0296868;0.891376;1;1;1;0.532793;1;
82;0.292813;-0.292806;0.293417;-0.295384;0.292813;-0.292857;0.00722842;0.0737082;0.00727821;0.0668667;0.00271183;0.0700072;0.0033863;0.0138146;0.0296409;0.0073259;0.0259319;0.0173381;1;0;1;0;1;0.683357;
83;0.285021;-0.285018;0.279971;-0.286523;0.285021;-0.285047;-0.0774322;0.1247;-0.0773882;0.120704;-0.0624492;0.122538;0.001979;0.00806736;0.0378384;0.0042778;0.0624794;0.0101249;0.767669;0;1;0;1;0;
84;0.265889;-0.265887;0.262938;-0.266766;0.265891;-0.265904;-0.150345;0.17795;-0.150308;0.175617;-0.141579;0.176688;0.0011569;0.00471087;0.0253538;0.00249783;0.0498694;0.00591252;0.903594;0;1;0;1;0;
85;0.23544;-0.235439;0.233716;-0.235952;0.235442;-0.235449;-0.199643;0.215765;-0.199616;0.214403;-0.19391;0.215028;0.000676289;0.00275068;0.0148087;0.00145824;0.0291297;0.00345238;1;0;1;0;1;0;
86;0.194343;-0.194343;0.193336;-0.194643;0.194344;-0.194349;-0.228972;0.238389;-0.228952;0.237593;-0.218461;0.237958;0.000395144;0.00160584;0.00864865;0.000851128;0.0170113;0.00201569;1;0;1;0;1;0;
87;0.140326;-0.140326;0.139738;-0.140501;0.140327;-0.140329;-0.244658;0.250158;-0.231913;0.249694;-0.21311;0.249907;0.000230502;0.000937223;0.00505038;0.00049657;0.00993137;0.00117666;1;0;1;0;1;0;
88;0.0677849;-0.0677846;0.0674416;-0.067887;0.0677859;-0.0677867;-0.240158;0.251056;-0.225273;0.250626;-0.196562;0.250598;0.000134087;0.000546757;0.00294897;0.000289487;0.00579784;0.000686624;1;0;1;0;1;0;
89;-0.025706;0.0257067;-0.0259063;0.0256464;-0.0257053;0.0257049;-0.220545;0.227818;-0.215028;0.236869;-0.174224;0.238129;7.792e-05;0.000318738;0.0017221;0.000168543;0.00338528;0.000400456;1;0;1;0;1;0;
90;-0.123251;0.123252;-0.123368;0.123216;-0.123251;0.12325;-0.18993;0.204907;-0.194507;0.201998;-0.148685;0.205188;4.56106e-05;0.000185589;0.00100606;9.80038e-05;0.00882375;0.000233489;1;0;1;0;1;0;
91;-0.198942;0.198943;-0.19901;0.198921;-0.198943;0.198941;-0.147762;0.171261;-0.162767;0.180353;-0.0949219;0.179827;-0.00257864;0.000107846;0.000588209;5.67183e-05;0.016417;0.000135812;1;0;1;0;1;0;
92;-0.247327;0.247327;-0.247366;0.247314;-0.247328;0.247326;-0.0990655;0.16195;-0.112317;0.168573;-0.056412;0.166953;0.0152186;6.25124e-05;0.000344722;0.0100913;0.0271951;7.88908e-05;1;0;1;0.467278;1;0;
93;-0.275124;0.275124;-0.275147;0.275116;-0.275125;0.275123;-0.0502715;0.134833;-0.0303493;0.139776;-0.0180698;0.137754;0.00889072;3.60846e-05;0.0260852;0.0149311;0.028037;4.56161e-05;1;0;1;0.773471;1;0;
94;-0.28912;0.289121;-0.289135;0.289116;-0.289121;0.289121;0.00883852;0.0902591;0.0677724;0.102301;0.0275986;0.0919654;0.00568644;2.07178e-05;0.0416434;0.0368243;0.0163773;2.64724e-05;1;0;1;1;1;0.325255;
95;-0.293238;0.293238;-0.293247;0.293236;-0.293239;0.293239;0.03262;0.0252601;0.120212;0.0322972;0.0435738;0.0262576;0.00542249;0.0100078;0.0243261;0.0259035;0.00956424;0.0172429;0.201681;1;1;1;0;1;
96;-0.288223;0.284093;-0.288228;0.288222;-0.288224;0.288224;0.0903723;-0.0565569;0.14153;-0.0524553;0.0967691;-0.0559784;0.00316635;0.040767;0.0142084;0.018636;0.00558514;0.0284728;0;1;1;0.682628;0;1;
97;-0.27234;0.26993;-0.272343;0.272339;-0.272341;0.272339;0.153624;-0.121015;0.1835;-0.13148;0.15736;-0.133523;0.00184872;0.0536507;0.00829715;0.0108853;0.00326135;0.0348265;0;1;0;0.46177;0;1;
98;-0.244882;0.243477;-0.244884;0.244881;-0.244882;0.24488;0.200661;-0.177782;0.218108;-0.187727;0.202843;-0.18891;0.00107924;0.0354056;0.00484503;0.00635885;0.00190418;0.0240076;0;1;0;0.5907;0;1;
