1;-0.000363588;0.000116065;9.94839e-05;-0.000363588;0.000116064;9.94836e-05;0.0349769;0.0347456;0.0352594;0.0349769;0.0347456;0.0352595;0.808667;0.808665;0.808666;0.808667;0.808665;0.808666;0;0;0;0;0;0;
2;-0.0178674;0.00929832;-0.0127063;-0.0033867;-0.00376105;-0.00537015;0.138167;0.134483;0.212434;0.179767;0.175854;0.116087;0.472379;0.472386;0.472486;0.47245;0.472459;0.472401;1;1;1;1;1;1;
3;-0.0129871;-0.00396172;-0.00797322;0.00565436;-0.00255139;-0.00404685;0.0818939;0.080513;0.124154;0.104905;0.102783;0.0731193;0.27588;0.275883;0.275957;0.275934;0.275938;0.275894;0.224353;0;1;0.827179;0.646529;0;
4;-0.0069497;-0.00294822;-0.0043292;0.00266738;-0.000865374;-0.00299807;0.0478016;0.0470446;0.0958178;0.0699675;0.0600034;0.0427267;0.161117;0.161116;0.161172;0.161156;0.161153;0.161122;0.738708;0;1;1;0.618518;0;
5;-0.00318253;-0.00059729;-0.00249245;0.000681481;-4.93204e-06;-0.00262693;0.0276635;0.0277276;0.0917447;0.0639738;0.0449307;0.0252063;0.0940945;0.0940907;0.094134;0.094121;0.094118;0.0940943;0.800685;0;1;1;1;0.12007;
6;-0.000751243;-0.00139508;-0.0130042;-0.000709667;0.00110698;-0.00185483;0.0172803;0.0168493;0.091325;0.0610285;0.039121;0.0153775;0.054953;0.0549481;0.0549836;0.0549722;0.0549687;0.0549507;0.889015;0;1;1;0.9872;0.350662;
7;0.000804728;-0.00160281;-0.0110018;-0.00166939;0.0014813;-0.0021685;0.0147301;0.010768;0.0858151;0.0639221;0.0377849;0.0102804;0.0320941;0.032089;0.0321201;0.0321094;0.0321054;0.0320909;0.917043;0;1;1;1;0.658929;
8;0.00160356;-0.0018067;-0.00529207;-0.00540265;0.00126035;-0.00205376;0.0117311;-0.00280504;0.0743995;0.0642431;0.0339671;0.000706622;0.0187444;0.0187396;0.0280048;0.0187572;0.018753;0.018741;0.900588;0;1;1;1;0.686498;
9;0.000488995;-0.000263318;-0.00255267;-0.00369386;-0.000697039;-0.00166298;0.00903284;-0.000718865;0.0738727;0.0626378;0.0375251;0.00249287;0.0109483;0.0109436;0.0277373;0.0138545;0.0109555;0.0109446;0.903632;0;1;1;1;0.594325;
10;-0.000609779;0.000741582;-0.00575289;-0.00126226;-0.00504519;-7.58045e-05;0.00469207;0.00470762;0.0689783;0.0671466;0.0320018;0.00509022;0.00639529;0.00639069;0.0229398;0.013078;0.0104072;0.00639134;0.878591;0;1;1;1;0.34655;
11;-0.00400226;0.00407922;-0.0141616;0.00290855;-0.00659282;0.00360188;0.000932456;0.00808417;0.0639856;0.068604;0.0308944;0.00863774;0.00373644;0.00373185;0.0253754;0.0143713;0.00964188;0.00373229;0.910648;0;1;0.999943;1;0.342495;
12;-0.0106372;0.0106821;-0.0166857;0.00999801;-0.0121504;0.0104034;-0.000697169;0.011416;0.0594699;0.0704393;0.0275744;0.0116185;0.0021837;0.00217912;0.0225517;0.0115074;0.00871194;0.00217936;0.93225;0;1;0.987641;1;0.0679211;
13;-0.0216703;0.0216965;-0.025203;0.0212965;-0.0225543;0.0215337;-0.00119701;0.012621;0.0580176;0.0708023;0.0280071;0.0134171;0.00127694;0.00127231;0.0212218;0.0140211;0.00824025;0.00127247;0.950484;0;1;0.975683;1;0.0606775;
14;-0.038152;0.0381673;-0.0402156;0.0379332;-0.0386685;0.0380722;0.00385175;0.00811648;0.0601993;0.0703751;0.0295608;0.0108863;0.000747567;0.000742746;0.0263663;0.0129403;0.0108661;0.000743105;0.997195;0;1;1;0.986707;0.211061;
15;-0.0603622;0.0603711;-0.0615679;0.0602339;-0.060664;0.0603155;0.0155108;-0.00419156;0.0770757;0.0606485;0.0332268;0.00670229;0.000438317;0.00043379;0.026626;0.0165673;0.00634897;0.000434296;0.947832;0.475641;1;1;0.99539;0.683529;
16;-0.0867679;0.0867728;-0.0874724;0.0866925;-0.086944;0.0867405;0.031799;-0.00972419;0.0948096;0.0435013;0.0377513;-0.00751937;0.0002566;0.000254915;0.0189969;0.0176295;0.00370894;0.000254904;0.574085;0.858265;1;1;0.578248;1;
17;-0.113138;0.11314;-0.11355;0.113094;-0.113241;0.113122;0.0514478;-0.0360542;0.12537;-0.00746268;0.0549235;-0.0372649;0.000149679;0.00950765;0.0113267;0.0153392;0.00216563;0.00292021;0;1;1;1;0;1;
18;-0.132812;0.132812;-0.133052;0.132786;-0.132872;0.132802;0.0916103;-0.0685544;0.16092;-0.0659175;0.0936401;-0.0833212;8.70259e-05;0.0228622;0.0066163;0.00896159;0.00126437;0.00640887;0;1;0.834688;0.913705;0;1;
19;-0.138319;0.138319;-0.138459;0.138303;-0.138354;0.138313;0.141283;-0.127804;0.18176;-0.126276;0.142469;-0.136435;5.04153e-05;0.025102;0.00386342;0.00523568;0.000737998;0.00722311;0;1;0;0.699437;0;1;
20;-0.123571;0.123572;-0.123653;0.123562;-0.123591;0.123567;0.184633;-0.176751;0.208271;-0.175866;0.185325;-0.181796;2.90545e-05;0.0146609;0.00225574;0.00305913;0.000430511;0.00421959;0;1;0;1;0;1;
21;-0.0843876;0.0843886;-0.0844355;0.0843824;-0.0843994;0.0843857;0.214147;-0.209537;0.227952;-0.209025;0.214551;-0.212485;1.65522e-05;0.00855942;0.00131688;0.00178695;0.000250882;0.0024646;0;1;0;0.796093;0;1;
22;-0.0173063;0.0173068;-0.0173343;0.0173034;-0.0173127;0.0173053;0.23008;-0.21231;0.238142;-0.227087;0.230316;-0.223656;9.22992e-06;-0.0144441;0.000768582;0.00104339;0.00014595;0.00143897;0;1;0;1;0;1;
23;0.072544;-0.0725443;0.0725277;-0.0725457;0.0725413;-0.0725445;0.230156;-0.196228;0.229774;-0.216493;0.228829;-0.212742;4.97191e-06;-0.0179215;0.000448387;0.000608718;8.46365e-05;0.000840191;0;1;0;0.86107;0;1;
24;0.159618;-0.159618;0.159608;-0.159619;0.159616;-0.159617;0.203064;-0.139193;0.215078;-0.17638;0.195149;-0.175426;2.54001e-06;-0.0104678;0.000261478;0.000355536;4.89604e-05;-0.00284199;0;1;0;1;0;1;
25;0.22249;-0.22249;0.222484;-0.222492;0.222489;-0.222489;0.191833;-0.0950881;0.19885;-0.138823;0.183996;-0.146526;9.24843e-07;-0.00611413;0.000152233;-0.00499164;2.79945e-05;-0.00165885;0;1;0;1;0;1;
26;0.261127;-0.261128;0.261124;-0.261131;0.261127;-0.261127;0.166365;-0.0438591;0.170462;-0.0818213;0.161788;-0.0991564;9.69859e-08;0.00970264;8.84236e-05;-0.00944631;1.58634e-05;0.000379283;0;1;0;1;0;1;
27;0.282492;-0.282494;0.28249;-0.282495;0.282492;-0.282492;0.127618;0.0121771;0.130011;0.0123927;0.124945;-0.0431061;-2.01871e-07;-0.0403695;5.12966e-05;0.0408599;8.75231e-06;0.00862528;0;1;0;1;0;1;
28;0.292154;-0.292156;0.292154;-0.292156;0.292154;-0.292154;0.0726115;0.0593533;0.0740073;0.0623122;0.0710493;0.0494406;0.0186187;-0.0430314;0.0266288;0.0238671;0.0147578;0.0247559;0.862714;1;1;1;0.642382;1;
29;0.286877;-0.298691;0.313576;-0.292731;0.29273;-0.29273;-0.00187384;0.0789433;-0.00105025;0.080671;-0.00277464;0.0731561;0.0108758;-0.0251301;0.0342104;0.0139381;0.0314425;0.0144583;0.860287;0;1;0;1;0.533901;
30;0.280347;-0.287246;0.295937;-0.283766;0.283766;-0.283765;-0.0861642;0.131174;-0.0856728;0.132183;-0.0866768;0.127794;0.00635281;-0.0146764;0.0219712;0.00813946;0.0288995;0.00844319;0.646732;0;1;0;1;0;
31;0.261379;-0.265409;0.270484;-0.263376;0.263376;-0.263376;-0.156677;0.182963;-0.156383;0.183553;-0.156966;0.18099;0.00371083;-0.00857138;0.0128329;0.00475299;0.0168804;0.00493034;1;0;1;0;1;0;
32;0.230644;-0.232997;0.235962;-0.23181;0.231811;-0.23181;-0.203559;0.218911;-0.203383;0.219255;-0.203719;0.217758;0.00216721;-0.0050061;0.00749417;0.00277524;0.00985882;0.00287881;1;0;1;0;1;0;
33;0.188869;-0.190243;0.191974;-0.18955;0.18955;-0.18955;-0.231177;0.240143;-0.23107;0.240344;-0.210924;0.23947;0.00126516;-0.00292404;0.00437575;0.00162022;0.00575663;0.00168071;1;0;1;0;1;0;
34;0.133534;-0.134337;0.135348;-0.133932;0.133932;-0.133932;-0.245727;0.250964;-0.232996;0.251082;-0.207277;0.250571;0.000738026;-0.00170815;0.00255425;0.000945648;0.00336088;0.000980973;1;0;1;0;1;0;
35;0.0589516;-0.0594206;0.0600109;-0.0591837;0.0591846;-0.0591837;-0.241648;0.250087;-0.227664;0.24964;-0.198021;0.24984;0.000429981;-0.00099809;0.0014906;0.000551698;0.00196189;0.000572326;1;0;1;0;1;0;
36;-0.036054;0.0357796;-0.0354353;0.0359185;-0.035917;0.0359185;-0.223038;0.22546;-0.215038;0.23613;-0.16573;0.235993;0.000250317;-0.000583422;0.000869619;0.000321641;0.004402;0.000333689;1;0;1;0;1;0;
37;-0.132287;0.132126;-0.131926;0.132208;-0.132207;0.132208;-0.182007;0.202374;-0.191753;0.20409;-0.126677;0.199421;-0.00564992;-0.000341174;-0.00523547;0.000187438;0.0247988;0.000194441;1;0;1;0;1;0;
38;-0.205067;0.204973;-0.204856;0.205021;-0.20502;0.205021;-0.1419;0.167438;-0.160225;0.171693;-0.0922503;0.174868;-0.00329894;-0.00019974;-0.00305736;0.000108821;0.0144856;0.000112945;1;0;1;0;1;0;
39;-0.250982;0.250927;-0.250859;0.250955;-0.250955;0.250955;-0.0883304;0.157734;-0.11614;0.160219;-0.0266884;0.162073;0.0105304;-0.000117084;-0.00178479;6.31179e-05;0.0258386;6.54995e-05;1;0;1;0;1;0;
40;-0.277101;0.277067;-0.277027;0.277083;-0.277083;0.277083;-0.0208186;0.129841;-0.0414831;0.131295;0.0154295;0.132375;0.0194054;-6.88167e-05;0.0153195;0.00307225;0.0289034;3.78277e-05;1;0;1;0.440895;1;0;
41;-0.289961;0.289942;-0.289919;0.289951;-0.289951;0.289951;0.0399354;0.0838791;0.0513406;0.0847341;0.058211;0.0853606;0.0185048;-4.03402e-05;0.0314112;0.00795904;0.0263517;0.00678366;1;0.372099;1;0.886485;1;0.732084;
42;-0.293167;0.293156;-0.293142;0.293161;-0.293161;0.293161;0.0552547;0.0170647;0.0951749;0.0175575;0.0659256;0.01793;0.0108075;0.0323901;0.0183457;0.00714922;0.0153892;0.0230374;0.435725;1;0.938094;0.967044;0;1;
43;-0.287146;0.287547;-0.287131;0.287142;-0.287143;0.287142;0.107565;-0.0653126;0.130879;-0.0650425;0.113797;-0.0648126;0.00631116;0.0443695;0.0107133;0.00417672;0.00898686;0.0211338;0;1;0;0.587476;0;1;
44;-0.270067;0.270302;-0.270058;0.270064;-0.270065;0.270064;0.165413;-0.140724;0.179028;-0.140578;0.169052;-0.140435;0.00368533;0.0269616;0.00625614;0.00244069;0.00524788;0.0135109;0;1;0;0.502059;0;1;
45;-0.241494;0.241632;-0.241489;0.241492;-0.241493;0.241492;0.207935;-0.193507;0.215886;-0.193431;0.21006;-0.193341;0.00215181;0.0157459;0.00365313;0.00142615;0.00306423;0.00789252;0;1;0;0.628975;0;1;
46;-0.202303;0.202384;-0.202301;0.202303;-0.202303;0.202303;0.233915;-0.225483;0.238559;-0.225444;0.235156;-0.225388;0.00125619;0.00919238;0.00213293;0.000832998;0.00178894;0.00460892;0;1;0;0.688461;0;1;
47;-0.150865;0.150912;-0.150864;0.150865;-0.150865;0.150865;0.247889;-0.229611;0.250601;-0.242941;0.248614;-0.237502;0.000733125;-0.0157448;0.00124513;0.000486183;0.00104415;0.00269045;0;1;0;0.747625;0;1;
48;-0.0819845;0.0820122;-0.0819836;0.0819855;-0.0819839;0.0819842;0.25153;-0.225061;0.252026;-0.247333;0.25245;-0.23233;0.000427672;-0.0177891;0.000726653;0.000283372;0.000609177;0.0015701;0;1;0;1;0;1;
49;0.00835488;-0.00833891;0.00835543;-0.00835418;0.00835618;-0.00835513;0.240605;-0.198987;0.24068;-0.231828;0.234854;-0.223494;0.000249283;-0.0142727;0.000423856;0.000164839;0.000355158;0.000916101;0;1;0;1;0;1;
50;0.107333;-0.107325;0.107333;-0.107333;0.107335;-0.107333;0.210479;-0.163198;0.212329;-0.204605;0.209819;-0.205109;0.000145098;-0.00833836;0.000247033;-0.00276693;0.000206834;-0.00597268;0;1;0;1;0;1;
51;0.187851;-0.187847;0.187851;-0.18785;0.187853;-0.187851;0.17294;-0.120491;0.185631;-0.160796;0.175545;-0.168795;8.44032e-05;-0.00814198;0.000144005;-0.00161586;0.000120241;-0.00348793;0;1;0;0.785045;0;1;
52;0.240616;-0.240615;0.240616;-0.240616;0.240617;-0.240615;0.158432;-0.0674338;0.173649;-0.106275;0.137848;-0.124955;4.8835e-05;0.0118722;8.35399e-05;0.00417685;6.97031e-05;-0.00203638;0;1;0;1;0;1;
53;0.271439;-0.27144;0.271439;-0.27144;0.27144;-0.271438;0.136947;-0.0175495;0.145832;-0.0475109;0.124924;-0.0737577;0.00405324;0.0220231;4.84185e-05;0.0175019;4.02241e-05;-0.00118828;0.688731;1;0;1;0;1;
54;0.287466;-0.287468;0.287466;-0.287467;0.287467;-0.287465;0.0971775;0.0370444;0.10236;0.00969101;0.0901494;0.0300018;0.00897831;0.0333698;0.000192074;0.0155639;2.30832e-05;0.0273564;1;1;0.416188;1;0;1;
55;0.293159;-0.293159;0.293158;-0.293159;0.293158;-0.293157;0.0367952;0.0502543;0.0398229;0.065505;0.0326909;0.095039;0.0157389;0.0194883;0.020748;0.00909031;0.0253553;0.0159804;1;0.23596;1;0.341943;1;1;
56;0.289814;-0.289814;0.274551;-0.289813;0.290924;-0.289812;-0.0426534;0.0934914;-0.0408745;0.102398;-0.0450371;0.119646;0.00919323;0.0113807;0.0277534;0.00530831;0.0232632;0.00933247;0.745454;0;1;0;1;0.401533;
57;0.275955;-0.275956;0.267042;-0.275955;0.276605;-0.275954;-0.122254;0.151944;-0.121205;0.157145;-0.123633;0.167218;0.00536992;0.00664585;0.0249098;0.00309965;0.0202966;0.00544973;0.81042;0;1;0;1;0;
58;0.250436;-0.250437;0.245231;-0.250436;0.250817;-0.250436;-0.181481;0.198821;-0.180862;0.201859;-0.182277;0.207741;0.00313663;0.00388072;0.0145487;0.00180974;0.0118558;0.00318215;0.951569;0;1;0;1;0;
59;0.214179;-0.214179;0.21114;-0.214179;0.214402;-0.214179;-0.218492;0.228619;-0.218125;0.230393;-0.211282;0.233828;0.00183185;0.00226584;0.00849598;0.0010564;0.00692429;0.00185787;1;0;1;0;1;0;
60;0.166496;-0.166496;0.164721;-0.166496;0.166627;-0.166496;-0.239348;0.245263;-0.228719;0.246299;-0.205905;0.248305;0.00106947;0.00132273;0.0049611;0.000616394;0.0040437;0.00108445;1;0;1;0;1;0;
61;0.103062;-0.103063;0.102026;-0.103062;0.10314;-0.103062;-0.249053;0.252819;-0.225375;0.253424;-0.200056;0.254295;0.000624011;0.000771927;0.00289683;0.000359425;0.00236142;0.000632766;1;0;1;0;1;0;
62;0.0184143;-0.0184151;0.0178089;-0.018414;0.0184611;-0.0184138;-0.231213;0.238641;-0.218916;0.244796;-0.18296;0.240128;-0.00487709;0.000450239;0.0016913;0.000209351;0.0013793;0.000368978;1;0;1;0;1;0;
63;-0.0808909;0.0808891;-0.0812442;0.080891;-0.0808614;0.0808911;-0.211112;0.220983;-0.202666;0.224927;-0.16352;0.226756;-0.00284935;0.000262447;0.000987496;0.000121705;0.000806058;0.00021493;1;0;1;0;1;0;
64;-0.168494;0.168491;-0.1687;0.168494;-0.168474;0.168494;-0.173521;0.189513;-0.177633;0.217565;-0.12715;0.21893;-0.00225866;0.000152748;-0.000235184;7.055e-05;0.00396189;0.000124977;1;0;1;0;1;0;
65;-0.228616;0.228614;-0.228736;0.228616;-0.228603;0.228616;-0.125355;0.180944;-0.138178;0.197327;-0.069044;0.198124;-0.00151857;8.8741e-05;-0.000136384;4.07008e-05;0.0162629;7.24832e-05;1;0;1;0;1;0;
66;-0.264692;0.26469;-0.264762;0.264692;-0.264684;0.264692;-0.0631405;0.156312;-0.0923737;0.165879;-0.00153075;0.166344;0.00995774;5.13659e-05;0.00677365;2.32917e-05;0.0440426;4.18439e-05;1;0;1;0;1;0;
67;-0.284218;0.284216;-0.284258;0.284217;-0.284212;0.284216;0.0163058;0.116841;-0.00850554;0.122431;0.0384893;0.1227;0.0307567;2.9537e-05;0.023069;0.0112641;0.025728;2.40347e-05;1;0;1;0.504979;1;0;
68;-0.293977;0.292489;-0.292513;0.292489;-0.292486;0.292489;0.0680324;0.0595876;0.0722978;0.0628502;0.0660217;0.0630081;0.0179649;0.0229865;0.0270764;0.00658107;0.0150291;0.0226328;1;1;1;0.702587;1;1;
69;-0.292555;0.298633;-0.291715;0.293057;-0.291684;0.291686;0.0918293;-0.0172865;0.0943219;-0.0153922;0.090655;-0.0152923;0.010491;0.015286;0.015813;0.00702183;0.00877649;0.013223;0;1;0.513922;0.561166;0;1;
70;-0.281449;0.284999;-0.280958;0.281742;-0.28094;0.280941;0.144013;-0.100467;0.145469;-0.0993737;0.143327;-0.0993055;0.00612634;0.0154876;0.00923429;0.00410173;0.00512501;0.0140423;0;1;0;0.561464;0;1;
71;-0.258874;0.260947;-0.258587;0.259046;-0.258577;0.258577;0.192209;-0.166767;0.193059;-0.166138;0.191808;-0.166092;0.00357735;0.0225753;0.00539238;0.00239621;0.00299253;0.00820261;0;1;0;0.53841;0;1;
72;-0.225385;0.226596;-0.225217;0.225485;-0.225211;0.225212;0.224572;-0.197079;0.225069;-0.209346;0.224338;-0.209314;0.00208864;0.0132038;0.00314866;0.00139994;0.00174718;0.0047907;0;1;0;0.670132;0;1;
73;-0.18105;0.181759;-0.180952;0.181108;-0.180948;0.180949;0.24327;-0.192661;0.24356;-0.234378;0.243133;-0.207417;0.00121928;0.00771242;0.00183828;0.000817566;0.00101977;0.00443836;0;1;0;1;0;1;
74;-0.122529;0.122945;-0.122472;0.122563;-0.12247;0.12247;0.252385;-0.199137;0.252555;-0.247192;0.252305;-0.211196;0.000711529;0.00450504;0.00107305;0.00047707;0.000595004;0.0036778;0;1;0;0.807572;0;1;
75;-0.0439299;0.0441735;-0.0438966;0.0439496;-0.0438948;0.0438964;0.248536;-0.198912;0.248312;-0.238147;0.247937;-0.225225;0.000415019;0.00262968;0.000626125;0.000278029;0.000346911;0.00214749;0;1;0;0.687913;0;1;
76;0.053429;-0.0532869;0.0534484;-0.0534176;0.0534505;-0.0534478;0.232913;-0.18315;0.232767;-0.21769;0.225118;-0.215657;0.000241875;-0.00874669;0.000365147;0.000161966;0.000202015;0.0012536;0;1;0;0.88479;0;1;
77;0.146912;-0.14683;0.146923;-0.146906;0.146926;-0.146922;0.226088;-0.147523;0.225287;-0.183135;0.19716;-0.192683;0.000140794;-0.00790249;0.000212783;-0.00377818;0.00011741;-0.00882773;0;1;0;1;0;1;
78;0.214771;-0.214724;0.214777;-0.214767;0.214779;-0.214776;0.207094;-0.0939322;0.206627;-0.13484;0.160603;-0.152374;8.17283e-05;-0.00426709;0.000123795;-0.00220526;6.80718e-05;-0.00515535;0;1;0;0.85049;0;1;
79;0.256699;-0.256674;0.256703;-0.256698;0.256704;-0.256702;0.1774;-0.043523;0.177126;-0.08176;0.150249;-0.111897;4.73395e-05;-0.0023144;7.19104e-05;0.013709;3.91965e-05;-0.0030104;0;1;0;1;0;1;
80;0.280129;-0.280116;0.280131;-0.280129;0.280132;-0.28013;0.136816;0.0114021;0.136654;0.0112728;0.120958;-0.0580364;0.00892857;0.0227191;4.16002e-05;0.0366675;2.24498e-05;-0.0017579;0.972447;1;0;1;0;1;
81;0.291148;-0.291143;0.29115;-0.291149;0.29115;-0.291149;0.0817597;0.0515241;0.0816618;0.0531005;0.0724936;0.049692;0.0109072;0.0185774;0.0199283;0.0214185;0.00293565;0.017732;1;1;0.947096;0.755439;0.45789;1;
82;0.291572;-0.293428;0.295573;-0.292813;0.292455;-0.292812;0.00804509;0.0697979;0.00799148;0.0707197;0.00263862;0.0687317;0.0165156;0.010849;0.0298324;0.0125089;0.0190001;0.010357;1;0;1;0.0728658;1;0.937151;
83;0.284296;-0.285381;0.286634;-0.285021;0.284812;-0.285021;-0.0769553;0.122416;-0.0769729;0.122954;-0.0800977;0.121793;0.00964659;0.00633535;0.0337354;0.00730473;0.0240334;0.00604816;0.790125;0;1;0;1;0;
84;0.265466;-0.266099;0.266832;-0.265889;0.265768;-0.265889;-0.150066;0.176616;-0.150069;0.176931;-0.151891;0.176253;0.00563491;0.0036994;0.0197047;0.00426553;0.0140392;0.00353171;1;0;1;0;1;0;
85;0.235193;-0.235563;0.235992;-0.23544;0.23537;-0.23544;-0.19948;0.214987;-0.199477;0.21517;-0.200537;0.214774;0.00329139;0.00215999;0.0115076;0.0024906;0.00820071;0.00206202;1;0;1;0;1;0;
86;0.194199;-0.194415;0.194666;-0.194344;0.194303;-0.194344;-0.228878;0.237934;-0.228872;0.238041;-0.205179;0.23781;0.00192228;0.00126092;0.00671986;0.00145402;0.00478929;0.00120371;1;0;1;0;1;0;
87;0.140242;-0.140368;0.140515;-0.140326;0.140304;-0.140326;-0.244603;0.249893;-0.225631;0.249955;-0.204288;0.24982;0.0011224;0.00073585;0.00392383;0.000848593;0.00279701;0.000702396;1;0;1;0;1;0;
88;0.0677355;-0.0678097;0.0678954;-0.0677849;0.0677728;-0.0677849;-0.240397;0.250689;-0.224734;0.25043;-0.193949;0.250452;0.000655006;0.000429182;0.00229114;0.00049504;0.00163354;0.000409645;1;0;1;0;1;0;
89;-0.0257351;0.0256915;-0.0256416;0.0257064;-0.0257123;0.0257063;-0.223144;0.228691;-0.21341;0.237626;-0.178432;0.238133;0.000382261;0.000250085;0.00133761;0.00028855;0.0009545;0.000238689;1;0;1;0;1;0;
90;-0.123268;0.123242;-0.123213;0.123251;-0.123254;0.123251;-0.193396;0.205826;-0.195358;0.203466;-0.148419;0.204061;0.000223397;0.000145492;0.000781254;0.000168004;0.000558654;0.00013887;1;0;1;0;1;0;
91;-0.198952;0.198937;-0.19892;0.198942;-0.198943;0.198942;-0.145177;0.16993;-0.158207;0.168472;-0.100317;0.168595;-0.000193463;8.44257e-05;0.000456856;9.76189e-05;0.0151746;8.05832e-05;1;0;1;0;1;0;
92;-0.247332;0.247323;-0.247314;0.247327;-0.247327;0.247327;-0.0888727;0.161173;-0.118159;0.160062;-0.0385197;0.160029;0.0133772;4.88661e-05;0.000518493;5.65531e-05;0.0223103;4.65942e-05;1;0;1;0;1;0;
93;-0.275127;0.275122;-0.275116;0.275123;-0.275124;0.275123;-0.0225924;0.134378;-0.0554372;0.133731;0.0207864;0.133711;0.0289108;2.80902e-05;0.00374735;0.00593186;0.0354259;2.6763e-05;1;0;1;0.617469;1;0;
94;-0.289122;0.28912;-0.289117;0.28912;-0.289121;0.289121;0.0326691;0.0899939;0.0299345;0.0896223;0.0583549;0.0896039;0.0183406;1.6018e-05;0.0133325;0.0121856;0.0371767;1.51942e-05;1;0.0422193;1;0.57633;1;0;
95;-0.293239;0.293238;-0.293236;0.293238;-0.293239;0.293238;0.0499421;0.0251095;0.0866196;0.0248871;0.0773928;0.0248809;0.0107119;0.0256493;0.0077878;0.00891146;0.0217115;0.0157047;0.471574;1;1;0.728248;0.251192;1;
96;-0.288224;0.288224;-0.288222;0.288223;-0.288223;0.288223;0.100488;-0.0566421;0.121908;-0.0567872;0.116519;-0.0567794;0.00625535;0.0289496;0.00454769;0.00564948;0.012679;0.0267207;0;1;0;0.410059;0;1;
97;-0.272341;0.272342;-0.27234;0.272341;-0.27234;0.27234;0.159532;-0.133913;0.172041;-0.134009;0.168894;-0.133996;0.00365274;0.0169115;0.00265541;0.00330054;0.00740406;0.0194802;0;1;0;0.56731;0;1;
98;-0.244882;0.244884;-0.244882;0.244882;-0.244882;0.244881;0.204111;-0.189139;0.211416;-0.189205;0.209578;-0.189191;0.00213276;0.00987859;0.00155032;0.00192815;0.00432347;0.0113788;0;1;0;0.607423;0;1;
