1;-0.000363589;0.000116065;9.9484e-05;-0.000363589;0.000116064;9.94838e-05;0.0349768;0.0347455;0.0352594;0.034977;0.0347456;0.0352595;0.808667;0.808665;0.808666;0.808667;0.808665;0.808666;0;0;0;0;0;0;
2;0.0012711;-0.000145198;-0.00198864;0.000721602;0.00197411;0.00132224;0.0806418;0.0806506;0.0826581;0.0800521;0.0794805;0.122026;0.472295;0.472294;0.472295;0.472333;0.472331;0.47234;1;1;1;0;0;1;
3;0.0184187;0.0218105;0.00819659;-0.0067419;0.0192147;-0.0332499;0.0775984;0.0696562;0.0529139;0.0466691;0.0465067;0.0804671;0.275835;0.275835;0.27583;0.275854;0.275855;0.27587;1;1;1;0;0;0;
4;0.0113909;0.012102;0.00188725;-0.00467;0.0228123;-0.0208929;0.0868455;0.072537;0.05104;0.0573607;0.0553154;0.0918766;0.161101;0.161099;0.161093;0.161107;0.161108;0.16112;1;1;1;0.0902199;0;0;
5;0.00905431;0.007014;0.00403394;-0.00468798;0.0141968;-0.0134498;0.061143;0.052178;0.0374039;0.0407197;0.0342246;0.106489;0.0940938;0.0940912;0.094086;0.0940919;0.0940924;0.0941089;1;1;1;0.214006;0;0;
6;0.00684957;0.00301772;0.00517633;-0.00697061;0.00939784;-0.0155231;0.0674883;0.0580158;0.0414797;0.0380128;0.0257952;0.102842;0.0549599;0.0549577;0.054954;0.0549546;0.0549542;0.0611918;1;1;1;0.441168;0.380013;0;
7;0.00748512;0.00213634;0.00707993;-0.00580577;0.00673141;-0.0165418;0.0588558;0.0510878;0.0343564;0.0322939;0.01897;0.0964723;0.0321053;0.0321029;0.0321002;0.0320977;0.0320967;0.0524298;1;1;1;0.412979;0.415731;0;
8;0.00679562;0.00117212;0.00655178;-0.00469312;0.00506466;-0.016698;0.0530386;0.0452481;0.0279541;0.0275403;0.0138751;0.091142;0.0205171;0.0187541;0.0187523;0.018748;0.0187469;0.0485144;1;1;1;0.397283;0.465138;0;
9;0.00584387;0.00215958;0.00542695;-0.00327936;0.00349631;-0.0164578;0.0478148;0.0407523;0.0226343;0.0249848;0.0104028;0.0898257;0.0178507;0.0109572;0.0109563;0.0109506;0.01095;0.0426124;1;1;1;0.368662;0.513497;0;
10;0.00379146;0.00537462;0.00316046;-0.00101997;0.00114701;-0.0152078;0.0402233;0.0393926;0.0175076;0.0255858;0.00765505;0.0883456;0.0201811;0.00640265;0.00860806;0.00639602;0.00639642;0.0370525;1;1;1;0.354406;0.557265;0;
11;-0.0014308;0.006785;-0.0017994;0.00305026;-0.00297527;-0.0115579;0.0373417;0.0403586;0.011997;0.0289844;0.00598201;0.0872093;0.0156613;0.00376165;0.0060367;0.00373572;0.00373722;0.0344244;1;1;1;0.366524;0.60818;0;
12;-0.00913405;0.0122617;-0.00934944;0.010081;-0.0100355;-0.00388113;0.034536;0.0402331;0.00808018;0.0298744;0.0039782;0.0872992;0.0152237;0.00219943;0.00439667;0.00218191;0.00218422;0.0334436;1;1;1;0.340927;0.650531;0;
13;-0.0207906;0.0226176;-0.0209166;0.0213452;-0.0213161;0.00852993;0.0322258;0.0392547;0.00518717;0.030271;0.00319489;0.0872896;0.0168043;0.00196752;0.00310609;0.00127426;0.00127707;0.0319191;1;1;1;0.339965;0.656141;0;
14;-0.0376357;0.0387027;-0.0377098;0.0379617;-0.037941;0.0270168;0.0379642;0.0368822;0.00677653;0.025298;0.00277136;0.084947;0.0178775;0.00347362;0.00181593;0.000744225;0.000746612;0.0311322;1;1;1;0.332452;0.605397;0;
15;-0.0600569;0.0606804;-0.0601011;0.0602512;-0.0602361;0.0526671;0.046263;0.0370783;0.0152728;0.0183149;0.00566148;0.0764801;0.0176678;0.00775286;0.00106114;0.000434673;0.000435311;0.0349885;1;1;1;0.476664;0.438208;0;
16;-0.0865847;0.0869498;-0.0866125;0.0867038;-0.0866937;0.0822664;0.0692544;0.0388574;0.0389943;-0.000736675;0.0147421;0.0543878;0.0180132;0.0232128;0.00061975;0.000253783;0.000254418;0.0396533;1;1;1;0.574562;0;0;
17;-0.11303;0.113241;-0.113044;0.1131;-0.113094;0.110504;0.0753517;0.0183406;0.0557884;-0.0333018;0.0414872;-0.00110514;0.0105202;0.0449473;0.00284287;0.0109033;0.000148201;0.0444295;1;1;1;0.842816;0;0;
18;-0.132749;0.132873;-0.132756;0.132791;-0.132786;0.129571;0.10557;0.0037844;0.0941469;-0.0810084;0.0857957;-0.0621977;0.00614342;0.0815466;0.00166057;0.0112263;8.71806e-05;0.0362699;0.51597;1;1;0.440773;1;0.580232;
19;-0.138282;0.138355;-0.138286;0.138142;-0.138303;0.121756;0.149436;-0.036627;0.142765;-0.135084;0.137888;-0.111142;0.00358733;0.0925975;0.000969405;0.0317201;5.05304e-05;0.0493965;0;1;0;0.580559;0.665315;1;
20;-0.123549;0.123593;-0.123551;0.123466;-0.123562;0.0889227;0.189394;-0.0743835;0.185498;-0.181005;0.18265;-0.163318;0.00209455;0.0940308;0.000565706;0.0219793;2.90485e-05;0.0367755;0;1;0;0.569523;0;1;
21;-0.0843749;0.0844023;-0.0843763;0.0843268;-0.0843825;0.0641502;0.216927;-0.104072;0.214652;-0.207308;0.212989;-0.179237;0.00122273;0.0755434;0.000329878;0.0167268;1.64951e-05;0.0230034;0;1;0;0.67017;0;1;
22;-0.0172986;0.0173172;-0.0172994;0.0172707;-0.0173032;0.00548577;0.231704;-0.124564;0.230375;-0.20701;0.229404;-0.182101;0.000713585;0.0496907;0.00019215;0.00977309;9.11397e-06;0.0217468;0;1;0;0.687926;0;1;
23;0.0725492;-0.0725363;0.0725487;-0.0725649;0.0725464;-0.0794488;0.229866;-0.13295;0.229857;-0.192571;0.230111;-0.184067;0.000416269;0.0290285;0.000111721;0.00571058;4.79168e-06;0.0155522;0;1;0;0.784752;0;1;
24;0.159621;-0.159613;0.159621;-0.159629;0.15962;-0.163652;0.222942;-0.1225;0.222937;-0.16804;0.223085;-0.169109;0.000242641;0.0169562;6.47762e-05;0.00333647;2.23884e-06;0.00998451;0;1;0;0.8996;0;1;
25;0.222492;-0.222487;0.222492;-0.222496;0.222491;-0.224847;0.203442;-0.0924741;0.203439;-0.131785;0.203525;-0.140518;0.000141236;0.00990302;3.73596e-05;-0.00520084;7.8209e-07;0.00583181;0;1;0;1;0;1;
26;0.261128;-0.261128;0.261128;-0.261131;0.261128;-0.262505;0.173144;-0.046678;0.173143;-0.0843463;0.173193;-0.102721;8.20473e-05;0.00578266;2.13767e-05;-0.0179675;8.52529e-08;0.00169735;0;1;0;1;0.164701;0.951937;
27;0.282493;-0.282494;0.282493;-0.282494;0.282492;-0.283299;0.131577;0.0102707;0.131576;-0.0383003;0.13161;-0.0786174;4.78057e-05;-0.0102625;1.20268e-05;-0.0131985;0.00703246;0.000991682;0.797865;1;0;0.827821;1;0.810113;
28;0.292153;-0.292156;0.292154;-0.292156;0.291834;-0.292626;0.0749236;0.0552087;0.0749201;-0.0204431;0.0749471;-0.0439883;0.0176226;-0.0251154;0.00588348;-0.00770751;0.0410194;0.000314877;1;1;1;0.411324;0;0.819142;
29;0.282168;-0.303378;0.283229;-0.295836;0.274215;-0.294107;-0.000519084;0.0765229;-0.000518251;0.0323442;0.000599315;0.0185952;0.029014;-0.0146683;0.0307295;-0.00450063;0.0631072;-0.00162335;1;0.473427;1;0;0;0.737539;
30;0.253491;-0.289984;0.254512;-0.28558;0.251411;-0.28457;-0.0853662;0.12976;-0.0853594;0.103961;-0.0641809;0.0959329;0.0301189;-0.00856668;0.0350274;-0.0139265;0.0750759;0.00126998;1;0;1;0;1;0;
31;0.245657;-0.267007;0.246053;-0.264436;0.23185;-0.263846;-0.156204;0.182138;-0.156194;0.167072;-0.12211;0.162385;0.0325245;-0.00500337;0.0368974;-0.00813295;0.0643656;0.00870325;1;0;1;1;1;1;
32;0.221461;-0.233931;0.221693;-0.232429;0.213397;-0.232085;-0.203277;0.218429;-0.203267;0.209631;-0.145242;0.206893;0.0190007;-0.00292242;0.0215539;-0.00475008;0.0444087;0.0050823;1;0;1;0;1;0;
33;0.183505;-0.190788;0.183641;-0.189911;0.178795;-0.18971;-0.231008;0.239861;-0.217789;0.234723;-0.171419;0.233125;0.0111009;-0.00170718;0.0125901;-0.00277451;0.0272271;0.00296752;1;0;1;0;1;0;
34;0.130402;-0.134655;0.130481;-0.134143;0.127651;-0.134025;-0.241162;0.2508;-0.218868;0.247799;-0.18572;0.246866;0.00648497;-0.00099753;0.00735397;-0.00162081;0.0159052;0.0017325;1;0;1;0;1;0;
35;0.0571224;-0.0596064;0.057169;-0.0593072;0.0555167;-0.0592388;-0.237526;0.249389;-0.216005;0.249347;-0.189976;0.249652;0.00378735;-0.000583113;0.00429572;-0.000947034;0.00928967;0.00101126;1;0;1;0;1;0;
36;-0.0371225;0.0356715;-0.0370947;0.0358461;-0.0380591;0.0358861;-0.221687;0.230564;-0.210457;0.233166;-0.181002;0.233329;0.00221048;-0.000341105;0.00250885;-0.000553579;0.00542409;0.00059005;1;0;1;0;1;0;
37;-0.132911;0.132064;-0.132894;0.132165;-0.133458;0.132189;-0.192232;0.205608;-0.192594;0.20555;-0.156774;0.20442;-0.00610999;-0.000199778;-0.00421048;-0.000323743;-0.00214746;0.000344111;1;0;1;0;1;0;
38;-0.205432;0.204937;-0.205422;0.204995;-0.205751;0.20501;-0.142508;0.198039;-0.159091;0.198005;-0.124443;0.197345;-0.0137784;-0.000117153;-0.00970533;-0.000189416;-0.0170003;0.000200479;1;0;1;0.244235;1;0;
39;-0.251196;0.250906;-0.25119;0.250939;-0.251382;0.250948;-0.0927738;0.175605;-0.118426;0.175587;-0.0978582;0.1752;-0.00999322;-6.88906e-05;-0.0104649;-0.000109914;-0.016258;0.000116923;1;0;1;1;1;0.476935;
40;-0.277224;0.277054;-0.277221;0.277071;-0.277333;0.277078;-0.0382106;0.140277;-0.0656541;0.140271;-0.0712044;0.140044;-0.0109766;-4.06642e-05;-0.0237148;0.000555646;-0.0173009;0.00166063;1;0;1;1;1;1;
41;-0.290034;0.289934;-0.290032;0.289943;-0.290097;0.289948;0.0218408;0.0899738;-0.0413692;0.0899772;-0.0496383;0.0898428;-0.0115942;-2.41059e-05;-0.0138494;0.0129526;-0.0116607;0.00857578;1;0;1;0;0.521757;1;
42;-0.294412;0.287723;-0.293525;0.315653;-0.293636;0.292663;0.0446915;0.0206188;0.00777417;0.0206215;0.0029431;0.0205444;-0.00676905;0.0352536;-0.00808879;0.012897;-0.00681005;0.0151592;1;1;1;0;0;0;
43;-0.287873;0.259199;-0.289346;0.300276;-0.28742;0.282063;0.101397;-0.0346381;0.0798382;-0.0632471;0.077016;-0.0632866;-0.00395344;0.0719198;-0.0047756;0.0241121;0.00711311;0.0272186;0;1;1;0.42188;0;1;
44;-0.270491;0.241216;-0.271352;0.277733;-0.270227;0.267096;0.16181;-0.0880375;0.14922;-0.139524;0.147573;-0.13954;-0.00230919;0.0827284;-0.00278937;0.0324615;0.00420124;0.0422427;0;1;0;0.377087;0.276756;1;
45;-0.241742;0.224642;-0.242244;0.245969;-0.241588;0.239757;0.205831;-0.124854;0.198479;-0.192808;0.197517;-0.191862;-0.00134901;0.0703604;-0.00162941;0.0271336;0.00245305;0.0269925;0;1;0;0.495644;0;1;
46;-0.202448;0.19246;-0.202742;0.204916;-0.202358;0.201289;0.232687;-0.158873;0.228393;-0.225075;0.227831;-0.214401;-0.000788287;0.043399;-0.000952044;0.0158519;0.00143207;0.0157678;0;1;0;0.565075;0;1;
47;-0.15095;0.145116;-0.151121;0.152391;-0.150897;0.150272;0.247172;-0.180081;0.244664;-0.238374;0.244336;-0.216103;-0.000460863;0.0253516;-0.000556496;0.00926078;0.000835784;0.00921048;0;1;0;0.575036;0;1;
48;-0.0820336;0.0786271;-0.0821337;0.0828751;-0.0820029;0.0816381;0.252523;-0.187036;0.251615;-0.236706;0.251423;-0.217378;-0.000269643;0.0148077;-0.000325503;0.00540933;0.000487531;0.00538027;0;1;0;0.627715;0;1;
49;0.00832678;-0.0103157;0.00826831;-0.0078354;0.00834474;-0.0085576;0.238445;-0.18246;0.239551;-0.224257;0.235594;-0.212996;-0.000157989;0.00864753;-0.000190611;0.00315877;0.000284153;0.00314236;0;1;0;0.726156;0;1;
50;0.107318;-0.108479;0.107283;-0.107031;0.107328;-0.107452;0.215687;-0.163017;0.213498;-0.199574;0.214303;-0.198891;-9.2737e-05;0.00504823;-0.000111809;0.000626259;0.000165386;0.00106065;0;1;0;0.835527;0;1;
51;0.187842;-0.188521;0.187822;-0.187675;0.187849;-0.187921;0.20833;-0.125525;0.206747;-0.161413;0.207521;-0.170839;-5.4641e-05;-0.00641427;-6.57745e-05;-0.0156056;9.60766e-05;-0.0131609;0;1;0;0.984549;0;1;
52;0.240611;-0.241009;0.240599;-0.240514;0.240615;-0.240658;0.186905;-0.0950057;0.185981;-0.106456;0.186433;-0.133874;-3.23371e-05;-0.0132496;-3.88463e-05;-0.0152563;5.55934e-05;-0.0076873;0;1;0;1;0;1;
53;0.271436;-0.27167;0.27143;-0.27138;0.271438;-0.271465;0.153574;-0.0278975;0.153034;-0.0663995;0.153299;-0.122106;-1.93105e-05;-0.0221764;-2.31319e-05;-0.0122014;3.30636e-05;-0.00448896;0;1;0;0.834705;1;0.868363;
54;0.287464;-0.287604;0.287461;-0.287432;0.287464;-0.287483;0.106883;0.022384;0.106565;-0.0153578;0.106726;-0.0885038;0.000969673;-0.0255704;-1.38979e-05;-0.00712729;0.0102818;-0.00584245;1;1;0;0.307692;1;1;
55;0.283851;-0.312534;0.290849;-0.293137;0.293156;-0.305802;0.0424634;0.0532274;0.042274;0.0109952;0.0423763;-0.0317223;0.0219757;-0.0149363;0.0174124;-0.0041619;0.0440132;-0.00922544;1;1;1;0;0;0.990256;
56;0.2691;-0.301129;0.276112;-0.289801;0.276087;-0.297651;-0.0393376;0.0952275;-0.0394455;0.0705654;-0.0135394;0.0456207;0.0219922;-0.00872323;0.0256396;-0.00243048;0.0715036;-0.00779109;1;0;1;0;1;0.548776;
57;0.236358;-0.282563;0.225333;-0.275947;0.246566;-0.280533;-0.120313;0.152958;-0.1183;0.138557;-0.0892911;0.123988;0.028094;-0.00509474;0.0604352;-0.00141979;0.0793682;0.0227618;1;0;1;1;1;0;
58;0.196333;-0.254295;0.190241;-0.250431;0.23327;-0.25311;-0.180339;0.199413;-0.179158;0.191003;-0.133963;0.182498;0.0372097;-0.00297585;0.0474752;-0.000829514;0.0506496;0.0166703;1;0;1;0;1;1;
59;0.182581;-0.216432;0.179023;-0.214176;0.204153;-0.21574;-0.21782;0.228964;-0.201894;0.224053;-0.148527;0.219086;0.021735;-0.00173835;0.0277324;-0.000484925;0.0423209;0.00973487;1;0;1;0;1;0;
60;0.148043;-0.167812;0.145965;-0.166494;0.16064;-0.167408;-0.238953;0.245465;-0.211938;0.242596;-0.180467;0.239696;0.0126967;-0.00101577;0.0162;-0.000283678;0.0247225;0.00568463;1;0;1;0;1;0;
61;0.0922851;-0.103831;0.0910719;-0.103061;0.0996433;-0.103594;-0.2452;0.252937;-0.222635;0.251262;-0.188129;0.249568;0.00741467;-0.000593723;0.00946164;-0.000166196;0.0144415;0.00331925;1;0;1;0;1;0;
62;0.0121203;-0.018863;0.011412;-0.0184135;0.0164185;-0.0187251;-0.233732;0.241457;-0.214517;0.243214;-0.19144;0.245009;0.00432916;-0.000347305;0.00552586;-9.75649e-05;0.00843343;0.00193791;1;0;1;0;1;0;
63;-0.0845664;0.0806284;-0.0849798;0.0808909;-0.0820553;0.0807089;-0.214178;0.220919;-0.205447;0.222291;-0.17611;0.222292;0.00242528;-0.000203378;0.00322674;-5.74717e-05;0.00492254;0.00113122;1;0;1;0;1;0;
64;-0.17064;0.16834;-0.170882;0.168493;-0.169174;0.168387;-0.178016;0.203154;-0.183373;0.215856;-0.146752;0.216294;-0.00865761;-0.00011917;-0.0119641;-3.40315e-05;-0.00660102;0.000660145;1;0;1;0;1;0;
65;-0.22987;0.228526;-0.230011;0.228615;-0.229015;0.228553;-0.123387;0.188911;-0.155567;0.196328;-0.118932;0.196584;-0.0144115;-7.01564e-05;-0.00698953;-2.03647e-05;-0.0187674;0.000385045;1;0;1;0;1;0;
66;-0.265425;0.264639;-0.265508;0.264692;-0.264927;0.264655;-0.0704313;0.160964;-0.141492;0.165296;-0.078248;0.165447;-0.012515;-4.14441e-05;-0.00408355;-1.23301e-05;-0.0308018;0.000225655;1;0;1;0;1;1;
67;-0.284646;0.284186;-0.284695;0.284216;-0.284357;0.284194;0.00192945;0.119558;-0.108188;0.122088;-0.0355546;0.12218;-0.0161806;-2.46089e-05;-0.00716178;-7.20248e-06;-0.028948;0.00275166;1;0;1;0.303543;1;1;
68;-0.292742;0.288954;-0.292769;0.277738;-0.31992;0.292476;0.0757302;0.0611707;-0.0545247;0.0626495;-0.0121104;0.062707;-0.0116614;0.0231625;-0.00554357;0.0107449;-0.0208695;0.0226329;1;1;1;1;0.322037;1;
69;-0.294828;0.264272;-0.300812;0.260892;-0.307706;0.288728;0.096327;-0.00683652;0.0202574;-0.0155042;0.0450266;-0.0154693;-0.0068091;0.0650153;-0.00600418;0.0292383;-0.0121883;0.0278223;1;1;1;1;0;0;
70;-0.282776;0.254785;-0.286272;0.252324;-0.290298;0.279213;0.14664;-0.0670315;0.102215;-0.0994353;0.116682;-0.0994051;-0.00397693;0.0738146;-0.00597451;0.027279;-0.0143224;0.0391591;0;1;0.496101;1;1;1;
71;-0.259649;0.243301;-0.26169;0.225218;-0.264042;0.257567;0.193743;-0.108217;0.167799;-0.166168;0.176247;-0.166144;-0.00232289;0.0762552;-0.00348945;0.0259334;-0.00836476;0.0323062;0;1;0;1;0;1;
72;-0.225837;0.216288;-0.22703;0.205727;-0.228403;0.224621;0.225468;-0.119588;0.210317;-0.209358;0.215251;-0.200307;-0.00135705;0.0725496;-0.00203832;0.019077;-0.00488542;0.0188735;0;1;0;1;0;1;
73;-0.181314;0.175736;-0.18201;0.169567;-0.182812;0.180603;0.243793;-0.138196;0.234945;-0.226287;0.237826;-0.194393;-0.00079302;0.0504085;-0.00119088;0.0144097;-0.00285356;0.0223318;0;1;0;1;0;1;
74;-0.122683;0.119427;-0.12309;0.115821;-0.123558;0.122268;0.252691;-0.149735;0.247524;-0.228704;0.249206;-0.192828;-0.000463612;0.0337085;-0.000695945;0.00841932;-0.00166704;0.022319;0;1;0;1;0;1;
75;-0.0440194;0.0421189;-0.0442569;0.040011;-0.0445303;0.0437771;0.247549;-0.158808;0.248384;-0.224912;0.247525;-0.198332;-0.000271262;0.0196932;-0.000406951;0.0049188;-0.000974094;0.013895;0;1;0;1;0;1;
76;0.0533773;-0.0544862;0.0532386;-0.0557187;0.0530791;-0.0535188;0.228931;-0.16316;0.23066;-0.211197;0.225241;-0.196892;-0.000158895;0.0115034;-0.000238145;0.00287313;-0.000569456;0.00811777;0;1;0;1;0;1;
77;0.146883;-0.14753;0.146802;-0.14825;0.146709;-0.146965;0.200626;-0.14974;0.222832;-0.180275;0.200759;-0.181383;-9.30983e-05;0.00671744;-0.000139528;-0.00259215;-0.000333093;0.00474147;0;1;0;1;0;1;
78;0.214754;-0.215133;0.214706;-0.215553;0.214652;-0.214803;0.192224;-0.110325;0.205193;-0.140496;0.192302;-0.154882;-5.49416e-05;-0.00737127;-8.19747e-05;-0.0175397;-0.000195024;-0.00356278;0;1;0;1;0;1;
79;0.25669;-0.256913;0.256662;-0.257157;0.256631;-0.25672;0.168715;-0.0773868;0.176289;-0.082532;0.168761;-0.115881;-3.25308e-05;-0.0182664;-4.83359e-05;-0.0149819;-0.000114357;-0.00760929;0;1;0;1;0;1;
80;0.280123;-0.280255;0.280107;-0.280398;0.280089;-0.280142;0.131743;-0.0150821;0.136165;-0.0249775;0.131769;-0.100557;-1.90545e-05;-0.0325964;-2.8653e-05;-0.0119564;-6.72261e-05;-0.00444353;0.737954;1;0;1;0;0.969114;
81;0.28877;-0.291225;0.291136;-0.291465;0.291125;-0.291158;0.0787972;0.024321;0.081373;0.0415195;0.0788062;-0.0605755;0.0151194;-0.0218465;-1.70767e-05;-0.01468;-3.92035e-05;-0.00316156;1;1;0;1;0.363602;1;
82;0.281087;-0.310225;0.291458;-0.300203;0.278103;-0.302235;0.00632076;0.053911;0.00781678;0.063957;0.00632296;0.00433697;0.0335342;-0.0127613;0.0137697;-0.00857223;0.0544292;-0.00452077;1;1;1;0.941527;1;1;
83;0.265934;-0.29519;0.284228;-0.289337;0.253396;-0.290524;-0.077955;0.113138;-0.077077;0.119005;-0.0514372;0.0841885;0.0275255;-0.00745296;0.0333278;-0.00500652;0.071761;-0.00401524;1;0;1;0;1;0;
84;0.254741;-0.271828;0.265425;-0.26841;0.233061;-0.269103;-0.150643;0.171198;-0.150125;0.174624;-0.117587;0.154293;0.0320497;-0.00435295;0.031963;-0.00292419;0.0697591;-0.00234445;1;0;1;0;1;1;
85;0.228928;-0.238908;0.235168;-0.236912;0.216266;-0.237317;-0.199812;0.211822;-0.199506;0.213823;-0.147804;0.20195;0.0187234;-0.00254256;0.018672;-0.00170817;0.0469556;-0.0013695;1;0;1;0;1;0.0860313;
86;0.19054;-0.196369;0.194184;-0.195203;0.183145;-0.19544;-0.229067;0.236086;-0.221035;0.237255;-0.173921;0.230321;0.010939;-0.00148534;0.0109072;-0.000998074;0.0274312;-0.000800294;1;0;1;0;1;0;
87;0.138105;-0.141509;0.140233;-0.140828;0.133786;-0.140966;-0.242972;0.248813;-0.224003;0.249496;-0.192009;0.245447;0.0063905;-0.000867975;0.0063705;-0.000583376;0.0160236;-0.00046787;1;0;1;0;1;0;
88;0.0664876;-0.0684757;0.0677311;-0.0680781;0.0639655;-0.0681588;-0.239881;0.250769;-0.222096;0.2507;-0.197939;0.251219;0.00373197;-0.000507457;0.0037203;-0.000341203;0.00935768;-0.000273747;1;0;1;0;1;0;
89;-0.0264639;0.0253029;-0.0257375;0.025535;-0.0279363;0.0254879;-0.225978;0.232375;-0.216457;0.235198;-0.189673;0.235303;0.00217811;-0.000296914;0.00217181;-0.000199773;0.00546247;-0.000160388;1;0;1;0;1;0;
90;-0.123694;0.123016;-0.12327;0.123151;-0.124554;0.123124;-0.198263;0.209139;-0.199354;0.208787;-0.163932;0.210049;-0.00869929;-0.00017395;-0.00838646;-0.000117153;-0.00826978;-9.41626e-05;1;0;1;0;1;0;
91;-0.199201;0.198805;-0.198953;0.198884;-0.199704;0.198868;-0.151461;0.201754;-0.165909;0.201548;-0.137903;0.202285;-0.013321;-0.000102092;-0.00774518;-6.88728e-05;-0.0180899;-5.54511e-05;1;0;1;0;1;0;
92;-0.247478;0.247247;-0.247334;0.247293;-0.247773;0.247282;-0.0981796;0.179758;-0.133539;0.179638;-0.0982263;0.180068;-0.011874;-6.00846e-05;-0.00681475;-4.07019e-05;-0.0268665;-3.27246e-05;1;0;1;0;1;0.721076;
93;-0.275214;0.275077;-0.27513;0.275104;-0.275386;0.275098;-0.0396033;0.145232;-0.118239;0.145162;-0.0465789;0.145416;-0.0153786;-3.55565e-05;-0.00397973;-2.41753e-05;-0.0292177;-1.77795e-05;1;0;1;0;1;1;
94;-0.289176;0.289094;-0.289126;0.288995;-0.289277;0.289106;0.0446094;0.0963325;-0.0805685;0.0962947;-0.0119715;0.0964445;-0.0218602;-2.11526e-05;-0.00253816;0.00521598;-0.0202934;0.00742455;1;0;1;1;1;1;
95;-0.305523;0.282574;-0.300808;0.273796;-0.309509;0.314128;0.0874643;0.0288103;-0.0195921;0.028787;0.0204644;0.0288739;-0.0127656;0.0489909;-0.00368223;0.0268808;-0.0149893;0.0155507;1;1;1;1;1;0;
96;-0.295397;0.258738;-0.296253;0.25194;-0.297725;0.300423;0.122401;-0.0324913;0.0598817;-0.0545014;0.0832732;-0.0544499;-0.00745541;0.0687842;-0.00389504;0.0336111;-0.00875411;0.0251634;0;1;1;1;0;1;
97;-0.27653;0.242975;-0.27703;0.233568;-0.277889;0.279464;0.172329;-0.0978804;0.135818;-0.13267;0.149478;-0.13263;-0.00435438;0.0683297;-0.0022751;0.0289785;-0.00511277;0.0362207;0;1;0;1;0;1;
98;-0.247329;0.22773;-0.247621;0.222236;-0.248122;0.249042;0.211584;-0.139863;0.190262;-0.188417;0.19824;-0.188389;-0.00254337;0.0506311;-0.00132903;0.0220195;-0.00298629;0.0223246;0;1;0;1;0;1;
