1;-0.000363588;0.000116064;9.94838e-05;-0.000363588;0.000116064;9.94837e-05;0.0349769;0.0347456;0.0352595;0.0349769;0.0347456;0.0352595;0.808667;0.808665;0.808666;0.808667;0.808665;0.808666;0;0;0;0;0;0;
2;-0.00471812;0.00407538;0.0185881;0.00621483;0.00525605;0.00443911;0.164455;0.148153;0.184067;0.191245;0.199977;0.210279;0.472428;0.472415;0.472415;0.472527;0.472538;0.472521;0.892002;1;0.8449;1;1;1;
3;-0.00321882;0.00320062;0.0159447;0.00443802;0.00620524;0.00470394;0.0961319;0.0916789;0.107586;0.1116;0.116878;0.122726;0.275916;0.275906;0.27591;0.275969;0.275982;0.275974;0.877939;0.428707;0.952793;0.32709;0.813802;1;
4;-0.00124536;0.00123434;0.0099469;0.001957;0.00425867;0.00211227;0.0566007;0.0535669;0.0628097;0.0652032;0.0682368;0.0717051;0.161143;0.161131;0.161138;0.16117;0.16118;0.161175;1;0.314058;0.885776;0.377784;0.816404;0.932834;
5;-0.0004865;-0.000155314;0.00668562;0.000266774;0.0033632;0.000357407;0.0424716;0.0315382;0.0427365;0.0383378;0.0396009;0.0421358;0.0941123;0.0941003;0.0941094;0.0941255;0.0941331;0.0941295;0.963155;0.370846;0.932043;0.43728;0.61612;0.796595;
6;0.000381877;-0.00119812;0.00509535;-0.000951595;0.00307151;-0.0008987;0.033812;0.0190781;0.0367657;0.0284406;0.0310536;0.0335498;0.054965;0.0549556;0.0549634;0.0549713;0.0549765;0.0549741;0.966218;0.443963;0.89117;0.450962;0.579373;0.812056;
7;0.000723101;-0.00194301;0.00544925;-0.00179901;0.00306905;-0.00176814;0.0328561;0.0175286;0.0355334;0.029443;0.0302459;0.0323415;0.0321028;0.0320954;0.0321022;0.0321054;0.032109;0.0321074;1;0.465989;0.911632;0.457221;0.716703;0.817772;
8;0.000482005;-0.00226831;0.0052839;-0.00218419;0.00292592;-0.00216617;0.0312414;0.0176158;0.0355375;0.0310801;0.0303621;0.0333907;0.0187512;0.0187448;0.0187513;0.0187516;0.0187546;0.0187531;1;0.444374;0.669573;0.632139;0.824156;1;
9;-0.0016431;-0.00186308;0.00400329;-0.00181393;0.00224712;-0.00180342;0.0287653;0.0170713;0.0342428;0.0320023;0.0299678;0.0341765;0.0109541;0.0109479;0.0109545;0.0109529;0.0109558;0.010954;0.821339;0.417988;1;0.360637;0.64735;0.939655;
10;-0.00609271;-0.000192767;0.00144312;-0.000164046;0.000417058;-0.000157928;0.0278173;0.0185328;0.0323908;0.0329088;0.028863;0.0346107;0.00640064;0.00639421;0.0183202;0.00639844;0.00640165;0.00639912;0.812668;0.387526;1;0.434805;0.680872;0.605604;
11;-0.0142229;0.00353344;-0.00280282;0.00355031;-0.00340245;0.00355387;0.0250146;0.0195357;0.0299249;0.0360357;0.0291968;0.0371329;0.00843315;0.00373465;0.0107036;0.00373842;0.00725045;0.00373916;0.834391;0.363727;0.931623;0.417084;0.972219;0.945445;
12;-0.0166064;0.0103633;-0.00993632;0.0103732;-0.0102868;0.0103753;0.0225183;0.0205306;0.0276117;0.0354586;0.0291869;0.0425648;0.00759384;0.0021814;0.021979;0.00218481;0.00888345;0.00218553;0.838551;0.364636;1;0.398264;0.727126;0.864618;
13;-0.0251566;0.0215102;-0.0212609;0.0215161;-0.0214654;0.0215173;0.0241895;0.0231577;0.0242968;0.0368015;0.0288693;0.0422219;0.00745376;0.00127429;0.0128406;0.00127746;0.00987402;0.00127839;0.871774;0.492847;0.957962;0.395349;0.738865;0.731399;
14;-0.0401883;0.0380584;-0.0379129;0.0380619;-0.0380321;0.0380626;0.0267919;0.0234516;0.0245086;0.033442;0.0296126;0.0426631;0.00749041;0.000745112;0.0096807;0.00074763;0.00719692;0.000748854;0.846516;0.455199;0.91968;0.544854;0.790885;0.777057;
15;-0.0615517;0.0603074;-0.0602226;0.0603096;-0.060292;0.06031;0.0324852;0.0235583;0.0285688;0.0222078;0.0282369;0.0360452;0.00768946;0.00519783;0.00565699;0.000438572;0.00420577;0.00367752;0.677553;0.663589;0.822403;0.305481;0.484312;1;
16;-0.0874628;0.0867357;-0.0866864;0.0867373;-0.0867268;0.0867375;0.0506731;0.0257738;0.045188;0.00495256;0.0339283;0.0274345;0.00449267;0.0154909;0.00330576;0.00790906;0.00245662;0.0126598;0.840463;0.732226;0.714131;0.489548;0.446332;1;
17;-0.113544;0.113119;-0.11309;0.11312;-0.113114;0.113121;0.0624721;0.015285;0.0592669;-0.0299817;0.0526909;-0.016846;0.00262446;0.0287207;0.00193039;0.00462115;0.00143432;0.0136648;0.477519;1;0;0.665406;0;1;
18;-0.133049;0.132801;-0.132784;0.132802;-0.132798;0.132802;0.0980483;-0.0526226;0.0961766;-0.0790706;0.0923363;-0.0713945;0.00153227;0.0357658;0.00112696;0.00575582;0.000837291;0.00999836;0;1;0;0.478522;0;1;
19;-0.138457;0.138312;-0.138302;0.138312;-0.13831;0.138313;0.145043;-0.118502;0.14395;-0.133958;0.141707;-0.12947;0.000894424;0.0208929;0.000657734;0.003363;0.000488582;0.00584162;0;1;0;0.663019;0;1;
20;-0.123651;0.123566;-0.123561;0.123567;-0.123566;0.123567;0.186829;-0.171317;0.18619;-0.180353;0.184881;-0.177729;0.000521885;0.0122047;0.000383664;0.00196465;0.000284896;0.00341272;0;1;0;0.502149;0;1;
21;-0.0844347;0.0843848;-0.0843819;0.084385;-0.0843846;0.0843857;0.215429;-0.183331;0.215057;-0.211645;0.214292;-0.21011;0.00030433;0.00712908;0.000223616;0.00114755;0.00016588;0.00199378;0;1;0;0.649014;0;1;
22;-0.0173334;0.0173041;-0.0173026;0.0173041;-0.0173043;0.0173051;0.230829;-0.185885;0.230611;-0.228617;0.230164;-0.209974;0.000177167;0.00416465;0.000130091;0.000670153;9.63538e-05;0.00116577;0;1;0;0.673654;0;1;
23;0.0725292;-0.0725457;0.0725472;-0.0725463;0.0725455;-0.0725455;0.228159;-0.163467;0.228719;-0.207452;0.228757;-0.202656;0.000102948;0.00243285;7.55034e-05;0.000391407;5.57383e-05;0.000682192;0;1;0;0.588258;0;1;
24;0.15961;-0.159619;0.15962;-0.15962;0.159618;-0.159619;0.190117;-0.12685;0.188976;-0.168297;0.195136;-0.172321;5.96473e-05;0.00743783;4.36766e-05;0.000229534;3.19551e-05;0.00447181;0;1;0;0.820633;0;1;
25;0.222485;-0.22249;0.222491;-0.222491;0.222489;-0.22249;0.152374;-0.0761134;0.145766;-0.115597;0.187203;-0.139621;3.45483e-05;0.0232688;2.51876e-05;0.0095507;1.82003e-05;0.00380829;0;1;0;0.706469;0;0.949359;
26;0.261125;-0.261128;0.261128;-0.261128;0.261127;-0.261127;0.143119;-0.0104428;0.113587;-0.0619334;0.163661;-0.0977245;1.96553e-05;0.0453839;1.42983e-05;0.0288331;1.0136e-05;0.00644949;0;1;0;1;0;1;
27;0.28249;-0.282493;0.282493;-0.282493;0.282492;-0.282492;0.114046;0.0362775;0.0967957;0.0168006;0.126039;-0.0127823;0.0062574;0.0312942;8.02863e-06;0.0565804;5.38027e-06;0.0382746;0.566183;1;0;0.625446;0;0.738275;
28;0.292153;-0.292155;0.292154;-0.292155;0.292154;-0.292154;0.0646851;0.0580099;0.0548597;0.0676759;0.0716879;0.074828;0.0116624;0.0182805;0.0255382;0.0330478;0.0289266;0.0444397;0.792879;0.686871;1;0.420176;0.579179;0.889688;
29;0.29273;-0.292874;0.29273;-0.29273;0.292331;-0.29273;-0.00650364;0.0781579;-0.0122308;0.083803;-0.00240016;0.08798;0.00681256;0.0106753;0.0208398;0.0192994;0.0303144;0.0259524;0.524153;0;1;0;1;0;
30;0.283765;-0.283849;0.283765;-0.283765;0.283532;-0.283765;-0.0888679;0.130715;-0.0922037;0.134012;-0.0864576;0.136451;0.00397974;0.00623394;0.014584;0.0112703;0.0293751;0.0151557;0.607562;0;1;0;1;0;
31;0.263376;-0.263425;0.263376;-0.263376;0.26324;-0.263376;-0.158256;0.182696;-0.160197;0.184621;-0.156836;0.186045;0.00232482;0.00364021;0.0085192;0.00658136;0.0178764;0.00885039;0.7264;0;1;0;1;0;
32;0.23181;-0.231839;0.231812;-0.231811;0.231731;-0.231811;-0.204481;0.218755;-0.205609;0.219879;-0.201787;0.220711;0.00135784;0.00212545;0.00497554;0.00384296;0.0104434;0.00516809;0.673669;0;1;0;1;0;
33;0.18955;-0.189567;0.189551;-0.18955;0.189503;-0.189551;-0.231715;0.240052;-0.231411;0.240708;-0.187773;0.241194;0.000792778;0.00124078;0.00290523;0.0022437;0.00610199;0.00301758;0.722633;0;1;0;0.983597;0;
34;0.133933;-0.133941;0.133933;-0.133933;0.133905;-0.133933;-0.246041;0.250911;-0.230269;0.251295;-0.189134;0.251578;0.000462564;0.000724104;0.00169608;0.00130975;0.00356647;0.00176169;1;0;1;0;1;0;
35;0.0591853;-0.0591893;0.0591857;-0.0591855;0.059168;-0.0591856;-0.235808;0.24901;-0.221887;0.247719;-0.174502;0.248918;0.000269719;0.000422358;0.000990222;0.000764302;0.00880062;0.00102823;0.803217;0;1;0;1;0;
36;-0.0359161;0.0359155;-0.0359158;0.0359161;-0.0359283;0.035916;-0.216562;0.226174;-0.204472;0.23407;-0.169858;0.235175;0.000157348;0.000246123;0.000578447;0.000445786;0.0051417;0.00059995;0.862528;0;1;0;0.820784;0;
37;-0.132206;0.132206;-0.132205;0.132206;-0.132214;0.132206;-0.185163;0.200692;-0.185207;0.200769;-0.126671;0.201517;9.24483e-05;0.00014317;0.00505438;0.000259809;0.00896831;0.000349885;0.97175;0;1;0;1;0;
38;-0.205019;0.20502;-0.205019;0.205019;-0.205025;0.205019;-0.133436;0.161988;-0.150678;0.163572;-0.0830362;0.161979;0.0108099;8.30678e-05;0.00690239;0.000151281;0.0304981;0.000203908;1;0;0.999854;0;1;0;
39;-0.250954;0.250954;-0.250953;0.250954;-0.250958;0.250954;-0.0739809;0.121904;-0.108911;0.153542;-0.0263988;0.124964;0.0105475;4.80582e-05;0.00802091;8.78782e-05;0.0362671;0.000118911;1;0;0.921148;0;0.991102;0;
40;-0.277083;0.277082;-0.277082;0.277082;-0.277086;0.277082;-0.0120642;0.108916;-0.0318006;0.127395;0.0200213;0.110703;0.0396897;2.75815e-05;0.0150494;0.0177266;0.0371768;-0.00112184;1;0;1;0.445726;1;0;
41;-0.289951;0.289951;-0.28995;0.28995;-0.289953;0.289951;0.03851;0.0716591;0.0609095;0.0824571;0.0533989;0.0727043;0.0231835;1.59345e-05;0.0525317;0.0103553;0.0217174;0.0103379;0.982431;0.102217;1;0.492082;0.900619;0.574365;
42;-0.293161;0.293161;-0.29316;0.29316;-0.293162;0.293161;0.0564812;0.0113693;0.0934076;0.0162271;0.0631154;0.010539;0.0135395;0.023298;0.0306799;0.00604976;0.0126828;0.0237935;0;1;0.620418;0.575756;0;1;
43;-0.287142;0.287143;-0.287142;0.287142;-0.287143;0.287142;0.108282;-0.0686424;0.129846;-0.0658195;0.112156;-0.069131;0.00790666;0.0309567;0.0179164;0.0035341;0.0074063;0.0159935;0;1;0;0.358284;0;1;
44;-0.270065;0.270065;-0.270064;0.270064;-0.270065;0.270065;0.165831;-0.142669;0.178425;-0.141032;0.168094;-0.142958;0.00461704;0.0180845;0.0104627;0.0020646;0.00432486;0.00934325;0;1;0;0.422979;0;1;
45;-0.241493;0.241493;-0.241493;0.241492;-0.241493;0.241493;0.208179;-0.194641;0.215534;-0.193696;0.209501;-0.194815;0.00269585;0.010565;0.00610964;0.00120588;0.00252527;0.00545744;0;1;0;0.446498;0;1;
46;-0.202303;0.202303;-0.202303;0.202303;-0.202303;0.202303;0.234058;-0.191972;0.238353;-0.225599;0.23483;-0.226248;0.00157385;0.00617235;0.00356749;0.000704065;0.00147427;0.00318694;0;1;0;0.391156;0;1;
47;-0.150866;0.150865;-0.150866;0.150865;-0.150865;0.150866;0.247972;-0.193685;0.250481;-0.243031;0.248423;-0.230328;0.000918551;0.00360727;0.00208281;0.000410861;0.00086046;0.00186068;0;1;0;0.491541;0;1;
48;-0.0819853;0.0819838;-0.0819854;0.0819851;-0.0819838;0.0819853;0.249979;-0.181216;0.251433;-0.240113;0.252354;-0.224449;0.000535883;0.00369323;0.00121578;0.000239507;0.000501995;0.00108629;0;1;0;0.523012;0;1;
49;0.00835386;-0.00835631;0.00835383;-0.00835397;0.00835638;-0.00835382;0.239616;-0.164927;0.239334;-0.22298;0.234318;-0.214766;0.000312357;0.00827985;0.000709454;0.000139696;0.000292632;0.000634339;0;1;0;0.579864;0;0.945318;
50;0.107332;-0.107335;0.107332;-0.107332;0.107335;-0.107332;0.212396;-0.132558;0.216342;-0.19232;0.209246;-0.198552;0.000181872;0.0165383;0.000413765;8.18315e-05;0.000170406;0.000370769;0;1;0;0.474117;0;1;
51;0.18785;-0.187853;0.18785;-0.18785;0.187853;-0.18785;0.17514;-0.109421;0.201159;-0.15425;0.171304;-0.16464;0.000105912;0.00966167;0.000241187;0.00852139;9.89831e-05;0.0045568;0;1;0;0.732176;0;1;
52;0.240615;-0.240617;0.240615;-0.240615;0.240617;-0.240615;0.151986;-0.0433836;0.182718;-0.0934685;0.133599;-0.123936;6.14549e-05;0.0259234;0.000140348;0.00553387;5.73398e-05;0.00266242;0;1;0;0.716891;0;0.93689;
53;0.271438;-0.271441;0.271438;-0.271438;0.27144;-0.271438;0.133181;0.0294544;0.151128;-0.0341813;0.122443;-0.0754558;3.54325e-05;0.0466182;8.16018e-05;0.0216965;3.30081e-05;0.0139868;0;1;0;0.947378;0;1;
54;0.287466;-0.287467;0.287466;-0.287466;0.287467;-0.287465;0.0949767;0.0557911;0.105453;0.0380814;0.0887005;0.0414166;0.010114;0.0462106;4.73061e-05;0.055884;1.88215e-05;0.0408441;0.725436;0.731781;0;0.706074;0;1;
55;0.293158;-0.293159;0.293158;-0.293158;0.293158;-0.293157;0.0355085;0.0677353;0.0416305;0.0688812;0.0353069;0.0951967;0.0119611;0.0269878;0.0319791;0.0326365;0.0400961;0.0238571;0.772644;0;1;0;0.834691;0.695544;
56;0.289813;-0.289813;0.289813;-0.289813;0.289813;-0.289812;-0.0434055;0.1037;-0.0398191;0.104369;-0.0435085;0.119738;0.00698658;0.0157603;0.0186824;0.0190591;0.025805;0.013932;0.720371;0;1;0;1;0;
57;0.275955;-0.275955;0.275955;-0.275955;0.275955;-0.275955;-0.122693;0.157906;-0.12059;0.158297;-0.12274;0.167272;0.00408116;0.00920357;0.0109143;0.01113;0.0263357;0.00813576;0.574548;0;1;0;1;0;
58;0.250436;-0.250436;0.250436;-0.250436;0.250436;-0.250436;-0.181737;0.202303;-0.180503;0.202531;-0.181754;0.207772;0.00238383;0.00537442;0.00637543;0.00649939;0.0153844;0.00475075;0.653821;0;1;0;1;0;
59;0.214179;-0.214179;0.214179;-0.214179;0.214179;-0.214179;-0.218641;0.230652;-0.217916;0.230785;-0.197167;0.233846;0.00139212;0.00313816;0.00372327;0.00379511;0.00898708;0.00277392;0.691266;0;1;0;1;0;
60;0.166496;-0.166496;0.166496;-0.166496;0.166497;-0.166496;-0.239435;0.24645;-0.228176;0.246528;-0.195265;0.248316;0.000812716;0.00183218;0.00217387;0.00221573;0.00525122;0.00161935;0.737257;0;1;0;1;0;
61;0.103062;-0.103062;0.103062;-0.103062;0.103063;-0.103062;-0.244104;0.253512;-0.223781;0.253558;-0.185252;0.253331;0.000474135;0.00106948;0.00126911;0.00129341;0.0030693;0.000945122;0.761876;0;1;0;1;0;
62;0.0184137;-0.0184144;0.0184138;-0.0184139;0.0184154;-0.0184139;-0.230432;0.237471;-0.21738;0.243226;-0.171308;0.24405;0.000276595;0.000624041;0.000741009;0.000754772;0.0065594;0.000551349;0.843702;0;1;0;0.934286;0;
63;-0.0808909;0.0808902;-0.0808908;0.0808907;-0.0808888;0.0808907;-0.201454;0.216285;-0.202427;0.225276;-0.144385;0.223655;0.000161585;0.000363939;0.000432957;0.000440229;0.0112419;0.000321401;1;0;1;0;1;0;
64;-0.168493;0.168493;-0.168493;0.168493;-0.168491;0.168493;-0.151826;0.183902;-0.17486;0.207148;-0.105803;0.186039;9.58164e-05;0.000212075;0.000253656;0.000256668;0.0277979;0.000187413;0.9857;0;1;0;1;0;
65;-0.228615;0.228615;-0.228615;0.228615;-0.228614;0.228615;-0.0980338;0.145925;-0.132847;0.191243;-0.059601;0.157158;0.0268533;0.000123315;0.00880837;0.000149407;0.0293516;0.000108824;1;0;0.965263;0;1;0;
66;-0.264691;0.264692;-0.264691;0.264691;-0.264691;0.264691;-0.0532173;0.135861;-0.0896231;0.162326;0.00451046;0.142421;0.0194657;7.15458e-05;0.00514568;8.68374e-05;0.0368574;6.3164e-05;1;0;0.533863;0;1;0;
67;-0.284216;0.284217;-0.284216;0.284216;-0.284217;0.284216;0.0369908;0.104898;-0.00182356;0.120357;0.0540538;0.108729;0.0546531;4.13119e-05;0.0228044;0.0143105;0.0426093;3.65315e-05;1;0;0.938485;0.5464;1;0;
68;-0.292488;0.292489;-0.292489;0.292488;-0.292489;0.292489;0.0673582;0.0535851;0.0694507;0.0616378;0.0610741;0.0548511;0.0319207;0.0302792;0.0219205;0.0083597;0.0248874;0.0254275;0.442892;0.797158;0.643222;0.415624;0.512391;0.744671;
69;-0.291685;0.280418;-0.291686;0.291685;-0.291727;0.291686;0.0914354;-0.0207876;0.0926575;-0.0161012;0.0877656;-0.0200532;0.018641;0.0353655;0.012801;0.00488371;0.0145337;0.0216006;0;1;0;0.374881;0;1;
70;-0.280941;0.27436;-0.280941;0.280941;-0.280965;0.280941;0.143783;-0.102511;0.144497;-0.0997867;0.14164;-0.102086;0.0108858;0.0268999;0.00747535;0.0028533;0.00848726;0.012619;0;1;0;0.413387;0;1;
71;-0.258577;0.254733;-0.258577;0.258577;-0.258592;0.258577;0.192074;-0.167959;0.192491;-0.166379;0.190823;-0.167716;0.00635679;0.0157144;0.00436511;0.00166696;0.00495613;0.00737136;0;1;0;0.610197;0;1;
72;-0.225212;0.222967;-0.225212;0.225211;-0.22522;0.225212;0.224494;-0.202036;0.224737;-0.209487;0.223763;-0.210263;0.00371182;0.00917995;0.00254871;0.000973564;0.00289391;0.00430516;0;1;0;0.446398;0;1;
73;-0.180948;0.179638;-0.180948;0.180948;-0.180954;0.180948;0.243224;-0.192469;0.243366;-0.234459;0.242797;-0.231136;0.00216709;0.00536367;0.00148787;0.000568378;0.00168957;0.00251376;0;1;0;0.688125;0;1;
74;-0.12247;0.121706;-0.12247;0.12247;-0.122475;0.12247;0.252358;-0.187911;0.252441;-0.247192;0.252109;-0.227556;0.001265;0.00313484;0.000868351;0.000331546;0.000986201;0.00146762;0;1;0;0.551698;0;1;
75;-0.0438947;0.0434511;-0.0438949;0.0438947;-0.0438998;0.0438948;0.246576;-0.175446;0.247039;-0.23405;0.245401;-0.220756;0.000738162;0.00553578;0.000506519;0.000193319;0.000575431;0.000856979;0;1;0;0.451;0;0.943522;
76;0.0534506;-0.053706;0.0534504;-0.0534505;0.0534442;-0.0534506;0.232494;-0.17121;0.232633;-0.208448;0.2221;-0.211645;0.000430522;0.0032346;0.000295236;0.000113211;0.000335526;0.000500619;0;1;0;0.734029;0;0.834069;
77;0.146926;-0.147072;0.146926;-0.146926;0.146919;-0.146926;0.197073;-0.135742;0.196945;-0.167864;0.196099;-0.184031;0.000251163;0.00535085;0.000172118;6.73869e-05;0.000195463;0.00029284;0;1;0;0.743318;0;0.869102;
78;0.214779;-0.214863;0.214779;-0.214779;0.214774;-0.214779;0.166306;-0.078671;0.165521;-0.119847;0.160599;-0.147798;0.000146081;0.0173348;9.98714e-05;0.00498625;0.000113637;0.000172087;0;1;0;0.842347;0;1;
79;0.256704;-0.256753;0.256704;-0.256704;0.256701;-0.256704;0.15358;-0.0107024;0.153121;-0.065965;0.150246;-0.104801;8.49426e-05;0.0279558;5.79265e-05;0.026563;6.58727e-05;0.000101426;0;1;0;1;0;1;
80;0.280131;-0.280161;0.280131;-0.280132;0.28013;-0.280131;0.122905;0.0433467;0.122635;0.0176808;0.120956;-0.0429595;0.0147852;0.0476541;3.3384e-05;0.0490212;3.80525e-05;0.00403517;0.487224;1;0;1;0;1;
81;0.29115;-0.291167;0.29115;-0.291151;0.291149;-0.29115;0.0736331;0.0592862;0.0759081;0.0631354;0.0724941;0.0521705;0.00863651;0.0278357;0.0315975;0.0286351;0.0129168;0.0352395;0.523768;0.65019;0.740612;0.936639;0.556674;1;
82;0.292813;-0.292823;0.306;-0.292813;0.290238;-0.292813;0.00329485;0.0743303;0.00463566;0.0774692;0.0106939;0.0701747;0.00504519;0.0162556;0.0211963;0.0167232;0.0371954;0.0205793;0.506511;0;1;0;1;0;
83;0.285021;-0.285027;0.292723;-0.285021;0.283517;-0.285021;-0.0797288;0.125063;-0.0789361;0.126896;-0.0753931;0.122636;0.00294766;0.00949288;0.0155322;0.00976583;0.0376647;0.0120178;0.596598;0;1;0;1;0;
84;0.265889;-0.265893;0.270388;-0.265889;0.26501;-0.265889;-0.151686;0.178162;-0.151216;0.179233;-0.149142;0.176745;0.00172216;0.00554344;0.00907306;0.00570272;0.0220023;0.00701793;0.74198;0;1;0;1;0;
85;0.23544;-0.235443;0.238068;-0.23544;0.234926;-0.23544;-0.200426;0.215889;-0.200147;0.216515;-0.196277;0.215062;0.00100593;0.00323689;0.00529901;0.00332985;0.0128532;0.00409793;0.951675;0;1;0;1;0;
86;0.194343;-0.194345;0.195878;-0.194344;0.194043;-0.194343;-0.22943;0.238461;-0.224329;0.238826;-0.184045;0.237978;0.000587284;0.00188986;-0.00174368;0.00194408;0.00750896;0.00239268;0.665481;0;1;0;1;0;
87;0.140326;-0.140328;0.141222;-0.140326;0.140152;-0.140326;-0.244925;0.250201;-0.221334;0.250414;-0.188323;0.249918;0.000342659;0.00110316;-0.00101695;0.00113472;0.00438842;0.00139676;0.709074;0;1;0;1;0;
88;0.0677847;-0.0677881;0.0683082;-0.0677848;0.0676851;-0.0677849;-0.23657;0.251723;-0.223363;0.246837;-0.171745;0.247303;0.000199717;0.000643754;-0.000593811;0.000662107;0.00695269;0.000815155;1;0;1;0;1;0;
89;-0.0257066;0.0257014;-0.025401;0.0257067;-0.0257617;0.0257066;-0.219166;0.228578;-0.213811;0.235567;-0.165726;0.235427;0.000116507;0.000375434;-0.000346814;0.000386071;0.00406239;0.000475466;0.77869;0;0.8597;0;1;0;
90;-0.123252;0.123245;-0.123073;0.123252;-0.12328;0.123252;-0.189976;0.203422;-0.194858;0.21406;-0.142129;0.213472;6.82992e-05;0.000218777;-0.000202195;0.000224971;0.00878054;0.000277157;0.909322;0;1;0;1;0;
91;-0.198942;0.198936;-0.198838;0.198942;-0.198957;0.198942;-0.141251;0.17017;-0.160023;0.204627;-0.0948686;0.204284;0.00421545;-0.00241191;-0.000117122;0.000130868;0.0169896;0.000161336;1;0;0.808056;0;1;0;
92;-0.247326;0.247322;-0.247266;0.247326;-0.247334;0.247326;-0.0929377;0.160092;-0.117984;0.181436;-0.0331385;0.181236;0.0134303;-0.00140901;0.0121438;7.59947e-05;0.026771;9.37783e-05;1;0;0.880562;0;1;0;
93;-0.275123;0.27512;-0.275088;0.275123;-0.275128;0.275123;-0.01401;0.133747;-0.0605891;0.146212;0.0521527;0.146095;0.0230623;-0.000823309;0.00709386;4.40166e-05;0.0498423;5.43789e-05;1;0;0.908347;0;1;0;
94;-0.28912;0.289119;-0.2891;0.28912;-0.289123;0.28912;0.0541637;0.0896259;0.0421968;0.0969109;0.0665219;0.0968368;0.0524887;-0.000480959;0.0357377;0.0117217;0.0311655;3.15053e-05;0.989094;0.010587;1;0.397591;1;0.364625;
95;-0.293238;0.293237;-0.293226;0.293237;-0.29324;0.293238;0.0755815;0.0340298;0.0811751;0.0291421;0.052265;0.0291076;0.0306533;0.0353909;0.0208716;0.00684773;0.0182006;0.0286854;0;1;0.389913;0.458025;0.192777;1;
96;-0.288223;0.288222;-0.288216;0.288223;-0.288224;0.288223;0.115461;-0.0514324;0.118728;-0.0543018;0.101845;-0.0543112;0.0179009;0.0395078;0.0121885;0.00400043;0.0106287;0.0192745;0;1;0;0.487896;0;1;
97;-0.27234;0.272339;-0.272336;0.27234;-0.272341;0.27234;0.168276;-0.13087;0.170184;-0.132558;0.160324;-0.132556;0.0104536;0.0230781;0.00711759;0.00233716;0.00620675;0.0112595;0;1;0;0.452952;0;1;
98;-0.244882;0.244881;-0.24488;0.244882;-0.244882;0.244882;0.209218;-0.187362;0.210332;-0.188357;0.204574;-0.188351;0.00610436;0.01348;0.00415618;0.00136523;0.00362427;0.00657656;0;1;0;0.420659;0;1;
