1;-0.000363587;0.000116064;9.94838e-05;-0.000363588;0.000116064;9.94837e-05;0.0349769;0.0347456;0.0352595;0.0349769;0.0347456;0.0352595;0.808667;0.808665;0.808666;0.808667;0.808665;0.808666;0;0;0;0;0;0;
2;0.00436075;0.00262191;0.00179498;9.23887e-05;-0.00071199;-0.00154624;0.0920641;0.123208;0.128907;0.132738;0.132939;0.13747;0.472322;0.472396;0.47241;0.472406;0.472405;0.472417;1;0.126678;0.0272286;0.124909;0.101276;0;
3;0.0314272;0.0257438;0.0177787;-0.0173368;-0.0132703;-0.0114337;0.0615871;0.0836859;0.0774777;0.140504;0.103084;0.0694526;0.275851;0.275891;0.275899;0.27591;0.275902;0.275906;1;0;0;0.431613;0;0;
4;0.00112262;-0.00661194;0.00448963;-0.017161;-0.0143302;-0.010603;0.175091;0.163266;0.10878;0.181359;0.162728;0.132706;0.166714;0.161151;0.161138;0.184598;0.178958;0.161142;0.328208;0.0635662;0.969477;0.483679;0.287821;0.820022;
5;0.00694014;-0.000859062;0.00900724;-0.0110474;-0.00806683;-0.00535576;0.175017;0.161973;0.143369;0.177189;0.163919;0.147648;0.165798;0.161741;0.116742;0.184596;0.173396;0.138753;0.609941;0.455368;0.970846;0.398126;0.579674;0.937305;
6;0.00717796;-0.00062771;0.0091427;-0.0100912;-0.00706578;-0.00443095;0.181561;0.169763;0.147421;0.16924;0.155286;0.13783;0.173492;0.167248;0.12688;0.174565;0.164627;0.13261;0.674463;0.442116;1;0.531124;0.647339;0.946422;
7;0.0068616;-0.00108426;0.00869443;-0.009803;-0.00676349;-0.00420649;0.18427;0.174345;0.15083;0.168288;0.153331;0.136323;0.174291;0.165207;0.12656;0.167536;0.159296;0.127843;0.704128;0.454937;1;0.566276;0.693194;0.954172;
8;0.00599842;-0.00223985;0.00774674;-0.00877882;-0.00574438;-0.00340197;0.178021;0.168862;0.144451;0.174971;0.158769;0.143317;0.165214;0.154145;0.116452;0.171845;0.166204;0.134376;0.734459;0.464652;1;0.541136;0.67006;0.887428;
9;0.00534193;-0.00294715;0.00714964;-0.00858769;-0.00557072;-0.00328451;0.16929;0.161899;0.135339;0.179574;0.161391;0.148123;0.161227;0.1477;0.113417;0.176706;0.173896;0.140122;0.716118;0.420698;1;0.468884;0.633028;0.785889;
10;0.00506827;-0.00301721;0.00687988;-0.00871721;-0.00574967;-0.00332497;0.169046;0.163792;0.13641;0.175157;0.15475;0.14374;0.168402;0.152208;0.119745;0.17093;0.170978;0.135083;0.6776;0.380434;1;0.463638;0.675224;0.764986;
11;0.00553115;-0.00213401;0.00731622;-0.0076305;-0.00464909;-0.00216971;0.172455;0.169955;0.139739;0.171348;0.149241;0.140661;0.175268;0.155387;0.126788;0.16048;0.163009;0.125047;0.672528;0.364421;1;0.50501;0.757446;0.767309;
12;0.00251211;-0.00517496;0.00418868;-0.00620321;-0.00362315;-0.000886048;0.169565;0.167898;0.136934;0.177021;0.152442;0.146626;0.171654;0.148522;0.118905;0.156668;0.164588;0.12627;0.69554;0.350941;1;0.522623;0.787197;0.665723;
13;-0.000339173;-0.00771811;0.00123479;-0.00260645;-0.000478468;0.00252296;0.161705;0.161069;0.130101;0.182465;0.15771;0.153912;0.165815;0.138457;0.106071;0.161411;0.172834;0.136109;0.617553;0.36115;1;0.498228;0.74251;0.474672;
14;-0.00399409;-0.010514;-0.00249408;0.000510912;0.00188404;0.0056941;0.160762;0.157842;0.131236;0.176189;0.154361;0.148204;0.171232;0.143546;0.102804;0.160558;0.171702;0.142303;0.525557;0.366729;1;0.551247;0.660922;0.39323;
15;-0.007158;-0.0125127;-0.00600901;0.00483831;0.00484277;0.00992345;0.167506;0.156171;0.137839;0.176318;0.159918;0.143538;0.183603;0.162725;0.108184;0.136082;0.143972;0.131694;0.519416;0.44848;1;0.73823;0.671598;0.530358;
16;-0.00967926;-0.0132396;-0.00878269;0.00845628;0.00654586;0.0134963;0.18781;0.158957;0.155245;0.150095;0.153576;0.118849;0.170232;0.168661;0.0942907;0.152914;0.138913;0.152346;0.376185;0.721752;1;0.900051;0.315406;0.555189;
17;-0.0283208;-0.000286355;0.00106722;0.0610939;-0.0323864;0.0660061;0.186401;0.136026;0.185687;0.104666;0.144595;0.10906;0.121739;0.230216;0.0641057;0.14516;0.0811329;0.159417;0.0546055;0.399968;1;0.776441;0.348771;0.956689;
18;-0.0618438;-0.00609138;-0.00541636;0.0998754;-0.0800022;0.102534;0.208504;0.128565;0.227823;0.0456736;0.135778;0.0687765;0.0711057;0.296478;0.0442265;0.139557;0.0473815;0.182018;0.394991;0.336461;1;0.914025;0;0.953879;
19;-0.083297;-0.00924198;-0.00941381;0.110064;-0.107478;0.111243;0.240189;0.135111;0.269699;-0.0118053;0.167077;0.026232;0.0415293;0.337362;0.0396899;0.159206;0.0276701;0.191958;0.387694;0.56017;0.962423;0.786635;0;1;
20;-0.0667696;0.00977174;-0.0304427;0.0772303;-0.110755;0.083368;0.262157;0.144568;0.276146;-0.0361327;0.199696;-0.0275748;0.0242493;0.356953;0.0346446;0.179869;0.0161586;0.189817;0.62841;0.830956;0.427168;0.676558;0;1;
21;-0.0622317;0.0134841;-0.0277626;0.0567671;-0.0769036;0.0611917;0.264765;0.131232;0.277075;-0.0274152;0.222944;-0.0236535;-0.00885868;0.34898;0.0202366;0.194805;0.00943601;0.182309;0.668515;0.941149;0.481033;0.548586;0;1;
22;-0.0667334;0.00314916;0.0157623;0.0011835;-0.0129356;0.00375757;0.277737;0.122616;0.266831;-0.029811;0.235217;-0.0473259;-0.0150662;0.386391;0.0118185;0.189111;0.00551003;0.149506;1;0.426249;0.639493;0.568366;0;1;
23;-0.0844069;-0.0191341;0.0918561;-0.07761;0.0750968;-0.0804622;0.268583;0.131314;0.25529;-0.0207008;0.225444;-0.056292;-0.0301391;0.363255;0.00999525;0.213001;0.00321716;0.134893;1;0.486916;0;0.267941;0;1;
24;-0.0282117;-0.0283222;0.170897;-0.143401;0.161108;-0.164246;0.260636;0.0973337;0.237789;-0.000477292;0.195551;-0.106826;-0.0196126;0.316745;0.00583678;0.188355;0.00187819;0.0746268;1;0;0;0.497205;0;1;
25;-0.00474884;-0.0552281;0.229077;-0.182822;0.22336;-0.225193;0.232784;0.0814897;0.212113;0.0259578;0.18613;-0.109641;-0.0111613;0.263045;0.003408;0.182673;0.00109647;0.0402241;1;0.499286;0;0.297799;0;1;
26;0.00122571;-0.093819;0.264974;-0.208676;0.261636;-0.262703;0.196476;0.0645598;0.178208;0.0651395;0.163034;-0.0873616;-0.0044698;0.202496;0.0019899;0.175408;0.000639826;0.0190641;1;0.513976;0;0.463272;0;1;
27;0.0841449;-0.101344;0.284739;-0.210151;0.282789;-0.275633;0.161157;0.0597307;0.134534;0.0778193;0.125672;-0.0819813;0.0291135;0.13525;0.00116173;0.1614;0.000373131;-0.0776834;1;0;0;0.150994;0;1;
28;0.171195;-0.177592;0.293467;-0.224243;0.283073;-0.288147;0.0980953;0.0427372;0.0766445;0.0998472;0.071478;-0.0847958;0.0555692;0.0789869;0.000678063;0.098107;0.0560594;-0.120232;1;0;0;0.333558;0.509496;1;
29;0.202582;-0.225827;0.29561;-0.252099;0.255558;-0.263618;0.0130212;0.0692384;0.000476699;0.0929471;0.0403773;-0.00525449;0.0409346;0.0461272;0.000395447;0.0572964;0.172966;-0.136992;1;0;0;0;0.363707;1;
30;0.167178;-0.244694;0.282103;-0.256638;0.223242;-0.259857;-0.0723013;0.125506;-0.0847926;0.139353;0.0526714;0.08199;0.072256;0.0269379;0.00208228;0.0334859;0.22985;-0.136828;1;0;0.380912;0;0.465355;1;
31;0.145193;-0.240558;0.261575;-0.247533;0.205597;-0.251904;-0.120348;0.179653;-0.155874;0.18774;0.0624367;0.147871;0.0830258;0.0157313;0.0102228;0.0195551;0.274942;-0.130274;1;0;1;0;0.659926;1;
32;0.105515;-0.218485;0.230756;-0.222558;0.206089;-0.238299;-0.140514;0.216978;-0.203084;0.2217;0.0781605;0.172189;0.100047;0.00918647;0.0196865;0.0114196;0.274986;-0.105447;1;0;1;0;1;0.895572;
33;0.101946;-0.181768;0.188936;-0.184147;0.152255;-0.194457;-0.0940847;0.239014;-0.112419;0.241771;-0.00865611;0.212856;0.167754;0.00536444;0.11552;0.00666844;0.184524;-0.0615837;0.614755;0;1;0;1;0;
34;0.0436521;-0.129388;0.133581;-0.130776;0.0995065;-0.136797;-0.0955834;0.250305;-0.131175;0.251916;0.000221579;0.235029;0.130609;0.0031319;0.0891862;0.00389411;0.197638;-0.0359646;1;0;1;0;1;0;
35;-0.0241881;-0.05653;0.0589877;-0.0573412;0.0390709;-0.0608574;-0.109249;0.248108;-0.15441;0.245753;0.0282519;0.244988;0.102581;0.00182865;0.0520967;0.00227348;0.204683;-0.0210037;1;0;1;0;1;0;
36;-0.0942672;0.0374681;-0.0360152;0.0369942;-0.0476666;0.0349406;-0.080832;0.22988;-0.134326;0.228869;0.0098638;0.234156;0.127316;0.00106729;0.0854842;0.00132725;0.163716;-0.0122665;1;0;1;0;1;0;
37;-0.178983;0.133113;-0.132244;0.132836;-0.139066;0.131637;-0.070981;0.205582;-0.12753;0.211546;0.0343693;0.202544;0.0969873;0.000622643;0.0601687;0.000774737;0.173967;-0.00716398;1;0;1;0;1;0;
38;-0.24511;0.205549;-0.205025;0.205388;-0.20902;0.204687;-0.0321512;0.196465;-0.097738;0.201506;0.0378613;0.186296;0.097626;0.000363224;0.0599351;0.000451871;0.157316;-0.00418414;1;0;0.880531;0;1;0;
39;-0.28024;0.251264;-0.250947;0.240734;-0.226347;0.25076;0.00851224;0.174686;-0.0670736;0.17763;0.0448515;0.168747;0.111256;0.000211539;0.0422248;-0.0122245;0.118562;-0.00244387;1;0;1;0.530797;1;0;
40;-0.294498;0.277264;-0.263335;0.229436;-0.251038;0.276969;0.0456295;0.13974;-0.0268652;0.141465;0.0438718;0.136272;0.103101;0.000123113;0.0246603;-0.00713946;0.0942236;-0.00142767;1;0;1;0.792681;0.834974;0;
41;-0.299366;0.288989;-0.26576;0.21949;-0.26963;0.289885;0.0762465;0.0896623;0.0181818;0.0958253;0.0562277;0.0876346;0.0840998;0.018684;-0.00870264;0.0294432;0.0641411;-0.000834068;0.807156;0.24109;1;1;0.487055;0;
42;-0.299786;0.2591;-0.279033;0.240486;-0.268721;0.305498;0.085038;0.0520029;0.0442727;0.0257163;0.060763;0.0192515;0.0491145;0.105304;-0.0192238;0.0560361;0.037457;0.0339253;0;0.53885;1;0.924688;0;0.834054;
43;-0.291011;0.21945;-0.288204;0.227456;-0.272869;0.295396;0.124959;0.0454783;0.101155;-0.0561899;0.110782;-0.0640405;0.0286821;0.169326;-0.0144242;0.0898018;0.0218744;0.0663627;0;0.648193;0.577912;0.687433;0;1;
44;-0.272324;0.166427;-0.270685;0.214134;-0.261729;0.274882;0.17557;0.0434807;0.161669;-0.116449;0.167291;-0.114928;0.0167498;0.217986;-0.00888336;0.0993245;0.0127743;0.0706434;0;0.820031;0.140878;0.418771;0;1;
45;-0.242812;0.145693;-0.241855;0.18076;-0.236625;0.2443;0.213867;0.0210251;0.205749;-0.118492;0.209032;-0.124107;0.00978124;0.22162;-0.00518831;0.111228;0.00745963;0.0883333;0;0.853357;0;0.637751;0;1;
46;-0.203073;0.0799532;-0.202515;0.14965;-0.19946;0.203941;0.237379;0.0143598;0.232638;-0.131357;0.234556;-0.119189;0.00571178;0.215965;-0.00303036;0.10521;0.00435577;0.0888263;0;0.964066;0;0.490888;0;1;
47;-0.151314;0.0287485;-0.150988;0.102643;-0.149205;0.151825;0.249912;0.0149447;0.247143;-0.131224;0.248263;-0.128165;0.00333508;0.208959;-0.0017702;0.093306;0.00254319;0.0895712;0;0.963901;0;0.647322;0;1;
48;-0.0822465;0.0106654;-0.082056;0.0392121;-0.0810147;0.0825572;0.250001;0.00380032;0.249909;-0.110647;0.250372;-0.128378;0.0019472;0.193648;-0.00103427;0.10457;0.00148462;0.0799796;0;0.99751;0;0.659393;0;1;
49;0.00820257;-0.0500071;0.00831373;-0.0380581;0.00892182;-0.00800271;0.237389;0.0112568;0.238402;-0.104924;0.235595;-0.140426;0.00113666;0.195016;-0.00060449;0.094338;0.00086641;0.0694173;0;1;0;0.796688;0;1;
50;0.107245;-0.131656;0.10731;-0.124701;0.107665;-0.107108;0.216567;0.0237395;0.214725;-0.0819306;0.214866;-0.125642;0.000663324;0.166652;-0.000353538;0.0963731;0.00050544;0.0694718;0;1;0;0.871272;0;1;
51;0.1878;-0.202049;0.187838;-0.198411;0.188046;-0.187699;0.208844;0.0343442;0.207768;-0.0513763;0.20785;-0.102594;0.000386989;0.150885;-0.000206856;0.0942206;0.000294603;0.064655;0;1;0;0.892891;0;0.896413;
52;0.23643;-0.247725;0.240608;-0.250363;0.24073;-0.240513;0.187205;0.0456443;0.186577;-0.0143245;0.186625;-0.0779;-0.00236777;0.132634;-0.000121281;0.0870158;0.000171539;0.0570171;0.349902;1;0;1;0;0.805971;
53;0.255638;-0.25689;0.271435;-0.277791;0.271506;-0.271373;0.153751;0.0429121;0.153382;0.0253143;0.15341;-0.0425337;-0.0152962;0.105249;-7.12148e-05;0.0957834;9.96883e-05;0.033303;0.997009;0.792555;0;0.824366;0;1;
54;0.253759;-0.278343;0.287464;-0.286788;0.287505;-0.280266;0.106992;0.0454191;0.106769;0.0661975;0.106785;0.00214439;-0.00866704;0.0640951;-4.20216e-05;0.0964091;5.78339e-05;0.0194438;1;0.556078;0;0.535729;0;1;
55;0.250535;-0.287393;0.295945;-0.293261;0.277886;-0.282597;0.0425331;0.0518382;0.0423903;0.0753026;0.0551439;0.056357;0.0435974;0.0374299;0.0148465;0.056305;0.0710708;-0.0294877;1;0.33266;0.692445;0.0312746;0.978888;1;
56;0.251049;-0.287488;0.295032;-0.289873;0.235124;-0.296041;-0.0392903;0.0944163;-0.0393753;0.10812;0.0419948;0.0970585;0.0759535;0.0218585;0.0605229;0.0328813;0.139795;-0.0176173;1;0;1;0;1;0.586471;
57;0.23456;-0.274597;0.276731;-0.27599;0.185935;-0.279592;-0.112888;0.152484;-0.107583;0.160487;0.0375149;0.154027;0.0938552;0.012765;0.0679562;0.0192021;0.205976;-0.011061;0.929258;0;1;0;1;0.250021;
58;0.199857;-0.249643;0.244734;-0.250456;0.155863;-0.25256;-0.130229;0.199136;-0.125167;0.20381;0.0276268;0.200037;0.104324;0.0074543;0.0761551;0.0112134;0.211053;-0.00646007;1;0;1;0;1;0;
59;0.178551;-0.213716;0.210847;-0.214191;0.0980107;-0.215419;-0.134384;0.228803;-0.116287;0.231532;0.00762277;0.229329;0.102785;0.00435266;0.0939111;0.00654817;0.205645;-0.00377308;0.951454;0;1;0;1;0;
60;0.137406;-0.166226;0.164554;-0.166503;0.0478687;-0.16722;-0.140422;0.24537;-0.127559;0.246964;0.00837231;0.245678;0.0855385;0.00254136;0.0860931;0.00382354;0.211016;-0.00220392;1;0;1;0;1;0;
61;0.0790898;-0.102904;0.10194;-0.103066;0.0327245;-0.103485;-0.122377;0.252881;-0.129495;0.252254;0.00112291;0.251499;0.0960636;0.00148359;0.0804508;0.0022324;0.190227;-0.00128762;1;0;1;0;1;0;
62;0.00373195;-0.018322;0.0177756;-0.0184162;-0.0226652;-0.018661;-0.115012;0.238839;-0.136291;0.241554;0.00864754;0.245286;0.091995;0.000865759;0.0721338;0.00130327;0.175925;-0.0007524;1;0;1;0;1;0;
63;-0.0894819;0.0809444;-0.0812458;0.0808893;-0.104879;0.0807462;-0.100468;0.222318;-0.130156;0.222753;0.01045;0.219977;0.0829982;0.000505086;0.0653061;0.000760597;0.176993;-0.000439953;1;0;1;0;1;0;
64;-0.173525;0.168525;-0.168685;0.168492;-0.182497;0.168409;-0.0653016;0.20363;-0.105566;0.19254;0.0142099;0.183328;0.0870605;0.00029454;0.0697865;0.000443955;0.154454;-0.000257206;1;0;1;0;1;0;
65;-0.231564;0.228634;-0.228717;0.228615;-0.236787;0.228566;-0.037465;0.189188;-0.0830372;0.182712;0.0382118;0.14743;0.0725759;0.00017137;0.0546732;0.000258725;0.136067;-0.000150727;1;0;0.81866;0;1;0;
66;-0.265896;0.264702;-0.264748;0.256932;-0.257764;0.264663;0.00183175;0.161126;-0.0495767;0.157344;0.0451352;0.13674;0.0799188;9.96006e-05;0.0379534;-0.0175183;0.100544;-8.84058e-05;1;0;1;0.381453;1;0;
67;-0.283398;0.284223;-0.284247;0.252077;-0.2788;0.2842;0.0448026;0.119653;-0.0128681;0.117446;0.0469267;0.105411;0.0693768;5.77356e-05;0.0221639;-0.0109564;0.0734906;-5.20127e-05;1;0;1;0.667741;1;0;
68;-0.288997;0.292344;-0.284729;0.246712;-0.287435;0.290216;0.0730762;0.061228;0.0394907;0.059945;0.0590579;0.052906;0.0553636;0.0369791;-0.0272386;0.0394777;0.0429207;0.0139249;0.363631;0.513014;1;0.769982;0.687659;0.690152;
69;-0.294955;0.241562;-0.307416;0.261144;-0.28803;0.297299;0.094775;0.0362944;0.0756771;-0.0170773;0.0865876;-0.0211895;0.0323317;0.118009;-0.0240005;0.0592707;0.0239721;0.0650002;0;0.65725;0.785497;0.532326;0;1;
70;-0.28285;0.205563;-0.290128;0.239254;-0.278806;0.277333;0.145734;0.0409384;0.134582;-0.098341;0.140952;-0.0963597;0.0188812;0.176663;-0.0142162;0.0935157;0.0139993;0.065702;0;1;0.46635;0.417592;0;1;
71;-0.259692;0.161969;-0.263942;0.201319;-0.25733;0.243161;0.193213;0.0245666;0.186701;-0.133629;0.190421;-0.13505;0.0110259;0.216386;-0.00830273;0.0987945;0.00817516;0.0748463;0;0.989855;0;0.478589;0;1;
72;-0.225863;0.122207;-0.228345;0.180623;-0.224483;0.216203;0.225159;0.0115425;0.221356;-0.133692;0.223528;-0.122377;0.00643871;0.193903;-0.00484916;0.106678;0.00477366;0.0924368;0;1;0;0.463906;0;1;
73;-0.181328;0.0609962;-0.182778;0.149502;-0.180523;0.175688;0.243613;0.0120659;0.241392;-0.145281;0.24266;-0.132249;0.00375966;0.198535;-0.00283232;0.0885706;0.00278719;0.0929738;0;1;0;0.434307;0;1;
74;-0.122692;0.02381;-0.123538;0.100579;-0.122221;0.119408;0.252585;0.00848281;0.251288;-0.139371;0.252029;-0.130289;0.00219514;0.181073;-0.00165459;0.0934803;0.00162714;0.0882559;0;1;0;0.401379;0;1;
75;-0.0440242;-0.0137257;-0.0445186;0.0288172;-0.0437499;0.0421221;0.245437;0.000112148;0.245892;-0.121098;0.245564;-0.13458;0.00128146;0.177576;-0.00096672;0.0885931;0.000949617;0.0789808;0;1;0;0.587997;0;1;
76;0.0533746;-0.0870988;0.0530858;-0.062272;0.0535348;-0.0544685;0.229306;0.0142349;0.229825;-0.110894;0.227821;-0.138618;0.000747869;0.166168;-0.000565091;0.0786343;0.000554014;0.0728846;0;1;0;0.6869;0;1;
77;0.146881;-0.166571;0.146712;-0.152092;0.146975;-0.147505;0.20676;0.0166092;0.196412;-0.0768241;0.203042;-0.113349;0.000436334;0.14077;-0.00033046;0.0853898;0.000322961;0.0752222;0;1;0;0.78407;0;1;
78;0.214753;-0.226245;0.214654;-0.217806;0.214808;-0.215106;0.195807;0.0318887;0.188921;-0.0518632;0.193635;-0.0911601;0.00025439;0.135316;-0.000193386;0.0743784;0.000188065;0.0590833;0;1;0;0.862476;0;0.918306;
79;0.256688;-0.263226;0.256632;-0.258478;0.256721;-0.256889;0.170808;0.048868;0.166786;-0.0127586;0.169539;-0.0624118;0.000148039;0.101773;-0.000113397;0.0673726;0.000109358;0.0492028;0.161593;1;0;0.925902;0;0.906675;
80;0.267591;-0.281794;0.280089;-0.279967;0.280142;-0.28024;0.132966;0.0491569;0.130616;0.0265613;0.132223;-0.0204802;-0.00719073;0.0677565;-6.65993e-05;0.0760483;6.34009e-05;0.0287383;0.518235;1;0;0.725395;0;1;
81;0.266161;-0.292122;0.291126;-0.289438;0.290438;-0.288722;0.0795124;0.0551422;0.0781322;0.0681448;0.0790735;0.025511;0.0270293;0.0395739;-3.91915e-05;0.0572723;0.0135642;-0.00743091;1;0.686058;0;0.53078;0.402451;1;
82;0.269948;-0.29733;0.293906;-0.292577;0.250015;-0.30907;0.0067426;0.0708598;0.00592905;0.0797748;0.0361154;0.0600042;0.0596107;0.0231095;0.0475184;0.0334475;0.101556;-0.0148041;0.843065;0;1;0;0.671059;1;
83;0.249863;-0.287659;0.280113;-0.284883;0.222766;-0.296123;-0.073541;0.123036;-0.075382;0.128243;0.0378827;0.116701;0.0977623;0.0134955;0.0638411;0.0195327;0.160504;-0.00282537;0.54257;0;1;0;0.966079;0.553395;
84;0.213243;-0.26743;0.243711;-0.265809;0.163468;-0.272373;-0.127299;0.176978;-0.130016;0.180019;0.0320043;0.173279;0.0956469;0.00788102;0.0630255;0.0114065;0.212281;-0.00165041;0.627575;0;1;0;0.693099;0;
85;0.167251;-0.23634;0.191321;-0.235393;0.135833;-0.239227;-0.126558;0.215198;-0.136721;0.216974;0.0100975;0.213037;0.118244;0.00460194;0.0811849;0.0066609;0.199925;-0.000964323;0.592284;0;1;0;0.879487;0;
86;0.152074;-0.194869;0.168574;-0.194316;0.0736276;-0.196554;-0.135575;0.238057;-0.128787;0.239094;0.0131031;0.236796;0.0976215;0.00268688;0.0830628;0.00388949;0.191196;-0.000563536;0.741533;0;1;0;0.996521;0;
87;0.115634;-0.140633;0.125281;-0.14031;0.0276181;-0.141618;-0.139176;0.249965;-0.132675;0.25057;0.0135013;0.249228;0.0863244;0.00156859;0.0775702;0.00227092;0.1908;-0.000329669;0.862666;0;1;0;0.985457;0;
88;0.0533553;-0.0679643;0.059007;-0.0677753;0.00196028;-0.0685389;-0.117625;0.248367;-0.131965;0.247455;0.000552204;0.247368;0.0937717;0.000915431;0.0790291;0.0013257;0.174624;-0.000192992;0.866494;0;1;0;1;0;
89;-0.0341423;0.0256015;-0.030823;0.0257119;-0.0641476;0.0252659;-0.114001;0.232035;-0.139704;0.233329;0.0124842;0.237505;0.081818;0.000534006;0.0660526;0.000773736;0.17304;-0.000113194;1;0;1;0;1;0;
90;-0.128183;0.12319;-0.126233;0.123255;-0.145698;0.122994;-0.0869941;0.21061;-0.125333;0.211615;0.0194781;0.20637;0.0819294;0.000311318;0.0727304;0.000451387;0.150527;-6.6615e-05;1;0;1;0;1;0;
91;-0.201817;0.198907;-0.200685;0.198944;-0.212048;0.198792;-0.0575108;0.202613;-0.0987306;0.20191;0.0226692;0.195544;0.0799726;0.000181253;0.0625908;0.000263208;0.14634;-3.92462e-05;1;0;1;0;0.996049;0;
92;-0.248996;0.247306;-0.248349;0.247328;-0.254979;0.247239;-0.0262523;0.180259;-0.0741569;0.179849;0.051706;0.176131;0.0602738;0.000105345;0.0446989;0.000153261;0.118433;-2.33974e-05;1;0;1;0;1;0;
93;-0.270327;0.275112;-0.275724;0.269348;-0.276989;0.275073;0.0144066;0.145525;-0.0348302;0.145286;0.052938;0.143114;0.0730293;6.10358e-05;0.0325053;-0.0109235;0.0786889;-1.4064e-05;0.931564;0;1;0.443744;0.913518;0;
94;-0.281758;0.289114;-0.28947;0.276371;-0.29021;0.289091;0.0658071;0.0965036;0.00605445;0.096369;0.0469849;0.0950953;0.0677983;3.52513e-05;0.0189787;-0.00780718;0.0459635;-8.59938e-06;0.935221;0;1;0.825653;0.734006;0;
95;-0.288741;0.276513;-0.29312;0.267152;-0.30807;0.292256;0.0755796;0.0387982;0.0309972;0.0319739;0.0565057;0.0280809;0.0395937;0.0864395;0.0110801;0.053128;0.0268411;0.0276666;0.020598;0.585857;1;0.868374;0.144214;1;
96;-0.285597;0.232979;-0.302746;0.251554;-0.296885;0.277705;0.115461;0.0357868;0.089429;-0.0526335;0.104321;-0.0549088;0.0231221;0.142761;0.0135185;0.0898667;0.0156748;0.0584078;0;1;0.672088;0.583717;0;1;
97;-0.270807;0.170785;-0.280822;0.222264;-0.277399;0.243899;0.168276;0.0333016;0.153074;-0.118808;0.16177;-0.122885;0.0135027;0.202384;0.00795519;0.093036;0.00915369;0.0629926;0;1;0;0.422387;0;1;
98;-0.243986;0.144719;-0.249835;0.163714;-0.247836;0.186059;0.209217;0.0104765;0.200339;-0.116169;0.205418;-0.140115;0.00788506;0.203236;0.00464525;0.103488;0.00534525;0.0754269;0;1;0;0.592436;0;1;
