1;-0.000363588;0.000116064;9.94837e-05;-0.000363588;0.000116064;9.94837e-05;0.034977;0.0347457;0.0352595;0.0349769;0.0347456;0.0352595;0.808667;0.808665;0.808666;0.808667;0.808665;0.808666;0;0;0;0;0;0;
2;-0.00671235;-0.00223948;-0.00520452;-0.00657392;-0.00611461;-0.0055091;0.177985;0.180947;0.186677;0.192951;0.194764;0.198913;0.472557;0.472569;0.47259;0.472613;0.472619;0.472637;0.825696;0.723785;0.885644;0.0279009;0;0;
3;-0.0105726;-0.00908492;-0.00869902;-0.00927113;-0.00922682;-0.0100048;0.104034;0.105591;0.11709;0.112605;0.11383;0.116084;0.275992;0.275998;0.27601;0.276027;0.276028;0.276039;0.837026;0.809804;1;0.771458;0.953181;1;
4;-0.00553956;-0.00594029;-0.00444543;-0.00604916;-0.00475365;-0.00647763;0.060734;0.0616988;0.0683579;0.0657922;0.0664556;0.0678262;0.161185;0.161189;0.161196;0.161205;0.161207;0.161213;0.760671;0.654928;0.879657;0.478203;0.646583;0.94024;
5;-0.00235895;-0.00434518;-0.00172006;-0.00440887;-0.00190001;-0.0046591;0.0352182;0.0362923;0.0467791;0.0386825;0.0385601;0.0398709;0.0941354;0.0941378;0.0941419;0.0941465;0.0941483;0.094152;0.781934;0.72566;1;0.436793;0.65428;0.89195;
6;-0.000270263;-0.00364495;0.000102908;-0.0036822;-4.16973e-06;-0.00382834;0.0283134;0.0280006;0.0309952;0.0306844;0.0302697;0.0302764;0.0549776;0.0549789;0.0549818;0.0549838;0.0549854;0.0549874;0.769055;0.654762;0.945015;0.507829;0.635105;0.881011;
7;0.00108544;-0.00337191;0.0013033;-0.00339372;0.00124203;-0.0034791;0.0253098;0.027749;0.0331978;0.0288117;0.0300084;0.0336144;0.0321096;0.0321099;0.0321124;0.0321129;0.0321143;0.0321152;0.788983;0.595974;0.995112;0.650866;0.669441;0.920034;
8;0.00176744;-0.00310276;0.00189466;-0.00319487;0.00185887;-0.00326351;0.0264188;0.0283559;0.0310872;0.0380681;0.0303768;0.0331913;0.0187547;0.0187541;0.0187567;0.0187562;0.0187578;0.0187576;0.829141;0.573422;0.980402;0.726471;0.69495;0.873102;
9;0.00157054;-0.00235037;0.00161901;-0.0024042;0.00162394;-0.00244429;0.0236682;0.0265776;0.0278327;0.0322654;0.0290007;0.0332813;0.0109555;0.0109541;0.0109571;0.0109558;0.0109578;0.0109568;0.825348;0.530139;0.96965;0.645537;0.717463;0.854647;
10;2.21165e-05;-0.000477316;5.03068e-05;-0.000508792;5.32617e-05;-0.00053222;0.0214401;0.0265717;0.0266947;0.0341407;0.0293851;0.0362084;0.00640094;0.00639866;0.00640229;0.00640017;0.00640287;0.00640092;0.948504;0.502942;1;0.481451;0.75569;0.841067;
11;-0.00363329;0.0033673;-0.0036168;0.00334891;-0.0036151;0.00333521;0.0196916;0.0268446;0.0247994;0.0365176;0.02904;0.0388394;0.00380933;0.00373792;0.00616755;0.00373958;0.0073436;0.00374016;1;0.514687;1;0.462104;0.792903;0.84188;
12;-0.0104216;0.0102663;-0.010412;0.0102555;-0.010411;0.0102475;0.0219588;0.0299327;0.0226322;0.0377581;0.0277885;0.0396093;0.00767091;0.00218378;0.00606552;0.0021857;0.00842068;0.00218621;0.840764;0.595819;1;0.452696;0.824334;1;
13;-0.0215443;0.0214535;-0.0215387;0.0214473;-0.0215381;0.0214426;0.0169098;0.0271579;0.021646;0.0388298;0.0282292;0.0409187;0.00526541;0.00127612;0.00692096;0.00127823;0.00866219;0.00127862;1;0.452751;1;0.444115;0.830712;1;
14;-0.0380783;0.0380252;-0.038075;0.0380216;-0.0380747;0.0380189;0.0201468;0.0272943;0.0232962;0.0377066;0.0278123;0.0379735;0.00484294;0.000746364;0.00581237;0.000748385;0.00949291;0.000748701;1;0.463384;1;0.464192;0.789378;0.853288;
15;-0.0603191;0.060288;-0.0603172;0.060286;-0.060317;0.0602844;0.0250472;0.0250618;0.0299553;0.0279205;0.0275511;0.0299603;0.00283088;0.00209843;0.00339741;0.00202419;0.00554668;0.00233289;1;0.583253;1;0.503911;0.652982;0.896593;
16;-0.0867427;0.0867244;-0.0867416;0.0867234;-0.0867414;0.0867224;0.0423008;0.0242122;0.0495115;0.0118242;0.0333187;0.0171727;0.00165462;0.0130671;0.00198626;0.00578806;0.0032398;0.00869313;0.757789;0.862289;1;0.620561;0.321865;1;
17;-0.113123;0.113113;-0.113123;0.113112;-0.113123;0.113112;0.0575808;0.0120649;0.0617936;-0.0259668;0.0523349;-0.0228411;0.000966124;0.0208763;0.00116069;0.00790226;0.00189168;0.00845696;0.152095;1;0.722583;0.58607;0;1;
18;-0.132803;0.132797;-0.132803;0.132797;-0.132803;0.132797;0.0951919;-0.0539615;0.0976521;-0.0767261;0.0921284;-0.0748953;0.000563813;0.0415619;0.000677468;0.00461712;0.00110437;0.00971121;0;0.837816;0;0.50701;0;1;
19;-0.138313;0.13831;-0.138313;0.13831;-0.138313;0.138309;0.143375;-0.119284;0.144812;-0.132588;0.141586;-0.131515;0.000328878;0.0242771;0.000395248;0.00269782;0.000644537;0.00567401;0;1;0;0.51481;0;1;
20;-0.123568;0.123566;-0.123567;0.123565;-0.123567;0.123565;0.185855;-0.171775;0.186694;-0.179553;0.18481;-0.178923;0.000191628;0.0141801;0.000230391;0.0015763;0.000375956;0.00331492;0;1;0;0.587756;0;1;
21;-0.0843857;0.0843847;-0.0843856;0.0843844;-0.0843858;0.0843844;0.21486;-0.194218;0.21535;-0.211178;0.21425;-0.210807;0.000111453;0.00828174;0.000134093;0.000920812;0.000219066;0.00193622;0;1;0;0.771074;0;1;
22;-0.0173048;0.0173045;-0.0173047;0.017304;-0.017305;0.017304;0.230497;-0.185879;0.230783;-0.228344;0.23014;-0.218743;6.45724e-05;0.00483666;7.77988e-05;0.000537722;0.000127422;0.00113061;0;1;0;0.620747;0;1;
23;0.0725457;-0.072545;0.0725457;-0.0725461;0.0725453;-0.0725461;0.228444;-0.163778;0.228577;-0.210232;0.228883;-0.209186;3.72202e-05;0.00282505;4.49106e-05;0.000313999;7.38809e-05;0.000660385;0;1;0;0.664119;0;1;
24;0.159619;-0.159618;0.159619;-0.159619;0.159619;-0.159619;0.186456;-0.134506;0.187404;-0.171162;0.197681;-0.17853;2.13666e-05;0.00349976;2.5872e-05;-0.0031535;4.26276e-05;-0.00423053;0;1;0;0.709949;0;1;
25;0.22249;-0.222489;0.22249;-0.222491;0.22249;-0.22249;0.163497;-0.0716928;0.163017;-0.120946;0.188301;-0.14527;1.19375e-05;0.0236973;1.45106e-05;0.00081799;2.43782e-05;-0.00246966;0;1;0;0.810955;0;1;
26;0.261127;-0.261128;0.261127;-0.261128;0.261128;-0.261128;0.149817;-0.0198986;0.149536;-0.0621668;0.164302;-0.102581;6.56381e-06;0.0319769;8.0762e-06;0.0205089;1.37197e-05;-0.000424797;0;1;0;0.882441;0;0.81898;
27;0.282492;-0.282493;0.282492;-0.282493;0.282492;-0.282492;0.117956;0.0330041;0.11779;0.0214253;0.126413;-0.0237775;4.71808e-06;0.0319341;4.36213e-06;0.0363577;7.53247e-06;0.0254515;0.616751;1;0;1;0;1;
28;0.292154;-0.292155;0.292154;-0.292155;0.292154;-0.292154;0.0669687;0.0588468;0.0668724;0.0630395;0.0719055;0.066099;0.0088455;0.0186548;0.0172098;0.0212379;0.0121007;0.0359344;0.793307;0.658481;0.936694;0.80908;0.522198;0.825761;
29;0.29273;-0.292967;0.29273;-0.292843;0.288686;-0.292764;-0.00516883;0.0786469;-0.0052165;0.0810958;-0.00227374;0.0828837;0.00516804;0.0108939;0.0208926;0.0124027;0.0363814;0.020986;0.515903;0;1;0;1;0.141821;
30;0.283765;-0.283904;0.283765;-0.283831;0.281404;-0.283785;-0.0880887;0.131001;-0.0881069;0.132431;-0.0863847;0.133475;0.00301946;0.00636162;0.0187052;0.00724274;0.0341693;0.0122553;0.914123;0;1;0;1;0;
31;0.263375;-0.263457;0.263376;-0.263414;0.261997;-0.263387;-0.157801;0.182862;-0.157804;0.183697;-0.156795;0.184307;0.0017642;0.00371472;0.0109266;0.00422931;0.0199586;0.00715663;0.553748;0;1;0;1;0;
32;0.23181;-0.231857;0.23181;-0.231833;0.231005;-0.231817;-0.204215;0.218852;-0.204212;0.21934;-0.203619;0.219696;0.00103063;0.0021689;0.00638197;0.00246943;0.011657;0.00417896;0.724938;0;1;0;1;0;
33;0.189549;-0.189577;0.18955;-0.189563;0.18908;-0.189554;-0.23156;0.240108;-0.231554;0.240393;-0.211278;0.240601;0.000601813;0.00126611;0.00372691;0.00144167;0.0068076;0.00244003;0.665866;0;1;0;1;0;
34;0.133931;-0.133948;0.133932;-0.133939;0.133657;-0.133934;-0.245951;0.250944;-0.226082;0.251111;-0.202276;0.251232;0.000351188;0.000738834;0.00217624;0.000841371;0.00397506;0.00142438;0.920376;0;1;0;1;0;
35;0.0591837;-0.0591933;0.0591839;-0.0591883;0.059024;-0.0591852;-0.238455;0.249647;-0.224883;0.248748;-0.195471;0.248047;0.000204726;0.000430916;0.00127068;0.000490835;0.0023209;0.000831334;1;0;1;0;1;0;
36;-0.0359183;0.0359127;-0.0359182;0.0359156;-0.036011;0.0359174;-0.219639;0.22788;-0.212848;0.2358;-0.169803;0.23496;0.000119427;0.000251077;0.000742198;0.000286125;0.00135556;0.000484928;0.952323;0;1;0;1;0;
37;-0.132208;0.132205;-0.132207;0.132206;-0.132262;0.132207;-0.18537;0.202242;-0.193004;0.205035;-0.146329;0.195014;-0.00264354;0.000146088;0.000433865;0.000166808;0.000792661;0.000282818;0.851491;0;1;0;1;0;
38;-0.20502;0.205019;-0.20502;0.205019;-0.205052;0.20502;-0.138016;0.16695;-0.157876;0.171552;-0.0934802;0.173802;-0.00154259;8.47889e-05;0.000254267;9.68006e-05;0.0108233;0.000164592;1;0;1;0;1;0;
39;-0.250955;0.250954;-0.250954;0.250954;-0.250974;0.250954;-0.0790507;0.157449;-0.117525;0.160137;-0.0228833;0.161451;0.022846;4.90379e-05;0.00645634;5.61302e-05;0.0330672;9.57417e-05;1;0;0.826381;0;1;0;
40;-0.277083;0.277082;-0.277083;0.277082;-0.277096;0.277083;3.15064e-05;0.129674;-0.056099;0.131245;0.025232;0.132012;0.035522;2.81553e-05;0.00377213;3.29951e-05;0.0498606;5.55195e-05;1;0;1;0.419777;1;0;
41;-0.289952;0.289951;-0.289951;0.289951;-0.289959;0.289951;0.0509299;0.0837817;0.0519643;0.084704;0.0652703;0.0851487;0.0207505;1.61913e-05;0.028932;0.00988066;0.0291258;0.01444;1;0.221494;1;0.501124;1;1;
42;-0.293161;0.293161;-0.293161;0.293161;-0.293166;0.293161;0.0633513;0.0179067;0.0879133;0.0175398;0.0511626;0.0178071;0.0121186;0.0286756;0.0168973;0.00577301;0.0170096;0.0246299;0.209304;1;0.389524;0.273108;0;1;
43;-0.287142;0.287142;-0.287142;0.287142;-0.287145;0.287142;0.112294;-0.0648244;0.126638;-0.0650529;0.105176;-0.0648861;0.0070768;0.0302058;0.00986749;0.00337279;0.0099331;0.0157677;0;1;0;0.338516;0;1;
44;-0.270064;0.270065;-0.270064;0.270064;-0.270066;0.270064;0.168174;-0.140439;0.176551;-0.140585;0.164017;-0.140478;0.00413245;0.0176446;0.0057621;0.00197057;0.00580044;0.00921187;0;1;0;0.324462;0;1;
45;-0.241493;0.241493;-0.241493;0.241492;-0.241494;0.241493;0.209548;-0.186965;0.21444;-0.193434;0.20712;-0.193367;0.00241288;0.010306;0.00336461;0.00115133;0.00338701;0.00538068;0;1;0;0.35956;0;1;
46;-0.202303;0.202303;-0.202303;0.202303;-0.202303;0.202303;0.234857;-0.216935;0.237714;-0.225446;0.233439;-0.225403;0.00140862;0.0060187;0.00196443;0.000672408;0.00197748;0.00314235;0;1;0;0.502311;0;1;
47;-0.150865;0.150865;-0.150865;0.150864;-0.150865;0.150865;0.248439;-0.202797;0.250107;-0.242942;0.247611;-0.226571;0.000822073;0.00351453;0.00114667;0.000392435;0.0011543;0.00183466;0;1;0;0.547055;0;1;
48;-0.0819839;0.0819845;-0.0819839;0.0819838;-0.0819842;0.081984;0.250849;-0.197208;0.252366;-0.240684;0.25223;-0.228235;0.000479582;0.00205218;0.000669104;0.000228767;0.000673564;0.00107116;0;1;0;0.47146;0;1;
49;0.00835594;-0.00835524;0.00835593;-0.00835597;0.00835558;-0.00835585;0.239458;-0.176752;0.238176;-0.225871;0.233694;-0.215621;0.000279512;0.00119874;0.000390223;0.0001334;0.000392784;0.000625454;0;1;0;0.735471;0;1;
50;0.107335;-0.107334;0.107335;-0.107335;0.107334;-0.107335;0.218316;-0.147039;0.218413;-0.194765;0.211129;-0.200512;0.000162721;0.00070111;0.000227363;7.80847e-05;0.000228861;0.0003655;0;1;0;0.986816;0;1;
51;0.187852;-0.187852;0.187852;-0.187852;0.187852;-0.187852;0.208539;-0.102145;0.181239;-0.151437;0.177635;-0.167631;9.45439e-05;0.0360731;0.000132464;-0.0188402;0.000133122;-0.0036166;0;1;0;1;0;1;
52;0.240617;-0.240617;0.240617;-0.240617;0.240616;-0.240616;0.187028;-0.0399748;0.171084;-0.0986237;0.16898;-0.128393;5.47557e-05;0.0285289;7.67848e-05;-0.0110007;7.72757e-05;-0.00211102;0;1;0;0.998585;0;1;
53;0.27144;-0.27144;0.27144;-0.27144;0.27144;-0.27144;0.153645;0.0213566;0.144335;-0.0272672;0.143105;-0.0773529;3.15801e-05;0.0355355;4.44548e-05;0.0384049;4.46316e-05;0.00196091;0;1;0;0.992583;0;1;
54;0.287466;-0.287468;0.287466;-0.287467;0.287466;-0.287467;0.106927;0.0594786;0.101485;0.039072;0.100767;0.0227549;0.00714125;0.0431193;2.56197e-05;0.0383027;2.55841e-05;0.029789;1;1;0;1;0;1;
55;0.293158;-0.293159;0.293158;-0.293159;0.293158;-0.293158;0.0424869;0.0741804;0.0393143;0.0729182;0.0388953;0.0876228;0.0102478;0.0251829;0.0263835;0.02237;0.0237423;0.0174001;0.667851;0;1;0.1214;1;0.429845;
56;0.289813;-0.289813;0.289813;-0.289813;0.290232;-0.289813;-0.0393302;0.107464;-0.041171;0.106727;-0.0414117;0.115314;0.00598612;0.0147062;0.0212812;0.0130635;0.0392185;0.010161;0.571452;0;1;0;1;0;
57;0.275955;-0.275955;0.275955;-0.275955;0.2762;-0.275955;-0.120313;0.160104;-0.12138;0.159674;-0.121517;0.164689;0.00349707;0.00858796;0.0124321;0.00762865;0.0229089;0.00593361;0.656965;0;1;0;1;0;
58;0.250436;-0.250436;0.250436;-0.250436;0.25058;-0.250436;-0.180348;0.203586;-0.180965;0.203335;-0.181041;0.206264;0.0020429;0.00501487;0.00726205;0.00445465;0.0133811;0.00346474;0.709057;0;1;0;1;0;
59;0.214179;-0.214179;0.214179;-0.214179;0.214263;-0.214179;-0.217829;0.231402;-0.218185;0.231255;-0.212218;0.232965;0.0011932;0.00292815;0.00424134;0.00260101;0.00781482;0.00202291;0.752251;0;1;0;1;0;
60;0.166496;-0.166496;0.166496;-0.166496;0.166545;-0.166496;-0.238961;0.246888;-0.230546;0.246802;-0.205784;0.247801;0.000696657;0.00170949;0.00247656;0.00151844;0.00456325;0.00118084;0.817332;0;1;0;1;0;
61;0.103062;-0.103062;0.103062;-0.103062;0.103091;-0.103062;-0.246557;0.253768;-0.227117;0.253718;-0.198968;0.253723;0.000406448;0.000997768;0.00144608;0.000886237;0.00266444;0.000689062;0.830461;0;1;0;1;0;
62;0.0184142;-0.0184139;0.0184142;-0.0184142;0.0184314;-0.0184142;-0.233029;0.238094;-0.219171;0.2445;-0.183348;0.243972;0.000237079;0.000582116;0.000844401;0.000517029;0.00155586;0.000401874;0.920694;0;1;0;1;0;
63;-0.0808902;0.0808908;-0.0808903;0.0808902;-0.0808802;0.0808902;-0.20694;0.217322;-0.206404;0.224513;-0.159268;0.226048;0.000138481;0.000339408;0.000493373;0.000301446;0.000909021;0.000234166;1;0;1;0;1;0;
64;-0.168493;0.168493;-0.168493;0.168493;-0.168487;0.168493;-0.167675;0.187703;-0.178983;0.213422;-0.122564;0.217222;-0.00809413;0.000197674;-0.00744711;0.00017559;0.00755656;0.000136261;1;0;1;0;1;0;
65;-0.228615;0.228615;-0.228615;0.228615;-0.228612;0.228615;-0.118368;0.179369;-0.142468;0.194907;-0.0660117;0.197126;-0.00472515;0.00011494;-0.00434818;0.000102056;0.0171964;7.91107e-05;1;0;0.938904;0;1;0;
66;-0.264691;0.264691;-0.264691;0.264691;-0.264691;0.264691;-0.0527971;0.155392;-0.0936309;0.164466;0.0105531;0.165762;0.0151532;6.66278e-05;-0.00253801;5.91947e-05;0.039829;4.58036e-05;0.964232;0;0.875051;0;1;0;
67;-0.284217;0.284217;-0.284216;0.284216;-0.284217;0.284216;0.0367286;0.116304;-0.0137617;0.121606;0.0419285;0.12236;0.0483793;3.8395e-05;0.0199178;0.00263722;0.028868;2.63806e-05;1;0;1;0.429383;1;0;
68;-0.292489;0.292489;-0.292489;0.292488;-0.292489;0.292489;0.0628323;0.0592728;0.0741212;0.0623684;0.0701347;0.0628107;0.0282572;0.0187742;0.0190325;0.0105987;0.0168634;0.0258094;0.69666;0.689264;0.777349;0.558231;0.424246;1;
69;-0.291686;0.293442;-0.291686;0.291685;-0.291708;0.292492;0.0887925;-0.0174675;0.0953852;-0.0156749;0.093057;-0.0154049;0.0165016;0.0278234;0.0111146;0.00619119;0.00984772;0.0245368;0;1;0;0.434876;0;1;
70;-0.280941;0.281967;-0.280941;0.28094;-0.280954;0.281411;0.14224;-0.100573;0.14609;-0.0995379;0.14473;-0.0993721;0.00963653;0.0177246;0.00649051;0.00361698;0.00575062;0.014334;0;1;0;0.611368;0;1;
71;-0.258577;0.259176;-0.258577;0.258577;-0.258585;0.258852;0.191173;-0.166828;0.193421;-0.166234;0.192627;-0.16613;0.00562725;0.0103539;0.00378998;0.00211306;0.00335789;0.0083733;0;1;0;0.467856;0;1;
72;-0.225211;0.225562;-0.225211;0.225211;-0.225216;0.225372;0.223967;-0.209741;0.22528;-0.209402;0.224817;-0.209337;0.0032858;0.0060472;0.00221284;0.00123426;0.0019605;0.00489056;0;1;0;0.487712;0;1;
73;-0.180948;0.181152;-0.180948;0.180948;-0.180951;0.181042;0.242917;-0.205139;0.243684;-0.23441;0.243413;-0.233556;0.00191838;0.00353106;0.00129179;0.000720678;0.00114439;0.00285573;0;1;0;0.531561;0;1;
74;-0.12247;0.122589;-0.12247;0.122469;-0.122471;0.122524;0.252179;-0.201523;0.252627;-0.24721;0.252469;-0.228992;0.00111978;0.00206182;0.000753843;0.000420542;0.000667765;0.00166736;0;1;0;0.545917;0;1;
75;-0.0438945;0.0439648;-0.0438945;0.0438944;-0.0438957;0.0439266;0.246276;-0.188896;0.246428;-0.235599;0.246314;-0.222822;0.000653407;0.00120402;0.000439717;0.000245231;0.000389409;0.000973452;0;1;0;0.616835;0;1;
76;0.0534506;-0.053409;0.0534506;-0.0534506;0.0534494;-0.0534317;0.231829;-0.165702;0.231677;-0.212576;0.223835;-0.21152;0.000381043;0.000703768;0.000256238;0.000143146;0.000226866;0.000568523;0;1;0;0.679627;0;1;
77;0.146926;-0.146901;0.146925;-0.146926;0.146924;-0.146914;0.208822;-0.136877;0.206813;-0.175446;0.195935;-0.187248;0.000222175;0.00720993;0.0001493;-0.0029432;0.000131991;-0.00442395;0;1;0;0.741317;0;1;
78;0.214779;-0.214764;0.214779;-0.214779;0.214778;-0.214772;0.19701;-0.0714115;0.195837;-0.126591;0.158899;-0.149878;0.000129157;0.0234844;8.65713e-05;-0.00171728;7.65743e-05;-0.00258281;0;1;0;0.782015;0;1;
79;0.256704;-0.256696;0.256704;-0.256705;0.256704;-0.2567;0.171511;-0.0139532;0.170826;-0.0698884;0.149254;-0.107179;7.49872e-05;0.0263241;5.01189e-05;0.0221645;4.42526e-05;0.000316857;0;1;0;0.94074;0;0.808889;
80;0.280131;-0.280128;0.280131;-0.280132;0.280131;-0.280129;0.133377;0.0459701;0.132975;0.00899439;0.120377;-0.0365559;0.00560578;0.0506691;2.88448e-05;0.0326252;2.54062e-05;0.01312;0.78098;1;0;1;0;1;
81;0.29115;-0.291148;0.29115;-0.291151;0.29115;-0.291149;0.0797495;0.0652737;0.0795141;0.054689;0.0721552;0.0587824;0.00478482;0.0295977;0.0162081;0.0190587;0.00329837;0.032901;0.657542;0.904798;0.901209;0.973811;0.690485;1;
82;0.292813;-0.292812;0.292813;-0.292813;0.292159;-0.292812;0.00686927;0.0778274;0.00673816;0.0716466;0.00591467;0.0740387;0.00381222;0.0172848;0.0194499;0.0111304;0.0325262;0.0192151;0.742143;0;1;0;1;0.64611;
83;0.285021;-0.285021;0.285021;-0.285021;0.284638;-0.285021;-0.0776415;0.127105;-0.0777076;0.123496;-0.0781842;0.124893;0.00222772;0.0100939;0.018439;0.0064997;0.0423877;0.0112211;0.660455;0;1;0;1;0;
84;0.265889;-0.265889;0.265889;-0.265889;0.265666;-0.265889;-0.150467;0.179355;-0.150498;0.177247;-0.150772;0.178063;0.00203421;0.00589439;0.0107714;0.00379533;0.0247595;0.00655261;0.746344;0;1;0;1;0;
85;0.23544;-0.23544;0.23544;-0.23544;0.23531;-0.23544;-0.199714;0.216586;-0.199727;0.215355;-0.199884;0.215831;0.0011885;0.00344181;0.00629151;0.00221601;0.0144607;0.00382626;0.715592;0;1;0;1;0;
86;0.194343;-0.194344;0.194344;-0.194343;0.194268;-0.194343;-0.229014;0.238868;-0.229018;0.238149;-0.210415;0.238427;0.000694176;0.00200947;0.00367421;0.00129366;0.00844453;0.00223403;0.787422;0;1;0;1;0;
87;0.140326;-0.140326;0.140326;-0.140326;0.140283;-0.140326;-0.244682;0.250438;-0.22724;0.250018;-0.203832;0.250181;0.000405223;0.00117297;0.00214541;0.000754963;0.00493092;0.00130412;0.802145;0;1;0;1;0;
88;0.0677847;-0.0677852;0.0677848;-0.0677847;0.0677601;-0.0677847;-0.239453;0.250588;-0.22504;0.249355;-0.196736;0.249684;0.000236334;0.000684442;0.00125274;0.000440366;0.00287916;0.000761056;0.876099;0;1;0;1;0;
89;-0.0257066;0.0257058;-0.0257066;0.0257066;-0.0257201;0.0257066;-0.222799;0.230496;-0.213992;0.236821;-0.174442;0.236667;0.000137883;0.000399144;0.000731621;0.000256643;0.00168143;0.000443926;0.976775;0;1;0;1;0;
90;-0.123252;0.123251;-0.123252;0.123252;-0.123259;0.123252;-0.191579;0.206271;-0.19572;0.205232;-0.148585;0.206162;-0.0013507;0.000232522;0.000427645;0.000149384;0.000982559;0.000258738;1;0;1;0;1;0;
91;-0.198942;0.198942;-0.198942;0.198942;-0.198946;0.198942;-0.142961;0.169286;-0.156035;0.167615;-0.0943723;0.167034;-0.00260684;0.000135241;0.000250659;8.67602e-05;0.00795712;0.000150586;1;0;1;0;1;0;
92;-0.247327;0.247326;-0.247327;0.247327;-0.247329;0.247327;-0.0862836;0.160797;-0.121796;0.153051;-0.0459599;0.154905;0.00636696;7.85335e-05;0.000147674;5.02942e-05;0.0263596;8.75455e-05;1;0;1;0;1;0;
93;-0.275124;0.275123;-0.275124;0.275124;-0.275126;0.275124;-0.0112057;0.134159;-0.0617488;0.129636;0.0235775;0.130718;0.030342;4.53826e-05;0.00163579;2.93018e-05;0.0459972;5.07372e-05;1;0;1;0.319489;1;0;
94;-0.289121;0.289121;-0.289121;0.289121;-0.289123;0.289121;0.0443107;0.0898658;0.0467875;0.0872295;0.0602866;0.0878589;0.0202289;2.60773e-05;0.0285257;0.00616127;0.0273081;0.00410514;1;0;1;0.420786;1;1;
95;-0.293238;0.293238;-0.293238;0.293238;-0.293239;0.293238;0.0815003;0.0264256;0.0855847;0.0234901;0.0755185;0.0238635;0.0118139;0.0308674;0.0166608;0.00813022;0.0159479;0.0250605;0;1;0.37491;0.440639;0;1;
96;-0.288223;0.288224;-0.288223;0.288223;-0.288224;0.288223;0.118918;-0.0558749;0.121303;-0.0576031;0.115425;-0.0573747;0.00689884;0.0223159;0.00972937;0.00474936;0.00931311;0.0298028;0;1;0;0.47733;0;1;
97;-0.27234;0.272341;-0.27234;0.27234;-0.272341;0.27234;0.170295;-0.133465;0.171688;-0.134486;0.168255;-0.134344;0.00402849;0.0130369;0.00568147;0.00277455;0.00543836;0.0174087;0;1;0;0.42657;0;1;
98;-0.244882;0.244882;-0.244882;0.244882;-0.244882;0.244882;0.210397;-0.188878;0.21121;-0.189484;0.209205;-0.189395;0.00235215;0.00761506;0.00331748;0.00162078;0.00317552;0.010168;0;1;0;0.426634;0;1;
