1;-0.000363588;0.000116064;9.94836e-05;-0.000363588;0.000116065;9.94839e-05;0.0349769;0.0347456;0.0352595;0.0349769;0.0347456;0.0352594;0.808667;0.808665;0.808666;0.808667;0.808665;0.808666;0;0;0;0;0;0;
2;0.00203132;-0.0308392;0.00229755;-0.00350875;-0.00181147;-0.00228248;0.152723;0.101513;0.112626;0.102491;0.105104;0.121493;0.472488;0.472355;0.47234;0.472366;0.472366;0.472363;0.872858;0.732084;0;1;1;1;
3;-0.0117781;-0.019215;-0.00600107;0.0110537;0.0140249;0.0113538;0.089285;0.0592003;0.127242;0.0597701;0.0614719;0.0828818;0.275953;0.275866;0.275885;0.27587;0.275874;0.275874;1;0.677702;0;0.0696913;0.633026;0.923231;
4;-0.00624282;-0.0118583;-0.0028696;0.00582031;0.00882551;0.00599639;0.0628882;0.04777;0.0742801;0.0349309;0.0358773;0.0801892;0.161164;0.161111;0.161118;0.161108;0.161114;0.161119;1;0.69937;0;0;0.569593;1;
5;-0.00276873;-0.00946956;-0.000799438;0.00252274;0.00603056;0.00262642;0.0673875;0.0353643;0.043123;0.0206534;0.0327402;0.0727293;0.0941257;0.0940927;0.0940928;0.0940858;0.0940937;0.0941013;1;0.878648;0.630549;0;0.824882;1;
6;0.0113527;-0.00805497;0.000640779;0.000365879;0.0046296;0.000426961;0.0710573;0.0217542;0.0245268;0.0127189;0.0354136;0.0559137;0.0549757;0.0549517;0.0549508;0.0549459;0.0549546;0.0549607;1;0.454752;0.64754;0.284381;0.646132;1;
7;0.00787383;-0.0059476;0.0016177;-0.00102952;0.00523742;0.000502354;0.0686133;0.0140041;0.0287138;0.00876826;0.0369964;0.0535173;0.0321123;0.0320914;0.0320932;0.032089;0.0320974;0.0321007;0.960164;0.298673;0.884087;0.332874;0.853155;1;
8;0.0060133;-0.00576407;0.00499625;0.00124415;-0.0128713;0.00272385;0.0719275;-0.00396339;0.0198601;0.0224011;0.0348667;0.0542287;0.0187597;0.0187412;0.0187445;0.0187416;0.0187468;0.0187509;0.785347;0.269295;0.835875;0.418148;0.508671;1;
9;0.00474979;-0.00390476;0.00345635;0.00138397;-0.00697887;0.00279111;0.0559155;-0.001775;0.0256845;0.0280449;0.0168311;0.0596795;0.0188061;0.0109445;0.0109493;0.0109472;0.0109494;0.0109544;1;0.0994602;0.965192;0.356503;0.534535;1;
10;0.00187917;-0.00138528;0.00112344;0.00601366;-0.00497049;0.00669784;0.0463389;0.00409085;0.0220556;0.0323136;0.0081789;0.0553646;0.0150224;0.00639121;0.00639702;0.0063952;0.00639584;0.00640076;0.940835;0;0.941761;0.416453;0.571158;1;
11;-0.00254803;0.00283686;-0.00298967;0.0135404;-0.00654834;0.0143058;0.0374086;0.0090944;0.0225324;0.0392681;0.00676775;0.0554522;0.0111871;0.00373214;0.00462286;0.00373716;0.00373676;0.00554395;0.759693;0;1;0.445748;0.601567;1;
12;-0.00978714;0.00995636;-0.0100453;0.0162077;-0.0121236;0.0202122;0.0309721;0.011022;0.0284004;0.0435961;0.00274419;0.0739501;0.0139816;0.00217931;0.0101642;0.00218504;0.00218377;0.0191566;1;0;1;0.455857;0.61404;1;
13;-0.0211729;0.0212725;-0.0213239;0.0249236;-0.0225382;0.0272627;0.0388456;0.0136797;0.0179422;0.0475488;-0.00507001;0.0745351;0.0129562;0.00127244;0.00746728;0.00609208;0.00127655;0.0207156;1;0;1;0.478818;0.558612;1;
14;-0.0378606;0.0379195;-0.0379491;0.0400521;-0.0386585;0.0414187;0.0452708;0.0085455;0.0305733;0.0461116;0.000144428;0.0829922;0.0153418;0.000742881;0.00977929;0.00656351;0.000747315;0.027466;1;0;0.953853;0.486544;0.615688;1;
15;-0.0601911;0.0602263;-0.0602431;0.0614721;-0.0606581;0.0622706;0.0571817;-0.00507805;0.0398883;0.03943;-0.00085891;0.0659572;0.0166993;0.000433833;0.00698578;0.00945074;0.000436838;0.0217983;1;0.230573;1;0.452967;0.427773;1;
16;-0.0866671;0.0866887;-0.0866976;0.0874163;-0.0869409;0.0878829;0.0690621;-0.0119131;0.0648689;0.0115983;0.0109324;0.0370745;0.00975648;0.000255008;0.00670954;0.00896469;0.000254777;0.0241461;0.896546;0.662712;0.952629;0.58221;0;1;
17;-0.113079;0.113093;-0.113097;0.113517;-0.113239;0.11379;0.0963748;-0.0194413;0.0955201;-0.0260994;0.0392614;-0.00818916;0.00569967;0.0161619;0.00391981;0.0068624;0.000148457;0.0222968;0.837491;1;0.537278;0.514421;0;1;
18;-0.132778;0.132787;-0.132788;0.133034;-0.132871;0.133193;0.117848;-0.0655083;0.117348;-0.0768037;0.0844935;-0.0663396;0.00332833;0.0288199;0.00228869;0.00401031;8.63585e-05;0.0130244;0;1;0;0.515444;0;1;
19;-0.138299;0.138305;-0.138305;0.138448;-0.138353;0.138542;0.156606;-0.126028;0.156314;-0.132634;0.137127;-0.126519;0.00194335;0.016835;0.00133613;0.0036915;5.00439e-05;0.00760786;0;1;0;0.504497;0;1;
20;-0.123559;0.123564;-0.123563;0.123647;-0.123591;0.123702;0.193581;-0.175714;0.193411;-0.179579;0.182206;-0.176006;0.0011345;0.00983327;0.000779822;0.00215737;2.87815e-05;0.00444319;0;1;0;0.510813;0;1;
21;-0.0843813;0.0843842;-0.0843835;0.0844326;-0.0843993;0.0844649;0.219373;-0.19392;0.219273;-0.211193;0.212729;-0.20454;0.000662147;0.0057425;0.000454951;0.00126099;1.62868e-05;0.00259426;0;1;0;0.529688;0;1;
22;-0.0173031;0.0173043;-0.0173044;0.0173332;-0.0173129;0.0173528;0.233132;-0.179007;0.233074;-0.226688;0.229252;-0.210135;0.00038615;0.00335458;0.000265234;0.000737359;9.00804e-06;0.00151621;0;1;0;0.460601;0;1;
23;0.0725458;-0.0725456;0.072545;-0.0725279;0.072541;-0.0725162;0.225639;-0.150807;0.226483;-0.200246;0.228176;-0.198657;0.000224986;0.00756422;0.000154425;0.000431744;4.70904e-06;0.00193912;0;1;0;0.752724;0;1;
24;0.159619;-0.159619;0.159618;-0.159607;0.159616;-0.159601;0.191357;-0.111393;0.193013;-0.163908;0.197389;-0.178141;0.0001309;0.0187548;8.97202e-05;0.00409573;2.14042e-06;0.00113296;0;1;0;1;0;1;
25;0.22249;-0.22249;0.22249;-0.222483;0.222489;-0.22248;0.169103;-0.065502;0.176496;-0.118787;0.188519;-0.147781;7.61179e-05;0.0217995;5.19319e-05;0.00625994;8.18578e-07;0.000661821;0;1;0;1;0;0.989887;
26;0.261127;-0.261128;0.261127;-0.261123;0.261127;-0.261121;0.153091;-0.0146616;0.157408;-0.0665732;0.164429;-0.0977668;4.4534e-05;0.0385932;2.98481e-05;0.0157487;-5.51536e-08;0.00038708;0.496496;1;0;1;0;1;
27;0.282492;-0.282492;0.282492;-0.282489;0.282492;-0.282489;0.119871;0.0147526;0.122387;-0.0194203;0.126487;-0.00306562;0.00889468;0.0225443;1.69584e-05;0.0200489;-4.96859e-07;0.014361;1;0.901796;0;0.842766;0;1;
28;0.292154;-0.292154;0.292154;-0.292152;0.292154;-0.292152;0.0689893;0.0418365;0.0695558;0.0519237;0.0719495;0.0945184;0.0275472;0.0131688;0.0181686;0.0224042;0.0280025;0.0360121;1;0.598413;1;0.47513;0.948734;1;
29;0.296431;-0.295444;0.300829;-0.293923;0.282807;-0.289843;-0.00398975;0.0687128;-0.00364879;0.0746038;0.000283108;0.113802;0.0160897;0.00769017;0.0241996;0.0130835;0.0336092;0.0210315;0.67454;0;1;0;1;0.426487;
30;0.285927;-0.28535;0.288496;-0.284462;0.277972;-0.282079;-0.0874003;0.125199;-0.0871908;0.12864;-0.0848955;0.151531;0.00939779;0.00449062;0.0141383;0.0076404;0.0196323;0.0122819;0.817876;0;1;0;1;0;
31;0.264638;-0.264302;0.266139;-0.263783;0.259994;-0.262391;-0.157399;0.179474;-0.157269;0.181483;-0.155927;0.194852;0.0054892;0.00262205;0.0082596;0.00446158;0.0114661;0.00717217;0.73662;0;1;0;1;0;
32;0.232548;-0.232351;0.233425;-0.232048;0.229836;-0.231235;-0.203981;0.216873;-0.203899;0.218047;-0.203114;0.225854;0.00320614;0.00153076;0.0048247;0.00260512;0.0066946;0.0041881;0.700427;0;1;0;1;0;
33;0.189981;-0.189866;0.190493;-0.189689;0.188398;-0.189214;-0.231423;0.238953;-0.231371;0.239638;-0.227922;0.244198;0.00187253;0.000893411;0.00281786;0.00152091;-0.0149956;0.00244537;0.719101;0;1;0;1;0;
34;0.134183;-0.134118;0.134483;-0.134013;0.133262;-0.133736;-0.245871;0.25027;-0.21456;0.25067;-0.178697;0.253332;0.00109355;0.000521224;0.00164582;0.000887706;-0.008757;0.00142754;0.683539;0;1;0;0.942059;0;
35;0.0593309;-0.0592934;0.0595064;-0.0592316;0.0587979;-0.0590699;-0.23904;0.249153;-0.212004;0.248964;-0.167101;0.249336;0.000638603;0.000303877;0.000961965;0.000517848;0.0285512;0.000833009;0.94134;0;1;0;1;0;
36;-0.0358323;0.0358538;-0.0357294;0.0358901;-0.0361395;0.0359845;-0.221566;0.227493;-0.206474;0.235306;-0.158917;0.235156;0.000372967;0.000176948;0.000562293;0.000301927;0.0166782;0.000485908;1;0;1;0;1;0;
37;-0.132157;0.13217;-0.132096;0.13219;-0.132333;0.132245;-0.186793;0.201794;-0.177021;0.196547;-0.130385;0.195993;0.000218347;0.000102808;0.00519411;0.000175936;0.0227594;0.000283231;0.83269;0;1;0;1;0;
38;-0.204989;0.204999;-0.204954;0.205009;-0.205089;0.205041;-0.135238;0.168299;-0.146173;0.173634;-0.0765309;0.174419;0.00582749;5.95398e-05;0.00303516;0.000102229;0.029164;0.000164845;1;0;1;0;1;0;
39;-0.250935;0.250942;-0.250915;0.250947;-0.250995;0.250966;-0.0851658;0.158237;-0.110654;0.161353;-0.0515887;0.161811;0.013614;3.42605e-05;0.0182873;5.9264e-05;0.0170345;9.58519e-05;1;0;0.686282;0;1;0;
40;-0.277071;0.277075;-0.277059;0.277078;-0.277108;0.277089;-0.0157938;0.130135;-0.0587602;0.131954;0.0351258;0.132222;0.0231289;1.94916e-05;0.0106819;3.42984e-05;0.0300534;5.56979e-05;1;0;0.938459;0;1;0;
41;-0.289944;0.289946;-0.289937;0.289948;-0.289967;0.289955;0.0551098;0.0840543;0.015576;0.0851163;0.0731996;0.0852711;0.0391636;0.015695;0.00624051;0.015359;0.029773;0.0107473;0.826743;0.530538;0.7451;0.219483;1;0.866386;
42;-0.293157;0.293159;-0.293153;0.29316;-0.29317;0.293164;0.0656669;0.0328835;0.0410272;0.0177782;0.0931374;0.0178795;0.0228717;0.0353895;0.00364443;0.00897111;0.0173874;0.0192594;0.0579897;1;0;0.312979;0;1;
43;-0.28714;0.287142;-0.287138;0.287141;-0.287148;0.287145;0.113646;-0.0560775;0.0992567;-0.0649136;0.129689;-0.0648433;0.0133566;0.0349566;0.00212802;0.00524037;0.0101538;0.0266275;0;1;0;0.427464;0;1;
44;-0.270063;0.270065;-0.270062;0.270064;-0.270068;0.270067;0.168964;-0.13533;0.16056;-0.140504;0.178333;-0.140452;0.00779973;0.0204204;0.00124236;0.00306102;0.00592937;0.0188315;0;1;0;0.433513;0;0.874179;
45;-0.241492;0.241492;-0.241491;0.241492;-0.241495;0.241494;0.210009;-0.190162;0.205101;-0.193387;0.21548;-0.193353;0.00455448;0.0192012;0.000724991;0.001788;0.0034623;0.0109965;0;1;0;0.48863;0;1;
46;-0.202302;0.202302;-0.202302;0.202303;-0.202304;0.202304;0.235126;-0.201428;0.23226;-0.225418;0.238322;-0.225396;0.00265929;0.0112146;0.000422886;0.001044;0.0020215;0.00641973;0;0.920602;0;0.489825;0;1;
47;-0.150864;0.150865;-0.150864;0.150865;-0.150865;0.150865;0.248596;-0.206749;0.246922;-0.242926;0.250462;-0.242911;0.00155242;0.00655027;0.000246317;0.000609273;0.00118005;0.00374632;0;0.896112;0;0.541224;0;1;
48;-0.0819838;0.0819847;-0.0819837;0.0819841;-0.0819846;0.0819847;0.250443;-0.186065;0.251519;-0.242556;0.250839;-0.219945;0.000906055;0.00382615;0.00014332;0.00035517;0.000688637;-0.00790271;0;1;0;0.549985;0;1;
49;0.00835609;-0.00835431;0.00835614;-0.00835589;0.00835494;-0.00835507;0.239266;-0.17653;0.239839;-0.228249;0.233067;-0.213518;0.000528545;0.00223589;8.31458e-05;0.000206899;0.000401606;-0.00461484;0;1;0;0.433146;0;1;
50;0.107335;-0.107332;0.107335;-0.107335;0.107333;-0.107334;0.211626;-0.142125;0.214436;-0.201888;0.211219;-0.20055;0.000308128;0.00410941;4.80336e-05;-0.00157522;0.00023402;-0.00269497;0;1;0;0.833246;0;1;
51;0.187852;-0.18785;0.187852;-0.187852;0.187851;-0.187852;0.186221;-0.114187;0.192989;-0.157621;0.177734;-0.170178;0.000179619;0.0214298;2.76757e-05;-0.000919421;0.000136081;-0.00157467;0;1;0;1;0;1;
52;0.240617;-0.24062;0.240617;-0.240616;0.240615;-0.240617;0.173994;0.00224807;0.177946;-0.0721116;0.139628;-0.122995;0.000104288;0.119696;1.57115e-05;0.0235751;7.92923e-05;-0.000919587;0;1;0;1;0;0.713628;
53;0.27144;-0.271446;0.27144;-0.271439;0.271438;-0.27144;0.146036;-0.00858093;0.148342;-0.034293;0.125963;-0.0707464;6.16784e-05;0.0699125;8.73367e-06;0.0261036;4.57433e-05;0.000106259;0.693547;1;0;0.808598;0;1;
54;0.287467;-0.287472;0.287466;-0.287465;0.287466;-0.287467;0.1032;0.0418544;0.103825;0.00890811;0.0907563;0.0520525;0.0223501;0.0408327;4.75418e-06;0.0152482;2.63354e-05;0.0249741;1;0.784666;0;0.838838;0;1;
55;0.29316;-0.293162;0.293159;-0.293157;0.293157;-0.293158;0.0403142;0.027008;0.040679;0.0537091;0.033045;0.10829;0.0212721;0.0238462;0.0246976;0.00890584;0.0254554;0.022332;1;0.0128895;0.926154;0.211483;0.70721;0.897019;
56;0.289814;-0.289815;0.292243;-0.289812;0.295907;-0.289813;-0.0405973;0.0799156;-0.0403773;0.0955092;-0.0448336;0.127387;0.0124252;0.0139257;0.016921;0.00520062;0.0148708;0.0130428;0.49638;0;1;0;1;0.227301;
57;0.275956;-0.275957;0.277375;-0.275955;0.279516;-0.275955;-0.121054;0.144016;-0.120915;0.153123;-0.123517;0.171739;0.00725698;0.0081322;0.0153303;0.00303681;0.00868681;0.00761652;0.756348;0;1;0;1;0;
58;0.250437;-0.250437;0.251266;-0.250436;0.252516;-0.250436;-0.18078;0.194191;-0.180692;0.199509;-0.182102;0.210381;0.00423876;0.00474882;0.00895551;0.00177296;0.0292546;0.00444752;0.682374;0;1;0;1;0;
59;0.214179;-0.21418;0.214664;-0.214179;0.215394;-0.214179;-0.218082;0.225915;-0.218025;0.229021;-0.179171;0.23537;0.00247572;0.00277286;0.00523083;0.00103487;0.01709;0.00259684;0.729439;0;1;0;1;0;
60;0.166496;-0.166497;0.16678;-0.166496;0.167207;-0.166496;-0.239108;0.243684;-0.222938;0.245498;-0.167575;0.249205;0.00144596;0.00161888;0.00305507;0.000603761;0.0246511;0.00151596;0.694046;0;1;0;1;0;
61;0.103062;-0.103063;0.103228;-0.103062;0.103478;-0.103062;-0.242785;0.251897;-0.222196;0.252956;-0.167939;0.253047;0.00084418;0.00094493;0.00178454;0.000352029;0.0219244;0.000884717;0.784917;0;1;0;1;0;
62;0.0184129;-0.0184145;0.0185119;-0.0184142;0.0186586;-0.0184143;-0.227761;0.239731;-0.217017;0.24299;-0.16051;0.242699;0.000492866;0.000551335;0.00104271;0.000205018;0.0199681;0.000516049;1;0;1;0;1;0;
63;-0.080892;0.0808905;-0.0808325;0.08089;-0.0807466;0.08089;-0.197685;0.214257;-0.197408;0.222214;-0.144188;0.221472;0.00028833;0.0003215;0.000609732;0.000119214;0.0265364;0.000300792;1;0;1;0;0.939332;0;
64;-0.168495;0.168493;-0.168458;0.168492;-0.168409;0.168492;-0.170214;0.182532;-0.176585;0.198668;-0.142601;0.196221;0.0101567;0.000187174;0.00922696;6.92086e-05;0.0154967;0.000175178;1;0;0.945009;0;1;0;
65;-0.228616;0.228616;-0.228594;0.228614;-0.228567;0.228614;-0.112274;0.145356;-0.140658;0.186291;-0.0769216;0.184862;0.00593387;-0.0028321;0.00538966;3.99937e-05;0.00905163;0.000101922;1;0;1;0;1;0;
66;-0.264691;0.264692;-0.264679;0.26469;-0.264664;0.26469;-0.0614812;0.135528;-0.0885456;0.159434;-0.0173457;0.1586;0.013842;-0.00165442;0.00314901;2.29438e-05;0.0146185;5.91239e-05;1;0;1;0;1;0;
67;-0.284217;0.284216;-0.284209;0.284215;-0.284201;0.284216;0.0215242;0.104703;0.00345746;0.118668;0.0371737;0.118177;0.042425;-0.000966665;0.0199836;0.0200882;0.0457285;3.42269e-05;1;0;1;0.575129;1;0;
68;-0.292489;0.292489;-0.292484;0.292487;-0.29248;0.292489;0.0564943;0.0524993;0.0743184;0.0606522;0.0594062;0.0603683;0.0247789;0.0172894;0.0382936;0.0117334;0.0267088;0.022611;0.472526;0.747069;0.506691;0.417874;0.43052;0.976254;
69;-0.2918;0.302972;-0.292552;0.284282;-0.29168;0.297828;0.0850911;-0.021423;0.0955002;-0.0166774;0.0867916;-0.0168313;0.0144704;0.0337784;0.0223628;0.00685331;0.0155974;0.0182499;0;0.983208;0;0.482395;0;1;
70;-0.281008;0.287532;-0.281447;0.276617;-0.280938;0.284528;0.140078;-0.102884;0.146157;-0.100124;0.141071;-0.100206;0.00845028;0.0197317;0.0130594;0.0040033;0.00910844;0.010661;0;1;0;0.533752;0;0.93607;
71;-0.258616;0.262427;-0.258873;0.256052;-0.258575;0.260673;0.18991;-0.168179;0.19346;-0.166576;0.19049;-0.166618;0.00493448;0.0115256;0.00762615;0.00233827;0.00531886;0.00622672;0;1;0;0.457061;0;1;
72;-0.225234;0.22746;-0.225384;0.223737;-0.22521;0.226437;0.22323;-0.21053;0.225303;-0.209601;0.223569;-0.209623;0.00288124;0.00673107;0.00445314;0.00136672;0.00310571;0.00363569;0;1;0;0.460502;0;1;
73;-0.180962;0.182261;-0.181049;0.180087;-0.180947;0.181664;0.242486;-0.205011;0.243697;-0.234525;0.242684;-0.227189;0.00168219;0.00393003;0.00260011;0.000799684;0.00181316;0.00212239;0;1;0;0.44912;0;1;
74;-0.122479;0.123237;-0.12253;0.121968;-0.122469;0.122889;0.251928;-0.202633;0.252635;-0.241516;0.252043;-0.227043;0.000981922;0.00229449;0.0015179;0.000468318;0.00105829;0.00123972;0;1;0;0.504007;0;1;
75;-0.0439014;0.044343;-0.0439314;0.0436032;-0.0438942;0.0441413;0.246747;-0.187155;0.246599;-0.227796;0.246674;-0.220545;0.00057297;0.00133954;0.000885997;0.00027533;0.000617416;0.000724161;0;1;0;0.582674;0;1;
76;0.0534437;-0.0531885;0.0534261;-0.0536174;0.0534511;-0.0533034;0.232559;-0.165331;0.230601;-0.201919;0.222982;-0.209941;0.000334175;0.000782524;0.000516904;0.00209622;0.000359971;0.000423301;0;1;0;0.634562;0;1;
77;0.146919;-0.146773;0.146908;-0.147019;0.146926;-0.146837;0.200236;-0.138389;0.191993;-0.172515;0.19676;-0.181812;0.000194893;0.00804521;0.000301639;0.0120326;0.000209704;0.000247775;0;1;0;0.751048;0;1;
78;0.214773;-0.21469;0.214767;-0.214832;0.214779;-0.214725;0.156166;-0.0708991;0.167465;-0.131813;0.161546;-0.136195;0.000113246;0.0266187;0.000175573;0.00702762;0.000121921;0.00111911;0;1;0;0.818905;0;1;
79;0.256701;-0.256653;0.256697;-0.256736;0.256704;-0.256672;0.147316;-0.0292702;0.154256;-0.0807785;0.1508;-0.108881;6.5637e-05;0.0258285;0.000102113;0.004106;7.07828e-05;0.000655023;0;1;0;0.806083;0;1;
80;0.280129;-0.280102;0.280127;-0.280151;0.280131;-0.280113;0.119247;0.0506279;0.123298;-0.000261242;0.12128;-0.0332904;0.00991857;0.049844;5.92676e-05;0.0160186;4.09251e-05;0.00284961;0.793874;1;0;0.93384;0;1;
81;0.291149;-0.291133;0.291148;-0.291162;0.29115;-0.291139;0.0714977;0.0581769;0.0738636;0.0573156;0.072684;0.0548932;0.00992242;0.0291152;0.012684;0.0240788;0.0205443;0.0293299;0.688707;0.819972;0.803472;0.784251;0.535634;0.890779;
82;0.292812;-0.292803;0.292812;-0.292821;0.305539;-0.292807;0.00204901;0.0736829;0.00344;0.0731796;0.0194827;0.0717663;0.00579677;0.017003;0.0221378;0.0140616;0.0568278;0.0171289;0.492324;0;1;0;0.893099;0.299256;
83;0.285021;-0.285016;0.285021;-0.285026;0.292454;-0.285018;-0.0804565;0.124685;-0.079633;0.124391;-0.0702579;0.123565;0.00338674;0.00992936;0.0200916;0.00821151;0.0476635;0.0100028;0.79618;0;1;0;1;0;
84;0.265888;-0.265886;0.265889;-0.265892;0.270231;-0.265888;-0.152111;0.177942;-0.151623;0.17777;-0.146141;0.177288;0.00332388;0.00579832;0.0117364;0.00479509;0.0278443;0.00584112;0.622501;0;1;0;1;0;
85;0.235439;-0.235438;0.23544;-0.235442;0.237977;-0.23544;-0.200674;0.21576;-0.200384;0.21566;-0.189615;0.215379;0.00194257;0.00338575;0.00685525;0.00279989;0.0162672;0.00341069;0.691291;0;1;0;0.850727;0;
86;0.194343;-0.194342;0.194344;-0.194345;0.195826;-0.194344;-0.229573;0.238386;-0.220579;0.238327;-0.17761;0.238163;0.00113586;0.00197678;0.00766131;0.00163462;0.0169687;0.00199129;0.780829;0;1;0;1;0;
87;0.140327;-0.140326;0.140328;-0.140328;0.141192;-0.140328;-0.244956;0.250156;-0.228109;0.250122;-0.214656;0.250026;0.000664481;0.0011538;0.00447468;0.000954187;0.00990701;0.0011624;1;0;1;0;1;0;
88;0.0677872;-0.0677845;0.0677882;-0.0677882;0.0682907;-0.0677879;-0.233175;0.250815;-0.224171;0.249906;-0.203293;0.249091;0.000389392;0.000673181;0.00261326;0.000556825;0.00578232;0.000678413;1;0;1;0;1;0;
89;-0.0257013;0.0257067;-0.0257006;0.0257008;-0.0254114;0.0257009;-0.206356;0.231107;-0.218628;0.236872;-0.187824;0.236019;0.000228655;0.000392497;0.00152619;0.000324767;0.00326627;0.000395736;0.949595;0;1;0;1;0;
90;-0.123245;0.123252;-0.123244;0.123244;-0.12308;0.123244;-0.197827;0.20496;-0.192371;0.207516;-0.149621;0.204254;0.000133394;0.00022861;0.000891584;0.000189228;-0.00834244;0.000230678;1;0;1;0;1;0;
91;-0.198936;0.198942;-0.198936;0.198936;-0.198843;0.198936;-0.142967;0.168992;-0.162775;0.17142;-0.114294;0.166937;7.87586e-05;0.000132949;0.000521434;0.000110242;-0.0048719;0.000134288;1;0;1;0;1;0;
92;-0.247322;0.247327;-0.247322;0.247322;-0.247269;0.247322;-0.0949771;0.160625;-0.122752;0.162042;-0.0616752;0.150981;0.0102338;7.7158e-05;0.000305546;6.3862e-05;-0.0361246;7.81205e-05;1;0;0.903512;0;1;0;
93;-0.275121;0.275123;-0.27512;0.27512;-0.275091;0.27512;-0.0205765;0.134059;-0.0676842;0.134887;0.0183031;0.128427;0.0329342;4.45441e-05;0.0003204;3.69967e-05;-0.0210942;4.52758e-05;1;0;1;0;1;0;
94;-0.289119;0.28912;-0.289119;0.289117;-0.289101;0.289119;0.0314568;0.0898072;0.0618665;0.0902997;0.0432461;0.0865206;0.019239;2.56296e-05;0.0412881;0.0238195;0.0417175;0.00727711;1;0;1;0.55059;1;1;
95;-0.293237;0.293238;-0.293237;0.293235;-0.293227;0.305686;0.053168;0.0249991;0.107999;0.0252876;0.0527114;0.0230782;0.011236;0.0172381;0.0241168;0.0251663;0.0243626;0.0141278;0;0.892247;0.98048;0.672795;0;1;
96;-0.288223;0.2888;-0.288223;0.288221;-0.288217;0.295493;0.102372;-0.0567098;0.134395;-0.0565519;0.102105;-0.0578337;0.00656146;0.0179269;0.0140847;0.0147;0.0142273;0.0363722;0;1;0.291825;0.473662;0;1;
97;-0.27234;0.272678;-0.27234;0.272339;-0.272336;0.276584;0.160632;-0.133952;0.179333;-0.133872;0.160476;-0.13461;0.00383163;0.0211295;0.00822501;0.0085859;0.00830814;0.0274719;0;1;0;0.357319;0;1;
98;-0.244882;0.245081;-0.244882;0.244882;-0.24488;0.24736;0.204753;-0.189163;0.215675;-0.189125;0.204662;-0.189551;0.00223725;0.0185031;0.00480295;0.00501491;0.00485154;0.0160451;0;1;0;0.352693;0;1;
