1;-0.000363587;0.000116064;9.94837e-05;-0.000363587;0.000116064;9.94835e-05;0.0349768;0.0347454;0.0352593;0.034977;0.0347457;0.0352596;0.808667;0.808665;0.808666;0.808667;0.808665;0.808666;0;0;0;0;0;0;
2;-0.000937178;0.000344048;-0.00975989;-0.00212641;0.00102914;-0.000164165;0.186474;0.185976;0.192652;0.183946;0.187214;0.19115;0.472586;0.472584;0.472609;0.472581;0.472591;0.472606;0.441864;0.357589;0.179214;0.34808;0.332838;0.275888;
3;0.000999995;9.45467e-05;-0.00527463;-0.00191927;0.000766348;-0.00080184;0.10899;0.10853;0.112599;0.107345;0.109422;0.113471;0.276008;0.276007;0.276023;0.276006;0.276011;0.276022;1;1;1;0.951488;1;1;
4;0.00121881;-0.000579724;-0.00244547;-0.00180636;0.00109006;-0.00110306;0.0636286;0.0642434;0.0657365;0.0627218;0.0638801;0.0663002;0.161195;0.161194;0.161204;0.161193;0.161196;0.161203;0.984668;1;1;0.656847;0.825865;1;
5;0.00158793;-0.0012147;-0.000551948;-0.00193106;0.00151277;-0.00152032;0.0369088;0.0377775;0.0381448;0.0368895;0.0370553;0.03898;0.0941411;0.0941398;0.0941468;0.09414;0.0941415;0.0941461;0.829521;0.631721;1;0.477421;0.692861;1;
6;0.00203477;-0.00181678;0.000785134;-0.00223513;0.0019909;-0.00199526;0.0315934;0.0331223;0.0365374;0.0273345;0.0314983;0.0366474;0.054981;0.05498;0.0549846;0.05498;0.0549813;0.0549841;1;0.790728;1;0.716363;0.773704;1;
7;0.00243165;-0.00230432;0.00170184;-0.00245634;0.00240599;-0.00240854;0.0317561;0.0326203;0.0307088;0.0306213;0.0307313;0.0316213;0.0321117;0.0321109;0.0321139;0.0321108;0.032112;0.0321131;1;0.879629;0.951342;0.761974;0.76043;0.992606;
8;0.00341808;-0.00247932;0.00212749;-0.00244709;0.00275455;-0.00254017;0.0256497;0.0295604;0.0279005;0.0298479;0.029171;0.0333062;0.0187557;0.0187549;0.0187575;0.0187548;0.0187564;0.0187567;1;0.601959;1;0.765342;0.786851;1;
9;0.00253457;-0.00198632;0.00178086;-0.00196746;0.00214707;-0.00202184;0.0220148;0.0292299;0.0274784;0.0299277;0.0287099;0.03642;0.0109561;0.0109548;0.0109574;0.0109549;0.010957;0.0109563;0.938655;0.452032;1;0.742812;0.824261;1;
10;0.000584949;-0.000264746;0.000144804;-0.000253695;0.000358667;-0.000285478;0.021173;0.0297416;0.0243454;0.0333295;0.0287508;0.0374533;0.00640117;0.00639924;0.00640222;0.00639959;0.00640235;0.00640076;0.886147;0.578453;1;0.73813;0.870515;0.962487;
11;-0.00330441;0.00349143;-0.00356148;0.00349792;-0.00343656;0.00347934;0.0189723;0.0299475;0.0217395;0.035775;0.028101;0.0396465;0.00374121;0.00373852;0.00506884;0.00373915;0.00696729;0.00374024;0.777746;0.5308;1;0.704165;0.91306;0.938058;
12;-0.0102295;0.0103387;-0.0103797;0.0103426;-0.0103067;0.0103317;0.0167413;0.0303542;0.020036;0.037491;0.027605;0.0419982;0.00385449;0.00218443;0.00649761;0.00218538;0.00790208;0.00218638;1;0.498245;1;0.6596;0.947212;0.915022;
13;-0.021432;0.0214958;-0.0215197;0.0214981;-0.0214771;0.0214918;0.016628;0.0306589;0.0188808;0.0388206;0.0272608;0.0423246;0.00420305;0.00127677;0.0052305;0.00127795;0.00877986;0.00127884;1;0.490478;1;0.618549;0.951511;0.897004;
14;-0.0380127;0.03805;-0.0380639;0.0380514;-0.038039;0.0380476;0.0186747;0.0302381;0.0207475;0.0364289;0.0274869;0.0396581;0.00514528;0.00074704;0.00570272;0.000748159;0.00833791;0.000749023;1;0.539347;1;0.566463;0.906703;0.930262;
15;-0.0602808;0.0603025;-0.0603107;0.0603034;-0.0602961;0.0603012;0.0248575;0.027511;0.0289654;0.0263921;0.0281293;0.0314596;0.00300743;0.00612918;0.0054198;0.00148632;0.00487221;0.0044881;0.880865;0.667418;0.944665;0.529525;0.765904;1;
16;-0.0867203;0.086733;-0.0867378;0.0867336;-0.0867292;0.0867323;0.045323;0.02606;0.0504433;0.0101959;0.0366857;0.0180266;0.00175781;0.0171198;0.0031673;0.0060664;0.00284606;0.0140895;0.602418;1;1;0.588873;0.533912;1;
17;-0.11311;0.113117;-0.11312;0.113118;-0.113116;0.113117;0.0593459;0.0136027;0.062338;-0.0269176;0.0543013;-0.0223425;0.00102643;0.0240393;0.00185051;0.00517;0.00166175;0.00823241;0.277481;1;0.794011;0.664822;0;1;
18;-0.132796;0.1328;-0.132802;0.1328;-0.132799;0.1328;0.0962227;-0.0482374;0.09797;-0.0772816;0.0932767;-0.0746037;0.000599025;0.0389112;0.00108031;0.0045014;0.000970104;0.0101848;0;1;0;0.788446;0;1;
19;-0.138309;0.138312;-0.138313;0.138312;-0.138311;0.138311;0.143977;-0.115941;0.144997;-0.132913;0.142257;-0.131344;0.000349438;0.027502;0.000630505;0.00660324;0.000566127;0.00595071;0;1;0;0.497427;0;1;
20;-0.123565;0.123567;-0.123567;0.123566;-0.123566;0.123566;0.186206;-0.169822;0.186802;-0.179743;0.185201;-0.178823;0.000203644;0.016064;0.000367771;0.00385711;0.000330168;0.00347665;0;1;0;0.711049;0;1;
21;-0.0843843;0.0843859;-0.0843855;0.0843851;-0.0843849;0.0843851;0.215066;-0.193626;0.215414;-0.211289;0.214479;-0.210749;0.000118478;0.00938221;0.000214316;0.00225285;0.000192324;0.00203078;0;1;0;0.640398;0;1;
22;-0.0173041;0.0173055;-0.0173048;0.0173046;-0.0173044;0.0173045;0.230616;-0.189913;0.23082;-0.228409;0.230274;-0.217151;6.86913e-05;0.00547886;0.000124658;0.00131564;0.000111797;0.00118594;0;1;0;0.704663;0;1;
23;0.0725456;-0.0725441;0.0725452;-0.0725454;0.072546;-0.0725454;0.22634;-0.167807;0.227096;-0.212298;0.229615;-0.206486;3.96836e-05;0.00319948;7.22854e-05;0.000768252;6.47418e-05;0.000692888;0;1;0;0.733852;0;1;
24;0.159618;-0.159618;0.159618;-0.159618;0.159619;-0.159618;0.188306;-0.134418;0.188472;-0.175394;0.197803;-0.183572;2.28891e-05;0.00438597;4.19487e-05;-0.00780388;3.73322e-05;-0.00194066;0;1;0;0.816869;0;1;
25;0.222489;-0.222489;0.222489;-0.222489;0.22249;-0.222489;0.180462;-0.0734626;0.188908;-0.127699;0.163265;-0.145288;1.3057e-05;0.0931364;2.41522e-05;-0.00455623;2.12703e-05;0.00568864;0;1;0;0.604558;0;0.609212;
26;0.261127;-0.382078;0.261127;-0.261127;0.261127;-0.261127;0.159727;0.043519;0.164656;-0.0369656;0.126014;-0.0633635;0.009243;0.225094;1.35869e-05;0.0472066;1.1872e-05;0.0522776;1;0;0;1;0;1;
27;0.282492;-0.353127;0.282492;-0.282491;0.282492;-0.282492;0.146855;0.10961;0.146386;-0.00582152;0.104053;0.000622136;0.0356585;0.13152;0.0355329;0.0275741;6.61847e-06;0.030533;1;1;1;0.72317;0;0.885508;
28;0.292154;-0.333404;0.292154;-0.292153;0.292154;-0.292154;0.0838462;0.0659406;0.0835718;0.0561306;0.0588487;0.0468391;0.0208276;0.0768123;0.0207541;0.0161082;0.0364829;0.0178361;0.642252;0.454332;0.486171;0.52646;0.495642;0.956981;
29;0.292782;-0.31682;0.29273;-0.29273;0.291698;-0.29273;0.00468925;0.08279;0.00453493;0.0770614;-0.00990087;0.0716379;0.0121665;0.0448578;0.0190727;0.00940716;0.0281123;0.0104176;0.513551;0;1;0;1;0.105135;
30;0.283795;-0.297834;0.283766;-0.283765;0.283776;-0.283765;-0.0823331;0.13342;-0.0824073;0.130075;-0.0896732;0.126907;0.00710613;0.0261964;0.0366438;0.00549336;0.0415998;0.00608335;0.357049;0;1;0;1;0;
31;0.263393;-0.271592;0.263376;-0.263376;0.263383;-0.263376;-0.154437;0.184275;-0.151349;0.18232;-0.158716;0.180471;0.00415121;0.0152987;0.080975;0.00318949;0.0296976;0.00355245;0.211656;0;1;0;1;0;
32;0.231822;-0.23661;0.231813;-0.231812;0.231817;-0.231812;-0.202251;0.219676;-0.0955641;0.218534;-0.170318;0.217453;0.00242456;0.00893415;0.0498683;0.00186216;0.0160472;0.00207388;0;0;1;0;1;0;
33;0.189556;-0.192354;0.189553;-0.189551;0.189556;-0.189551;-0.230412;0.240589;-0.167133;0.239923;-0.205781;0.239292;0.00141574;0.00521691;0.0470332;0.00108709;0.00937284;0.00121095;1;0;1;0;1;0;
34;0.133936;-0.135569;0.133933;-0.133932;0.133936;-0.133933;-0.240709;0.251225;-0.20832;0.250836;-0.198363;0.250467;0.000826458;0.00304606;0.027469;0.000634356;0.00547295;0.000706593;1;0;1;0;1;0;
35;0.0591861;-0.0601404;0.0591849;-0.0591842;0.059187;-0.0591843;-0.237587;0.249941;-0.22549;0.247839;-0.194555;0.247762;0.000482246;0.00177833;0.0160419;0.000369985;0.00319572;0.000412154;1;0;1;0;1;0;
36;-0.035917;0.0353596;-0.0359176;0.035918;-0.0359159;0.035918;-0.221616;0.229042;-0.211663;0.23446;-0.172116;0.235476;0.000281496;0.00103795;0.00936862;0.000215521;0.00186596;0.000240143;1;0;1;0;1;0;
37;-0.132207;0.131881;-0.132207;0.132208;-0.132206;0.132207;-0.184658;0.201796;-0.191569;0.19883;-0.14356;0.201702;-0.0075024;0.000605658;0.00547174;0.000125609;0.00804022;0.000139994;1;0;1;0;1;0;
38;-0.20502;0.20483;-0.20502;0.20502;-0.20502;0.20502;-0.137208;0.164547;-0.15513;0.169755;-0.0868015;0.171686;-0.00438013;0.000353145;0.00319639;7.27451e-05;0.016883;-0.00188088;1;0;1;0;1;0;
39;-0.250954;0.250843;-0.250954;0.250955;-0.250955;0.250954;-0.0816011;0.156046;-0.116034;0.159087;-0.0283713;0.160215;0.0141354;0.000205774;0.00301613;4.20747e-05;0.0225912;-0.00109882;1;0;0.891437;0;1;0;
40;-0.277083;0.277018;-0.277083;0.277083;-0.277085;0.277083;0.0040672;0.128855;-0.0505775;0.130632;0.0299456;0.13129;0.0416588;0.000119716;0.0144652;0.00309143;0.0384276;-0.000642094;1;0;1;0.762471;1;0;
41;-0.289951;0.289913;-0.289951;0.289951;-0.289953;0.289951;0.0504397;0.0833035;0.0484766;0.0843463;0.0584613;0.0847279;0.0243355;6.98088e-05;0.0230787;0.00496619;0.0323405;0.0316974;1;0.485019;1;0.347162;1;0.628329;
42;-0.293161;0.286594;-0.293161;0.293161;-0.293162;0.285794;0.0633262;0.0224118;0.0949327;0.0173317;0.0887065;0.0189361;0.0142123;0.0313862;0.0134794;0.0090726;0.0188869;0.0371128;0.430853;1;0.680438;0.496643;0;1;
43;-0.287142;0.281566;-0.287142;0.287142;-0.287143;0.28284;0.112279;-0.0621926;0.130737;-0.0651742;0.127101;-0.0642265;0.00829951;0.0402661;0.00787145;0.00529987;0.0110294;0.0216803;0;1;0;0.443143;0;1;
44;-0.270065;0.266809;-0.270065;0.270064;-0.270065;0.267552;0.168165;-0.12509;0.178945;-0.140655;0.176821;-0.140095;0.00484646;0.074811;0.0045965;0.00309614;0.00644089;0.0126646;0;0;0;0.304695;0;1;
45;-0.241493;0.284767;-0.241493;0.241493;-0.241494;0.240026;0.209541;-0.125019;0.215836;-0.193475;0.214596;-0.167381;0.00283008;-0.0399186;0.00268386;0.00180863;0.00376072;0.0248667;0;0.734801;0;0;0;1;
46;-0.202303;0.227574;-0.202303;0.202304;-0.202304;0.201446;0.234853;-0.178773;0.23853;-0.22424;0.237805;-0.210227;0.00165217;-0.0233088;0.00156698;0.00105662;0.0021958;0.014523;0;1;0;0.420443;0;1;
47;-0.150865;0.165624;-0.150865;0.150865;-0.150865;0.150364;0.248437;-0.212882;0.250584;-0.242237;0.250161;-0.232025;0.000964341;-0.0136121;0.000914619;0.000616843;0.00128182;0.0084816;0;1;0;0.859384;0;1;
48;-0.0819843;0.0906041;-0.0819843;0.0819843;-0.0819844;0.081692;0.249394;-0.195608;0.248013;-0.243337;0.249807;-0.221071;0.000562686;-0.00795099;0.000533543;0.000359849;0.000747993;0.00495318;0;1;0;0.819199;0;1;
49;0.00835553;-0.00332122;0.00835548;-0.00835514;0.00835557;-0.00852624;0.239497;-0.184838;0.240159;-0.229915;0.235838;-0.216135;0.000328064;-0.0046438;0.000311089;0.000209837;0.000436272;0.00289262;0;1;0;1;0;1;
50;0.107334;-0.104394;0.107334;-0.107333;0.107334;-0.107434;0.215043;-0.152588;0.213901;-0.201213;0.213122;-0.197309;0.000191066;-0.00271206;0.000181141;-0.00795347;0.000254229;0.00168966;0;1;0;1;0;1;
51;0.187852;-0.186135;0.187852;-0.187851;0.187852;-0.18791;0.174125;-0.113902;0.173382;-0.147049;0.176883;-0.171154;0.000111308;0.00971639;0.000105492;-0.00464366;0.000147948;-0.00321922;0;1;0;0.979024;0;1;
52;0.240617;-0.239615;0.240617;-0.240616;0.240616;-0.240651;0.154673;-0.0484831;0.140941;-0.0907921;0.168541;-0.124539;6.45651e-05;0.0279928;6.13084e-05;0.017168;8.59069e-05;-0.001879;0;1;0;1;0;1;
53;0.27144;-0.270856;0.27144;-0.27144;0.27144;-0.27146;0.13475;0.0215362;0.12673;-0.027125;0.142849;-0.0743411;3.72709e-05;0.0295895;3.53024e-05;0.0211066;4.96623e-05;0.00417371;0;1;0;1;0;1;
54;0.287466;-0.287126;0.287466;-0.287467;0.287466;-0.287478;0.0958929;0.0582401;0.0912048;0.0308353;0.100617;0.0267912;0.00778953;0.0343069;2.05338e-05;0.0410296;2.85526e-05;0.0324079;1;1;0.538772;1;0;1;
55;0.293158;-0.29296;0.293158;-0.293159;0.293158;-0.293165;0.0360436;0.0815013;0.0408848;0.0753849;0.0388078;0.0821313;0.0173629;0.0200366;0.0312317;0.0239631;0.0272989;0.0189298;0.644992;0;1;0.107109;1;0.762077;
56;0.289813;-0.289697;0.282002;-0.289813;0.272631;-0.289817;-0.0430923;0.11174;-0.0402544;0.108168;-0.0414632;0.112108;0.0101417;0.0117008;0.0266735;0.0139939;0.0374575;0.0110545;0.620407;0;1;0;1;0;
57;0.275955;-0.275887;0.271394;-0.275955;0.265921;-0.275957;-0.12251;0.162601;-0.120844;0.160515;-0.121547;0.162816;0.00592397;0.00683283;0.0155816;0.00817197;0.0253005;0.00645536;0.745098;0;1;0;1;0;
58;0.250436;-0.250396;0.247772;-0.250436;0.244576;-0.250437;-0.18163;0.205045;-0.180652;0.203826;-0.181058;0.20517;0.00346031;0.00398989;0.00910141;0.00477192;0.0147786;0.00376943;1;0;1;0;1;0;
59;0.214179;-0.214156;0.212623;-0.214179;0.210757;-0.21418;-0.218578;0.232253;-0.218002;0.231542;-0.211722;0.232327;0.00202102;0.00232955;0.00531555;0.0027863;0.00863062;0.00220085;0.844176;0;1;0;1;0;
60;0.166496;-0.166482;0.165587;-0.166496;0.164498;-0.166496;-0.239398;0.247385;-0.23161;0.24697;-0.206272;0.247428;0.00118016;0.0013599;0.00310388;0.00162666;0.00503922;0.00128477;0.930476;0;1;0;1;0;
61;0.103062;-0.103054;0.102531;-0.103062;0.101895;-0.103062;-0.227751;0.252005;-0.227534;0.253816;-0.202237;0.253734;-0.01577;0.000793621;0.00181241;0.000949433;0.00294191;0.000749768;1;0;1;0;1;0;
62;0.018414;-0.0184094;0.0181043;-0.0184141;0.0177331;-0.0184143;-0.232105;0.242426;-0.222496;0.242321;-0.186982;0.24019;-0.00920998;0.000462894;0.0010583;0.000553928;0.00171738;0.000437311;1;0;1;0;1;0;
63;-0.0808904;0.0808933;-0.0810712;0.0808903;-0.0812879;0.0808902;-0.207873;0.219128;-0.206578;0.223564;-0.159384;0.224897;-0.00537858;0.000269769;0.000618263;0.000323014;0.00100302;0.000254871;1;0;1;0;1;0;
64;-0.168493;0.168495;-0.168598;0.168493;-0.168725;0.168493;-0.165457;0.182648;-0.179726;0.199847;-0.122759;0.208792;-0.00314039;-0.000137637;-0.0107453;0.000188295;0.00440014;0.000148426;1;0;1;0;1;0;
65;-0.228615;0.228616;-0.228677;0.228615;-0.228752;0.228615;-0.113577;0.143728;-0.140269;0.186979;-0.0621102;0.192203;0.0121195;-8.0914e-05;-0.00627449;0.00010942;0.0180688;8.6181e-05;1;0;1;0;1;0;
66;-0.264691;0.264692;-0.264727;0.264691;-0.264772;0.264691;-0.0513447;0.134578;-0.0933979;0.159836;-0.00352269;0.162887;0.0238283;-4.77085e-05;-0.00366301;6.34878e-05;0.0321303;4.99235e-05;1;0;0.795824;0;1;0;
67;-0.284218;0.284217;-0.284237;0.284216;-0.284265;0.284216;0.0303585;0.104148;-0.0139491;0.118902;0.0393133;0.120681;0.0362884;-2.83589e-05;0.0261548;0.0136418;0.0249083;2.88221e-05;1;0;1;0.291346;1;0;
68;-0.292489;0.292489;-0.292501;0.292488;-0.292517;0.292489;0.0812012;0.0527821;0.0803646;0.0607902;0.0735166;0.0618305;0.0211958;0.023415;0.0318881;0.0079701;0.0179321;0.0289238;0.783015;1;0.791984;0.644229;0.397752;0.897229;
69;-0.291686;0.277337;-0.291687;0.291685;-0.291728;0.281247;0.0995198;-0.00898046;0.0990316;-0.0165958;0.095032;-0.0159778;0.0123778;0.0419167;0.0186222;0.00713165;0.0104718;0.0337537;0;1;0;0.3753;0;1;
70;-0.280941;0.272562;-0.280942;0.28094;-0.280966;0.274844;0.148504;-0.0956145;0.148219;-0.100076;0.145884;-0.0997055;0.00722815;0.0429927;0.0108749;0.0041663;0.00611513;0.0197175;0;1;0;0.540321;0;1;
71;-0.258577;0.253684;-0.258578;0.258577;-0.258592;0.255017;0.194831;-0.163931;0.194665;-0.166548;0.193301;-0.166325;0.00422076;0.0251125;0.00635042;0.00243403;0.00357077;0.0115175;0;1;0;0.496433;0;1;
72;-0.225212;0.222354;-0.225212;0.225211;-0.22522;0.223132;0.226104;-0.208049;0.226007;-0.209585;0.22521;-0.20945;0.00246442;0.0146665;0.00370814;0.00142185;0.00208481;0.00672697;0;1;0;0.555383;0;1;
73;-0.180948;0.179279;-0.180948;0.180948;-0.180953;0.179734;0.244165;-0.210559;0.244108;-0.234517;0.243643;-0.233465;0.00143871;0.00856433;0.00216504;0.000830363;0.00121698;0.00392835;0;1;0;0.602212;0;1;
74;-0.12247;0.121496;-0.12247;0.122469;-0.122473;0.121761;0.252908;-0.204591;0.252874;-0.247272;0.252603;-0.227478;0.000839677;0.00500059;0.00126383;0.000484694;0.000710142;0.0022939;0;1;0;0.604618;0;1;
75;-0.0438947;0.0433264;-0.0438948;0.0438946;-0.0438964;0.0434806;0.245655;-0.193438;0.245757;-0.236135;0.246606;-0.223298;0.00048987;0.00291952;0.000737557;0.000282765;0.000414144;0.00133951;0;1;0;0.690134;0;1;
76;0.0534501;-0.0537818;0.0534501;-0.0534502;0.0534494;-0.0536919;0.231962;-0.169077;0.231922;-0.216629;0.226016;-0.209311;0.000285566;0.00170457;0.00043019;0.000165117;0.000241276;0.000782421;0;1;0;0.738893;0;1;
77;0.146925;-0.147119;0.146925;-0.146925;0.146925;-0.147066;0.209484;-0.137112;0.208882;-0.177043;0.192611;-0.186369;0.000166421;0.00608631;0.000250881;-0.0103718;0.000140388;-0.00153364;0;1;0;0.904165;0;1;
78;0.214778;-0.214892;0.214778;-0.214778;0.214778;-0.214861;0.197397;-0.0779403;0.197045;-0.128481;0.157353;-0.152647;9.66198e-05;0.0145102;0.000145939;-0.00605564;8.14497e-05;0.00429919;0;1;0;0.976646;0;1;
79;0.256704;-0.256772;0.256704;-0.256704;0.256704;-0.256752;0.171736;-0.0178304;0.171531;-0.0706647;0.148351;-0.108116;5.60146e-05;0.0238655;8.48354e-05;0.0125145;4.70891e-05;0.00251196;0;1;0;1;0;0.887657;
80;0.280131;-0.280173;0.280131;-0.280133;0.280132;-0.28016;0.133508;0.0354667;0.133387;0.0249588;0.119849;-0.0284898;0.00895743;0.0359105;4.91175e-05;0.0475065;2.70754e-05;0.00665745;1;1;0;1;0;1;
81;0.29115;-0.291174;0.29115;-0.291151;0.29115;-0.291167;0.0798272;0.0662689;0.0797554;0.0489448;0.071847;0.0635958;0.00599137;0.0290117;0.0235978;0.0277502;0.00283944;0.0233758;0.663243;1;1;0.720553;0.522295;1;
82;0.292813;-0.292827;0.288733;-0.292814;0.287018;-0.292823;0.00691497;0.0784086;0.00687862;0.0682926;0.00930057;0.086696;0.00401132;0.0169426;0.0293421;0.0162065;0.0339596;0.0136526;0.790192;0;1;0;1;0.488448;
83;0.285021;-0.28503;0.279311;-0.285022;0.281637;-0.285027;-0.0776152;0.127445;-0.0776245;0.121537;-0.0762063;0.132284;0.00234385;0.00989403;0.0317724;0.00946414;0.042286;0.00797261;0.672813;0;1;0;1;0;
84;0.265889;-0.265894;0.262555;-0.265889;0.263914;-0.265893;-0.150452;0.179553;-0.15045;0.176103;-0.149618;0.18238;0.00136976;0.00577766;0.0185582;0.00552662;0.0247;0.00465554;0.573417;0;1;0;1;0;
85;0.23544;-0.235443;0.233493;-0.23544;0.234287;-0.235442;-0.199706;0.216702;-0.199699;0.214687;-0.19921;0.218352;0.000800377;0.00337365;0.0108391;0.00322706;0.0144264;0.00271835;1;0;1;0;1;0;
86;0.194343;-0.194345;0.193206;-0.194344;0.19367;-0.194345;-0.229009;0.238936;-0.229001;0.237759;-0.210051;0.2399;0.000467423;0.00196966;0.00633001;0.0018841;0.00842464;0.00158701;0.912931;0;1;0;1;0;
87;0.140326;-0.140327;0.139662;-0.140326;0.139933;-0.140327;-0.244679;0.250478;-0.227297;0.24979;-0.207699;0.25104;0.000272737;0.00114972;0.00369645;0.00109977;0.00491912;0.00092627;1;0;1;0;1;0;
88;0.0677848;-0.0677855;0.0673971;-0.0677849;0.0675559;-0.0677853;-0.239126;0.250649;-0.223859;0.248405;-0.196553;0.248657;0.000158932;0.000670863;0.00215864;0.000641764;0.00287218;0.000540405;1;0;1;0;1;0;
89;-0.0257062;0.0257061;-0.0259326;0.0257061;-0.0258397;0.0257059;-0.223574;0.232872;-0.215059;0.237351;-0.176003;0.236957;9.26915e-05;0.0003912;0.00126074;0.00037426;0.00167699;0.000315069;1;0;1;0;1;0;
90;-0.123251;0.123251;-0.123383;0.123251;-0.123329;0.123251;-0.181961;0.203537;-0.191277;0.206996;-0.151463;0.198124;-0.00743249;0.000227919;0.000185375;0.000218087;0.00097994;0.000183451;1;0;1;0;1;0;
91;-0.198942;0.198942;-0.199019;0.198942;-0.198988;0.198942;-0.123484;0.168953;-0.159079;0.168123;-0.0937697;0.170471;-0.00433915;-0.00737307;-0.0124078;0.000126857;0.0123258;0.000106697;1;0;1;0;1;0;
92;-0.247326;0.247327;-0.247372;0.247327;-0.247355;0.247326;-0.0820683;0.159089;-0.0986616;0.137893;-0.0447782;0.159906;0.00646448;-0.00430622;-0.00724556;7.38342e-05;0.0251654;6.18955e-05;1;0;0.485744;0;1;0;
93;-0.275124;0.275124;-0.27515;0.275123;-0.275141;0.275123;-0.0101674;0.133162;-0.0627472;0.120785;0.0193617;0.133639;0.0268818;-0.00251528;-0.00422937;0.00534706;0.0391943;3.56654e-05;1;0;1;0.756287;1;0;
94;-0.289121;0.289121;-0.289136;0.28912;-0.289131;0.289121;0.0362174;0.0892832;0.0477524;0.082061;0.0627197;0.0895634;0.0218045;-0.00146935;0.044545;0.00398295;0.0387497;0.022596;1;0;1;0.654858;1;1;
95;-0.293238;0.288959;-0.293247;0.293238;-0.293244;0.290902;0.0874389;0.0291477;0.0939305;0.0204715;0.0894565;0.0248603;0.0127344;0.0355325;0.0260167;0.0152449;0.0226307;0.0351011;0;1;0.591302;0.427582;0;1;
96;-0.288223;0.286481;-0.288228;0.288223;-0.288227;0.283837;0.122386;-0.0542834;0.126177;-0.059366;0.123564;-0.0567913;0.00743639;0.0393765;0.0151931;0.00890451;0.0132158;0.024896;0;1;0;0.441214;0;1;
97;-0.27234;0.271323;-0.272343;0.27234;-0.272342;0.269779;0.17232;-0.132536;0.174534;-0.135515;0.173008;-0.134004;0.00434242;0.023643;0.00887232;0.00520141;0.00771752;0.0145429;0;1;0;0.497631;0;1;
98;-0.244882;0.244288;-0.244884;0.244882;-0.244883;0.243386;0.211579;-0.188335;0.212872;-0.190084;0.211981;-0.189196;0.00253549;0.0138098;0.00518092;0.00303828;0.00450652;0.00849464;0;1;0;0.533074;0;1;
