1;-0.000363588;0.000116064;9.94837e-05;-0.000363588;0.000116064;9.94837e-05;0.0349769;0.0347456;0.0352595;0.0349769;0.0347456;0.0352595;0.808667;0.808665;0.808666;0.808667;0.808665;0.808666;0;0;0;0;0;0;
2;0.00162582;0.00110292;0.00132182;-0.000997584;-0.00163855;-0.0017713;0.103749;0.110725;0.113723;0.127331;0.097972;0.0988447;0.472316;0.472322;0.472323;0.472337;0.472321;0.472321;1;1;1;1;1;1;
3;-0.0188941;-0.0412394;-0.0354117;0.0442239;0.0403617;0.0255965;0.20264;0.198233;0.161051;0.229528;0.171182;0.128734;0.275865;0.275874;0.275862;0.27589;0.275871;0.27586;1;0.70436;1;1;0.667041;1;
4;-0.0122678;-0.0332922;-0.0287565;0.0347402;0.0273086;0.0141991;0.228226;0.219734;0.215329;0.231443;0.1978;0.190618;0.22865;0.241184;0.219886;0.27844;0.23407;0.180149;1;1;1;1;0.98182;1;
5;-0.0117231;-0.032709;-0.0281883;0.0347356;0.0271355;0.0140326;0.224672;0.215846;0.214471;0.235259;0.200239;0.190121;0.21929;0.230869;0.209345;0.278034;0.235402;0.185494;1;1;1;0.960353;0.910386;1;
6;-0.0114767;-0.0318181;-0.0273452;0.0341423;0.0267626;0.0137242;0.223382;0.214476;0.21376;0.234204;0.197995;0.187621;0.218171;0.228833;0.209596;0.272729;0.231658;0.183045;1;1;1;0.971737;0.957685;1;
7;-0.0113639;-0.0312504;-0.0267925;0.0334525;0.0262464;0.0133102;0.222861;0.213427;0.2125;0.234631;0.197133;0.186795;0.214598;0.224939;0.207897;0.268399;0.228869;0.18117;1;1;1;1;1;1;
8;-0.0111282;-0.0307804;-0.0263411;0.0328119;0.0256052;0.0127918;0.221382;0.211983;0.210809;0.235229;0.195664;0.186646;0.212139;0.22221;0.206272;0.26433;0.227205;0.178877;1;1;1;1;1;1;
9;-0.0107958;-0.0301896;-0.0258289;0.0323505;0.0251353;0.0124541;0.218683;0.210526;0.208887;0.235561;0.194072;0.187109;0.210881;0.219699;0.204297;0.261017;0.22626;0.176463;1;1;1;1;1;1;
10;-0.0109789;-0.030147;-0.0258581;0.0319322;0.0246192;0.0121456;0.216046;0.209447;0.206256;0.236347;0.192164;0.187874;0.209733;0.216903;0.202299;0.257404;0.226109;0.174529;1;1;1;0.843068;1;1;
11;-0.011203;-0.0298083;-0.025742;0.0326273;0.0254987;0.0132364;0.214526;0.210365;0.200612;0.237397;0.189721;0.188356;0.208654;0.212792;0.201641;0.252448;0.226132;0.173306;1;1;1;0.850778;1;1;
12;-0.0118164;-0.0301059;-0.0263984;0.0324762;0.0248878;0.0130763;0.211838;0.210228;0.196752;0.23825;0.187939;0.189559;0.208072;0.2095;0.199058;0.248777;0.226191;0.171522;1;1;1;0.846566;1;1;
13;-0.0137604;-0.0315591;-0.0283385;0.0334447;0.0253435;0.0142118;0.209011;0.209729;0.193983;0.237682;0.186688;0.190688;0.209145;0.206901;0.194546;0.245309;0.225716;0.17134;1;1;1;0.895302;1;1;
14;-0.0155337;-0.0328889;-0.0305286;0.0360696;0.0269392;0.0166666;0.207443;0.208826;0.193281;0.234647;0.186145;0.190175;0.211038;0.20624;0.189255;0.242466;0.223285;0.172411;1;1;1;1;1;1;
15;-0.0191108;-0.0360318;-0.0346722;0.0391959;0.0285771;0.01956;0.209242;0.209477;0.198217;0.225497;0.188214;0.180278;0.213422;0.207024;0.179814;0.242124;0.215337;0.182856;1;1;1;1;1;1;
16;-0.0224486;-0.0387762;-0.0387036;0.0430695;0.030561;0.0231092;0.209255;0.202794;0.199728;0.220976;0.204686;0.174239;0.220679;0.219479;0.177639;0.233602;0.188933;0.185996;1;1;1;1;0.717997;1;
17;-0.0195547;-0.0344508;-0.036677;0.0503743;0.0196604;0.0301082;0.227343;0.204267;0.227969;0.193408;0.204081;0.141099;0.221741;0.237797;0.167409;0.237963;0.148988;0.202214;1;1;1;1;0.356971;1;
18;-0.0152355;-0.0305262;-0.0358924;0.0803099;-0.0423812;0.0606093;0.239855;0.185992;0.242265;0.159815;0.197185;0.09608;0.189896;0.222089;0.103205;0.29192;0.0870157;0.261205;1;1;1;1;0.48075;0.809999;
19;0.00420046;-0.00695252;-0.0157791;0.075508;-0.0855062;0.0573048;0.281191;0.189074;0.272743;0.124115;0.200529;0.0420317;0.180914;0.272996;0.0926013;0.292928;0.0508165;0.24964;1;1;0.764242;1;0;0.759746;
20;-0.0366004;-0.0373124;-0.0429199;0.0815812;-0.0927282;0.0655079;0.30042;0.157029;0.333206;0.0399579;0.219232;0.00846147;0.105663;0.410633;0.0721455;0.261927;0.0296762;0.220283;1;1;1;1;0;1;
21;-0.0297919;-0.0254458;-0.0312678;0.0667555;-0.066376;0.0502268;0.305268;0.148499;0.317255;0.0546632;0.234352;0.0161677;0.0617121;0.379516;0.0734729;0.289659;0.01733;0.222117;0.741331;1;1;1;0;1;
22;0.010741;-0.0181005;-0.0172664;0.0141347;-0.00678764;-0.00264387;0.29452;0.13476;0.313373;0.0511832;0.23783;-0.0071277;0.0360426;0.400174;0.0706706;0.316839;0.01012;0.200904;1;1;1;0.713629;0;1;
23;-0.00731203;-0.0402873;0.0690651;-0.0587118;0.0786872;-0.0841913;0.287897;0.128179;0.298922;0.0676882;0.223436;-0.0119937;0.0210451;0.412535;0.0623012;0.32188;0.00590951;0.167039;1;1;1;0.446437;0;1;
24;-0.0145139;-0.0505977;0.157574;-0.124824;0.163205;-0.166409;0.297223;0.127222;0.278064;0.0982937;0.190441;-0.0162297;-0.00599211;0.418238;0.0521341;0.324747;0.00345058;0.137388;1;1;1;0.556956;0;1;
25;-0.00935557;-0.0472533;0.201241;-0.134675;0.224583;-0.180367;0.268602;0.122685;0.254904;0.119276;0.188415;0.0103166;-0.0107899;0.390679;0.0632643;0.334696;0.00265981;0.117997;1;1;1;0.238285;0.488986;1;
26;0.00752503;-0.0331709;0.218034;-0.13667;0.23498;-0.171984;0.248006;0.124111;0.233419;0.131066;0.173112;0.0363065;-0.0202888;0.356748;0.073065;0.28866;0.0480587;0.0997702;1;1;1;0.664441;0.425869;1;
27;0.00890088;-0.0335655;0.223179;-0.151973;0.217484;-0.181976;0.210662;0.11959;0.197995;0.156579;0.159401;0.0674714;-0.0190187;0.323853;0.0881126;0.245657;0.0896069;0.0863668;1;1;1;0.59308;0.82665;1;
28;0.00673453;-0.0366965;0.226774;-0.160457;0.211217;-0.181552;0.150212;0.120859;0.164491;0.180605;0.140366;0.109322;0.0218818;0.286562;0.0962742;0.202782;0.138797;0.0649848;1;1;1;0.224527;1;1;
29;0.0903424;-0.128003;0.258684;-0.202918;0.194911;-0.203097;0.0434642;0.121986;0.0738326;0.177106;0.0908314;0.116246;0.0980567;0.167357;0.185478;0.118434;0.202703;0.0133373;1;0;0;0.256656;1;1;
30;0.11648;-0.187566;0.293373;-0.229615;0.175856;-0.195571;-0.0520369;0.15631;0.0070124;0.231765;0.0984484;0.192335;0.104485;0.0977347;0.180869;0.0691672;0.30204;0.0100598;1;0;1;0.525058;1;1;
31;0.0882798;-0.207196;0.268987;-0.230551;0.164173;-0.201515;-0.0764796;0.197643;-0.0280903;0.245296;0.086541;0.218885;0.129729;0.0570761;0.18594;0.0403945;0.319483;0.0118494;1;0;1;0.80886;1;1;
32;0.0552734;-0.199002;0.237994;-0.217024;0.16075;-0.199189;-0.0845098;0.227484;-0.0462148;0.257905;0.0856485;0.239893;0.156562;0.0333315;0.183383;0.0235914;0.305797;0.00692084;1;0;1;0.588894;1;1;
33;0.0140739;-0.17039;0.198834;-0.208184;0.14805;-0.170499;-0.0844837;0.245149;-0.0621211;0.271666;0.0871455;0.252399;0.153608;0.0194648;0.152516;0.0137753;0.311453;0.00404269;0.848877;0;1;0.509517;1;0.637004;
34;-0.0428411;-0.122743;0.141104;-0.197473;0.114058;-0.122807;-0.0804394;0.253888;-0.0726933;0.275325;0.0865734;0.255189;0.153305;0.0113667;0.126836;0.00797568;0.30765;0.00236113;0.699317;0;1;0.754215;1;0.131122;
35;-0.121552;-0.0526496;0.063386;-0.138103;0.0521565;-0.0526875;-0.0711791;0.246631;-0.0808024;0.272314;0.0817863;0.245438;0.160896;0.00663745;0.121458;-0.00780114;0.297586;0.00137848;0.808469;0;1;0.999914;1;0;
36;-0.207873;0.0397341;-0.0334486;-0.0933214;-0.00183561;0.0397125;-0.0517405;0.233054;-0.0882744;0.267743;0.080648;0.233208;0.175289;0.00387561;0.106375;-0.0210818;0.293563;0.000804625;0.85087;0;1;1;1;0;
37;-0.278946;0.134436;-0.130742;-0.0898926;-0.00502935;0.134424;-0.0209127;0.204511;-0.094527;0.252616;0.0805775;0.203649;0.185677;0.00226276;0.0621392;-0.0264619;0.303597;0.00046942;0.457295;0;1;1;0.925391;0;
38;-0.318798;0.206322;-0.189764;-0.0976912;-0.0208791;0.206315;0.0131468;0.197398;-0.0849901;0.233365;0.0835689;0.196895;0.180881;0.00132092;0.0429717;-0.0187552;0.293077;0.0002737;0.47622;0;1;1;0.480836;0;
39;-0.318491;0.251715;-0.201138;0.0107217;-0.00325314;0.251711;0.0212877;0.175231;-0.101495;0.20733;0.0584001;0.174937;0.16128;0.000770821;-0.0490932;-0.0113872;0.256593;0.000159639;0.567373;0;1;1;0.268892;0;
40;-0.333159;0.277527;-0.23013;0.11822;-0.063899;0.277525;0.0460744;0.140059;-0.153618;0.171678;0.0537638;0.139887;0.128746;0.000449767;-0.101711;0.0247881;0.150847;9.27349e-05;0.457868;0;1;1;0;0;
41;-0.32695;0.284093;-0.234278;0.192966;-0.155779;0.290209;0.0847991;0.0898537;-0.133349;0.115721;0.0281418;0.0897458;0.103808;0.0517716;-0.163041;0.04737;0.0880955;5.3738e-05;0;1;1;1;0;0;
42;-0.315476;0.228197;-0.255302;0.177521;-0.214806;0.293311;0.0897193;0.0751395;-0.0459661;0.0356617;0.0483644;0.020478;0.060624;0.159458;-0.171177;0.030695;0.0514466;3.08524e-05;0;0.380533;1;1;0;0;
43;-0.300174;0.20314;-0.25577;0.132122;-0.241382;0.287231;0.127693;0.0658827;0.0484339;-0.0409575;0.103541;-0.0633402;0.0354036;0.229384;-0.196613;0.0687062;0.0300442;1.79567e-05;0;0.696772;1;1;0;0;
44;-0.277675;0.204937;-0.231685;0.113446;-0.244186;0.270117;0.177167;0.0620721;0.106078;-0.0896272;0.163062;-0.139586;0.0206751;0.286727;-0.195522;0.0927158;0.0175454;0.00166505;0;0.77896;1;1;0;0.856356;
45;-0.245937;0.194587;-0.227634;0.0755517;-0.22638;0.241522;0.214799;0.0673975;0.132756;-0.108616;0.206562;-0.192851;0.0120736;0.309024;-0.166037;0.0935525;0.010246;0.0133158;0;1;1;1;0;1;
46;-0.204898;0.19751;-0.217082;0.0321095;-0.193477;0.20232;0.237924;0.0766246;0.152976;-0.112052;0.233114;-0.225102;0.00705048;0.300015;-0.149511;0.10675;0.005983;0.015263;0;1;1;1;0;1;
47;-0.15238;0.186349;-0.218813;-0.010787;-0.14571;0.150875;0.25023;0.0771098;0.171846;-0.102943;0.247421;-0.235346;0.00411692;0.284133;-0.102391;0.111058;0.00349349;0.00891264;0;1;1;1;0;1;
48;-0.0828697;0.102699;-0.121672;-0.0404731;-0.0789737;0.0819969;0.251052;0.00212712;0.209087;-0.0562022;0.248063;-0.139544;0.00240364;0.187211;-0.0598009;0.176708;0.00203969;0.0677725;0;1;0;0.893623;0;1;
49;0.00783839;0.00373066;-0.0148223;-0.111818;0.0101138;-0.00833095;0.236897;0.0214206;0.226258;-0.0597456;0.233892;-0.154055;0.00140353;0.188905;-0.0349233;0.144953;0.00119032;0.0587622;0;1;0;0.896592;0;1;
50;0.107032;-0.100279;0.0937981;-0.189573;0.108361;-0.107301;0.214944;0.0416985;0.219278;-0.0584452;0.216153;-0.148054;0.000819014;0.193808;-0.0203955;0.127261;0.000694725;0.0437873;0;1;0;1;0;1;
51;0.187676;-0.18373;0.179947;-0.25523;0.188452;-0.187815;0.207896;0.0460828;0.210427;-0.0156885;0.208602;-0.116157;0.000477948;0.165688;-0.0119112;0.13126;0.00040512;0.0516459;0;1;0;1;0;1;
52;0.240514;-0.238207;0.236;-0.303425;0.240967;-0.240584;0.186652;0.0742184;0.18813;0.00851606;0.187064;-0.0955115;0.000278687;0.154833;-0.00695643;0.111064;0.000236056;0.0340454;0;1;0;1;0;1;
53;0.27138;-0.269644;0.265903;-0.327117;0.271645;-0.271413;0.153426;0.087402;0.154289;0.0501366;0.153666;-0.0622076;0.000162343;0.121201;-0.00406294;0.103161;0.000137379;0.0198848;0;1;0.598849;1;0;1;
54;0.280267;-0.281316;0.275703;-0.320857;0.283523;-0.263926;0.106797;0.0938549;0.107301;0.0865777;0.10694;-0.0305465;0.0199689;0.0798415;0.0135322;0.0894265;0.0443355;0.0116116;0.665301;1;1;1;0.753376;1;
55;0.279388;-0.293122;0.277022;-0.319809;0.275588;-0.261873;0.042416;0.102747;0.0427117;0.128152;0.0840145;0.00212494;0.073684;0.046633;0.0670517;0.0649655;0.0946208;-0.00472562;0.823471;1;1;0.726957;1;1;
56;0.246456;-0.297078;0.251828;-0.31026;0.254244;-0.271542;-0.034005;0.124146;-0.0364638;0.192803;0.0758254;0.0653841;0.100882;0.026441;0.0602734;0.0379459;0.172752;-0.00476106;0.821877;0;1;0.347634;1;0;
57;0.212098;-0.280198;0.203327;-0.287896;0.140966;-0.265283;-0.104271;0.169846;-0.0938775;0.209942;0.056879;0.13553;0.0908582;0.015441;0.0916202;0.0221598;0.224187;-0.00278087;1;0;1;0.0860542;1;0;
58;0.177257;-0.252913;0.176687;-0.257409;0.163939;-0.244203;-0.108129;0.209276;-0.119423;0.232691;0.0461053;0.189235;0.116909;0.00901697;0.0901664;0.0129407;0.236089;-0.00162446;1;0;1;0;1;0;
59;0.135224;-0.215626;0.128364;-0.218251;0.086595;-0.210539;-0.122639;0.234724;-0.118905;0.248399;0.0372052;0.22302;0.106072;0.00526531;0.101873;0.00755676;0.229065;-0.000949188;0.952362;0;1;0;1;0;
60;0.106292;-0.167341;0.096939;-0.168874;0.0568811;-0.16437;-0.127094;0.248828;-0.11526;0.256814;0.0350206;0.241994;0.108336;0.00307431;0.0955092;0.00441252;0.222991;-0.000554713;1;0;1;0;1;0;
61;0.0679041;-0.103555;0.06242;-0.10445;0.0396164;-0.10182;-0.117112;0.25383;-0.119256;0.252676;0.0318398;0.250909;0.0987801;0.00179481;0.0894993;0.00257638;0.220845;-0.000324517;1;0;1;0;1;0;
62;-0.00211492;-0.0187019;-0.00532587;-0.0192249;-0.0186385;-0.0176888;-0.109513;0.238624;-0.11653;0.238121;0.0300149;0.243878;0.097378;0.00104756;0.093846;0.00150409;0.205922;-0.000190014;1;0;1;0;1;0;
63;-0.0928704;0.0807228;-0.0947624;0.0804132;-0.102524;0.0813141;-0.0971939;0.223839;-0.104327;0.227629;0.0318888;0.221732;0.092373;0.000611205;0.0901605;-0.00123275;0.200401;-0.000111449;1;0;1;0.308161;1;0;
64;-0.171086;0.168395;-0.176609;0.121214;-0.160598;0.168741;-0.0656079;0.20621;-0.0817014;0.207484;0.0237395;0.1929;0.0993176;0.000356532;0.0823371;-0.0251062;0.195565;-6.53101e-05;1;0;1;1;1;0;
65;-0.213147;0.228558;-0.233362;0.130593;-0.159944;0.22876;-0.0401423;0.190695;-0.0698928;0.19144;0.0394654;0.182922;0.0986163;0.000207642;0.0480956;-0.0332182;0.174967;-3.87139e-05;1;0;1;1;1;0;
66;-0.23367;0.264658;-0.267464;0.133464;-0.175384;0.264776;-0.00385806;0.162006;-0.0356793;0.162443;0.0416415;0.157467;0.0997;0.000120795;0.0280926;-0.0425454;0.143227;-2.30084e-05;1;0;1;1;1;0;
67;-0.250397;0.284197;-0.285831;0.126891;-0.196195;0.284266;0.0401534;0.120167;0.00141947;0.120427;0.044789;0.117515;0.0899585;7.01658e-05;0.0164033;-0.0338682;0.107548;-1.38556e-05;0.720811;0;1;1;0.280325;0;
68;-0.25349;0.294344;-0.29547;0.199442;-0.241084;0.292518;0.0877999;0.0615256;0.0319664;0.0616882;0.0348085;0.0599736;0.0683948;0.0326122;-0.0754084;0.00610316;0.0628074;-8.40116e-06;0.402487;0.418579;1;1;0;0;
69;-0.26891;0.262375;-0.302888;0.225639;-0.261666;0.292355;0.103373;0.0226909;0.0707618;-0.0160581;0.0724266;-0.0170772;0.0399418;0.130881;-0.0841185;0.0422838;0.0366787;-5.36309e-06;0;0.37115;1;1;0;0;
70;-0.26755;0.236401;-0.296905;0.177351;-0.271336;0.274673;0.150755;0.00636326;0.131707;-0.0759659;0.132682;-0.100358;0.0233254;0.195604;-0.0665565;0.0734778;0.0214198;0.0158183;0;0.435289;1;1;0;1;
71;-0.250757;0.22093;-0.281888;0.156227;-0.252968;0.254915;0.196146;0.0128079;0.185019;-0.113232;0.185591;-0.166707;0.0136215;0.224633;-0.0600179;0.088194;0.0125087;0.04035;0;1;1;1;0;1;
72;-0.220644;0.221869;-0.263664;0.113234;-0.221936;0.22307;0.226871;0.0241662;0.220371;-0.127832;0.220707;-0.203899;0.00795445;0.234169;-0.0387809;0.0955988;0.00730445;0.0273108;0;1;1;1;0;1;
73;-0.178281;0.186112;-0.20664;0.0867102;-0.179035;0.179696;0.244612;0.00441254;0.240815;-0.116133;0.241013;-0.173539;0.0046447;0.195676;-0.0236267;0.111799;0.00426534;0.0350102;0;1;0;1;0;1;
74;-0.120912;0.125473;-0.137474;0.0515589;-0.121353;0.121747;0.25317;-0.0352356;0.250952;-0.0899357;0.251067;-0.1337;0.00271227;0.140427;-0.013798;0.143096;0.00249007;0.0854392;0;1;0;0.824053;0;1;
75;-0.042985;0.0456395;-0.0526571;-0.0142463;-0.0432422;0.0434859;0.246134;-0.00381211;0.247403;-0.118218;0.247718;-0.176834;0.00158345;0.175359;-0.00805839;0.0930194;0.00145361;0.0499083;0;1;0;1;0;1;
76;0.0539813;-0.0524358;0.0483322;-0.0874204;0.0538315;-0.0536712;0.228589;-0.0166476;0.230079;-0.0941169;0.22694;-0.142513;0.000924203;0.146373;-0.00470658;0.101033;0.000848353;0.0537004;0;1;0;1;0;1;
77;0.147235;-0.146331;0.143936;-0.169216;0.147148;-0.147034;0.200082;-0.00267991;0.214831;-0.0763105;0.198623;-0.128463;0.000539572;0.135316;-0.00274885;0.0918693;0.000494766;0.0546926;0;1;0;1;0;1;
78;0.192405;-0.204242;0.20468;-0.230101;0.214909;-0.214827;0.175078;0.000222798;0.20052;-0.0373061;0.19063;-0.09612;-0.00429557;0.112602;0.00232798;0.0969773;0.000288463;0.0463935;0.598243;1;0;1;0;1;
79;0.19404;-0.213952;0.250807;-0.265657;0.256781;-0.256723;0.158703;0.00956214;0.17356;-0.00408729;0.167784;-0.078054;-0.0204238;0.0888088;0.00135918;0.0956455;0.000167894;0.0270983;1;1;0;1;0;1;
80;0.201082;-0.222296;0.274878;-0.281444;0.280176;-0.274116;0.125896;0.0106407;0.134573;0.0394691;0.131199;-0.0486509;-0.0287393;0.0518771;0.0120866;0.0938155;9.75736e-05;0.0158211;1;1;0.0521775;1;0;1;
81;0.199468;-0.243262;0.271708;-0.283102;0.285429;-0.275348;0.0753857;0.00355241;0.0804516;0.0844227;0.0784777;-0.00839696;-0.00532257;0.0302927;0.0393603;0.0763245;0.0408356;0.000158408;1;0.720222;0.971675;0.910111;0.964232;1;
82;0.223389;-0.264847;0.292657;-0.282373;0.267482;-0.270959;0.00432583;0.0417818;0.0181385;0.122977;0.0584195;0.0348077;0.0271991;0.0176905;0.0817187;0.0445767;0.117844;-0.0167225;1;0;1;0.297372;1;1;
83;0.205836;-0.268689;0.283017;-0.278924;0.236095;-0.26889;-0.0791166;0.106054;-0.0583769;0.153474;0.0487201;0.101983;0.0630093;0.0103309;0.0898632;0.0260329;0.195566;-0.0132355;1;0;1;0.365196;1;1;
84;0.19081;-0.256351;0.264526;-0.262329;0.176095;-0.256926;-0.13991;0.167061;-0.0927318;0.194754;0.0482216;0.164684;0.081439;0.00603289;0.100084;0.0152026;0.22292;-0.00882877;1;0;1;0;1;0.401372;
85;0.157149;-0.22987;0.234638;-0.233361;0.152625;-0.230205;-0.141095;0.209406;-0.0970044;0.225579;0.0308256;0.208018;0.0867172;0.0035227;0.106107;0.00887768;0.224927;-0.00515642;1;0;1;0;1;0;
86;0.110056;-0.191091;0.193869;-0.193129;0.112468;-0.191287;-0.147998;0.234675;-0.104776;0.24412;0.0268849;0.233864;0.0858417;0.00205667;0.102146;0.00518408;0.221128;-0.00301178;1;0;1;0;1;0;
87;0.0497981;-0.138427;0.140047;-0.139617;0.0914667;-0.138541;-0.136999;0.247989;-0.113597;0.253505;0.0208474;0.247516;0.0880467;0.00120053;0.0962889;0.00302691;0.210328;-0.00175937;1;0;1;0;1;0;
88;-0.0159257;-0.0666755;0.0676277;-0.0673706;0.0392498;-0.0667421;-0.131182;0.247839;-0.11796;0.249656;0.0189148;0.249556;0.0905627;0.00070051;0.0936174;0.0017672;0.195786;-0.00102796;1;0;1;0;1;0;
89;-0.100074;0.0263543;-0.025783;0.0259483;-0.042368;0.0263152;-0.115831;0.232126;-0.111157;0.234921;0.0177889;0.235989;0.083413;0.00040853;0.088298;0.00103153;0.186534;-0.000600838;1;0;1;0;1;0;
90;-0.189072;0.12363;-0.123278;0.123391;-0.132972;0.123607;-0.0917433;0.211663;-0.0968188;0.213451;0.0221547;0.208559;0.0858354;0.000238038;0.0933507;-0.00425992;0.172994;-0.000351395;1;0;1;0.29008;1;0;
91;-0.263967;0.199164;-0.198944;0.185967;-0.193949;0.19915;-0.0571328;0.203228;-0.0689686;0.204273;0.0266791;0.172797;0.095384;0.000138471;0.0830138;-0.0165081;0.157807;-0.000205659;1;0;1;0.682978;1;0;
92;-0.301282;0.247456;-0.247315;0.209536;-0.17474;0.247448;-0.0212275;0.180619;-0.0571195;0.18123;0.0319719;0.162847;0.0965835;8.03955e-05;0.048491;-0.0295129;0.140874;-0.000120521;1;0;1;1;1;0;
93;-0.318361;0.275199;-0.262539;0.18768;-0.20863;0.275195;0.0138353;0.145735;-0.0135141;0.146095;0.0403625;0.135356;0.0844044;4.6542e-05;0.0283233;-0.019437;0.110283;-7.07947e-05;1;0;1;1;1;0;
94;-0.312896;0.289165;-0.256421;0.187726;-0.227377;0.289163;0.0623275;0.0966262;0.0373452;0.0968433;0.0378554;0.0905649;0.0750538;2.68229e-05;0.0165385;-0.014001;0.0644169;-4.17495e-05;1;0;1;1;1;0;
95;-0.313979;0.282859;-0.262433;0.195332;-0.238746;0.295412;0.0997695;0.0289815;0.0948467;0.0291115;0.0425273;0.0254335;0.0438372;0.0779315;-0.0349211;0.0381254;0.037617;0.0276735;0.0427175;1;1;1;0.615124;0.697256;
96;-0.300336;0.24498;-0.270266;0.203445;-0.2564;0.30525;0.129587;0.0139371;0.128702;-0.0543049;0.0961578;-0.056456;0.0256003;0.148965;-0.0255091;0.074125;0.0219679;0.0856321;0;1;1;1;0;1;
97;-0.279413;0.208913;-0.277607;0.17361;-0.25425;0.282284;0.176526;0.009592;0.176016;-0.105089;0.157003;-0.111531;0.01495;0.195428;-0.014893;0.088299;0.0128288;0.0874458;0;1;1;1;0;1;
98;-0.249012;0.210744;-0.257356;0.132271;-0.234317;0.250692;0.214035;0.0155063;0.213742;-0.126101;0.202634;-0.142584;0.00873028;0.20466;-0.00807657;0.113592;0.00749143;0.0703716;0;1;0.658862;1;0;1;
