1;-0.000363586;0.000116064;9.94834e-05;-0.000363586;0.000116064;9.94835e-05;0.0349769;0.0347455;0.0352594;0.0349769;0.0347456;0.0352595;0.808667;0.808665;0.808666;0.808667;0.808665;0.808666;0;0;0;0;0;0;
2;0.0043087;-0.00413236;-0.0103333;0.0094782;-0.00293066;-0.00968226;0.091262;0.117982;0.132356;0.0920765;0.110082;0.150491;0.472343;0.47237;0.472393;0.472292;0.472327;0.472379;1;1;1;1;1;1;
3;0.00424034;0.00384398;-0.00776845;0.00693588;0.00840347;0.00512602;0.0621621;0.0747269;0.0891867;0.0536944;0.0699728;0.0968538;0.275864;0.275883;0.275894;0.275832;0.275854;0.27589;1;0.858538;0.589821;0.588331;0.516476;1;
4;0.00338972;0.00279987;-0.00390228;0.00341551;0.00554257;0.00235907;0.0490321;0.0553226;0.0520632;0.0334537;0.0408437;0.0567606;0.161112;0.161125;0.161129;0.161092;0.161106;0.161131;1;1;1;0.926936;0.838659;1;
5;0.00285578;0.000759502;-0.00140333;0.0011184;0.00411315;0.000501756;0.0397669;0.0502944;0.0305215;0.0328839;0.0375437;0.0508128;0.0940945;0.0941026;0.0941036;0.0940817;0.0940903;0.0941061;1;1;1;0.906882;0.95695;1;
6;0.00388324;-0.000170281;0.000265792;-0.000454332;0.00350952;-0.000814314;0.0336705;0.0431698;0.0252221;0.026318;0.0324865;0.0462557;0.0549551;0.0549611;0.0549595;0.0549465;0.0549525;0.0549626;1;1;0.912674;0.823507;1;1;
7;0.00418101;-0.00125064;0.00037056;-0.00150859;0.00367004;-0.00171868;0.0321953;0.0422598;0.0223552;0.0256111;0.0305256;0.04469;0.0320973;0.0321013;0.0320992;0.0320912;0.0320956;0.0321022;1;1;1;0.803774;1;1;
8;0.00413163;-0.000972238;0.000141039;-0.00201455;0.00337596;-0.00201661;0.0286671;0.0415696;0.0197634;0.0275385;0.0275914;0.0438424;0.0187482;0.0187506;0.0187485;0.0187433;0.018747;0.0187512;1;1;1;0.811575;1;1;
9;0.00295155;0.000437845;-0.00133362;-0.000758136;0.00286834;-4.38037e-05;0.0260747;0.0413722;0.0159764;0.0246284;0.0297348;0.0443034;0.0109522;0.0109535;0.0109517;0.010948;0.0109514;0.010954;1;1;1;0.844176;1;1;
10;0.000828737;0.00286418;-0.00481458;0.000452523;0.000780135;0.000869841;0.0227931;0.0415319;0.0125528;0.024152;0.0319472;0.0441374;0.00639932;0.00639964;0.00639828;0.00639495;0.00650607;0.00640004;1;1;1;0.762131;1;1;
11;-0.00316169;0.00531893;-0.00654654;0.00391026;-0.00319;0.00415405;0.0200027;0.0423307;0.00949977;0.0256829;0.0323707;0.0461272;0.00447655;0.00373984;0.00373907;0.00373573;0.00820245;0.00374026;1;1;1;0.68046;1;1;
12;-0.0101457;0.0114061;-0.0121233;0.0105832;-0.0101621;0.0107257;0.0178414;0.0431934;0.00679111;0.0271502;0.0325265;0.0476269;0.00460326;0.00218631;0.00218613;0.00218257;0.0095879;0.00218681;1;1;1;0.624057;1;1;
13;-0.0213826;0.022119;-0.0225383;0.0216383;-0.0213918;0.0217217;0.0172906;0.0437167;0.00567112;0.0273968;0.0327039;0.0481269;0.00514748;0.001279;0.00127915;0.00127544;0.0101421;0.00127952;1;1;1;0.593848;1;1;
14;-0.0379833;0.0384136;-0.038659;0.0381328;-0.037988;0.0381815;0.0204705;0.0433987;0.00829604;0.0254981;0.0315577;0.0471103;0.00538446;0.00198869;0.000749236;0.000745868;0.00785147;0.00231276;1;1;1;0.651939;1;1;
15;-0.0602628;0.0605142;-0.0606581;0.0603502;-0.0602647;0.0603789;0.0297057;0.040635;0.017383;0.0167426;0.032991;0.0398626;0.00394014;0.00618021;0.000439343;0.000437068;0.00458812;0.00512315;1;1;1;0.580369;1;1;
16;-0.086709;0.0868559;-0.0869403;0.0867598;-0.0867098;0.0867771;0.0463423;0.0339138;0.0394268;-0.00146731;0.0355178;0.0279274;0.00339182;0.0168695;0.000257253;0.00102255;0.00268015;0.0131413;1;1;1;1;0.852272;1;
17;-0.113103;0.113189;-0.113239;0.113133;-0.113104;0.113143;0.0599437;0.0152808;0.0559024;-0.0337312;0.0536192;-0.00395209;0.00198217;0.029013;0.000149998;0.00291649;0.00156482;0.0260984;0.754651;1;0.214398;0.833116;0;1;
18;-0.132791;0.132842;-0.132871;0.132809;-0.132792;0.132814;0.0965718;-0.0504352;0.0942117;-0.0812601;0.0928784;-0.0638617;0.00115722;0.0357335;8.72688e-05;0.00652551;0.000913463;0.0270928;0;1;0;0.814739;0;1;
19;-0.138306;0.138337;-0.138353;0.138317;-0.138307;0.138319;0.144181;-0.112743;0.142803;-0.135236;0.142024;-0.125069;0.000675428;0.0302182;5.05854e-05;0.00428517;0.000533057;0.0196402;0;1;0;0.964216;0;1;
20;-0.123564;0.123582;-0.123591;0.123569;-0.123564;0.123571;0.186325;-0.162857;0.18552;-0.181098;0.185066;-0.175156;0.000393989;0.0201751;2.90736e-05;0.00250429;0.000310886;0.0114727;0;1;0;1;0;1;
21;-0.0843835;0.0843949;-0.0843993;0.0843866;-0.0843837;0.084388;0.215135;-0.182386;0.214665;-0.21208;0.2144;-0.208607;0.000229604;0.0117858;1.64794e-05;0.00146327;0.000181099;0.00670056;0;1;0;1;0;1;
22;-0.0173036;0.0173107;-0.0173129;0.0173054;-0.0173038;0.0173067;0.230657;-0.181686;0.230383;-0.228871;0.230228;-0.223195;0.000133565;0.00688456;9.08745e-06;0.000854609;0.00010528;0.00391205;0;1;0;1;0;1;
23;0.0725463;-0.0725417;0.0725408;-0.0725451;0.0725461;-0.0725443;0.228327;-0.164598;0.22942;-0.213329;0.229234;-0.209356;7.7489e-05;0.0040215;4.77511e-06;0.000498352;6.09713e-05;0.00228386;0;1;0;1;0;1;
24;0.159619;-0.159616;0.159616;-0.159619;0.159619;-0.159618;0.21252;-0.133874;0.219149;-0.177483;0.222573;-0.183914;4.47932e-05;0.00529434;2.27233e-06;-0.0133597;3.51235e-05;-0.0100486;0;1;0;1;0;1;
25;0.222491;-0.222489;0.222489;-0.222491;0.222491;-0.22249;0.197355;-0.0835195;0.201227;-0.128799;0.203226;-0.150783;2.56366e-05;0.0116089;8.17061e-07;-0.00780194;1.99951e-05;-0.00586814;0;1;0;1;0;1;
26;0.261128;-0.261128;0.261127;-0.26113;0.261128;-0.261128;0.16959;-0.0287725;0.171851;-0.0724702;0.173018;-0.103683;1.45119e-05;0.0195601;1.91946e-08;0.00902495;1.11811e-05;-0.00342637;0;1;0;1;0;1;
27;0.282492;-0.282494;0.282492;-0.282497;0.282493;-0.282493;0.129502;0.0257889;0.130821;0.00606724;0.131503;-0.0349183;8.22769e-06;0.0229313;-4.63807e-07;0.0248737;6.15791e-06;-0.00200044;0.577915;1;0;1;0;1;
28;0.292153;-0.292156;0.292154;-0.292158;0.292154;-0.292154;0.0737122;0.0625787;0.0744789;0.0612149;0.0748784;0.054484;0.0153133;-0.0213147;0.0106765;0.022832;0.0119296;0.0190534;1;1;1;1;0.974539;1;
29;0.289104;-0.295295;0.289132;-0.292765;0.290003;-0.292375;-0.00122851;0.080827;-0.000774284;0.0800307;0.00492571;0.0761028;0.0123103;-0.0124477;0.0310353;0.0133339;0.0550912;0.0111289;1;0;1;0;1;0.731067;
30;0.281646;-0.285263;0.281653;-0.283786;0.282173;-0.283558;-0.085786;0.132274;-0.0855082;0.131809;-0.0790941;0.129515;0.0121921;-0.00726981;0.03401;0.00778648;0.0645628;0.0064987;0.766437;0;1;0;1;0;
31;0.262137;-0.264251;0.262142;-0.263388;0.262445;-0.263255;-0.156453;0.183606;-0.156284;0.183334;-0.152531;0.181995;0.013069;-0.004246;0.0198682;0.0045469;0.0414198;0.00379481;0.95551;0;1;0;1;0;
32;0.231086;-0.232321;0.231089;-0.231817;0.231265;-0.231739;-0.203425;0.219286;-0.203322;0.219128;-0.198791;0.218345;0.00784389;-0.00248017;0.0116069;0.00265494;0.0241938;0.00221574;1;0;1;0;1;0;
33;0.189127;-0.189848;0.189128;-0.189554;0.189231;-0.189508;-0.231097;0.240362;-0.22969;0.240269;-0.20945;0.239813;0.0045825;-0.00144897;0.00678016;0.00155002;0.0141287;0.00129353;1;0;1;0;1;0;
34;0.133685;-0.134106;0.133686;-0.133934;0.133746;-0.133907;-0.24568;0.251092;-0.227546;0.251038;-0.208046;0.250771;0.00267656;-0.000846771;0.00395962;0.000904709;0.00824936;0.000754922;1;0;1;0;1;0;
35;0.0590399;-0.0592857;0.0590406;-0.0591853;0.0590762;-0.0591699;-0.24211;0.249768;-0.221876;0.249247;-0.200681;0.249242;0.0015625;-0.000495086;0.0023125;0.000527853;0.00481532;0.000440364;0.993295;0;1;0;1;0;
36;-0.0360021;0.0358588;-0.0360016;0.0359172;-0.0359804;0.0359262;-0.221369;0.227841;-0.212128;0.234686;-0.184783;0.235912;0.000911676;-0.000289722;0.00135066;0.00030776;-0.00466047;0.000256664;1;0;1;0;1;0;
37;-0.132257;0.132173;-0.132256;0.132207;-0.132244;0.132212;-0.190475;0.204726;-0.193783;0.214046;-0.158077;0.220528;-0.0064967;-0.000169747;-0.00314461;0.000179416;-0.00653731;0.00014952;1;0;1;0;1;0;
38;-0.205049;0.205;-0.205049;0.20502;-0.205043;0.205023;-0.144825;0.197524;-0.16409;0.202966;-0.110142;0.206752;-0.00379398;-9.96795e-05;-0.00767021;0.000104249;-0.0128568;8.68164e-05;1;0;1;0;1;0;
39;-0.250972;0.250943;-0.250972;0.250954;-0.25097;0.250956;-0.0878008;0.175304;-0.123251;0.178483;-0.0556584;0.180693;-0.00984113;-5.87331e-05;-0.00447985;6.04667e-05;-0.00750932;5.02865e-05;1;0;1;0;1;0;
40;-0.277094;0.277076;-0.277094;0.277082;-0.277094;0.277084;-0.0234992;0.140102;-0.105315;0.141959;-0.00459455;0.143249;0.0254533;-3.47377e-05;-0.00261583;0.000706759;0.0190675;2.89266e-05;1;0;1;0.299456;1;0;
41;-0.289959;0.289947;-0.289958;0.289949;-0.289959;0.289952;0.0339544;0.0898709;-0.0695499;0.0909653;0.0340415;0.091709;0.020629;-2.07096e-05;0.0001617;0.0180556;0.0113035;1.65454e-05;1;0;1;1;1;0;
42;-0.293166;0.292056;-0.293166;0.292954;-0.293452;0.293161;0.0517626;0.0205581;-0.00867736;0.0212022;0.0526163;0.0216292;0.0120488;0.0237941;0.0047884;0.0209615;0.00660206;0.00916609;0.52569;0.919326;1;1;0.610283;1;
43;-0.287145;0.261583;-0.287145;0.287021;-0.287312;0.277936;0.105526;-0.0616028;0.0702309;-0.0629115;0.106025;-0.0626537;0.007036;0.0535048;0.00279647;0.0173047;0.00385526;0.0351285;0;1;0;0.5804;0;1;
44;-0.270066;0.255138;-0.270066;0.269993;-0.270164;0.264686;0.164222;-0.138553;0.143609;-0.139332;0.164513;-0.139172;0.00410864;0.0410766;0.00163278;0.0112386;0.00225102;0.0291293;0;1;0;0.568402;0;1;
45;-0.241494;0.232776;-0.241494;0.241451;-0.241551;0.238352;0.20724;-0.192236;0.195202;-0.192702;0.20741;-0.192603;0.00239898;0.0239942;0.000953089;0.00656506;0.00131414;0.0170138;0;1;0;0.734065;0;1;
46;-0.202303;0.197212;-0.202303;0.202278;-0.202337;0.200469;0.233509;-0.200461;0.226479;-0.225018;0.233608;-0.224957;0.00140049;0.0140146;0.000556096;0.00383416;0.000766982;0.00993502;0;1;0;0.8197;0;1;
47;-0.150865;0.147892;-0.150865;0.15085;-0.150884;0.149794;0.247652;-0.20174;0.243546;-0.242692;0.24771;-0.237918;0.000817314;0.00818551;0.000324187;0.00223889;0.000447414;0.00580022;0;1;0;0.883701;0;1;
48;-0.0819842;0.080248;-0.0819843;0.0819757;-0.0819955;0.0813592;0.249096;-0.196512;0.250962;-0.245086;0.251803;-0.226865;0.000476778;0.00478044;0.000188763;0.00130675;0.000260766;0.00338595;0;1;0;0.891961;0;1;
49;0.00835562;-0.00936927;0.00835559;-0.00836054;0.00834904;-0.00872037;0.238553;-0.180636;0.240601;-0.226289;0.234593;-0.218583;0.000277875;0.00279171;0.000109696;0.000762402;0.000151738;0.00197631;0;1;0;1;0;1;
50;0.107334;-0.107926;0.107334;-0.107337;0.107331;-0.107547;0.216636;-0.15281;0.209064;-0.19889;0.212065;-0.202608;0.000161768;0.00163105;6.35196e-05;-0.0048643;8.80756e-05;-0.00498353;0;1;0;1;0;1;
51;0.187852;-0.188198;0.187852;-0.187854;0.18785;-0.187977;0.208522;-0.114304;0.173085;-0.154641;0.179852;-0.169362;9.39734e-05;0.006643;3.66473e-05;-0.00695591;5.09264e-05;-0.00360648;0;1;0;1;0;1;
52;0.240617;-0.240819;0.240617;-0.240619;0.240615;-0.240689;0.187017;-0.0584787;0.16469;-0.101912;0.170275;-0.12982;5.44163e-05;0.0158351;2.09254e-05;-0.00465337;2.92768e-05;-0.00210563;0;1;0;1;0;1;
53;0.27144;-0.271559;0.27144;-0.271443;0.271439;-0.271482;0.153639;-0.00200733;0.1406;-0.038611;0.143861;-0.0778816;3.13104e-05;0.0212673;1.17846e-05;0.0132283;1.66719e-05;-0.00122917;0;1;0;1;0;1;
54;0.287465;-0.287537;0.287467;-0.28747;0.287466;-0.287492;0.106924;0.0367461;0.0993042;0.0349756;0.101209;0.00665669;0.00811665;0.0176568;6.49806e-06;0.0330071;9.32941e-06;0.0139603;1;1;0;0.978623;0;1;
55;0.292732;-0.2932;0.293158;-0.29316;0.291299;-0.293173;0.0424855;0.0669193;0.0380385;0.0667762;0.0478884;0.0695351;0.0112411;0.0103128;0.0232631;0.0192769;0.045113;0.00815456;1;0.635478;1;0.271859;1;1;
56;0.288224;-0.289837;0.289812;-0.289814;0.288631;-0.289822;-0.0393292;0.103224;-0.0419147;0.10314;-0.0238581;0.104752;0.0108354;0.00602224;0.030661;0.0112572;0.060652;0.00476195;0.801254;0;1;0;1;0;
57;0.275026;-0.275969;0.275954;-0.275956;0.275265;-0.27596;-0.12031;0.157628;-0.12181;0.157579;-0.111257;0.15852;0.0139349;0.00351657;0.0273187;0.00657376;0.0565269;0.00278049;1;0;1;0;1;0;
58;0.249892;-0.250444;0.250435;-0.250436;0.250032;-0.250439;-0.180342;0.20214;-0.181213;0.202112;-0.175044;0.202661;0.010402;0.00205318;0.0159592;0.00383864;0.0330203;0.0016234;1;0;1;0;1;0;
59;0.213861;-0.214184;0.214178;-0.214179;0.213942;-0.214181;-0.217825;0.230557;-0.218328;0.23054;-0.207563;0.230861;0.00607723;0.00119848;0.00932335;0.00224132;0.0192857;0.000947632;1;0;1;0;1;0;
60;0.16631;-0.166499;0.166496;-0.166496;0.166358;-0.166497;-0.238958;0.246395;-0.227627;0.246385;-0.211315;0.246573;0.00354999;0.000699327;0.00544582;0.00130845;0.0112612;0.00055295;1;0;1;0;1;0;
61;0.102953;-0.103064;0.103062;-0.103062;0.102982;-0.103063;-0.248513;0.25348;-0.224296;0.253474;-0.204899;0.253584;0.00207294;0.000407813;0.00318058;0.000763632;0.00657434;0.000322415;1;0;1;0;1;0;
62;0.0183505;-0.018415;0.0184149;-0.0184143;0.0183682;-0.0184147;-0.235185;0.240098;-0.217982;0.242966;-0.194295;0.243829;0.00120964;0.000237568;0.00185777;0.000445464;0.00353814;0.000187781;1;0;1;0;1;0;
63;-0.0809274;0.0808901;-0.0808897;0.0808902;-0.0809169;0.08089;-0.216218;0.218696;-0.203275;0.224839;-0.173863;0.223607;-0.00378844;0.000138175;0.00108512;0.000259642;-0.00391339;0.000109174;1;0;1;0;1;0;
64;-0.168515;0.168493;-0.168493;0.168493;-0.168508;0.168493;-0.180422;0.188573;-0.179506;0.21781;-0.149086;0.217091;-0.0100188;8.01351e-05;-0.0053227;0.000151166;-0.00945587;6.3296e-05;1;0;1;0;1;0;
65;-0.22863;0.228615;-0.228615;0.228615;-0.228624;0.228615;-0.132614;0.180395;-0.139784;0.19747;-0.110843;0.19705;-0.0157166;4.62838e-05;-0.003108;8.78419e-05;-0.0180293;3.65222e-05;1;0;1;0;1;0;
66;-0.264702;0.264692;-0.264692;0.264691;-0.264699;0.264691;-0.0619356;0.155991;-0.0973963;0.165963;-0.0636491;0.165717;-0.0103842;2.64762e-05;-0.00181514;5.09651e-05;-0.0165407;2.09657e-05;1;0;1;0;1;0;
67;-0.284224;0.284217;-0.284217;0.284216;-0.284223;0.284217;0.00625583;0.116654;-0.0544983;0.12248;0.0205153;0.122334;0.0338329;1.50809e-05;-0.00106078;0.0100752;-0.0214317;1.18243e-05;1;0;1;0.484685;1;0;
68;-0.292493;0.292488;-0.29249;0.291999;-0.292494;0.292489;0.0565197;0.059474;-0.00173586;0.0628844;0.0607974;0.0627888;0.0197617;0.0100906;0.00416365;0.0309091;-0.0125136;0.00419288;1;0.582351;1;1;1;0.676817;
69;-0.292073;0.284849;-0.292714;0.288388;-0.292639;0.281872;0.0851062;-0.0173528;0.0510903;-0.0153684;0.0876043;-0.015421;0.0115404;0.0366959;0.00338532;0.018056;-0.00730827;0.0267648;0;1;0.952703;1;0;1;
70;-0.281167;0.276948;-0.281541;0.279015;-0.281497;0.271876;0.140087;-0.0945442;0.120222;-0.0993584;0.141546;-0.0993764;0.00673914;0.0417755;0.00197662;0.0105476;-0.00426844;0.032236;0;1;0;0.469786;0;1;
71;-0.258709;0.256246;-0.258928;0.257452;-0.258902;0.253283;0.189916;-0.163303;0.178314;-0.166128;0.190768;-0.166132;0.00393521;0.0244057;0.00115393;0.00616209;-0.00249316;0.01883;0;1;0;0.706401;0;1;
72;-0.225289;0.22385;-0.225416;0.224554;-0.225401;0.222119;0.223233;-0.201697;0.216458;-0.20934;0.223731;-0.209337;0.00229766;0.0142566;0.000673402;0.00359952;-0.00145646;0.0109977;0;1;0;0.770381;0;1;
73;-0.180993;0.180153;-0.181068;0.180564;-0.181059;0.179143;0.242488;-0.200859;0.238531;-0.234373;0.242779;-0.234368;0.00134128;0.00832716;0.000392726;0.00210194;-0.000851051;0.00642132;0;1;0;0.845394;0;1;
74;-0.122496;0.122005;-0.12254;0.122246;-0.122534;0.121416;0.251929;-0.202593;0.249618;-0.247188;0.252098;-0.234817;0.000782742;0.00486345;0.000228778;0.00122715;-0.000497519;0.00374778;0;1;0;0.910832;0;1;
75;-0.0439102;0.0436237;-0.0439356;0.0437639;-0.0439325;0.0432797;0.247138;-0.190655;0.247476;-0.238084;0.247092;-0.223222;0.000456576;0.00284006;0.000133054;0.000715756;-0.000291084;0.00218758;0;1;0;0.944514;0;1;
76;0.0534412;-0.0536081;0.0534263;-0.0535265;0.0534282;-0.0538092;0.231754;-0.169766;0.232899;-0.215348;0.222918;-0.210977;0.00026609;0.00165887;7.71589e-05;-0.00234094;-0.000170536;0.00127695;0;1;0;1;0;1;
77;0.14692;-0.147017;0.146911;-0.14697;0.146912;-0.147135;0.222502;-0.13865;0.225105;-0.180722;0.197746;-0.189079;0.000154914;0.00328458;4.45484e-05;-0.00917352;-0.000100095;-0.00966337;0;1;0;0.879863;0;1;
78;0.214775;-0.214833;0.21477;-0.214805;0.214771;-0.214901;0.205;-0.0887959;0.20652;-0.133623;0.190542;-0.154459;8.9968e-05;0.0113462;2.55093e-05;-0.00535707;-5.89387e-05;-0.00564316;0;1;0;1;0;1;
79;0.256703;-0.256737;0.2567;-0.256721;0.2567;-0.256776;0.176176;-0.0335652;0.177064;-0.0736221;0.167733;-0.108264;5.20847e-05;0.0190304;1.44321e-05;-0.00720229;-3.48994e-05;-0.00329502;0;1;0;1;0;1;
80;0.280129;-0.280151;0.280129;-0.280142;0.280129;-0.280174;0.136103;-0.00155776;0.136618;-0.0103093;0.131169;-0.0337635;0.00467687;0.0186597;7.96746e-06;0.0284055;-2.07924e-05;0.0110983;1;1;0;1;0;1;
81;0.291148;-0.291162;0.291149;-0.291157;0.291148;-0.291175;0.0813464;0.047097;0.0816396;0.0437266;0.0784572;0.0669883;0.0227331;0.0155735;0.00753574;0.0165924;0.00596006;0.0272667;1;1;1;1;0.49559;1;
82;0.292811;-0.292983;0.292812;-0.292817;0.291641;-0.292827;0.0078043;0.0672122;0.00797995;0.0652447;0.0105073;0.121548;0.0157563;0.00909459;0.0287878;0.00969015;0.0526773;0.0159261;1;0;1;0;1;1;
83;0.28502;-0.285121;0.28502;-0.285024;0.284338;-0.28503;-0.0770938;0.120906;-0.076979;0.119757;-0.0726019;0.152638;0.0135133;0.00531086;0.0348283;0.00565861;0.0622517;0.00930037;0.658695;0;1;0;1;0;
84;0.265887;-0.265948;0.265888;-0.265891;0.26549;-0.265895;-0.150144;0.175735;-0.150069;0.175064;-0.147507;0.194266;0.0125665;0.00310107;0.0257475;0.00330427;0.040758;0.00543095;0.907846;0;1;0;1;0;
85;0.235439;-0.235474;0.23544;-0.235441;0.235207;-0.235443;-0.199524;0.214472;-0.199474;0.21408;-0.19722;0.225294;0.0081926;0.0018105;0.0150409;0.00192927;0.0238076;0.00317123;1;0;1;0;1;0;
86;0.194342;-0.194364;0.194343;-0.194344;0.194208;-0.194345;-0.228902;0.237633;-0.227504;0.237404;-0.212302;0.243953;0.00478631;0.00105675;0.0087862;0.00112626;0.0139029;0.00185154;0.883462;0;1;0;1;0;
87;0.140326;-0.140338;0.140326;-0.140327;0.140248;-0.140327;-0.244616;0.249717;-0.224951;0.249583;-0.211026;0.253408;0.00279586;0.000616542;0.00513163;0.000657262;0.0081168;0.00108082;1;0;1;0;1;0;
88;0.0677849;-0.0677919;0.0677855;-0.0677852;0.0677403;-0.0677857;-0.244368;0.250195;-0.219466;0.250935;-0.202913;0.249889;0.0016324;0.000359469;0.00299732;0.000383357;0.00473749;0.000630697;0.973468;0;1;0;1;0;
89;-0.025706;0.0257021;-0.0257054;0.0257059;-0.025731;0.0257056;-0.22506;0.231163;-0.211297;0.237295;-0.188389;0.237447;0.000952644;0.000209326;0.00175097;0.000223389;-0.0046027;0.000367826;1;0;1;0;1;0;
90;-0.123251;0.123249;-0.12325;0.123251;-0.123265;0.123251;-0.19404;0.207071;-0.194288;0.215728;-0.165778;0.202866;-0.00378494;0.000121665;0.00102304;0.000130162;-0.00779389;0.000214494;1;0;1;0;1;0;
91;-0.198942;0.198941;-0.198942;0.198942;-0.198951;0.198942;-0.153676;0.200493;-0.164169;0.205602;-0.118875;0.175871;-0.0145701;7.05064e-05;-0.00247573;7.54693e-05;-0.0154565;0.000124729;1;0;1;0;1;0;
92;-0.247327;0.247326;-0.247327;0.247326;-0.247333;0.247326;-0.0999352;0.179021;-0.12667;0.182005;-0.0642769;0.164643;-0.00850829;4.06169e-05;-0.00465381;4.36806e-05;-0.00997815;7.24777e-05;1;0;1;0;1;0;
93;-0.275124;0.275123;-0.275124;0.275122;-0.275128;0.275123;-0.0266106;0.144802;-0.0576022;0.146547;-0.0283149;0.136405;0.0177497;2.32679e-05;-0.00271819;0.00404457;-0.00312709;4.19312e-05;1;0;1;0.739606;1;0;
94;-0.289121;0.289121;-0.289121;0.289118;-0.289123;0.289121;0.0258702;0.0960812;0.0423185;0.0971081;0.0255872;0.0911789;0.0178758;1.31646e-05;0.0226215;0.011632;-0.00724743;0.0037889;1;0;1;1;1;0.667712;
95;-0.293238;0.293016;-0.293224;0.293235;-0.29324;0.296108;0.0487997;0.0286636;0.102757;0.0292602;0.0423997;0.025801;0.0104409;0.0298936;0.0132138;0.0105817;-0.0042326;0.0330921;0.562065;1;1;1;0.0841126;1;
96;-0.288223;0.288093;-0.288214;0.28822;-0.288224;0.290478;0.099821;-0.0545646;0.131334;-0.0542318;0.0960834;-0.0562398;0.00609701;0.0405572;0.00771764;0.010044;-0.00247217;0.0357042;0;1;0.295814;0.489858;0;1;
97;-0.27234;0.272265;-0.272335;0.272337;-0.272341;0.273658;0.159142;-0.132696;0.177546;-0.132516;0.156959;-0.133678;0.00356028;0.0392368;0.00450665;0.00676006;-0.00144414;0.0242009;0;1;0;0.417517;0;1;
98;-0.244882;0.244838;-0.244879;0.244879;-0.244883;0.245653;0.203883;-0.186549;0.214631;-0.188332;0.202609;-0.189005;0.00207874;0.0229211;0.00263138;0.00395009;-0.000843774;0.0141357;0;1;0;0.678925;0;1;
