1;-0.000363587;0.000116064;9.94835e-05;-0.000363587;0.000116064;9.94837e-05;0.0349769;0.0347455;0.0352594;0.0349769;0.0347456;0.0352595;0.808667;0.808665;0.808666;0.808667;0.808665;0.808666;0;0;0;0;0;0;
2;-0.00266514;0.00575433;-0.010692;-0.00503232;0.0118919;0.00950708;0.140856;0.179821;0.127653;0.14349;0.142501;0.120967;0.472388;0.472451;0.47238;0.472363;0.472365;0.472325;1;1;1;1;1;1;
3;-0.000981723;0.00293514;-0.0105813;0.000217851;0.0077636;0.00559841;0.0823445;0.109871;0.085511;0.0837189;0.0841557;0.0794979;0.275888;0.275938;0.275888;0.275876;0.275881;0.275854;0;1;1;0.762738;0.932098;0.817594;
4;0.000133803;0.000231356;-0.00745815;0.0059528;0.0068138;0.00332922;0.0480624;0.0783063;0.0527489;0.054172;0.0511664;0.0464577;0.161121;0.161162;0.161129;0.161121;0.161124;0.161104;0.277485;1;1;0.849338;1;1;
5;0.00352338;-0.000741004;-0.00362694;0.0026006;0.00485532;0.00106808;0.0278158;0.066521;0.0385477;0.0479879;0.0424278;0.02942;0.094098;0.094127;0.0941048;0.0941009;0.0941018;0.0940885;0.735062;1;1;0.959328;1;1;
6;0.00346602;-0.0015401;-0.00231452;0.000411554;0.00394288;-0.000483626;0.0155888;0.0617932;0.0376171;0.0422202;0.0376902;0.031049;0.0549552;0.0549772;0.0549618;0.0549597;0.0549599;0.0549507;0.813312;1;1;0.941276;1;1;
7;0.00374739;-0.00206399;-0.00162296;-0.0010028;0.00354599;-0.00152567;0.00995198;0.0583656;0.0359395;0.0409279;0.034644;0.0298299;0.0320955;0.0321128;0.0321021;0.0321003;0.0321005;0.0320939;0.842106;1;1;0.92685;1;1;
8;0.00359803;-0.00186487;-0.00223035;-0.00171914;0.00322115;-0.00202454;0.00976891;0.0576453;0.0296952;0.0423653;0.0327595;0.0284431;0.0187457;0.0187593;0.018752;0.0187503;0.0187505;0.0187452;0.848328;1;1;0.939927;1;1;
9;0.00263975;0.000153188;-0.00297989;-0.00112439;0.00241958;-0.00171742;0.00606666;0.0577448;0.0286266;0.0419993;0.031013;0.0309336;0.0109492;0.0131807;0.0109551;0.0109536;0.0109542;0.0109494;0.886864;1;1;0.900651;1;1;
10;0.000646626;0.000984824;-0.00674369;0.000238659;0.00051785;-0.000107699;0.00487223;0.0576287;0.0243154;0.0450745;0.0298958;0.0329838;0.00639652;0.0127397;0.00893366;0.00640005;0.00896683;0.00639647;0.920275;1;1;0.881578;1;1;
11;-0.00326812;0.00422127;-0.0136469;0.00378537;-0.00334356;0.00358313;0.00286693;0.059892;0.0227677;0.0467586;0.0282759;0.0357996;0.00373789;0.0118305;0.00781362;0.00381941;0.0095432;0.00373745;0.968979;1;1;0.854283;1;1;
12;-0.0102081;0.010765;-0.0163003;0.0105104;-0.0102522;0.0103923;-0.00422257;0.0664941;0.0170374;0.0480592;0.0271133;0.0385162;0.00218503;0.0121835;0.00828651;0.00301534;0.00956676;0.00218454;0.957489;1;1;0.825633;1;1;
13;-0.021419;0.0217446;-0.0249779;0.0215959;-0.0214449;0.021527;-5.62472e-05;0.0609332;0.0185329;0.04961;0.0267708;0.0399407;0.00127825;0.0105088;0.00850703;0.00270767;0.0111659;0.00127759;1;1;1;0.823725;1;1;
14;-0.0380047;0.0381948;-0.0400839;0.0381083;-0.0380199;0.038068;0.00116277;0.059398;0.020031;0.0458802;0.0278237;0.0379817;0.000748589;0.0121622;0.00873854;0.00269383;0.00866774;0.000748141;1;1;1;0.784048;1;1;
15;-0.0602752;0.0603863;-0.0614906;0.0603363;-0.0602844;0.0603128;0.0125201;0.0564338;0.0290046;0.0347712;0.0304201;0.0308531;0.0014968;0.0160612;0.006644;0.00508951;0.00506504;0.00325694;0.885267;1;1;1;1;1;
16;-0.0867162;0.0867807;-0.0874266;0.0867523;-0.0867217;0.0867385;0.0187482;0.0482246;0.0494993;0.0108633;0.0359418;0.0170304;0.000875415;0.0241715;0.0038822;0.00707115;0.00295892;0.00869433;0.653586;1;1;1;0.63942;1;
17;-0.113108;0.113145;-0.113522;0.113129;-0.113111;0.113121;0.0438259;0.0256813;0.0617867;-0.0265271;0.0538669;-0.0221158;0.00051093;0.0368236;0.00226835;0.00968878;0.00172763;0.0143087;0;1;0.922393;1;0;1;
18;-0.132794;0.132816;-0.133036;0.132806;-0.132796;0.132802;0.087159;-0.0465185;0.097648;-0.0770526;0.093023;-0.07447;0.000297988;0.0433011;0.0013243;0.00693663;0.00100857;0.0179048;0;1;0;1;0;1;
19;-0.138308;0.138321;-0.13845;0.138315;-0.138309;0.138312;0.138684;-0.114934;0.144809;-0.132778;0.142108;-0.131265;0.000173628;0.0313543;0.000772989;0.00543134;0.000588612;0.0112819;0;1;0;1;0;1;
20;-0.123565;0.123573;-0.123647;0.123568;-0.123565;0.123567;0.183115;-0.167061;0.186692;-0.179663;0.185115;-0.178776;0.00010097;0.0223624;0.000450982;0.00317337;0.000343324;0.00659083;0;1;0;1;0;1;
21;-0.084384;0.0843896;-0.0844323;0.0843863;-0.0843845;0.0843853;0.21326;-0.182821;0.21535;-0.211243;0.214428;-0.210721;5.84799e-05;0.0130627;0.000262875;0.00185309;0.000200041;0.00384945;0;1;0;1;0;1;
22;-0.0173039;0.0173082;-0.0173321;0.0173052;-0.0173043;0.0173047;0.229562;-0.182117;0.230782;-0.228383;0.230244;-0.221512;3.36153e-05;0.0076304;0.000152979;0.00108105;0.000116349;0.00224736;0;1;0;1;0;1;
23;0.072546;-0.0725429;0.0725296;-0.0725453;0.0725458;-0.0725452;0.229085;-0.167133;0.22949;-0.211229;0.229449;-0.218426;1.91167e-05;0.00445708;8.87557e-05;0.000630437;6.74631e-05;-0.00644436;0;1;0;1;0;1;
24;0.159619;-0.159618;0.15961;-0.159619;0.159619;-0.159619;0.221854;-0.136857;0.221995;-0.188682;0.222698;-0.190264;1.06003e-05;0.00260404;5.12894e-05;-0.0117283;3.89227e-05;-0.0104478;0;1;0;1;0;1;
25;0.222491;-0.22249;0.222485;-0.222491;0.222491;-0.222491;0.202807;-0.0884668;0.202889;-0.141412;0.2033;-0.15403;5.64544e-06;-0.00535438;2.94056e-05;-0.00811435;2.22471e-05;-0.00610257;0;1;0;1;0;1;
26;0.261128;-0.261128;0.261125;-0.26113;0.261128;-0.261128;0.172773;-0.0433107;0.172822;-0.08315;0.173061;-0.143357;2.80397e-06;0.01194;1.66935e-05;-0.00792258;1.2557e-05;-0.00356431;0;1;0;1;0;1;
27;0.282492;-0.282495;0.282491;-0.282497;0.282493;-0.282494;0.131362;0.0200762;0.131388;-0.0049213;0.131528;-0.11418;0.00297984;0.0222681;9.26489e-06;0.0107898;6.93871e-06;-0.002082;0.791171;1;0;1;0;1;
28;0.292153;-0.292157;0.292154;-0.292158;0.292154;-0.292156;0.0748008;0.0567382;0.0748072;0.0564556;0.0748904;-0.0647533;0.0196929;0.0130075;5.03583e-06;0.0198034;0.00223647;-0.0012158;1;1;0;1;0.479032;1;
29;0.289662;-0.299681;0.290069;-0.296247;0.285542;-0.298313;-0.000591128;0.0774173;-0.000587473;0.0772515;-0.000534442;0.00646944;0.015283;0.00759664;0.0142441;0.0115653;0.0455368;-0.000709515;1;0.0253064;1;0;1;1;
30;0.281973;-0.287824;0.282211;-0.285819;0.27938;-0.287026;-0.0854133;0.130283;-0.0854013;0.130186;-0.0853598;0.0888493;0.00992897;0.00443604;0.0246062;0.00675362;0.0566787;-0.00041498;0.784093;0;1;0;1;0;
31;0.262328;-0.265746;0.262468;-0.264575;0.260813;-0.26528;-0.156235;0.182443;-0.156222;0.182386;-0.156193;0.158246;0.0137759;0.00259016;0.0175962;0.00394373;0.0334528;-0.000242695;1;0;1;0;1;0;
32;0.231198;-0.233195;0.23128;-0.23251;0.230313;-0.232922;-0.203298;0.218607;-0.203286;0.218574;-0.202597;0.204476;0.00813924;0.0015121;0.0102798;0.0023027;0.0195393;-0.000142097;1;0;1;0;1;0;
33;0.189192;-0.190358;0.18924;-0.189959;0.188675;-0.190199;-0.231023;0.239965;-0.22902;0.239946;-0.215759;0.231713;0.00475498;0.000882487;0.0060053;0.00134432;0.0114096;-8.33843e-05;1;0;1;0;1;0;
34;0.133723;-0.134404;0.133751;-0.13417;0.133421;-0.134311;-0.245637;0.250861;-0.227283;0.25085;-0.209953;0.246041;0.00277721;0.000514773;0.00350701;0.000784589;0.00666048;-4.91767e-05;1;0;1;0;1;0;
35;0.0590623;-0.0594597;0.0590787;-0.0593235;0.0588865;-0.0594055;-0.242542;0.249348;-0.221774;0.249362;-0.200601;0.249173;0.00162124;0.000300047;0.0020482;0.000457703;0.00388729;-2.92168e-05;1;0;1;0;1;0;
36;-0.035989;0.0357571;-0.0359793;0.0358365;-0.0360912;0.0357886;-0.216843;0.228393;-0.216808;0.236028;-0.188685;0.235931;0.000945889;-0.00119118;-0.00398763;0.000266776;-0.00538648;-1.75835e-05;1;0;1;0;1;0;
37;-0.132249;0.132114;-0.132243;0.13216;-0.13231;0.132132;-0.189299;0.204873;-0.198382;0.225807;-0.162781;0.22254;-0.00269067;-0.000696244;-0.00545615;0.000155407;-0.00978437;-1.06305e-05;1;0;1;0;1;0;
38;-0.205045;0.204966;-0.205041;0.204993;-0.205082;0.204976;-0.144865;0.19761;-0.16825;0.209835;-0.117647;0.207927;-0.00544492;-0.000407152;-0.00318748;9.02923e-05;-0.0161131;-6.69108e-06;1;0;1;0;1;0;
39;-0.250969;0.250923;-0.250967;0.250938;-0.250993;0.250929;-0.0876898;0.175354;-0.158145;0.182494;-0.0612434;0.181379;-0.00613175;-0.000238273;-0.00186214;5.22929e-05;-0.0132793;-4.35064e-06;1;0;1;0;1;0;
40;-0.277092;0.277064;-0.277091;0.277073;-0.277108;0.277068;-0.0100784;0.140131;-0.13008;0.144301;-0.0141329;0.14365;0.0193273;-0.000139582;-0.00108804;0.000929369;-0.051732;-2.96415e-06;1;0;1;0.371161;1;0;
41;-0.289957;0.289941;-0.289957;0.289943;-0.289967;0.289943;0.030991;0.089888;-0.0840135;0.0923333;0.0257208;0.091943;0.017499;-8.19329e-05;-0.000635098;0.0166266;-0.0302102;-2.08429e-06;1;0;1;1;1;0;
42;-0.293164;0.292515;-0.293165;0.290658;-0.293301;0.293156;0.0500323;0.0205669;-0.0171242;0.022002;0.0469546;0.021764;0.0102212;0.0250581;0.00176006;0.0232333;-0.0176423;0.00112949;0.578608;0.877329;1;1;0.719393;0.893384;
43;-0.287144;0.286764;-0.287145;0.28568;-0.287224;0.287138;0.104516;-0.0632708;0.0652988;-0.0624436;0.102718;-0.0625773;0.0059687;0.039224;0.00102802;0.0187684;-0.0103034;0.02029;0;1;0.409631;0.904042;0;1;
44;-0.270066;0.269844;-0.270066;0.26921;-0.270112;0.270062;0.163632;-0.139528;0.140729;-0.13906;0.162582;-0.139128;0.00348529;0.0299143;0.000599974;0.0109635;-0.00601757;0.01923;0;1;0;0.681505;0;1;
45;-0.241493;0.241363;-0.241494;0.240993;-0.241521;0.241491;0.206895;-0.162084;0.19352;-0.192543;0.206282;-0.192577;0.00203493;0.0357445;0.000349945;0.00640457;-0.00351463;0.0112328;0;1;0;0.977061;0;1;
46;-0.202303;0.202227;-0.202303;0.202011;-0.202319;0.202301;0.233308;-0.165342;0.225497;-0.224923;0.23295;-0.221736;0.00118782;0.0291006;0.000203814;0.00374206;-0.00205296;0.0065621;0;1;0;1;0;1;
47;-0.150865;0.15082;-0.150865;0.150694;-0.150874;0.150863;0.247534;-0.187188;0.242973;-0.242635;0.247325;-0.219236;0.000693138;0.0170003;0.000118487;0.00218717;-0.00119943;0.00383334;0;1;0;1;0;1;
48;-0.0819841;0.0819586;-0.0819842;0.081884;-0.0819897;0.0819833;0.252394;-0.194506;0.250627;-0.241523;0.252252;-0.222877;0.000404291;0.00992875;6.86667e-05;0.00127728;-0.000701006;0.0022391;0;1;0;1;0;1;
49;0.00835575;-0.00837002;0.0083557;-0.0084143;0.00835239;-0.00835586;0.239567;-0.181232;0.239336;-0.223465;0.234699;-0.21937;0.000235551;0.00579862;3.9544e-05;0.00074548;-0.00040993;0.00130644;0;1;0;1;0;1;
50;0.107334;-0.107343;0.107334;-0.107369;0.107332;-0.107334;0.21377;-0.150071;0.21421;-0.198519;0.21298;-0.203178;0.000137045;0.00338706;2.25604e-05;-0.00130675;-0.000239927;-0.00510248;0;1;0;1;0;1;
51;0.187852;-0.187857;0.187852;-0.187872;0.187851;-0.187852;0.205572;-0.111309;0.206004;-0.157896;0.204589;-0.1686;7.95593e-05;0.00976007;1.26873e-05;-0.0117922;-0.000140593;-0.00389407;0;1;0;1;0;1;
52;0.240617;-0.24062;0.240617;-0.240629;0.240616;-0.240617;0.185295;-0.0587994;0.185547;-0.104482;0.184721;-0.130657;4.59861e-05;0.0172153;6.92295e-06;-0.00688611;-8.2602e-05;-0.00227354;0;1;0;1;0;1;
53;0.27144;-0.271443;0.27144;-0.271449;0.271439;-0.27144;0.152633;-0.00188792;0.152781;-0.0375107;0.152298;-0.0779339;2.63797e-05;0.0218338;3.59054e-06;0.0122164;-4.8675e-05;-0.00132732;0;1;0;1;0;1;
54;0.287466;-0.287469;0.287466;-0.287473;0.287467;-0.287467;0.106336;0.0341678;0.106418;0.0403821;0.106136;0.0118657;0.00506274;0.0218123;2.05491e-06;0.0322878;-2.88112e-05;0.0157452;1;1;0.582847;1;0;1;
55;0.293157;-0.29316;0.293158;-0.293162;0.29221;-0.293159;0.0421421;0.059702;0.0421939;0.0743527;0.0420307;0.0673245;0.0109503;0.012739;0.0224709;0.0188584;0.0383676;0.00919673;1;0.480647;1;0.783966;1;1;
56;0.289812;-0.289814;0.289741;-0.289815;0.287348;-0.289813;-0.0395292;0.0990088;-0.0394885;0.107565;-0.0352558;0.103461;0.0134259;0.00743917;0.0285578;0.0110128;0.0561666;0.00537039;0.824716;0;1;0;1;0;
57;0.275954;-0.275956;0.275913;-0.275956;0.274514;-0.275955;-0.120426;0.155166;-0.120395;0.160163;-0.117916;0.157766;0.0151498;0.00434402;0.0234532;0.00643104;0.0411123;0.00313588;0.953029;0;1;0;1;0;
58;0.250435;-0.250437;0.250411;-0.250437;0.249594;-0.250436;-0.18041;0.200703;-0.180386;0.203621;-0.178777;0.202221;0.0105201;0.00253638;0.0173513;0.0037553;0.0240291;0.00183098;1;0;1;0;1;0;
59;0.214178;-0.214179;0.214164;-0.214179;0.213687;-0.214179;-0.217864;0.229718;-0.216408;0.231422;-0.205443;0.230604;0.00614629;0.00148067;0.010136;0.00219264;0.0140347;0.00106885;1;0;1;0;1;0;
60;0.166495;-0.166496;0.166487;-0.166496;0.166208;-0.166496;-0.238981;0.245905;-0.229845;0.2469;-0.211535;0.246423;0.00359047;0.000864134;0.00592017;0.00128001;0.00819496;0.000623736;1;0;1;0;1;0;
61;0.103062;-0.103062;0.103057;-0.103062;0.102894;-0.103062;-0.247986;0.253193;-0.224862;0.253775;-0.20621;0.253496;0.00209676;0.000504059;0.0034574;0.000747024;0.00478345;0.000363752;1;0;1;0;1;0;
62;0.0184141;-0.0184142;0.0184114;-0.0184142;0.0183171;-0.0184142;-0.233739;0.239784;-0.217603;0.242875;-0.195498;0.244049;0.00122372;0.000293779;0.00201934;0.000435755;-0.00354861;0.000211916;1;0;1;0;1;0;
63;-0.0808904;0.0808906;-0.0808919;0.0808903;-0.0809468;0.0808903;-0.209732;0.218638;-0.206266;0.223758;-0.17465;0.225417;0.00071405;0.000170987;0.00117956;0.000254003;-0.00907817;0.000123279;1;0;1;0;1;0;
64;-0.168493;0.168493;-0.168494;0.168493;-0.168526;0.168493;-0.171963;0.188183;-0.182059;0.217179;-0.137499;0.218148;-0.00971783;9.92906e-05;-0.0104916;0.000147894;-0.0088167;7.15487e-05;1;0;1;0;1;0;
65;-0.228616;0.228615;-0.228616;0.228615;-0.228636;0.228615;-0.121456;0.180167;-0.147249;0.197101;-0.0857616;0.197667;-0.00567466;5.74579e-05;-0.00612723;8.59453e-05;-0.00975159;4.13596e-05;1;0;1;0;1;0;
66;-0.264693;0.264692;-0.264692;0.264691;-0.264705;0.264691;-0.0581278;0.155858;-0.135186;0.165748;-0.027788;0.166078;-0.00793646;3.30785e-05;-0.00357825;4.97731e-05;-0.00363086;2.37163e-05;1;0;1;0;1;0;
67;-0.284218;0.284217;-0.284218;0.284215;-0.284227;0.284217;0.0121376;0.116576;-0.104501;0.122357;0.00104735;0.122544;0.0247728;1.88926e-05;-0.00209;0.00840702;0.010378;1.34516e-05;1;0;1;0.767744;1;0;
68;-0.29249;0.292489;-0.292491;0.290836;-0.292496;0.292489;0.0546562;0.0594268;-0.0523662;0.0628146;0.0496648;0.0629105;0.0144704;0.00537907;-0.00120037;0.0340348;0.00606182;7.51037e-06;0.972338;0.384175;1;1;0.760736;0;
69;-0.291736;0.282874;-0.296749;0.287809;-0.294176;0.28653;0.0840177;-0.0173827;0.0215238;-0.0154062;0.0811029;-0.0153538;0.00845025;0.0339758;-0.000699349;0.0274315;0.0035397;0.0073537;0;1;1;1;0;1;
70;-0.28097;0.275795;-0.283898;0.278677;-0.282395;0.277928;0.139451;-0.100519;0.102955;-0.0993801;0.137749;-0.0993397;0.00493448;0.0355767;-0.000408806;0.016023;0.00206677;0.0266741;0;1;0;0.737681;0;1;
71;-0.258594;0.255572;-0.260304;0.257254;-0.259427;0.256818;0.189544;-0.166793;0.168231;-0.166141;0.18855;-0.16611;0.00288129;0.0276699;-0.00023916;0.00935973;0.00120659;0.0172503;0;1;0;0.599559;0;1;
72;-0.225222;0.223457;-0.22622;0.224439;-0.225708;0.224184;0.223016;-0.197847;0.210569;-0.209347;0.222436;-0.209324;0.00168217;0.0161634;-0.000140147;0.00546693;0.000704188;0.0100748;0;1;0;0.805767;0;1;
73;-0.180954;0.179923;-0.181537;0.180497;-0.181238;0.180348;0.242361;-0.200564;0.235092;-0.234378;0.242022;-0.234361;0.000981837;0.00944093;-8.23811e-05;0.0031926;0.00041075;0.00588259;0;1;0;0.871759;0;1;
74;-0.122473;0.121871;-0.122814;0.122206;-0.122639;0.12212;0.251855;-0.202331;0.24761;-0.247191;0.251657;-0.235881;0.000572829;0.00551398;-4.86764e-05;0.00186409;0.000239367;0.00343307;0;1;0;0.945099;0;1;
75;-0.0438968;0.0435453;-0.0440957;0.0437409;-0.0439935;0.0436909;0.247451;-0.190601;0.247298;-0.2377;0.247338;-0.223379;0.000333985;0.00322005;-2.89702e-05;0.00108773;0.000139255;0.00200368;0;1;0;0.750325;0;1;
76;0.053449;-0.0536539;0.0533328;-0.05354;0.0533925;-0.0535689;0.231999;-0.169812;0.23248;-0.214693;0.223013;-0.210902;0.000194491;0.00188089;-1.74731e-05;-0.00116082;8.07873e-05;0.00106504;0;1;0;1;0;1;
77;0.146924;-0.147044;0.146857;-0.146978;0.146891;-0.146994;0.223085;-0.138647;0.22359;-0.180979;0.197544;-0.188832;0.000113094;0.00359049;-1.07041e-05;-0.00961136;4.66785e-05;-0.00969644;0;1;0;1;0;1;
78;0.214778;-0.214848;0.214738;-0.21481;0.214759;-0.214819;0.20534;-0.0884514;0.205635;-0.133673;0.190424;-0.154736;6.55457e-05;0.0120888;-6.7666e-06;-0.00561283;2.67773e-05;-0.00566249;0;1;0;1;0;1;
79;0.256704;-0.256746;0.256681;-0.256724;0.256693;-0.256728;0.176375;-0.0347488;0.176547;-0.0793914;0.167664;-0.112348;3.7852e-05;0.018095;-4.38627e-06;-0.00636388;1.51535e-05;-0.00330649;0;1;0;1;0;1;
80;0.280131;-0.280157;0.280118;-0.280145;0.280125;-0.280146;0.136217;0.0142897;0.136316;-0.00383655;0.131129;-0.0480784;0.00217401;0.0260003;-3.06386e-06;0.018496;8.50001e-06;-0.00193091;0.585442;1;0;0.982326;0;1;
81;0.291149;-0.291166;0.291142;-0.291159;0.291146;-0.291158;0.0814102;0.053029;0.0814643;0.0510719;0.0784351;0.047307;0.00984836;0.0178203;0.00796649;0.027536;0.0113614;0.0177151;1;1;1;0.872567;0.598195;1;
82;0.292154;-0.292823;0.291163;-0.292818;0.289145;-0.292818;0.00784159;0.0706772;0.00787638;0.0695348;0.0103508;0.0673397;0.0122861;0.0104071;0.0274031;0.0160814;0.047991;0.0103479;1;0;1;0.150161;1;0.944922;
83;0.284636;-0.285027;0.284056;-0.285024;0.282879;-0.285024;-0.0770724;0.12293;-0.0770395;0.122262;-0.0750181;0.12098;0.0112364;0.00607736;0.032334;0.00939103;0.0620786;0.00604266;1;0;1;0;1;0;
84;0.265663;-0.265893;0.265325;-0.265891;0.264638;-0.265891;-0.150133;0.176916;-0.150105;0.176527;-0.148918;0.175778;0.01031;0.00354871;0.0227878;0.00548397;0.040572;0.00352848;1;0;1;0;1;0;
85;0.235307;-0.235442;0.23511;-0.235441;0.234709;-0.235441;-0.199517;0.215162;-0.199495;0.214934;-0.195742;0.214497;0.00648415;0.00207191;0.0133127;0.00320218;0.0236993;0.00206022;1;0;1;0;1;0;
86;0.194265;-0.194345;0.19415;-0.194344;0.193916;-0.194344;-0.228898;0.238036;-0.228709;0.237903;-0.209817;0.237648;0.00378797;0.00120942;0.0077766;0.0018696;0.0138402;0.0012027;1;0;1;0;1;0;
87;0.14028;-0.140327;0.140213;-0.140326;0.140077;-0.140326;-0.244614;0.249952;-0.229169;0.249875;-0.213028;0.249726;0.00221192;0.000705713;0.00454158;0.00109134;0.00808044;0.000701875;1;0;1;0;1;0;
88;0.0677582;-0.0677853;0.0677189;-0.067785;0.0676399;-0.067785;-0.247873;0.251255;-0.223904;0.250489;-0.206463;0.250549;0.00129045;0.00041155;0.00265221;0.000636834;0.00471581;0.00040938;1;0;1;0;1;0;
89;-0.025722;0.0257061;-0.0257448;0.0257062;-0.0257902;0.0257062;-0.228966;0.230817;-0.213375;0.237717;-0.192536;0.238462;-0.00486588;0.000239759;0.00154905;0.00037139;-0.0107755;0.000238558;1;0;1;0;1;0;
90;-0.123261;0.123251;-0.123274;0.123251;-0.1233;0.123251;-0.200301;0.206743;-0.196775;0.221599;-0.170731;0.223649;-0.00435995;0.000139458;0.00090491;0.000216538;-0.0107398;0.000138944;1;0;1;0;1;0;
91;-0.198949;0.198942;-0.198956;0.198942;-0.198971;0.198942;-0.158368;0.200328;-0.167447;0.20903;-0.124086;0.210227;-0.0129514;8.09078e-05;-0.00974532;0.000125928;-0.019106;8.06225e-05;1;0;1;0;1;0;
92;-0.247332;0.247327;-0.247335;0.247327;-0.247346;0.247327;-0.101699;0.178925;-0.127986;0.184007;-0.071788;0.184706;-0.00756402;4.67182e-05;-0.00569147;7.313e-05;-0.0111608;4.66689e-05;1;0;1;0;1;0;
93;-0.275129;0.275124;-0.275129;0.275124;-0.275136;0.275124;-0.0275322;0.144746;-0.113026;0.147714;-0.00843667;0.148122;-0.00366962;2.68534e-05;-0.00332324;4.25021e-05;0.000782883;2.6797e-05;1;0;1;0.183643;1;0;
94;-0.289125;0.289121;-0.289125;0.289119;-0.289129;0.289121;0.0188031;0.0960483;-0.0775185;0.0977903;0.0258348;0.09802;0.0121642;1.52656e-05;-0.000654135;0.0112384;0.00775864;1.52909e-05;1;0;1;1;1;0;
95;-0.293241;0.293135;-0.293241;0.293237;-0.293244;0.293238;0.038442;0.0286361;-0.0178044;0.0296619;0.0425482;0.0297873;0.00710627;0.0133523;0.00983539;0.0202535;0.00453241;0.0026173;1;0.488979;1;1;0.953962;1;
96;-0.288225;0.288162;-0.288225;0.288223;-0.288227;0.288223;0.0937723;-0.0545853;0.0609287;-0.0539944;0.09617;-0.053918;0.00414963;0.0259031;0.00574526;0.0191092;0.00264655;0.016401;0;1;0.827286;1;0;1;
97;-0.272341;0.272305;-0.272341;0.27234;-0.272342;0.27234;0.15561;-0.132709;0.136429;-0.132378;0.15701;-0.132324;0.00242297;0.0273345;0.00335482;0.011162;0.00154518;0.0151084;0;1;0;0.633195;0;1;
98;-0.244882;0.244861;-0.244882;0.244881;-0.244883;0.244881;0.201821;-0.184638;0.190619;-0.188252;0.202638;-0.188214;0.00141455;0.0159691;0.00195878;0.00652005;0.000901953;0.00882539;0;1;0;0.69241;0;1;
