1;-0.000363587;0.000116064;9.94834e-05;-0.000363587;0.000116064;9.94836e-05;0.0349771;0.0347458;0.0352596;0.0349769;0.0347456;0.0352594;0.808667;0.808665;0.808666;0.808667;0.808665;0.808666;0;0;0;0;0;0;
2;-0.00800081;-0.00252079;-0.00370648;-0.00924711;-0.00287065;-0.00278435;0.0979506;0.104068;0.169252;0.16715;0.145968;0.143823;0.472335;0.47233;0.472406;0.472414;0.472352;0.472348;1;1;1;1;1;1;
3;-0.0163798;-0.0199492;-0.0145047;-0.0104409;-0.00206185;-0.00380138;0.0712727;0.072773;0.0989378;0.0975388;0.0914736;0.090536;0.275857;0.275855;0.275908;0.275908;0.275867;0.275863;0.618611;0.7771;1;0.862485;0.629115;0.592943;
4;-0.00893109;-0.0122854;-0.00783624;-0.00673306;-0.00056933;-0.00285483;0.0415998;0.0425306;0.0631684;0.062006;0.053398;0.0529032;0.161105;0.161104;0.161141;0.16114;0.161112;0.161109;0.914583;0.770525;1;1;0.838447;0.961521;
5;-0.00433946;-0.00805071;-0.00370015;-0.00559718;0.000543744;-0.00252279;0.0242319;0.0250971;0.0523669;0.047796;0.0309337;0.0311547;0.0940881;0.0940876;0.0941119;0.0941111;0.0940926;0.0940906;1;0.666694;1;0.982832;0.920658;1;
6;-0.00142669;-0.00580891;-0.0010534;-0.00597166;0.00142507;-0.0019131;0.0264222;0.0232596;0.0484277;0.047187;0.0265326;0.0260729;0.05495;0.0549493;0.0549659;0.0549651;0.0549527;0.0549511;1;1;1;1;0.963011;1;
7;0.000410241;-0.00463555;0.000628239;-0.0058247;0.00207568;-0.00222914;0.0207289;0.0250957;0.0452901;0.0472305;0.0248314;0.0250355;0.0320932;0.0320923;0.0321044;0.0321035;0.0320949;0.0320935;1;1;1;1;0.989314;1;
8;0.00137325;-0.00384064;0.00150055;-0.0057071;0.00353901;-0.00186145;0.0185904;0.022807;0.0431781;0.0466487;0.0228931;0.0252027;0.0187447;0.0187438;0.018753;0.0187521;0.0187459;0.0187444;1;1;1;1;1;1;
9;0.00186273;-0.00278123;0.00179499;-0.00424422;0.00260531;-0.00034797;0.016226;0.0229504;0.040503;0.0477945;0.0216543;0.026604;0.0109492;0.0109479;0.0109558;0.0109548;0.0109502;0.0109484;1;0.948294;1;1;1;1;
10;0.000192688;-0.000728902;0.000153157;-0.00158387;0.00062638;0.00069214;0.0135616;0.0235899;0.0367543;0.049941;0.0207684;0.0288899;0.00639677;0.00639479;0.00925328;0.00640092;0.00639772;0.00639539;1;0.79679;1;1;1;1;
11;-0.00353339;0.00322039;-0.00355653;0.00272056;-0.00328008;0.00405032;0.0109971;0.0246101;0.0341252;0.0515293;0.0193179;0.031321;0.00373823;0.00373554;0.00951041;0.00487593;0.00373925;0.00373633;1;0.644127;1;1;1;1;
12;-0.0103631;0.0101804;-0.0103766;0.00988806;-0.0102151;0.0106652;0.00915112;0.0257235;0.0315719;0.053944;0.0184605;0.0335456;0.00218573;0.00218235;0.00947708;0.00389845;0.00422489;0.00218336;1;0.502967;1;1;1;1;
13;-0.0215099;0.0214033;-0.0215177;0.0212321;-0.0214234;0.0216865;0.00834438;0.02561;0.0312643;0.0554714;0.0184873;0.0343153;0.00222186;0.00127524;0.008422;0.0038443;0.00457153;0.00127642;1;0.38386;1;1;1;1;
14;-0.038058;0.0379957;-0.0380625;0.0378954;-0.0380075;0.0381613;0.0112001;0.0248773;0.0338255;0.0521354;0.0185665;0.030977;0.00197523;0.000745859;0.00842071;0.0048529;0.00419245;0.000746905;1;0.608786;1;1;1;1;
15;-0.0603069;0.0602705;-0.0603096;0.0602116;-0.0602774;0.0603675;0.0197181;0.0216212;0.0419655;0.0430564;0.0221446;0.0226579;0.00115569;0.00108103;0.00696719;0.00547932;0.0024505;0.000438192;1;0.834692;1;1;1;1;
16;-0.0867353;0.0867137;-0.0867368;0.0866792;-0.0867179;0.0867709;0.0373538;0.0141283;0.0623889;0.0231403;0.0311702;0.00556891;0.000676056;0.00797487;0.00539181;0.00973229;0.00143145;0.00492459;0.590523;1;1;1;0.486499;1;
17;-0.113119;0.113105;-0.113119;0.113086;-0.113109;0.11314;0.0546924;0.00500637;0.101313;-0.0193565;0.0510802;-0.0296178;0.00039492;0.0274564;0.00315044;0.00970467;0.00083562;0.0152678;0.395685;1;1;1;0;1;
18;-0.132801;0.132794;-0.132801;0.132781;-0.132795;0.132812;0.0935051;-0.0334964;0.120732;-0.0728648;0.0913956;-0.0742404;0.000230253;0.0426876;0.00183987;0.00857956;0.000487648;0.027679;0;1;0.713056;1;0;1;
19;-0.138312;0.163326;-0.138312;0.1383;-0.138309;0.138318;0.14239;-0.0933018;0.15829;-0.130333;0.141158;-0.131126;0.000134059;0.0490464;0.00107404;0.00648173;0.000284379;0.0354687;0;1;0;0.852398;0;1;
20;-0.123567;0.138178;-0.123567;0.123559;-0.123565;0.123569;0.185279;-0.145461;0.194565;-0.178235;0.18456;-0.178603;7.78711e-05;0.0382824;0.000626749;0.00378732;0.000165647;0.0254341;0;1;0;0.783432;0;1;
21;-0.0843854;0.0929196;-0.0843854;0.0843801;-0.0843843;0.084386;0.214524;-0.177678;0.219947;-0.210408;0.214104;-0.203482;4.50554e-05;0.0223622;0.000365591;0.00221322;9.62142e-05;0.0148582;0;1;0;1;0;1;
22;-0.0173048;0.02229;-0.0173048;0.0173012;-0.0173041;0.0173054;0.2303;-0.181065;0.233467;-0.227894;0.230055;-0.209603;2.58541e-05;0.0130608;0.000213022;0.00129291;5.56477e-05;0.00867917;0;1;0;1;0;1;
23;0.0725454;-0.0696331;0.0725454;-0.0725479;0.072546;-0.0725444;0.229677;-0.168583;0.228783;-0.211927;0.230084;-0.206265;1.46284e-05;0.0076272;0.000123913;0.000754715;3.19515e-05;0.00506915;0;1;0;1;0;1;
24;0.159619;-0.157918;0.159619;-0.15962;0.159619;-0.159618;0.2226;-0.132644;0.219834;-0.178968;0.223069;-0.185714;8.0773e-06;0.00445336;7.19066e-05;-0.00560386;1.81149e-05;0.00296079;0;1;0;1;0;1;
25;0.22249;-0.221498;0.22249;-0.222492;0.222491;-0.22249;0.203242;-0.0853912;0.201627;-0.129621;0.203516;-0.148995;4.26162e-06;0.0110457;4.15133e-05;-0.00327184;1.00288e-05;0.00172955;0;1;0;1;0;1;
26;0.261127;-0.260549;0.261127;-0.261129;0.261128;-0.261127;0.173028;-0.0286688;0.172084;-0.0690507;0.173188;-0.10761;2.05156e-06;0.0207989;2.38056e-05;0.0080286;5.34838e-06;0.00101039;0;1;0;1;0;1;
27;0.282492;-0.282157;0.282493;-0.282495;0.282493;-0.282492;0.131511;0.0233968;0.130958;0.0122067;0.131602;-0.0599919;0.0100327;0.0325467;1.34751e-05;0.0271198;2.72066e-06;0.000590338;1;1;0;1;0;1;
28;0.292153;-0.291959;0.292154;-0.292157;0.292155;-0.292155;0.0748875;0.0441897;0.0745596;0.0665046;0.0749335;0.0131155;0.0168844;0.0190113;0.00723504;0.0229619;0.00416876;0.0039471;1;1;0.991595;1;0.281433;1;
29;0.29074;-0.295817;0.296041;-0.297295;0.291073;-0.294596;-0.000543142;0.0700876;-0.000727678;0.0831218;0.00166827;0.0519437;0.00986393;0.0111023;0.0208941;0.0134108;0.046876;0.00405087;1;0;1;0.345724;1;0.851698;
30;0.282602;-0.285568;0.285699;-0.286431;0.282798;-0.284855;-0.0853865;0.126002;-0.0854825;0.133614;-0.0840761;0.115406;0.00684783;0.0064834;0.0221486;0.00783139;0.0561746;0.00236523;0.773334;0;1;0;1;0;
31;0.262695;-0.264428;0.264505;-0.264933;0.26281;-0.264012;-0.156221;0.179943;-0.15627;0.184388;-0.155443;0.173755;0.00518454;0.00378586;0.0129392;0.0045731;0.0331714;0.00138089;1;0;1;0;1;0;
32;0.231412;-0.232425;0.23247;-0.232719;0.231479;-0.232182;-0.203291;0.217147;-0.203315;0.219743;-0.202686;0.213533;0.00303013;0.00221041;0.00755892;0.00267022;0.0193748;0.000806013;1;0;1;0;1;0;
33;0.189317;-0.189909;0.189935;-0.19008;0.189356;-0.189766;-0.231019;0.239113;-0.23103;0.240629;-0.21575;0.237003;0.00177065;0.0012903;0.00441504;0.00155893;0.0113134;0.000470253;1;0;1;0;1;0;
34;0.133795;-0.134141;0.134157;-0.134242;0.133818;-0.134058;-0.245634;0.250363;-0.230107;0.251248;-0.205487;0.24913;0.00103444;0.000752955;0.00257804;0.000909907;0.00660487;0.000274128;1;0;1;0;1;0;
35;0.0591039;-0.0593065;0.0593163;-0.0593649;0.0591182;-0.0592578;-0.237284;0.249964;-0.223643;0.248702;-0.190943;0.249806;0.000603866;0.000439154;0.00150529;0.00053087;0.00385638;0.000159546;1;0;1;0;1;0;
36;-0.0359651;0.0358466;-0.0358403;0.0358125;-0.0359563;0.035875;-0.216687;0.225879;-0.216106;0.234292;-0.17064;0.23641;0.00035266;0.00025589;0.000878929;0.000309509;0.00225189;9.26605e-05;1;0;1;0;1;0;
37;-0.132236;0.132166;-0.132162;0.132146;-0.13223;0.132182;-0.18776;0.204173;-0.193802;0.201946;-0.148362;0.218712;0.000205086;0.000148935;-0.0068986;0.000180417;0.00219509;5.36967e-05;1;0;1;0;1;0;
38;-0.205039;0.204996;-0.204993;0.204984;-0.205034;0.205006;-0.145396;0.195739;-0.162507;0.174486;-0.100457;0.205691;-0.00903926;8.64571e-05;-0.0040285;0.00010481;-0.00453138;3.08207e-05;1;0;1;0;1;0;
39;-0.250967;0.250941;-0.250938;0.250934;-0.250964;0.250946;-0.0970651;0.174262;-0.121348;0.16185;-0.0565497;0.180074;-0.0052783;4.99805e-05;-0.00235232;6.07871e-05;0.0155843;1.75604e-05;1;0;1;0;1;0;
40;-0.277093;0.277075;-0.277073;0.27707;-0.27709;0.277078;-0.0264898;0.139493;-0.0576371;0.132247;-0.0140302;0.142887;0.0113146;2.87827e-05;-0.00137356;0.00382496;0.0111319;9.84565e-06;1;0;1;0.505171;1;0;
41;-0.289958;0.289946;-0.289945;0.289943;-0.289956;0.289948;0.0394164;0.0895159;0.0593647;0.0852924;0.0456121;0.0914988;0.0202575;1.65928e-05;0.0289458;0.0160199;0.0215638;0.00370955;1;0.155434;1;1;1;0.623487;
42;-0.293165;0.292857;-0.293051;0.293156;-0.293164;0.293159;0.0558593;0.0203558;0.107274;0.0178851;0.05876;0.0215134;0.0118314;0.0390127;0.0169076;0.0104163;0.0125938;0.0296585;0.681726;1;1;0.966431;0.117418;1;
43;-0.287145;0.288441;-0.287078;0.287139;-0.287145;0.259762;0.107919;-0.0509115;0.137946;-0.0648499;0.109613;-0.0627174;0.00690904;0.0640274;0.0098742;0.010513;0.00735441;0.0429302;0;1;0.190781;0.534179;0;1;
44;-0.270066;0.270825;-0.270027;0.270061;-0.270066;0.219201;0.165619;-0.127468;0.183155;-0.140465;0.166608;-0.139206;0.00403449;0.0551371;0.00576602;0.00614246;0.00429454;0.0398739;0;1;0;0.820342;0;1;
45;-0.241493;0.241938;-0.241471;0.24149;-0.241493;0.17732;0.208056;-0.170303;0.218296;-0.193363;0.208633;-0.192619;0.00235572;0.0348489;0.0033669;0.00358914;0.0025075;0.0232942;0;1;0;0.857812;0;1;
46;-0.202303;0.202564;-0.20229;0.202301;-0.202303;0.164824;0.233986;-0.185004;0.239966;-0.225404;0.234323;-0.219707;0.00137525;0.0203573;0.00196574;0.00209681;0.00146384;0.0136075;0;1;0;0.7745;0;1;
47;-0.150865;0.151018;-0.150857;0.150864;-0.150865;0.128977;0.24793;-0.198994;0.251423;-0.242917;0.248127;-0.218313;0.000802649;0.0118907;0.00114745;0.00122473;0.000854312;0.00794776;0;1;0;0.8526;0;1;
48;-0.0819843;0.0820747;-0.0819798;0.0819837;-0.0819842;0.069202;0.252338;-0.200296;0.252159;-0.244148;0.251705;-0.220807;0.000468243;0.00694342;0.000669596;0.000714897;0.000498366;0.00464219;0;1;0;0.88382;0;1;
49;0.00835545;-0.00830201;0.00835807;-0.00835576;0.00835564;-0.0158198;0.2394;-0.186992;0.239525;-0.224583;0.234607;-0.213524;0.00027289;-0.00787126;0.000390479;0.000416985;0.000290476;0.00271067;0;1;0;0.754069;0;1;
50;0.107334;-0.107303;0.107336;-0.107334;0.107334;-0.111693;0.211823;-0.160647;0.211361;-0.20395;0.21165;-0.202922;0.000158921;-0.00459907;0.000227586;0.000243149;0.00016905;0.00158302;0;1;0;1;0;1;
51;0.187852;-0.187834;0.187853;-0.187852;0.187852;-0.190398;0.182734;-0.116509;0.175015;-0.155861;0.175106;-0.168563;9.25467e-05;-0.00910396;0.000132587;-0.00230815;9.81824e-05;0.000276151;0;1;0;1;0;1;
52;0.240616;-0.240607;0.240617;-0.240617;0.240617;-0.242103;0.171957;-0.0683931;0.161739;-0.107;0.167503;-0.131208;5.34706e-05;0.014722;7.69498e-05;-0.00643457;5.68564e-05;0.000161547;0;1;0;1;0;1;
53;0.271439;-0.271435;0.27144;-0.27144;0.27144;-0.272308;0.144844;-0.00221398;0.138877;-0.040131;0.142243;-0.0834386;3.0854e-05;0.0194248;4.45392e-05;0.0140373;3.27189e-05;9.47144e-05;0;1;0;1;0;1;
54;0.287466;-0.287466;0.287467;-0.287467;0.287467;-0.287974;0.101787;0.049592;0.0982978;0.0394232;0.100263;0.00284632;0.0130621;0.0240172;2.56568e-05;0.0273407;1.87412e-05;0.0099001;0.999725;1;0;1;0.0500042;1;
55;0.293158;-0.293158;0.292049;-0.293159;0.293158;-0.293455;0.0394864;0.0694557;0.0374508;0.0693209;0.0385993;0.0223923;0.00953349;0.0140275;0.0245453;0.0159687;0.020897;0.00578409;1;0.661276;1;0.62443;1;1;
56;0.289812;-0.289813;0.27366;-0.289813;0.289813;-0.289986;-0.0410816;0.104705;-0.0422578;0.104626;-0.0415837;0.0772209;0.00817707;0.00819154;0.0326708;0.0093252;0.0311172;0.00337782;0.891569;0;1;0;1;0;
57;0.275954;-0.275955;0.266521;-0.275955;0.275956;-0.276056;-0.121335;0.158493;-0.122012;0.158447;-0.121615;0.142442;0.00477756;0.00478338;0.0246084;0.00544551;0.0342758;0.00197229;0.947086;0;1;0;1;0;
58;0.250435;-0.250436;0.244927;-0.250436;0.250437;-0.250495;-0.180944;0.202645;-0.181334;0.202619;-0.181097;0.193272;0.00279134;0.00279304;0.0143728;0.00317971;0.0200215;0.00115137;1;0;1;0;1;0;
59;0.214178;-0.214179;0.210962;-0.214179;0.214179;-0.214213;-0.218177;0.230852;-0.218401;0.230836;-0.206508;0.225378;0.00163065;0.00163064;0.00839317;0.00185645;0.0116942;0.000671897;1;0;1;0;1;0;
60;0.166496;-0.166496;0.164618;-0.166496;0.166496;-0.166516;-0.239164;0.246567;-0.238029;0.246558;-0.203639;0.24337;0.00095235;0.000951773;0.00489998;0.00108362;0.00682971;0.000391834;1;0;1;0;1;0;
61;0.103062;-0.103062;0.101966;-0.103062;0.103062;-0.103074;-0.244567;0.25358;-0.230929;0.253575;-0.200466;0.251713;0.000555982;0.0005553;0.00285973;0.000632281;0.00398845;0.00022827;1;0;1;0;1;0;
62;0.0184141;-0.018414;0.0177748;-0.0184143;0.0184141;-0.0184212;-0.228809;0.239017;-0.220362;0.243796;-0.18543;0.244389;0.000324555;0.00032374;0.00166917;0.000368699;0.00232933;0.000132772;1;0;1;0;1;0;
63;-0.0808904;0.0808907;-0.0812636;0.0808903;-0.0808905;0.0808863;-0.203959;0.217929;-0.20569;0.226612;-0.159661;0.226395;0.000189599;0.000188514;0.000974754;0.000214784;0.00136122;7.70149e-05;1;0;1;0;1;0;
64;-0.168493;0.168493;-0.168711;0.168493;-0.168493;0.16849;-0.166603;0.189429;-0.179941;0.218846;-0.125243;0.218719;0.000110683;0.000109575;-0.00855242;0.000124944;0.00330116;4.44732e-05;1;0;1;0;1;0;
65;-0.228616;0.228615;-0.228742;0.228615;-0.228615;0.228614;-0.117003;0.180895;-0.143008;0.198075;-0.0704984;0.198;-0.00747752;6.35199e-05;-0.00499397;7.2482e-05;0.01667;2.54759e-05;1;0;1;0;1;0;
66;-0.264693;0.264692;-0.264766;0.264691;-0.264692;0.264691;-0.0587092;0.156283;-0.0931701;0.166316;-0.0114643;0.166273;0.0103483;3.66349e-05;-0.00291526;4.18815e-05;0.0269037;1.44251e-05;1;0;1;0;1;0;
67;-0.284219;0.284217;-0.28426;0.284215;-0.284218;0.284216;0.0227763;0.116824;-0.0131094;0.122687;0.0278146;0.122658;0.0353632;2.09804e-05;0.0176682;0.00625954;0.0232538;8.00417e-06;1;0;1;0.74112;1;0;
68;-0.29249;0.292488;-0.292514;0.292488;-0.29249;0.292488;0.0603505;0.059577;0.0703179;0.0630015;0.0679555;0.0629824;0.0206556;0.0174724;0.0215144;0.0120706;0.0135842;0.0181433;1;1;1;1;1;1;
69;-0.291687;0.27742;-0.29224;0.294406;-0.291899;0.281501;0.0873433;-0.00795863;0.0931676;-0.0153001;0.0917846;-0.0153072;0.0120625;0.0580216;0.0125658;0.0160937;0.00793282;0.0200663;0;1;0.815319;1;0;1;
70;-0.280942;0.27261;-0.281265;0.282529;-0.281065;0.265696;0.141393;-0.0950115;0.144795;-0.0993177;0.143987;-0.0993109;0.00704401;0.0560961;0.00733786;0.0134303;0.00463236;0.0344624;0;1;0;0.589191;0;1;
71;-0.258577;0.253712;-0.258766;0.259505;-0.25865;0.249673;0.190679;-0.163577;0.192665;-0.166103;0.192193;-0.166093;0.00411327;0.0341183;0.00428487;0.00784651;0.00270484;0.0201304;0;1;0;0.993936;0;1;
72;-0.225212;0.22237;-0.225322;0.225753;-0.225254;0.220011;0.223679;-0.207333;0.224839;-0.209325;0.224563;-0.209314;0.00240169;0.0199274;0.0025019;0.00458433;0.00157908;0.0117586;0;1;0;1;0;1;
73;-0.180948;0.179289;-0.181013;0.181265;-0.180973;0.177911;0.242748;-0.218394;0.243426;-0.234364;0.243265;-0.232468;0.00140212;0.0116352;0.00146063;0.00267798;0.000921604;0.00686763;0;1;0;0.992585;0;1;
74;-0.12247;0.121501;-0.122508;0.122655;-0.122484;0.120696;0.252081;-0.207667;0.252476;-0.247183;0.252382;-0.226012;0.000818339;0.00679198;0.000852517;0.00156369;0.000537622;0.00401078;0;1;0;0.668669;0;1;
75;-0.0438952;0.0433303;-0.0439172;0.0440038;-0.043903;0.0428589;0.248247;-0.191804;0.247095;-0.240132;0.247074;-0.219329;0.000477407;0.00396488;0.000497348;0.000912348;0.000313387;0.00234254;0;1;0;0.921845;0;1;
76;0.0534494;-0.0537791;0.0534366;-0.0533856;0.0534456;-0.0540548;0.232299;-0.171663;0.232341;-0.218681;0.222787;-0.207899;0.000278293;-0.000991221;0.000289935;0.000516931;0.000182445;0.00136851;0;1;0;1;0;1;
77;0.146924;-0.147117;0.146917;-0.146887;0.146923;-0.147278;0.224508;-0.139486;0.223326;-0.185169;0.197886;-0.18679;0.000162063;-0.00219263;0.000168878;-0.0065118;0.000106003;-0.000306958;0;1;0;1;0;1;
78;0.214778;-0.214891;0.214773;-0.214756;0.214777;-0.214985;0.206171;-0.0919685;0.205481;-0.136619;0.15933;-0.150595;9.41599e-05;0.00319778;9.81371e-05;-0.00380251;6.13594e-05;-0.000178552;0;1;0;1;0;1;
79;0.256704;-0.256771;0.256701;-0.256691;0.256704;-0.256825;0.176861;-0.0354577;0.176458;-0.0813629;0.149505;-0.110138;5.45595e-05;0.0201653;5.68842e-05;-0.00551787;3.53467e-05;-0.000103487;0;1;0;1;0;1;
80;0.280131;-0.280172;0.28013;-0.280124;0.280131;-0.280203;0.1365;0.0208768;0.136264;0.00185545;0.120524;-0.0686161;0.00563169;0.0333824;3.27781e-05;0.0215549;2.02848e-05;-5.98595e-05;0.65776;1;0;1;0;1;
81;0.291149;-0.291176;0.291149;-0.291146;0.291149;-0.291193;0.0815766;0.0560484;0.0814332;0.0473178;0.0722418;0.0335491;0.0179854;0.0224666;0.0127386;0.0169707;0.0100764;0.00503609;1;1;0.912148;1;0.916018;1;
82;0.292709;-0.292828;0.291908;-0.292811;0.29058;-0.293225;0.00793602;0.0724407;0.00786131;0.0673423;0.0101144;0.059303;0.0105069;0.0131207;0.0385552;0.00991123;0.0392288;0.0035614;1;0;1;0;1;0.647607;
83;0.28496;-0.28503;0.284492;-0.28502;0.283718;-0.285262;-0.0770185;0.123959;-0.077049;0.120982;-0.0757295;0.116287;0.00613815;0.00766202;0.029117;0.00578773;0.0321082;0.00207946;0.745841;0;1;0;1;0;
84;0.265853;-0.265895;0.265581;-0.265889;0.265129;-0.26603;-0.150103;0.177518;-0.150113;0.175779;-0.149339;0.173037;0.00358659;0.00447416;0.0173902;0.00337963;0.0188199;0.00121401;1;0;1;0;1;0;
85;0.235419;-0.235443;0.235261;-0.23544;0.234997;-0.235523;-0.199501;0.215513;-0.199502;0.214498;-0.199045;0.212896;0.00209557;0.00261244;0.0101564;0.00197323;0.010994;0.000708492;1;0;1;0;1;0;
86;0.194331;-0.194345;0.194239;-0.194343;0.194085;-0.194392;-0.228889;0.238241;-0.228887;0.237648;-0.205768;0.236713;0.00122412;0.00152515;0.00593025;0.00115186;0.00642103;0.000413245;1;0;1;0;1;0;
87;0.140319;-0.140327;0.140266;-0.140326;0.140175;-0.140354;-0.244609;0.250072;-0.236343;0.249726;-0.205182;0.24918;0.000714923;0.000890161;0.00346124;0.000672138;0.00374983;0.000240768;1;0;1;0;1;0;
88;0.0677806;-0.0677855;0.0677508;-0.0677851;0.0676968;-0.0678016;-0.239895;0.251398;-0.224347;0.250106;-0.194042;0.250346;0.000417322;0.000519301;0.00202038;0.000391999;0.00218963;0.000140071;1;0;1;0;1;0;
89;-0.0257087;0.025706;-0.0257255;0.025706;-0.0257575;0.0256964;-0.218821;0.228689;-0.214473;0.236779;-0.176969;0.237113;0.000243773;0.000302709;0.00117941;0.000228379;0.00127902;8.12625e-05;1;0;1;0;1;0;
90;-0.123253;0.123251;-0.123262;0.123251;-0.123281;0.123245;-0.18936;0.20716;-0.193987;0.204921;-0.146494;0.204122;0.000143043;0.000176206;-0.000724454;0.000132892;0.00249272;4.69656e-05;1;0;1;0;1;0;
91;-0.198943;0.198942;-0.198948;0.198942;-0.19896;0.198939;-0.139933;0.198035;-0.160644;0.172959;-0.102532;0.165796;-0.00467325;0.000102447;-0.00414568;7.72929e-05;0.0133809;2.70389e-05;1;0;1;0;1;0;
92;-0.247328;0.247327;-0.24733;0.247327;-0.247338;0.247325;-0.0912815;0.177586;-0.121416;0.162941;-0.0407995;0.155837;0.00300658;5.93168e-05;-0.00242019;4.45937e-05;0.0220254;1.53062e-05;1;0;1;0;1;0;
93;-0.275126;0.275124;-0.275126;0.275123;-0.275131;0.275122;-0.0196356;0.143964;-0.0602905;0.135413;0.00807735;0.131263;0.022092;3.42003e-05;0.0013359;2.63017e-05;0.0304253;8.50619e-06;1;0;1;0.240783;1;0;
94;-0.289123;0.289121;-0.289122;0.289119;-0.289126;0.28912;0.0461512;0.0955919;0.0355167;0.0906042;0.0442182;0.0881758;0.0299666;1.97469e-05;0.0264912;0.0106696;0.0226087;0.00115293;1;0.161968;1;0.844867;1;0.727003;
95;-0.293239;0.292607;-0.293239;0.293237;-0.293241;0.293238;0.0772544;0.0310002;0.0892766;0.0254614;0.0600782;0.0240472;0.0175013;0.0441279;0.015473;0.0088071;0.0132041;0.0210108;0.646;1;1;0.919403;0.38611;1;
96;-0.288224;0.287855;-0.288224;0.288222;-0.288225;0.288222;0.116438;-0.0531975;0.12346;-0.0564508;0.106408;-0.0572648;0.0102202;0.0560518;0.00903578;0.0101282;0.00771074;0.0263252;0;1;0;0.512239;0;1;
97;-0.272341;0.272125;-0.272341;0.272339;-0.272341;0.27234;0.168847;-0.131897;0.172947;-0.133811;0.162989;-0.134278;0.00596817;0.0362912;0.00527643;0.00600411;0.00450263;0.0189348;0;1;0;0.665662;0;1;
98;-0.244882;0.244756;-0.244882;0.24488;-0.244883;0.244881;0.209551;-0.187961;0.211945;-0.189088;0.20613;-0.189355;0.00348496;0.0211979;0.003081;0.00350887;0.00262903;0.0112592;0;1;0;0.990547;0;1;
