1;-0.000363589;0.000116065;9.94844e-05;-0.000363589;0.000116065;9.94844e-05;0.0349769;0.0347456;0.0352595;0.0349769;0.0347456;0.0352595;0.808667;0.808665;0.808666;0.808667;0.808665;0.808666;0;0;0;0;0;0;
2;0.017197;0.0250281;0.01745;-0.0650164;-0.00512197;-0.0390508;0.0987883;0.12879;0.138173;0.223707;0.0915704;0.0795267;0.472377;0.472364;0.472379;0.472452;0.472309;0.4723;1;1;1;1;1;1;
3;0.0119771;0.0141909;-0.012809;-0.0387956;0.0143914;-0.023229;0.0577769;0.0751334;0.0827045;0.13057;0.0542854;0.0506361;0.275878;0.275877;0.275892;0.275942;0.275836;0.275831;0;0.711786;1;1;0;0.761939;
4;0.00762931;0.00765346;-0.00698674;-0.0232932;0.0090393;-0.0141985;0.0337129;0.0556487;0.0631275;0.0956871;0.0316738;0.0307185;0.161113;0.16112;0.16113;0.161163;0.161087;0.161091;0;1;1;1;0.0175184;1;
5;0.00533157;0.003594;-0.00320337;-0.0165913;0.00936613;-0.00780181;0.0194312;0.055302;0.0623532;0.0755367;0.0182419;0.0325657;0.0940888;0.0940999;0.0941065;0.0941271;0.094075;0.0940806;0;1;1;1;0.419112;1;
6;0.00468946;0.000991813;-0.000762957;-0.0230166;0.0123702;0.00693414;0.0106891;0.0564098;0.0531916;0.0695143;0.0155769;0.0249372;0.0549477;0.0549598;0.0549641;0.0549764;0.0549416;0.0549465;0.210714;1;1;1;1;1;
7;0.00427452;-0.00066423;0.000797758;-0.0244808;0.00965728;0.00448265;0.00494175;0.0636385;0.0395507;0.0649101;0.0149892;0.0252717;0.0320905;0.032102;0.0321037;0.0321121;0.0320879;0.0320913;0.411932;1;1;1;0.873916;1;
8;0.00499636;-0.00152162;0.00159942;-0.0241016;0.00834658;0.00478967;0.000638361;0.0699371;0.038605;0.0688834;0.0149475;0.0267035;0.0187413;0.0213667;0.0187528;0.0187585;0.0187418;0.0187442;0.572719;1;1;1;1;1;
9;0.00434822;-0.00256377;0.000129245;-0.0240799;0.00725894;0.00298057;-0.00445881;0.0720646;0.02944;0.0627476;0.0170225;0.0283938;0.0109455;0.0201537;0.0109554;0.0119559;0.0109478;0.0109491;0.354792;1;1;1;0.959956;1;
10;0.00164439;-0.000602477;-0.000853096;-0.019284;0.00334501;0.00802459;-0.00769268;0.0762987;0.0247393;0.0633065;0.0190056;0.0320292;0.0063937;0.0215422;0.00640173;0.0117899;0.00639698;0.00639667;0.460267;1;1;1;1;1;
11;-0.00268545;0.00329364;-0.00414443;-0.00921497;-0.00169172;0.0157096;-0.00979674;0.0777394;0.0205955;0.0609246;0.0176275;0.0376938;0.00373565;0.0210024;0.0084346;0.00812449;0.007007;0.00373803;0.725479;1;1;1;1;1;
12;-0.00986728;0.0102227;-0.0107202;0.00291576;-0.00928716;0.0245356;-0.0111686;0.0774918;0.0220259;0.066326;0.0116534;0.0405064;0.00218377;0.0216932;0.00935347;0.0101029;0.008513;0.00468976;0.764759;1;1;1;1;1;
13;-0.0212198;0.0214275;-0.0217187;0.0171594;-0.0208814;0.029787;-0.0153521;0.0756339;0.0219025;0.056156;0.0164086;0.0417734;0.00127632;0.0165147;0.0101621;0.00590279;0.00497477;0.00274143;0.68337;1;1;1;1;1;
14;-0.037888;0.0380095;-0.0381803;0.0355159;-0.0376911;0.0428921;-0.0127325;0.0709506;0.0219235;0.0624848;0.00642149;0.0361766;0.00074629;0.0167915;0.00852251;0.00670631;0.0029074;0.00160355;0.737579;1;1;1;1;1;
15;-0.0602076;0.0602779;-0.0603786;0.0588205;-0.0600928;0.0631305;-0.0122897;0.074473;0.0295751;0.0505932;0.0123886;0.0311884;0.000435984;0.0302698;0.00825368;0.00829096;0.00169893;0.00685625;0.344015;1;1;1;0.836917;1;
16;-0.0866774;0.0867179;-0.0867769;0.0858654;-0.0866102;0.0883848;0.00425707;0.0465604;0.0576337;0.0211249;0.0186704;0.0151764;0.000254476;0.0241693;0.0104662;0.00722331;0.000992178;0.0116981;0.00171996;1;1;1;0.518522;1;
17;-0.113085;0.113108;-0.113143;0.112609;-0.113046;0.114083;0.0353632;0.0141615;0.0910117;-0.020535;0.0437805;-0.0176774;0.000148303;0.0300053;0.00611386;0.00739776;0.000579073;0.0208733;0;1;0.962015;1;0;1;
18;-0.132781;0.132795;-0.132814;0.132502;-0.132758;0.133364;0.0822169;-0.0419265;0.114716;-0.073554;0.0871326;-0.0718774;8.62144e-05;0.038986;0.00357043;0.00432234;0.000337831;0.0212476;0;1;0;0.956137;0;1;
19;-0.1383;0.138308;-0.13832;0.134306;-0.138287;0.138642;0.135798;-0.112252;0.154777;-0.130736;0.138668;-0.12975;4.99268e-05;0.0367679;0.00208467;0.00252598;0.000196918;0.0124133;0;1;0;1;0;1;
20;-0.12356;0.123565;-0.123572;0.121226;-0.123552;0.123761;0.181429;-0.167666;0.192513;-0.178471;0.183106;-0.177893;2.86853e-05;0.0214784;0.00121691;0.00247879;0.00011463;0.00724848;0;1;0;1;0;1;
21;-0.0843815;0.0843852;-0.0843882;0.0830174;-0.084377;0.0845004;0.212276;-0.181571;0.218749;-0.210547;0.213255;-0.210207;1.62339e-05;0.0125468;0.000710122;0.00144751;6.65579e-05;0.00301636;0;1;0;1;0;1;
22;-0.0173025;0.0173052;-0.0173065;0.0165055;-0.0173;0.0173733;0.228987;-0.181107;0.232767;-0.227891;0.229559;-0.227777;8.94232e-06;0.00732966;0.000414097;0.00084493;3.84285e-05;-0.00974125;0;1;0;1;0;1;
23;0.0725469;-0.0725451;0.0725446;-0.0730121;0.0725482;-0.0725053;0.230018;-0.167602;0.230446;-0.208367;0.229895;-0.221251;4.64532e-06;0.00428247;0.000241239;0.000492022;2.20068e-05;-0.00991752;0;1;0;1;0;1;
24;0.15962;-0.159619;0.159618;-0.159891;0.159621;-0.159596;0.222123;-0.121984;0.222461;-0.176013;0.222959;-0.182711;2.19448e-06;0.0102528;0.000140348;-0.00448587;1.23565e-05;-0.0057923;0;1;0;1;0;1;
25;0.222491;-0.22249;0.22249;-0.22265;0.222491;-0.222477;0.202964;-0.0740405;0.203161;-0.128979;0.203452;-0.146735;7.54583e-07;0.0206532;8.14274e-05;-0.00536483;6.72625e-06;-0.0033816;0;1;0;1;0;1;
26;0.261128;-0.261128;0.261128;-0.261222;0.261128;-0.26112;0.172865;-0.0220952;0.17298;-0.0712352;0.17315;-0.102197;-4.59959e-08;0.0362222;4.70551e-05;-0.00284477;3.47237e-06;0.00267625;0;1;0;1;0;1;
27;0.282493;-0.282493;0.282493;-0.282549;0.282493;-0.282488;0.131414;0.0481955;0.131481;0.00584832;0.13158;-0.0761351;-5.47176e-07;0.0379971;2.70012e-05;0.0126081;1.67992e-06;0.00156378;0;1;0;1;0;1;
28;0.292154;-0.292156;0.292154;-0.293416;0.292154;-0.292152;0.0748244;0.079702;0.0748673;0.0865042;0.0749257;-0.0425393;0.00318154;0.0297638;0.0077413;0.0447373;0.0204641;0.000914103;1;1;1;1;1;0.805959;
29;0.205508;-0.205514;0.205508;0.0728333;-0.0735367;0.0735892;0.0879776;0.00229338;0.0880032;0.00626226;0.088036;-0.0653815;0.0018579;0.0312563;0.0045203;0.0261343;0.0119518;0.0134929;0;1;0.174327;1;0;1;
30;0.232828;-0.232831;0.232827;-0.0702695;0.0698657;-0.0698277;-0.0336922;0.086406;-0.0336651;0.0887265;-0.0336463;0.0468917;0.0200769;0.018255;0.0344798;0.0152639;0.06396;0.00983321;0.715964;1;1;0.773822;1;0;
31;0.163873;-0.163878;0.163873;0.154268;-0.154497;0.154532;0.0866802;-0.0558743;0.0866974;-0.0545273;0.0867056;-0.0789706;0.0117248;0.0437046;0.0201364;0.0433723;0.0373528;0.0410861;0;1;0;1;0;1;
32;0.173701;-0.160542;0.173701;0.0121002;-0.0122296;0.0122531;-0.0614374;0.0794265;-0.0614154;0.0802177;-0.0614135;0.0659421;0.0442976;0.0255249;0.0555798;0.0253293;0.0562762;0.0239962;1;0.653797;1;0.830007;1;0;
33;0.155614;-0.14793;0.155614;-0.0471074;0.0470292;-0.0470185;-0.148169;0.158684;-0.148159;0.159147;-0.148146;0.15081;0.0416893;0.0149062;0.0324634;0.0147918;0.0461539;0.0140135;1;0;1;0;1;0;
34;0.114112;-0.109626;0.114113;-0.0507463;0.051269;-0.0506944;-0.197247;0.203393;-0.19724;0.203663;-0.195205;0.198794;0.024351;0.00870467;0.0189619;0.00863801;0.0269582;0.0081834;1;0;1;0;1;0;
35;0.0476102;-0.0449891;0.04761;-0.010604;0.0109087;-0.0105737;-0.222919;0.226512;-0.221537;0.22667;-0.199731;0.223827;0.0142239;0.00508291;0.0110752;0.00504415;0.0157421;0.00477867;1;0;1;0;1;0;
36;-0.0426755;0.0442079;-0.0426774;0.0642887;-0.0641108;0.0643064;-0.215714;0.234595;-0.211678;0.234687;-0.184296;0.233026;0.00830786;0.00296779;0.00646883;0.00294533;0.00919016;0.00279029;1;0;1;0;1;0;
37;-0.136152;0.137049;-0.136156;0.148776;-0.148673;0.148786;-0.17893;0.204902;-0.19266;0.204754;-0.146846;0.201146;0.0048535;0.00173254;0.0037785;0.00171963;-0.00611233;0.0016291;1;0;1;0;1;0;
38;-0.207323;0.207847;-0.207327;0.214697;-0.214638;0.214703;-0.127647;0.197627;-0.162766;0.19754;-0.0974376;0.185662;0.0076076;0.00101127;0.00220713;0.0010038;-0.00151733;0.000951084;1;0;1;0;1;0;
39;-0.252299;0.252606;-0.252303;0.256605;-0.256575;0.256609;-0.0561387;0.175364;-0.120886;0.175315;-0.0495268;0.168377;0.0373332;0.000590052;0.00128922;0.000586731;0.0275355;0.000554973;1;0;1;0.387604;1;0;
40;-0.184637;0.184816;-0.184639;-0.111137;0.111166;-0.111142;0.00494737;0.0646925;-0.0328679;0.0646804;0.00881356;0.0606181;0.0218067;0.0255738;0.00075277;0.040722;0.0160811;0.000324136;1;1;1;1;1;0;
41;-0.144438;0.144545;-0.14444;-0.321163;0.321181;-0.32117;0.0232962;0.0648666;0.0594179;0.0353371;0.041198;0.027346;0.0127355;0.0349615;0.0229045;0.0237896;0.00939221;0.0172879;0.715736;1;1;1;0.877065;1;
42;-0.20818;0.208245;-0.208183;-0.063756;0.0637632;-0.0637383;0.0455359;0.0133069;0.0669556;-0.0112843;0.055989;-0.0159523;0.00743847;0.0335392;0.0133756;0.0155512;0.00548541;0.0268918;0.308205;1;1;1;0;1;
43;-0.154703;0.154741;-0.154704;-0.269097;0.269099;-0.269086;-0.0486954;0.0830694;-0.0361882;0.0687108;-0.0425995;0.0659837;0.0402962;0.0195877;0.0126154;0.00908364;0.0713183;0.0157073;1;0;1;0.946819;1;0.721196;
44;-0.119597;0.119618;-0.119596;-0.3619;0.361898;-0.361894;-0.131023;0.151107;-0.12372;0.142722;-0.121592;0.14113;0.0270768;0.0114389;0.0113314;0.00530431;0.065953;0.00917244;1;0;1;0;1;0;
45;-0.15362;0.180427;-0.15362;-0.127589;0.127584;-0.127579;0.0348155;-0.0230663;0.0390825;-0.0279626;0.0403051;-0.0289003;0.0158142;0.141516;0.00661757;0.0343694;0.0385192;0.0362207;1;1;0.932983;1;0;1;
46;-0.107222;0.122877;-0.10722;-0.197055;0.197048;-0.197049;-0.0921398;0.0990115;-0.0896499;0.0961552;-0.088929;0.0956089;0.0401155;0.0826476;0.0167329;0.0169289;0.0876591;0.0211539;1;0;1;0;1;0;
47;-0.0953376;0.10448;-0.0953365;-0.082364;0.0823559;-0.0823557;0.0574734;-0.053439;0.0589279;-0.0551179;0.0593449;-0.0554381;0.023428;0.053996;0.00977194;0.0452593;0.0511948;0.0421223;0;0;0;1;0;1;
48;-0.0495562;0.0548952;-0.0495556;-0.054221;0.0542153;-0.0542145;0.142296;-0.139927;0.143145;-0.140916;0.14339;-0.141099;0.0136819;0.031541;0.0057067;0.0264351;0.0298973;0.0246055;0;1;0;1;0;1;
49;0.027294;-0.0241747;0.0272944;-0.0879008;0.0878956;-0.0878947;0.187252;-0.167701;0.187748;-0.186443;0.18789;-0.186548;0.00798968;0.0184247;0.00333229;0.0154383;0.0174596;0.0143717;0;1;0;1;0;1;
50;0.118395;-0.116571;0.118395;-0.153791;0.153785;-0.153785;0.205121;-0.133463;0.205411;-0.203507;0.205494;-0.189738;0.00466537;0.0209777;0.00194551;0.00901487;0.0101958;0.00839461;0;1;0;1;0;1;
51;0.194311;-0.193239;0.194311;-0.214986;0.214979;-0.214978;0.187998;-0.0736822;0.183731;-0.172411;0.17531;-0.149047;0.00272405;0.045588;0.0011355;0.00526204;0.00595395;0.00686758;0;1;0;1;0;1;
52;0.244389;-0.243761;0.244389;-0.256465;0.256458;-0.256457;0.175032;-0.0175247;0.17254;-0.102127;0.167622;-0.117008;0.0015903;0.0608246;0.000662631;-0.0124617;0.00347671;0.0154951;0;1;0;1;0;1;
53;0.273643;-0.282042;0.273643;-0.280699;0.280691;-0.280689;0.14664;0.0235464;0.145185;-0.0255131;0.142313;-0.0740627;0.000928325;0.0690665;0.000386624;0.0249839;0.00202996;0.00905173;0;1;0;1;0;1;
54;0.288753;-0.293659;0.288753;-0.293056;0.292869;-0.292869;0.102834;0.05559;0.101984;0.0593821;0.100306;-0.00500899;0.00616999;0.0403442;0.00304434;0.051292;0.00118602;0.0118414;0.887848;1;1;1;0.827253;1;
55;0.293908;-0.296775;0.293909;-0.296423;0.287997;-0.296313;0.0400951;0.0808292;0.0396039;0.0793424;0.0398363;0.0170397;0.00879922;0.0235643;0.0228101;0.0299579;0.0441085;0.00691628;1;1;1;1;1;1;
56;0.274256;-0.291925;0.290251;-0.29172;0.272551;-0.291655;-0.0407249;0.111347;-0.0410006;0.110479;-0.034393;0.0740943;0.00931659;0.0137611;0.0277798;0.0174949;0.0530762;0.00403863;1;0;1;0;1;0;
57;0.266869;-0.277188;0.27621;-0.277068;0.265873;-0.277031;-0.121125;0.162372;-0.121278;0.161865;-0.117413;0.140616;0.00964578;0.00803597;0.0209247;0.0102166;0.0396894;0.00235817;1;0;1;0;1;0;
58;0.245129;-0.251156;0.250585;-0.251086;0.244547;-0.251064;-0.18082;0.204911;-0.180904;0.204615;-0.178643;0.192206;0.00767404;0.00469245;0.0122239;0.00596603;0.0231826;0.0013768;1;0;1;0;1;0;
59;0.211079;-0.214599;0.214266;-0.214559;0.21074;-0.214546;-0.218104;0.232175;-0.210467;0.232002;-0.213842;0.224755;0.00448429;0.00273977;0.00714155;0.00348373;0.013538;0.000803628;1;0;1;0;1;0;
60;0.164686;-0.166742;0.166547;-0.166718;0.164487;-0.16671;-0.239119;0.24734;-0.226494;0.247239;-0.217666;0.243007;0.0026212;0.00159939;0.0041724;0.00203407;0.00264504;0.000468941;1;0;1;0;1;0;
61;0.102005;-0.103205;0.103093;-0.103192;0.101889;-0.103187;-0.237536;0.254032;-0.220628;0.253973;-0.204531;0.251501;0.0015326;0.00093339;0.00243795;0.00118745;-0.00503505;0.000273382;1;0;1;0;1;0;
62;0.0177975;-0.0184974;0.018433;-0.0184906;0.0177284;-0.0184881;-0.219161;0.239628;-0.21827;0.243227;-0.185759;0.244987;0.000896666;0.000544475;0.00142478;0.000693023;-0.00324389;0.000159195;1;0;1;0;1;0;
63;-0.0812494;0.0808425;-0.0808784;0.080845;-0.0812927;0.0808464;-0.183295;0.21759;-0.207757;0.225274;-0.153585;0.224315;0.00556289;0.000317348;0.000832894;0.000404283;-0.0018948;9.25564e-05;1;0;1;0;1;0;
64;-0.1687;0.168465;-0.168486;0.168466;-0.16873;0.168467;-0.164719;0.189665;-0.178198;0.218064;-0.122597;0.217504;0.00324988;0.000184786;-0.00465695;0.000235572;0.00742135;5.36471e-05;1;0;1;0;1;0;
65;-0.228735;0.228598;-0.228613;0.228597;-0.228754;0.2286;-0.106724;0.181033;-0.127578;0.197622;-0.101429;0.197291;0.011347;0.000107398;-0.00271871;0.00310355;0.0132377;3.09301e-05;1;0;1;0.946941;1;0;
66;-0.264761;0.264682;-0.264691;0.264676;-0.264771;0.264683;-0.0748812;0.156364;-0.0571146;0.174486;-0.0680461;0.165858;0.0147305;6.22692e-05;0.0108793;0.0133721;0.0107614;1.76075e-05;1;0;1;1;1;0;
67;-0.284257;0.284211;-0.284217;0.283842;-0.284261;0.284212;-0.0234064;0.116872;0.0290785;0.136492;-0.0200864;0.122416;0.0153641;3.62619e-05;0.048128;0.0303791;0.00846202;9.90458e-06;1;0.309517;1;1;1;0;
68;-0.292513;0.292487;-0.29249;0.288476;-0.292513;0.292486;-0.00501585;0.0596038;0.107549;0.0710686;0.0351881;0.0628378;0.00897321;0.0120005;0.0289508;0.0200861;0.00494297;0.0116379;0;1;1;1;1;1;
69;-0.292446;0.310934;-0.295972;0.276362;-0.298557;0.313964;0.0491695;-0.0172776;0.171072;-0.0105891;0.0726484;-0.0153886;0.00524002;0.0371025;0.0169127;0.0117341;0.00288633;0.0605408;0;1;1;1;0;1;
70;-0.281385;0.292187;-0.283445;0.250296;-0.284954;0.293951;0.1191;-0.100459;0.190294;-0.0965673;0.132812;-0.0993583;0.0030599;0.0361566;0.00987882;0.00685402;0.00168524;0.0371795;0;1;0.767667;1;0;1;
71;-0.258837;0.265149;-0.26004;0.24068;-0.260921;0.266174;0.177659;-0.161895;0.219236;-0.164501;0.185667;-0.166117;0.00178662;0.0277565;0.00576866;0.00400232;0.000983771;0.021753;0;1;0;0.659391;0;1;
72;-0.225363;0.229047;-0.226066;0.214758;-0.22658;0.229648;0.216076;-0.173842;0.240356;-0.20839;0.220752;-0.209326;0.00104279;0.0280251;0.00336835;0.00233751;0.000574091;0.0129607;0;1;0;1;0;1;
73;-0.181036;0.183187;-0.181447;0.174842;-0.181747;0.18354;0.238308;-0.17488;0.252488;-0.233817;0.241039;-0.22558;0.000608385;0.0231447;0.00196652;0.00136582;0.000334819;0.00756999;0;1;0;1;0;1;
74;-0.122521;0.123778;-0.122761;0.118902;-0.122937;0.123985;0.249487;-0.151757;0.249406;-0.239366;0.251082;-0.205105;0.000354675;0.0187295;0.00114785;0.000798944;0.000195063;0.00442162;0;1;0;1;0;1;
75;-0.0439258;0.0446647;-0.0440658;0.0418104;-0.0441677;0.0447821;0.248598;-0.17605;0.248276;-0.24492;0.24744;-0.185005;0.000206789;0.0109417;0.000669814;0.000466954;0.00011332;0.0224701;0;1;0;1;0;1;
76;0.0534309;-0.0529962;0.0533492;-0.0546681;0.053291;-0.0529293;0.231158;-0.119767;0.231111;-0.206429;0.225421;-0.16485;0.000120218;0.0371902;0.000390591;0.000272921;6.56131e-05;0.0340101;0;1;0;1;0;1;
77;0.146914;-0.14666;0.146866;-0.147638;0.146832;-0.146619;0.225323;-0.112122;0.225295;-0.165583;0.195995;-0.168198;6.9813e-05;0.0266775;0.000227735;0.00460908;3.77696e-05;0.0224496;0;1;0;1;0;1;
78;0.214769;-0.21462;0.214744;-0.215197;0.214724;-0.214597;0.20665;-0.0745883;0.206631;-0.115763;0.153115;-0.116224;0.00691865;0.0322577;0.00013245;0.01981;2.16919e-05;0.0267244;0.745073;1;0;1;0;1;
79;0.256696;-0.256608;0.256684;-0.25695;0.256673;-0.256597;0.177146;-0.0713485;0.177129;-0.0821786;0.145876;-0.0694311;0.0169571;0.0188428;7.71789e-05;0.0140288;1.21314e-05;0.021659;1;1;0.306636;1;0;1;
80;0.278333;-0.280071;0.28012;-0.280277;0.280113;-0.280067;0.136675;-0.0467888;0.136661;-0.0142065;0.118404;-0.0151511;0.0228;0.0110058;0.00650092;0.0327261;6.66641e-06;0.0277213;1;1;1;1;0;1;
81;0.290097;-0.291113;0.291144;-0.292319;0.291139;-0.291112;0.0816814;-0.0291777;0.081671;0.0849002;0.0710011;0.0597383;0.0344198;0.00642764;0.0171151;0.0364415;3.55475e-06;0.0300176;1;1;1;1;0;1;
82;0.278007;-0.292791;0.303836;-0.304101;0.274499;-0.292791;0.00800192;0.0226674;0.00800021;0.125354;0.00422619;0.0980875;0.0229718;0.00375333;0.0291575;0.0212853;0.0500943;0.0175314;1;0;1;0.63096;1;0.792122;
83;0.265176;-0.285009;0.291459;-0.291614;0.265529;-0.285008;-0.0769779;0.0948917;-0.0769686;0.15486;-0.0711509;0.138937;0.0134201;0.00219166;0.029894;0.01243;0.0588657;0.0102378;1;0;1;0;1;0;
84;0.254298;-0.265882;0.269649;-0.269739;0.254506;-0.265882;-0.150077;0.160542;-0.150063;0.195564;-0.146658;0.186265;0.0110498;0.00127952;0.018879;0.00725863;0.0479272;0.00597838;1;0;1;0;1;0;
85;0.228671;-0.235436;0.237637;-0.237689;0.228793;-0.235436;-0.199484;0.205599;-0.189715;0.226052;-0.196796;0.220621;0.0110013;0.000746698;0.0110296;0.00423865;0.0279933;0.00349095;1;0;1;0;1;0;
86;0.19039;-0.194341;0.195627;-0.195657;0.190462;-0.194341;-0.228878;0.232452;-0.216732;0.244396;-0.213741;0.241225;0.0126661;0.000435475;0.0166702;0.00247496;0.0163465;0.00203835;1;0;1;0;1;0;
87;0.138017;-0.140325;0.141077;-0.141094;0.138061;-0.140325;-0.241992;0.246691;-0.213761;0.253667;-0.205373;0.251814;0.00739973;0.00025369;0.00973797;0.00144497;0.00954347;0.00118995;1;0;1;0;1;0;
88;0.0664374;-0.0677843;0.0682251;-0.0682339;0.0664626;-0.0677853;-0.224311;0.25073;-0.216086;0.249429;-0.18955;0.249795;0.00432397;0.000147544;0.00568903;0.000843461;0.00557198;0.000694452;1;0;1;0;1;0;
89;-0.0264931;0.0257074;-0.0254468;0.0254403;-0.0264784;0.0257047;-0.19971;0.229673;-0.208882;0.271196;-0.175308;0.236652;0.0251501;8.55544e-05;0.0033239;0.0040461;0.0043701;0.000405111;1;0;1;0.740487;1;0;
90;-0.12371;0.123252;-0.123098;0.123091;-0.123702;0.12325;-0.177247;0.205816;-0.179382;0.275309;-0.167043;0.20527;0.0146929;4.93703e-05;0.0019422;0.0240322;0.0123139;0.00023634;1;0;1;1;1;0;
91;-0.19921;0.198943;-0.198853;0.198846;-0.199205;0.198941;-0.152531;0.173855;-0.12875;0.257605;-0.150211;0.178595;0.00858399;2.83382e-05;0.00269022;0.0336298;0.00719212;0.000137464;1;0;1;1;1;0;
92;-0.247483;0.247327;-0.247276;0.247268;-0.247479;0.247326;-0.110798;0.163465;-0.0729657;0.237618;-0.122546;0.166233;0.0121487;1.60708e-05;0.0183229;0.0438224;0.00420041;7.98655e-05;1;0;1;1;1;0;
93;-0.275215;0.275124;-0.275095;0.275088;-0.275213;0.275123;-0.0617896;0.135717;-0.0165543;0.200669;-0.0889213;0.137334;0.0160481;8.92703e-06;0.023355;0.0546819;0.00245291;4.62809e-05;1;0;1;1;1;0;
94;-0.289174;0.289121;-0.302816;0.289099;-0.289173;0.289121;0.0100567;0.0907758;0.10588;0.143194;-0.0634461;0.0917197;0.0196272;4.84355e-06;0.0693716;0.0569534;0.00143274;2.66412e-05;1;0;1;1;1;0;
95;-0.29327;0.293238;-0.30297;0.293226;-0.293269;0.293239;0.0333333;0.0255558;0.19605;0.0583319;-0.009595;0.0261073;0.0146933;0.00805287;0.0713015;0.0607925;0.000836279;0.00382222;0.77263;0.49809;1;1;0.802498;0.870581;
96;-0.288242;0.288222;-0.293906;0.288217;-0.288241;0.292896;0.0907888;-0.0563886;0.24726;-0.037243;0.0657189;-0.0560692;0.00858056;0.0299851;0.041651;0.0355145;0.000488085;0.0224243;0;1;1;1;0;1;
97;-0.272351;0.272339;-0.275658;0.272336;-0.272351;0.27507;0.153867;-0.133764;0.271811;-0.122591;0.139226;-0.133581;0.00501063;0.0302539;0.0243281;0.0207461;0.000284725;0.0189963;0;1;1;1;0;1;
98;-0.244889;0.244882;-0.24682;0.24488;-0.244889;0.246477;0.200803;-0.16239;0.276748;-0.182534;0.192253;-0.188946;0.00292578;0.0317486;0.0142084;0.0121193;0.000165879;0.0118067;0;1;0.504488;1;0;1;
