1;-0.000363587;0.000116064;9.94835e-05;-0.000363587;0.000116064;9.94837e-05;0.034977;0.0347456;0.0352595;0.0349769;0.0347456;0.0352595;0.808667;0.808665;0.808666;0.808667;0.808665;0.808666;0;0;0;0;0;0;
2;-0.0117872;-0.0119913;-0.0101432;0.0232264;0.0162137;0.0134377;0.149855;0.141777;0.135057;0.118693;0.153359;0.161456;0.472328;0.472319;0.472312;0.472332;0.472313;0.472322;1;1;1;1;1;1;
3;0.0131608;0.00757846;0.000815987;0.0130261;-0.00701635;-0.00562221;0.239276;0.244207;0.210681;0.208008;0.247719;0.213751;0.376509;0.291976;0.27588;0.303296;0.275876;0.27588;1;1;1;1;0.966343;1;
4;0.0114014;0.0056255;-0.00112549;0.00877372;-0.0109982;-0.00915046;0.243432;0.24968;0.229505;0.208267;0.25307;0.234156;0.343282;0.262227;0.234453;0.322016;0.283072;0.263989;1;1;1;1;1;1;
5;0.0105163;0.00454409;-0.00198334;0.00790975;-0.0120544;-0.0102037;0.243016;0.249043;0.226895;0.211361;0.252061;0.233641;0.336479;0.256147;0.231338;0.317822;0.281845;0.262016;1;1;1;1;1;1;
6;0.010262;0.00408048;-0.00231105;0.00777968;-0.0125096;-0.0106571;0.242443;0.248527;0.225335;0.2126;0.249956;0.232716;0.332337;0.252362;0.22942;0.313069;0.279649;0.258625;1;1;1;1;1;1;
7;0.0177442;0.0130449;0.00522849;0.00771749;-0.0287408;-0.0247082;0.246755;0.250687;0.228304;0.219549;0.240496;0.224879;0.30383;0.2426;0.239034;0.267632;0.285883;0.246549;1;1;1;0.526452;0.884345;1;
8;0.01659;0.0114243;0.00384282;0.00734857;-0.0286281;-0.0246551;0.2428;0.246384;0.225925;0.225492;0.242851;0.227842;0.297968;0.236498;0.229754;0.26317;0.286018;0.247731;1;1;1;0.572606;0.985878;1;
9;0.0166405;0.0112477;0.00375098;0.00773076;-0.0279832;-0.0241242;0.240347;0.24417;0.221842;0.227838;0.241624;0.228805;0.294925;0.232862;0.227624;0.258915;0.285208;0.245632;1;1;1;0.593043;1;1;
10;0.015851;0.0101946;0.0028419;0.00810881;-0.0274791;-0.0236591;0.238354;0.243272;0.217894;0.229515;0.239295;0.228971;0.293322;0.229183;0.226082;0.254831;0.284385;0.243732;1;1;1;0.605216;0.81175;1;
11;0.0147336;0.0089232;0.00160541;0.00888706;-0.0266376;-0.0227973;0.236154;0.242963;0.214098;0.230905;0.236768;0.22958;0.292603;0.225115;0.224087;0.251092;0.283697;0.241689;1;1;1;0.612423;0.90181;1;
12;0.0133033;0.00747361;5.21452e-05;0.0100172;-0.0256714;-0.0216244;0.233838;0.242603;0.210419;0.232111;0.23447;0.229894;0.292422;0.221155;0.221711;0.247241;0.282764;0.240307;1;1;1;0.614859;0.969158;1;
13;0.0112519;0.0056513;-0.00211097;0.0117326;-0.0241693;-0.0197625;0.232403;0.242069;0.207403;0.232117;0.232422;0.229892;0.29254;0.217787;0.218325;0.243666;0.281186;0.239589;1;1;1;0.646912;1;1;
14;0.00830406;0.00325758;-0.00516064;0.013882;-0.0224444;-0.0172992;0.233407;0.240851;0.206725;0.229481;0.23139;0.225419;0.292168;0.216228;0.212889;0.241076;0.277214;0.24343;1;1;1;0.715023;0.986339;0.866618;
15;0.0049219;0.000828175;-0.0088004;0.0163808;-0.0207695;-0.0143908;0.238652;0.235603;0.213272;0.220729;0.234148;0.215854;0.289725;0.221326;0.201626;0.24263;0.266368;0.250865;1;1;1;0.825594;1;0.767035;
16;0.00203298;-0.000910094;-0.0123657;0.0197843;-0.0191294;-0.0110183;0.240171;0.213952;0.217695;0.216919;0.252743;0.209723;0.294194;0.246991;0.195839;0.236007;0.235172;0.251484;1;1;1;1;0.715639;0.919068;
17;0.00270112;0.00164927;-0.0124955;0.025008;-0.0319382;-0.00679074;0.27425;0.223255;0.256787;0.173232;0.239952;0.161792;0.277782;0.254734;0.169267;0.25981;0.19491;0.28119;1;1;1;1;0.443888;0.606439;
18;-0.0331126;-0.0334839;-0.0447965;0.0678493;-0.0651434;0.042383;0.296652;0.185115;0.275353;0.103233;0.227724;0.12631;0.182147;0.318565;0.10749;0.261564;0.11384;0.306451;1;1;1;1;0.60829;1;
19;-0.0354763;-0.00962377;-0.0250102;0.100923;-0.0932893;0.0747943;0.307651;0.162606;0.294627;0.0727283;0.23631;0.101556;0.106396;0.357558;0.0943101;0.273906;0.0664831;0.32749;1;1;1;1;0.397412;1;
20;-0.0443975;-0.0207719;-0.0349904;0.075601;-0.0986193;0.0488923;0.333309;0.161599;0.322845;0.0531269;0.233243;0.0764434;0.0909841;0.379051;0.091704;0.279796;0.0388268;0.313355;1;1;0.746321;1;0.206621;1;
21;-0.0242431;0.000116141;-0.014985;0.0496432;-0.0698163;0.0220699;0.3416;0.15698;0.311127;0.0441719;0.240396;0.0471383;0.0749966;0.406153;0.0644279;0.291859;0.022674;0.280847;1;1;0.745132;0.974205;0;1;
22;-0.00413805;0.0207792;0.0212398;3.27262e-05;-0.00879652;-0.0231396;0.338247;0.151321;0.286722;0.0559205;0.240071;0.0279146;0.0579096;0.431074;0.0463738;0.293617;0.013241;0.229565;1;1;1;1;0;1;
23;-0.0239489;-0.00626017;0.0926381;-0.0670576;0.0775136;-0.0961726;0.331327;0.151158;0.270893;0.0675673;0.223073;0.021952;0.0395512;0.423769;0.0395441;0.309846;0.00773288;0.209576;1;0.980902;1;0.972125;0.434364;1;
24;-0.0232955;-0.0115156;0.171341;-0.128316;0.162513;-0.173409;0.320874;0.155631;0.255142;0.0856321;0.229452;0.014341;0.0351867;0.436116;0.043623;0.312998;0.00756863;0.16648;1;0.486633;0.786558;0.612131;0.728793;1;
25;0.00189168;-0.0436614;0.199076;0.183541;0.159118;-0.101173;0.114175;0.159467;0.0757776;0.141184;0.110573;0.156812;0.131744;0.254695;0.123843;0.182808;0.282297;0.0972453;1;0;1;0;1;1;
26;0.0532909;-0.0597423;0.243657;-0.0193132;0.189725;-0.174164;0.107941;0.0972129;0.164205;0.0281176;0.155142;0.091366;0.0649059;0.196362;0.0723422;0.133771;0.164866;0.135367;1;1;1;0.553791;0;1;
27;0.0273089;-0.0833706;0.213071;-0.0802821;0.157641;-0.231703;0.142197;0.124167;0.165977;0.0325357;0.149582;0.0933608;0.0352893;0.209749;0.115329;0.104053;0.0962954;0.0881895;1;1;1;0.542313;0.972221;1;
28;0.0425537;-0.0915569;0.227241;-0.0878273;0.143771;-0.239112;0.106886;0.135534;0.129115;0.0774196;0.144195;0.120426;0.0314977;0.141116;0.143253;0.0930177;0.134519;0.0721116;1;0.382205;0.403005;0.259424;1;1;
29;0.122365;-0.175582;0.297543;-0.173399;0.19866;-0.177712;0.025492;0.123432;0.0772276;0.0956195;0.130554;0.173064;0.0772172;0.0824108;0.181632;0.0543254;0.228528;0.0421123;1;0;1;0.457375;0.630519;1;
30;0.113567;-0.215352;0.299206;-0.214077;0.167527;-0.18926;-0.0497041;0.157155;0.00138645;0.140913;0.120901;0.260478;0.0942693;0.0481272;0.192782;0.0317255;0.312771;0.0224441;1;0;1;0.154302;0.76911;1;
31;0.0820724;-0.223423;0.272134;-0.222678;0.166073;-0.189752;-0.070237;0.198136;-0.0216524;0.188651;0.105036;0.278619;0.138312;0.0281055;0.200159;0.0185272;0.316528;0.0131053;1;0;1;0;1;1;
32;0.0467813;-0.208478;0.238345;-0.208043;0.153431;-0.197978;-0.0826034;0.227771;-0.0403622;0.222232;0.104692;0.296461;0.162113;0.0164128;0.195402;0.0108194;0.307759;0.0134848;1;0;1;0;1;1;
33;0.00693442;-0.175924;0.201372;-0.17567;0.151297;-0.19744;-0.0679053;0.245317;-0.0443813;0.242083;0.0961355;0.295898;0.168452;0.00958436;0.179091;0.00631808;0.299634;0.0276639;1;0;1;0;1;0.79863;
34;-0.0537877;-0.125975;0.140989;-0.125826;0.123098;-0.154953;-0.0640286;0.253986;-0.058806;0.252097;0.097293;0.291033;0.165719;0.00559654;0.147347;0.00368931;0.301458;0.0317283;1;0;1;0;1;0.329142;
35;-0.130214;-0.054537;0.0633186;-0.0544501;0.0528573;-0.0714608;-0.0596564;0.247195;-0.0687628;0.249459;0.101569;0.277694;0.163699;0.00326772;0.14043;0.00215409;0.28939;0.0185294;1;0;1;0;1;0.303727;
36;-0.220933;0.0386321;-0.0334885;0.0386826;-0.0396053;0.0287473;-0.0425136;0.230582;-0.06516;0.232354;0.104589;0.264486;0.166819;0.00190766;0.138894;0.00125761;0.279692;0.0112495;1;0;1;0;1;0.303693;
37;-0.305228;0.133793;-0.130771;0.133822;-0.134344;0.128016;-0.00636599;0.206636;-0.0462517;0.208216;0.110451;0.247016;0.164999;0.00111344;0.13782;0.000734089;0.276287;0.0161993;1;0;1;0;1;0.561778;
38;-0.361467;0.205947;-0.202095;0.205964;-0.19484;0.196689;0.0388121;0.18654;-0.0254018;0.199562;0.122778;0.222226;0.185279;0.000649804;0.150454;0.00042832;0.242872;0.0261221;1;0;1;0;1;0.423228;
39;-0.362138;0.251496;-0.215978;0.249993;-0.159637;0.246088;0.0703747;0.16889;-0.011371;0.176498;0.12425;0.189732;0.173275;0.000379194;0.108247;0.00673105;0.221131;0.0152565;1;0.224225;1;0.89433;1;0.577238;
40;-0.34534;0.27074;-0.194685;0.254811;-0.159925;0.256526;0.0961616;0.148811;0.0243621;0.140805;0.126753;0.148535;0.149303;0.0473732;0.0876471;0.034721;0.188547;0.0387251;1;0.693611;1;0.601459;1;1;
41;-0.345517;0.258438;-0.19755;0.249467;-0.17796;0.252729;0.13193;0.130318;0.0631325;0.0926024;0.139835;0.102699;0.142663;0.0954342;0.0764308;0.0585597;0.138188;0.0555647;1;1;1;0.844017;1;1;
42;-0.34354;0.250827;-0.20938;0.238012;-0.210653;0.245446;0.189365;0.115093;0.116669;0.0389341;0.151824;0.0496379;0.105226;0.139621;0.0446413;0.0943509;0.0807161;0.0775803;1;1;0.715625;0.979229;0.253336;1;
43;-0.31948;0.225312;-0.238214;0.233399;-0.238958;0.244006;0.227585;0.0933079;0.143433;-0.0392744;0.163961;-0.0237438;0.0614584;0.227265;0.026071;0.121629;0.0471373;0.0997705;0.7034;1;1;0.704287;0;1;
44;-0.295996;0.177126;-0.24032;0.19753;-0.241088;0.206669;0.265719;0.08488;0.186359;-0.088284;0.198348;-0.0847488;0.0358944;0.275621;0.0152249;0.121593;0.0275275;0.106833;0.618162;1;0;0.808443;0;1;
45;-0.286096;0.186261;-0.224122;0.159815;-0.22457;0.175895;0.272619;0.0826769;0.220168;-0.0995291;0.227169;-0.115341;0.0209624;0.288869;0.00889075;0.138273;0.0160754;0.0976699;0.794432;1;0;0.995311;0;1;
46;-0.289784;0.179176;-0.192158;0.119477;-0.19242;0.135606;0.275055;0.0786646;0.241059;-0.0996707;0.245148;-0.125638;0.012243;0.287713;0.0051916;0.142681;0.0093874;0.0812255;0.772105;1;0;0.874996;0;1;
47;-0.25458;0.141495;-0.14494;0.100244;-0.145093;0.111915;0.275529;0.0796753;0.252061;-0.106804;0.254449;-0.129147;0.000798367;0.289269;0.00303128;0.126719;0.00548164;0.0763342;0.957594;1;0;1;0;1;
48;-0.217058;0.0938179;-0.0785238;0.0524215;-0.0786131;0.0592388;0.261289;0.0711016;0.250652;-0.107925;0.249848;-0.129089;-0.0157119;0.279881;0.00176974;0.126063;0.00320064;0.0783205;1;1;0;1;0;1;
49;-0.217159;0.081219;0.010377;-0.0256122;0.0103242;-0.0216406;0.255379;0.0767813;0.238118;-0.0967761;0.236734;-0.147393;-0.0127133;0.284667;0.00103297;0.119817;0.00186863;0.0457523;1;1;0;0.962948;0;1;
50;-0.232103;0.0581546;0.108515;-0.110077;0.108484;-0.115105;0.245079;0.0819691;0.212667;-0.0758825;0.215595;-0.157175;-0.00746327;0.27573;0.000602717;0.119264;0.00109076;0.0267257;1;1;0;0.997555;0;1;
51;-0.239541;0.0415506;0.188542;-0.165495;0.188524;-0.1924;0.225499;0.0838756;0.206537;-0.0443887;0.208276;-0.15497;-0.00435905;0.260005;0.000351496;0.115903;0.000636534;0.0156078;1;1;0;1;0;1;
52;-0.114046;0.000364161;0.147513;0.165105;-0.00203459;0.14483;0.0664713;0.113859;0.0553741;0.0393118;0.0564239;-0.0252675;0.0921326;0.151842;0.00020509;0.0558474;0.0760395;0.0311789;1;0;0;1;0.77678;1;
53;0.0139476;-0.0246842;0.221576;-0.0344957;0.126917;-0.00710226;0.0562042;0.0220861;0.085608;-0.0214683;0.0773726;-0.0521687;-0.0923946;0.107199;0.0308145;0.0326162;0.0444099;-0.0389844;1;0.886257;0.674215;0;0;1;
54;0.0833223;-0.121718;0.258346;-0.149092;0.203065;-0.133082;-0.0295089;-0.00421945;0.0671891;-0.0297347;0.0623802;-0.0584137;-0.128528;0.0626052;0.0179953;0.0190472;0.0259346;-0.0662665;1;0.020212;0;0;0;1;
55;0.173926;-0.196362;0.276152;-0.210514;0.243868;-0.202991;-0.103245;0.0174973;0.0192733;0.00259991;0.0164661;-0.0459058;-0.0918367;0.0365607;0.0105086;0.0211088;0.0151458;-0.14343;1;0;0;0.539817;0;1;
56;0.180079;-0.233284;0.279882;-0.240029;0.244567;-0.200154;-0.131559;0.0743615;-0.0528902;0.0656609;-0.0377188;-0.00402442;-0.0541861;0.0213509;0.00613667;0.00577723;0.0961916;-0.193572;1;0;0;0;1;1;
57;0.122959;-0.242943;0.277798;-0.246881;0.232238;-0.184295;-0.174172;0.140772;-0.128235;0.135691;-0.0478699;0.0841074;-0.0400107;0.0124682;0.00120303;0.00337377;0.166877;-0.203135;1;0;1;0;0.683964;1;
58;0.0857173;-0.231157;0.253237;-0.233457;0.222887;-0.170557;-0.211059;0.192296;-0.184975;0.18933;-0.0310219;0.131475;-0.0233653;0.00728089;-0.00412238;0.00196992;0.192158;-0.181477;1;0;1;0;1;1;
59;0.038458;-0.20292;0.215817;-0.204263;0.212016;-0.172049;-0.215696;0.224808;-0.220531;0.223076;-0.0284211;0.146491;-0.0136447;0.00425143;0.0103805;0.00115;0.191085;-0.166822;1;0;1;0;1;1;
60;-0.0172795;-0.159921;0.167454;-0.160705;0.208353;-0.166381;-0.205987;0.243038;-0.240509;0.242026;-0.0322173;0.153072;-0.00714836;0.00248212;0.00606354;0.000671246;0.190076;-0.144038;1;0;1;0;1;1;
61;-0.0847882;-0.0992222;0.103621;-0.0996797;0.201788;-0.162613;-0.201746;0.251519;-0.249525;0.250928;-0.0286754;0.165421;0.0141667;0.00144889;-0.0159798;0.000391569;0.176605;-0.125992;1;0;1;0;1;1;
62;-0.168292;-0.0161719;0.0187362;-0.0164386;0.180261;-0.164726;-0.184627;0.241405;-0.270658;0.243348;-0.0268931;0.173206;0.014546;0.000845478;-0.0268241;0.000228282;0.175133;-0.0884583;1;0;1;0;1;1;
63;-0.247651;0.0821999;-0.0807068;0.0820447;0.160875;-0.167743;-0.159446;0.223324;-0.271518;0.223855;-0.0207403;0.175499;0.0276354;0.000493084;-0.0477811;0.000132938;0.151753;-0.057705;1;0;1;0;1;1;
64;-0.300071;0.169258;-0.168388;0.169167;0.135796;-0.180527;-0.128365;0.210571;-0.257038;0.217236;-0.0180086;0.164388;0.0431463;0.000287352;-0.0575736;7.73382e-05;0.115415;-0.0360973;1;0;1;0;1;1;
65;-0.336834;0.229062;-0.228557;0.229009;0.0792087;-0.165021;-0.0834088;0.193242;-0.220387;0.197135;-0.0227128;0.132714;0.0372789;0.000167175;-0.0556961;4.48359e-05;0.0740155;-0.0243297;1;0;1;0;1;1;
66;-0.352138;0.264953;-0.264658;0.264921;0.0501531;-0.131554;-0.0345849;0.163494;-0.179356;0.165767;-0.0405168;0.0985939;0.0434888;9.70279e-05;-0.0593064;2.58994e-05;0.0432323;-0.0169553;1;0;1;0;1;1;
67;-0.358789;0.284369;-0.284196;0.284351;0.0557821;-0.120321;0.00954342;0.121035;-0.140594;0.122366;-0.0485339;0.0831361;0.0343185;5.61608e-05;-0.0967674;0.00922849;0.0250584;-0.00990113;1;0;1;0.511206;1;1;
68;-0.358154;0.290813;-0.286047;0.285709;0.0389059;-0.133766;0.070263;0.0620314;-0.0811998;0.0628123;-0.0331442;0.0398983;0.0278768;0.0248653;-0.115705;0.0188557;-0.0605149;-0.00788543;1;0.675735;1;1;1;1;
69;-0.355186;0.286484;-0.280104;0.275069;0.0230545;-0.145891;0.0951696;0.0167045;-0.02213;-0.00290736;-0.0141527;-0.0287883;0.0169514;0.0991836;-0.160449;0.0821296;-0.108572;0.0574867;1;1;1;1;1;1;
70;-0.323005;0.266925;-0.272456;0.445612;-0.0971262;0.0182725;0.145968;0.0184434;0.07746;-0.0821446;0.0821159;-0.0454989;0.0255374;0.174929;-0.093706;0.106874;-0.0634112;0.108944;1;1;0;0.820187;0;1;
71;-0.283143;0.250521;-0.253622;0.376863;-0.151231;-0.0413842;0.19335;0.00745743;0.153341;-0.10823;0.15606;-0.082922;0.0149132;0.178671;-0.054725;0.123491;-0.0370326;0.129613;0;1;0;0.467163;0;1;
72;-0.239558;0.220503;-0.222318;0.341328;-0.162521;-0.0746666;0.225239;-0.0146779;0.201874;-0.111368;0.203462;-0.0880024;0.00870872;0.193201;-0.0319599;0.114602;-0.0216273;0.135999;0;1;0;1;0;1;
73;-0.189326;0.178196;-0.179258;0.28303;-0.144337;-0.126914;0.243659;-0.0106494;0.230014;-0.124533;0.230942;-0.087325;0.00508533;0.170176;-0.018665;0.11309;-0.0126307;0.136975;0;1;0;0.878193;0;1;
74;-0.127363;0.120861;-0.121483;0.205841;-0.101089;-0.198245;0.252613;-0.0166789;0.244644;-0.128623;0.245186;-0.0886431;0.00296925;0.162728;-0.0109008;0.101179;-0.00737677;0.144827;0;1;0;0.974764;0;1;
75;-0.0467522;0.0429542;-0.0433182;0.106325;-0.0314082;-0.28991;0.243654;-0.0160412;0.245374;-0.126894;0.245265;-0.0776967;0.00173345;0.157815;-0.0063666;0.0791076;-0.00430842;0.1431;0;1;0;1;0;1;
76;0.0517814;-0.0539983;0.053787;-0.0109628;0.0607425;-0.390389;0.225996;-0.0075495;0.229541;-0.126071;0.22673;-0.0572363;0.00101175;0.161539;-0.00371864;0.0607537;-0.0025166;0.145214;0;1;0;1;0;1;
77;0.14595;-0.147243;0.147122;-0.103938;0.151184;-0.461324;0.205939;0.0152493;0.197034;-0.117788;0.202395;-0.031018;0.000590383;0.152321;-0.00217225;0.0449076;-0.00147017;0.160188;0;1;0;1;0;1;
78;0.214209;-0.214961;0.214893;-0.13652;0.217266;-0.46918;0.195327;0.030884;0.189853;-0.108797;0.193258;0.0092422;0.000344249;0.140027;-0.00126909;0.0262331;-0.000858995;0.157057;0;1;0;1;0;1;
79;0.254228;-0.254474;0.256772;-0.157305;0.258157;-0.471432;0.170528;0.0451191;0.167331;-0.0894627;0.169319;0.0478933;0.000200489;0.112769;-0.000741623;0.0153204;-0.000502042;0.147926;0.25245;1;0;1;0;1;
80;0.276801;-0.249866;0.280171;-0.157299;0.28098;-0.469155;0.132803;0.0485599;0.130934;-0.0354746;0.132095;0.0801198;-0.00108874;0.0667496;-0.000433403;-0.00968634;-0.000293564;0.131549;1;1;0.241321;1;0;1;
81;0.282661;-0.268015;0.286461;-0.162609;0.291645;-0.462684;0.0794142;0.0370467;0.0783224;0.0126654;0.0789963;0.137333;0.0106828;0.038983;0.0152001;-0.0185808;-0.000171727;0.10956;1;1;1;0.975098;0;1;
82;0.276988;-0.289275;0.283268;-0.168143;0.277433;-0.457542;0.00667803;0.0613427;0.00604251;0.0471029;0.0247436;0.192765;0.0688236;-0.0135902;0.0660442;-0.0328277;0.082734;0.0803483;1;1;1;0.882002;1;1;
83;0.261689;-0.282955;0.280773;-0.202107;0.285233;-0.405665;-0.0647043;0.117478;-0.0762146;0.109159;0.0261541;0.265613;0.11204;-0.00793722;0.0599097;-0.0317095;0.161818;0.0919243;1;0;1;0.635267;1;0.614851;
84;0.243002;-0.264683;0.26394;-0.217468;0.268428;-0.35347;-0.100723;0.173732;-0.120777;0.168875;0.021592;0.296857;0.12504;-0.00463585;0.063691;-0.0185185;0.197426;0.0536899;1;0;1;0;1;0.0434089;
85;0.22207;-0.234736;0.234303;-0.207162;0.236925;-0.304434;-0.114254;0.213302;-0.13475;0.210466;0.0117051;0.294442;0.126786;-0.0027079;0.0711721;-0.0108151;0.200812;0.031361;1;0;1;0;1;0.476604;
86;0.186537;-0.193932;0.193676;-0.177829;0.208526;-0.273226;-0.119159;0.23695;-0.147611;0.235294;0.00877433;0.297431;0.122003;-0.00158204;0.0641611;-0.00631627;0.198939;0.035256;1;0;1;0;1;0.644352;
87;0.135771;-0.140086;0.139932;-0.130682;0.161231;-0.219288;-0.122078;0.249318;-0.147748;0.248351;0.00155105;0.288397;0.11639;-0.000924556;0.0593507;-0.00368908;0.188425;0.0264615;1;0;1;0;1;0.526888;
88;0.0651334;-0.0676446;0.0675487;-0.0621528;0.0862036;-0.113925;-0.120681;0.250226;-0.142807;0.250392;-0.00752859;0.276727;0.104442;-0.000540576;0.0615542;-0.00215477;0.175417;0.0154575;1;0;1;0;1;0.687088;
89;-0.0272359;0.0257884;-0.0258555;0.0289952;-0.0146069;-0.00945215;-0.107359;0.232942;-0.122503;0.234613;-0.0185218;0.264639;0.105301;-0.000316348;0.073303;-0.0012588;0.150256;0.0115382;1;0;1;0;1;0.821685;
90;-0.11947;0.1233;-0.123354;0.125172;-0.103505;0.0554736;-0.0864506;0.207013;-0.110835;0.212596;-0.0092267;0.248337;0.0985635;-0.000185483;0.0782786;-0.000735388;0.131327;0.0238152;1;0;1;0;1;0.476141;
91;-0.195173;0.198971;-0.199018;0.200064;-0.187412;0.15936;-0.0723193;0.200211;-0.0959461;0.203773;0.0204623;0.224645;0.0615821;-0.000108878;0.0644506;-0.000429866;0.133966;0.0139078;1;0;1;0;1;0;
92;-0.237742;0.247344;-0.247382;0.247982;-0.240594;0.224211;-0.0376019;0.178857;-0.0619941;0.180937;0.0345021;0.193126;0.0609523;-6.41883e-05;0.0601534;-0.000251391;0.100462;0.00812169;1;0;1;0;1;0;
93;-0.256019;0.275134;-0.275162;0.269928;-0.261436;0.260622;0.0125968;0.144706;-0.0207975;0.14592;0.0317073;0.153041;0.0600946;-3.80223e-05;0.04463;-0.0111711;0.0637526;0.0119621;1;0;1;0.463573;1;0.301434;
94;-0.264222;0.277144;-0.289143;0.278666;-0.279229;0.261398;0.0632532;0.0960277;0.0262689;0.0967371;0.019488;0.1009;0.0583336;0.0246563;0.0260669;-0.00769433;0.0372322;0.0360401;1;0.808185;1;0.882837;1;0.829457;
95;-0.265359;0.266919;-0.287662;0.273226;-0.298261;0.254782;0.107209;0.0581539;0.0592472;0.0290463;0.0388349;0.0428011;0.0340693;0.0909207;0.015225;0.0513729;-0.0132614;0.0768694;1;1;1;1;0.679747;1;
96;-0.267932;0.237425;-0.287216;0.256648;-0.291156;0.236888;0.135263;0.039846;0.10593;-0.0509602;0.0940014;-0.0301344;0.0327496;0.163343;0.0324599;0.0925175;-0.00774492;0.092572;0.672248;1;1;0.992264;0;1;
97;-0.26049;0.198251;-0.276791;0.231451;-0.274053;0.211738;0.179841;0.0389306;0.162716;-0.111413;0.155743;-0.0920695;0.0191262;0.219232;0.0340542;0.0992151;-0.00452345;0.091076;0.646188;1;0.817028;0.69785;0;1;
98;-0.237961;0.140628;-0.247481;0.178061;-0.245882;0.155344;0.215972;0.0411069;0.205971;-0.135173;0.201898;-0.124149;0.011169;0.230518;0.0198874;0.0866805;-0.00264206;0.0883061;0;1;0;0.855201;0;1;
