1;-0.000363587;0.000116064;9.94836e-05;-0.000363587;0.000116064;9.94835e-05;0.0349769;0.0347456;0.0352595;0.0349769;0.0347456;0.0352595;0.808667;0.808665;0.808666;0.808667;0.808665;0.808666;0;0;0;0;0;0;
2;-0.00218741;-0.00223135;-0.00142884;0.00157398;0.00350342;0.00320318;0.158063;0.157558;0.159566;0.173774;0.17344;0.17738;0.472454;0.472455;0.472458;0.472454;0.472455;0.472458;1;1;1;1;1;1;
3;-0.000955777;-0.00223532;-0.000602616;0.000853919;0.0031563;0.00210528;0.0923988;0.091935;0.093477;0.101405;0.10138;0.103511;0.275929;0.275931;0.275933;0.275931;0.275931;0.275933;0.6393;0.657911;1;0.441544;0.387932;1;
4;7.67555e-05;-0.00194022;0.000282949;-0.000136191;0.00247809;0.000594663;0.0539386;0.0537221;0.0545692;0.0592523;0.059184;0.0604827;0.161148;0.161149;0.16115;0.161149;0.161149;0.161151;0.713232;0.711455;1;0.669518;0.590759;1;
5;0.000921008;-0.0056014;0.00104144;-0.00095568;0.00232334;-0.000528894;0.031249;0.0353151;0.0316178;0.0348631;0.0343134;0.0355824;0.0941128;0.0941153;0.0941148;0.0941136;0.0941144;0.0941151;0.928548;1;1;0.471115;0.629153;0.840163;
6;0.00164533;-0.00437888;0.00171565;-0.00166551;0.00246423;-0.00141628;0.0287702;0.0352495;0.0338743;0.0308185;0.0329543;0.0358872;0.0549642;0.0549662;0.0549657;0.0549646;0.0549655;0.0549658;0.982686;1;1;0.481866;0.617449;0.715869;
7;0.00220421;-0.00380064;0.00224526;-0.00221595;0.00268242;-0.00207041;0.0260409;0.0282634;0.0285547;0.0287649;0.0298842;0.0331216;0.0321016;0.0321028;0.0321028;0.0321016;0.0321027;0.0321026;0.907016;0.809978;1;0.476736;0.671267;0.878552;
8;0.00242087;-0.00335314;0.00244483;-0.00242768;0.00289822;-0.00234269;0.0242154;0.0286858;0.0272345;0.0305268;0.0298086;0.0336192;0.0187499;0.0187502;0.018751;0.0187495;0.018751;0.0187505;0.874378;0.661355;1;0.477146;0.934904;1;
9;0.00195219;-0.0024966;0.00196617;-0.00195613;0.00223095;-0.00190651;0.0228661;0.0293321;0.026881;0.0324011;0.0306207;0.0363705;0.0109526;0.010952;0.0109536;0.0109517;0.0109538;0.0109526;0.791077;0.524651;1;0.463107;0.618614;1;
10;0.000244839;-0.000562726;0.000252994;-0.000247088;0.000407625;-0.000218121;0.0203743;0.0286205;0.0241101;0.0339584;0.0301488;0.0377469;0.00639916;0.00639754;0.00640002;0.00639772;0.00640056;0.00639856;0.80999;0.37763;1;0.37695;0.958025;1;
11;-0.00350305;0.00331743;-0.00349831;0.00350177;-0.003408;0.00351869;0.017095;0.0281955;0.0216002;0.0342203;0.0286694;0.0393109;0.0037401;0.00373746;0.00748498;0.00373803;0.00910513;0.00373886;0.840187;0.469462;1;0.598522;0.928744;0.692245;
12;-0.0103455;0.0102372;-0.0103428;0.0103448;-0.01029;0.0103547;0.0169855;0.0296082;0.0202797;0.0371986;0.0287049;0.0411829;0.00444147;0.00218373;0.00866463;0.00218472;0.00827057;0.00218548;0.861788;0.444564;1;0.499528;0.629018;0.771267;
13;-0.0214998;0.0214366;-0.0214982;0.0214994;-0.0214674;0.0215052;0.0170909;0.0301197;0.0189512;0.0388453;0.0283873;0.0406829;0.0079859;0.00127627;0.00669831;0.00127754;0.0101918;0.00127828;0.997705;0.431715;0.753908;0.423931;0.78733;0.762496;
14;-0.0380523;0.0380154;-0.0380514;0.0380522;-0.0380334;0.0380555;0.0183696;0.0290315;0.0210377;0.035636;0.0278333;0.0388984;0.00466676;0.000746675;0.00606392;0.000747938;0.00887479;0.000748619;1;0.468372;0.989264;0.43515;0.752151;0.787344;
15;-0.060304;0.0602824;-0.0603034;0.0603039;-0.0602929;0.0603058;0.0240648;0.0272245;0.0273232;0.0273385;0.0277746;0.0307883;0.00272788;0.00293209;0.00354412;0.00215082;0.00518566;0.00305773;0.757186;0.578957;0.91246;0.481683;0.630987;0.875973;
16;-0.0867339;0.0867213;-0.0867336;0.0867339;-0.0867274;0.086735;0.0429665;0.0280171;0.0474479;0.0129569;0.0341463;0.0190897;0.00159433;0.016093;0.00207173;0.00658338;0.00302878;0.00897793;0.545008;1;0.758638;0.451471;0.321356;1;
17;-0.113118;0.113111;-0.113118;0.113118;-0.113114;0.113119;0.0579694;0.0148147;0.0605879;-0.0253057;0.0528182;-0.021721;0.000930817;0.0248703;0.00121026;0.00893846;0.00176843;0.0112361;0.0866909;1;0.400406;0.692343;0;1;
18;-0.1328;0.132796;-0.1328;0.1328;-0.132798;0.132801;0.0954189;-0.0528987;0.096948;-0.0763404;0.0924106;-0.0742416;0.000543248;0.0321627;0.000706433;0.005222;0.00103239;0.010788;0;1;0;0.500253;0;1;
19;-0.138312;0.13831;-0.138312;0.138312;-0.138311;0.138312;0.143508;-0.118663;0.144401;-0.132363;0.141751;-0.131133;0.000316842;0.0187876;0.000412145;0.00305091;0.0006025;0.00630281;0;1;0;0.511389;0;1;
20;-0.123567;0.123565;-0.123567;0.123567;-0.123566;0.123567;0.185932;-0.171413;0.186454;-0.179422;0.184906;-0.1787;0.000184599;0.0109739;0.00024026;0.00178234;0.000351407;0.00368205;0;1;0;0.525;0;1;
21;-0.0843851;0.0843846;-0.0843851;0.0843851;-0.0843848;0.0843853;0.214906;-0.194066;0.21521;-0.211102;0.214306;-0.210677;0.000107353;0.00640909;0.000139859;0.001041;0.000204727;0.00215057;0;1;0;0.542574;0;1;
22;-0.0173045;0.0173043;-0.0173045;0.0173044;-0.0173043;0.0173046;0.230523;-0.188299;0.230701;-0.2283;0.230173;-0.217983;6.21698e-05;0.00374316;8.11605e-05;0.000607811;0.00011905;0.00125581;0;1;0;0.750229;0;1;
23;0.0725458;-0.0725456;0.0725458;-0.0725459;0.0725458;-0.0725458;0.227558;-0.166619;0.228197;-0.207523;0.228494;-0.207227;3.57758e-05;0.00218674;4.68579e-05;0.00035496;6.90045e-05;0.0007335;0;1;0;0.89586;0;1;
24;0.159619;-0.159619;0.159619;-0.159618;0.159619;-0.159619;0.191199;-0.129472;0.18787;-0.178646;0.193012;-0.177258;2.03813e-05;0.0084381;2.69116e-05;0.000207727;3.97101e-05;0.00042905;0;1;0;1;0;1;
25;0.222491;-0.22249;0.222491;-0.22249;0.22249;-0.222491;0.157464;-0.080149;0.142355;-0.121326;0.16062;-0.142127;1.16073e-05;0.0173189;1.51549e-05;0.00966947;2.27151e-05;0.00228708;0;1;0;1;0;1;
26;0.261128;-0.261127;0.261128;-0.261127;0.261127;-0.261128;0.146293;-0.00927219;0.100337;-0.0617083;0.148136;-0.100589;6.19529e-06;0.0321579;8.67501e-06;0.00866689;1.28464e-05;0.00133713;0;1;0;1;0;0.987703;
27;0.282492;-0.282493;0.282493;-0.282493;0.282492;-0.282493;0.115898;0.0433741;0.0890579;0.0107827;0.116972;-0.025998;0.00836773;0.035534;4.60084e-06;0.0286218;7.00778e-06;0.0123857;0.502123;1;0;1;0;0.944114;
28;0.292154;-0.292155;0.292154;-0.292155;0.292154;-0.292155;0.0657661;0.0505123;0.0500928;0.06064;0.0663934;0.0548058;0.00927844;0.0207564;0.0228066;0.0333481;0.0211939;0.0400718;0.966185;0.864485;1;0.562748;0.574559;1;
29;0.292143;-0.295396;0.3013;-0.29273;0.297584;-0.29273;-0.00587223;0.0737794;-0.0150142;0.0796941;-0.00549227;0.0762874;0.00542024;0.0121212;0.0230466;0.0194748;0.0241682;0.0234016;0.522284;0;1;0;1;0;
30;0.283422;-0.285322;0.28877;-0.283765;0.2866;-0.283765;-0.0884996;0.128158;-0.0938291;0.131612;-0.0882647;0.129623;0.00316656;0.00707834;0.0180368;0.0113728;0.0310373;0.0136661;0.622753;0;1;0;1;0;
31;0.263175;-0.264285;0.266299;-0.263376;0.265031;-0.263376;-0.158041;0.181202;-0.161146;0.183219;-0.157893;0.182058;0.00184992;0.00413329;0.0105358;0.00664124;0.018129;0.00798052;0.666599;0;1;0;1;0;
32;0.231693;-0.232341;0.233517;-0.23181;0.232777;-0.23181;-0.204355;0.217882;-0.206164;0.21906;-0.204261;0.218382;0.00108055;0.00241334;0.00615357;0.00387797;0.0105881;0.00466011;0.503038;0;1;0;1;0;
33;0.189481;-0.18986;0.190547;-0.18955;0.190114;-0.18955;-0.231642;0.239542;-0.232694;0.24023;-0.20591;0.239834;0.000630891;0.00140885;0.00359336;0.00226422;0.006183;0.00272098;0.746647;0;1;0;1;0;
34;0.133892;-0.134113;0.134515;-0.133932;0.134262;-0.133932;-0.245999;0.250614;-0.228566;0.251015;-0.203976;0.250784;0.000368107;0.000822225;0.00209756;0.00132175;0.00361039;0.00158851;0.780111;0;1;0;1;0;
35;0.0591607;-0.0592895;0.0595244;-0.059184;0.0593765;-0.059184;-0.237302;0.250164;-0.224659;0.248329;-0.192472;0.248254;0.000214596;0.000479624;0.00122479;0.000771338;0.00210856;0.000927113;0.841241;0;1;0;1;0;
36;-0.0359317;0.0358566;-0.0357192;0.035918;-0.0358058;0.035918;-0.219031;0.226982;-0.212941;0.236128;-0.170869;0.235932;0.000125229;0.000279533;0.000715308;0.000449924;0.00123207;0.000540908;0.937344;0;1;0;1;0;
37;-0.132215;0.132172;-0.132091;0.132207;-0.132142;0.132207;-0.184274;0.202571;-0.190918;0.199105;-0.144091;0.199314;7.36311e-05;-0.000842901;0.000418197;0.000262315;0.00451673;0.000315413;1;0;1;0;1;0;
38;-0.205025;0.205;-0.204952;0.20502;-0.204982;0.20502;-0.131445;0.165381;-0.156075;0.169286;-0.0796436;0.158218;0.00516141;-0.000492774;0.000245179;0.000152668;0.0191581;0.000183655;1;0;1;0;1;0;
39;-0.250957;0.250942;-0.250915;0.250954;-0.250933;0.250954;-0.0760808;0.155565;-0.113057;0.158813;-0.0314986;0.122854;0.0274687;-0.000288206;0.00867096;8.87037e-05;0.0388255;0.000107098;1;0;1;0;1;0;
40;-0.277085;0.277076;-0.27706;0.277083;-0.277071;0.277083;-0.0110013;0.128574;-0.0529906;0.130472;0.0378784;0.109471;0.0378243;-0.000168794;0.0050656;0.0124562;0.0636502;-0.000831719;1;0;0.860908;0.209734;1;0;
41;-0.289952;0.289947;-0.289937;0.289951;-0.289944;0.289951;0.0551277;0.0831398;0.0454832;0.0842522;0.0520826;0.0719861;0.0307204;0.00434234;0.0547487;0.00727666;0.0371784;0.017751;0.874149;0.330627;1;0.447957;1;0.984684;
42;-0.293162;0.293159;-0.293153;0.293161;-0.293157;0.293161;0.0671159;0.0171486;0.0584947;0.0172757;0.0636524;0.0101189;0.0179407;0.0252256;0.0319739;0.00425213;0.0217119;0.0194207;0;1;0.667803;0.461104;0;1;
43;-0.287143;0.287141;-0.287138;0.287142;-0.28714;0.287142;0.114492;-0.0652669;0.109458;-0.0652072;0.11247;-0.0693759;0.0104769;0.0334281;0.0186722;0.00248441;0.0126793;0.0199359;0;1;0;0.391507;0;1;
44;-0.270065;0.270064;-0.270062;0.270064;-0.270063;0.270064;0.169458;-0.140699;0.166518;-0.140675;0.168277;-0.143102;0.00611807;0.019526;0.0109041;0.00145171;0.00740423;0.0116455;0;1;0;0.482486;0;1;
45;-0.241493;0.241492;-0.241491;0.241492;-0.241492;0.241493;0.210298;-0.193492;0.20858;-0.193487;0.209608;-0.194899;0.00357246;0.0114045;0.0063675;0.000848117;0.00432357;0.00680204;0;1;0;0.496285;0;1;
46;-0.202303;0.202303;-0.202302;0.202303;-0.202302;0.202303;0.235295;-0.209913;0.234292;-0.225477;0.234892;-0.226297;0.00208582;0.00665988;0.00371811;0.000495232;0.00252442;0.00397231;0;1;0;0.679837;0;1;
47;-0.150865;0.150865;-0.150864;0.150864;-0.150864;0.150865;0.248695;-0.205394;0.248109;-0.24296;0.248459;-0.229089;0.00121757;0.00388897;0.00217081;0.000288929;0.0014737;0.00231944;0;1;0;0.54241;0;1;
48;-0.0819838;0.0819844;-0.0819834;0.0819837;-0.081984;0.0819838;0.251247;-0.19702;0.251543;-0.241917;0.251157;-0.226747;0.00071052;0.00227092;0.00126719;0.000168327;0.000860091;0.0013543;0;1;0;0.39575;0;1;
49;0.00835612;-0.00835508;0.0083563;-0.00835615;0.00835554;-0.00835606;0.240483;-0.180684;0.239675;-0.22698;0.233137;-0.215654;0.000414378;0.00132657;0.000739492;9.81142e-05;0.000501723;0.000790853;0;1;0;0.612284;0;1;
50;0.107335;-0.107334;0.107335;-0.107335;0.107334;-0.107335;0.209523;-0.148353;0.212178;-0.198513;0.210193;-0.202053;0.000241467;0.000775756;0.000431324;5.75285e-05;0.00029247;0.000462118;0;1;0;0.662689;0;0.947517;
51;0.187852;-0.187851;0.187853;-0.187852;0.187852;-0.187852;0.172246;-0.102923;0.17555;-0.152565;0.174458;-0.165065;0.000140526;0.0104525;0.000251386;0.00478689;0.000170251;0.000657959;0;1;0;0.745322;0;1;
52;0.240617;-0.240616;0.240617;-0.240617;0.240616;-0.240617;0.146315;-0.0491518;0.155564;-0.0917445;0.132727;-0.123607;8.18118e-05;0.0321651;0.000146449;0.0201895;9.89835e-05;0.0113497;0;1;0;0.674097;0;0.775876;
53;0.27144;-0.27144;0.27144;-0.27144;0.271439;-0.27144;0.12987;0.0354575;0.135271;-0.0290419;0.121934;-0.0721064;4.75922e-05;0.0555393;8.50555e-05;0.0272823;5.73802e-05;0.00662992;0.376367;1;0;1;0;1;
54;0.287466;-0.287467;0.287466;-0.287467;0.287466;-0.287467;0.0930425;0.0591063;0.096192;0.0315186;0.0884031;0.0255901;0.00893852;0.0324426;4.95135e-05;0.0406103;3.30677e-05;0.0382809;0.881114;1;0.319825;0.96136;0;1;
55;0.293158;-0.293159;0.293158;-0.293158;0.293158;-0.293158;0.0343779;0.0644356;0.0362225;0.0678239;0.0345446;0.0768611;0.0118562;0.018947;0.0281138;0.0237169;0.0371673;0.0223582;0.644454;0.104396;1;0.115382;1;0.641318;
56;0.289813;-0.289813;0.289813;-0.289813;0.289813;-0.289813;-0.0440657;0.101773;-0.0429773;0.103752;-0.0439535;0.10903;0.00692532;0.0110646;0.0172512;0.0138501;0.0289674;0.0130567;0.576985;0;1;0;1;0;
57;0.275955;-0.275955;0.275955;-0.275955;0.275955;-0.275955;-0.123079;0.156781;-0.122435;0.157936;-0.123002;0.161018;0.00404534;0.00646125;0.0100783;0.00808802;0.0169216;0.00762464;0.640906;0;1;0;1;0;
58;0.250436;-0.250436;0.250436;-0.250436;0.250436;-0.250436;-0.181963;0.201646;-0.181581;0.20232;-0.181908;0.20412;0.00236292;0.00377288;0.00588722;0.00472291;0.00988401;0.0044523;0.63899;0;1;0;1;0;
59;0.214179;-0.214179;0.214179;-0.214179;0.214179;-0.214179;-0.218773;0.230268;-0.218545;0.230662;-0.213416;0.231713;0.00137996;0.00220284;0.00343831;0.00275768;0.00577216;0.00259964;0.906678;0;1;0;1;0;
60;0.166496;-0.166496;0.166496;-0.166496;0.166496;-0.166496;-0.239512;0.246226;-0.229515;0.246456;-0.207775;0.24707;0.000805656;0.00128592;0.00200753;0.00160992;0.00337051;0.00151764;1;0;1;0;1;0;
61;0.103062;-0.103062;0.103062;-0.103062;0.103062;-0.103062;-0.245389;0.253381;-0.226106;0.253516;-0.200461;0.253874;0.000470081;0.000750414;0.00117211;0.000939647;0.00196805;0.000885742;1;0;1;0;1;0;
62;0.0184141;-0.0184139;0.0184142;-0.0184141;0.0184142;-0.0184141;-0.232246;0.238008;-0.219707;0.244008;-0.185083;0.244158;0.000274266;0.000437669;0.000684387;0.000548207;0.00114955;0.000516737;1;0;1;0;1;0;
63;-0.0808904;0.0808907;-0.0808903;0.0808904;-0.0808904;0.0808904;-0.204592;0.216176;-0.206192;0.224723;-0.156278;0.224933;0.000160272;0.000255053;0.000399871;0.000319619;0.00200863;0.000301234;0.732649;0;1;0;1;0;
64;-0.168493;0.168493;-0.168493;0.168493;-0.168493;0.168493;-0.163347;0.182768;-0.17688;0.20734;-0.119917;0.202924;9.44961e-05;0.000148445;0.000234269;0.000186238;0.0129699;0.000175528;1;0;1;0;1;0;
65;-0.228615;0.228615;-0.228615;0.228615;-0.228616;0.228615;-0.108992;0.148458;-0.138636;0.191355;-0.0571299;0.188776;0.0111937;8.6189e-05;0.00348982;0.000108247;0.0319282;0.000101955;1;0;1;0;1;0;
66;-0.264691;0.264691;-0.264691;0.264691;-0.264692;0.264691;-0.0531149;0.13734;-0.090454;0.162392;0.00580614;0.160886;0.0264645;4.98707e-05;0.00203955;6.27856e-05;0.0548294;5.91328e-05;1;0;0.902828;0;1;0;
67;-0.284217;0.284217;-0.284216;0.284216;-0.284218;0.284216;0.0352288;0.105762;-0.00886329;0.120395;0.0490426;0.119512;0.0373984;2.8654e-05;0.0135421;0.0174944;0.0338911;3.41397e-05;1;0;0.960832;0.466242;1;0;
68;-0.292489;0.292489;-0.292489;0.292489;-0.29249;0.292489;0.0538468;0.0531171;0.0717081;0.0616603;0.0722846;0.0632191;0.0218435;0.0161409;0.0419753;0.0102192;0.0197962;0.0413338;0.722825;0.690563;1;0.437425;0.560184;1;
69;-0.291686;0.293061;-0.291686;0.291686;-0.291742;0.291897;0.0835451;-0.0210625;0.093976;-0.0160883;0.0943125;-0.0151666;0.0127561;0.02977;0.024513;0.00596953;0.0115605;0.0241462;0;1;0;0.361728;0;1;
70;-0.280941;0.281744;-0.280941;0.280941;-0.280974;0.281064;0.139175;-0.102672;0.145267;-0.0997797;0.145463;-0.0992325;0.00744915;0.0192843;0.0143151;0.0034873;0.00675084;0.0141059;0;1;0;0.471292;0;1;
71;-0.258577;0.259046;-0.258577;0.258577;-0.258596;0.258649;0.189383;-0.168055;0.192941;-0.166375;0.193055;-0.166049;0.00434984;0.0112646;0.00835951;0.00203717;0.00394201;0.00823995;0;1;0;0.444424;0;1;
72;-0.225211;0.225486;-0.225211;0.225211;-0.225223;0.225254;0.222922;-0.210457;0.225;-0.209485;0.225067;-0.209289;0.0025398;0.00657886;0.00488142;0.00118984;0.00230162;0.00481264;0;1;0;0.472724;0;1;
73;-0.180948;0.181108;-0.180948;0.180948;-0.180955;0.180973;0.242306;-0.205657;0.24352;-0.234458;0.243559;-0.233385;0.00148272;0.00384158;0.00285021;0.000694691;0.00134361;0.00281025;0;1;0;0.619345;0;1;
74;-0.12247;0.122564;-0.12247;0.12247;-0.122474;0.122484;0.251823;-0.201589;0.252531;-0.247238;0.252554;-0.22876;0.000865358;0.0022431;0.00166396;0.000405338;0.000784108;0.00164084;0;1;0;0.738812;0;1;
75;-0.0438945;0.0439498;-0.0438945;0.0438945;-0.0438971;0.043903;0.246804;-0.190706;0.247182;-0.236758;0.245749;-0.223371;0.000504816;0.00130991;0.000971192;0.000236378;0.000457349;0.000958069;0;1;0;0.812869;0;1;
76;0.0534505;-0.0534177;0.0534505;-0.0534505;0.0534486;-0.0534455;0.232129;-0.167641;0.232721;-0.213618;0.221631;-0.209475;0.000294266;0.000765784;0.000566624;0.000138023;0.00026654;0.000559613;0;1;0;0.898652;0;1;
77;0.146925;-0.146906;0.146925;-0.146925;0.146924;-0.146922;0.197769;-0.136618;0.198468;-0.174375;0.197354;-0.1846;0.000171573;0.00704162;0.000330616;8.11868e-05;-0.00207675;0.000327339;0;1;0;0.97586;0;1;
78;0.214779;-0.214767;0.214779;-0.214779;0.214778;-0.214777;0.157306;-0.0725333;0.154386;-0.129016;0.154783;-0.149893;9.95658e-05;0.0210664;0.000192432;0.00475423;-0.00121327;0.000192163;0;1;0;0.976092;0;0.989937;
79;0.256704;-0.256698;0.256704;-0.256704;0.256704;-0.256703;0.148323;-0.014499;0.145416;-0.0719308;0.111744;-0.104117;5.77528e-05;0.0343495;0.000112007;0.0151117;-0.000709107;0.0116727;0;1;0;0.689111;0;1;
80;0.280131;-0.280127;0.280131;-0.280132;0.280131;-0.280131;0.119835;0.0466156;0.118135;0.00297398;0.098471;-0.0404905;0.0106995;0.0493599;6.49651e-05;0.0293236;-0.000414565;0.00681926;0.415603;1;0;0.889674;0;1;
81;0.29115;-0.291148;0.29115;-0.29115;0.29115;-0.29115;0.0718414;0.0625465;0.0721246;0.0532851;0.0593642;0.0557582;0.0157682;0.0288316;0.0329845;0.0171291;0.0127337;0.0435542;0.800987;0.966928;0.953884;0.599229;0.497015;1;
82;0.292813;-0.292812;0.292813;-0.292813;0.292813;-0.292813;0.00224937;0.0762344;0.00242457;0.0708259;6.56506e-05;0.0722709;0.00921048;0.0168372;0.019763;0.0100031;0.0270166;0.0254356;0.55433;0;1;0;1;0;
83;0.285021;-0.285021;0.285021;-0.285021;0.285022;-0.285021;-0.0803396;0.126175;-0.080227;0.123016;-0.0816009;0.12386;0.00538015;0.00983248;0.0184423;0.00584131;0.0291046;0.0148538;0.607742;0;1;0;1;0;
84;0.265889;-0.265889;0.265889;-0.265889;0.26589;-0.265889;-0.152043;0.178812;-0.15197;0.176967;-0.15277;0.17746;0.0031427;0.00574169;0.0107728;0.00341092;0.0170003;0.00867419;0.661311;0;1;0;1;0;
85;0.23544;-0.23544;0.23544;-0.23544;0.235441;-0.23544;-0.200635;0.216269;-0.200587;0.215191;-0.201051;0.215479;0.00183558;0.00335264;0.00629215;0.00199149;0.00992908;0.00506522;0.700509;0;1;0;1;0;
86;0.194343;-0.194343;0.194344;-0.194343;0.194344;-0.194343;-0.229552;0.238683;-0.22952;0.238054;-0.206836;0.238222;0.00107186;0.0019574;0.00367444;0.00116253;0.00579815;0.00295757;0.974152;0;1;0;0.873473;0;
87;0.140326;-0.140326;0.140326;-0.140326;0.140327;-0.140326;-0.244996;0.25033;-0.229935;0.249962;-0.203882;0.250061;0.000625645;0.00114256;0.00214549;0.000678373;0.00338573;0.00172666;1;0;1;0;1;0;
88;0.0677846;-0.0677852;0.0677847;-0.0677846;0.0677856;-0.0677846;-0.239494;0.251238;-0.225041;0.249532;-0.19471;0.249834;0.000364971;0.000666701;0.00125272;0.000395623;0.0019771;0.00100781;0.97709;0;1;0;1;0;
89;-0.0257068;0.0257057;-0.0257067;0.0257068;-0.0257053;0.0257067;-0.22233;0.228637;-0.214446;0.237778;-0.173789;0.237577;0.000213026;0.000388787;0.000731602;0.000230497;0.00115528;0.000588017;0.971749;0;1;0;1;0;
90;-0.123252;0.123251;-0.123252;0.123252;-0.12325;0.123252;-0.189158;0.204332;-0.196316;0.204798;-0.147702;0.199009;0.000124804;0.000226495;0.000427622;0.000134096;0.000676018;0.00034287;1;0;1;0;1;0;
91;-0.198943;0.198942;-0.198943;0.198943;-0.198942;0.198943;-0.137345;0.171082;-0.165126;0.167669;-0.0929746;0.177829;0.00491359;0.00013178;-0.00951382;7.78046e-05;0.0144668;0.000199704;1;0;1;0;1;0;
92;-0.247327;0.247326;-0.247327;0.247327;-0.247327;0.247327;-0.0811371;0.161846;-0.124126;0.157781;-0.0306351;0.165786;0.0131187;7.64984e-05;-0.00555581;4.50179e-05;0.0279943;0.000116187;1;0;1;0;1;0;
93;-0.275124;0.275123;-0.275124;0.275124;-0.275125;0.275124;-0.0127535;0.134772;-0.0620318;0.132399;0.0338529;0.137073;0.0257146;4.41818e-05;-0.00324314;0.000282237;0.0428326;6.74829e-05;1;0;1;0.0370505;1;0;
94;-0.289121;0.289121;-0.289121;0.289121;-0.289122;0.289121;0.0428214;0.0902234;0.0454138;0.0888428;0.0610117;0.0915688;0.0269139;2.5379e-05;0.0322094;0.0071144;0.0334296;0.0143642;1;0;1;0.466523;0.995994;0.508686;
95;-0.293239;0.293238;-0.293238;0.293238;-0.293239;0.293238;0.0551859;0.0264439;0.0826131;0.0244306;0.0529667;0.0260307;0.0157181;0.030437;0.0188113;0.00415722;0.0195228;0.0251755;0.431886;1;0.707535;0.4382;0.17824;1;
96;-0.288223;0.27455;-0.288223;0.288223;-0.288224;0.288223;0.10355;-0.0558628;0.119568;-0.0570538;0.102255;-0.0561084;0.00917886;0.038539;0.0109852;0.0024291;0.0114009;0.018978;0;1;0;0.484357;0;1;
97;-0.27234;0.240127;-0.27234;0.27234;-0.27234;0.27234;0.16132;-0.133458;0.170674;-0.134165;0.160563;-0.133606;0.00535997;0.0225116;0.00641494;0.00141961;0.00665768;0.0110863;0;1;0;0.448654;0;1;
98;-0.244882;0.22607;-0.244882;0.244882;-0.244882;0.244882;0.205155;-0.188874;0.210618;-0.189296;0.204713;-0.188964;0.00312975;0.0131483;0.00374583;0.000829427;0.0038876;0.00647563;0;1;0;0.464254;0;1;
