1;-0.000363586;0.000116064;9.94835e-05;-0.000363586;0.000116064;9.94833e-05;0.0349768;0.0347455;0.0352594;0.0349771;0.0347457;0.0352596;0.808667;0.808665;0.808666;0.808667;0.808665;0.808666;0;0;0;0;0;0;
2;0.00450468;0.00478225;-0.01595;-0.00909329;-0.00156839;0.0172947;0.170065;0.171933;0.172844;0.179822;0.177992;0.174179;0.472489;0.47249;0.472489;0.472491;0.472482;0.472467;1;1;1;1;1;1;
3;0.00595797;0.00433752;-0.00888999;-0.00958168;-0.00144851;0.0222632;0.0994056;0.100329;0.101033;0.104938;0.104719;0.101639;0.275948;0.27595;0.275953;0.275955;0.275949;0.275938;0.564909;0.666856;0.625133;0.354305;0.673011;0.927276;
4;0.00411423;0.00189827;-0.00455679;-0.00623065;-0.000211035;0.0123667;0.0580269;0.0586237;0.0590574;0.0613182;0.0611358;0.0593848;0.161157;0.16116;0.161165;0.161165;0.161161;0.16115;0.528096;0.585247;1;0.599288;0.575151;0.728479;
5;0.00327883;0.000232446;-0.00178462;-0.00451498;0.000753045;0.00634584;0.0336338;0.0363731;0.0433983;0.0367689;0.0367516;0.0349376;0.0941165;0.0941205;0.0941249;0.0941242;0.0941222;0.0941125;0.562195;0.792847;1;0.565666;0.701225;0.904215;
6;0.00302223;-0.00097169;6.56052e-05;-0.00374427;0.00154729;0.00259839;0.0209533;0.0273203;0.0369499;0.0319558;0.0317034;0.0252548;0.0549657;0.0549685;0.0549722;0.0549712;0.0549702;0.0549635;0.70553;0.670016;0.978755;0.433125;0.642003;0.925663;
7;0.00312866;-0.00181078;0.00128186;-0.00401116;0.00214702;0.000274117;0.0209289;0.0272732;0.0354026;0.0325679;0.0309629;0.0246922;0.0321019;0.0321036;0.032107;0.0321057;0.0321056;0.0321007;0.73261;0.583348;1;0.530243;0.553359;0.956015;
8;0.00282311;-0.00219112;0.00564563;-0.00350145;0.00406163;-0.000973606;0.0190244;0.0270118;0.0344757;0.034727;0.0327676;0.0274079;0.0187496;0.0187503;0.0187536;0.0187522;0.0187528;0.0187483;0.747733;0.561133;1;0.51826;0.690564;0.965827;
9;0.00218709;-0.001818;0.00383572;-0.00258336;0.00291045;-0.00103684;0.0174835;0.0264265;0.0314565;0.0358866;0.0321332;0.0273279;0.0109518;0.0109518;0.0109556;0.0109536;0.010955;0.0109508;0.752428;0.532888;1;0.500473;0.532891;0.933711;
10;0.000381995;-0.000166458;0.00134509;-0.000613528;0.00080452;0.000289804;0.0142898;0.0263182;0.0304629;0.0371171;0.0321748;0.0301944;0.00639811;0.00639719;0.00640157;0.0063991;0.00859428;0.00639686;0.611772;0.499804;1;0.529702;1;0.649213;
11;-0.00342296;0.00354881;-0.00286021;0.00328764;-0.00317613;0.00381533;0.0127444;0.0270987;0.0283001;0.0390577;0.0317342;0.032702;0.0037389;0.00373704;0.00690156;0.0037392;0.01024;0.00373727;0.99204;0.464253;1;0.470582;0.794906;0.624717;
12;-0.0102988;0.0103722;-0.00996981;0.0102196;-0.0101545;0.010528;0.0133115;0.0296294;0.0254202;0.0408367;0.0315265;0.0337151;0.0047791;0.00218329;0.00918225;0.00218574;0.0117604;0.00218401;1;0.615556;1;0.46258;0.822711;0.60098;
13;-0.0214725;0.0215154;-0.0212801;0.0214262;-0.0213882;0.0216064;0.0124546;0.027847;0.022964;0.0409326;0.0315399;0.0341375;0.0062331;0.0012759;0.00999798;0.00127847;0.0106361;0.00127686;0.839839;0.391808;1;0.455662;0.668716;0.583767;
14;-0.0380364;0.0380613;-0.0379237;0.0380092;-0.037987;0.0381146;0.0157727;0.0285698;0.0250786;0.0375744;0.0320783;0.034015;0.0036429;0.000746446;0.00909368;0.000748672;0.0106686;0.000747395;0.826121;0.473738;1;0.52768;0.71149;0.622422;
15;-0.0602946;0.0603091;-0.0602286;0.0602787;-0.0602656;0.0603403;0.0224419;0.0275805;0.0314326;0.0276998;0.0314549;0.0260503;0.00212979;0.00215231;0.00531379;0.00191162;0.00623363;0.000949159;1;0.837249;1;0.587057;0.488115;0.84209;
16;-0.0867285;0.0867367;-0.0866897;0.0867192;-0.0867113;0.0867551;0.042534;0.0254478;0.0485566;0.0127744;0.0374635;0.0149263;0.00124514;0.0154349;0.00310546;0.00677538;0.00364115;0.00684044;0.554938;0.861498;1;0.730259;0.364628;1;
17;-0.113115;0.11312;-0.113092;0.11311;-0.113105;0.113131;0.0577168;0.013353;0.0612357;-0.0254121;0.0547554;-0.0241527;0.000726886;0.0241219;0.00181419;0.00712873;0.00212606;0.0107762;0.212571;1;0.45382;0.822119;0;1;
18;-0.132798;0.132802;-0.132785;0.132795;-0.132793;0.132808;0.0952713;-0.0537516;0.0973263;-0.0764025;0.0935419;-0.0756615;0.000424127;0.0329087;0.0010591;0.00416511;0.00124125;0.00985377;0;1;0;0.672853;0;1;
19;-0.138311;0.138313;-0.138303;0.138309;-0.138307;0.138316;0.143421;-0.119162;0.144621;-0.1324;0.142411;-0.131962;0.000247293;0.0192232;0.000618119;0.00243363;0.000724478;0.00575708;0;1;0;0.651085;0;1;
20;-0.123566;0.123567;-0.123562;0.123565;-0.123564;0.123569;0.185882;-0.171704;0.186583;-0.179443;0.185292;-0.179184;0.000143984;0.0112285;0.000360549;0.0014218;0.000422646;0.00336327;0;1;0;0.684764;0;1;
21;-0.0843851;0.0843858;-0.0843825;0.0843845;-0.0843836;0.0843871;0.214876;-0.193128;0.215286;-0.211114;0.214532;-0.21096;8.36384e-05;0.00655789;0.000210114;0.000830398;0.000246333;0.00196432;0;1;0;0.758097;0;1;
22;-0.0173052;0.0173049;-0.0173037;0.0173049;-0.0173035;0.0173064;0.230506;-0.187797;0.230745;-0.228307;0.230305;-0.21816;4.8328e-05;0.00383023;0.000122196;0.000484765;0.000143347;0.00114697;0;1;0;0.845252;0;0.891877;
23;0.0725443;-0.0725459;0.0725452;-0.0725446;0.0725468;-0.0725436;0.228062;-0.164502;0.228214;-0.210828;0.228399;-0.208969;2.77048e-05;0.0022378;7.08453e-05;-0.00460411;8.31782e-05;0.000669888;0;1;0;0.777039;0;1;
24;0.159617;-0.159619;0.159618;-0.159618;0.15962;-0.159617;0.193474;-0.132921;0.185743;-0.16583;0.196688;-0.17988;1.58673e-05;0.00741246;4.09933e-05;-0.0109257;4.80543e-05;0.000391826;0;1;0;0.910816;0;1;
25;0.222489;-0.222491;0.222489;-0.222489;0.222491;-0.222489;0.148027;-0.0740588;0.160254;-0.122342;0.18811;-0.141046;8.82225e-06;0.0228074;2.33574e-05;-0.00637881;2.75586e-05;0.000229822;0;1;0;0.787818;0;1;
26;0.261126;-0.261128;0.261127;-0.261127;0.261128;-0.261126;0.111629;-0.0149876;0.147923;-0.0688806;0.16419;-0.101355;4.65638e-06;0.040803;1.32671e-05;0.0213689;1.55976e-05;0.0151621;0;1;0;0.826022;0;0.915026;
27;0.282491;-0.282493;0.282492;-0.282492;0.282493;-0.282491;0.101218;0.0302703;0.116848;0.00738979;0.126348;-0.0163599;0.00565772;0.0460881;7.36086e-06;0.0428687;8.60562e-06;0.0151092;0.519466;1;0;0.825221;0;1;
28;0.292154;-0.292155;0.292154;-0.292154;0.292155;-0.292154;0.0571946;0.0555224;0.0663214;0.0633947;0.0718681;0.0685489;0.0132761;0.02692;0.0237844;0.0250392;0.0252278;0.0496737;1;1;0.923835;0.814206;0.627411;1;
29;0.29273;-0.292968;0.296404;-0.29273;0.297277;-0.29273;-0.010876;0.0767053;-0.00553927;0.0813027;-0.00229524;0.0843136;0.00775506;0.0157207;0.0216998;0.0146224;0.0255284;0.0290092;0.538075;0;1;0;1;0.194803;
30;0.283765;-0.283904;0.285911;-0.283765;0.286422;-0.283765;-0.091422;0.129867;-0.088295;0.132552;-0.0863973;0.13431;0.00453005;0.00918041;0.0197014;0.00853902;0.025726;0.0169409;0.622815;0;1;0;1;0;
31;0.263376;-0.263457;0.264629;-0.263376;0.264928;-0.263376;-0.159748;0.1822;-0.157914;0.183768;-0.156803;0.184795;0.00264624;0.00536089;0.0115083;0.00498633;0.015027;0.00989299;0.663191;0;1;0;1;0;
32;0.23181;-0.231858;0.232542;-0.23181;0.232717;-0.23181;-0.205352;0.218465;-0.204276;0.219381;-0.203624;0.219981;0.00761352;0.00313025;0.00672175;0.00291155;0.00877635;0.00577698;0.925894;0;1;0;1;0;
33;0.18955;-0.189578;0.189977;-0.18955;0.19008;-0.18955;-0.232224;0.239883;-0.231591;0.240417;-0.207469;0.240768;0.0044461;0.00182752;0.00392542;0.00169983;0.00512476;0.00337325;0.7393;0;1;0;1;0;
34;0.133932;-0.133949;0.134181;-0.133931;0.134242;-0.133932;-0.246339;0.250812;-0.228479;0.251125;-0.203183;0.251329;0.00259611;0.00106672;0.00229221;0.000992142;0.00299233;0.00196941;0.784332;0;1;0;0.953024;0;
35;0.0591839;-0.0591949;0.0593294;-0.0591835;0.0593664;-0.0591836;-0.239576;0.250058;-0.223528;0.24864;-0.194595;0.249045;0.00151563;0.000622416;0.0013385;0.000578852;0.00174724;0.00114959;0.854039;0;1;0;1;0;
36;-0.0359185;0.03591;-0.0358338;0.035919;-0.0358098;0.0359189;-0.220899;0.225743;-0.212144;0.235744;-0.176024;0.235508;0.000884872;0.000362942;0.000781796;0.000337483;0.00102084;0.00067081;0.959298;0;1;0;1;0;
37;-0.132208;0.132201;-0.132159;0.132209;-0.132142;0.132209;-0.185313;0.201425;-0.189871;0.200425;-0.145133;0.200297;0.000516992;0.000211423;0.000457;0.000196613;0.00307278;0.00039128;0.811517;0;1;0;1;0;
38;-0.205021;0.205015;-0.204992;0.205021;-0.204981;0.205021;-0.138183;0.166804;-0.151702;0.163741;-0.0875247;0.158799;0.00389526;0.000122953;0.00026791;0.000114294;0.0205607;0.000227967;0.918142;0;1;0;1;0;
39;-0.250955;0.250951;-0.250938;0.250955;-0.250932;0.250955;-0.0733843;0.157221;-0.114447;0.153443;-0.0242758;0.137312;0.0267469;7.13883e-05;0.010665;6.63559e-05;0.0359305;0.000132881;1;0;1;0;1;0;
40;-0.277083;0.27708;-0.277073;0.277083;-0.27707;0.277083;-0.00411971;0.129541;-0.0435668;0.127337;0.0265786;0.117914;0.0466844;4.11899e-05;0.0107273;0.00308312;0.0421997;7.71506e-05;1;0;1;0.395245;1;0;
41;-0.289951;0.289949;-0.289945;0.289951;-0.289944;0.289951;0.0475422;0.0837037;0.0531902;0.0824225;0.0597967;0.0769155;0.0272691;2.37005e-05;0.0443082;0.0101276;0.0297637;0.0172467;1;0.175409;1;0.627238;1;0.649819;
42;-0.293161;0.29316;-0.293158;0.293161;-0.293157;0.293161;0.0605436;0.0176756;0.0887974;0.0162069;0.0684065;0.0129986;0.0159254;0.0259861;0.0258768;0.00591691;0.0173818;0.020094;0;1;0.590774;0.467288;0;1;
43;-0.287142;0.287142;-0.28714;0.287142;-0.28714;0.287143;0.110654;-0.0649593;0.127154;-0.0658313;0.115246;-0.0676943;0.0093;0.030064;0.0151115;0.00345663;0.0101505;0.0185681;0;1;0;0.376336;0;1;
44;-0.270065;0.270065;-0.270064;0.270065;-0.270063;0.270065;0.167216;-0.140519;0.176852;-0.141039;0.169898;-0.14212;0.00543078;0.0175613;0.00882464;0.00201948;0.00592745;0.0108468;0;1;0;0.444892;0;1;
45;-0.241493;0.241493;-0.241493;0.241493;-0.241492;0.241493;0.208989;-0.193387;0.214616;-0.1937;0.210555;-0.194325;0.00317109;0.0102572;0.00515307;0.00117971;0.00346113;0.00633566;0;1;0;0.466277;0;1;
46;-0.202303;0.202303;-0.202303;0.202304;-0.202303;0.202304;0.234531;-0.212844;0.237817;-0.225601;0.235445;-0.225962;0.0018514;0.00599068;0.00300888;0.00068893;0.00202078;0.0037002;0;1;0;0.630242;0;1;
47;-0.150866;0.150865;-0.150865;0.150866;-0.150864;0.150866;0.248248;-0.203272;0.250168;-0.243033;0.248782;-0.224706;0.00108068;0.00349806;0.00175666;0.000402068;0.00117957;0.00216106;0;1;0;0.723032;0;1;
48;-0.0819853;0.0819841;-0.0819852;0.0819853;-0.0819837;0.0819856;0.251016;-0.19837;0.252181;-0.24169;0.25219;-0.224374;0.000630592;0.00204254;0.00102535;0.000234426;0.000688301;0.00126232;0;1;0;0.497182;0;1;
49;0.00835411;-0.00835621;0.00835413;-0.00835411;0.00835637;-0.00835372;0.240633;-0.181069;0.238662;-0.226617;0.234317;-0.21406;0.000367709;0.00119309;0.00059829;0.000136765;0.000401385;0.000737578;0;1;0;0.587657;0;1;
50;0.107333;-0.107335;0.107333;-0.107333;0.107335;-0.107332;0.207513;-0.151506;0.218695;-0.196553;0.210351;-0.197005;0.000214225;0.000697797;0.0003489;8.01438e-05;-0.000430687;0.000431395;0;0.96901;0;0.909001;0;1;
51;0.187851;-0.187853;0.187851;-0.187851;0.187853;-0.18785;0.176205;-0.104742;0.210086;-0.149649;0.175605;-0.166894;0.00012461;0.0111788;0.000203267;0.00383903;-0.000252046;0.000253022;0;1;0;0.751164;0;1;
52;0.240615;-0.240618;0.240615;-0.240615;0.240617;-0.240615;0.167703;-0.0425506;0.187931;-0.0979233;0.13479;-0.126404;7.23723e-05;0.0253273;0.000118265;0.0121216;-0.000147705;0.0145458;0;1;0;0.59533;0;0.779689;
53;0.271439;-0.271441;0.271439;-0.271439;0.27144;-0.271438;0.14236;0.0261652;0.154173;-0.0322272;0.123138;-0.0712531;4.1875e-05;0.0744711;6.86568e-05;0.0291395;-8.67012e-05;0.00849672;0;1;0;1;0;0.89318;
54;0.287466;-0.287467;0.287466;-0.287466;0.287467;-0.287465;0.100337;0.0633846;0.107231;0.0362054;0.0891065;0.0301119;0.00983921;0.043505;3.98818e-05;0.0391215;-5.10589e-05;0.0401779;0.54051;1;0.0991096;0.821762;0;1;
55;0.293158;-0.293159;0.293158;-0.293158;0.293158;-0.293157;0.0386385;0.0665262;0.0426687;0.0726109;0.036156;0.0803878;0.0141452;0.0254075;0.0281321;0.0228475;0.0366184;0.0234665;0.809347;0.113274;1;0.148588;1;0.706382;
56;0.289813;-0.289813;0.289813;-0.289813;0.289813;-0.289813;-0.0415776;0.102994;-0.0392127;0.106548;-0.0430125;0.111089;0.00826219;0.0148375;0.0175513;0.0133424;0.0282752;0.0137039;0.598205;0;1;0;1;0;
57;0.275955;-0.275955;0.275955;-0.275955;0.275956;-0.275955;-0.121625;0.157494;-0.120237;0.159569;-0.122452;0.162221;0.00482622;0.00866461;0.0102535;0.0077915;0.0165173;0.0080026;0.644805;0;1;0;1;0;
58;0.250436;-0.250436;0.250436;-0.250436;0.250436;-0.250436;-0.181114;0.202062;-0.180297;0.203274;-0.181587;0.204823;0.00281913;0.00505963;0.00598947;0.00454974;0.009648;0.00467303;0.941582;0;1;0;1;0;
59;0.214179;-0.214179;0.214179;-0.214179;0.214179;-0.214179;-0.218277;0.230511;-0.217795;0.231219;-0.213013;0.232124;0.00164657;0.00295429;0.00349792;0.00265654;0.0056344;0.00272854;0.59874;0;1;0;1;0;
60;0.166496;-0.166496;0.166496;-0.166496;0.166496;-0.166496;-0.239222;0.246368;-0.230944;0.246781;-0.207221;0.24731;0.000961555;0.00172477;0.00204222;0.00155085;0.00329015;0.00159291;0.791844;0;1;0;1;0;
61;0.103062;-0.103062;0.103062;-0.103062;0.103062;-0.103062;-0.243442;0.253464;-0.226675;0.253706;-0.199619;0.254014;0.000561325;0.0010067;0.00119225;0.000905148;0.00192123;0.000929698;0.814624;0;1;0;1;0;
62;0.018414;-0.0184147;0.0184136;-0.0184137;0.0184148;-0.0184137;-0.22588;0.2379;-0.195232;0.239595;-0.182406;0.244762;0.000327793;0.000587311;0.000696388;0.000528086;0.00112204;0.000542446;0.924097;0;1;0;1;0;
63;-0.0808909;0.0808894;-0.0808913;0.0808913;-0.0808893;0.0808912;-0.204041;0.227145;-0.205673;0.221839;-0.16439;0.220474;0.00019177;0.000342465;0.000407396;0.000307835;0.000656295;0.000316227;1;0;1;0;1;0;
64;-0.168493;0.168492;-0.168494;0.168494;-0.168492;0.168494;-0.165564;0.214299;-0.172616;0.185467;-0.119053;0.177517;0.000113042;0.000199489;0.000239032;0.00017934;0.00942988;0.000184185;1;0;1;0;1;0;
65;-0.228615;0.228614;-0.228616;0.228616;-0.228614;0.228616;-0.111385;0.195419;-0.132453;0.149401;-0.0619791;0.148755;0.00773106;0.000115987;0.0106186;0.000104493;0.0263657;0.000107094;1;0;1;0;1;0;
66;-0.264691;0.26469;-0.264691;0.264692;-0.264691;0.264691;-0.0580906;0.164765;-0.085022;0.137891;0.00173318;0.137514;0.0129482;6.72041e-05;0.00620305;-0.00152737;0.046527;6.21795e-05;0.978806;0;1;0;1;0;
67;-0.284216;0.284216;-0.284217;0.284216;-0.284216;0.284216;0.0285032;0.121778;0.00115865;0.106087;0.048249;0.105863;0.0314293;3.87439e-05;0.015357;0.0172549;0.0343934;3.59153e-05;1;0;1;0.497712;1;0;
68;-0.292488;0.292489;-0.292489;0.292489;-0.292489;0.292489;0.0617482;0.0624705;0.066935;0.0533057;0.0557139;0.053176;0.0183574;0.0256238;0.0260084;0.0100798;0.0200888;0.0246531;0.656463;0.690379;0.920732;0.515644;0.478241;0.9271;
69;-0.291685;0.294295;-0.291686;0.291686;-0.291742;0.291686;0.0881593;-0.0155999;0.0911888;-0.0209673;0.0846353;-0.0210318;0.0107202;0.028431;0.0151886;0.00588817;0.0117314;0.02001;0;1;0;0.363428;0;1;
70;-0.280941;0.282465;-0.280941;0.280941;-0.280974;0.280941;0.14187;-0.099482;0.143639;-0.102629;0.139812;-0.102658;0.0062602;0.024014;0.00886971;0.00343975;0.00685068;0.0141328;0;1;0;0.41608;0;1;
71;-0.258577;0.259468;-0.258577;0.258577;-0.258596;0.258577;0.190957;-0.166191;0.19199;-0.168039;0.189755;-0.168049;0.00365549;0.0140275;0.00517942;0.00200941;0.00400033;0.00825571;0;1;0;0.545688;0;1;
72;-0.225212;0.225732;-0.225212;0.225212;-0.225223;0.225212;0.223841;-0.208861;0.224445;-0.210457;0.223139;-0.210457;0.00213431;0.00819309;0.00302428;0.00117366;0.00233569;0.0048219;0;1;0;0.4455;0;1;
73;-0.180949;0.181252;-0.180949;0.180949;-0.180955;0.180949;0.242843;-0.20278;0.243196;-0.235026;0.242433;-0.231589;0.00124591;0.00478499;0.00176565;0.000685298;0.00136352;0.00281574;0;1;0;0.512187;0;1;
74;-0.122471;0.122648;-0.122471;0.122471;-0.122473;0.122471;0.252136;-0.198542;0.252342;-0.24757;0.251897;-0.227072;0.000727078;0.00279472;0.00103059;0.00039993;0.000795735;0.00164424;0;1;0;0.533514;0;1;
75;-0.0438963;0.0439985;-0.0438964;0.0438963;-0.0438966;0.0438964;0.246674;-0.193881;0.246692;-0.236611;0.246062;-0.223736;0.00042408;0.00163186;0.000601331;0.000233314;0.000464124;0.000960393;0;0.963227;0;0.583975;0;1;
76;0.0534478;-0.05339;0.0534478;-0.0534478;0.0534497;-0.0534478;0.231332;-0.183134;0.23083;-0.216962;0.22147;-0.209985;0.00024717;-0.00275788;0.000350685;0.000136297;0.000270456;0.000561246;0;1;0;0.910145;0;1;
77;0.146922;-0.14689;0.146922;-0.146922;0.146925;-0.146922;0.206658;-0.159202;0.199351;-0.18483;0.194299;-0.187111;0.000144069;-0.0626595;0.000204535;8.00602e-05;0.000157387;0.000328471;0;1;0;0.676993;0;0.830483;
78;0.214775;-0.214758;0.214775;-0.214776;0.214779;-0.214776;0.195747;-0.10333;0.191255;-0.131887;0.156084;-0.146327;8.36168e-05;-0.0365939;0.000118865;0.00403102;9.13386e-05;0.00199225;0;1;0;0.76912;0;1;
79;0.256702;-0.256692;0.256702;-0.256702;0.256704;-0.256702;0.170773;-0.0400495;0.16815;-0.0749862;0.115367;-0.101459;4.84292e-05;-0.0213692;6.89808e-05;0.0299575;5.28415e-05;0.0158241;0;1;0;0.797327;0;0.943573;
80;0.280129;-0.280123;0.280129;-0.28013;0.280131;-0.28013;0.132945;0.0617084;0.131412;-0.00363963;0.100587;-0.0396908;0.0115822;0.0491917;3.98827e-05;0.0244801;3.04836e-05;0.00924331;0.547757;1;0;0.856527;0;0.886084;
81;0.291149;-0.291145;0.291149;-0.291149;0.29115;-0.291149;0.0794975;0.0475176;0.0786037;0.0523;0.060601;0.0467023;0.00676676;0.0287331;0.024121;0.0422824;0.0250807;0.0490313;0.671724;0.757201;0.890264;0.600486;0.374066;1;
82;0.292812;-0.29281;0.298936;-0.292812;0.292813;-0.292812;0.00672025;0.0674572;0.00621061;0.0702505;-0.000982626;0.0669813;0.00395329;0.0167796;0.0260192;0.0246925;0.0255396;0.0286337;0.553963;0;1;0;1;0;
83;0.285021;-0.28502;0.288598;-0.285021;0.285021;-0.285021;-0.0777291;0.121049;-0.0780167;0.12268;-0.0822124;0.120771;0.00230988;0.00979882;0.0158779;0.0144199;0.0275922;0.0167216;0.611158;0;1;0;1;0;
84;0.265889;-0.265889;0.267979;-0.265889;0.26589;-0.265889;-0.150519;0.175818;-0.150679;0.176771;-0.153126;0.175656;0.00134968;0.00572206;0.00927578;0.00842073;0.0161172;0.00976496;0.703325;0;1;0;1;0;
85;0.235441;-0.235441;0.236662;-0.235441;0.235442;-0.235441;-0.199745;0.214521;-0.199833;0.215077;-0.201259;0.214426;0.000788461;0.00334121;0.0054184;0.00491718;0.00941343;0.00570226;0.699431;0;1;0;0.974859;0;
86;0.194345;-0.194346;0.195058;-0.194345;0.194346;-0.194345;-0.229032;0.237662;-0.229079;0.237987;-0.206387;0.237607;0.000460348;0.00195076;0.00316415;0.00287112;0.00549722;0.0033296;0.987497;0;1;0;1;0;
87;0.140328;-0.14033;0.140744;-0.140328;0.140331;-0.140328;-0.244693;0.249734;-0.229596;0.249923;-0.202797;0.249701;0.000268584;0.00113872;0.00184739;0.00167618;0.00321017;0.00194394;0.792138;0;1;0;1;0;
88;0.0677865;-0.0677906;0.06803;-0.0677863;0.0677912;-0.0677867;-0.238395;0.250754;-0.230648;0.249337;-0.196615;0.248346;0.00015653;0.000664504;-0.016743;0.000978332;0.00187469;0.00113468;0.811352;0;1;0;1;0;
89;-0.0257051;0.0256983;-0.025563;0.0257053;-0.0256978;0.0257049;-0.221207;0.229449;-0.21611;0.237085;-0.176206;0.236716;9.13554e-05;0.000387551;-0.00977829;0.000570795;0.00109545;0.000662093;0.961197;0;1;0;1;0;
90;-0.123251;0.123242;-0.123168;0.123251;-0.123242;0.12325;-0.190268;0.206197;-0.197726;0.204368;-0.144643;0.202588;5.38119e-05;0.000225825;-0.00571048;0.000332842;0.000641047;0.000386133;1;0;1;0;1;0;
91;-0.198941;0.198934;-0.198893;0.198942;-0.198934;0.198941;-0.137326;0.172135;-0.157304;0.170485;-0.0929975;0.162186;0.0120308;0.000131373;-0.00333409;0.000193898;0.0122173;0.000224983;1;0;1;0;1;0;
92;-0.247326;0.24732;-0.247297;0.247326;-0.24732;0.247326;-0.0791887;0.161823;-0.114152;0.160754;-0.0256945;0.115031;0.0148776;7.63387e-05;-0.00194567;0.000112811;0.0465012;-0.00216785;1;0;1;0;1;0;
93;-0.275123;0.275119;-0.275106;0.275123;-0.275121;0.275122;-0.00971972;0.134758;-0.0656586;0.134135;0.019678;0.106845;0.0564606;4.40921e-05;0.0202486;6.59942e-05;0.0493187;-0.00126642;1;0;0.8348;0.154833;1;0;
94;-0.28912;0.289118;-0.28911;0.28912;-0.289119;0.28912;0.047822;0.0902158;0.0433646;0.089857;0.0509116;0.0739169;0.0329788;2.53701e-05;0.0322171;0.00941273;0.0288088;0.0164043;1;0;1;0.638899;1;0.637221;
95;-0.293238;0.293237;-0.293232;0.293238;-0.293238;0.291226;0.0769844;0.0252428;0.0869821;0.0250239;0.0548036;0.0300774;0.0192596;0.0336592;0.0188166;0.00549991;0.0168242;0.0468067;0;0.829049;0.630663;0.493198;0;1;
96;-0.288223;0.288223;-0.28822;0.288223;-0.288223;0.287049;0.116281;-0.0565651;0.122119;-0.0567076;0.103327;-0.0537477;0.0112471;0.0277748;0.0109884;0.00321312;0.00982485;0.027342;0;1;0;0.392502;0;1;
97;-0.27234;0.27234;-0.272338;0.27234;-0.27234;0.271655;0.168754;-0.133869;0.172164;-0.133963;0.16119;-0.132226;0.00656783;0.0162247;0.00641676;0.00187733;0.00573727;0.0159713;0;1;0;0.436537;0;1;
98;-0.244882;0.244882;-0.244881;0.244882;-0.244882;0.244482;0.209497;-0.189114;0.211488;-0.189178;0.205079;-0.188158;0.00383512;0.00947664;0.00374691;0.00109674;0.00335008;0.0093286;0;1;0;0.658894;0;1;
