1;-0.000363588;0.000116064;9.94837e-05;-0.000363588;0.000116064;9.94837e-05;0.0349769;0.0347456;0.0352595;0.0349769;0.0347456;0.0352595;0.808667;0.808665;0.808666;0.808667;0.808665;0.808666;0;0;0;0;0;0;
2;0.000517237;-0.000295514;0.000244525;-0.0173735;0.00173194;0.000972087;0.155352;0.160407;0.165416;0.183339;0.18776;0.192237;0.472462;0.472458;0.472463;0.472503;0.472498;0.472505;1;1;1;1;1;1;
3;-0.0107357;-0.00610965;-0.00400018;-0.0158756;-0.0072975;-0.00736709;0.090815;0.0935977;0.0966938;0.106988;0.109742;0.112188;0.275934;0.275932;0.275936;0.275959;0.275957;0.275962;0.949517;0.73891;1;0.413207;0.555519;0.988612;
4;-0.00563479;-0.00420279;-0.00170124;-0.0099059;-0.00362687;-0.00493715;0.0530139;0.0546933;0.0564473;0.0625125;0.0640676;0.0655502;0.161151;0.16115;0.161152;0.161165;0.161165;0.161168;1;0.598547;0.83909;0.566256;0.607176;0.936743;
5;-0.00241451;-0.00333056;-0.000117385;-0.00666096;-0.00124194;-0.00375944;0.0307097;0.032232;0.0327147;0.0367664;0.0371659;0.0385418;0.0941149;0.0941144;0.0941157;0.0941229;0.0941239;0.0941254;0.968153;0.846311;0.836412;0.541631;0.455967;1;
6;-0.000302625;-0.00305243;0.00103889;-0.00499721;0.000382141;-0.00330294;0.028282;0.0321101;0.034156;0.0271185;0.0340061;0.0360571;0.0549655;0.0549651;0.0549661;0.0549698;0.0549712;0.054972;0.623814;0.589627;0.876199;0.472048;0.847337;1;
7;0.00106662;-0.00276311;0.00185003;-0.00416149;0.00146643;-0.00325749;0.026251;0.0289679;0.0278381;0.0273409;0.0325619;0.0320544;0.0321023;0.0321019;0.0321029;0.0321045;0.0321065;0.0321064;0.763784;0.578174;1;0.419635;0.861864;1;
8;0.0017565;-0.00285814;0.00221403;-0.00209736;0.00198997;-0.00303597;0.0243605;0.0279128;0.0304474;0.0294075;0.0337603;0.0332296;0.0187503;0.0187496;0.0187515;0.0187511;0.0187538;0.0187529;0.763409;0.522809;0.933508;0.658226;0.678641;0.85317;
9;0.00156416;-0.00220755;0.00183139;0.00054034;0.00170049;-0.0023114;0.0217672;0.028499;0.0312167;0.0333605;0.0363725;0.0351022;0.0109528;0.0109517;0.0109545;0.0109528;0.0109561;0.0109541;0.997867;0.430385;1;0.37193;0.712564;0.813801;
10;1.83824e-05;-0.000393938;0.000174303;0.00121097;9.78774e-05;-0.000454592;0.0198181;0.0309201;0.0296268;0.0340505;0.0348569;0.0348095;0.00639913;0.0063975;0.00990485;0.00639855;0.00976348;0.00639934;1;0.383042;0.988737;0.616507;0.742676;1;
11;-0.00363542;0.00341601;-0.00354424;0.00435326;-0.00358905;0.00338055;0.0173055;0.0304086;0.0275283;0.0360751;0.0327519;0.035631;0.00402985;0.00373767;0.0106254;0.00373867;0.0112846;0.00373924;0.796213;0.43539;1;0.413729;0.721353;0.747428;
12;-0.0104228;0.0102947;-0.0103696;0.0108421;-0.0103959;0.010274;0.0140615;0.030494;0.0264254;0.0393173;0.0332588;0.0383219;0.0072961;0.00218409;0.0101452;0.00218529;0.0132638;0.00218553;0.819068;0.444008;0.854405;0.474422;0.806561;0.718023;
13;-0.0215449;0.0214702;-0.0215138;0.0217898;-0.0215293;0.021458;0.0148188;0.0310212;0.0257985;0.0415754;0.0329811;0.0380237;0.00579339;0.00127669;0.00983581;0.0012781;0.0120722;0.00127806;0.822494;0.483259;1;0.443481;0.808223;0.828175;
14;-0.0380786;0.0380351;-0.0380605;0.0382217;-0.0380697;0.0380279;0.0167022;0.0309578;0.0275681;0.0390122;0.0318554;0.034992;0.00661073;0.000747181;0.0103153;0.000748474;0.00927311;0.000748359;0.794313;0.383403;1;0.454877;0.767427;0.965796;
15;-0.0603193;0.0602939;-0.0603087;0.0604029;-0.0603141;0.0602895;0.022508;0.028638;0.0340469;0.030131;0.0308015;0.0289833;0.00386325;0.00609663;0.00720724;0.00292608;0.00541874;0.00547755;0.784648;0.580953;1;0.410632;0.652122;0.995779;
16;-0.0867428;0.086728;-0.0867366;0.0867917;-0.0867398;0.0867252;0.0415709;0.0301996;0.0513801;0.0159306;0.0355311;0.0141036;0.00225729;0.0150292;0.00645218;0.010383;0.00316524;0.00788136;0.678601;1;0.752502;0.800877;0.357795;1;
17;-0.113123;0.113115;-0.11312;0.113152;-0.113122;0.113113;0.0571543;0.015568;0.062885;-0.0235686;0.053627;-0.0246331;0.00131794;0.026759;0.00376888;0.00919748;0.00184814;0.00999438;0;0.8923;0.628111;0.5533;0;1;
18;-0.132803;0.132799;-0.132801;0.13282;-0.132802;0.132797;0.0949428;-0.0524572;0.0982894;-0.0753257;0.0928829;-0.0759416;0.000769275;0.0356275;0.00220061;0.00537336;0.00107895;0.0137731;0;1;0;0.499873;0;1;
19;-0.138314;0.138311;-0.138312;0.138323;-0.138313;0.13831;0.14323;-0.118405;0.145184;-0.131771;0.142027;-0.132126;0.000448843;0.0208122;0.00128475;0.0031393;0.000629708;0.00804639;0;1;0;0.514391;0;1;
20;-0.123568;0.123566;-0.123567;0.123573;-0.123567;0.123565;0.18577;-0.171261;0.186911;-0.179076;0.185067;-0.179279;0.000261665;0.0121578;0.000749843;0.00183395;0.000367313;0.00470063;0;1;0;0.538311;0;1;
21;-0.0843857;0.0843851;-0.0843853;0.0843889;-0.0843857;0.0843843;0.214811;-0.184176;0.215477;-0.2109;0.2144;-0.211015;0.000152345;0.00710193;0.000437449;0.00107112;0.000214033;0.00274572;0;1;0;0.737094;0;1;
22;-0.0173047;0.0173048;-0.0173045;0.0173066;-0.017305;0.0173039;0.230468;-0.180534;0.230857;-0.228181;0.230228;-0.21558;8.84237e-05;0.00414947;0.000254931;0.000625381;0.0001245;0.00160376;0;1;0;0.808181;0;1;
23;0.0725459;-0.072545;0.072546;-0.0725448;0.0725451;-0.0725464;0.228149;-0.155961;0.228494;-0.20652;0.22846;-0.20497;5.10933e-05;0.00412806;0.000148333;0.000365215;7.22081e-05;0.000937052;0;1;0;0.84549;0;1;
24;0.159619;-0.159618;0.159619;-0.159619;0.159618;-0.15962;0.189488;-0.122104;0.187544;-0.168433;0.193226;-0.176258;2.94171e-05;0.0215022;8.616e-05;0.000214135;4.16012e-05;0.00054825;0;1;0;0.960604;0;1;
25;0.222491;-0.222489;0.222491;-0.22249;0.22249;-0.222491;0.152439;-0.0594127;0.153855;-0.125553;0.184534;-0.145396;1.66159e-05;0.0258197;4.97592e-05;0.0043466;2.38328e-05;0.00226275;0;1;0;0.677871;0;0.9764;
26;0.261128;-0.261127;0.261128;-0.261128;0.261127;-0.261128;0.143359;-0.0036814;0.144186;-0.0646962;0.162102;-0.0954385;9.32984e-06;0.0515987;2.86696e-05;0.0140447;1.34263e-05;0.00906344;0;1;0;0.725108;0;0.884633;
27;0.282492;-0.282492;0.282493;-0.282493;0.282492;-0.282493;0.114185;0.053753;0.114665;0.00857392;0.125128;-0.0172348;0.0195687;0.0493999;1.63008e-05;0.0277513;7.37592e-06;0.0173459;0.564366;1;0;0.959378;0;1;
28;0.292154;-0.292154;0.292154;-0.292155;0.292154;-0.292154;0.0647662;0.0538269;0.0650469;0.0604515;0.0711556;0.0550373;0.0114307;0.0288546;0.0235633;0.0340487;0.0192567;0.0373434;0.736935;0.676273;0.83886;0.811771;0.533521;1;
29;0.29273;-0.293032;0.29273;-0.292731;0.296007;-0.29273;-0.00645553;0.0757151;-0.00628158;0.0795841;-0.00271116;0.0764233;0.00667748;0.0168505;0.0249784;0.0198839;0.026274;0.0218087;0.602298;0;1;0;1;0.15667;
30;0.283765;-0.283941;0.283765;-0.283765;0.285679;-0.283765;-0.0888405;0.129289;-0.0887284;0.131548;-0.0866403;0.129702;0.00390067;0.00984022;0.020864;0.0116118;0.0267112;0.0127358;0.695747;0;1;0;1;0;
31;0.263375;-0.263479;0.263376;-0.263376;0.264494;-0.263376;-0.15824;0.181862;-0.158167;0.183182;-0.156944;0.182104;0.00227857;0.00574621;0.0121878;0.00678079;0.0156027;0.00743727;0.658092;0;1;0;1;0;
32;0.23181;-0.23187;0.23181;-0.23181;0.232463;-0.23181;-0.204472;0.218268;-0.204424;0.219039;-0.203706;0.218409;0.00133079;0.00335527;0.00711839;0.00395948;0.00911286;0.00434285;0.705932;0;1;0;1;0;
33;0.189549;-0.189585;0.18955;-0.18955;0.189931;-0.18955;-0.23171;0.239767;-0.231678;0.240218;-0.205127;0.23985;0.000776943;0.00195894;0.00415683;0.00231182;0.00532165;0.00253569;0.604754;0;1;0;1;0;
34;0.133931;-0.133952;0.133932;-0.133931;0.134155;-0.133932;-0.246038;0.250745;-0.230129;0.251008;-0.202275;0.250793;0.000453314;0.00114346;0.00242714;0.00134955;0.00310766;0.00148027;0.782219;0;1;0;1;0;
35;0.0591831;-0.0591961;0.0591839;-0.0591837;0.0593146;-0.0591837;-0.238043;0.249928;-0.224718;0.248429;-0.192604;0.249101;0.000264284;0.000667224;0.00141713;0.000787579;0.00181493;0.000863909;0.982471;0;1;0;1;0;
36;-0.0359191;0.035911;-0.0359182;0.0359184;-0.0358416;0.0359184;-0.216831;0.22574;-0.216439;0.235368;-0.174642;0.235536;0.000154242;0.0003891;0.000827295;0.000459399;0.00106064;0.00050394;0.944727;0;1;0;1;0;
37;-0.132208;0.132204;-0.132207;0.132208;-0.132163;0.132208;-0.182412;0.201235;-0.193289;0.199865;-0.138533;0.20014;9.06202e-05;0.000226691;0.000483127;0.000267859;0.0135394;0.0002938;1;0;1;0;1;0;
38;-0.205021;0.205018;-0.20502;0.20502;-0.204994;0.20502;-0.13716;0.167663;-0.153328;0.1649;-0.0865408;0.163881;0.00891864;0.000131863;0.000282814;0.000155891;0.0153754;-0.00531557;1;0;1;0;1;0;
39;-0.250955;0.250953;-0.250954;0.250954;-0.250939;0.250954;-0.0840345;0.157866;-0.112381;0.156252;-0.0244943;0.148724;0.00817082;7.65747e-05;0.00594301;9.06257e-05;0.0406478;-0.00310471;1;0;0.966385;0;1;0;
40;-0.277083;0.277082;-0.277083;0.277082;-0.277074;0.277082;-0.00730928;0.129918;-0.0475154;0.128977;0.0274465;0.124579;0.0438;4.42432e-05;0.007062;0.0202127;0.0666922;-0.00181359;1;0;0.982045;0.409277;1;0;
41;-0.289951;0.289951;-0.289951;0.28995;-0.289946;0.289951;0.0519655;0.083924;0.0528358;0.0833807;0.0463703;0.0808089;0.0255847;2.56468e-05;0.0494688;0.0118074;0.0389543;0.0144332;1;0.283432;1;0.607843;1;0.878266;
42;-0.293161;0.293225;-0.293161;0.293161;-0.293158;0.293161;0.0637662;0.0170938;0.0841117;0.0167665;0.0590104;0.0152729;0.0149416;0.0270392;0.0288906;0.00689799;0.0227488;0.0231203;0;1;0.747425;0.452587;0;1;
43;-0.287142;0.287181;-0.287142;0.287142;-0.287141;0.287143;0.112536;-0.0652994;0.124418;-0.0655049;0.109759;-0.0663657;0.00872544;0.0281093;0.0168715;0.00402951;0.0132848;0.0216724;0;1;0;0.383343;0;1;
44;-0.270064;0.270088;-0.270064;0.270064;-0.270064;0.270065;0.168316;-0.140718;0.175254;-0.140849;0.166694;-0.141343;0.00509524;0.0164194;0.00985251;0.00235404;0.00775787;0.0126603;0;1;0;0.468041;0;1;
45;-0.241493;0.241507;-0.241493;0.241492;-0.241492;0.241493;0.20963;-0.193504;0.213683;-0.193589;0.208683;-0.193872;0.00297516;0.00958987;0.00575337;0.00137511;0.00453009;0.0073952;0;1;0;0.446456;0;1;
46;-0.202303;0.202312;-0.202303;0.202303;-0.202303;0.202304;0.234905;-0.216419;0.237272;-0.225537;0.234352;-0.225697;0.00173701;0.00559974;0.00335946;0.000803074;0.00264503;0.00431891;0;1;0;0.509913;0;1;
47;-0.150865;0.150871;-0.150865;0.150864;-0.150865;0.150865;0.248467;-0.207096;0.249849;-0.242995;0.248144;-0.22561;0.00101389;0.00326932;0.00196138;0.000468803;0.00154414;0.002522;0;1;0;0.531057;0;1;
48;-0.0819838;0.0819893;-0.0819839;0.0819836;-0.0819849;0.0819846;0.251498;-0.200675;0.251837;-0.243486;0.251566;-0.226154;0.000591598;0.00190846;0.00114489;0.000273463;0.000901217;0.00147264;0;1;0;0.731424;0;1;
49;0.00835621;-0.00835122;0.00835614;-0.00835637;0.00835446;-0.00835557;0.240534;-0.186541;0.239559;-0.227958;0.233029;-0.216993;0.000344935;0.00111418;0.000668059;0.00015961;0.000525736;0.000859775;0;1;0;0.600985;0;1;
50;0.107335;-0.107331;0.107335;-0.107335;0.107333;-0.107335;0.210939;-0.151741;0.208967;-0.198944;0.210553;-0.202571;0.000200937;0.000650983;0.000389614;9.35248e-05;0.00030648;0.000502173;0;1;0;0.648483;0;1;
51;0.187853;-0.187849;0.187853;-0.187853;0.187851;-0.187852;0.176058;-0.106981;0.1729;-0.153983;0.174168;-0.165217;0.000116856;0.00956017;0.000227028;0.0065853;0.000178431;0.000879476;0;1;0;0.731938;0;1;
52;0.240617;-0.240616;0.240617;-0.240617;0.240616;-0.240616;0.167861;-0.0648332;0.149205;-0.0983083;0.132885;-0.12524;6.78188e-05;0.00558465;0.000132333;0.0121373;0.000103677;0.00383315;0;1;0;0.783685;0;1;
53;0.27144;-0.271439;0.27144;-0.27144;0.271439;-0.27144;0.142452;0.0076116;0.131557;-0.0396094;0.122026;-0.0745862;3.92484e-05;-0.00388551;7.6791e-05;0.0277665;6.01236e-05;0.00649598;0;1;0;0.797766;0;0.864804;
54;0.287466;-0.287467;0.287466;-0.287467;0.287466;-0.287467;0.100391;0.0604913;0.0940233;0.0538911;0.0884581;0.0248845;0.0356911;0.0467647;4.44993e-05;0.067704;0.00464051;0.0388368;0.753899;1;0;0.646505;0.419446;0.921507;
55;0.293158;-0.293158;0.293158;-0.293158;0.293158;-0.293158;0.0386679;0.064864;0.0349587;0.0625678;0.0415088;0.0666199;0.0208457;0.0273108;0.0232906;0.0395391;0.0292865;0.022682;0.894907;0;1;0.169609;1;0.685868;
56;0.289813;-0.289813;0.2888;-0.289813;0.277273;-0.289813;-0.0415603;0.102023;-0.0437153;0.100682;-0.039886;0.103049;0.0121753;0.015949;0.0295674;0.0230902;0.0365001;0.0132457;0.647749;0;1;0;1;0;
57;0.275955;-0.275955;0.275363;-0.275955;0.238077;-0.275955;-0.121615;0.156927;-0.122867;0.156144;-0.120627;0.157526;0.00711142;0.00931372;0.0172706;0.0134842;0.0213197;0.00773508;0.649619;0;1;0;1;0;
58;0.250436;-0.250436;0.250091;-0.250436;0.228316;-0.250436;-0.181108;0.201731;-0.181833;0.201274;-0.180522;0.202081;0.00415342;0.0054387;0.0100874;0.00787427;0.0124521;0.0045168;0.692612;0;1;0;1;0;
59;0.214179;-0.214179;0.213977;-0.214179;0.201262;-0.214179;-0.218274;0.230318;-0.218692;0.230051;-0.216841;0.230522;0.00242554;0.00317566;0.00589113;0.00459807;0.00727136;0.0026373;0.71102;0;1;0;1;0;
60;0.166496;-0.166496;0.166378;-0.166496;0.158953;-0.166496;-0.239221;0.246255;-0.230269;0.246099;-0.212309;0.246375;0.0014162;0.00185403;0.00343988;0.00268474;0.00424511;0.00153965;0.592405;0;1;0;1;0;
61;0.103062;-0.103062;0.102993;-0.103062;0.0986578;-0.103062;-0.247767;0.253398;-0.226757;0.253307;-0.206424;0.253468;0.000826595;0.00108217;0.00200858;0.00156736;0.00247777;0.000898596;1;0;1;0;1;0;
62;0.0184144;-0.0184138;0.0183743;-0.0184144;0.0158419;-0.0184145;-0.231511;0.238083;-0.219575;0.242806;-0.18577;0.243606;0.000482447;0.000631416;0.00117285;0.000914781;0.00144709;0.000524243;0.893803;0;1;0;1;0;
63;-0.0808896;0.0808914;-0.0809142;0.0808896;-0.0823933;0.0808896;-0.200918;0.214368;-0.209947;0.224282;-0.163542;0.225481;0.000281684;0.000368209;0.000684596;0.000533705;0.000846081;0.000305563;1;0;1;0;1;0;
64;-0.168492;0.168494;-0.168506;0.168492;-0.169371;0.168492;-0.163367;0.183591;-0.175422;0.201007;-0.115065;0.196102;0.000165094;0.000214542;0.000400514;0.000311341;0.0129011;0.000178153;1;0;1;0;1;0;
65;-0.228614;0.228616;-0.228622;0.228614;-0.229129;0.228614;-0.10865;0.14887;-0.139919;0.187656;-0.0554477;0.184792;0.012539;0.000124785;0.00658955;0.000181266;0.0335235;0.000103451;1;0;1;0;1;0;
66;-0.264691;0.264692;-0.264695;0.264691;-0.264992;0.26469;-0.0592317;0.137581;-0.0920479;0.160232;0.00936825;0.158559;0.0197082;7.24135e-05;0.00384981;0.000105429;0.0534029;6.00192e-05;1;0;0.895408;0;1;0;
67;-0.284217;0.284217;-0.284219;0.284216;-0.284392;0.284216;0.0346322;0.105902;-0.00510967;0.119133;0.0498077;0.118153;0.0328671;4.18299e-05;0.0234397;0.00557269;0.046252;3.46494e-05;1;0;0.987192;0.368816;1;0;
68;-0.292489;0.292489;-0.29249;0.292488;-0.292592;0.292489;0.0635624;0.0531985;0.0646149;0.0609233;0.0595882;0.0603543;0.0191975;0.0264454;0.0136921;0.00644292;0.0270147;0.0243101;0.855492;0.658772;0.806299;0.44086;0.589753;1;
69;-0.291686;0.292557;-0.291686;0.291685;-0.291746;0.292302;0.0892188;-0.0210158;0.0898336;-0.0165188;0.0868979;-0.0168397;0.0112109;0.0213814;0.00799577;0.00532985;0.015776;0.0240066;0;0.974436;0;0.398318;0;1;
70;-0.280941;0.28145;-0.280941;0.280941;-0.280976;0.281301;0.142489;-0.102646;0.142848;-0.100031;0.141133;-0.10021;0.00654671;0.0160228;0.00466912;0.0031138;0.00921271;0.0140243;0;1;0;0.413203;0;1;
71;-0.258577;0.258874;-0.258577;0.258577;-0.258598;0.258788;0.191318;-0.16804;0.191528;-0.166522;0.190527;-0.16662;0.00382281;0.00935932;0.00272632;0.00181919;0.00537974;0.0081922;0;0.958627;0;0.444758;0;1;
72;-0.225211;0.225385;-0.225212;0.225212;-0.225224;0.225334;0.224052;-0.210449;0.224175;-0.20957;0.22359;-0.209623;0.00223203;0.0054655;0.00159169;0.00106268;0.00314124;0.00478468;0;1;0;0.468182;0;1;
73;-0.180948;0.18105;-0.180948;0.180948;-0.180955;0.18102;0.242966;-0.210786;0.243038;-0.234508;0.242696;-0.234165;0.001303;0.00319033;0.000929045;0.000620578;0.00183393;0.00279386;0;1;0;0.495191;0;1;
74;-0.12247;0.122529;-0.12247;0.12247;-0.122474;0.122511;0.252208;-0.214483;0.25225;-0.247252;0.25205;-0.236287;0.000760412;0.00186163;0.000541972;0.000362078;0.00107046;-0.0150435;0;1;0;0.585144;0;1;
75;-0.0438946;0.0439296;-0.0438946;0.0438947;-0.0438971;0.0439187;0.245823;-0.187373;0.245283;-0.238057;0.245908;-0.222755;0.000443561;0.00108625;0.000315969;0.00021104;0.000624553;-0.00878579;0;1;0;0.553178;0;1;
76;0.0534504;-0.0534296;0.0534503;-0.0534503;0.0534488;-0.0534363;0.231464;-0.167962;0.230535;-0.214816;0.22195;-0.211745;0.000258493;0.00063554;0.000183988;0.000123181;0.000364202;-0.00513094;0;1;0;0.627792;0;1;
77;0.146925;-0.146913;0.146925;-0.146925;0.146924;-0.146917;0.192416;-0.125695;0.188451;-0.174757;0.196885;-0.183442;0.000150504;0.01517;0.000106892;7.2663e-05;-0.00257567;-0.0029959;0;1;0;0.963362;0;1;
78;0.214778;-0.214771;0.214778;-0.214778;0.214778;-0.214773;0.167427;-0.0698236;0.164582;-0.122128;0.160372;-0.148877;8.73907e-05;0.022656;6.19093e-05;0.0100844;-0.00150466;-0.00174854;0;1;0;0.747092;0;1;
79;0.256704;-0.2567;0.256704;-0.256704;0.256704;-0.256701;0.154234;-0.012905;0.152573;-0.0745329;0.150114;-0.104703;5.06068e-05;0.0421248;3.57573e-05;0.0262049;-0.000879179;0.00567115;0;1;0;1;0;1;
80;0.280131;-0.280129;0.280131;-0.280132;0.280131;-0.28013;0.123287;0.0520385;0.122315;0.00335682;0.120879;-0.0300659;0.025309;0.0500179;2.04422e-05;0.0286091;-0.000513877;0.015342;0.757766;1;0;0.887552;0;0.957812;
81;0.29115;-0.291149;0.29115;-0.29115;0.291149;-0.291149;0.0738572;0.0560769;0.0732891;0.0582678;0.0724497;0.0522981;0.0147827;0.0292165;0.0168441;0.0313414;0.0182844;0.0496629;0.677986;0.835453;0.786254;0.455637;0.796689;0.978342;
82;0.292813;-0.292812;0.292813;-0.292813;0.292813;-0.292813;0.00342681;0.0724561;0.00310484;0.0737358;0.00320095;0.0702504;0.00863501;0.0170619;0.0225505;0.018303;0.0298587;0.0290031;0.635071;0;1;0;1;0.0651801;
83;0.285021;-0.285021;0.267996;-0.285021;0.285021;-0.285021;-0.0796523;0.123968;-0.0798283;0.124716;-0.0797697;0.12268;0.00504394;0.00996369;0.0311061;0.0106885;0.0268523;0.0169373;0.585486;0;1;0;1;0;
84;0.265889;-0.265889;0.253922;-0.265889;0.26589;-0.265889;-0.151642;0.177523;-0.151736;0.17796;-0.1517;0.176771;0.0029463;0.00581831;0.0235025;0.00624163;0.015685;0.009891;0.668973;0;1;0;1;0;
85;0.23544;-0.235441;0.228452;-0.23544;0.235441;-0.23544;-0.200401;0.215516;-0.20045;0.215771;-0.200426;0.215077;0.00172081;0.00339738;0.0137269;0.00364461;0.00916083;0.00577584;0.692339;0;1;0;1;0;
86;0.194343;-0.194344;0.190262;-0.194343;0.194344;-0.194343;-0.229415;0.238243;-0.229439;0.238392;-0.207164;0.237987;0.00100477;0.00198353;0.00801683;0.00212794;0.00534937;0.00337259;0.999721;0;1;0;1;0;
87;0.140326;-0.140327;0.137943;-0.140326;0.140328;-0.140326;-0.244917;0.250073;-0.226821;0.25016;-0.202984;0.249923;0.000586397;0.00115783;0.00468198;0.00124216;0.00312358;0.00196903;0.894522;0;1;0;1;0;
88;0.0677846;-0.067787;0.0663931;-0.0677846;0.0677874;-0.0677847;-0.240432;0.251129;-0.222911;0.249679;-0.194501;0.250002;0.000341957;0.000675627;0.00273449;0.000724869;0.00182394;0.00114937;0.82158;0;0.926918;0;1;0;
89;-0.0257069;0.0257028;-0.0265195;0.0257069;-0.0257022;0.0257068;-0.223003;0.228395;-0.213886;0.237691;-0.172271;0.237412;0.000199452;0.000394022;0.00159709;0.000422766;0.00106598;0.000670682;1;0;1;0;1;0;
90;-0.123252;0.123247;-0.123727;0.123252;-0.123246;0.123252;-0.193208;0.204131;-0.195501;0.203946;-0.148467;0.200311;0.000116493;0.000229575;0.000933093;0.000246375;0.000623733;0.000391142;1;0;1;0;0.937702;0;
91;-0.198943;0.198938;-0.19922;0.198943;-0.198937;0.198943;-0.147252;0.17;-0.157757;0.168454;-0.0877578;0.162943;0.00118361;0.000133572;0.000991919;0.000143371;0.0163479;0.000227906;0.813191;0;1;0;1;0;
92;-0.247327;0.247323;-0.247489;0.247327;-0.247323;0.247327;-0.0894795;0.134929;-0.117416;0.156922;-0.0327973;0.123253;0.0137266;7.77233e-05;0.0126232;8.33009e-05;0.0318204;0.000132915;0.894899;0;1;0;1;0;
93;-0.275124;0.275121;-0.275218;0.275124;-0.275121;0.275123;-0.0271917;0.119052;-0.0641223;0.131897;0.0399706;0.10944;0.0170721;4.48644e-05;0.0073737;4.82655e-05;0.0510817;-0.000151473;1;0;0.880729;0;1;0;
94;-0.289121;0.289119;-0.289176;0.289121;-0.289119;0.28912;0.0478745;0.081044;0.0332369;0.0885493;0.0517228;0.075432;0.0227063;2.60995e-05;0.0305015;0.00768316;0.029841;0.0145464;1;0.275616;1;0.60645;1;0.662457;
95;-0.293238;0.293237;-0.293271;0.293238;-0.293238;0.293238;0.056228;0.0211667;0.0468696;0.0242605;0.0568962;0.0166053;0.0132604;0.0223947;0.0178143;0.00453437;0.0174269;0.0207078;0.104277;1;0.456113;0.655492;0;1;
96;-0.288223;0.288224;-0.288242;0.288223;-0.288223;0.288224;0.104159;-0.0589458;0.0986937;-0.0571536;0.104549;-0.0616124;0.00774367;0.0282288;0.0104031;0.00264912;0.0101768;0.0351356;0;1;0;0.429411;0;1;
97;-0.27234;0.272341;-0.272351;0.27234;-0.27234;0.272341;0.161675;-0.135259;0.158484;-0.134224;0.161903;-0.136819;0.00452187;0.0164898;0.006075;0.00154791;0.00594282;0.0205228;0;1;0;0.418223;0;1;
98;-0.244882;0.244882;-0.244889;0.244882;-0.244882;0.244883;0.205363;-0.189926;0.203499;-0.18933;0.205496;-0.19084;0.0026403;0.00963124;0.00354734;0.000904314;0.00347012;0.0119866;0;1;0;0.472909;0;1;
