1;-0.000363588;0.000116065;9.9484e-05;-0.000363588;0.000116065;9.94842e-05;0.0349769;0.0347456;0.0352595;0.034977;0.0347457;0.0352595;0.808667;0.808665;0.808666;0.808667;0.808665;0.808666;0;0;0;0;0;0;
2;-0.00463055;-0.00361368;-0.00267112;0.00238586;0.00363697;0.00267357;0.107365;0.112778;0.115645;0.137766;0.144431;0.14982;0.472344;0.472343;0.472345;0.472346;0.472345;0.472349;1;1;1;1;1;1;
3;-0.00309668;-0.000278497;-0.000162876;0.0166437;0.00329666;0.00178637;0.0649985;0.0664771;0.0680407;0.0965911;0.102366;0.105593;0.275858;0.27586;0.275861;0.275866;0.275865;0.275867;0.959774;0.809868;1;0.7035;0.682121;0.768931;
4;-0.00117356;-0.000797431;0.000539712;0.00908506;0.00256006;0.000408431;0.0379368;0.0388557;0.0397154;0.0564419;0.0597605;0.0616988;0.161106;0.161108;0.161109;0.161112;0.161111;0.161112;1;1;1;0.81275;1;1;
5;0.000190889;-0.00134183;0.00119135;0.0044295;0.00237122;-0.000637647;0.0357663;0.0350186;0.0362789;0.0332223;0.0357802;0.0394573;0.0940888;0.0940902;0.0940911;0.0940926;0.0940927;0.0940935;1;1;1;0.804024;1;1;
6;0.00121892;-0.00189101;0.00180317;0.00147941;0.0024922;-0.00147978;0.0302925;0.0342276;0.0356517;0.0334124;0.0343917;0.0373624;0.0549507;0.0549515;0.0549524;0.054953;0.0549535;0.054954;1;1;1;0.819414;1;1;
7;0.00195518;-0.00234764;0.00229637;-0.000379331;0.00269876;-0.00210748;0.0268525;0.0318444;0.0316296;0.0323892;0.0318969;0.035631;0.0320941;0.0320944;0.0320956;0.0320955;0.0320964;0.0320964;1;1;1;0.830323;1;1;
8;0.00227544;-0.00250459;0.00247468;-0.0013551;0.00282793;-0.00236434;0.0255377;0.0323831;0.0304214;0.0342656;0.0320571;0.0377106;0.0187459;0.0187458;0.0187472;0.0187466;0.0187479;0.0187475;1;0.917148;1;0.817303;1;1;
9;0.00186726;-0.00200105;0.00198361;-0.00106731;0.00218991;-0.00191914;0.0234079;0.0326861;0.0281234;0.0357548;0.031112;0.039219;0.0109506;0.0109499;0.0109518;0.0109508;0.0109527;0.0109516;1;1;1;0.823101;1;1;
10;0.000195249;-0.000273341;0.00026318;0.000271997;0.000383675;-0.000225497;0.0191459;0.037519;0.0237895;0.0384877;0.0297282;0.0421852;0.00639829;0.00639686;0.00639941;0.00639784;0.0109973;0.00639867;1;1;1;0.984617;1;1;
11;-0.003532;0.00348641;-0.00349234;0.00380492;-0.00342195;0.00351439;0.0176627;0.0303278;0.0210774;0.037963;0.0265381;0.0421902;0.00517199;0.00373722;0.012422;0.00373869;0.00898044;0.00373974;1;0.987799;1;0.99943;1;1;
12;-0.0103624;0.0103358;-0.0103393;0.0105219;-0.0102981;0.0103522;0.0169723;0.033702;0.0192906;0.0418299;0.0271548;0.0457893;0.00576052;0.00218383;0.00725765;0.00218567;0.0110087;0.0032854;1;0.933828;1;0.983278;1;1;
13;-0.0215096;0.0214942;-0.0214961;0.0216028;-0.0214721;0.0215037;0.0197795;0.029193;0.0201082;0.0419028;0.0264348;0.0465998;0.00625931;0.00127651;0.00660541;0.00127863;0.0112468;0.00192134;1;0.910619;1;0.865855;1;1;
14;-0.038058;0.038049;-0.0380501;0.0381125;-0.0380361;0.0380546;0.0186235;0.0342722;0.0204501;0.0425224;0.0271778;0.0399451;0.00816359;0.000747302;0.00908076;0.00309179;0.0101267;0.00256696;1;0.853163;1;0.698806;1;1;
15;-0.0603072;0.0603019;-0.0603026;0.060339;-0.0602944;0.0603052;0.0264178;0.0307721;0.0313407;0.0290087;0.0304191;0.0355891;0.00539968;0.00723949;0.00707434;0.00634831;0.00591731;0.00582839;1;1;1;0.828215;1;1;
16;-0.0867357;0.0867322;-0.086733;0.0867543;-0.0867282;0.0867345;0.0449532;0.0235993;0.0493717;0.0100577;0.0373977;0.0171847;0.00315532;0.0145896;0.00413387;0.00848442;0.00345693;0.0100112;0.923251;1;1;1;0.62668;1;
17;-0.113119;0.113117;-0.113118;0.11313;-0.113115;0.113118;0.0591311;0.00950654;0.0617133;-0.0269974;0.0547171;-0.0228333;0.00184317;0.0269522;0.00241564;0.0101057;0.00201851;0.0125361;0.429761;1;1;1;0;1;
18;-0.132801;0.1328;-0.1328;0.132807;-0.132799;0.1328;0.0960972;-0.0402751;0.0976053;-0.0773275;0.0935195;-0.0748897;0.00107599;0.0399878;0.00141037;0.00764574;0.00117846;0.0137746;0;1;0;1;0;1;
19;-0.138312;0.138311;-0.138312;0.138315;-0.138311;0.138312;0.143904;-0.111286;0.144784;-0.132937;0.142398;-0.13151;0.000627993;0.0402501;0.000823203;0.0247346;0.000687821;0.013016;0;1;0;1;0;1;
20;-0.123567;0.123567;-0.123567;0.123569;-0.123566;0.123567;0.186163;-0.167103;0.186678;-0.179757;0.185284;-0.178919;0.00036632;0.0235102;0.000480317;0.0144463;0.000401234;0.00760328;0;1;0;1;0;1;
21;-0.0843854;0.084386;-0.0843853;0.0843864;-0.0843848;0.0843853;0.215041;-0.203755;0.215341;-0.211297;0.214527;-0.210805;0.000213498;0.0137291;0.000280063;0.00843721;0.000233796;0.00444114;0;1;0;0.689303;0;1;
22;-0.017305;0.0173053;-0.0173049;0.0173056;-0.0173042;0.0173049;0.230602;-0.203861;0.230777;-0.228414;0.230302;-0.221666;0.000124267;0.00472243;0.00016313;0.00492738;0.000135964;0.00259377;0;1;0;0.966729;0;1;
23;0.0725449;-0.072545;0.0725449;-0.0725445;0.0725462;-0.0725448;0.229839;-0.177635;0.228926;-0.2115;0.227777;-0.208576;7.2122e-05;-0.00929095;9.47795e-05;0.00287755;7.88252e-05;0.00151523;0;1;0;1;0;1;
24;0.159618;-0.159619;0.159618;-0.159618;0.15962;-0.159618;0.222926;-0.133484;0.221699;-0.175677;0.193067;-0.182835;4.16798e-05;-0.00914681;5.49249e-05;0.00168113;4.54347e-05;0.000885603;0;1;0;1;0;1;
25;0.22249;-0.222491;0.22249;-0.222489;0.222491;-0.222489;0.203433;-0.0803663;0.202716;-0.121425;0.154066;-0.14649;2.38708e-05;0.014734;3.16078e-05;0.00968534;2.59885e-05;0.00310064;0;1;0;1;0;1;
26;0.261127;-0.26113;0.261127;-0.261127;0.261128;-0.261127;0.173139;-0.0181867;0.172721;-0.0663354;0.144309;-0.104253;1.35376e-05;0.0300641;1.8077e-05;0.0152851;1.4679e-05;0.00181198;0;1;0;1;0;1;
27;0.282492;-0.282496;0.282492;-0.282492;0.282493;-0.282492;0.131578;0.0295889;0.13133;0.0177647;0.114737;-0.0165755;0.0162347;0.037022;1.02216e-05;0.0501867;8.11357e-06;0.0195579;1;1;0;1;0;1;
28;0.292154;-0.292157;0.292154;-0.292154;0.292155;-0.305397;0.0749262;0.0654885;0.0747778;0.0459852;0.0650879;0.0610872;0.018835;0.0301687;0.0242348;0.0293134;0.00974768;0.0180397;1;1;1;0.98675;1;1;
29;0.291679;-0.29539;0.278777;-0.29273;0.292398;-0.300464;-0.00051972;0.0825257;-0.000600899;0.0711361;-0.00367059;0.0799592;0.0110035;0.0176181;0.0406845;0.0171187;0.0337754;0.0105369;1;0;1;0;1;1;
30;0.283151;-0.285319;0.259945;-0.283765;0.283572;-0.288281;-0.0853737;0.133266;-0.0854088;0.126615;-0.0871984;0.131767;0.00642751;0.0102885;0.0335205;0.00999686;0.0368469;0.00615311;0.8285;0;1;0;1;0;
31;0.263017;-0.264283;0.249463;-0.263375;0.263264;-0.266013;-0.156215;0.184185;-0.156225;0.180301;-0.157267;0.18331;0.00375492;0.00600796;0.0227342;0.00583771;0.0279232;0.00359297;1;0;1;0;1;0;
32;0.231601;-0.23234;0.223686;-0.23181;0.231745;-0.23335;-0.203289;0.219624;-0.20329;0.217356;-0.203895;0.219113;0.00219358;0.00350814;0.0132768;0.00340878;0.0163085;0.00209783;1;0;1;0;1;0;
33;0.189427;-0.189859;0.184806;-0.18955;0.189512;-0.190449;-0.231019;0.24056;-0.226281;0.239235;-0.205013;0.240261;0.00128142;0.00204823;0.00775236;0.00199021;0.00952407;0.00122459;1;0;1;0;1;0;
34;0.13386;-0.134113;0.131162;-0.133932;0.13391;-0.134457;-0.245634;0.251208;-0.238048;0.250434;-0.205796;0.251033;0.00074857;0.00119563;0.00452507;0.00116174;0.00556175;0.000714585;1;0;1;0;1;0;
35;0.0591419;-0.0592897;0.0575678;-0.0591841;0.059172;-0.0594909;-0.236884;0.248325;-0.224787;0.249106;-0.193299;0.249095;0.000437319;0.00069769;0.00264159;0.000677914;0.00324798;0.000416757;1;0;1;0;1;0;
36;-0.0359428;0.0358563;-0.0368611;0.035918;-0.0359246;0.0357388;-0.217026;0.226399;-0.213769;0.236181;-0.173561;0.236361;0.000255939;0.000406887;0.00154225;0.000395362;0.00189752;0.000242853;1;0;1;0;1;0;
37;-0.132222;0.132171;-0.132758;0.132207;-0.132211;0.132103;-0.180632;0.201708;-0.190869;0.202257;-0.148716;0.202576;0.000150612;0.000237088;0.000901295;0.000230563;0.00659501;0.000141492;1;0;1;0;1;0;
38;-0.205029;0.205;-0.205342;0.20502;-0.205023;0.204959;-0.133179;0.166195;-0.158431;0.168015;-0.0869781;0.162223;0.00961074;0.000137903;0.000527229;0.000134083;0.0149193;8.20273e-05;1;0;1;0;1;0;
39;-0.250959;0.250943;-0.251142;0.250954;-0.250956;0.250919;-0.0761203;0.157008;-0.113755;0.158071;-0.0265679;0.152615;0.0217033;8.0062e-05;0.00555459;7.79007e-05;0.0332825;4.75033e-05;1;0;1;0;1;0;
40;-0.277086;0.277076;-0.277192;0.277082;-0.277085;0.277062;-0.0050913;0.129417;-0.0529855;0.130039;0.0254028;0.126851;0.0390303;4.62979e-05;0.00425809;0.0125926;0.0383606;2.7308e-05;1;0;1;0.429264;1;0;
41;-0.289953;0.289947;-0.290015;0.28995;-0.289952;0.289939;0.0522324;0.0836324;0.0350484;0.0839997;0.0589958;0.0821358;0.0241514;0.00127279;0.0240603;0.00735658;0.0246616;0.0108315;1;0.406141;1;0.712945;1;0.985212;
42;-0.293162;0.293158;-0.293198;0.29316;-0.293161;0.293154;0.0673136;0.0169202;0.052403;0.0171298;0.0684243;0.0160446;0.0141052;0.0287883;0.0140531;0.00511875;0.0144026;0.0151025;0.66322;1;0.909805;0.945868;0.0611116;1;
43;-0.287143;0.287141;-0.287164;0.287141;-0.287143;0.287138;0.114608;-0.0653973;0.1059;-0.0652919;0.115256;-0.0659147;0.00823692;0.043965;0.00820662;0.00661688;0.00841068;0.0180454;0;1;0;0.415656;0;1;
44;-0.270065;0.270064;-0.270077;0.270063;-0.270064;0.270062;0.169525;-0.140773;0.16444;-0.140723;0.169904;-0.141079;0.00480995;0.0266145;0.00479222;0.006256;0.00491139;0.0117835;0;1;0;0.788072;0;1;
45;-0.241493;0.241493;-0.2415;0.241492;-0.241493;0.241491;0.210337;-0.193536;0.207367;-0.193516;0.210558;-0.193718;0.00280857;0.0155432;0.00279822;0.00365431;0.00286772;0.00688337;0;1;0;0.840899;0;1;
46;-0.202303;0.202303;-0.202307;0.202302;-0.202303;0.202302;0.235318;-0.224869;0.233584;-0.225493;0.235447;-0.225607;0.00163973;0.00907472;0.00163369;0.00213442;0.00167418;0.00402039;0;1;0;0.906657;0;1;
47;-0.150865;0.150865;-0.150867;0.150864;-0.150865;0.150864;0.248708;-0.223064;0.247695;-0.24297;0.248784;-0.230227;0.00095711;-0.0105977;0.0009536;0.00124646;0.000977129;0.00234783;0;1;0;0.839582;0;1;
48;-0.0819842;0.0819848;-0.0819857;0.0819841;-0.0819839;0.0819841;0.251756;-0.214966;0.251649;-0.24361;0.252082;-0.227052;0.000558483;-0.0196759;0.000556382;0.000727603;0.000570054;0.00137122;0;1;0;0.861058;0;1;
49;0.0083552;-0.00835503;0.00835433;-0.00835524;0.00835614;-0.0083552;0.239443;-0.190821;0.241253;-0.225828;0.232961;-0.218012;0.000325671;-0.0141022;0.00032444;0.00042463;0.000332297;0.000800923;0;1;0;0.98759;0;1;
50;0.107333;-0.107334;0.107333;-0.107333;0.107335;-0.107333;0.21575;-0.152099;0.207607;-0.196398;0.20957;-0.20118;0.000189733;-0.00823721;0.000189027;0.000248103;0.00019348;0.000468227;0;1;0;1;0;1;
51;0.187851;-0.187853;0.187851;-0.187851;0.187853;-0.187851;0.207074;-0.110537;0.184507;-0.154543;0.176845;-0.167471;0.000110341;0.0149615;0.00010993;0.000146004;-0.00228726;0.000274301;0;1;0;1;0;1;
52;0.240616;-0.240618;0.240616;-0.240616;0.240617;-0.240616;0.186172;-0.0474514;0.172993;-0.0971106;0.168519;-0.128878;6.40253e-05;0.0284222;6.37943e-05;0.010972;-0.00133625;0.00502983;0;1;0;1;0;1;
53;0.271439;-0.271443;0.271439;-0.271439;0.27144;-0.271439;0.153148;0.00549651;0.145449;-0.0254013;0.142836;-0.0654262;0.0129238;0.0484365;3.68807e-05;0.0335595;-0.000780878;0.00293924;1;1;0;1;0;1;
54;0.287466;-0.28747;0.287466;-0.287466;0.287467;-0.287466;0.106639;0.0591947;0.102136;0.0138789;0.10061;0.031338;0.0142461;0.0333656;2.15779e-05;0.0196039;-0.000456439;0.0234809;1;1;0.52921;1;0;1;
55;0.293158;-0.29316;0.293158;-0.293158;0.293158;-0.293158;0.0423204;0.0618437;0.0396913;0.0616908;0.0388011;0.091367;0.0116537;0.0194866;0.0176598;0.0114498;0.0291791;0.0137169;1;0.508084;1;0.374607;1;1;
56;0.289813;-0.289814;0.260447;-0.289812;0.290491;-0.289813;-0.0394254;0.10026;-0.0409498;0.10017;-0.0414681;0.117504;0.0119407;0.0113796;0.0384529;0.00668623;0.0386219;0.00801166;1;0;1;0;1;0.540027;
57;0.275955;-0.275956;0.231013;-0.275955;0.276353;-0.275955;-0.120369;0.155897;-0.121246;0.155845;-0.121546;0.165967;0.00697451;0.00664519;0.0333201;0.00390437;0.038386;0.00467835;0.894936;0;1;0;1;0;
58;0.250436;-0.250437;0.218799;-0.250436;0.250669;-0.250436;-0.18038;0.201129;-0.180885;0.201099;-0.181057;0.20701;0.00407388;0.00388032;0.0194622;0.00227971;0.0224214;0.00273172;1;0;1;0;1;0;
59;0.214179;-0.214179;0.195703;-0.214179;0.214316;-0.214179;-0.217848;0.229967;-0.218138;0.229949;-0.211713;0.233401;0.00237934;0.00226557;0.0113663;0.00133088;0.013095;0.00159481;1;0;1;0;1;0;
60;0.166496;-0.166496;0.155707;-0.166496;0.166577;-0.166496;-0.238972;0.24605;-0.238271;0.24604;-0.207772;0.248056;0.00138942;0.00132257;0.00663639;0.000776701;0.00764722;0.000930815;1;0;1;0;1;0;
61;0.103062;-0.103062;0.0967619;-0.103062;0.10311;-0.103062;-0.246822;0.253278;-0.231199;0.253272;-0.202463;0.254122;0.00081112;0.000771849;0.00387351;0.00045304;0.00446563;0.00054302;1;0;1;0;1;0;
62;0.018414;-0.0184145;0.0147357;-0.0184141;0.0184427;-0.0184141;-0.231905;0.238521;-0.217983;0.244931;-0.187732;0.244091;0.000473503;0.000450206;0.00226131;0.00026402;0.00260803;0.000316566;1;0;1;0;1;0;
63;-0.0808907;0.08089;-0.0830385;0.0808906;-0.0808726;0.0808906;-0.207147;0.218204;-0.202396;0.224516;-0.161242;0.225157;0.000276625;0.000262385;0.00132089;0.000153649;0.00152399;0.000184334;1;0;1;0;1;0;
64;-0.168493;0.168492;-0.169747;0.168493;-0.168482;0.168493;-0.167964;0.186436;-0.176373;0.214671;-0.121765;0.217587;0.000162397;0.000152693;0.000772442;8.92713e-05;0.00762391;0.00010715;1;0;1;0;1;0;
65;-0.228615;0.228615;-0.229347;0.228615;-0.228608;0.228615;-0.113027;0.149285;-0.137164;0.195637;-0.0563856;0.19734;0.00771997;8.86878e-05;0.00566584;5.1647e-05;0.0460177;6.2067e-05;1;0;1;0;1;0;
66;-0.264691;0.264691;-0.265119;0.264691;-0.264687;0.264691;-0.0471197;0.137823;-0.0889724;0.164892;-4.92408e-05;0.165887;0.0235497;5.13577e-05;0.0042251;2.96853e-05;0.0421229;3.5767e-05;1;0;1;0;1;0;
67;-0.284217;0.284216;-0.284466;0.284216;-0.284214;0.284216;0.0147313;0.106044;-0.00728564;0.121855;0.0375297;0.122433;0.0389381;2.95323e-05;0.0216624;0.0029936;0.0442171;0.00516501;1;0;1;0.516594;1;0.154197;
68;-0.292489;0.292489;-0.292635;0.292488;-0.292487;0.292489;0.0606548;0.0532832;0.0518479;0.0625127;0.0529263;0.0628552;0.0227434;0.0278368;0.0126533;0.00802302;0.0258259;0.0210526;1;1;1;0.542654;0.98194;1;
69;-0.291686;0.293676;-0.291771;0.291685;-0.291685;0.291686;0.087521;-0.020966;0.082378;-0.0155904;0.0830073;-0.0153794;0.0132817;0.0318002;0.00738928;0.00468709;0.0150818;0.0180374;0;1;0;0.678811;0;1;
70;-0.280941;0.282103;-0.280991;0.280941;-0.28094;0.280941;0.141497;-0.102615;0.138494;-0.0994891;0.138861;-0.0993559;0.00775606;0.0196115;0.0043149;0.00273843;0.00880731;0.0176209;0;1;0;0.802308;0;1;
71;-0.258577;0.259256;-0.258606;0.258577;-0.258577;0.258577;0.190739;-0.168021;0.188985;-0.166206;0.1892;-0.166121;0.00452909;0.0114557;0.00251948;0.0016;0.005143;0.0102929;0;1;0;0.956025;0;1;
72;-0.225211;0.225609;-0.225228;0.225211;-0.225211;0.225212;0.223714;-0.210438;0.22269;-0.209386;0.222815;-0.209331;0.00264449;0.00669054;0.00147089;0.000934653;0.00300299;0.00601179;0;1;0;1;0;1;
73;-0.180948;0.18118;-0.180958;0.180948;-0.180948;0.180948;0.242769;-0.207729;0.242171;-0.2344;0.242244;-0.233343;0.00154386;0.00390664;0.000858493;0.000545716;0.0017532;0.00351069;0;1;0;1;0;1;
74;-0.12247;0.122606;-0.122475;0.12247;-0.12247;0.12247;0.252093;-0.200427;0.251743;-0.247204;0.251786;-0.227819;0.000901075;0.00228102;0.000500819;0.000318377;0.0010233;0.00204996;0;1;0;1;0;1;
75;-0.0438945;0.0439746;-0.0438979;0.0438944;-0.0438949;0.0438948;0.247507;-0.186292;0.247519;-0.236884;0.246237;-0.21789;0.000525695;0.00133223;0.000291964;0.00018559;0.000597041;0.00119776;0;1;0;1;0;1;
76;0.0534506;-0.0534025;0.0534486;-0.0534507;0.0534497;-0.0534502;0.232028;-0.163788;0.232126;-0.215654;0.22109;-0.204801;0.000306458;0.00309499;0.000169978;0.000108376;0.000348113;0.000700452;0;1;0;1;0;1;
77;0.146926;-0.146896;0.146924;-0.146926;0.146924;-0.146925;0.208538;-0.142089;0.209668;-0.177675;0.196009;-0.18247;0.000178606;0.00963468;9.88977e-05;6.38914e-05;0.000187261;0.00137212;0;1;0;0.959264;0;1;
78;0.214779;-0.214761;0.214778;-0.214779;0.214778;-0.214778;0.196844;-0.0816688;0.197504;-0.124547;0.163273;-0.146439;0.000103729;0.0228396;5.71754e-05;0.00754058;0.000108842;0.00360654;0;1;0;1;0;1;
79;0.256704;-0.256694;0.256704;-0.256705;0.256704;-0.256704;0.171414;-0.0159868;0.171799;-0.0710704;0.151808;-0.105354;6.01384e-05;0.0378987;3.2945e-05;0.0215238;6.31035e-05;0.00823416;0;1;0;1;0;1;
80;0.280131;-0.280126;0.280131;-0.280132;0.280131;-0.280131;0.133321;0.0247154;0.133543;-0.00288988;0.121868;-0.0286813;0.00385268;0.0315012;1.88426e-05;0.0427177;3.63578e-05;0.0244897;1;1;0;1;0;1;
81;0.29115;-0.291147;0.29115;-0.291151;0.29115;-0.29115;0.0797176;0.0469545;0.079847;0.0508307;0.0730284;0.0531044;0.00864327;0.0184017;0.0177208;0.0249513;0.0135884;0.0265605;1;1;1;1;1;1;
82;0.292813;-0.292811;0.292813;-0.292813;0.292814;-0.292813;0.00685038;0.0671291;0.00693277;0.0693931;0.00295329;0.0707229;0.00505022;0.0107464;0.019099;0.0145714;0.0228113;0.0155122;1;0;1;0.0131979;1;0.846298;
83;0.285021;-0.28502;0.285022;-0.285021;0.285023;-0.285021;-0.0776532;0.120857;-0.0775935;0.12218;-0.0799145;0.122956;0.00295047;0.00627548;0.018743;0.00850926;0.0250909;0.00905865;0.831208;0;1;0;1;0;
84;0.265889;-0.265889;0.26589;-0.265889;0.265891;-0.265889;-0.150474;0.175706;-0.150432;0.176478;-0.151784;0.176932;0.00172396;0.00366443;0.0109493;0.00496899;0.0146564;0.00528984;1;0;1;0;1;0;
85;0.23544;-0.23544;0.235441;-0.23544;0.235442;-0.23544;-0.199719;0.214455;-0.199688;0.214906;-0.200475;0.215171;0.00100716;0.00213952;0.00639583;0.00290142;0.0085601;0.0030888;1;0;1;0;1;0;
86;0.194343;-0.194343;0.194344;-0.194344;0.194345;-0.194344;-0.229017;0.237624;-0.228994;0.237887;-0.209696;0.238042;0.000588138;0.00124894;0.00373546;0.00169394;0.00499834;0.00180336;1;0;1;0;1;0;
87;0.140326;-0.140326;0.140327;-0.140326;0.140327;-0.140326;-0.244684;0.249711;-0.213284;0.249865;-0.203722;0.249956;0.000343213;0.000728801;0.00218347;0.000988717;0.00291811;0.00105269;0.991201;0;1;0;1;0;
88;0.0677842;-0.0677851;0.0677859;-0.0677849;0.0677864;-0.0677849;-0.240486;0.250879;-0.220465;0.250534;-0.196781;0.250373;0.000200063;0.000425039;0.0012764;0.00057689;0.0017037;0.00061426;1;0;1;0;1;0;
89;-0.0257071;0.0257061;-0.0257056;0.0257064;-0.0257047;0.0257064;-0.223287;0.229308;-0.214991;0.238086;-0.178276;0.237288;0.000116733;0.000247646;0.000745558;0.000336379;0.000995049;0.00035819;1;0;1;0;1;0;
90;-0.123252;0.123251;-0.123251;0.123251;-0.12325;0.123251;-0.192234;0.20585;-0.196198;0.205035;-0.151255;0.201686;6.86027e-05;0.00014406;0.000435917;0.000195952;0.000581902;0.000208659;1;0;1;0;1;0;
91;-0.198943;0.198942;-0.198942;0.198942;-0.198941;0.198942;-0.142826;0.172098;-0.158718;0.172057;-0.100509;0.167605;0.00788765;8.35824e-05;0.00333408;0.000114001;0.0113017;0.000121353;1;0;1;0;1;0;
92;-0.247328;0.247327;-0.247326;0.247326;-0.247327;0.247326;-0.0865609;0.162439;-0.116303;0.162415;-0.0406827;0.155191;0.00972521;4.8362e-05;0.00194856;6.61234e-05;0.0319722;7.04653e-05;1;0;1;0;1;0;
93;-0.275125;0.275124;-0.275123;0.275123;-0.275124;0.275123;-0.0153372;0.135118;-0.0608396;0.135105;0.0234956;0.130885;0.0316072;2.77828e-05;0.00723685;0.00443724;0.0389796;4.07172e-05;1;0;1;0.227764;1;0;
94;-0.289122;0.289121;-0.28912;0.289121;-0.289122;0.28912;0.0405618;0.0904261;0.0343687;0.0904234;0.0731356;0.0879549;0.0229213;1.59961e-05;0.0249568;0.0111773;0.0333033;0.00413205;1;0.158905;1;0.692827;1;0.798538;
95;-0.293239;0.293238;-0.293238;0.293239;-0.293239;0.293237;0.0729419;0.025363;0.0824612;0.0253543;0.0822022;0.023917;0.0133868;0.022564;0.0145764;0.00653044;0.0194502;0.0144227;0.769477;1;0.931164;0.76662;0.607563;1;
96;-0.288224;0.288224;-0.288223;0.288224;-0.288224;0.279377;0.11392;-0.0564931;0.119479;-0.0565143;0.119328;-0.057341;0.00781737;0.0272515;0.00851225;0.00471543;0.0113584;0.028748;0;1;0;0.625859;0;1;
97;-0.272341;0.272341;-0.27234;0.272341;-0.272341;0.267173;0.167376;-0.133827;0.170623;-0.13385;0.170534;-0.134325;0.00456495;0.0159195;0.00497074;0.00275496;0.00663279;0.0182769;0;1;0;0.683881;0;1;
98;-0.244882;0.244883;-0.244882;0.244882;-0.244882;0.241864;0.208692;-0.189089;0.210588;-0.189112;0.210536;-0.189384;0.00266545;0.00929882;0.00290241;0.00160955;0.00387305;0.0106748;0;1;0;0.750627;0;1;
