1;-0.000363588;0.000116064;9.94837e-05;-0.000363588;0.000116064;9.94838e-05;0.0349769;0.0347456;0.0352594;0.0349769;0.0347456;0.0352595;0.808667;0.808665;0.808666;0.808667;0.808665;0.808666;0;0;0;0;0;0;
2;0.00465134;-0.000493721;-0.00789411;0.00787785;-0.0002316;-0.00594592;0.170444;0.17938;0.184722;0.153434;0.157119;0.148407;0.472363;0.472376;0.472393;0.472396;0.4724;0.472397;1;1;1;1;1;1;
3;0.00960232;-0.0186803;-0.0432598;0.0122781;0.01325;-0.00364794;0.105867;0.110383;0.113633;0.0970013;0.100093;0.0948079;0.275876;0.275883;0.275902;0.2759;0.275902;0.275897;1;0.624896;1;0.994838;1;0.94298;
4;0.00624263;-0.0115438;-0.0246287;0.00653602;0.0083725;-0.00276536;0.0618039;0.0644928;0.0663439;0.056682;0.0584341;0.0553979;0.161117;0.16112;0.161135;0.161132;0.161134;0.161128;1;0.697448;1;1;1;1;
5;0.00452188;-0.00761762;-0.0135069;0.00294129;0.00576542;-0.00333378;0.0358427;0.0379218;0.0452065;0.0342213;0.0345477;0.0326113;0.0940953;0.0940959;0.0941081;0.0941051;0.0941063;0.094101;1;0.877668;1;0.899172;1;1;
6;0.00374817;-0.00555604;-0.00678061;0.000610658;0.00447418;-0.00374776;0.0266059;0.024295;0.0396518;0.0344264;0.0337437;0.0274415;0.054954;0.0549537;0.0549626;0.0549604;0.0549612;0.0549572;1;1;1;1;1;1;
7;0.00343221;-0.00448802;-0.00271659;-0.000886367;0.00271775;-0.00385363;0.022698;0.0211681;0.0468046;0.0430685;0.0306835;0.025637;0.0320955;0.0320947;0.0321019;0.0321;0.0321006;0.0320972;1;1;1;1;1;1;
8;0.00313794;-0.00375463;-0.000452994;-0.000956094;0.00135437;-0.00393587;0.0242248;0.0240917;0.0365526;0.0369251;0.0332255;0.0298085;0.0187459;0.0187446;0.0187512;0.0187494;0.0187499;0.0187466;1;0.934148;1;1;1;1;
9;0.0023709;-0.00273113;0.000273773;0.000959559;-0.000237186;-0.00283708;0.0206314;0.0236;0.032288;0.0362253;0.0308026;0.0304044;0.0109501;0.0109483;0.0109543;0.0109523;0.0109535;0.0109501;1;0.929571;1;1;1;1;
10;0.000489241;-0.000699749;-0.000735526;0.00512958;-0.00134209;-0.000761711;0.0182524;0.02487;0.029366;0.0385786;0.0300162;0.0332396;0.00639733;0.00639499;0.00640081;0.00639866;0.00713203;0.0063968;1;0.858642;1;0.913876;1;1;
11;-0.00336044;0.00323734;-0.0040757;0.00664198;-0.00443008;0.00320107;0.0159825;0.0265854;0.0259633;0.0406726;0.0285569;0.0356964;0.00373862;0.00373569;0.00680554;0.0037392;0.0080306;0.00373762;1;0.783889;1;0.75084;1;1;
12;-0.0102623;0.0101903;-0.0106801;0.012179;-0.0108877;0.0101691;0.0150991;0.0284161;0.0226811;0.043267;0.0290741;0.0374898;0.00299758;0.00218254;0.00707637;0.00218596;0.0106482;0.00218458;1;0.72519;1;0.667144;1;1;
13;-0.0214512;0.0214091;-0.0216953;0.0225708;-0.0218168;0.0213967;0.0146375;0.0290348;0.0223022;0.0434882;0.0339834;0.0385713;0.00362193;0.00127549;0.00622878;0.00127883;0.00899203;0.00127756;1;0.715569;1;0.655418;1;1;
14;-0.038024;0.0379992;-0.0381666;0.0386781;-0.0382377;0.037992;0.0163558;0.0269664;0.0241737;0.0378201;0.0320629;0.0337699;0.00258504;0.000746016;0.0061706;0.000748959;0.00952726;0.000747835;1;0.783239;1;0.864189;1;1;
15;-0.0602873;0.0602727;-0.0603708;0.0606696;-0.0604123;0.0602685;0.0259427;0.0221747;0.0328696;0.0295685;0.0340505;0.026242;0.00233511;0.000437649;0.00360665;0.00325597;0.0055672;0.0020311;1;0.862783;1;1;1;1;
16;-0.086724;0.0867142;-0.0867728;0.0869476;-0.0867972;0.0867128;0.0454763;0.014503;0.0525831;0.0080148;0.0425086;0.00663049;0.00136541;0.0115387;0.00380065;0.0072536;0.0032529;0.00654086;1;1;1;1;1;1;
17;-0.113112;0.113106;-0.113141;0.113243;-0.113155;0.113105;0.0594364;-0.00711497;0.063589;-0.0281905;0.0577021;-0.0289982;0.000797685;0.0189682;0.00222106;0.00807544;0.00189944;0.0077206;0.612303;1;1;1;0;1;
18;-0.132797;0.132793;-0.132814;0.132874;-0.132822;0.132792;0.0962755;-0.0541118;0.0987008;-0.0780243;0.0952627;-0.0784913;0.000465454;0.0313293;0.00129678;0.00741705;0.0011089;0.00933783;0;1;0;1;0;1;
19;-0.13831;0.138308;-0.13832;0.138355;-0.138324;0.138307;0.144008;-0.11937;0.145424;-0.133346;0.143416;-0.133614;0.00027143;0.0252533;0.00075689;0.0043336;0.000647182;0.0091905;0;1;0;1;0;1;
20;-0.123565;0.123564;-0.123571;0.123592;-0.123574;0.123564;0.186224;-0.171825;0.187051;-0.179995;0.185879;-0.180149;0.000158106;0.0147496;0.000441601;0.00253239;0.00037748;0.00536837;0;1;0;1;0;1;
21;-0.0843845;0.0843842;-0.0843878;0.0843998;-0.0843895;0.0843836;0.215076;-0.20666;0.215559;-0.211437;0.214874;-0.211524;9.19064e-05;0.00861143;0.000257439;0.00147924;0.000219923;0.0031352;0;1;0;1;0;1;
22;-0.0173041;0.017304;-0.0173061;0.0173132;-0.017307;0.0173037;0.230623;-0.211107;0.230905;-0.228496;0.230505;-0.226096;5.32222e-05;-0.0126556;0.000149881;0.000863589;0.000127881;0.00183033;0;1;0;1;0;1;
23;0.0725458;-0.0725461;0.0725447;-0.0725405;0.0725444;-0.072546;0.229905;-0.194493;0.229557;-0.2158;0.228397;-0.214045;3.06546e-05;-0.0167659;8.7068e-05;0.000503678;7.4095e-05;0.00106845;0;1;0;1;0;1;
24;0.159619;-0.15962;0.159618;-0.159616;0.159618;-0.159619;0.222965;-0.146855;0.215568;-0.180669;0.19297;-0.186465;1.74492e-05;-0.0174019;5.04641e-05;-0.00120005;4.26757e-05;-0.00479018;0;1;0;1;0;1;
25;0.22249;-0.222492;0.22249;-0.222489;0.22249;-0.222491;0.203455;-0.0849175;0.199136;-0.130115;0.156324;-0.14842;9.75158e-06;-0.0101644;2.90036e-05;-0.000700093;2.43678e-05;-0.00279725;0;1;0;1;0;1;
26;0.261128;-0.261131;0.261127;-0.261127;0.261128;-0.261128;0.173152;-0.027594;0.170629;-0.0664411;0.145628;-0.104478;5.27533e-06;0.0179628;1.65415e-05;0.0104032;1.3733e-05;-0.00163301;0;1;0;1;0;1;
27;0.282492;-0.282497;0.282493;-0.282492;0.282493;-0.282493;0.131586;0.0227399;0.130108;0.00277713;0.115507;-0.0216032;0.0142646;0.0324025;9.33242e-06;0.0310879;7.57478e-06;0.0194839;1;1;0;1;0;1;
28;0.292154;-0.292158;0.292155;-0.292154;0.292154;-0.292155;0.0749296;0.0531349;0.0740665;0.0456909;0.0655392;0.0587255;0.00833403;0.0263899;0.0297403;0.0181587;0.0199239;0.0293211;1;1;1;1;1;1;
29;0.289835;-0.295592;0.290679;-0.295519;0.297595;-0.296648;-0.000518115;0.0753113;-0.00101731;0.0709642;-0.00599373;0.0785801;0.0114594;0.0154113;0.0368355;0.0106044;0.0255112;0.0171252;1;0;1;0;1;1;
30;0.282074;-0.285437;0.241025;-0.285394;0.287295;-0.286054;-0.0853731;0.129053;-0.0856484;0.126514;-0.0561982;0.130962;0.0066935;0.00899982;0.0491101;0.00619251;0.0718797;0.0100009;1;0;1;0;1;0.0234065;
31;0.262388;-0.264352;0.194011;-0.264327;0.26544;-0.264712;-0.156215;0.181725;-0.156361;0.180242;-0.13363;0.18284;0.00390999;0.00525542;0.0483528;0.003616;0.061638;0.00584004;1;0;1;0;1;0;
32;0.231233;-0.23238;0.162284;-0.232365;0.233016;-0.232591;-0.203289;0.218187;-0.203366;0.217322;-0.190088;0.218839;0.00228365;0.00306858;0.0282437;0.00211133;0.0360003;0.00341012;1;0;1;0;1;0;
33;0.189213;-0.189882;0.148945;-0.189874;0.190255;-0.190006;-0.231019;0.23972;-0.229983;0.239215;-0.207888;0.240101;0.0013332;0.00179147;0.0164957;0.00123256;0.021025;0.001991;1;0;1;0;1;0;
34;0.133735;-0.134126;0.110219;-0.134121;0.134341;-0.134198;-0.245635;0.250718;-0.244426;0.250422;-0.197494;0.25094;-0.00422176;0.00104572;0.00963067;0.000719175;0.0122783;0.00116218;1;0;1;0;1;0;
35;0.0590694;-0.0592972;0.0453367;-0.0592946;0.0594228;-0.0593394;-0.239699;0.249029;-0.231928;0.249381;-0.200428;0.249873;-0.00246632;0.000610159;-0.00403553;0.000419439;0.00716975;0.000678128;1;0;1;0;1;0;
36;-0.035985;0.035852;-0.0440042;0.0358534;-0.0357788;0.0358273;-0.221078;0.227942;-0.219394;0.236703;-0.183939;0.236683;-0.00144086;0.000355788;-0.00983204;0.000244405;0.00418595;0.000395477;1;0;1;0;1;0;
37;-0.132247;0.132169;-0.13693;0.13217;-0.132126;0.132154;-0.187223;0.204079;-0.191833;0.209523;-0.147084;0.198066;-0.000841408;0.00020724;-0.00574173;0.000142422;0.00244517;0.000230524;1;0;1;0;1;0;
38;-0.205044;0.204998;-0.207778;0.204998;-0.204973;0.204989;-0.141245;0.196965;-0.154242;0.200325;-0.087688;0.175387;-0.000812716;0.000120547;-0.00335178;8.25517e-05;0.0201715;0.000134068;1;0;1;0;1;0;
39;-0.25097;0.250942;-0.252565;0.250942;-0.250927;0.250936;-0.0812471;0.174978;-0.113113;0.17694;-0.04256;0.162377;0.00515384;6.99204e-05;-0.00195645;4.77458e-05;0.0224304;7.78439e-05;1;0;1;0;1;0;
40;-0.277094;0.277075;-0.278023;0.277075;-0.277067;0.277072;-0.016015;0.139911;-0.0465199;0.141059;0.0102604;0.132552;0.0300424;4.03805e-05;0.0154972;2.87001e-05;0.0373281;4.50288e-05;1;0;1;0.72524;1;0;
41;-0.289958;0.289947;-0.290499;0.289945;-0.289942;0.289945;0.0496094;0.0897616;0.0349121;0.0904369;0.0284418;0.0854663;0.0346289;0.00387791;0.0183085;0.0101982;0.021804;0.00796178;1;0.494835;1;1;1;0.763298;
42;-0.293165;0.289246;-0.293481;0.293157;-0.293156;0.293158;0.0611693;0.0204986;0.0523235;0.0208893;0.0485411;0.017989;0.0202242;0.0334804;0.0106939;0.00741974;0.0127336;0.0126569;1;1;1;1;0.13818;1;
43;-0.287145;0.284856;-0.287329;0.287139;-0.287139;0.287141;0.11102;-0.0633073;0.105854;-0.0630959;0.103645;-0.0647798;0.0118104;0.0451099;0.00624488;0.00693388;0.00743609;0.0154131;0;1;0;0.718734;0;1;
44;-0.270066;0.26873;-0.270174;0.270062;-0.270063;0.270064;0.16743;-0.139553;0.164413;-0.139441;0.163123;-0.140417;0.00689685;0.0267852;0.00364657;0.00405089;0.00434224;0.0105526;0;1;0;0.754275;0;1;
45;-0.241494;0.240713;-0.241556;0.241491;-0.241492;0.241493;0.209113;-0.192825;0.207351;-0.192767;0.206598;-0.193331;0.00402732;0.0156417;0.00212918;0.00236661;0.00253535;0.00616406;0;1;0;1;0;1;
46;-0.202303;0.201848;-0.20234;0.202302;-0.202302;0.202303;0.234603;-0.225085;0.233574;-0.225057;0.233134;-0.225381;0.00235147;0.00868537;0.00124297;0.00138154;0.00148009;0.00359974;0;1;0;1;0;1;
47;-0.150865;0.1506;-0.150886;0.150864;-0.150864;0.150865;0.248291;-0.232487;0.24769;-0.242715;0.247433;-0.233891;0.00137275;-0.0176316;0.000725405;0.000806308;0.000863799;-0.00165614;0;1;0;1;0;1;
48;-0.0819842;0.0818294;-0.0819968;0.0819841;-0.0819837;0.081985;0.251838;-0.226501;0.251604;-0.24754;0.252446;-0.233053;0.000801208;-0.0191608;0.000423154;0.000470112;0.000503856;-0.000968257;0;1;0;1;0;1;
49;0.00835542;-0.00844573;0.00834808;-0.00835515;0.00835601;-0.00835475;0.240939;-0.201056;0.240565;-0.236959;0.233523;-0.222551;0.000467387;-0.0189745;0.000246632;-0.000754272;0.000293655;-0.0015473;0;1;0;1;0;1;
50;0.107334;-0.107386;0.10733;-0.107334;0.107334;-0.107334;0.214218;-0.174802;0.212817;-0.21369;0.212281;-0.203779;0.000272434;-0.0122686;0.000143528;-0.0072543;0.000170945;-0.00482862;0;1;0;1;0;1;
51;0.187852;-0.187882;0.18785;-0.187852;0.187852;-0.187852;0.205672;-0.133736;0.198723;-0.164446;0.177063;-0.165602;0.000158635;-0.0165814;8.34285e-05;-0.0093486;9.92998e-05;-0.0028199;0;1;0;1;0;1;
52;0.240617;-0.240635;0.240615;-0.240617;0.240616;-0.240617;0.185353;-0.0680878;0.181295;-0.114591;0.168357;-0.130246;9.21947e-05;-0.0139149;4.82687e-05;-0.00545944;5.74748e-05;-0.00164656;0;1;0;1;0;1;
53;0.27144;-0.271452;0.271439;-0.271441;0.27144;-0.27144;0.152668;-0.0087648;0.150297;-0.0297267;0.142741;-0.0828855;5.35063e-05;0.0155635;2.7806e-05;0.0195581;3.3054e-05;-0.000961082;0;1;0;1;0;1;
54;0.287466;-0.287477;0.287466;-0.287469;0.287467;-0.287467;0.106358;0.0468946;0.104967;0.0268057;0.100555;0.0158719;0.0105631;0.027088;1.5908e-05;0.0257704;1.88848e-05;0.0214663;1;1;0;1;0;1;
55;0.293158;-0.293165;0.286993;-0.29316;0.293158;-0.293158;0.0421544;0.0713935;0.0413475;0.078478;0.0387685;0.089813;0.0101174;0.0158213;0.0334505;0.0150525;0.035142;0.0125398;1;0.880306;1;0.90782;1;1;
56;0.289813;-0.289817;0.269279;-0.289814;0.289813;-0.289813;-0.039523;0.105837;-0.039984;0.109974;-0.039209;0.116595;0.00602266;0.00923915;0.0292867;0.00879022;0.0466536;0.00732345;0.97655;0;1;0;1;0.481567;
57;0.275954;-0.275957;0.23495;-0.275956;0.275956;-0.275955;-0.120426;0.159154;-0.120681;0.16157;-0.111194;0.165436;0.00351851;0.00539527;0.0346354;0.00513297;0.0607018;0.0042764;1;0;1;0;1;0;
58;0.250436;-0.250437;0.197443;-0.250436;0.250438;-0.250436;-0.180413;0.203031;-0.180555;0.204442;-0.173826;0.2067;0.00205562;0.00315032;0.0202314;0.00299725;0.0354558;0.00249696;1;0;1;0;1;0;
59;0.214179;-0.21418;0.18323;-0.214179;0.214181;-0.214179;-0.217867;0.231077;-0.217944;0.231902;-0.187411;0.23322;0.0012007;0.00183928;0.011817;0.00174988;0.0207112;0.00145768;1;0;1;0;1;0;
60;0.166496;-0.166496;0.148421;-0.166496;0.166498;-0.166496;-0.238983;0.246699;-0.230936;0.24718;-0.202161;0.24795;0.000701077;0.00107361;0.0069012;0.00102139;0.0120975;0.000850729;1;0;1;0;1;0;
61;0.103062;-0.103062;0.0925069;-0.103062;0.103063;-0.103062;-0.248357;0.253657;-0.23097;0.253938;-0.207254;0.254388;0.000409018;0.000626422;0.00402912;0.000595961;0.00706378;0.00049629;1;0;1;0;1;0;
62;0.0184142;-0.0184142;0.0122506;-0.0184142;0.0184148;-0.0184142;-0.235255;0.239569;-0.22704;0.243081;-0.198448;0.243403;0.000237947;0.000365276;0.000989646;0.000347497;-0.00280484;0.000289283;1;0;1;0;1;0;
63;-0.0808902;0.0808905;-0.0844897;0.0808904;-0.0808904;0.0808904;-0.213777;0.217504;-0.217674;0.226241;-0.176854;0.225593;0.000138083;0.000212771;-0.0119831;0.000202431;-0.00805758;0.000168425;1;0;1;0;1;0;
64;-0.168493;0.168493;-0.170595;0.168493;-0.168494;0.168493;-0.17584;0.186446;-0.180241;0.218629;-0.127467;0.218251;8.0338e-05;0.000123711;-0.00699886;0.000117739;-0.00798711;9.78799e-05;1;0;1;0;1;0;
65;-0.228616;0.228615;-0.229843;0.228615;-0.228616;0.228615;-0.125189;0.146191;-0.14199;0.197948;-0.0818559;0.197727;4.69731e-05;7.17528e-05;-0.00408707;6.82573e-05;0.0080322;5.66581e-05;1;0;1;0;1;0;
66;-0.264693;0.264692;-0.265409;0.264691;-0.264693;0.264691;-0.0658405;0.136016;-0.0941195;0.166242;-0.0214146;0.166113;0.00264933;4.14648e-05;-0.00238584;3.94174e-05;0.0188995;3.26486e-05;1;0;1;0;1;0;
67;-0.28422;0.284217;-0.284635;0.284217;-0.28422;0.284217;0.00104342;0.104988;-0.0146209;0.122644;0.0215205;0.122565;0.0179251;2.37984e-05;0.0178382;0.00866559;0.0190507;1.86567e-05;1;0;1;0.700744;1;0;
68;-0.292491;0.295054;-0.292734;0.292489;-0.292491;0.292489;0.0589619;0.0526652;0.0665601;0.062975;0.0623786;0.0629289;0.0174964;0.0149121;0.023016;0.00655922;0.0111292;0.0195125;1;1;1;0.958044;1;1;
69;-0.291687;0.294384;-0.291829;0.293775;-0.292198;0.281071;0.0865322;-0.0212447;0.0909712;-0.0153193;0.0885278;-0.0153375;0.0102174;0.0318425;0.0134417;0.00393158;0.0064992;0.0435776;0;1;0.657472;0.864731;0;1;
70;-0.280942;0.282518;-0.281024;0.282161;-0.28124;0.261369;0.14092;-0.102774;0.143512;-0.0993312;0.142085;-0.0993268;0.00596655;0.0392893;0.00784949;0.00229702;0.00379512;0.0405617;0;1;0;0.802127;0;1;
71;-0.258577;0.2595;-0.258626;0.25929;-0.258752;0.247144;0.190402;-0.167952;0.191916;-0.166113;0.191082;-0.166099;0.00348405;0.02785;0.00458367;0.00134214;0.00221585;0.0260919;0;1;0;1;0;1;
72;-0.225212;0.225752;-0.22524;0.225628;-0.225314;0.218532;0.223517;-0.194888;0.224401;-0.209331;0.223915;-0.209316;0.00203424;0.0162684;0.00267639;0.000784315;0.00129352;0.0152422;0;1;0;0.931252;0;1;
73;-0.180948;0.181264;-0.180965;0.181191;-0.181008;0.177046;0.242654;-0.202363;0.24317;-0.234368;0.242886;-0.232355;0.00118748;0.00950197;0.00156247;0.000458071;0.000754877;0.00890217;0;1;0;1;0;1;
74;-0.12247;0.122654;-0.122479;0.122612;-0.122504;0.120191;0.252025;-0.208447;0.252327;-0.247096;0.252161;-0.230837;0.000692964;0.00554822;0.000911937;0.000267417;0.00044029;0.00519775;0;1;0;1;0;1;
75;-0.0438948;0.0440027;-0.0439005;0.0439775;-0.043915;0.0425651;0.248197;-0.202588;0.24795;-0.239643;0.247692;-0.226508;0.000404172;0.00306988;0.000532044;0.000155462;0.000256562;0.00303412;0;1;0;1;0;1;
76;0.05345;-0.0533872;0.0534467;-0.0534016;0.0534385;-0.0542262;0.233067;-0.179331;0.232923;-0.218416;0.224282;-0.213706;0.000235509;-0.0127704;0.000310181;9.0245e-05;0.000149267;0.00177115;0;1;0;1;0;1;
77;0.146925;-0.146889;0.146923;-0.146897;0.146918;-0.147378;0.226033;-0.14506;0.225676;-0.190277;0.196665;-0.192533;0.000137067;-0.00902145;0.000180677;-0.00254611;8.66231e-05;-0.00496193;0;1;0;1;0;1;
78;0.214778;-0.214758;0.214777;-0.214763;0.214775;-0.215043;0.207062;-0.0904306;0.206853;-0.136644;0.156751;-0.152687;7.95526e-05;-0.0061446;0.000105025;-0.00148672;5.0043e-05;-0.00289783;0;1;0;1;0;1;
79;0.256704;-0.256694;0.256704;-0.256697;0.256702;-0.256859;0.177381;-0.0457219;0.177259;-0.0880132;0.147999;-0.1109;4.59926e-05;-0.0281782;6.08813e-05;-0.00590414;2.8812e-05;-0.0016919;0;1;0;1;0;1;
80;0.280132;-0.280128;0.280131;-0.280129;0.28013;-0.280222;0.136804;0.0105735;0.136732;-0.0214716;0.119644;-0.0902144;0.00319036;-0.0147366;3.51581e-05;-0.00344642;1.64061e-05;-0.000987682;0.562286;1;0;1;0;1;
81;0.291149;-0.291149;0.29115;-0.291149;0.291149;-0.291204;0.0817558;0.0455796;0.0817039;0.030338;0.0717275;-0.0545318;0.0194797;0.0128442;2.01721e-05;0.00984311;0.000585442;-0.000574814;1;1;0;1;0.854514;1;
82;0.298186;-0.292813;0.291742;-0.292813;0.299822;-0.292845;0.00804413;0.0663268;0.00801319;0.0574249;0.00219026;0.00786727;0.0147114;0.00750122;0.015881;0.00574812;0.0115853;-0.000333889;1;0.0123121;1;0;1;1;
83;0.288159;-0.285021;0.277572;-0.285021;0.272717;-0.285039;-0.0769544;0.120389;-0.0769621;0.11519;-0.0684093;0.0862499;0.00881665;0.00438032;0.0252191;0.00335641;0.0571782;-0.000194928;0.996166;0;1;0;1;0.0590597;
84;0.267721;-0.265889;0.261536;-0.265889;0.258705;-0.2659;-0.150066;0.175433;-0.150057;0.172397;-0.140251;0.155495;0.00515001;0.0025577;0.0314149;0.00195968;0.0510795;-0.000114251;1;0;1;0;1;0;
85;0.23651;-0.23544;0.232895;-0.23544;0.231246;-0.235447;-0.19948;0.214295;-0.199466;0.212522;-0.180621;0.202652;0.00300823;0.00149321;0.0183521;0.00114401;0.0300295;-6.71515e-05;1;0;1;0;1;0;
86;0.194968;-0.194344;0.192856;-0.194343;0.191895;-0.194347;-0.228877;0.23753;-0.228416;0.236495;-0.198358;0.230731;0.00175687;0.0008715;0.0107195;0.000667611;0.0175403;-3.97093e-05;1;0;1;0;1;0;
87;0.140691;-0.140326;0.139457;-0.140326;0.138897;-0.140328;-0.244602;0.249657;-0.232074;0.249052;-0.207938;0.245686;0.00102578;0.000508404;0.00625938;0.000389372;0.0102435;-2.37125e-05;1;0;1;0;1;0;
88;0.0679981;-0.0677848;0.0672782;-0.067785;0.0669503;-0.0677863;-0.243628;0.250747;-0.228423;0.250766;-0.206554;0.250865;0.000598248;0.000296341;0.003654;0.000226868;0.00597987;-1.43633e-05;1;0;1;0;1;0;
89;-0.0255816;0.0257064;-0.0260015;0.0257061;-0.0261938;0.0257053;-0.226041;0.230526;-0.221306;0.238249;-0.190941;0.238097;0.000348401;0.000172507;-0.00221603;0.000131961;-0.00565355;-8.9285e-06;1;0;1;0;1;0;
90;-0.123179;0.123252;-0.123424;0.123251;-0.123536;0.123251;-0.201799;0.205595;-0.199408;0.20988;-0.160967;0.201247;-0.0017121;-0.00052698;-0.00129442;7.67716e-05;-0.0106064;-5.61882e-06;1;0;1;0;1;0;
91;-0.1989;0.198943;-0.199043;0.198942;-0.199109;0.198942;-0.158329;0.166537;-0.162721;0.201811;-0.109774;0.179316;-0.00100095;-0.000308296;-0.000756025;4.42486e-05;-0.0127364;-3.80461e-06;1;0;1;0;1;0;
92;-0.247303;0.247327;-0.247386;0.247326;-0.247425;0.247326;-0.0988977;0.123701;-0.120221;0.179791;-0.056366;0.166654;-0.0005848;-0.000180539;-0.000440932;2.54034e-05;-0.00643385;-2.63839e-06;1;0;1;0;1;0;
93;-0.275113;0.275124;-0.275158;0.275124;-0.275182;0.275123;-0.0452828;0.112495;-0.0706234;0.145252;0.00173884;0.13758;0.00263516;-0.00010585;-0.000256342;1.44133e-05;0.0155011;-1.93543e-06;1;0;1;0;1;0;
94;-0.290481;0.289121;-0.289141;0.28912;-0.289157;0.289121;0.0438147;0.0772155;0.0134963;0.0963492;0.043437;0.0918645;0.0227462;-6.15358e-05;0.0149196;0.0124989;-0.0238962;0.00575711;1;0.589028;1;0.786131;1;0.550461;
95;-0.294033;0.293124;-0.29325;0.293238;-0.293259;0.293239;0.0759496;0.0176465;0.0353427;0.0288166;0.0596903;0.0261997;0.0132845;0.0232535;0.00871507;0.0140023;-0.0139548;0.0113986;1;1;1;1;0.38427;1;
96;-0.288687;0.290746;-0.28823;0.288223;-0.288236;0.269102;0.115677;-0.0574158;0.0919625;-0.0544923;0.106181;-0.0560061;0.00775763;0.0496321;0.00508934;0.0158221;-0.00814999;0.0479707;0;1;0;0.531434;0;1;
97;-0.272611;0.273816;-0.272344;0.272339;-0.272348;0.222659;0.168402;-0.131992;0.154553;-0.132669;0.162856;-0.133539;0.00452999;0.0495379;0.00297174;0.00924155;-0.00475997;0.0346027;0;1;0;0.681538;0;1;
98;-0.24504;0.245745;-0.244884;0.244881;-0.244886;0.180201;0.209291;-0.184865;0.201203;-0.188422;0.206053;-0.188921;0.00264506;0.0291129;0.00173505;0.00539808;-0.00278027;0.0202137;0;1;0;1;0;1;
