1;-0.000363588;0.000116064;9.94838e-05;-0.000363588;0.000116064;9.94836e-05;0.0349769;0.0347456;0.0352595;0.0349769;0.0347455;0.0352594;0.808667;0.808665;0.808666;0.808667;0.808665;0.808666;0;0;0;0;0;0;
2;0.0148247;0.0246941;0.0244761;-0.0258211;-0.011012;0.0422534;0.234213;0.240002;0.284153;0.160248;0.171132;0.163248;0.472457;0.472473;0.472524;0.472455;0.472461;0.472407;1;1;1;0.861913;1;1;
3;0.0117165;0.0153088;0.0189891;-0.0155043;-0.00600506;0.0275732;0.136868;0.14008;0.166039;0.0935049;0.10103;0.0952539;0.275935;0.275945;0.275984;0.275932;0.275944;0.275901;0.600187;0.459148;0.681597;0.368443;0.783437;0;
4;0.00747725;0.00830584;0.0117251;-0.00968953;-0.00287145;0.0154678;0.079905;0.0818356;0.0969496;0.0546386;0.0772449;0.0556531;0.161149;0.161156;0.161184;0.161149;0.161162;0.161127;0.529795;0.485764;1;0.480966;0.869157;0;
5;0.00524278;0.00397432;0.00772432;-0.00653467;-0.000800148;0.00815695;0.0464115;0.0480463;0.0706044;0.0378209;0.0653662;0.032755;0.0941119;0.0941146;0.0941388;0.0941151;0.0941255;0.0940969;0.681761;0.436673;1;0.614179;1;0;
6;0.00416899;0.00121346;0.00596275;-0.00492333;0.00894795;0.00365583;0.0264495;0.0287162;0.0636859;0.0344029;0.0620526;0.0197868;0.054962;0.0549626;0.054983;0.0549663;0.0549758;0.0549526;0.752619;0.382362;1;0.490759;0.928303;0.505613;
7;0.000847623;-0.000534617;0.00569325;-0.000157822;0.00646952;0.000891441;0.0141479;0.0182117;0.0548715;0.0364302;0.0613223;0.0128559;0.032098;0.0320989;0.032115;0.0321033;0.0321122;0.0320922;0.628302;0.448335;1;0.472879;0.893649;0.490364;
8;0.00162843;-0.00144572;0.00536861;-0.000650071;0.00545961;-0.000613138;0.0060166;0.023286;0.0559497;0.0396754;0.0582552;0.00473845;0.0187453;0.018747;0.0187599;0.0187515;0.0236369;0.0187416;0.590764;0.496636;1;0.597793;1;0.459912;
9;-7.03352e-05;-0.000629508;0.00367398;0.00037379;0.00372728;-0.000896523;0.000445915;0.0266406;0.0514483;0.0443662;0.0574964;0.000895012;0.0109473;0.0109496;0.0109603;0.0109541;0.024712;0.0109446;0.734699;0.505154;1;0.518618;1;0.163353;
10;-0.000936299;0.000527727;0.00125068;0.00111373;0.00128192;0.000371624;-0.00197959;0.0271496;0.0477364;0.0453464;0.0592855;0.00320531;0.00639416;0.00639582;0.0140832;0.0064006;0.0255278;0.00639125;0.565491;0.491453;1;0.511716;0.969592;0;
11;-0.00419277;0.00395429;-0.00291536;0.0042966;-0.00289702;0.00386301;-0.000664421;0.0269605;0.0410828;0.0479051;0.0545117;0.0079619;0.00373531;0.0037361;0.0165452;0.00652832;0.0211232;0.00373213;0.623402;0.442613;1;0.499619;1;0;
12;-0.0107483;0.0106091;-0.010002;0.0108091;-0.00999122;0.0105557;-0.00526208;0.0274022;0.041588;0.0496523;0.0558846;0.0103038;0.00218264;0.00218267;0.0129189;0.00381557;0.0258026;0.00217921;0.549617;0.419965;1;0.485282;1;0;
13;-0.0217349;0.0216538;-0.0212989;0.0217707;-0.0212925;0.0216225;-0.00199974;0.0275479;0.0373152;0.0497522;0.0538554;0.013018;0.00127595;0.00127539;0.0117935;0.00424398;0.0228872;0.00127229;0.808944;0.414384;1;0.480592;0.927088;0;
14;-0.0381896;0.0381423;-0.0379348;0.0382106;-0.0379308;0.038124;-0.00212989;0.0272318;0.0440926;0.049472;0.0584372;0.00761696;0.000746269;0.000745774;0.0114965;0.00550293;0.0249216;0.000742685;0.866019;0.449449;1;0.567026;0.681941;0;
15;-0.0603841;0.0603566;-0.0602351;0.0603965;-0.0602326;0.0603457;0.00496999;0.0250577;0.0521029;0.0418332;0.0601253;-0.00598948;0.000436439;0.000437425;0.00944805;0.00821888;0.0191774;0.00043354;0.712149;0.576056;1;0.76747;0.819412;0.558581;
16;-0.0867807;0.0867649;-0.0866934;0.0867882;-0.0866917;0.0867576;0.014337;0.016653;0.0693577;0.0213049;0.0605531;-0.0149316;0.000254856;0.00731162;0.00702623;0.0105279;0.0112031;0.000254264;0.189172;0.958741;1;0.811606;0.599886;0.867179;
17;-0.113146;0.113137;-0.113095;0.113151;-0.113093;0.11313;0.0412498;-0.0153019;0.0931462;-0.0204285;0.0682401;-0.0378717;0.000148627;0.0146948;0.00410454;0.0107469;0.00654239;0.00784285;0;1;0.927662;0.709169;0;1;
18;-0.132816;0.132813;-0.132787;0.132819;-0.132786;0.132809;0.0856548;-0.0704883;0.115962;-0.0734925;0.101417;-0.0833199;8.65092e-05;0.0108195;0.00239678;0.00627848;0.00382027;0.0164666;0;1;0;0.396156;0;1;
19;-0.138321;0.138321;-0.138304;0.138323;-0.138304;0.17526;0.137805;-0.128937;0.155505;-0.130701;0.14701;-0.136431;5.01579e-05;0.00632048;0.00139944;0.00366821;0.00223056;0.0136812;0;1;0;0.418367;0;1;
20;-0.123572;0.123573;-0.123562;0.123573;-0.123562;0.145145;0.182602;-0.177414;0.192938;-0.178451;0.187978;-0.181792;2.89336e-05;0.00369087;0.000816905;0.00214356;0.00130213;0.00799276;0;1;0;0.481247;0;1;
21;-0.0843885;0.0843906;-0.0843826;0.084389;-0.0843829;0.0969864;0.212961;-0.205278;0.218997;-0.210535;0.2161;-0.212482;1.65278e-05;0.00215338;0.000476646;0.0012528;0.000759877;0.00466919;0;1;0;0.499846;0;1;
22;-0.0173065;0.0173093;-0.0173031;0.0173069;-0.0173035;0.0246639;0.229387;-0.196419;0.232913;-0.227968;0.231221;-0.209009;9.23436e-06;-0.00275681;0.000277921;0.000732366;0.000443182;0.00272792;0;1;0;0.519459;0;1;
23;0.0725446;-0.0725412;0.0725466;-0.0725444;0.0725457;-0.0682466;0.229001;-0.181902;0.228568;-0.209631;0.227814;-0.205585;4.90253e-06;-0.0053865;0.00016185;0.000428568;0.000258238;0.00159376;0;1;0;0.569524;0;1;
24;0.159618;-0.159615;0.15962;-0.159618;0.159618;-0.157107;0.188156;-0.143224;0.189582;-0.170447;0.195312;-0.168466;2.47194e-06;-0.00526573;9.41556e-05;0.00215238;0.000150166;0.00199803;0;1;0;0.64325;0;1;
25;0.22249;-0.222487;0.222491;-0.222489;0.22249;-0.221024;0.149992;-0.0955803;0.153428;-0.123243;0.187306;-0.14141;1.16356e-06;-0.00307542;5.46611e-05;0.00702201;8.71309e-05;0.00303529;0;1;0;0.717951;0;0.839853;
26;0.261127;-0.261125;0.261127;-0.261126;0.261128;-0.260272;0.14193;-0.0182539;0.143936;-0.0651023;0.163721;-0.0953263;2.895e-07;0.0284886;3.14341e-05;0.016748;5.03234e-05;0.00975562;0;1;0;0.766291;0;0.971035;
27;0.282492;-0.282491;0.282492;-0.282491;0.282492;-0.281992;0.113348;0.0549401;0.114521;0.0160871;0.126074;-0.0353351;-1.8163e-07;0.041328;0.00293332;0.0278537;2.88843e-05;0.0140994;0;1;1;1;0;0.842461;
28;0.292154;-0.292154;0.292154;-0.292153;0.292154;-0.291862;0.0642746;0.0530074;0.0649634;0.072466;0.0717118;-0.0111272;0.0134851;0.02414;0.0104273;0.0380021;0.0318444;0.00823549;0.373475;0.954025;1;0.798344;0.784823;0.579097;
29;0.29273;-0.29273;0.30043;-0.292777;0.291536;-0.292725;-0.00674367;0.0752369;-0.00632984;0.0866004;-0.00238345;0.0377821;0.00787659;0.0140974;0.0189058;0.0221926;0.0390005;0.00480909;0.796444;0;1;0;1;0;
30;0.283765;-0.283765;0.288262;-0.283793;0.283068;-0.283762;-0.0890082;0.12901;-0.0887587;0.135646;-0.0864484;0.107136;0.00460097;0.0082325;0.0110442;0.0129599;0.0292001;0.00280811;0.643748;0;1;0;1;0;
31;0.263376;-0.263375;0.266002;-0.263392;0.262968;-0.263374;-0.158338;0.181699;-0.158186;0.185575;-0.156831;0.168925;0.00268728;0.00480739;0.00645038;0.00756806;0.0170585;0.00163946;0.687559;0;1;0;1;0;
32;0.23181;-0.23181;0.233345;-0.23182;0.231572;-0.231809;-0.204529;0.218173;-0.204436;0.220436;-0.202154;0.210713;0.00156894;0.00280709;0.00376576;0.00441916;0.00996565;0.000956907;0.735381;0;1;0;1;0;
33;0.18955;-0.189549;0.190446;-0.189555;0.18941;-0.189549;-0.231743;0.239712;-0.231686;0.241034;-0.192667;0.235355;0.000915208;0.00163889;0.00219695;0.00258017;0.00582255;0.000558256;0.782456;0;1;0;1;0;
34;0.133932;-0.133931;0.134455;-0.133935;0.13385;-0.133931;-0.246058;0.250713;-0.240164;0.251484;-0.195457;0.248168;0.000533062;0.000956648;-0.00230992;0.00150618;0.00340308;0.000325399;0.827225;0;1;0;1;0;
35;0.059184;-0.0591838;0.0594898;-0.0591858;0.0591361;-0.0591837;-0.24177;0.250703;-0.232607;0.248374;-0.180057;0.248543;0.000309594;0.000558214;-0.00619384;0.000878974;0.00619424;0.000189414;0.880735;0;1;0;1;0;
36;-0.0359182;0.0359182;-0.0357396;0.0359172;-0.0359459;0.0359184;-0.223152;0.227033;-0.219718;0.235166;-0.161771;0.235415;-0.00550267;0.000325529;-0.00532912;0.00051268;0.0104011;0.000109976;0.958167;0;1;0;1;0;
37;-0.132208;0.132207;-0.132103;0.132207;-0.132223;0.132208;-0.191271;0.201825;-0.196262;0.198599;-0.133486;0.197538;-0.00321479;0.00018964;-0.00658561;0.000298875;0.0160358;6.3688e-05;1;0;1;0;1;0;
38;-0.205021;0.20502;-0.20496;0.20502;-0.205029;0.205021;-0.145322;0.164959;-0.16009;0.164712;-0.0684256;0.174796;-0.0018777;0.000110326;-0.00384642;0.000173927;0.0308793;3.65919e-05;1;0;1;0;1;0;
39;-0.250955;0.250954;-0.250919;0.250954;-0.25096;0.250955;-0.091488;0.155156;-0.116861;0.156142;-0.024162;0.162031;-0.00283719;6.40361e-05;-0.00224601;0.000101067;0.0516226;2.08494e-05;1;0;1;0;1;0;
40;-0.277084;0.277083;-0.277062;0.277083;-0.277086;0.277083;-0.0121221;0.128335;-0.0586551;0.128912;0.0477939;0.132351;0.0166605;3.70106e-05;-0.00131105;0.00823196;0.0492268;1.17311e-05;1;0;1;0.330364;1;0;
41;-0.289952;0.289951;-0.289939;0.289951;-0.289953;0.289951;0.0423175;0.0829996;0.0466282;0.0833421;0.0630001;0.0853462;0.0268405;2.1323e-05;0.0159699;0.0127754;0.0347847;0.0146961;1;0.0597369;1;0.535897;0.970117;0.802352;
42;-0.293162;0.293161;-0.293154;0.29316;-0.293162;0.29316;0.0568434;0.016551;0.0591647;0.0167457;0.0670438;0.0179209;0.0156751;0.0157371;0.00932774;0.00780216;0.0203139;0.0249999;0.026841;1;0.709035;0.680353;0;1;
43;-0.287143;0.287143;-0.287138;0.287142;-0.287143;0.287141;0.108493;-0.0656171;0.109849;-0.0655168;0.11445;-0.0648184;0.00915388;0.0201978;0.00544706;0.00573311;0.0118628;0.0242693;0;1;0;0.501668;0;1;
44;-0.270064;0.270066;-0.270062;0.270064;-0.270065;0.270063;0.165955;-0.140905;0.166746;-0.140855;0.169433;-0.140439;0.00534552;0.0117969;0.00318075;0.00334952;0.00692731;0.0141782;0;1;0;0.558169;0;1;
45;-0.241493;0.241494;-0.241491;0.241492;-0.241493;0.241492;0.208252;-0.193614;0.208714;-0.193593;0.210283;-0.193343;0.0031214;0.00688795;0.00185718;0.00195729;0.00404496;0.00828311;0;1;0;0.549281;0;1;
46;-0.202303;0.202304;-0.202302;0.202302;-0.202303;0.202302;0.2341;-0.205984;0.23437;-0.225538;0.235286;-0.225387;0.00182249;-0.0507025;0.00108418;0.00114415;0.00236164;0.00483925;0;1;0;0.714439;0;1;
47;-0.150865;0.150866;-0.150864;0.150864;-0.150865;0.150864;0.247997;-0.226848;0.248155;-0.242995;0.24869;-0.220954;0.00106387;-0.0296143;0.000632692;0.000668938;0.00137856;0.00282778;0;1;0;0.784985;0;1;
48;-0.0819839;0.0819853;-0.0819837;0.0819837;-0.081984;0.0819836;0.252398;-0.217035;0.252451;-0.239915;0.251701;-0.220369;0.000620863;-0.0172997;0.000369059;0.00039119;0.000804436;0.00165303;0;1;0;0.604743;0;1;
49;0.00835573;-0.00835465;0.00835587;-0.00835587;0.00835585;-0.00835586;0.241103;-0.198727;0.240447;-0.224692;0.234155;-0.210573;0.000362131;-0.0101069;0.000215079;0.000229374;0.00046912;0.000967092;0;1;0;0.724503;0;1;
50;0.107334;-0.107334;0.107334;-0.107334;0.107335;-0.107334;0.212608;-0.169239;0.211283;-0.191904;0.212489;-0.194144;0.00021106;-0.00839141;0.000125182;0.000808322;0.000273318;0.000566434;0;1;0;0.717791;0;0.843879;
51;0.187852;-0.187852;0.187852;-0.187852;0.187852;-0.187852;0.181813;-0.141078;0.174137;-0.147526;0.174342;-0.163656;0.000123059;-0.0618701;7.27194e-05;0.0138644;0.000158992;0.0133591;0;1;0;0.81712;0;1;
52;0.240616;-0.240618;0.240616;-0.240616;0.240617;-0.240616;0.171419;-0.0695727;0.157712;-0.091669;0.134333;-0.121998;7.13827e-05;-0.0361332;4.21773e-05;0.0158247;9.22876e-05;0.00780382;0;1;0;1;0;0.939309;
53;0.271439;-0.271442;0.271439;-0.271439;0.27144;-0.271439;0.14453;0.00413413;0.136525;-0.0266095;0.122872;-0.0716114;4.13707e-05;-0.0210992;2.42784e-05;0.0319618;5.3372e-05;0.00823238;0;1;0;1;0;0.744242;
54;0.287466;-0.287469;0.287466;-0.287466;0.287467;-0.287466;0.101603;0.0496685;0.0969246;0.0454646;0.0889506;0.0247584;0.00428719;0.0242425;1.39154e-05;0.0441459;3.06391e-05;0.0375061;0.529183;0.977238;0;0.65067;0;1;
55;0.293158;-0.29316;0.293158;-0.293158;0.293158;-0.293158;0.0393767;0.0674978;0.0366504;0.076716;0.0421843;0.0843426;0.00541149;0.0141585;0.0235193;0.0257819;0.0421366;0.0219062;0.714993;0.209162;1;0.0883514;1;0.516013;
56;0.289813;-0.289814;0.289814;-0.289813;0.289812;-0.289813;-0.0411461;0.103562;-0.0427283;0.108945;-0.0394905;0.113399;0.00316153;0.00826816;0.0137402;0.015056;0.0399263;0.0127926;0.600602;0;1;0;1;0;
57;0.275955;-0.275955;0.275956;-0.275955;0.275954;-0.275955;-0.121373;0.157825;-0.122291;0.160969;-0.120394;0.16357;0.00184703;0.00482823;0.00802621;0.00879216;0.0233243;0.00747033;0.663834;0;1;0;1;0;
58;0.250436;-0.250436;0.250437;-0.250436;0.250435;-0.250436;-0.180967;0.202256;-0.181498;0.204091;-0.180384;0.20561;0.00107861;0.00281929;0.00468694;0.00513406;0.013626;0.00436211;0.710806;0;1;0;1;0;
59;0.214179;-0.214179;0.21418;-0.214179;0.214178;-0.214179;-0.218191;0.230624;-0.218498;0.231697;-0.203527;0.232584;0.000629138;0.00164602;0.00273536;0.00299771;0.00796039;0.0025469;0.754208;0;1;0;1;0;
60;0.166496;-0.166496;0.166497;-0.166496;0.166495;-0.166496;-0.239173;0.246434;-0.239349;0.24706;-0.192985;0.247578;0.000366169;0.00096083;0.000647688;0.00175001;0.00465171;0.00148673;0.579301;0;1;0;1;0;
61;0.103062;-0.103062;0.103063;-0.103062;0.103061;-0.103062;-0.249261;0.253503;-0.237433;0.253868;-0.188936;0.254171;0.000212238;0.000560651;-0.00616874;0.00102138;0.00271923;0.000867637;0.848406;0;1;0;1;0;
62;0.0184141;-0.018414;0.0184145;-0.0184141;0.0184137;-0.0184141;-0.23546;0.237427;-0.227248;0.243283;-0.17254;0.243605;-0.00419679;0.000326952;-0.00518061;0.000595843;0.00773623;0.000506054;0.921313;0;1;0;1;0;
63;-0.0808905;0.0808905;-0.0808903;0.0808905;-0.08089;0.0808905;-0.212621;0.217261;-0.211065;0.225179;-0.142662;0.225368;-0.00313444;0.0001905;-0.00661018;0.000347397;0.0284719;0.00029494;0.981589;0;1;0;1;0;
64;-0.168493;0.168493;-0.168493;0.168493;-0.168492;0.168493;-0.171738;0.186572;-0.178758;0.210601;-0.104295;0.20896;-0.00236744;0.000110829;-0.00386105;0.000202332;0.030961;0.000171686;1;0;1;0;1;0;
65;-0.228615;0.228615;-0.228615;0.228615;-0.228614;0.228615;-0.120571;0.14951;-0.141927;0.19326;-0.0506052;0.192301;-0.00163553;6.42922e-05;-0.00225484;0.000117575;0.0368043;9.96599e-05;1;0;1;0;1;0;
66;-0.264692;0.264691;-0.264691;0.264691;-0.264691;0.264691;-0.0638461;0.137954;-0.0958459;0.163504;0.0162525;0.162944;0.0066766;3.71642e-05;-0.00131627;6.81633e-05;0.0547033;5.77175e-05;0.972529;0;0.897069;0;0.914236;0;
67;-0.284218;0.284216;-0.284217;0.284217;-0.284217;0.284216;0.0371863;0.10612;-0.0812052;0.121041;0.083956;0.120714;0.0257128;2.1362e-05;-0.00076793;3.93466e-05;0.0577129;3.326e-05;1;0;0.703071;0;1;0;
68;-0.29249;0.292489;-0.292489;0.292489;-0.29249;0.292488;0.0745306;0.0533262;-0.0387679;0.0620359;0.0809214;0.0618476;0.0306956;0.00720222;-0.000212855;0.0246529;0.0337122;0.0113213;0.635503;1;0.519856;0.196484;0.780525;0.835119;
69;-0.28763;0.286388;-0.287094;0.291859;-0.291808;0.278072;0.0956242;-0.0209416;0.0294583;-0.0158692;0.0993567;-0.0159672;0.0179257;0.0174227;-0.000124522;0.0143983;0.0196875;0.02886;0;0.895121;0;0.71951;0;1;
70;-0.278572;0.277846;-0.278259;0.281042;-0.281012;0.272989;0.14623;-0.102603;0.107589;-0.0996521;0.148409;-0.0996999;0.0104681;0.0130439;-7.30148e-05;0.00840917;0.0114969;0.0168596;0;1;0;0.429797;0;1;
71;-0.257193;0.256769;-0.257011;0.258636;-0.258619;0.253932;0.193503;-0.168016;0.170937;-0.166301;0.194776;-0.166322;0.00611289;0.00761793;-4.29952e-05;0.00491092;0.00671367;0.00984882;0;1;0;0.459838;0;1;
72;-0.224403;0.224155;-0.224296;0.225246;-0.225236;0.222498;0.225328;-0.210436;0.21215;-0.209442;0.226071;-0.209449;0.00356941;0.00444696;-2.55288e-05;0.00286733;0.00392022;0.0057529;0;1;0;0.490057;0;1;
73;-0.180476;0.18033;-0.180413;0.180968;-0.180963;0.179362;0.243711;-0.223496;0.236015;-0.234433;0.244146;-0.234433;0.002084;-0.0103878;-1.53623e-05;0.00167339;0.00228882;0.00335994;0;1;0;0.520633;0;1;
74;-0.122194;0.122109;-0.122157;0.122481;-0.122479;0.121543;0.252643;-0.214116;0.248149;-0.247224;0.252897;-0.231424;0.0012165;-0.00606978;-9.47564e-06;0.000975811;0.00133609;0.00196219;0;1;0;0.646165;0;1;
75;-0.0437329;0.0436839;-0.0437118;0.0439002;-0.0439016;0.0433522;0.245887;-0.199654;0.246208;-0.226386;0.247202;-0.22693;0.000709916;-0.0035471;-6.04896e-06;0.000570166;0.000779673;0.00114603;0;1;0;0.621106;0;1;
76;0.0535455;-0.0535733;0.0535579;-0.0534485;0.0534447;-0.0537684;0.23257;-0.173374;0.23285;-0.20326;0.22221;-0.214498;0.000414133;-0.00207255;-4.03172e-06;0.000333955;0.000454738;0.000669778;0;1;0;0.800183;0;1;
77;0.146982;-0.146998;0.146989;-0.146926;0.146921;-0.147112;0.214459;-0.139482;0.216914;-0.162147;0.195948;-0.190302;0.000241506;-0.00120975;-2.77263e-06;0.0020595;0.000265047;0.000392054;0;1;0;0.687322;0;0.950316;
78;0.214812;-0.214823;0.214816;-0.21478;0.214776;-0.214889;0.200363;-0.111946;0.201736;-0.13287;0.154875;-0.136954;0.00237353;0.00505459;-2.14477e-06;0.0145647;0.000154212;0.0041441;0.591289;1;0;0.682436;0;1;
79;0.256724;-0.256732;0.256726;-0.256706;0.256703;-0.256769;0.173475;-0.0704386;0.17427;-0.0899769;0.146904;-0.0696314;0.011811;0.00764774;-1.7171e-06;0.00850863;8.95771e-05;0.0205702;0.832907;1;0;0.60801;0;1;
80;0.280145;-0.280151;0.280144;-0.280133;0.280131;-0.280171;0.135992;-0.0197821;0.134986;-0.0408468;0.119004;0.0061936;0.019132;0.0191714;-1.39899e-06;0.010037;5.18358e-05;0.0334091;1;0.850275;0;0.566851;0;1;
81;0.291158;-0.295491;0.291158;-0.291151;0.29115;-0.291174;0.0812835;0.0481588;0.0806844;-0.0241486;0.0713512;0.112726;0.0201466;0.0111983;-1.11724e-06;0.00586359;2.98913e-05;0.0512682;1;0.714337;0;0.65564;0;1;
82;0.292818;-0.307581;0.292818;-0.292814;0.305534;-0.30141;0.00777215;0.0703005;0.00741217;0.0256076;0.00196199;0.198108;0.0273255;0.00654091;0.0116439;0.00342521;1.81457e-05;0.0541765;1;0.429237;0.825072;0.0377384;0.568799;1;
83;0.285024;-0.293645;0.285024;-0.285022;0.29245;-0.290042;-0.0771116;0.12271;-0.077318;0.0966092;-0.0804978;0.216101;0.0159607;0.00381947;0.00811568;0.002;0.018155;0.0316413;0.77261;0;1;0;0.831256;0.612538;
84;0.265891;-0.270926;0.265891;-0.26589;0.270228;-0.268821;-0.150158;0.176788;-0.150271;0.161545;-0.152125;0.231328;0.00932207;0.00223012;0.00546405;0.0011676;0.010606;0.0184778;0.634279;0;1;0;0.914975;0;
85;0.235441;-0.238382;0.235441;-0.23544;0.237974;-0.237153;-0.199534;0.215087;-0.199595;0.206185;-0.200674;0.246938;0.00544457;0.0013019;0.00319187;0.000681435;0.00619482;0.0107904;0.898609;0;1;0;0.932369;0;
86;0.194344;-0.196061;0.194344;-0.194344;0.195823;-0.195343;-0.228909;0.237992;-0.22894;0.232794;-0.209582;0.256593;0.00317964;0.000759769;0.0018639;0.000397486;0.00361729;0.00630099;1;0;1;0;1;0;
87;0.140326;-0.141329;0.140326;-0.140326;0.14119;-0.14091;-0.244621;0.249927;-0.229357;0.246891;-0.204139;0.256806;0.00185666;0.000443161;0.00108815;0.000231597;0.00211199;0.00367916;0.973265;0;1;0;1;0;
88;0.067785;-0.0683707;0.0677851;-0.0677849;0.0682898;-0.0681259;-0.239415;0.249513;-0.22457;0.249647;-0.194676;0.250443;0.00108391;0.00025825;0.000635243;0.000134731;0.00123311;0.00214805;1;0;1;0;1;0;
89;-0.0257062;0.0253642;-0.0257062;0.0257063;-0.0254113;0.0255071;-0.221487;0.230857;-0.213659;0.237617;-0.175286;0.23737;0.000632867;0.000150254;0.000370949;7.81289e-05;0.000720556;0.00125391;1;0;1;0;1;0;
90;-0.123251;0.123052;-0.123251;0.123251;-0.123079;0.123135;-0.195327;0.203961;-0.196871;0.211009;-0.157641;0.204642;0.000369827;8.7174e-05;0.000216958;4.53513e-05;-0.00128662;0.000731799;1;0;1;0;1;0;
91;-0.198942;0.198826;-0.198942;0.198942;-0.198842;0.198874;-0.150649;0.169435;-0.158929;0.202845;-0.113317;0.170886;0.000216975;-0.00199474;0.00012734;2.59544e-05;-0.00633605;0.000426959;1;0;0.726495;0;1;0;
92;-0.247327;0.247259;-0.247326;0.247326;-0.247267;0.247287;-0.094437;0.16051;-0.114792;0.180395;-0.0386326;0.161731;0.00500039;-0.00116541;0.00404235;1.47335e-05;0.0266903;0.000248856;1;0;1;0;1;0;
93;-0.275124;0.275084;-0.275123;0.275123;-0.27509;0.2751;-0.0115579;0.133991;-0.0525456;0.145606;0.0270543;0.134705;0.0273372;-0.000681016;0.0043238;0.00644819;0.0565525;0.000145076;1;0;0.89446;0.697014;1;0.462363;
94;-0.289121;0.289098;-0.289121;0.289119;-0.289101;0.289108;0.0303263;0.0897694;0.0185377;0.096556;0.0267279;0.0901878;0.0243155;0.00288872;0.0226888;0.00413223;0.0330316;0.00612533;0.974226;0.317601;1;0.500408;0.964133;0.637525;
95;-0.293239;0.325329;-0.293239;0.29055;-0.293227;0.320542;0.0451668;0.0249779;0.038288;0.0289376;0.0430649;0.0252201;0.0142001;0.0118838;0.0132528;0.00465621;0.0192901;0.00684218;0;0.904513;0.884199;0.611588;0;1;
96;-0.288224;0.306967;-0.288533;0.286653;-0.288216;0.30417;0.0976994;-0.0567221;0.0936837;-0.0544217;0.0964718;-0.056583;0.00829253;0.018893;0.00773969;0.00271995;0.011265;0.0178677;0;1;0;0.363595;0;1;
97;-0.272341;0.283287;-0.272521;0.271422;-0.272336;0.281654;0.157903;-0.13396;0.155558;-0.132629;0.157186;-0.133881;0.00484241;0.0128142;0.0045196;0.00158869;0.00657828;0.022254;0;1;0;0.412293;0;1;
98;-0.244882;0.251275;-0.244987;0.244345;-0.24488;0.250324;0.20316;-0.189167;0.20179;-0.1884;0.202741;-0.189121;0.00282745;0.00748477;0.00263913;0.000927552;0.00384125;0.0140293;0;0.93031;0;0.413122;0;1;
