1;-0.000363588;0.000116064;9.94837e-05;-0.000363587;0.000116064;9.94836e-05;0.0349769;0.0347456;0.0352595;0.0349769;0.0347456;0.0352595;0.808667;0.808665;0.808666;0.808667;0.808665;0.808666;0;0;0;0;0;0;
2;0.00498648;-0.0391548;0.042394;0.0161655;-0.00798587;-0.00772373;0.104792;0.178764;0.18261;0.091906;0.150888;0.149999;0.472296;0.472396;0.472404;0.472367;0.472394;0.472393;1;1;1;0.795962;0.982307;1;
3;0.00382562;-0.0232914;0.0251835;0.00901544;-0.00423888;-0.00548726;0.0752709;0.104314;0.106729;0.0535872;0.0882132;0.0878066;0.275838;0.275897;0.275904;0.275867;0.275896;0.275895;1;0.459583;1;0;0.594951;1;
4;0.00440199;-0.0142367;0.0153421;0.00463016;-0.00184091;-0.00383954;0.0532012;0.0609486;0.0623066;0.0313202;0.0700467;0.0514735;0.161096;0.161128;0.161133;0.161106;0.161133;0.161131;1;0.510508;0.932087;0;0.806262;1;
5;0.0034468;-0.00919016;0.00983592;0.0022242;-0.00147375;-0.004028;0.041031;0.0374982;0.0363213;0.0198321;0.0746768;0.0330755;0.0940841;0.0941024;0.0941054;0.0940866;0.0941107;0.0941052;0.848566;0.627331;0.828064;0.303722;0.894704;1;
6;0.00315985;-0.00647432;0.00685159;0.000191798;-0.00133582;-0.00440653;0.0338338;0.0388004;0.0427164;0.0168308;0.0715959;0.0271136;0.054949;0.0549597;0.0549618;0.0549476;0.0549691;0.0549602;0.775751;0.872335;0.93109;0.402313;0.902562;0.77837;
7;0.0035289;-0.00502419;0.00524467;-0.000862276;-0.00172078;-0.0041685;0.0292702;0.0361077;0.0414924;0.0181338;0.0705414;0.0210507;0.0320941;0.0321003;0.0321027;0.0320908;0.0321106;0.0320993;0.766837;0.612214;0.98909;0.428397;1;0.734441;
8;0.00319448;-0.00406767;0.00419649;0.000121785;-0.00109244;-0.00384904;0.0284325;0.0370771;0.0427848;0.0247123;0.067552;0.0268662;0.0187467;0.0187501;0.0187532;0.0187426;0.0286735;0.0187482;0.769374;0.596275;1;0.440001;0.841513;0.884647;
9;0.00240393;-0.00291391;0.00298912;0.00118357;-0.00254107;-0.00278634;0.0260267;0.0341963;0.0355769;0.0258818;0.0626254;0.0267668;0.010952;0.0109532;0.0146552;0.0109473;0.0313748;0.0109508;0.79276;0.562865;1;0.430679;0.88317;0.789452;
10;0.000508581;-0.000806488;0.000850347;0.00600645;-0.0066407;-0.000732079;0.0265629;0.0359785;0.0331846;0.0274775;0.0636069;0.0330517;0.0100635;0.00639955;0.0144132;0.00639475;0.0292112;0.00639746;0.834787;0.551304;1;0.418337;0.916954;0.803405;
11;-0.00334908;0.00317502;-0.00314947;0.00968971;-0.0145949;0.00321833;0.0269661;0.0375221;0.0298553;0.02846;0.063989;0.0384243;0.0131997;0.00373985;0.0146507;0.00373587;0.0320687;0.00373867;0.86649;0.52184;1;0.396147;0.779674;0.65652;
12;-0.0102557;0.0101539;-0.0101391;0.0139588;-0.0170927;0.0101791;0.0282259;0.0371939;0.0231689;0.0285098;0.0633271;0.0407404;0.0145605;0.00218628;0.0131787;0.00218283;0.0343814;0.00270751;0.909569;0.483411;1;0.36934;1;0.730603;
13;-0.0214474;0.0213879;-0.0213793;0.0236102;-0.0254408;0.0214024;0.0295959;0.0372305;0.0200744;0.0273836;0.0644647;0.0448208;0.0165756;0.00127887;0.0108089;0.00127564;0.0380186;0.00495928;0.942109;0.666604;1;0.341995;1;0.744888;
14;-0.0380217;0.0379869;-0.0379819;0.0392849;-0.0403545;0.0379951;0.0330144;0.03697;0.0182222;0.0232992;0.0672319;0.0428991;0.0217771;0.00342162;0.00990121;0.00074578;0.0466528;0.00541128;0.957703;0.521242;1;0.359157;1;0.796263;
15;-0.060286;0.0602656;-0.0602627;0.0610238;-0.061649;0.06027;0.0429061;0.0365109;0.0241995;0.0152959;0.0666003;0.0371576;0.0127229;0.0081961;0.0057855;0.000436574;0.0351888;0.011027;0.892847;0.629322;0.989273;0.395888;1;0.898091;
16;-0.0867232;0.0867112;-0.0867096;0.0871539;-0.0875197;0.0867132;0.0566982;0.0350237;0.0424058;-0.00250003;0.0716032;0.0239881;0.00902586;0.0222859;0.00338057;0.00197027;0.0205557;0.0184516;0.757375;0.884231;0.936537;0.407492;0.53183;1;
17;-0.113112;0.113105;-0.113104;0.113363;-0.113577;0.113105;0.0659915;0.0232378;0.0576422;-0.0343338;0.071819;-0.00352753;0.00527245;0.0398636;0.00197414;0.00384472;0.0120047;0.0256149;0.683816;1;0.307805;0.403648;0.301035;1;
18;-0.132796;0.132792;-0.132792;0.132943;-0.133068;0.132791;0.100104;-0.0405812;0.0952276;-0.0816115;0.103507;-0.0636125;0.00307867;0.0486275;0.00115253;0.00684547;0.00701025;0.0323435;0;1;0;0.557104;0;1;
19;-0.138309;0.138306;-0.138306;0.138394;-0.138468;0.136815;0.146244;-0.111467;0.143396;-0.13544;0.148231;-0.124923;0.00179757;0.0284072;0.000672739;0.0058036;0.0040935;0.018895;0;1;0;0.503769;0;1;
20;-0.123565;0.123563;-0.123563;0.123614;-0.123658;0.122691;0.18753;-0.165445;0.185867;-0.181217;0.18869;-0.175071;0.00104938;0.0165956;0.000392484;0.00339163;0.00239009;0.0110397;0;1;0;0.564366;0;0.95306;
21;-0.0843841;0.0843838;-0.0843833;0.0844122;-0.0844386;0.0838725;0.215839;-0.169079;0.214868;-0.212149;0.216516;-0.204347;0.000612418;0.00969569;0.000228777;0.00198249;0.00139529;0.00947739;0;1;0;0.8716;0;1;
22;-0.0173037;0.0173045;-0.0173033;0.0173198;-0.0173364;0.0170041;0.231068;-0.181335;0.230501;-0.210406;0.231464;-0.1984;0.000357051;0.00566375;0.000133117;0.00115873;0.000814415;0.014759;0;1;0;0.617748;0;1;
23;0.0725465;-0.0725458;0.0725467;-0.0725374;0.0725265;-0.0727211;0.224678;-0.180363;0.228484;-0.193981;0.220852;-0.197411;0.000208152;0.0033055;7.72679e-05;0.000678048;0.000474978;0.00861855;0;1;0;0.878042;0;0.765573;
24;0.15962;-0.15962;0.15962;-0.159615;0.159608;-0.159721;0.191342;-0.148056;0.193329;-0.160797;0.194391;-0.188643;0.000121105;-0.00432146;4.46158e-05;0.00593104;0.000276773;0.00503267;0;1;0;0.772805;0;1;
25;0.222491;-0.222494;0.222491;-0.222488;0.222484;-0.22255;0.180781;-0.098301;0.186148;-0.108979;0.186365;-0.147107;7.03974e-05;-0.00252329;2.56452e-05;0.0185331;0.0001611;0.00293902;0;1;0;0.818152;0;0.974771;
26;0.261128;-0.261132;0.261128;-0.261127;0.261124;-0.261162;0.15991;-0.0424984;0.163045;-0.0551302;0.163171;-0.104393;4.07052e-05;-0.0581136;1.45961e-05;0.0276525;9.3526e-05;0.00171672;0;1;0;0.893419;0;0.854367;
27;0.282492;-0.282496;0.282493;-0.282492;0.282491;-0.282513;0.123852;0.00768894;0.125679;0.00876343;0.125753;-0.0222138;2.43919e-05;-0.0339351;8.14349e-06;0.0523727;5.41084e-05;0.016417;0.677436;0.966546;0;1;0;1;
28;0.292154;-0.292157;0.292154;-0.292154;0.292153;-0.292166;0.0704138;0.0648035;0.0714753;0.0502234;0.0715186;0.0896528;0.00937174;-0.019815;0.0128232;0.0305888;0.00235223;0.0352525;1;1;0.864205;0.500692;0.41466;1;
29;0.29273;-0.293108;0.299123;-0.293435;0.297463;-0.29138;-0.00315879;0.0821255;-0.00252895;0.0736111;-0.00249915;0.093456;0.00547377;-0.0115722;0.0178042;0.0178634;0.0302633;0.0205878;0.494565;0;1;0;1;0.395113;
30;0.283765;-0.283986;0.287499;-0.284177;0.28653;-0.282977;-0.0869153;0.133032;-0.0865371;0.12806;-0.0865155;0.139649;0.00319674;-0.00675844;0.0132214;0.0104318;0.0295793;0.0120227;0.470899;0;1;0;1;0;
31;0.263376;-0.263505;0.265557;-0.263616;0.264991;-0.262915;-0.157116;0.184049;-0.156888;0.181145;-0.156871;0.187913;0.00186622;-0.00394727;0.00772293;0.00609164;0.0172788;0.00702074;1;0;1;0;1;0;
32;0.23181;-0.231886;0.233084;-0.231951;0.232754;-0.231541;-0.203817;0.219545;-0.203678;0.217849;-0.203325;0.221801;0.00108839;-0.00230557;0.00450981;0.00355696;0.0100931;0.00409957;0.777239;0;1;0;1;0;
33;0.18955;-0.189595;0.190294;-0.189632;0.190102;-0.189393;-0.231328;0.240513;-0.231243;0.239523;-0.200586;0.241831;0.000633855;-0.00134689;0.00263234;0.00207667;0.00589555;0.00239358;0.903734;0;1;0;1;0;
34;0.133932;-0.133959;0.134367;-0.13398;0.134255;-0.13384;-0.245815;0.251181;-0.241738;0.250602;-0.201858;0.25195;0.000369521;-0.000787033;-0.017417;0.00121217;0.00344425;0.00139719;0.853478;0;1;0;1;0;
35;0.0591838;-0.0592005;0.0594384;-0.0592119;0.0593737;-0.0591305;-0.238621;0.250234;-0.24567;0.249176;-0.19143;0.248164;0.000214921;-0.000460079;-0.0130099;0.000707337;0.00201246;0.000815329;0.953436;0;1;0;1;0;
36;-0.0359183;0.035908;-0.0357694;0.0359018;-0.0358067;0.0359493;-0.219541;0.228538;-0.213051;0.228758;-0.160825;0.231925;0.000124905;-0.000269184;-0.0709348;0.000412511;0.00328661;0.000475425;0.979167;0;1;0;1;0;
37;-0.132207;0.132201;-0.132121;0.132198;-0.132142;0.132226;-0.189939;0.207885;-0.147282;0.207201;-0.119395;0.202809;-0.00570873;-0.000157754;-0.0414281;0.000240491;0.0123115;0.000277119;0.96261;0;1;0;1;0;
38;-0.20502;0.205017;-0.20497;0.205015;-0.204982;0.205031;-0.135532;0.199369;-0.161951;0.198507;-0.0886194;0.190671;-0.00333284;-9.25621e-05;-0.0241933;0.000139857;0.0206356;0.000161365;1;0;0.776417;0;1;0;
39;-0.250955;0.250953;-0.250925;0.250951;-0.250932;0.250961;-0.0910398;0.176382;-0.111399;0.175878;-0.0187276;0.171302;0.0041256;-5.45139e-05;-0.0141282;8.12272e-05;0.0361681;9.37183e-05;1;0;0.772856;0;1;0;
40;-0.277083;0.277082;-0.277066;0.277081;-0.27707;0.277086;-0.0101297;0.140731;-0.0557323;0.140438;0.0491262;0.137765;0.0397094;-3.2291e-05;-0.00824958;0.00892755;0.0495725;5.42974e-05;1;0;0.837593;0.304108;0.947282;0;
41;-0.289952;0.28995;-0.289941;0.28995;-0.289944;0.289953;0.0497897;0.0902386;0.0487607;0.0900728;0.0633234;0.0885081;0.0231962;-1.92471e-05;0.0409295;0.010877;0.0289579;0.0138026;1;0.0250925;1;0.475646;1;0.704759;
42;-0.293161;0.293161;-0.293155;0.29316;-0.293157;0.293162;0.0662371;0.0213055;0.0856257;0.0206745;0.0675848;0.0197694;0.0135468;0.025109;0.0239035;0.00635476;0.0169112;0.0266554;0.147527;1;0.495666;0.432222;0;1;
43;-0.287142;0.287143;-0.287139;0.287142;-0.28714;0.287143;0.113979;-0.0628393;0.125302;-0.0632223;0.114766;-0.0637393;0.00791089;0.0387633;0.0139591;0.00371263;0.00987564;0.0228372;0;1;0;0.397657;0;1;
44;-0.270064;0.270065;-0.270062;0.270064;-0.270063;0.270064;0.169158;-0.139281;0.175771;-0.139515;0.169618;-0.139809;0.00461956;0.0226413;0.00815169;0.00216933;0.00576688;0.0133411;0;1;0;0.327209;0;1;
45;-0.241493;0.241494;-0.241491;0.241492;-0.241492;0.241492;0.210123;-0.192665;0.213984;-0.19281;0.210391;-0.192975;0.00269739;0.0132232;0.00476012;0.00126762;0.00336733;0.00779333;0;1;0;0.579966;0;1;
46;-0.202303;0.202304;-0.202302;0.202302;-0.202302;0.202303;0.235193;-0.218261;0.237448;-0.225081;0.235349;-0.225173;0.00157481;0.0077208;0.00277943;0.000740661;0.00196595;0.00455223;0;1;0;0.679581;0;1;
47;-0.150864;0.150866;-0.150864;0.150864;-0.150864;0.150864;0.248635;-0.206237;0.249952;-0.242729;0.248727;-0.223854;0.000919195;0.00450722;0.00162268;0.000432711;0.00114752;0.00265903;0;1;0;0.729073;0;1;
48;-0.0819838;0.0819852;-0.0819836;0.0819837;-0.0819839;0.0819837;0.251304;-0.20268;0.251853;-0.240867;0.252253;-0.222826;0.000536325;0.00263042;0.000947116;0.000252747;0.000669555;0.00155356;0;1;0;0.756476;0;1;
49;0.00835585;-0.00835425;0.00835597;-0.00835599;0.00835578;-0.00835593;0.240206;-0.183185;0.240333;-0.22678;0.234513;-0.211839;0.000312711;0.001535;0.000552622;0.000147949;0.000390407;0.000908056;0;1;0;0.853402;0;0.961063;
50;0.107334;-0.107333;0.107334;-0.107335;0.107335;-0.107334;0.210559;-0.154612;0.211979;-0.19744;0.212002;-0.199584;0.000182146;0.000895874;0.000322235;8.72479e-05;0.000227405;0.000531308;0;1;0;0.957021;0;1;
51;0.187852;-0.187852;0.187852;-0.187852;0.187852;-0.187852;0.174988;-0.108902;0.176238;-0.148016;0.177834;-0.159697;0.000105935;0.00771308;0.000187728;0.0107749;0.000132205;0.00683051;0;1;0;1;0;1;
52;0.240616;-0.240617;0.240616;-0.240616;0.240617;-0.240616;0.16613;-0.0531375;0.168164;-0.0932132;0.169096;-0.124263;6.14676e-05;0.0149673;0.000109222;0.0120545;7.67106e-05;0.00399072;0;1;0;0.87507;0;0.99099;
53;0.271439;-0.271441;0.271439;-0.271439;0.27144;-0.271439;0.141441;0.0117032;0.142629;-0.0316038;0.143173;-0.0753524;3.55525e-05;0.0428982;6.34534e-05;0.031606;4.42886e-05;0.00715533;0;1;0;0.871655;0;0.903509;
54;0.287466;-0.287468;0.287466;-0.287466;0.287467;-0.287466;0.0998005;0.0571758;0.100489;0.0424828;0.100807;0.0283749;0.00569158;0.0308187;3.67163e-05;0.0368965;2.53522e-05;0.0330638;0.746865;1;0;0.82908;0;1;
55;0.293158;-0.293159;0.293158;-0.293158;0.293158;-0.293158;0.0383243;0.0687324;0.0387319;0.0748759;0.0400569;0.0856908;0.00782267;0.017999;0.0274036;0.0215483;0.0377764;0.019312;0.793001;0.154711;1;0.159918;1;0.628434;
56;0.289813;-0.289814;0.289813;-0.289813;0.289813;-0.289813;-0.0417609;0.104283;-0.0415121;0.10787;-0.0407336;0.114186;0.00456979;0.010511;0.0160096;0.0125837;0.0331543;0.0112776;0.60576;0;1;0;1;0;
57;0.275955;-0.275955;0.275955;-0.275955;0.275955;-0.275955;-0.121732;0.158246;-0.12158;0.160341;-0.121121;0.16403;0.00266969;0.00613797;0.00935255;0.00734837;0.0193682;0.00658565;0.574033;0;1;0;1;0;
58;0.250436;-0.250436;0.250437;-0.250436;0.250436;-0.250436;-0.181177;0.202501;-0.181082;0.203725;-0.180809;0.205879;0.0015594;0.00358412;0.00546257;0.00429093;0.0113143;0.00384549;0.683908;0;1;0;1;0;
59;0.214179;-0.214179;0.214179;-0.214179;0.214178;-0.214179;-0.218314;0.230768;-0.218254;0.231483;-0.206805;0.232741;0.000910408;0.00209264;0.00318941;0.00250537;0.00660893;0.00224523;0.806432;0;1;0;1;0;
60;0.166496;-0.166496;0.166496;-0.166496;0.166496;-0.166496;-0.239244;0.246518;-0.236097;0.246935;-0.200559;0.24767;0.000531008;0.00122161;0.00186119;0.00146253;0.00386083;0.00131061;0.933669;0;1;0;1;0;
61;0.103062;-0.103062;0.103062;-0.103062;0.103062;-0.103062;-0.247485;0.253552;-0.23067;0.253795;-0.193515;0.253861;0.000309149;0.000712901;0.00108555;0.000853531;0.00225591;0.000764816;0.981668;0;1;0;1;0;
62;0.018414;-0.018414;0.0184143;-0.018414;0.0184141;-0.018414;-0.232898;0.237622;-0.222858;0.24418;-0.179959;0.244139;0.000179622;0.000415809;0.000632873;0.000497868;0.00131912;0.000446049;0.921633;0;1;0;1;0;
63;-0.0808906;0.0808905;-0.0808904;0.0808906;-0.0808903;0.0808906;-0.20629;0.218174;-0.207015;0.224925;-0.153198;0.22527;-0.000252664;0.000242346;-0.00140471;0.000290184;0.0074545;0.000259923;1;0;1;0;1;0;
64;-0.168493;0.168493;-0.168493;0.168493;-0.168493;0.168493;-0.166975;0.186668;-0.17954;0.210734;-0.114524;0.210084;-0.00504602;0.000141058;-0.00620236;0.000168977;0.0148182;0.000151302;1;0;1;0;1;0;
65;-0.228615;0.228615;-0.228615;0.228615;-0.228615;0.228615;-0.115959;0.149464;-0.140083;0.193337;-0.054286;0.192958;-0.0029457;8.19033e-05;-0.00362168;9.81401e-05;0.0312061;8.77973e-05;1;0;1;0;1;0;
66;-0.264692;0.264691;-0.264691;0.264691;-0.264691;0.264691;-0.0586197;0.137928;-0.0927897;0.163549;0.0128593;0.163328;0.0195338;4.7414e-05;-0.00211407;5.68456e-05;0.0456269;5.08124e-05;1;0;0.935904;0;1;0;
67;-0.284218;0.284216;-0.284217;0.284216;-0.284217;0.284216;0.0406296;0.106105;-0.0212223;0.121069;0.0697731;0.120938;0.0427083;2.73095e-05;-0.0012336;0.00808624;0.0496421;2.92411e-05;1;0;0.719241;0.40144;1;0;
68;-0.29249;0.292489;-0.292489;0.292489;-0.292489;0.292488;0.0732538;0.0533194;0.0526496;0.0620517;0.072934;0.0619811;0.0249455;0.0278985;0.00979826;0.00663034;0.0289967;0.0286002;0.756975;0.920308;0.570677;0.29873;0.542561;1;
69;-0.291686;0.29007;-0.291686;0.291685;-0.291734;0.285102;0.0948786;-0.0209445;0.0828458;-0.0158596;0.0946917;-0.0158891;0.0145676;0.0250782;0.00572175;0.00387382;0.0169334;0.0220688;0;1;0;0.412099;0;1;
70;-0.280941;0.279997;-0.280941;0.28094;-0.280969;0.277095;0.145794;-0.102604;0.138767;-0.0996459;0.145685;-0.0996543;0.00850704;0.0236991;0.00334112;0.00226376;0.00988862;0.0142401;0;1;0;0.601384;0;1;
71;-0.258577;0.258026;-0.258577;0.258577;-0.258593;0.256331;0.193249;-0.168015;0.189145;-0.166297;0.193185;-0.166295;0.00496766;0.0138421;0.0019508;0.00132297;0.00577443;0.00831893;0;1;0;0.422166;0;1;
72;-0.225211;0.224889;-0.225211;0.225211;-0.225221;0.223899;0.225179;-0.210435;0.222783;-0.209439;0.225142;-0.209433;0.00290063;0.00808324;0.0011388;0.000773114;0.00337171;0.00485941;0;1;0;0.495482;0;1;
73;-0.180948;0.18076;-0.180948;0.180948;-0.180953;0.180181;0.243625;-0.214204;0.242225;-0.234431;0.243603;-0.233331;0.00169347;0.00471855;0.000664583;0.000451656;0.00196849;0.00283817;0;1;0;0.525507;0;1;
74;-0.122469;0.122359;-0.122469;0.122469;-0.122473;0.122022;0.252592;-0.205914;0.251775;-0.247222;0.25258;-0.227407;0.000988471;0.00275358;0.000387603;0.000263746;0.00114899;0.00165775;0;1;0;0.543886;0;1;
75;-0.0438945;0.0438304;-0.0438945;0.0438943;-0.0438965;0.0436329;0.248029;-0.198914;0.247455;-0.234155;0.245171;-0.220944;0.000576758;-0.00286492;0.000225857;0.000154018;0.000670417;0.000968477;0;1;0;0.589397;0;1;
76;0.0534503;-0.0534877;0.0534503;-0.0534505;0.0534493;-0.0536032;0.232933;-0.170537;0.232271;-0.213314;0.221778;-0.207783;0.000336329;-0.00167354;0.000131386;9.03854e-05;0.000390926;0.000566324;0;1;0;0.664139;0;1;
77;0.146925;-0.146948;0.146925;-0.146925;0.146925;-0.147014;0.214564;-0.139939;0.21406;-0.173116;0.195673;-0.186591;0.000196044;-0.000976676;7.63489e-05;5.39252e-05;0.000227763;0.000331703;0;1;0;0.734888;0;1;
78;0.214778;-0.214793;0.214778;-0.214779;0.214778;-0.214831;0.200364;-0.082115;0.200069;-0.117541;0.15817;-0.150557;0.000113982;0.0105076;4.40584e-05;0.0156355;0.000132467;0.00318159;0;1;0;0.559567;0;1;
79;0.256704;-0.256714;0.256704;-0.256705;0.256704;-0.256735;0.173469;-0.0234572;0.173297;-0.0700024;0.148528;-0.108228;6.61611e-05;0.0365435;2.53535e-05;0.0152098;7.68704e-05;0.004872;0;1;0;0.911912;0;1;
80;0.280131;-0.280139;0.280131;-0.280132;0.280132;-0.280149;0.134522;0.0168771;0.134418;0.0119347;0.119953;-0.0268792;0.00506288;0.0292576;1.44348e-05;0.0526236;4.43871e-05;0.0189837;0.683842;1;0;1;0;1;
81;0.29115;-0.291155;0.29115;-0.291151;0.29115;-0.291161;0.0804206;0.0638308;0.0803553;0.0424847;0.0719068;0.0754792;0.013;0.0367092;0.0210239;0.0307366;0.00469788;0.0418607;0.869497;0.981453;0.659065;0.582269;0.34168;1;
82;0.292813;-0.292816;0.292813;-0.292814;0.308831;-0.292951;0.00726023;0.0769845;0.00723028;0.0645191;0.0028714;0.107457;0.00759419;0.0214377;0.0179199;0.0179501;0.0295416;0.0244475;0.675864;0;1;0;1;0.509738;
83;0.285021;-0.285023;0.285022;-0.285022;0.294376;-0.285102;-0.0774133;0.126613;-0.0774207;0.119333;-0.0799622;0.144409;0.0044361;0.0125192;0.0167286;0.0104824;0.0303866;0.0142767;0.584853;0;1;0;1;0;
84;0.265889;-0.26589;0.26589;-0.26589;0.271352;-0.265936;-0.150334;0.179068;-0.150331;0.174816;-0.151812;0.18946;0.00259139;0.00731074;0.00977192;0.00612127;0.01775;0.00833708;0.690594;0;1;0;1;0;
85;0.23544;-0.235441;0.235441;-0.235441;0.238631;-0.235468;-0.199637;0.216418;-0.19963;0.213935;-0.200491;0.222487;0.00151349;0.00426898;0.00570726;0.0035743;0.0103678;0.00486831;0.739455;0;1;0;1;0;
86;0.194344;-0.194344;0.194344;-0.194344;0.196206;-0.19436;-0.228969;0.23877;-0.228961;0.23732;-0.203181;0.242314;0.00088352;0.00249256;0.00333243;0.00208686;0.00605525;0.00284255;0.789739;0;1;0;1;0;
87;0.140326;-0.140326;0.140327;-0.140326;0.141414;-0.140336;-0.244656;0.250381;-0.23219;0.249534;-0.201528;0.252451;0.000515359;0.00145511;0.00194519;0.00121815;0.00353676;0.00165946;0.831122;0;1;0;1;0;
88;0.0677851;-0.0677848;0.0677854;-0.0677852;0.0684201;-0.0677906;-0.240409;0.251316;-0.227323;0.250041;-0.190361;0.249741;0.000300178;0.000849248;0.00113521;0.000710831;0.00206615;0.000968553;0.88487;0;1;0;1;0;
89;-0.0257059;0.0257066;-0.0257057;0.0257059;-0.0253355;0.0257027;-0.222686;0.22854;-0.215512;0.23785;-0.173085;0.23747;0.000174747;0.000495414;0.000662487;0.000414546;0.00120789;0.000565059;0.987364;0;1;0;1;0;
90;-0.123251;0.123252;-0.123251;0.123251;-0.123035;0.123249;-0.191964;0.204838;-0.196783;0.206139;-0.144197;0.201084;0.000101968;0.000288773;0.000386852;0.000241581;0.00784352;0.000329468;1;0;1;0;1;0;
91;-0.198942;0.198943;-0.198942;0.198942;-0.198816;0.198941;-0.147097;0.171507;-0.16099;0.167795;-0.0877035;0.166007;-0.000427739;0.000168133;0.000226504;0.000140628;0.0226461;0.000191877;1;0;1;0;1;0;
92;-0.247327;0.247327;-0.247326;0.247326;-0.247253;0.247326;-0.089336;0.162094;-0.118817;0.157996;-0.0296063;0.150593;0.0169845;9.77653e-05;0.00146406;8.16476e-05;0.0312788;0.000111696;1;0;0.991347;0;1;0;
93;-0.275124;0.275124;-0.275123;0.275123;-0.275081;0.275123;-0.0153348;0.134916;-0.0640985;0.132524;0.0411847;0.1282;0.0263903;5.6649e-05;0.00597118;4.76434e-05;0.0468705;6.47712e-05;1;0;0.881348;0.220025;1;0;
94;-0.289121;0.289121;-0.289121;0.28912;-0.289096;0.289121;0.0499229;0.0903084;0.0310428;0.0889161;0.0407129;0.0863884;0.0444558;3.28147e-05;0.0157507;0.00981578;0.0273792;0.00389533;1;0.0792137;1;0.597381;1;0.639296;
95;-0.293239;0.293238;-0.293238;0.285028;-0.293224;0.293488;0.0554635;0.0252952;0.0573427;0.0244746;0.0512327;0.0230039;0.0259624;0.0212919;0.00919983;0.00573504;0.0159894;0.0234917;0.431027;1;0.588053;0.559091;0;1;
96;-0.288223;0.287506;-0.288223;0.268238;-0.288215;0.288371;0.103713;-0.0565343;0.10481;-0.0570281;0.101242;-0.0578752;0.0151615;0.0325789;0.00537232;0.00335029;0.00933737;0.0239644;0;1;0;0.402308;0;1;
97;-0.27234;0.271922;-0.27234;0.260667;-0.272335;0.272427;0.161415;-0.133851;0.162056;-0.134151;0.159972;-0.134636;0.0088539;0.0190299;0.00313706;0.00195711;0.00545256;0.0146522;0;1;0;0.457697;0;1;
98;-0.244882;0.244638;-0.244882;0.238064;-0.244879;0.244934;0.205211;-0.189104;0.205585;-0.189288;0.204368;-0.189564;0.00517021;0.0111144;0.0018316;0.00114294;0.00318378;0.00855953;0;1;0;0.644904;0;1;
