1;-0.000363588;0.000116064;9.94838e-05;-0.000363588;0.000116064;9.94838e-05;0.0349769;0.0347456;0.0352595;0.0349769;0.0347456;0.0352595;0.808667;0.808665;0.808666;0.808667;0.808665;0.808666;0;0;0;0;0;0;
2;0.0186142;-0.0102715;-0.00400972;0.0174804;0.011881;0.0158925;0.130482;0.120022;0.227449;0.0344798;0.11519;0.217104;0.47251;0.472394;0.472625;0.472589;0.472405;0.472573;0;1;1;1;1;1;
3;0.0195484;0.0071305;0.00812506;0.0170796;0.0126313;0.0175297;0.0921558;0.0700021;0.132881;0.0558161;0.0673467;0.126668;0.275973;0.275894;0.276035;0.276026;0.275902;0.276011;1;0.561104;0.441985;0;0.622444;1;
4;0.0120528;0.0035294;0.00538001;0.00933927;0.0080119;0.00960323;0.0977023;0.040908;0.077577;0.0326216;0.0393091;0.0740132;0.161178;0.161123;0.161209;0.161199;0.161131;0.161201;1;0.263757;0.617413;0;0.603613;1;
5;-0.0334731;0.00118518;0.0047017;0.00457787;0.00555538;0.00473243;0.106834;0.030804;0.0450523;0.0246175;0.0420502;0.0565757;0.0941386;0.0940964;0.0941484;0.0941399;0.0941039;0.0941471;1;0.459446;0.645193;0.33475;0.645987;1;
6;-0.0231691;0.00110786;0.00876209;0.00156605;0.00435189;0.00165651;0.0731484;0.018646;0.0258941;0.0155392;0.0291197;0.0479994;0.0549859;0.0549515;0.0549853;0.0549783;0.0549597;0.0549864;1;0.100012;0.774815;0.282086;0.653416;1;
7;-0.0122896;0.000802349;0.00725063;-0.000328635;0.00404615;-0.000275728;0.051615;0.0133147;0.0303616;0.0243341;0.0275101;0.0453778;0.0321182;0.0320922;0.0321144;0.0321094;0.0320989;0.0321154;0.962484;0.432017;0.996156;0.388043;0.662447;1;
8;-0.00755012;0.00194535;0.0223786;-0.00132542;0.00438001;-0.00129438;0.0398075;0.024206;0.0274987;0.0324864;0.0236875;0.0409105;0.018762;0.0187431;0.018758;0.0187547;0.0187485;0.0187582;0.936804;0.455648;1;0.432865;0.611542;0.938434;
9;-0.00584804;0.00354156;0.0136077;-0.00187951;0.00309651;-0.000282693;0.0262869;0.0420284;0.0125294;0.0374238;0.0198364;0.0403294;0.0109609;0.0109483;0.0109561;0.0109559;0.0109512;0.0109572;0.782484;0.543681;0.906558;0.442869;0.509427;0.901584;
10;-0.00417374;0.00619829;0.00705162;-0.000202446;0.000913363;0.00155765;0.0278471;0.0476536;0.00641708;0.0302187;0.0194962;0.0531397;0.0138763;0.00639652;0.00639929;0.00640058;0.00639782;0.00640159;0.807886;1;0.938178;0.347829;0.629805;1;
11;-0.00391141;0.00726586;0.000472099;0.00352779;-0.00311223;0.00455609;0.0380208;0.0436508;-0.00311772;0.0245139;0.0237616;0.0646938;0.0168547;0.00373726;0.0037377;0.00373835;0.00373896;0.0127136;0.897255;0.616615;0.779609;0.266642;0.692649;1;
12;-0.0105831;0.0125429;-0.00802377;0.0103599;-0.0101168;0.010961;0.0428161;0.0347361;0.000253927;0.0104741;0.0201763;0.0735338;0.0153475;0.00218358;0.00218402;0.00218307;0.00370766;0.0104871;1;0.447252;0.664773;0;0.696328;1;
13;-0.0216388;0.0227829;-0.0201435;0.0215083;-0.0213655;0.0218599;0.0471273;0.0354898;0.00298622;0.00973702;0.0282303;0.0718675;0.014638;0.00127535;0.00496637;0.00127462;0.0120313;0.0100174;1;0.186814;0.813716;0.20855;0.770554;1;
14;-0.0381342;0.0388015;-0.0372598;0.0380575;-0.0379733;0.0382632;0.0404024;0.0277793;0.0147862;0.00787231;0.0223659;0.0565564;0.00855172;0.000744526;0.00602434;0.000744043;0.00702924;0.00705244;1;0;0.824204;0.116683;0.818257;0.793545;
15;-0.0603526;0.0607415;-0.0598408;0.0603073;-0.0602562;0.0604275;0.0427791;0.0173578;0.0286139;0.0133261;0.0281462;0.043479;0.0049971;0.000435326;0.00956924;0.000434801;0.00410721;0.00720563;1;0.323382;0.886506;0.358221;0.731487;1;
16;-0.0867627;0.0869895;-0.0864632;0.0867362;-0.0867058;0.0868063;0.0488303;0.0260255;0.0466534;0.0077589;0.0301671;0.0202458;0.00291949;0.0122772;0.00559049;0.00281985;0.0023987;0.00910286;0.86291;0.707295;0.947794;0.535013;0.343543;1;
17;-0.113135;0.113268;-0.11296;0.11312;-0.113102;0.113162;0.0613941;0.0176283;0.0601237;-0.0283414;0.0504944;-0.0210469;0.0017049;0.025549;0.00326521;0.00868941;0.00140054;0.00861922;0.0797853;1;0.426196;0.715071;0;1;
18;-0.13281;0.132888;-0.132708;0.132801;-0.132791;0.132827;0.0974188;-0.0512554;0.0966769;-0.0781131;0.0910536;-0.07385;0.000995232;0.0325908;0.00190641;0.00507658;0.000817612;0.00503444;0;0.856787;0;0.496547;0;1;
19;-0.138318;0.138363;-0.138258;0.138312;-0.138306;0.165325;0.144675;-0.117704;0.144242;-0.133399;0.140958;-0.130905;0.000580782;0.0190377;0.00111291;0.00296597;0.000477113;0.0029409;0;1;0;0.468443;0;1;
20;-0.12357;0.123597;-0.123535;0.123566;-0.123564;0.139344;0.186614;-0.168349;0.186361;-0.180027;0.184443;-0.178564;0.000338655;0.0248163;0.000649549;0.00173291;0.000278246;0.00663438;0;1;0;0.481769;0;1;
21;-0.0843873;0.0844039;-0.0843669;0.0843848;-0.0843837;0.0935996;0.215304;-0.187245;0.215156;-0.211455;0.214036;-0.210597;0.000197287;0.0144958;0.000378831;0.00101239;0.000162029;0.00387533;0;1;0;0.724602;0;1;
22;-0.0173057;0.0173156;-0.0172938;0.0173042;-0.0173037;0.0226857;0.230756;-0.187018;0.230669;-0.228506;0.230015;-0.219353;0.000114715;0.00846579;0.000220736;0.000591261;9.41113e-05;0.00226306;0;1;0;0.56956;0;1;
23;0.0725452;-0.0725391;0.0725521;-0.0725461;0.0725461;-0.0694033;0.228195;-0.164736;0.22783;-0.206671;0.228252;-0.208423;6.64637e-05;0.00494484;0.000128362;0.000345352;5.44359e-05;0.0013218;0;1;0;0.61115;0;1;
24;0.159619;-0.159615;0.159623;-0.159619;0.159619;-0.157784;0.190403;-0.130203;0.190741;-0.169005;0.193508;-0.178708;3.83855e-05;0.00780832;7.44683e-05;0.000202527;3.12019e-05;0.000772533;0;1;0;0.68195;0;1;
25;0.22249;-0.222488;0.222493;-0.222491;0.222491;-0.221419;0.151803;-0.0790561;0.15262;-0.118506;0.183864;-0.144531;2.20926e-05;0.0207291;4.32041e-05;0.00352015;1.77754e-05;0.000452295;0;1;0;0.739765;0;1;
26;0.261126;-0.261126;0.261129;-0.261128;0.261128;-0.260502;0.156012;-0.0477312;0.137058;-0.0850192;0.161711;-0.0813491;0.00790263;0.0142305;2.47308e-05;0.0195376;9.87577e-06;0.0152189;0.648975;1;0;0.668123;0;1;
27;0.282489;-0.282491;0.282493;-0.282492;0.282492;-0.282127;0.139784;-0.0115645;0.110502;-0.0287742;0.1249;-0.00313693;0.02257;0.0148488;1.40061e-05;0.0114128;5.35304e-06;0.011547;1;0.988412;0;0.565665;0;1;
28;0.291698;-0.292154;0.292155;-0.292154;0.292154;-0.291941;0.0853861;0.0296549;0.0626117;0.0162649;0.0710182;0.0976166;0.0320802;0.00867286;0.00986072;0.00666654;2.88245e-06;0.0200162;0.846179;0.477511;0.527088;0.365805;0;1;
29;0.280182;-0.294803;0.301952;-0.292198;0.299528;-0.292421;0.00558987;0.0615987;-0.00770585;0.0537806;-0.00279463;0.139483;0.0187388;0.00506453;0.0211588;0.00823201;0.0281315;0.0116907;0.610156;0;1;0;1;0.54097;
30;0.276437;-0.284976;0.289152;-0.283455;0.287736;-0.283585;-0.0818064;0.121045;-0.0895594;0.116479;-0.0866882;0.166529;0.0109443;0.00295729;0.022921;0.00480712;0.0253015;0.00682686;0.726014;0;1;0;1;0;
31;0.259096;-0.264083;0.266522;-0.263194;0.265696;-0.26327;-0.154133;0.177048;-0.158652;0.174382;-0.156972;0.203611;0.00639091;0.00172665;0.0133891;0.00280691;0.0147795;0.00398641;0.624181;0;1;0;1;0;
32;0.229311;-0.232223;0.233648;-0.231704;0.233166;-0.231749;-0.202075;0.215456;-0.204706;0.213899;-0.203723;0.230969;0.00373124;0.00100791;0.00782078;0.00163874;0.00863203;0.00232755;0.651827;0;1;0;1;0;
33;0.18809;-0.189791;0.190624;-0.189488;0.190342;-0.189514;-0.230311;0.238125;-0.231147;0.237216;-0.204814;0.247185;0.00217756;0.000588147;0.00456776;0.000956448;0.00504243;0.00135876;0.726923;0;1;0;1;0;
34;0.133079;-0.134073;0.134559;-0.133896;0.134396;-0.133911;-0.245223;0.249786;-0.221355;0.249255;-0.200358;0.255077;0.00127001;0.000342954;0.00266772;0.00055801;0.00294407;0.000792969;0.731139;0;1;0;1;0;
35;0.0586854;-0.0592669;0.0595507;-0.0591627;0.0594565;-0.0591715;-0.248986;0.250363;-0.222435;0.249688;-0.199703;0.249618;0.000739799;0.000199746;0.00155833;0.000325318;0.00171855;0.000462525;0.778496;0;1;0;1;0;
36;-0.0362102;0.0358689;-0.0357039;0.035931;-0.0357571;0.0359258;-0.231916;0.225901;-0.207637;0.236245;-0.179898;0.234465;-0.0031928;0.000116113;0.000910412;0.000189411;0.00100326;0.000269576;0.888966;0;1;0;1;0;
37;-0.132379;0.132178;-0.132083;0.132216;-0.132112;0.132213;-0.198252;0.207473;-0.190575;0.202885;-0.153416;0.193904;-0.00191518;6.73198e-05;0.000532328;0.000110273;0.00058639;0.000157023;0.770638;0;1;0;0.884043;0;
38;-0.205122;0.205002;-0.204947;0.205025;-0.204961;0.205023;-0.143476;0.199128;-0.149345;0.174254;-0.101085;0.171873;-0.0048237;3.88343e-05;0.000311914;6.37747e-05;0.0201601;9.1046e-05;1;0;1;0;1;0;
39;-0.251015;0.250944;-0.250912;0.250957;-0.250918;0.250956;-0.0874611;0.176241;-0.107742;0.161715;-0.0347321;0.160325;0.00752043;2.21625e-05;0.0123967;3.69113e-05;0.0191193;5.27701e-05;1;0;0.828332;0;1;0;
40;-0.277119;0.277077;-0.277057;0.277084;-0.277062;0.277084;-0.00533673;0.140649;-0.0526966;0.132167;0.0470483;0.131354;0.0338023;1.24642e-05;0.00724201;0.0112603;0.0556067;3.03582e-05;1;0;0.90173;0.220267;1;0;
41;-0.289972;0.289947;-0.289936;0.289952;-0.289939;0.289951;0.0513303;0.0901907;0.0521067;0.0852426;0.0589131;0.084764;0.0371474;6.82454e-06;0.0246404;0.0109381;0.0324806;0.00831531;1;0;0.85149;0.58094;0.937179;0.550037;
42;-0.293173;0.293159;-0.293152;0.293161;-0.293154;0.314513;0.0649494;0.0225952;0.0868369;0.0178527;0.0667945;0.0175829;0.0216944;0.0312233;0.0143904;0.00638976;0.0189685;0.0242814;0.237939;1;0.145752;0.310451;0;1;
43;-0.28715;0.287141;-0.287137;0.287142;-0.287138;0.299612;0.113227;-0.0620865;0.126009;-0.0648699;0.114305;-0.0650175;0.012669;0.0312183;0.0084035;0.00373303;0.0110771;0.0145891;0;1;0;0.55019;0;1;
44;-0.270069;0.270064;-0.270061;0.270064;-0.270062;0.277347;0.168719;-0.138841;0.176184;-0.140478;0.169348;-0.140556;0.00739825;0.0182359;0.00490718;0.00218104;0.00646858;0.00852324;0;1;0;0.492108;0;1;
45;-0.241495;0.241493;-0.241491;0.241493;-0.241491;0.245746;0.209866;-0.192407;0.214225;-0.193372;0.210234;-0.193412;0.00432008;0.0106514;0.00286531;0.00127414;0.00377716;0.0049787;0;1;0;0.335742;0;1;
46;-0.202304;0.202303;-0.202302;0.202303;-0.202302;0.204787;0.235043;-0.20979;0.237589;-0.22541;0.235258;-0.225429;0.00252242;0.00622027;0.00167284;0.000744057;0.00220533;0.00290742;0;1;0;0.472741;0;1;
47;-0.150865;0.150865;-0.150864;0.150864;-0.150864;0.152316;0.248548;-0.212528;0.250034;-0.242921;0.248673;-0.242537;0.00147251;0.00363218;0.000976346;0.000434262;0.00128739;0.00169571;0;0.951564;0;0.378096;0;1;
48;-0.0819846;0.0819839;-0.0819838;0.0819839;-0.0819836;0.0828327;0.250247;-0.198365;0.251125;-0.241221;0.250552;-0.234245;0.000859406;0.00212062;0.000569581;0.000253193;0.000751311;-0.00949452;0;1;0;0.428411;0;1;
49;0.00835515;-0.00835612;0.00835561;-0.00835572;0.00835614;-0.00785892;0.239651;-0.182425;0.239809;-0.225552;0.235503;-0.220854;0.000501309;0.00123842;0.000332064;0.000147743;0.000438224;-0.00640196;0;1;0;0.573596;0;1;
50;0.107334;-0.107335;0.107334;-0.107334;0.107335;-0.107044;0.212406;-0.147864;0.213126;-0.197736;0.211927;-0.201315;0.00029224;0.00072393;0.000193424;8.66729e-05;0.000255375;-0.00373897;0;1;0;0.639878;0;1;
51;0.187852;-0.187853;0.187852;-0.187852;0.187852;-0.187682;0.172444;-0.109234;0.172071;-0.148034;0.176216;-0.163081;0.000170267;0.00896555;0.00011254;0.00307781;0.00014858;-0.00456731;0;0.96698;0;0.709985;0;1;
52;0.240615;-0.240617;0.240616;-0.240616;0.240617;-0.240517;0.176811;-0.0810464;0.139557;-0.108425;0.168147;-0.115479;0.00631857;0.0127638;6.54444e-05;0.00639588;8.62973e-05;-0.0026656;0.56268;1;0;0.693726;0;1;
53;0.271437;-0.27144;0.27144;-0.271439;0.27144;-0.271382;0.153627;-0.0447549;0.125923;-0.0667048;0.142619;-0.0354627;0.01789;0.0120904;3.77061e-05;0.0118817;4.99482e-05;0.0138969;0.866851;0.838545;0;0.575624;0;1;
54;0.287462;-0.287466;0.287467;-0.287466;0.287466;-0.287432;0.127918;-0.00101377;0.0907323;-0.00956254;0.100483;0.0490612;0.0389689;0.00706295;2.16108e-05;0.00694052;2.88276e-05;0.0311174;1;0.699525;0;0.409063;0;1;
55;0.287216;-0.293158;0.293159;-0.293158;0.293158;-0.293137;0.0547524;0.0193716;0.0330277;0.0143822;0.03872;0.121915;0.030771;0.00412499;0.0171066;0.0040552;0.00525302;0.0220126;1;0.0688169;1;0.299539;0.403057;1;
56;0.276506;-0.289813;0.300453;-0.289813;0.293135;-0.289801;-0.0321664;0.0754561;-0.0448434;0.0725423;-0.041517;0.139793;0.0179717;0.0024087;0.039438;0.00236787;0.0266339;0.012856;1;0;1;0;1;0;
57;0.268183;-0.275955;0.28217;-0.275955;0.277895;-0.275948;-0.116129;0.141411;-0.123522;0.13971;-0.121576;0.178984;0.0183754;0.00140634;0.0233894;0.00138235;0.0220086;0.00750747;0.57708;0;1;0;0.800378;0;
58;0.245897;-0.250437;0.254066;-0.250436;0.251567;-0.250432;-0.177904;0.19267;-0.182214;0.191676;-0.181073;0.214612;0.0107319;0.000820928;0.013662;0.000806753;0.0146304;0.00438386;1;0;1;0;1;0;
59;0.211528;-0.21418;0.2163;-0.214179;0.214839;-0.214176;-0.216401;0.225026;-0.218915;0.224446;-0.186533;0.237841;0.00626799;0.000478974;0.00797943;0.000470645;0.00854779;0.00255971;0.939112;0;1;0;1;0;
60;0.164947;-0.166497;0.167735;-0.166496;0.166884;-0.166495;-0.238127;0.243165;-0.222539;0.242826;-0.211483;0.250648;0.00366138;0.000279169;0.00466079;0.000274377;0.00499191;0.00149426;0.838398;0;1;0;1;0;
61;0.102157;-0.103063;0.103786;-0.103062;0.103291;-0.103061;-0.244654;0.251594;-0.218393;0.251396;-0.200906;0.25339;0.00213896;0.000162459;0.00272238;0.000159803;0.00291406;0.000872132;0.911342;0;1;0;1;0;
62;0.0178844;-0.018415;0.0188379;-0.0184141;0.0185496;-0.0184138;-0.227858;0.240508;-0.218209;0.243727;-0.190206;0.243315;0.00124994;9.42747e-05;0.00159052;9.28601e-05;0.00170112;0.000508754;0.808385;0;1;0;1;0;
63;-0.0812005;0.0808902;-0.0806419;0.0808901;-0.0808103;0.0808903;-0.199348;0.217515;-0.203513;0.225998;-0.161106;0.225619;0.000731184;5.44776e-05;0.000929376;5.37826e-05;0.000993505;0.000296592;0.906299;0;1;0;1;0;
64;-0.168674;0.168493;-0.168346;0.168492;-0.168446;0.168492;-0.169872;0.186105;-0.174125;0.208268;-0.122879;0.209602;0.00703135;3.12935e-05;0.000543515;3.09707e-05;0.00721874;0.000172766;1;0;1;0;1;0;
65;-0.228722;0.228615;-0.228529;0.228614;-0.228587;0.228614;-0.128482;0.149517;-0.135851;0.191897;-0.0707666;0.192676;0.00410525;1.7808e-05;0.00144788;1.75105e-05;0.023248;0.000100351;1;0;1;0;1;0;
66;-0.264755;0.264691;-0.26464;0.264691;-0.264673;0.264691;-0.0745343;0.137958;-0.088537;0.162708;-0.00310402;0.163163;0.00239801;9.97606e-06;0.0154287;9.77725e-06;0.0366913;5.81294e-05;1;0;1;0;1;0;
67;-0.284256;0.284216;-0.284186;0.284216;-0.284206;0.284216;0.0174821;0.106123;-0.00642453;0.120579;0.0576027;0.120842;0.0269288;5.41364e-06;0.0112119;0.0196762;0.0605294;3.35066e-05;1;0;1;0.518954;1;0;
68;-0.292512;0.292489;-0.292471;0.292489;-0.292483;0.321643;0.0623669;0.0533285;0.0707013;0.0617679;0.0645397;0.0619255;0.0157295;0.0260301;0.0236511;0.0114934;0.035352;0.0342752;0.66474;0.693448;1;0.45065;0.589817;1;
69;-0.291699;0.292808;-0.291675;0.286611;-0.293835;0.311344;0.0885206;-0.0209391;0.0933881;-0.0160258;0.0897895;-0.0159217;0.00918551;0.0295722;0.0138118;0.00671362;0.020645;0.0209523;0;1;0;0.352162;0;1;
70;-0.280949;0.281596;-0.280935;0.277977;-0.282196;0.292424;0.142081;-0.1026;0.144924;-0.0997431;0.142822;-0.0996739;0.00536388;0.0210339;0.00806563;0.00392211;0.0120563;0.013134;0;1;0;0.520597;0;1;
71;-0.258582;0.25896;-0.258574;0.256846;-0.25931;0.265285;0.19108;-0.168013;0.19274;-0.166354;0.191513;-0.166307;0.00313204;0.0122865;0.00470982;0.00229134;0.00704037;0.00767103;0;1;0;0.582769;0;1;
72;-0.225214;0.225435;-0.22521;0.2242;-0.22564;0.229129;0.223913;-0.209505;0.224883;-0.209472;0.224166;-0.209441;0.00182865;0.00717576;0.00275002;0.00133916;0.00411105;0.00447988;0;1;0;0.715166;0;1;
73;-0.18095;0.181079;-0.180947;0.180357;-0.181198;0.183236;0.242885;-0.205755;0.243451;-0.23445;0.243033;-0.233771;0.00106744;0.00419027;0.00160546;0.000782602;0.00240027;0.00261598;0;1;0;0.842643;0;1;
74;-0.122471;0.122546;-0.122469;0.122124;-0.122616;0.123807;0.25216;-0.206377;0.252491;-0.247233;0.252247;-0.236833;0.000622848;0.00244666;0.000937009;0.000457031;0.00140121;0.0015262;0;1;0;0.809478;0;0.960054;
75;-0.0438956;0.0439391;-0.0438947;0.043693;-0.0439798;0.0446771;0.246336;-0.192145;0.246749;-0.237346;0.246907;-0.227124;0.000363179;0.00142846;0.000546661;0.000266552;0.000817752;-0.00790099;0;1;0;0.647434;0;1;
76;0.0534496;-0.0534245;0.0534501;-0.0535681;0.0534005;-0.0529917;0.233025;-0.169613;0.231663;-0.215426;0.223527;-0.213322;0.000211532;0.000834591;0.000318708;0.000155747;0.000477012;-0.00461533;0;1;0;0.800997;0;1;
77;0.146925;-0.14691;0.146925;-0.146994;0.146896;-0.146657;0.21425;-0.141859;0.196569;-0.164301;0.194902;-0.188055;0.000123122;0.00197483;0.000185788;0.00171334;0.000278085;-0.00380688;0;1;0;0.864802;0;1;
78;0.214778;-0.21477;0.214778;-0.214819;0.214762;-0.214621;0.20018;-0.0787972;0.154513;-0.119152;0.163415;-0.149378;7.13801e-05;0.0203027;0.000107857;0.0129676;0.000161861;-0.00222253;0;1;0;1;0;1;
79;0.256704;-0.2567;0.256704;-0.256728;0.256695;-0.256612;0.173363;-0.032259;0.119254;-0.0671115;0.151891;-0.0957732;4.16595e-05;0.0346111;6.28069e-05;0.0155889;9.40766e-05;0.00426378;0.359013;1;0;0.872982;0;1;
80;0.28013;-0.280129;0.280131;-0.280145;0.280126;-0.280078;0.134462;-0.00111743;0.102857;-0.0309151;0.121917;-0.00939636;0.00586524;0.0202179;-0.000165743;0.0173548;5.44524e-05;0.0254389;0.720802;0.834209;0;0.624372;0;1;
81;0.291149;-0.291149;0.29115;-0.291158;0.291147;-0.291117;0.086934;0.031611;0.061923;0.0281721;0.0730521;0.0922754;0.0175659;0.0118095;0.00381083;0.0101368;3.13976e-05;0.0310109;1;0.571109;0.572422;0.460615;0;1;
82;0.283516;-0.292812;0.299861;-0.292818;0.303013;-0.29238;0.0110672;0.0581679;-0.00353651;0.0561606;0.00296523;0.130621;0.0102622;0.00689631;0.0199496;0.0059199;0.0249833;0.0181131;0.757016;0;0.920342;0;1;0.80725;
83;0.279591;-0.285021;0.289138;-0.285024;0.29098;-0.284768;-0.0751904;0.115624;-0.0837078;0.114452;-0.0799081;0.157936;0.00599467;0.00402702;0.0163821;0.0034569;0.0211035;0.0105775;0.711686;0;1;0;1;0;
84;0.262718;-0.265889;0.268294;-0.265891;0.269371;-0.265742;-0.149036;0.17265;-0.154001;0.171965;-0.15178;0.19736;0.00350203;0.00235132;0.0111289;0.00201848;0.0123278;0.00617678;0.749982;0;1;0;1;0;
85;0.233587;-0.23544;0.236845;-0.235441;0.237475;-0.235354;-0.198879;0.21267;-0.201772;0.212271;-0.200473;0.227101;0.00204594;0.00137266;0.0065012;0.0011784;0.00720021;0.00360674;0.635366;0;1;0;1;0;
86;0.193261;-0.194344;0.195165;-0.194344;0.195533;-0.194294;-0.228526;0.236581;-0.2299;0.236348;-0.208123;0.245009;0.00119526;0.000801089;0.00379733;0.000687761;0.00420421;0.00210584;0.682772;0;1;0;1;0;
87;0.139694;-0.140326;0.140807;-0.140327;0.141022;-0.140297;-0.244399;0.249103;-0.224121;0.248966;-0.205543;0.254024;0.000696331;0.000467286;0.00221798;0.000401103;0.0024545;0.00122928;0.718594;0;1;0;1;0;
88;0.0674158;-0.0677849;0.0680664;-0.0677858;0.0681924;-0.0677684;-0.250848;0.250552;-0.21744;0.250117;-0.190218;0.249041;0.000404586;0.000272367;0.00129573;0.000233668;0.00143359;0.000717354;0.781713;0;1;0;1;0;
89;-0.0259221;0.0257063;-0.0255411;0.0257056;-0.0254672;0.0257157;-0.233999;0.22955;-0.211474;0.237549;-0.184902;0.23577;-0.00379913;0.000158514;0.000757227;0.000135897;0.000836774;0.000418377;0.870409;0;1;0;1;0;
90;-0.123378;0.123251;-0.123154;0.123251;-0.123111;0.123257;-0.20387;0.207282;-0.192801;0.203321;-0.155442;0.198906;-0.00222053;9.20313e-05;0.000442917;7.8896e-05;0.000488904;0.000243802;0.97321;0;1;0;0.967966;0;
91;-0.199018;0.198942;-0.198885;0.198942;-0.198859;0.198945;-0.154174;0.169817;-0.154882;0.176993;-0.0998646;0.178113;-0.00172096;5.32522e-05;0.0014429;4.54997e-05;0.00807577;0.000141862;1;0;1;0;1;0;
92;-0.247372;0.247326;-0.247293;0.247327;-0.247277;0.247329;-0.105941;0.158273;-0.118809;0.165298;-0.045735;0.165952;-0.00613673;3.06555e-05;0.00881783;2.61336e-05;0.0187653;8.241e-05;1;0;0.721889;0;1;0;
93;-0.275153;0.275123;-0.275103;0.275124;-0.275095;0.275125;-0.0336682;0.132685;-0.0631289;0.136788;0.0405667;0.13717;0.0196943;1.74755e-05;0.00515155;1.48483e-05;0.0390592;4.77106e-05;1;0;1;0;1;0;
94;-0.289138;0.289121;-0.289109;0.289121;-0.289104;0.289122;0.050253;0.0890049;0.0464728;0.0914062;0.0581502;0.0916253;0.0414054;9.74223e-06;0.0319997;0.00630631;0.0320089;0.00351371;1;0.0290461;0.958861;0.45965;1;0.58399;
95;-0.293249;0.293238;-0.293231;0.293238;-0.293229;0.333046;0.0761798;0.0353397;0.0788316;0.0259271;0.0542701;0.026064;0.0241807;0.0340487;0.0186885;0.00368501;0.018693;0.0146947;0;1;0.551583;0.375334;0;1;
96;-0.288229;0.288223;-0.288219;0.288223;-0.288218;0.311474;0.115811;-0.050669;0.11736;-0.0561797;0.103016;-0.0560907;0.0141209;0.031514;0.0109135;0.00215349;0.0109163;0.0149515;0;1;0;0.397623;0;1;
97;-0.272344;0.27234;-0.272338;0.27234;-0.272337;0.285921;0.16848;-0.130426;0.169385;-0.133655;0.161008;-0.133596;0.00824611;0.0184085;0.00637301;0.00125876;0.00637476;0.00873256;0;1;0;0.549375;0;1;
98;-0.244884;0.244882;-0.244881;0.244882;-0.24488;0.252813;0.209337;-0.187103;0.209865;-0.188998;0.204973;-0.188958;0.00481524;0.0107522;0.00372135;0.000735728;0.00372236;0.00510116;0;0.959959;0;0.443903;0;1;
