1;-0.000363587;0.000116064;9.94835e-05;-0.000363587;0.000116064;9.94837e-05;0.034977;0.0347457;0.0352596;0.0349768;0.0347454;0.0352593;0.808667;0.808665;0.808666;0.808667;0.808665;0.808666;0;0;0;0;0;0;
2;0.0013133;0.00319811;0.0031138;-0.0006062;0.00283054;0.00309719;0.106342;0.106778;0.107273;0.152414;0.15511;0.134748;0.472329;0.472328;0.472328;0.472358;0.472367;0.472328;0.996589;1;1;1;1;1;
3;0.00199267;0.00680496;0.00636901;-0.00367836;-0.00136338;-0.00148389;0.0700049;0.0737476;0.079834;0.0889263;0.0913924;0.0879361;0.275856;0.275857;0.275855;0.27586;0.275866;0.275845;0.463399;0.636699;0.50844;0;0;0;
4;-0.000505;0.00329192;0.00338078;-0.000106477;0.00244479;0.00157782;0.139626;0.141394;0.14319;0.10839;0.11223;0.112243;0.161113;0.161111;0.161113;0.161118;0.161123;0.161109;0.582945;0.738343;0.758964;0.487544;0.766634;0.737609;
5;-0.00184519;0.00157328;0.00188676;-0.00138016;0.000780749;0.000131633;0.146992;0.149545;0.150113;0.140498;0.141862;0.143286;0.144652;0.143653;0.145136;0.122905;0.126275;0.124496;0.564351;0.684008;0.742997;0.47663;0.806531;0.723077;
6;-0.00184186;0.00156224;0.00191725;-0.00159159;0.000558664;-0.000106963;0.137944;0.141016;0.140883;0.146304;0.147208;0.149071;0.139774;0.138139;0.140692;0.128511;0.132321;0.12992;0.601908;0.72099;0.789078;0.463476;0.794149;0.675277;
7;-0.00160642;0.00169737;0.00207124;-0.00159823;0.000459919;-0.000222029;0.134278;0.137855;0.137209;0.149349;0.149428;0.152365;0.134974;0.132834;0.136187;0.131039;0.135699;0.131861;0.62249;0.71882;0.820907;0.463389;0.819801;0.671341;
8;-0.00158217;0.00172744;0.00210993;-0.00176444;0.000338429;-0.000343373;0.135014;0.140145;0.137835;0.148084;0.147166;0.151151;0.136709;0.132748;0.138285;0.126951;0.132694;0.127498;0.609585;0.642257;0.807796;0.465459;0.855693;0.676436;
9;-0.0017708;0.00158561;0.0019662;-0.00156964;0.000613058;-8.07784e-05;0.134097;0.140761;0.136961;0.147671;0.144727;0.150433;0.139007;0.132966;0.140044;0.12332;0.131783;0.124746;0.595716;0.570614;0.802236;0.453593;0.888241;0.775204;
10;-0.00232486;0.00111305;0.00145169;-0.00115115;0.0010007;0.000363233;0.130769;0.139556;0.13376;0.149449;0.144666;0.152349;0.138587;0.129489;0.138397;0.122722;0.133897;0.125051;0.599925;0.728511;0.845241;0.444499;0.917939;0.730158;
11;-0.00326883;0.000366795;0.00055625;-0.000357795;0.00167343;0.00119169;0.127664;0.139173;0.130777;0.151579;0.144966;0.154466;0.138442;0.125195;0.136255;0.121188;0.135369;0.125356;0.602247;0.678091;0.900126;0.442899;0.954858;0.687223;
12;-0.00473103;-0.000713199;-0.00085213;0.00110358;0.00289433;0.00270515;0.125752;0.139871;0.129223;0.152433;0.144227;0.155561;0.140316;0.122522;0.134665;0.11776;0.135177;0.124621;0.579256;0.624291;0.956358;0.449378;0.993356;0.633315;
13;-0.00702579;-0.00251033;-0.00320189;0.00342843;0.00465061;0.00498247;0.124779;0.140073;0.128961;0.151801;0.143355;0.155995;0.142686;0.121364;0.131479;0.11453;0.134245;0.124727;0.522933;0.5931;1;0.469433;1;0.564365;
14;-0.0102636;-0.00501893;-0.00658025;0.0067652;0.00704848;0.00819444;0.126077;0.138808;0.130831;0.149208;0.142911;0.153578;0.144025;0.122963;0.125542;0.111975;0.131812;0.128425;0.67215;0.628724;1;0.512363;0.983489;0.510588;
15;-0.0137774;-0.00753199;-0.0104035;0.0115271;0.0104537;0.0126763;0.139408;0.142874;0.141644;0.136336;0.135885;0.138119;0.135893;0.122729;0.112571;0.116728;0.13276;0.144347;0.575913;0.777755;1;0.578429;0.825135;0.473099;
16;-0.0183351;-0.010627;-0.0150569;0.0180941;0.0157062;0.0191059;0.1496;0.13443;0.151435;0.12876;0.145878;0.132335;0.137746;0.142391;0.103715;0.109156;0.108174;0.145639;0.188709;0.78874;0.955407;0.70915;0.5697;0.64961;
17;-0.0611321;0.00105435;-0.00689544;0.0730275;-0.0532931;0.073623;0.150874;0.128387;0.18979;0.0675444;0.119079;0.0985237;0.0804527;0.194643;0.0710406;0.111475;0.0631749;0.175606;0.463461;0.504374;0.993879;0.500142;0.37495;0.980202;
18;-0.100687;0.0106172;0.000356776;0.109389;-0.097863;0.108448;0.176733;0.122366;0.230555;0.0153593;0.131107;0.0666142;0.0469874;0.255574;0.0603311;0.115762;0.0368934;0.180813;0.481471;0.794938;0.968869;0.541051;0;0.963966;
19;-0.118405;0.0151574;-0.0259657;0.122854;-0.117909;0.118051;0.201739;0.121156;0.265597;-0.0314294;0.164349;0.0251959;0.0274436;0.288412;0.0439525;0.145319;0.021545;0.203583;0.469603;1;0.792365;0.493682;0;1;
20;-0.106096;0.0460827;-0.055911;0.0635473;-0.111651;0.0659124;0.231652;0.116836;0.260925;-0.0525294;0.198103;-0.0403647;0.016027;0.354311;0.0256696;0.155437;0.0125817;0.160971;0.84471;0.742735;0.394116;0.429851;0;1;
21;-0.0956017;0.0555928;-0.0473027;0.0497242;-0.0774268;0.0506681;0.24397;0.115097;0.263254;-0.0548268;0.222013;-0.0406652;-0.0227395;0.337903;0.0149922;0.180493;0.00734712;0.15619;0.856163;0.980824;0.424835;0.412482;0;1;
22;-0.109868;0.0338688;0.00434952;-0.00292698;-0.0132411;-0.00239067;0.261315;0.120614;0.261465;-0.057805;0.234674;-0.0621779;-0.0219835;0.356293;0.00892944;0.167868;0.0042901;0.133306;0.907653;0.826799;0.599087;0.47471;0;1;
23;-0.127325;0.0110111;0.0851918;-0.0801776;0.0749185;-0.0840558;0.257525;0.118039;0.252156;-0.044001;0.229548;-0.0707765;-0.0295968;0.355746;0.00521429;0.17467;0.0025048;0.113362;1;0.735769;0;0.401076;0;1;
24;-0.134648;-0.000409145;0.167005;-0.147209;0.161005;-0.166345;0.24692;0.122891;0.235959;-0.0218159;0.202443;-0.0686146;-0.0354226;0.343505;0.00304467;0.183881;0.00146239;0.0852467;1;0.368396;0;0.325987;0;1;
25;-0.0390273;-0.0239526;0.226804;-0.180138;0.223299;-0.226417;0.224812;0.0761463;0.211044;0.00184757;0.19147;-0.109215;-0.0258247;0.282243;0.00177781;0.152318;0.000853298;0.00245514;1;0;0;0.407015;0;1;
26;0.0469379;-0.0348345;0.263646;-0.197429;0.2616;-0.26342;0.192504;0.0791127;0.177584;0.0244993;0.166153;-0.129661;-0.0140637;0.196273;0.00103734;0.143294;0.000498014;-0.0635254;1;0.151995;0;0.307352;0;1;
27;0.106018;-0.12112;0.283964;-0.209099;0.282769;-0.28536;0.145113;0.0378188;0.13417;0.0711982;0.127494;-0.133661;-0.000214981;0.114635;0.000605681;0.129796;0.000290315;-0.0889588;1;0;0;0.480652;0;1;
28;0.189075;-0.197914;0.293014;-0.218508;0.288801;-0.293599;0.0927828;0.024005;0.0764314;0.103164;0.072539;-0.122123;0.0418248;0.0669452;0.000353174;0.0979326;0.0442592;-0.172611;1;0;0;0;0.462154;1;
29;0.17366;-0.237695;0.292256;-0.244359;0.266692;-0.246908;0.00991271;0.0582992;0.000353032;0.120432;0.0473461;-0.0270584;0.0243148;0.0390952;0.000205812;0.0571936;0.173025;-0.144932;1;0;0;0;0.321945;1;
30;0.147742;-0.251624;0.296384;-0.255516;0.229348;-0.254818;-0.0792649;0.119118;-0.0848675;0.155403;0.0352759;0.069254;0.0506123;0.0228311;0.000675342;0.0334003;0.224813;-0.155589;1;0;0.0820758;0;0.503951;1;
31;0.110227;-0.244606;0.270748;-0.246878;0.209267;-0.248582;-0.132707;0.175922;-0.155918;0.197113;0.0512369;0.134795;0.070235;0.0133329;0.00533718;0.0195051;0.259075;-0.14693;1;0;1;0;0.662215;1;
32;0.123734;-0.220848;0.236971;-0.222177;0.108894;-0.224683;-0.123476;0.214799;-0.0961656;0.227174;-0.00585478;0.190778;0.114495;0.00778606;0.114506;0.0113904;0.183453;-0.091123;0.781518;0;1;0;1;0;
33;0.0695802;-0.183149;0.19257;-0.183923;0.0771733;-0.185387;-0.123778;0.237741;-0.111627;0.244969;-0.00554633;0.223713;0.107896;0.00454616;0.106471;0.00665164;0.185093;-0.0532154;0.62786;0;1;0;1;0;
34;0.00122367;-0.130193;0.135698;-0.130646;0.0400783;-0.131501;-0.139565;0.249562;-0.146644;0.253782;0.0192075;0.24137;0.0813706;0.00265449;0.0628289;0.00388392;0.20864;-0.0310781;0.94268;0;1;0;1;0;
35;-0.0678371;-0.057001;0.0602202;-0.0572649;0.00437126;-0.0577642;-0.102621;0.247501;-0.126055;0.248073;-0.00807083;0.24869;0.115282;0.0015496;0.0809394;0.0022677;0.167339;-0.0181499;0.862211;0;1;0;1;0;
36;-0.150272;0.037193;-0.0353015;0.0370389;-0.0679285;0.0367472;-0.0988759;0.229835;-0.144688;0.236697;0.0108213;0.232062;0.0946341;0.000904282;0.0639519;0.00132394;0.178693;-0.0105998;0.964869;0;1;0;1;0;
37;-0.230132;0.132952;-0.131833;0.132862;-0.150898;0.132692;-0.0684516;0.207376;-0.12712;0.201516;0.0174826;0.20645;0.106275;0.00052759;0.0709016;0.000772624;0.15355;-0.00619078;1;0;1;0;1;0;
38;-0.295589;0.205456;-0.204792;0.205403;-0.215931;0.205303;-0.0313199;0.199071;-0.102433;0.195649;0.0312484;0.198531;0.0997142;0.000307479;0.0601731;0.000450892;0.139424;-0.00361568;1;0;1;0;1;0;
39;-0.330351;0.251209;-0.250815;0.248043;-0.250495;0.25112;0.00246441;0.176208;-0.0701053;0.17421;0.0395111;0.175892;0.10301;0.000179141;0.0403311;-0.00805084;0.11784;-0.002112;1;0;1;0.416179;1;0;
40;-0.33085;0.277232;-0.254138;0.254335;-0.2614;0.27718;0.0409072;0.140629;-0.0302522;0.139467;0.0370452;0.140445;0.100804;0.000104142;0.0235556;-0.0120539;0.0813531;-0.00123377;0.913017;0;1;0.691141;0.832247;0;
41;-0.329224;0.290039;-0.249777;0.245905;-0.277865;0.290007;0.0694139;0.0901805;0.017373;0.0956427;0.0515624;0.0900716;0.079251;0.0101388;-0.0135091;0.0262271;0.0475179;-0.000720836;0.630427;0.11382;1;0.972142;0.55529;0;
42;-0.320827;0.259076;-0.265708;0.253421;-0.285965;0.302583;0.0780185;0.0448985;0.0423171;0.0309325;0.060788;0.0206735;0.0462844;0.0985829;-0.0185467;0.0530571;0.0277486;0.02831;0.273055;0.495966;1;0.953629;0;0.734691;
43;-0.303299;0.215256;-0.272765;0.244182;-0.28294;0.292933;0.12086;0.0380896;0.100014;-0.0572158;0.110797;-0.0632082;0.0270295;0.155578;-0.0149393;0.0974572;0.0162047;0.0737947;0;0.968473;0.840173;0.617296;0;1;
44;-0.2795;0.169521;-0.261668;0.218588;-0.26761;0.273442;0.173177;0.0448742;0.161002;-0.11811;0.1673;-0.127324;0.0157846;0.218278;-0.00872495;0.0909517;0.00946318;0.0621928;0;1;0;0.490037;0;1;
45;-0.247003;0.145505;-0.236589;0.191625;-0.240059;0.243458;0.212469;0.0234851;0.205359;-0.122824;0.209037;-0.128629;0.00921759;0.212571;-0.00509587;0.11047;0.00552602;0.0805124;0;1;0;0.5817;0;1;
46;-0.205521;0.0754831;-0.199439;0.168144;-0.201466;0.203449;0.236563;0.0143559;0.232411;-0.131786;0.234559;-0.123086;0.0053826;0.203065;-0.00297633;0.10185;0.00322654;0.0917334;0;0.867474;0;0.527741;0;1;
47;-0.152744;0.0287145;-0.149192;0.122597;-0.150376;0.15154;0.249435;0.016694;0.247011;-0.136429;0.248265;-0.133629;0.00314284;0.204836;-0.00173869;0.0892053;0.00188375;0.0810248;0;1;0;0.624549;0;1;
48;-0.0830812;0.0106445;-0.0810071;0.0588179;-0.0816987;0.0823921;0.250971;0.00276103;0.251087;-0.11387;0.251439;-0.132245;0.0018349;0.186981;-0.00101587;0.10157;0.00109953;0.0761948;0;0.850993;0;0.633171;0;1;
49;0.0077151;-0.0500196;0.00892629;-0.0219013;0.00852237;-0.00810098;0.237383;0.012532;0.239246;-0.110004;0.234734;-0.144035;0.00107111;0.184763;-0.000593749;0.0926942;0.000641498;0.0652336;0;1;0;0.714595;0;1;
50;0.10696;-0.131664;0.107668;-0.11526;0.107432;-0.10717;0.216754;0.0179593;0.213978;-0.0879639;0.21527;-0.131116;0.000625002;0.168629;-0.00034728;0.0926392;0.000374111;0.0656206;0;1;0;0.800044;0;0.992338;
51;0.187634;-0.202056;0.188047;-0.192491;0.187909;-0.187744;0.208953;0.0289559;0.207331;-0.054208;0.208086;-0.107208;0.000364595;0.148515;-0.000203217;0.0898402;0.000217916;0.0623479;0;1;0;0.861632;0;0.867601;
52;0.240489;-0.248907;0.24073;-0.243331;0.24065;-0.240547;0.187269;0.0489136;0.186322;-0.0240422;0.186763;-0.0830848;0.000212467;0.128892;-0.000119129;0.0783141;0.000126749;0.0487207;0;1;0;0.930927;0;0.823473;
53;0.264281;-0.274138;0.271506;-0.271876;0.271459;-0.271399;0.153788;0.0505333;0.153233;0.0194324;0.153491;-0.0410329;-0.00774795;0.0969768;-6.99972e-05;0.081166;7.35685e-05;0.0284578;0.588992;1;0;0.822745;0;0.948958;
54;0.266025;-0.28904;0.287506;-0.284781;0.287478;-0.283933;0.107012;0.0509703;0.106682;0.0642146;0.106832;-0.00207362;-0.00489768;0.058343;-4.12991e-05;0.0810483;4.25773e-05;0.0166152;1;0.697686;0;0.593315;0;1;
55;0.267084;-0.294282;0.294183;-0.291223;0.275335;-0.289735;0.0453372;0.0590741;0.0423405;0.0680755;0.0460107;0.0249286;0.0455407;0.034072;0.0211476;0.0473331;0.0817875;0.00120958;1;0.188474;0.512371;0.17374;0.572998;1;
56;0.250597;-0.290469;0.278677;-0.288683;0.237989;-0.298507;-0.0362742;0.098642;-0.0394033;0.103899;0.0393724;0.0787063;0.0904275;0.0198975;0.058342;0.0276419;0.133283;-0.000541167;0.694324;0;1;0;0.87538;0.776641;
57;0.225298;-0.276338;0.2501;-0.275295;0.171497;-0.281033;-0.111075;0.154952;-0.111405;0.158022;0.0385431;0.14331;0.0952267;0.0116197;0.0646076;0.0161423;0.198561;-0.000316497;0.690834;0;1;0;1;0;
58;0.168264;-0.25066;0.192027;-0.25005;0.155812;-0.253401;-0.109033;0.200577;-0.136525;0.20237;0.0175829;0.193778;0.10886;0.00678544;0.0723652;0.00942653;0.204608;-0.000185349;0.760592;0;1;0;1;0;
59;0.138757;-0.21431;0.155919;-0.213954;0.0902859;-0.215911;-0.12507;0.229644;-0.133061;0.230692;0.0110256;0.225674;0.107586;0.00396203;0.0822251;0.00550466;0.198248;-0.0001086;0.754495;0;1;0;1;0;
60;0.118194;-0.166572;0.132473;-0.166364;0.0543203;-0.167507;-0.131939;0.245862;-0.136033;0.246473;0.0131764;0.243543;0.0961503;0.00231324;0.0787195;0.00321415;0.200738;-6.39122e-05;0.944719;0;1;0;1;0;
61;0.0748471;-0.103107;0.0831981;-0.102985;0.0375045;-0.103652;-0.118035;0.253168;-0.135718;0.253526;0.00386302;0.251814;0.105853;0.0013503;0.078814;0.00187657;0.18609;-3.77924e-05;0.811003;0;1;0;1;0;
62;0.00192942;-0.0184401;0.00682106;-0.0183691;-0.0198735;-0.0187589;-0.112551;0.241948;-0.141385;0.241284;0.00806281;0.24396;0.0946453;0.000787942;0.0690855;0.00109545;0.18394;-2.25359e-05;0.854065;0;1;0;1;0;
63;-0.0905189;0.0808755;-0.0876575;0.0809168;-0.10325;0.0806891;-0.0950745;0.220492;-0.13041;0.224132;0.012458;0.222062;0.0920708;0.000459591;0.0691951;0.00063925;0.170019;-1.36585e-05;0.941024;0;1;0;1;0;
64;-0.174107;0.168484;-0.172449;0.168508;-0.181549;0.168375;-0.066718;0.18999;-0.10978;0.216339;0.0244708;0.189127;0.0892772;0.000267791;0.0683055;0.000372919;0.151874;-8.284e-06;0.854699;0;0.944008;0;1;0;
65;-0.231884;0.22861;-0.23093;0.228624;-0.236238;0.228547;-0.0371381;0.181223;-0.085892;0.19661;0.0435326;0.180719;0.0774344;0.000155863;0.0568455;0.000217353;0.135316;-5.31097e-06;0.796675;0;0.843221;0;1;0;
66;-0.26211;0.264689;-0.266049;0.259133;-0.267428;0.264651;0.0031822;0.156475;-0.0516118;0.165461;0.053697;0.15618;0.0703444;9.05541e-05;0.041276;-0.000594702;0.105339;-3.51802e-06;1;0;0.863914;0.0786099;1;0;
67;-0.273366;0.284215;-0.285009;0.268903;-0.285572;0.284193;0.0468215;0.116936;-0.00543806;0.122188;0.0498644;0.116764;0.0794244;5.24408e-05;0.0241061;-0.00873467;0.0659148;-2.4225e-06;1;0;1;0.701889;0.819819;0;
68;-0.277221;0.291021;-0.286674;0.259204;-0.299303;0.291021;0.0730699;0.0596432;0.0415504;0.0683815;0.0662494;0.0595374;0.054788;0.0403792;-0.0201223;0.0469331;0.0384984;0.0207994;0.253963;0.624755;1;0.965228;0.446068;0.445452;
69;-0.282769;0.240026;-0.305882;0.264024;-0.295665;0.291175;0.0947713;0.0418101;0.0763711;-0.0121499;0.0907879;-0.017316;0.0319955;0.115599;-0.00212907;0.0683647;0.0224825;0.0606691;0;0.747261;0.864131;0.784531;0;1;
70;-0.275734;0.19416;-0.289232;0.233235;-0.283265;0.261721;0.145731;0.0431191;0.134987;-0.0974642;0.143405;-0.10024;0.0186848;0.182806;-0.00104092;0.0976606;0.0131293;0.061351;0;1;0.399513;0.590405;0;1;
71;-0.255536;0.15626;-0.263419;0.180291;-0.259934;0.211015;0.193212;0.0300108;0.186937;-0.122964;0.191853;-0.141567;0.0109113;0.207032;-0.00060842;0.105701;0.00766708;0.0716904;0;1;0;0.658815;0;1;
72;-0.223435;0.111658;-0.228039;0.146009;-0.226004;0.172369;0.225158;0.0101263;0.221493;-0.122175;0.224365;-0.132865;0.00637171;0.199284;-0.000355751;0.108773;0.00447698;0.0820977;0;1;0;0.683742;0;1;
73;-0.179911;0.0666148;-0.182599;0.127231;-0.181411;0.150087;0.243612;0.0148946;0.241472;-0.135498;0.243149;-0.137156;0.00372051;0.204596;-0.000208222;0.0933011;0.00261396;0.0771974;0;1;0;0.722807;0;1;
74;-0.121864;0.0371799;-0.123434;0.0899947;-0.12274;0.104453;0.252585;0.00664579;0.251335;-0.12802;0.252314;-0.134037;0.00217225;0.19286;-0.000122156;0.0979418;0.00152599;0.0768986;0;1;0;0.752019;0;1;
75;-0.0435408;-0.00591832;-0.0444578;0.0249185;-0.0440526;0.0333835;0.247114;0.00463921;0.246995;-0.117078;0.245921;-0.138721;0.0012681;0.184895;-7.18022e-05;0.0937631;0.000890551;0.0718665;0;1;0;0.803614;0;1;
76;0.0536569;-0.0825403;0.0531213;-0.0645421;0.0533581;-0.0595783;0.229709;0.0126897;0.228498;-0.107213;0.228672;-0.1372;0.000740045;0.177207;-4.24583e-05;0.085423;0.000519528;0.066474;0;1;0;0.889698;0;1;
77;0.147046;-0.16391;0.146733;-0.153408;0.146871;-0.150496;0.204318;0.0199492;0.196448;-0.0760519;0.197355;-0.114747;0.000431725;0.151969;-2.52661e-05;0.08711;0.000302835;0.0695676;0;1;0;0.948851;0;1;
78;0.214849;-0.224694;0.214666;-0.218564;0.214747;-0.216862;0.19438;0.0374415;0.189784;-0.0500291;0.189988;-0.0936553;0.000251695;0.142076;-1.51762e-05;0.0753098;0.000176319;0.0579072;0;1;0;1;0;0.965277;
79;0.256746;-0.262493;0.256639;-0.258883;0.256686;-0.257925;0.169975;0.0546233;0.16729;-0.0139331;0.167409;-0.0662903;0.000146541;0.113749;-9.30762e-06;0.0653874;0.000102491;0.0471622;0;1;0;1;0;0.884934;
80;0.280155;-0.283514;0.280093;-0.275648;0.280121;-0.280849;0.132478;0.0681444;0.13091;0.0308386;0.13098;-0.0299207;0.00262815;0.0755283;-5.84922e-06;0.0503968;5.94181e-05;0.0275467;0.0597305;1;0;1;0;0.81145;
81;0.277613;-0.309169;0.288834;-0.285847;0.284551;-0.292103;0.0792251;0.0656777;0.0783047;0.0747955;0.0783468;0.0146462;0.0158515;0.0441142;0.00218617;0.0486614;0.0193726;0.016084;0.729848;0.707719;0.205709;0.71469;0.377342;1;
82;0.278348;-0.308145;0.288387;-0.288843;0.255626;-0.301871;0.00657026;0.0778138;0.00603441;0.0961341;0.0502379;0.0482638;0.0594575;0.0257609;0.0568779;0.0284197;0.0875979;0.0116913;0.743674;0;1;0.264298;0.747299;0.709728;
83;0.236362;-0.293975;0.252187;-0.282703;0.205252;-0.290311;-0.077803;0.127097;-0.0781117;0.137796;0.0422481;0.10984;0.0849372;0.0150439;0.054792;0.0165966;0.162495;0.00682722;0.588697;0;1;0;1;0;
84;0.193558;-0.271118;0.209068;-0.264535;0.158983;-0.268978;-0.115357;0.17935;-0.131236;0.185599;0.0260942;0.169272;0.0923691;0.00878517;0.07723;0.00969185;0.202046;0.00398662;0.780985;0;1;0;1;0;
85;0.161559;-0.238494;0.176384;-0.234649;0.134073;-0.237244;-0.123073;0.216583;-0.134246;0.220232;0.0124135;0.210698;0.104008;0.00512997;0.0800981;0.00565953;0.203227;0.0023277;0.757349;0;1;0;1;0;
86;0.149912;-0.196127;0.159146;-0.193881;0.0788784;-0.195397;-0.137589;0.238866;-0.1296;0.240997;0.0120351;0.235429;0.0931245;0.00299528;0.0861899;0.00330464;0.200668;0.00135894;0.784634;0;1;0;1;0;
87;0.114374;-0.141368;0.119772;-0.140056;0.035251;-0.140942;-0.138055;0.250437;-0.12773;0.251682;0.00763172;0.24843;0.0878184;0.00174864;0.0864452;0.00192942;0.194409;0.000793103;0.809453;0;1;0;1;0;
88;0.0526227;-0.0683931;0.0557848;-0.0676271;0.00641794;-0.0681439;-0.125858;0.249428;-0.132065;0.24966;0.00330177;0.249123;0.0903218;0.00102058;0.080762;0.00112626;0.183225;0.000462697;0.889029;0;1;0;1;0;
89;-0.0345666;0.0253512;-0.0327091;0.0257985;-0.061544;0.0254966;-0.114354;0.231799;-0.13207;0.234649;0.00631857;0.23658;0.0829778;0.000595424;0.0754722;0.000657254;0.175164;0.000269722;0.965877;0;1;0;1;0;
90;-0.128428;0.123044;-0.127338;0.123305;-0.144178;0.123129;-0.0906316;0.206357;-0.115533;0.212039;0.0146674;0.207847;0.0799966;0.000347161;0.0731731;0.000383373;0.157569;0.000157036;1;0;0.91914;0;1;0;
91;-0.201957;0.198822;-0.201333;0.190918;-0.211157;0.198871;-0.0588703;0.169816;-0.0880904;0.203448;0.0209219;0.19708;0.0795935;0.000202273;0.065998;-0.00422642;0.14372;9.12932e-05;1;0;0.940986;0.237092;1;0;
92;-0.241099;0.247256;-0.24873;0.211597;-0.213385;0.247285;-0.0230937;0.161106;-0.062339;0.180748;0.0181099;0.177028;0.0932089;0.000117567;0.0392868;-0.0262958;0.121837;5.29477e-05;0.864892;0;1;0.674477;0.917906;0;
93;-0.264088;0.275083;-0.27594;0.196738;-0.242808;0.275099;0.00820166;0.13434;-0.028066;0.145816;0.0227658;0.143638;0.0867919;6.82451e-05;0.0229434;-0.0153614;0.100286;3.04598e-05;0.643908;0;1;1;0.466074;0;
94;-0.265408;0.289097;-0.279693;0.211245;-0.245621;0.289107;0.0564846;0.0899713;0.0320865;0.0991141;0.0202378;0.0954013;0.0795946;3.94761e-05;-0.0213665;-0.0104599;0.058578;1.73891e-05;0.448872;0;1;1;0.141202;0;
95;-0.277124;0.280141;-0.286404;0.245768;-0.267834;0.29323;0.0540335;0.0250951;0.04628;0.0386337;0.0392745;0.0282557;0.0464846;0.0883905;-0.0447564;0.0362246;0.0342089;9.93073e-06;0.1387;0.413908;1;1;0;0;
96;-0.278813;0.241163;-0.3005;0.237357;-0.273388;0.286832;0.102878;0.00599385;0.0983514;-0.0375416;0.094258;-0.0548185;0.0271465;0.149021;-0.0572716;0.0779478;0.0199775;0.0151699;0;0.568237;1;0.939606;0;0.804231;
97;-0.266845;0.220738;-0.283861;0.210531;-0.263676;0.270886;0.160927;0.0192788;0.158283;-0.102592;0.155893;-0.132853;0.015853;0.198687;-0.0335859;0.0991753;0.0116665;0.02138;0;1;0.780336;0.676781;0;1;
98;-0.241673;0.117393;-0.252644;0.210843;-0.239822;0.243859;0.204926;0.00644231;0.203382;-0.13667;0.201986;-0.137615;0.00925761;0.192815;-0.0196148;0.0944286;0.00681279;0.0706474;0;1;0;0.531169;0;1;
