1;-0.000363586;0.000116064;9.94834e-05;-0.000363586;0.000116064;9.94835e-05;0.0349771;0.0347458;0.0352596;0.0349769;0.0347456;0.0352594;0.808667;0.808665;0.808666;0.808667;0.808665;0.808666;0;0;0;0;0;0;
2;-0.00049614;-0.000185178;0.000261962;-0.000922338;0.0002786;-0.000153258;0.116731;0.118271;0.121332;0.116507;0.118207;0.122568;0.472375;0.472378;0.472384;0.472377;0.47238;0.472386;1;0.935527;1;1;0.940818;1;
3;-0.00176013;-0.00562142;-0.00470566;-0.00287621;-0.00471574;-0.00506256;0.0665771;0.0868831;0.102227;0.0654907;0.0776642;0.105329;0.275872;0.275883;0.275886;0.275874;0.275882;0.275888;0;0;0;0;0;0;
4;0.00106673;0.00390117;0.00564521;0.00472944;0.00614155;0.00713307;0.0879589;0.117036;0.141991;0.0983426;0.109968;0.149237;0.161114;0.161128;0.161134;0.161119;0.161122;0.161137;0.682681;0.27481;0.797985;0.352942;1;0.796611;
5;-0.00136371;0.00255364;0.00442313;0.00247148;0.00526093;0.00602603;0.13238;0.14378;0.158375;0.126319;0.134709;0.15026;0.106426;0.129294;0.14222;0.118695;0.122722;0.152749;0.938656;0.607686;0.988152;0.553228;1;0.794211;
6;-0.00290599;0.00154783;0.00363336;0.000120626;0.00347535;0.00451262;0.128215;0.142389;0.15803;0.124876;0.134192;0.151805;0.108424;0.128223;0.140273;0.120444;0.123168;0.149811;0.875136;0.607485;1;0.47468;1;0.906189;
7;-0.00359077;0.00121924;0.00337141;-0.00115034;0.00251733;0.00367814;0.126107;0.140921;0.154692;0.125726;0.134282;0.151381;0.106805;0.125719;0.140187;0.121154;0.124622;0.151004;0.897209;0.604087;1;0.472221;1;0.899715;
8;-0.00354427;0.00153113;0.00363875;-0.00118455;0.00279688;0.00389148;0.12485;0.140898;0.153209;0.125651;0.132993;0.151618;0.107121;0.124204;0.140323;0.119988;0.125058;0.149067;0.899204;0.587;1;0.465223;1;0.889759;
9;-0.00394459;0.00125848;0.00335691;-0.00113912;0.00298038;0.00407042;0.123508;0.142008;0.151991;0.125769;0.13149;0.151696;0.108952;0.122434;0.140944;0.117222;0.124648;0.146516;0.941744;0.560799;1;0.464888;1;0.881685;
10;-0.00491309;0.000701257;0.00275894;-0.00115218;0.00325797;0.00441123;0.120851;0.141476;0.149346;0.128274;0.132094;0.154101;0.109189;0.11931;0.139553;0.114717;0.125466;0.144892;0.957725;0.543068;1;0.450967;1;0.840864;
11;-0.00550477;0.000330904;0.00215881;-0.000234158;0.00403714;0.00528804;0.117865;0.140993;0.146257;0.130105;0.131842;0.155914;0.109454;0.115481;0.13782;0.113489;0.128069;0.144956;0.981898;0.507873;1;0.449757;1;0.80675;
12;-0.00755057;-0.00143228;0.000144235;0.00116135;0.00519918;0.00668905;0.116382;0.141262;0.143076;0.131405;0.13096;0.15667;0.111413;0.113364;0.137624;0.109399;0.128883;0.144892;0.987197;0.473284;1;0.468354;1;0.747258;
13;-0.0104796;-0.0039702;-0.00284263;0.00434717;0.00805206;0.00978065;0.116491;0.141801;0.143873;0.130388;0.129849;0.156858;0.114766;0.113004;0.132993;0.104777;0.127873;0.145141;0.943753;0.460618;1;0.507424;1;0.673721;
14;-0.0147964;-0.00761608;-0.00718244;0.00805552;0.0111768;0.0134128;0.117814;0.141092;0.146188;0.126803;0.129642;0.154997;0.117821;0.114537;0.125916;0.102191;0.125373;0.14852;0.823891;0.480459;1;0.579066;1;0.606798;
15;-0.0188835;-0.0107526;-0.0115072;0.0130006;0.0150885;0.0180484;0.11957;0.132368;0.145279;0.126472;0.137082;0.154877;0.122836;0.128337;0.12484;0.0931045;0.111047;0.147733;0.531164;0.55107;1;0.704398;1;0.703149;
16;-0.0230028;-0.0133756;-0.0156678;0.0175482;0.0182213;0.0225085;0.139959;0.135269;0.162833;0.103622;0.131944;0.130091;0.112173;0.135507;0.109751;0.104791;0.104351;0.168854;0.355231;0.809253;1;0.884981;0.780569;0.671349;
17;-0.0504448;0.00225194;-0.00398388;0.0653357;-0.00248258;0.0700081;0.148953;0.133316;0.202456;0.0498532;0.124611;0.106319;0.0757217;0.189667;0.0907909;0.100985;0.060949;0.170523;0.354523;0.75282;1;0.800282;0.345729;1;
18;-0.0914944;0.00915324;0.000898459;0.104895;-0.0681894;0.106233;0.170554;0.128175;0.238447;0.000120453;0.134337;0.0681557;0.0442237;0.237166;0.0704502;0.11037;0.0355935;0.198539;0.290915;0.721306;1;0.919958;0;1;
19;-0.104949;0.00276159;-0.00524984;0.121838;-0.10058;0.11808;0.191575;0.125197;0.27682;-0.0498492;0.166236;0.0309054;0.0260147;0.283542;0.0588688;0.126218;0.0207859;0.212059;0.330298;1;0.733112;0.804253;0;1;
20;-0.0927111;0.028088;-0.022752;0.074478;-0.109645;0.0743076;0.214005;0.122023;0.283221;-0.0656831;0.199205;-0.0139818;0.0119492;0.308708;0.0542689;0.156812;0.0121383;0.189578;0.711452;1;0.334196;0.562961;0;1;
21;-0.070093;0.0501288;-0.0258664;0.0549698;-0.0762552;0.0553737;0.232168;0.120953;0.272478;-0.0745676;0.222657;-0.0417984;-0.00694803;0.333597;0.0316935;0.163251;0.00708826;0.168484;0.809998;0.897879;0.491829;0.623922;0;1;
22;-0.0864261;0.0283028;0.0168681;0.000130953;-0.0125571;0.000361966;0.239601;0.118421;0.264948;-0.0589704;0.23505;-0.050109;-0.028603;0.327958;0.0185099;0.155853;0.00413885;0.157992;0.904217;1;0.15261;0.637557;0;1;
23;-0.0933769;0.0173867;0.0925028;-0.0825586;0.0753178;-0.0824452;0.246602;0.125522;0.254191;-0.0570245;0.227357;-0.0669351;-0.0359169;0.340911;0.0108095;0.163898;0.00241649;0.11641;1;0.731567;0.284472;0.504022;0;1;
24;-0.111682;-0.00822418;0.171274;-0.151509;0.161238;-0.165406;0.232883;0.106285;0.237147;-0.0235884;0.193217;-0.0586421;-0.0433022;0.349536;0.00631217;0.162551;0.00141063;0.0976574;1;0.176432;0;0.502413;0;1;
25;-0.0328573;-0.0118141;0.229298;-0.187546;0.223436;-0.225868;0.21267;0.078566;0.211738;-0.0077317;0.184986;-0.101029;-0.0321742;0.300909;0.00368586;0.147332;0.000823255;0.0388961;1;0.392464;0;0.484182;0;1;
26;0.0610807;-0.0352047;0.265103;-0.204407;0.261679;-0.2631;0.18274;0.0780995;0.177989;0.0184701;0.162366;-0.099525;-0.018792;0.194625;0.00215198;0.130356;0.000480343;-0.0697343;1;0.582577;0;0.590387;0;1;
27;0.00356194;-0.132854;0.284814;-0.235685;0.282815;-0.283111;0.137186;0.0545575;0.134406;0.0730179;0.125283;-0.0321198;-0.0363991;0.129126;0.00125625;0.121579;0.000280105;-0.040733;1;0.106323;0;0.536605;0;1;
28;0.111869;-0.201644;0.293511;-0.240761;0.313974;-0.290299;0.0832257;0.0359625;0.0765699;0.0867436;0.0712486;-0.0590653;0.0208047;0.0754098;0.000733516;0.0859488;0.0291184;-0.111963;0.946834;0;0;0.194174;0.424622;1;
29;0.187427;-0.239873;0.296359;-0.262716;0.307445;-0.254562;0.00433149;0.0652821;0.000433813;0.0949386;0.0403737;0.0052866;0.0283702;0.0440381;0.000427806;0.0501934;0.132263;-0.156195;1;0;0;0;0;1;
30;0.177202;-0.252897;0.288324;-0.266454;0.267824;-0.244447;-0.082531;0.123196;-0.0848204;0.140515;0.0342097;0.0881436;0.0281288;0.0257179;-0.00845923;0.0293122;0.202898;-0.137177;1;0;0.803773;0;0.556625;1;
31;0.147431;-0.245349;0.265184;-0.253266;0.239508;-0.245699;-0.150367;0.178304;-0.155888;0.188419;0.031408;0.146414;0.0621099;0.0150188;0.000632053;0.0171177;0.261611;-0.121963;1;0;1;0;0.782311;1;
32;0.110518;-0.221283;0.232864;-0.225906;0.219453;-0.250385;-0.168598;0.21619;-0.203093;0.222097;0.0457233;0.167717;0.0617088;0.00877042;0.0161625;0.00999612;0.26319;-0.096381;1;0;1;0;1;0.643571;
33;0.0977141;-0.183401;0.190166;-0.186102;0.185893;-0.202385;-0.12446;0.238554;-0.120498;0.242003;-0.033398;0.210244;0.139316;0.00512148;0.108905;0.00583706;0.171421;-0.0562895;0.609448;0;1;0;1;0;
34;0.0379719;-0.130342;0.134298;-0.131918;0.131787;-0.141427;-0.12254;0.250036;-0.129345;0.252051;-0.0210422;0.233504;0.113531;0.00299002;0.0873928;0.00340863;0.159675;-0.0328728;0.701202;0;1;0;1;0;
35;-0.0351268;-0.0570872;0.0594046;-0.0580081;0.0579262;-0.0635613;-0.137073;0.249415;-0.159245;0.247188;0.00363231;0.244097;0.0719423;0.00174576;0.0510498;0.00199;0.180986;-0.0191981;1;0;1;0;1;0;
36;-0.10861;0.0371426;-0.0357729;0.0366047;-0.0366525;0.0333614;-0.104767;0.229766;-0.12977;0.230485;-0.0198548;0.23493;0.097894;0.00101893;0.0825569;0.00116163;0.138285;-0.0112121;0.831871;0;1;0;1;0;
37;-0.199476;0.132923;-0.132105;0.132608;-0.132632;0.130714;-0.0911383;0.205523;-0.12225;0.209553;0.00234297;0.205401;0.0742993;0.000594387;0.0630222;0.00067803;0.141441;-0.00654797;1;0;1;0;1;0;
38;-0.272349;0.205438;-0.204948;0.205255;-0.205262;0.204149;-0.0672169;0.196316;-0.103601;0.200343;0.0205862;0.191764;0.0758421;0.000346699;0.061447;0.000395447;0.125216;-0.00382457;1;0;1;0;1;0;
39;-0.315211;0.251199;-0.250908;0.251091;-0.251091;0.250445;-0.018476;0.174599;-0.0693506;0.17695;0.0324217;0.171941;0.0685605;0.000201881;0.0529572;0.000230589;0.0919309;-0.0022339;1;0;0.87275;0;1;0;
40;-0.331748;0.277226;-0.276917;0.271644;-0.267325;0.276786;0.0205088;0.13969;-0.0348577;0.141063;0.0358788;0.138137;0.0645775;0.000117476;0.0309307;-0.0101939;0.0650851;-0.00130501;1;0;1;0.497282;1;0;
41;-0.32983;0.289847;-0.274892;0.273965;-0.284162;0.289778;0.0653479;0.0896312;0.00824404;0.0904385;0.0276254;0.0887239;0.0538732;0.0102089;0.0180596;0.00614247;0.0380116;-0.000762451;0.845146;0.17859;1;0.805148;0.973965;0;
42;-0.332158;0.281324;-0.282401;0.261619;-0.29334;0.289517;0.0767575;0.0372115;0.0367491;0.0282176;0.0480624;0.0198867;0.0314627;0.0759195;-0.0134664;0.0754215;0.0136726;0.0416516;0;0.807296;1;0.803125;0.39621;0.932747;
43;-0.309916;0.217986;-0.302061;0.248453;-0.287247;0.276747;0.120123;0.0341562;0.0967631;-0.0588022;0.103365;-0.0636679;0.0183736;0.152744;0.00728974;0.0840076;0.00798442;0.0553442;0;1;0.612043;0.515186;0;1;
44;-0.283364;0.169232;-0.278778;0.222936;-0.270126;0.245022;0.172746;0.0260085;0.159104;-0.116316;0.162959;-0.123501;0.0107296;0.204853;0.00425681;0.0983681;0.0046625;0.0669516;0;1;0;0.418714;0;1;
45;-0.249259;0.142407;-0.246581;0.194512;-0.241528;0.217523;0.212218;0.0178137;0.204251;-0.130866;0.206502;-0.133041;0.0062655;0.204559;0.00248552;0.110796;0.00272243;0.0745923;0;1;0;0.508872;0;1;
46;-0.206839;0.0883655;-0.205274;0.174693;-0.202324;0.188302;0.236416;0.00629708;0.231764;-0.132143;0.233078;-0.126306;0.00365864;0.198685;0.00145109;0.0987816;0.00158928;0.0864033;0;1;0;0.549607;0;1;
47;-0.153513;0.0313088;-0.1526;0.134736;-0.150877;0.142689;0.24935;0.00930333;0.246632;-0.140149;0.2474;-0.132481;0.00213607;0.197397;0.000846927;0.0835946;0.000927575;0.0828492;0;1;0;0.646442;0;1;
48;-0.0835307;0.0121612;-0.0829973;0.0725559;-0.0819913;0.0772166;0.250637;-0.0018567;0.250402;-0.126757;0.25119;-0.132107;0.00124696;0.18188;0.000494102;0.101214;0.000541108;0.076459;0;1;0;0.578613;0;1;
49;0.0074525;-0.0491326;0.00776401;-0.0138705;0.00835146;-0.0111308;0.236669;0.00501831;0.240277;-0.114121;0.233573;-0.139014;0.00072776;0.175269;0.00028807;0.0857817;0.000315391;0.0678688;0;1;0;0.829603;0;1;
50;0.106807;-0.131146;0.106989;-0.110559;0.107332;-0.10895;0.216314;0.0132324;0.214572;-0.0937132;0.216137;-0.128509;0.000424521;0.160739;0.00016772;0.0816707;0.00018366;0.0670551;0;1;0;0.889893;0;1;
51;0.187544;-0.201756;0.18765;-0.189728;0.187851;-0.188799;0.208696;0.0253366;0.207678;-0.0625279;0.208592;-0.108264;0.000247519;0.142231;9.75426e-05;0.0782189;0.000106685;0.0666781;0;1;0;1;0;0.942053;
52;0.240437;-0.248735;0.240499;-0.241703;0.240616;-0.241173;0.187119;0.0449386;0.186525;-0.0321264;0.187059;-0.079421;0.000144107;0.120175;5.65305e-05;0.0691538;6.17724e-05;0.0488795;0;1;0;1;0;0.954393;
53;0.26339;-0.273701;0.271371;-0.26741;0.27144;-0.271769;0.153699;0.0511186;0.153352;0.00922592;0.153663;-0.0441496;-0.00552208;0.0874459;3.25826e-05;0.0675748;3.56083e-05;0.0337711;0.624984;1;0;1;0;1;
54;0.271817;-0.288785;0.287427;-0.278165;0.287467;-0.28766;0.106958;0.0473212;0.106751;0.0545537;0.106933;-0.00234364;-0.00677243;0.051079;1.8641e-05;0.0712801;2.0375e-05;0.0197199;1;0.949303;0;0.857947;0;1;
55;0.261972;-0.300358;0.289265;-0.285468;0.287848;-0.293417;0.0550291;0.0656471;0.0423803;0.0761652;0.0424922;0.0185995;0.0536966;0.0298292;0.0272575;0.0416328;0.0560906;0.000723421;1;0.325382;0.881359;0.0781188;1;1;
56;0.260555;-0.294018;0.286319;-0.286907;0.236537;-0.304001;-0.0319913;0.102481;-0.0393802;0.108623;0.0335037;0.0750109;0.0728892;0.0174197;0.0500013;0.0243129;0.135802;0.012751;0.915487;0;1;0;1;0.845655;
57;0.231801;-0.278411;0.252286;-0.274258;0.179622;-0.284242;-0.110416;0.157194;-0.111168;0.160781;0.031407;0.141152;0.102458;0.0101727;0.0638405;0.0141982;0.18769;0.00744659;0.672421;0;1;0;1;0.164529;
58;0.183135;-0.25187;0.209085;-0.249445;0.151915;-0.255275;-0.132361;0.201887;-0.138557;0.203982;0.020015;0.192519;0.116583;0.00594041;0.0662617;0.00829109;0.204202;0.00434835;0.74094;0;1;0;1;0;
59;0.170882;-0.215016;0.188414;-0.2136;0.100611;-0.217005;-0.133789;0.230409;-0.130755;0.231632;0.00703404;0.224938;0.105626;0.00346856;0.0841725;0.00484158;0.198577;0.00253898;0.870261;0;1;0;1;0;
60;0.141208;-0.166985;0.15145;-0.166158;0.0520556;-0.168146;-0.138352;0.246308;-0.136824;0.247023;0.0103672;0.243113;0.09145;0.00202503;0.0874023;0.00282693;0.19218;0.00148226;0.988751;0;1;0;1;0;
61;0.0882847;-0.103348;0.0942818;-0.102864;0.0359156;-0.104026;-0.127222;0.253429;-0.138988;0.253847;0.00214849;0.251563;0.09995;0.00118203;0.0767083;0.00165041;0.183003;0.00086514;1;0;1;0;1;0;
62;0.00977483;-0.018581;0.0132961;-0.0182987;-0.0208013;-0.0189769;-0.115755;0.240825;-0.144324;0.240153;0.00450322;0.243843;0.0909405;0.000689683;0.0737932;0.000963367;0.171672;0.000504743;1;0;1;0;1;0;
63;-0.0859409;0.0807932;-0.0838729;0.0809579;-0.103791;0.0805618;-0.0998274;0.221714;-0.131674;0.222213;0.00889583;0.220718;0.0838593;0.000402222;0.0634262;0.000562116;0.163842;0.000294265;1;0;1;0;1;0;
64;-0.171438;0.168436;-0.170236;0.168532;-0.181865;0.168301;-0.0674589;0.191205;-0.110211;0.199818;0.0116739;0.189062;0.0753705;0.000234386;0.0609882;0.000327961;0.157075;0.00017164;1;0;1;0;1;0;
65;-0.230326;0.228582;-0.229637;0.228638;-0.236423;0.228503;-0.0440034;0.181932;-0.0892151;0.186962;0.0407472;0.179595;0.0664287;0.000136329;0.0491813;0.000190998;0.131363;9.96576e-05;1;0;1;0;1;0;
66;-0.2612;0.264672;-0.265293;0.257355;-0.267037;0.264626;0.000423884;0.156889;-0.053852;0.159826;0.0488719;0.155524;0.0646473;7.91523e-05;0.0378405;-0.00428543;0.0945702;5.77897e-05;1;0;1;0.323177;1;0;
67;-0.273036;0.284206;-0.284569;0.26417;-0.285287;0.284178;0.0446865;0.117178;-0.0121619;0.118896;0.0450649;0.116381;0.065828;4.57907e-05;0.0220993;-0.0095624;0.061849;3.33624e-05;1;0;1;0.800888;1;0;
68;-0.282504;0.289974;-0.291839;0.256446;-0.294562;0.291578;0.0703244;0.0597817;0.0358199;0.066354;0.0621729;0.0593116;0.0466023;0.0278497;-0.0300479;0.0432996;0.0361212;0.0063067;0.483988;0.577843;1;1;0.719867;0.489357;
69;-0.285659;0.241438;-0.311164;0.26663;-0.294191;0.296566;0.0931681;0.0343675;0.0730239;-0.0133336;0.0884064;-0.0174497;0.0272153;0.110124;-0.0249638;0.0675795;0.0168597;0.0566899;0;0.85056;0.871135;0.809369;0;1;
70;-0.277421;0.207672;-0.294521;0.247726;-0.282404;0.280136;0.144795;0.0300498;0.133034;-0.0935284;0.142014;-0.0976243;0.0158932;0.183698;-0.0129185;0.0991944;0.00984561;0.064158;0;1;0.49394;0.559067;0;1;
71;-0.256522;0.153178;-0.266508;0.222332;-0.259432;0.251958;0.192665;0.0273136;0.185796;-0.12789;0.191041;-0.130043;0.00928095;0.21178;-0.00754486;0.0886658;0.00574946;0.0663945;0;1;0;0.867293;0;1;
72;-0.224011;0.119057;-0.229843;0.200207;-0.225711;0.221345;0.224839;0.00556472;0.220827;-0.130978;0.22389;-0.120068;0.00541964;0.194785;-0.00440659;0.110519;0.00335707;0.0902663;0;1;0;0.708231;0;1;
73;-0.180247;0.0585151;-0.183653;0.164728;-0.18124;0.178692;0.243426;0.0130461;0.241083;-0.142318;0.242872;-0.132253;0.00316457;0.193402;-0.00257384;0.0887345;0.0019599;0.0873706;0;1;0;0.869744;0;1;
74;-0.12206;0.0113455;-0.124049;0.112986;-0.12264;0.121161;0.252476;0.00571506;0.251108;-0.141015;0.252153;-0.131608;0.00184758;0.187281;-0.00150366;0.0889275;0.00114403;0.0828372;0;1;0;0.832448;0;1;
75;-0.0436554;-0.0210048;-0.044817;0.0383424;-0.0439944;0.0431437;0.24773;-0.00368784;0.247944;-0.12109;0.24663;-0.13558;0.00107849;0.174351;-0.000878581;0.0943656;0.000667483;0.0806118;0;1;0;0.990952;0;1;
76;0.05359;-0.0913501;0.0529116;-0.0567052;0.053392;-0.0538758;0.23052;0.0112953;0.228096;-0.113575;0.227705;-0.141019;0.000629371;0.16834;-0.000513579;0.0831748;0.000389214;0.0685216;0;1;0;1;0;0.950974;
77;0.147007;-0.169055;0.146611;-0.148833;0.146891;-0.147165;0.199712;0.0146363;0.202368;-0.0803369;0.198165;-0.118223;0.000367081;0.145716;-0.000300396;0.0871267;0.000226745;0.0700099;0;1;0;1;0;0.865383;
78;0.214826;-0.227699;0.214595;-0.215891;0.214759;-0.214917;0.191691;0.0323936;0.193242;-0.0507905;0.190226;-0.0980634;0.000213977;0.131508;-0.000175825;0.0760018;0.000131856;0.0602489;0;1;0;1;0;0.646228;
79;0.25015;-0.262674;0.256597;-0.255171;0.256693;-0.25679;0.168404;0.0500813;0.16931;-0.0153883;0.167549;-0.0689625;-0.00165217;0.101867;-0.000103123;0.0673222;7.65472e-05;0.0442581;0.362174;1;0;1;0;0.724713;
80;0.258609;-0.27834;0.280069;-0.272235;0.280125;-0.280184;0.131561;0.0442181;0.132089;0.0285878;0.131061;-0.0263463;-0.0190233;0.0682793;-6.06009e-05;0.0763153;4.42364e-05;0.0258493;0.85962;1;0;0.927969;0;1;
81;0.256098;-0.288813;0.291114;-0.283716;0.288467;-0.291511;0.0786924;0.0543711;0.0789929;0.0680972;0.0783946;0.0209157;0.0188298;0.0398789;-3.56929e-05;0.0560065;0.0117415;-0.0165302;1;0.715756;0;0.61914;0.476023;1;
82;0.26343;-0.295927;0.298416;-0.288417;0.255552;-0.305367;0.00626291;0.0674462;0.0064314;0.0798653;0.0387458;0.0531407;0.0556707;0.0229522;0.0502144;0.0327082;0.0970156;-0.0235674;1;0;1;0.0786874;0.897728;0.871612;
83;0.244272;-0.28684;0.287045;-0.282454;0.2333;-0.292899;-0.0715966;0.121042;-0.0737682;0.128296;0.0352252;0.112693;0.0950466;0.0134037;0.0664993;0.019101;0.162215;-0.0135324;0.803424;0;1;0;1;0.607594;
84;0.221522;-0.266951;0.259633;-0.26439;0.15759;-0.270491;-0.132654;0.175814;-0.123306;0.18005;0.0316199;0.170938;0.0858469;0.00782736;0.0656963;0.0111544;0.217161;-0.00790336;0.790025;0;1;0;1;0;
85;0.199379;-0.23606;0.231781;-0.234565;0.1439;-0.238127;-0.130684;0.214518;-0.12358;0.216992;0.0117803;0.211671;0.109247;0.00457065;0.0886864;0.00651358;0.203869;-0.00461601;0.836226;0;1;0;1;0;
86;0.17241;-0.194706;0.192209;-0.193832;0.0722544;-0.195913;-0.141607;0.23766;-0.125098;0.239105;0.0119181;0.235997;0.092719;0.00266859;0.0985539;0.00380355;0.193754;-0.00269612;0.844312;0;1;0;1;0;
87;0.125211;-0.140538;0.139085;-0.140027;0.0204061;-0.141242;-0.144703;0.249733;-0.128354;0.250576;0.0112282;0.248762;0.0797096;0.00155792;0.0851302;0.00222065;0.195092;-0.00157502;1;0;1;0;1;0;
88;0.0577034;-0.0679088;0.0670742;-0.0676103;-0.00181587;-0.06832;-0.122294;0.248702;-0.126593;0.248758;0.000194009;0.248294;0.0929891;0.000909208;0.0821199;0.00129638;0.172369;-0.000920301;0.964638;0;1;0;1;0;
89;-0.0316101;0.0256339;-0.0261053;0.0258083;-0.0663523;0.0253938;-0.116771;0.233121;-0.136553;0.237059;0.00994071;0.237503;0.0791353;0.000530365;0.0672015;0.000756622;0.175383;-0.000537923;1;0;1;0;1;0;
90;-0.126713;0.123209;-0.12347;0.123311;-0.146984;0.123069;-0.0870919;0.208185;-0.118778;0.212628;0.0127481;0.205751;0.0807339;0.000309211;0.0703198;0.000441362;0.154865;-0.000314675;1;0;1;0;1;0;
91;-0.200972;0.198918;-0.199061;0.198977;-0.212797;0.198836;-0.0603909;0.201197;-0.0976083;0.203791;0.0272285;0.19846;0.0806655;0.00017999;0.0646168;0.000257366;0.138011;-0.000184136;1;0;1;0;1;0;
92;-0.248516;0.247313;-0.247391;0.247347;-0.255413;0.247265;-0.0258674;0.179432;-0.0741797;0.180948;0.0471548;0.177834;0.0681201;0.000104602;0.0549918;0.000149869;0.112835;-0.000107983;1;0;1;0;1;0;
93;-0.273141;0.275116;-0.275163;0.263505;-0.274503;0.275088;0.0212704;0.145042;-0.0307401;0.145927;0.0455644;0.144109;0.0700244;6.0625e-05;0.0321207;-0.0147194;0.0798169;-6.34438e-05;1;0;1;0.475711;1;0;
94;-0.285347;0.288454;-0.286781;0.265183;-0.288539;0.2891;0.0665855;0.0962218;0.00739943;0.0967449;0.0442963;0.0956763;0.0661638;0.00555657;0.0187544;-0.00527424;0.0466215;-3.74324e-05;1;0.115953;1;0.579128;0.848857;0;
95;-0.290759;0.277247;-0.291872;0.264056;-0.297034;0.292395;0.0776424;0.0410439;0.0320054;0.0338026;0.0517442;0.0284209;0.0386395;0.0861903;0.00153512;0.0564366;0.0272243;0.0388388;0.125954;0.583655;1;0.677687;0.352315;1;
96;-0.286775;0.231388;-0.300101;0.244285;-0.29044;0.275466;0.116665;0.0415488;0.0900188;-0.051565;0.10154;-0.0547098;0.0225648;0.144311;0.0153127;0.0869728;0.0158985;0.0581685;0;1;1;0.441557;0;1;
97;-0.271495;0.171649;-0.279278;0.221094;-0.273635;0.245154;0.168979;0.0363749;0.153419;-0.119245;0.160146;-0.114816;0.0131773;0.201932;0.00925745;0.0988414;0.00928438;0.0625886;0;1;0.195246;0.418519;0;1;
98;-0.244388;0.148624;-0.248933;0.168883;-0.245638;0.194753;0.209628;0.0119767;0.200541;-0.121528;0.20447;-0.131515;0.00769491;0.209507;0.00540586;0.112828;0.0054216;0.0734289;0;1;0;0.411211;0;1;
