1;-0.000363589;0.000116065;9.94842e-05;-0.000363588;0.000116065;9.94844e-05;0.0349769;0.0347456;0.0352595;0.034977;0.0347457;0.0352595;0.808667;0.808665;0.808666;0.808667;0.808665;0.808666;0;0;0;0;0;0;
2;-0.000254815;8.92897e-05;0.00049643;-0.000744499;0.000481484;9.11807e-06;0.116732;0.118271;0.121332;0.116507;0.118205;0.121069;0.472376;0.472379;0.472385;0.472376;0.472378;0.472384;1;0.935517;1;0.858046;0.940818;1;
3;-0.000841726;-0.000161123;0.00074435;-0.00190552;0.000660089;-0.000304073;0.0682573;0.0690271;0.0709427;0.0679558;0.0691182;0.0706197;0.275875;0.275877;0.275879;0.275875;0.275876;0.275879;0;0;0;0;0;0;
4;0.00242653;0.00232083;0.00405713;0.000964413;0.00358147;0.00260901;0.101662;0.103251;0.116949;0.101613;0.103417;0.116532;0.161119;0.161119;0.161125;0.161119;0.161118;0.161125;0.844225;0.700112;0.59957;0.397592;0.684209;0.593959;
5;0.00133266;0.000567949;0.00251735;-0.000286835;0.0016168;0.000909389;0.128151;0.133595;0.137849;0.135355;0.138849;0.143459;0.12573;0.12099;0.133295;0.114986;0.112816;0.123743;1;0.70155;0.843989;0.525252;0.739127;0.936506;
6;0.000935468;-0.000258032;0.00186896;-0.0010182;0.000545442;-4.25833e-05;0.126099;0.131039;0.134977;0.134113;0.136868;0.143451;0.12366;0.119707;0.132523;0.118088;0.116675;0.124923;1;0.711575;0.908026;0.521202;0.762209;0.94804;
7;0.00100502;-0.000343789;0.00182729;-0.000890313;0.000609267;-2.25613e-05;0.123749;0.129365;0.132369;0.134999;0.136843;0.143903;0.123313;0.118571;0.132225;0.117556;0.117378;0.124973;1;0.701515;0.919501;0.520315;0.767358;0.932756;
8;0.00103028;-0.000338799;0.00183413;-0.000933069;0.000558136;-7.95673e-05;0.122823;0.129685;0.131413;0.135371;0.135907;0.14416;0.124143;0.117993;0.133082;0.11473;0.116237;0.122141;1;0.675936;0.922546;0.512262;0.781739;0.919654;
9;0.000795657;-0.000459262;0.00169626;-0.000739204;0.000832314;0.00019299;0.12091;0.13033;0.129672;0.135469;0.134107;0.144456;0.125175;0.115731;0.133303;0.113328;0.117471;0.120911;1;0.64296;0.955619;0.501537;0.809098;0.887143;
10;0.000411965;-0.000860807;0.00123115;-0.000210124;0.00122784;0.000640844;0.117841;0.128723;0.126509;0.138749;0.135047;0.147661;0.124318;0.112768;0.131433;0.11129;0.118881;0.119929;1;0.621374;0.986348;0.489713;0.831157;0.838414;
11;-0.000799704;-0.00182706;0.000130012;0.000620277;0.00200253;0.00156525;0.11506;0.12977;0.124106;0.13942;0.133874;0.148625;0.12583;0.108671;0.130152;0.109857;0.120689;0.120271;1;0.585111;1;0.493909;0.867624;0.799584;
12;-0.00273353;-0.00354532;-0.00184777;0.00253928;0.00361432;0.00342653;0.113253;0.129404;0.122502;0.140767;0.132932;0.150335;0.129154;0.108537;0.128919;0.104506;0.120083;0.118611;1;0.562612;1;0.50001;0.900739;0.72411;
13;-0.00569828;-0.00603;-0.00481258;0.0051038;0.00565685;0.00596612;0.112841;0.12927;0.123078;0.140246;0.131638;0.150417;0.13132;0.107952;0.123924;0.100952;0.120087;0.120053;1;0.546459;1;0.522438;0.918828;0.649249;
14;-0.00870934;-0.0080885;-0.00784356;0.00938879;0.00922363;0.0101845;0.115614;0.128408;0.124193;0.137232;0.131747;0.149169;0.130082;0.10814;0.117283;0.0999239;0.118492;0.124152;0.937298;0.581662;1;0.583499;0.896495;0.582233;
15;-0.0143595;-0.0128364;-0.01364;0.0143992;0.0130296;0.0150348;0.129163;0.13219;0.136344;0.125713;0.126965;0.133943;0.125531;0.110909;0.10344;0.0994122;0.114569;0.139131;0.817563;0.711423;1;0.653132;0.74891;0.486371;
16;-0.0182502;-0.0153458;-0.0178192;0.020174;0.0170519;0.0204443;0.146428;0.132846;0.151647;0.10543;0.126457;0.115708;0.123123;0.124938;0.0944794;0.103475;0.098231;0.149424;0.424685;0.89723;1;0.79823;0.538729;0.610997;
17;-0.0474788;0.00383381;-0.00298935;0.069077;-0.0160613;0.0684405;0.152245;0.11856;0.184175;0.0585964;0.115595;0.100572;0.0815061;0.19016;0.0816254;0.0966678;0.057373;0.14254;0.342496;0.681841;1;0.682992;0.367229;1;
18;-0.0908118;0.000842695;-0.00689669;0.107079;-0.0761179;0.104551;0.174456;0.123559;0.228784;-0.0031848;0.128748;0.0535243;0.0476019;0.23701;0.0565603;0.105405;0.0335047;0.176221;0.194121;0.852372;0.889486;0.784984;0;1;
19;-0.103845;0.00231211;-0.00634657;0.123288;-0.10521;0.116322;0.194935;0.110884;0.260613;-0.0431243;0.162971;0.0217453;0.0278015;0.284685;0.0462665;0.12238;0.0195661;0.189649;0.179614;0.959317;0.65939;0.661525;0;1;
20;-0.0762886;0.0354164;-0.0321465;0.0816638;-0.108493;0.0815134;0.215966;0.124481;0.273244;-0.0747204;0.197299;-0.0365596;0.0157884;0.321772;0.0405525;0.145474;0.011426;0.156893;0.991344;1;0.373984;0.511247;0;1;
21;-0.0688947;0.0416984;-0.0350819;0.059914;-0.0755822;0.0598236;0.232447;0.112768;0.264722;-0.0667296;0.221544;-0.0478112;-0.0264579;0.321746;0.0236817;0.15436;0.00667224;0.159512;1;1;0.451935;0.576012;0;1;
22;-0.08034;0.0242624;0.0114859;0.00302365;-0.012164;0.00295638;0.23533;0.100057;0.263649;-0.0632954;0.2344;-0.0604674;-0.0288583;0.349051;0.0138314;0.149984;0.00389591;0.13306;1;0.67645;0;0.558606;0;1;
23;-0.0947849;0.00448474;0.0893595;-0.0771232;0.0755474;-0.0809337;0.235796;0.102351;0.253158;-0.0545897;0.22462;-0.0699362;-0.0423809;0.347855;0.00807685;0.161957;0.00227464;0.106333;1;0.535032;0;0.510345;0;1;
24;-0.106908;-0.0142191;0.169439;-0.146416;0.161372;-0.164524;0.230431;0.118856;0.236544;-0.0384443;0.194151;-0.0727654;-0.0487325;0.326827;0.00471644;0.170889;0.00132774;0.0841292;1;0.275047;0;0.443073;0;1;
25;-0.0300129;-0.0176421;0.228225;-0.183049;0.223514;-0.225354;0.20909;0.090256;0.211386;-0.0140496;0.186334;-0.112869;-0.0400965;0.276206;0.00275388;0.150388;0.000774891;0.0306667;1;0.329416;0;0.483784;0;1;
26;0.0555743;-0.0457912;0.264477;-0.199263;0.261725;-0.2628;0.180344;0.0659113;0.177783;0.00710895;0.163153;-0.117863;-0.024178;0.201864;0.00160766;0.136206;0.000452085;-0.0603436;1;0.738944;0;0.321744;0;1;
27;0.0629651;-0.120517;0.284449;-0.217604;0.282842;-0.284574;0.137102;0.0433159;0.134286;0.0634087;0.125742;-0.104515;-0.0166976;0.130276;0.000938654;0.113713;0.000263545;-0.0563625;1;0;0;0.688579;0;1;
28;0.163932;-0.197561;0.293297;-0.220233;0.295349;-0.305389;0.0861694;0.0272158;0.0764996;0.0940366;0.0715145;-0.106183;0.028838;0.0760799;0.000547797;0.0954027;0.0261635;-0.143372;1;0;0;0.286627;0.747359;1;
29;0.180575;-0.237489;0.295967;-0.244809;0.274818;-0.268068;0.00605148;0.0601742;0.000393037;0.104475;0.0434965;-0.0177506;0.0253727;0.0444296;0.000319337;0.0557173;0.169174;-0.159031;1;0;0;0;0.058407;1;
30;0.142466;-0.251504;0.292734;-0.255779;0.239715;-0.259786;-0.0815211;0.120212;-0.0848451;0.146084;0.036901;0.0746913;0.0387747;0.0259464;-0.00721063;0.0325381;0.231496;-0.142326;1;0;0.563212;0;0.359175;1;
31;0.112376;-0.244536;0.268615;-0.247032;0.22145;-0.256414;-0.135634;0.176562;-0.155904;0.191671;0.0388223;0.135195;0.0714696;0.0151523;0.0153491;0.0190015;0.270956;-0.143474;1;0;1;0;0.641813;1;
32;0.0705243;-0.220808;0.234873;-0.222265;0.216023;-0.245599;-0.150065;0.215172;-0.203102;0.223996;0.0531537;0.161387;0.0746666;0.00884837;0.0185303;0.0110963;0.277058;-0.114591;1;0;1;0;0.897592;0.783724;
33;0.0529838;-0.183124;0.192324;-0.183976;0.193677;-0.208295;-0.108613;0.23796;-0.148887;0.243112;0.00568;0.193521;0.112172;0.00516711;0.0684499;0.00647944;0.206838;-0.0715783;1;0;1;0;1;0;
34;0.00900826;-0.13018;0.135561;-0.130677;0.136331;-0.144879;-0.0916421;0.249689;-0.114823;0.252699;-0.0195636;0.223738;0.146348;0.00301657;0.0993099;0.00378395;0.148852;-0.0418014;0.670779;0;1;0;1;0;
35;-0.0763027;-0.0569927;0.0601414;-0.0572829;0.0605766;-0.0655769;-0.118985;0.250845;-0.171051;0.247327;0.0150895;0.238394;0.0905447;0.00176117;0.058008;0.00220921;0.197053;-0.0244122;1;0;1;0;1;0;
36;-0.150039;0.037198;-0.0353467;0.0370281;-0.0351071;0.0321843;-0.0894188;0.233851;-0.129397;0.232117;-0.00697323;0.231314;0.113495;0.00102803;0.0620863;0.00128954;0.163541;-0.0142572;1;0;1;0;1;0;
37;-0.234989;0.132955;-0.13186;0.132856;-0.131731;0.130027;-0.0667137;0.206553;-0.127121;0.208853;0.0151245;0.208082;0.0957318;0.000599643;0.0649315;0.000752808;0.152318;-0.00832643;1;0;1;0;1;0;
38;-0.304623;0.205457;-0.204809;0.205399;-0.204739;0.203747;-0.0507049;0.197737;-0.109927;0.199934;0.0385724;0.199483;0.0943695;0.000349748;0.0539979;0.000439102;0.14522;-0.00486307;1;0;1;0;1;0;
39;-0.331871;0.25121;-0.250826;0.241715;-0.23755;0.250211;0.00837453;0.175429;-0.0693754;0.176712;0.0336242;0.176448;0.0957316;0.000203736;0.0442306;-0.0185215;0.110348;-0.00284039;1;0;1;0.498112;1;0;
40;-0.335572;0.277232;-0.255758;0.239404;-0.253574;0.276649;0.039693;0.140174;-0.0316221;0.140927;0.0370502;0.14077;0.0918926;0.000118542;0.0258324;-0.0108181;0.0774638;-0.00165919;1;0;1;0.475113;1;0;
41;-0.335894;0.288939;-0.25368;0.230145;-0.273159;0.289698;0.070446;0.0899153;0.0139163;0.0903617;0.0474948;0.0902614;0.0756341;0.00862769;-0.00316434;0.028331;0.0452438;-0.000969265;0.672315;0.334528;1;0.683767;0.738092;0;
42;-0.326537;0.258801;-0.271978;0.245383;-0.273882;0.300462;0.0673721;0.0411969;0.0400623;0.0255957;0.0509449;0.0207841;0.0441707;0.0968125;-0.020945;0.0607219;0.0264179;0.0297154;0.041922;0.430607;1;0.575889;0.16658;0.913609;
43;-0.306634;0.212951;-0.284396;0.235177;-0.281669;0.292777;0.114643;0.0362548;0.0986959;-0.0603316;0.105048;-0.0631462;0.0257959;0.165645;-0.0143617;0.0894257;0.0154277;0.0595894;0;0.984926;0.995383;0.430797;0;1;
44;-0.281447;0.177597;-0.26856;0.21512;-0.266868;0.273352;0.169546;0.0345212;0.160233;-0.114532;0.163943;-0.118508;0.0150642;0.216111;-0.00854811;0.101235;0.0090094;0.0621833;0;1;0.0947574;0.413913;0;1;
45;-0.24814;0.137299;-0.240614;0.18817;-0.239626;0.243402;0.210349;0.0193043;0.20491;-0.120687;0.207077;-0.128059;0.00879693;0.211017;-0.00499251;0.103926;0.00526096;0.0883503;0;1;0;0.420546;0;1;
46;-0.206185;0.0853976;-0.20179;0.156942;-0.201213;0.203418;0.235325;0.0154786;0.232149;-0.128498;0.233414;-0.126392;0.00513694;0.199782;-0.00291602;0.101296;0.00307177;0.0899793;0;1;0;0.336746;0;1;
47;-0.153132;0.0219502;-0.150565;0.113128;-0.150228;0.151522;0.248712;0.0122649;0.246857;-0.133914;0.247596;-0.125776;0.00299942;0.198166;-0.00170341;0.0895353;0.00179335;0.0837368;0;1;0;0.492522;0;1;
48;-0.0833077;0.00669469;-0.0818088;0.0487569;-0.0816125;0.0823811;0.249931;0.00735171;0.249265;-0.120931;0.248978;-0.133656;0.00175114;0.180028;-0.000995281;0.107584;0.00104672;0.0780856;0;1;0;0.410105;0;1;
49;0.00758279;-0.0523259;0.00845809;-0.0290013;0.00857272;-0.00810585;0.238846;0.00886656;0.240106;-0.106037;0.236426;-0.139558;0.0010222;0.180503;-0.000581716;0.093101;0.00061067;0.0665788;0;1;0;0.644301;0;1;
50;0.106883;-0.13301;0.107394;-0.11941;0.107461;-0.107169;0.217206;0.0180882;0.212993;-0.0848594;0.216845;-0.131015;0.000596485;0.165201;-0.000340231;0.0891083;0.000356081;0.0672983;0;1;0;0.682571;0;1;
51;0.187589;-0.202841;0.187887;-0.194921;0.187926;-0.187739;0.209217;0.0299908;0.20547;-0.0569939;0.208554;-0.108195;0.000347927;0.143399;-0.000199094;0.0953638;0.000207387;0.0656161;0;1;0;0.666591;0;0.958335;
52;0.23547;-0.248242;0.240637;-0.244756;0.24066;-0.240539;0.187424;0.0460207;0.185235;-0.0195323;0.187036;-0.0777403;-2.70554e-05;0.118446;-0.000116713;0.086236;0.000120588;0.0493862;0.254569;1;0;0.801625;0;0.930343;
53;0.252311;-0.26017;0.271452;-0.273262;0.271465;-0.271392;0.153878;0.0404201;0.152598;0.0256733;0.15365;-0.0440341;-0.0132968;0.096746;-6.857e-05;0.0859355;6.99461e-05;0.0288467;1;1;0;0.742703;0;1;
54;0.251944;-0.280483;0.287474;-0.285766;0.287482;-0.286166;0.107065;0.0441604;0.106311;0.0651987;0.106925;-0.0035932;-0.00768867;0.0565123;-4.04572e-05;0.090465;4.04502e-05;0.0168416;1;0.772286;0;0.454485;0;1;
55;0.248031;-0.287744;0.294403;-0.292289;0.281973;-0.287964;0.0452319;0.0526301;0.0421226;0.0750566;0.0495688;0.0319274;0.0488517;0.033001;0.0199326;0.0528333;0.0733989;-0.0137767;1;0.425545;0.678;0.123377;0.954179;1;
56;0.245971;-0.288004;0.291281;-0.289305;0.238096;-0.301282;-0.0377121;0.0948783;-0.0395314;0.107976;0.0367156;0.0827942;0.0816616;0.0140339;0.0627337;0.0308539;0.14162;-0.0137982;1;0;1;0;1;0.822766;
57;0.228655;-0.274898;0.275862;-0.275658;0.209816;-0.287525;-0.103321;0.152754;-0.10798;0.160403;0.0419352;0.1457;0.103114;0.00819536;0.0648759;0.0180181;0.195425;-0.00609032;0.903408;0;1;0;1;0.424925;
58;0.206311;-0.249819;0.245013;-0.250263;0.134099;-0.257192;-0.134558;0.199294;-0.123071;0.203761;0.0273445;0.195174;0.0937611;0.00478566;0.0805319;0.0105219;0.215056;-0.00355721;1;0;1;0;1;0;
59;0.173517;-0.213819;0.21101;-0.214078;0.118413;-0.218125;-0.128265;0.228895;-0.115803;0.231504;0.0107901;0.226489;0.110281;0.0027942;0.0862318;0.00614434;0.199406;-0.0020778;1;0;1;0;1;0;
60;0.138656;-0.166286;0.16465;-0.166437;0.0384989;-0.1688;-0.142714;0.245424;-0.126419;0.246948;0.0136841;0.244019;0.0838362;0.00163122;0.0899871;0.00358779;0.204282;-0.0012139;1;0;1;0;1;0;
61;0.0836036;-0.102939;0.101995;-0.103027;-0.0148812;-0.104408;-0.136896;0.252733;-0.119259;0.252176;0.00522576;0.251497;0.0883339;0.000952079;0.0882694;0.00209471;0.190293;-0.00070943;1;0;1;0;1;0;
62;0.00570413;-0.0183426;0.0178086;-0.0183936;-0.0504645;-0.0191998;-0.12107;0.240632;-0.13353;0.242773;0.00935285;0.244144;0.0906927;0.000555356;0.0868209;0.00122285;0.174422;-0.00041474;1;0;1;0;1;0;
63;-0.0883319;0.0809323;-0.0812254;0.0809026;-0.121112;0.0804317;-0.101491;0.221463;-0.127162;0.2233;0.0164572;0.221669;0.0799687;0.000323781;0.0721363;0.00071365;0.169887;-0.000242722;1;0;1;0;1;0;
64;-0.172855;0.168517;-0.168672;0.1685;-0.191976;0.168225;-0.0656705;0.189703;-0.104375;0.211905;0.0169028;0.197829;0.0803345;0.000188623;0.0707542;0.000416351;0.157509;-0.000142038;1;0;1;0;1;0;
65;-0.231174;0.22863;-0.228708;0.228619;-0.242322;0.228459;-0.0412249;0.181055;-0.085066;0.194021;0.0442073;0.185801;0.0781726;0.00010955;0.0620624;0.000242705;0.129011;-8.34659e-05;1;0;0.959779;0;1;0;
66;-0.26569;0.2647;-0.264743;0.259348;-0.261917;0.2646;0.00857426;0.156377;-0.0479194;0.163949;0.0470845;0.159148;0.0744813;6.35113e-05;0.040715;-0.00720027;0.0969218;-4.91438e-05;1;0;1;0.438315;1;0;
67;-0.28252;0.284222;-0.284246;0.259018;-0.281015;0.284163;0.0494171;0.116879;-0.00863944;0.121305;0.046886;0.118497;0.0740034;3.66739e-05;0.0237779;-0.00453039;0.0668716;-2.91232e-05;1;0;1;0.697825;1;0;
68;-0.288705;0.291656;-0.286656;0.253163;-0.289794;0.290644;0.0751569;0.0596082;0.0530977;0.0621986;0.0600562;0.0605482;0.0595112;0.035203;-0.0411118;0.0514333;0.0390551;0.0123487;0.515801;1;0.856626;0.787356;0.608907;0.365388;
69;-0.295751;0.237723;-0.310575;0.26361;-0.292924;0.295618;0.0959901;0.0402921;0.0854404;-0.0157604;0.0871703;-0.0167263;0.0347538;0.110436;-0.0283506;0.0678056;0.0171229;0.063169;0;1;0.855789;0.623764;0;1;
70;-0.283315;0.209375;-0.291974;0.244494;-0.281664;0.279571;0.146443;0.037675;0.140285;-0.0951009;0.141292;-0.0938825;0.0202957;0.181148;-0.0145445;0.102754;0.00999934;0.065821;0;1;0.4741;0.466364;0;1;
71;-0.259963;0.153296;-0.26502;0.214753;-0.258999;0.248487;0.193627;0.0287165;0.190031;-0.127261;0.190619;-0.126328;0.011852;0.215844;-0.00849442;0.0897143;0.00583923;0.0677556;0;1;0;0.612371;0;1;
72;-0.226021;0.123237;-0.228974;0.191757;-0.225458;0.219315;0.225401;0.0101973;0.223301;-0.133043;0.223644;-0.117696;0.00692111;0.198499;-0.00496112;0.114867;0.00340949;0.0873119;0;1;0;0.502712;0;1;
73;-0.181421;0.0578983;-0.183145;0.159151;-0.181092;0.177507;0.243754;0.0106683;0.242527;-0.140907;0.242728;-0.126702;0.0040414;0.201357;-0.00289772;0.0896154;0.00199053;0.0894969;0;1;0;0.635362;0;1;
74;-0.122746;0.012657;-0.123753;0.109345;-0.122554;0.120469;0.252668;0.0065381;0.251952;-0.140439;0.252069;-0.126655;0.00235964;0.192866;-0.0016928;0.090688;0.00116192;0.0827819;0;1;0;0.642757;0;1;
75;-0.0440557;-0.0202387;-0.044644;0.0362141;-0.0439441;0.0427414;0.246669;0.00341575;0.247209;-0.117438;0.244758;-0.132272;0.00137754;0.172994;-0.000989025;0.0895791;0.000677927;0.081404;0;1;0;0.718419;0;0.936355;
76;0.0533562;-0.0909024;0.0530126;-0.0579508;0.0534214;-0.0541082;0.229821;0.011201;0.227418;-0.110577;0.228288;-0.134286;0.000803995;0.17416;-0.000578101;0.0821556;0.000395339;0.0673592;0;1;0;0.826451;0;1;
77;0.14687;-0.168792;0.14667;-0.149565;0.146908;-0.147297;0.197508;0.020072;0.199194;-0.0844413;0.195276;-0.117383;0.000469072;0.146653;-0.000338054;0.0934327;0.000230291;0.0751156;0;1;0;0.805757;0;0.855085;
78;0.214746;-0.227544;0.214629;-0.216324;0.214769;-0.21499;0.187816;0.0300612;0.190475;-0.0455191;0.157295;-0.0902488;0.000273568;0.135952;-0.000197818;0.0774337;0.000134;0.0613903;0;1;0;0.913166;0;0.892824;
79;0.24754;-0.257171;0.256617;-0.256636;0.256699;-0.256829;0.166141;0.0474885;0.167694;-0.0140564;0.148316;-0.0639292;-0.00837815;0.107673;-0.000115965;0.0738345;7.7775e-05;0.0437653;0.404954;1;0;0.940338;0;0.867193;
80;0.250893;-0.27374;0.280081;-0.274914;0.280129;-0.280205;0.130239;0.0452102;0.131146;0.033203;0.119829;-0.024981;-0.0175994;0.0774753;-6.8115e-05;0.0688425;4.49839e-05;0.0255612;0.990077;1;0;0.794431;0;1;
81;0.24472;-0.286751;0.291121;-0.28512;0.287866;-0.289508;0.077921;0.0604901;0.0784417;0.0640761;0.0718362;0.0199458;0.0239385;0.0452507;-4.00811e-05;0.0545805;0.0161578;-0.0135899;1;1;0;0.436733;0.595871;1;
82;0.258452;-0.290407;0.303464;-0.288675;0.255054;-0.298005;0.00581277;0.0724659;0.00611076;0.077443;0.0358833;0.057503;0.0505832;0.0264248;0.0531431;0.0318757;0.109341;-0.0190985;1;0;1;0.0890672;0.907015;1;
83;0.238023;-0.283616;0.291114;-0.282604;0.231872;-0.289154;-0.0719234;0.123974;-0.0734196;0.126881;0.035042;0.115241;0.093169;0.0154317;0.0730359;0.0186148;0.165768;-0.0110885;0.783547;0;1;0;1;0.486164;
84;0.222244;-0.265069;0.267528;-0.264478;0.160823;-0.26844;-0.132787;0.177526;-0.125104;0.179224;0.0370294;0.172426;0.0859012;0.00901168;0.0733117;0.0108705;0.215957;-0.00647598;0.627128;0;1;0;1;0;
85;0.190396;-0.234961;0.236072;-0.234616;0.144403;-0.236929;-0.128409;0.215518;-0.117957;0.216509;0.0122245;0.21254;0.105286;0.00526232;0.0852787;0.00634776;0.206939;-0.00378243;0.876862;0;1;0;1;0;
86;0.162914;-0.194064;0.194715;-0.193862;0.070867;-0.195213;-0.14024;0.238244;-0.117522;0.238823;0.00928697;0.236505;0.0923566;0.00307252;0.094353;0.00370672;0.198142;-0.00220932;0.691874;0;1;0;1;0;
87;0.112107;-0.140163;0.14055;-0.140045;0.0201604;-0.140834;-0.143677;0.250074;-0.126789;0.250412;0.011614;0.249058;0.080127;0.00179381;0.0858802;0.00216409;0.196901;-0.00129072;0.947228;0;1;0;1;0;
88;0.0454092;-0.0676898;0.0679305;-0.0676205;-0.00170346;-0.0680814;-0.123315;0.249646;-0.125634;0.249372;-0.00262195;0.247934;0.0978702;0.00104697;0.0829954;0.00126334;0.178677;-0.000754289;0.992229;0;1;0;1;0;
89;-0.0387926;0.0257618;-0.0256025;0.0258024;-0.0662866;0.0255331;-0.114143;0.231026;-0.136708;0.235686;0.0090008;0.237447;0.0801013;0.000610813;0.0700308;0.000737334;0.178564;-0.000440949;1;0;1;0;1;0;
90;-0.130913;0.123284;-0.123171;0.123307;-0.146945;0.12315;-0.0884371;0.210454;-0.119032;0.210452;0.0136055;0.205995;0.0862763;0.000356196;0.0720993;0.0004301;0.156983;-0.000258057;1;0;1;0;1;0;
91;-0.203434;0.198961;-0.198879;0.198975;-0.212772;0.198883;-0.0546882;0.202522;-0.0984322;0.20252;0.0285222;0.19602;0.0807749;0.000207426;0.0701696;0.000250803;0.135655;-0.000151052;1;0;0.94124;0;1;0;
92;-0.249963;0.247338;-0.247277;0.247346;-0.255396;0.247292;-0.0214234;0.180206;-0.0679489;0.180206;0.0448305;0.176409;0.0716912;0.000120646;0.0512068;0.00014616;0.114101;-8.86849e-05;1;0;0.934586;0.0849161;1;0;
93;-0.276796;0.27513;-0.275092;0.265627;-0.267999;0.275104;0.019153;0.145494;-0.0315825;0.145495;0.0460625;0.143276;0.0789265;6.99753e-05;0.0299105;-0.00982106;0.081239;-5.21844e-05;1;0;1;0.492761;1;0;
94;-0.287532;0.288233;-0.287392;0.268674;-0.284959;0.289109;0.0699308;0.0964856;0.00886827;0.0964927;0.0439573;0.0951902;0.0690417;0.00601303;0.0174632;-0.00148581;0.0474526;-3.08663e-05;1;0.0756587;1;0.859566;1;0;
95;-0.294133;0.279169;-0.289831;0.263786;-0.291795;0.29229;0.0784352;0.0412584;0.0326399;0.0338661;0.0504106;0.028137;0.0403201;0.0887409;0.00165054;0.0566542;0.0277091;0.0384149;0.135338;0.66154;1;0.828939;0.46563;0.864525;
96;-0.288746;0.231045;-0.300701;0.24216;-0.287381;0.27331;0.117128;0.0400111;0.0903892;-0.0515279;0.100761;-0.0548756;0.0235463;0.147492;0.0154789;0.0870467;0.0161816;0.0579883;0;0.976112;0.729024;0.625331;0;1;
97;-0.272645;0.171587;-0.279629;0.22203;-0.271848;0.244625;0.169249;0.0313095;0.153635;-0.118284;0.159691;-0.11566;0.0137505;0.20926;0.00928562;0.0984355;0.00944972;0.0663242;0;1;0.263142;0.423245;0;1;
98;-0.24506;0.149346;-0.249138;0.167608;-0.244595;0.194995;0.209786;0.0168971;0.200667;-0.118579;0.204204;-0.128865;0.00802967;0.202033;0.00542232;0.109894;0.00551816;0.0734715;0;1;0;0.541038;0;1;
