1;-0.000363589;0.000116065;9.94843e-05;-0.000363589;0.000116065;9.94843e-05;0.0349769;0.0347456;0.0352595;0.0349769;0.0347456;0.0352595;0.808667;0.808665;0.808666;0.808667;0.808665;0.808666;0;0;0;0;0;0;
2;-0.000676135;0.000252192;0.000637478;-0.00116921;0.00064175;0.000148056;0.116731;0.11827;0.121331;0.116507;0.118206;0.121071;0.472375;0.472378;0.472384;0.472376;0.472379;0.472385;1;0.935535;1;0.691374;0.940813;1;
3;-0.000844671;0.000276586;0.00119935;-0.00186579;0.0011545;0.000107377;0.0682556;0.0689863;0.0709425;0.0679552;0.0691185;0.0706207;0.275873;0.275877;0.275879;0.275874;0.275877;0.27588;0;0;0;0;0;0;
4;0.000599146;0.000311504;0.00161139;-0.000490863;0.00200839;0.000452219;0.101735;0.102578;0.103889;0.101558;0.102896;0.104309;0.161118;0.161119;0.161121;0.161119;0.16112;0.161122;0.56702;0.441219;0.658499;0.306186;0.448553;0.666454;
5;0.000784218;-0.000214139;0.0011909;-0.000522014;0.00131026;-0.0001551;0.129718;0.132997;0.133814;0.13464;0.13512;0.136431;0.124105;0.121084;0.121868;0.116152;0.117102;0.11719;1;0.665826;0.988531;0.547076;0.728137;1;
6;0.000898701;-0.000295584;0.00116018;-0.000936874;0.000697341;-0.000725541;0.12636;0.128605;0.128425;0.135802;0.135933;0.137603;0.123902;0.12242;0.124781;0.116063;0.117104;0.116369;1;0.663955;0.972456;0.548585;0.71302;1;
7;0.000953976;-0.00024342;0.00123741;-0.00102628;0.000649662;-0.000799251;0.124587;0.127908;0.126894;0.135756;0.135293;0.137991;0.122682;0.119974;0.123428;0.116882;0.118599;0.116536;1;0.655883;0.989885;0.548347;0.724779;1;
8;0.000984306;-0.00025748;0.00123684;-0.00104805;0.000602996;-0.000852409;0.123649;0.128085;0.126113;0.136192;0.134287;0.138183;0.123213;0.11918;0.123827;0.114339;0.117844;0.11427;1;0.628486;0.98582;0.534918;0.737235;0.986499;
9;0.000733457;-0.00046775;0.00101921;-0.000843051;0.000834617;-0.000615908;0.121991;0.128896;0.124377;0.136302;0.132639;0.138541;0.124176;0.116868;0.124364;0.112717;0.118639;0.112906;1;0.592148;1;0.52525;0.760295;0.955402;
10;0.000392062;-0.000756121;0.000661546;-0.000248718;0.00135937;-4.92768e-05;0.118652;0.127149;0.121042;0.139504;0.133252;0.141758;0.123872;0.114226;0.123049;0.1106;0.120226;0.111829;1;0.573098;1;0.510703;0.788655;0.91808;
11;-0.000723286;-0.00158567;-0.000318682;0.000466288;0.00203023;0.000790825;0.116062;0.12835;0.118631;0.14014;0.132094;0.142836;0.124823;0.109675;0.121863;0.109586;0.122203;0.112206;1;0.543186;1;0.51546;0.601152;0.886842;
12;-0.00279627;-0.00355913;-0.00251593;0.00256198;0.00376211;0.00276227;0.114332;0.127872;0.117442;0.141844;0.131804;0.14479;0.128037;0.109405;0.119786;0.103846;0.120974;0.11082;1;0.512857;1;0.52019;0.63874;0.830641;
13;-0.00601227;-0.00629803;-0.00571443;0.00514746;0.00586253;0.00536241;0.113777;0.127787;0.116375;0.141063;0.130638;0.144712;0.130645;0.10881;0.116873;0.100399;0.120683;0.112678;1;0.507177;1;0.544843;0.661742;0.767836;
14;-0.00878311;-0.00820801;-0.0086294;0.00946108;0.00931529;0.00951077;0.116253;0.126562;0.119079;0.137845;0.131146;0.143651;0.129734;0.10947;0.108629;0.0997037;0.118483;0.116422;0.992442;0.539005;1;0.606492;0.636651;0.716345;
15;-0.0145446;-0.0129919;-0.0144961;0.0147587;0.0135166;0.0147302;0.129771;0.130845;0.130456;0.127914;0.126188;0.128548;0.124895;0.110945;0.0949418;0.0975885;0.115371;0.132309;0.883448;0.663406;1;0.672903;0.700383;0.63104;
16;-0.0189248;-0.0160216;-0.0191566;0.0198121;0.0167182;0.0195045;0.147202;0.130756;0.146418;0.105902;0.124667;0.11014;0.122544;0.126328;0.0857365;0.10357;0.0998844;0.142447;0.573814;0.880261;1;0.819904;0.500265;0.706518;
17;-0.0440578;0.00381038;-0.00369603;0.0673128;-0.00400684;0.0661863;0.148723;0.119761;0.179949;0.0617475;0.119854;0.0930336;0.085712;0.183662;0.069153;0.0980532;0.0583385;0.140618;0.912485;0.776911;1;0.761033;0.221504;1;
18;-0.0794305;0.00364339;-0.00511574;0.106048;-0.0690793;0.104257;0.180425;0.123251;0.224982;-0.00815642;0.131559;0.0455951;0.0500599;0.240873;0.0525688;0.110416;0.0340691;0.166309;0.0121962;0.882007;0.962798;0.712059;0;1;
19;-0.104675;0.000670356;-0.00860368;0.122064;-0.101099;0.115269;0.195753;0.115657;0.258077;-0.0468878;0.164613;0.0112278;0.0292358;0.277201;0.0333516;0.127803;0.0198957;0.190533;0.582765;1;0.760605;0.731628;0;1;
20;-0.0731702;0.0379194;-0.0332958;0.0750008;-0.112981;0.0753984;0.216563;0.121538;0.264906;-0.0707124;0.198257;-0.0475497;0.0170728;0.318471;0.0311051;0.149813;0.0116185;0.157857;1;1;0.0492571;0.598951;0;1;
21;-0.0696438;0.040563;-0.0361123;0.0560228;-0.0782032;0.0562544;0.232795;0.115333;0.259377;-0.066702;0.222103;-0.0474212;-0.0236917;0.308225;0.0181659;0.163768;0.00678459;0.153582;0.97782;1;0.549943;0.53896;0;1;
22;-0.0725259;0.0321774;0.00210383;0.000752173;-0.0136947;0.000871272;0.239945;0.111504;0.241035;-0.0644304;0.234726;-0.0716871;-0.0300085;0.331051;0.0197678;0.158989;0.00396156;0.131448;1;0.8377;0.160342;0.58931;0;1;
23;-0.101116;-0.00474515;0.0838775;-0.0780032;0.0746535;-0.0821515;0.243052;0.116063;0.227721;-0.0511507;0.2276;-0.0784103;-0.0385812;0.324781;0.0115445;0.15746;0.00231294;0.115391;1;0.744889;0;0.509762;0;1;
24;-0.104157;-0.0115774;0.163486;-0.147523;0.16085;-0.165234;0.233269;0.111927;0.221642;-0.0304246;0.195935;-0.0732105;-0.0497181;0.32757;0.0111288;0.168774;0.00135014;0.0773738;1;0.268976;0;0.426386;0;1;
25;-0.0461259;-0.026697;0.224749;-0.183997;0.223209;-0.22577;0.215762;0.0816244;0.202683;-0.00918087;0.185065;-0.106704;-0.0326279;0.28108;0.00649878;0.14275;0.00078795;0.0251378;1;0.721621;0;0.480849;0;1;
26;0.0177016;-0.0393885;0.262447;-0.201006;0.261547;-0.263043;0.184102;0.0707678;0.172701;0.011707;0.162412;-0.100507;-0.020752;0.212297;0.0037947;0.137056;0.000459701;-0.0549595;1;0.519209;0;0.372732;0;1;
27;0.0980798;-0.116346;0.283263;-0.209269;0.282738;-0.283657;0.139551;0.0389156;0.131318;0.0533668;0.125309;-0.135502;0.00753748;0.123995;0.00221584;0.107537;0.000267974;-0.0816785;1;0;0;0.573495;0;1;
28;0.184269;-0.195125;0.292604;-0.221117;0.287251;-0.291652;0.0820631;0.0246454;0.074766;0.0956956;0.0712628;-0.111311;0.0299995;0.0724116;0.0012935;0.091774;0.0539331;-0.168239;1;0;0;0.0184445;0.443166;1;
29;0.172178;-0.236066;0.291116;-0.246189;0.258853;-0.257847;0.00365413;0.0586731;-0.000621059;0.119764;0.0698532;-0.0207449;0.0189645;0.0422876;0.000754978;0.0535969;0.167712;-0.1548;1;0;0;0.0625945;0.1792;1;
30;0.155705;-0.250673;0.283867;-0.256586;0.229108;-0.253552;-0.0829235;0.119336;-0.0854358;0.155013;0.0242924;0.0729415;0.0315171;0.0246954;0.00353972;0.0312998;0.239086;-0.150883;1;0;0.426956;0;0.266567;1;
31;0.122396;-0.24405;0.263433;-0.247503;0.211522;-0.245731;-0.142021;0.17605;-0.156248;0.196885;0.0510223;0.140149;0.0599782;0.0144217;0.014077;0.0182785;0.257061;-0.149384;1;0;0.753561;0;0.975218;1;
32;0.0828157;-0.220524;0.231844;-0.22254;0.214958;-0.229065;-0.155356;0.214873;-0.203303;0.227041;0.0638875;0.162992;0.0710047;0.00842172;0.0231077;0.010674;0.259177;-0.122735;1;0;1;0;1;0.921569;
33;0.062759;-0.182958;0.189573;-0.184137;0.194111;-0.196583;-0.126437;0.237785;-0.150306;0.24489;0.0121127;0.194104;0.11246;0.00491796;0.0543875;0.0062328;0.21191;-0.077955;1;0;1;0;1;0;
34;0.0195643;-0.130083;0.133951;-0.13077;0.136586;-0.138039;-0.0932229;0.249587;-0.119425;0.253737;-0.0209778;0.224079;0.133354;0.00287103;0.107338;0.00363989;0.150008;-0.0455255;1;0;1;0;1;0;
35;-0.0579161;-0.0569363;0.0592038;-0.0573378;0.0607278;-0.0615828;-0.124213;0.249667;-0.167676;0.2475;0.0114952;0.238592;0.0841491;0.00167622;0.0626969;0.00212505;0.195026;-0.0265872;1;0;1;0;1;0;
36;-0.130682;0.0372309;-0.0358908;0.0369961;-0.0350165;0.0345169;-0.0947463;0.231976;-0.133711;0.229695;-0.00676228;0.234872;0.108975;0.00097837;0.0828421;0.00124046;0.150426;-0.0155273;1;0;1;0;1;0;
37;-0.215531;0.132975;-0.132175;0.132837;-0.131676;0.131389;-0.0770015;0.206686;-0.120696;0.21111;0.00937497;0.208135;0.0948343;0.000570682;0.0701779;0.000724103;0.146487;-0.00906817;1;0;0.96504;0;1;0;
38;-0.284481;0.205469;-0.204989;0.205388;-0.204703;0.204543;-0.0489828;0.198669;-0.098626;0.201252;0.0289034;0.199515;0.0794166;0.000332851;0.0568475;0.000422331;0.138274;-0.00529625;1;0;0.981151;0;1;0;
39;-0.325553;0.251217;-0.250931;0.251169;-0.250764;0.250676;-0.00612585;0.175973;-0.06822;0.177482;0.0408959;0.176467;0.0743621;0.000193838;0.0509537;0.000246426;0.10982;-0.00309338;1;0;0.933651;0.0974326;1;0;
40;-0.337422;0.277236;-0.2711;0.265713;-0.263926;0.27692;0.0336363;0.140492;-0.0285065;0.141375;0.0389851;0.140781;0.0796828;0.00011278;0.0297613;-0.00561717;0.0771168;-0.00180693;1;0;1;0.376398;1;0;
41;-0.332429;0.289936;-0.262773;0.261143;-0.281441;0.289856;0.0640417;0.0901007;0.00939827;0.090623;0.0431077;0.0902676;0.0678939;0.0159494;0.0173764;0.0287383;0.0450406;-0.00105555;1;0.16003;1;0.681112;0.853271;0;
42;-0.330212;0.267712;-0.277288;0.257705;-0.28857;0.292599;0.0842745;0.0456776;0.0375898;0.0319607;0.0475886;0.0207894;0.0396503;0.0844678;-0.00530637;0.0701327;0.0262974;0.0463798;0;0.810202;1;0.571017;0.377172;0.9455;
43;-0.30878;0.213812;-0.29254;0.243797;-0.284461;0.279517;0.124513;0.0403797;0.0972545;-0.0566149;0.103088;-0.0631402;0.0231551;0.159701;0.0116423;0.091915;0.0153573;0.0637297;0;1;0.668403;0.558727;0;1;
44;-0.2827;0.170916;-0.273217;0.225435;-0.268499;0.258524;0.17531;0.0349836;0.159392;-0.115204;0.162798;-0.120151;0.013522;0.220071;0.00679916;0.100444;0.00896826;0.0655302;0;1;0;0.467608;0;1;
45;-0.248872;0.138456;-0.243334;0.202554;-0.240578;0.232169;0.213715;0.0230528;0.204419;-0.125694;0.206408;-0.12541;0.00789623;0.211526;0.00397023;0.113119;0.00523697;0.0854317;0;1;0;0.572748;0;1;
46;-0.206612;0.0822704;-0.203378;0.178348;-0.201769;0.196859;0.237291;0.0140335;0.231862;-0.12898;0.233023;-0.119693;0.00461098;0.204617;0.00231817;0.101417;0.00305775;0.0914184;0;1;0;0.573074;0;1;
47;-0.153381;0.0278763;-0.151492;0.13545;-0.150553;0.147689;0.24986;0.0195138;0.24669;-0.140678;0.247368;-0.131664;0.00269223;0.20167;0.00135331;0.0927757;0.00178514;0.089268;0;1;0;0.672342;0;1;
48;-0.0834535;0.010156;-0.0823505;0.0728354;-0.0818021;0.080141;0.252622;0.00725391;0.252037;-0.123616;0.249679;-0.132392;0.00157177;0.183847;0.000789844;0.109793;0.00104194;0.0857914;0;1;0;0.613726;0;1;
49;0.00749763;-0.0503041;0.00814172;-0.0137121;0.00846195;-0.0094183;0.235735;0.0123662;0.239732;-0.111064;0.235173;-0.138531;0.000917447;0.183929;0.000460778;0.0913506;0.000607858;0.0708369;0;1;0;0.637749;0;1;
50;0.106833;-0.13183;0.107209;-0.110472;0.107397;-0.107944;0.217014;0.0183502;0.215314;-0.0886795;0.217036;-0.124093;0.000535281;0.168225;0.000268566;0.0893405;0.00035447;0.0678084;0;1;0;0.709895;0;0.92349;
51;0.18756;-0.202154;0.187779;-0.189685;0.187889;-0.188205;0.209104;0.0312218;0.208112;-0.0563431;0.209117;-0.10327;0.00031221;0.149092;0.000156443;0.0847556;0.00020643;0.0662981;0;1;0;0.791512;0;0.965775;
52;0.240446;-0.248967;0.240574;-0.241679;0.240638;-0.240826;0.187358;0.0539304;0.186778;-0.030092;0.187365;-0.0794414;0.000181897;0.129117;9.09309e-05;0.0748363;0.000120015;0.0509848;0;1;0;0.886881;0;0.966947;
53;0.256809;-0.261186;0.271415;-0.264112;0.271452;-0.271565;0.153837;0.0452765;0.153499;0.0191517;0.153842;-0.0384038;-0.0239548;0.0986208;5.26982e-05;0.0809597;6.96037e-05;0.0297815;0.776197;1;0;0.845379;0;1;
54;0.25331;-0.281026;0.287452;-0.27886;0.287474;-0.287271;0.10704;0.052453;0.106837;0.0578084;0.107038;-0.000593699;-0.01399;0.0587486;3.03627e-05;0.08167;4.02449e-05;0.0173889;1;0.800635;0;0.604204;0;1;
55;0.256518;-0.288888;0.293552;-0.286683;0.280107;-0.291761;0.0425599;0.056489;0.0424301;0.0731633;0.0425543;0.0238728;0.0396018;0.0343075;0.0192185;0.0476965;0.0741036;0.00721286;1;0.362762;0.791222;0.115787;0.965149;1;
56;0.252258;-0.287319;0.290631;-0.286243;0.243304;-0.297791;-0.0392734;0.0971323;-0.0393517;0.10687;0.0347363;0.07809;0.0765222;0.0200351;0.0602085;0.0278541;0.135603;0.00330798;1;0;1;0;1;0.936247;
57;0.235585;-0.274499;0.27084;-0.27387;0.19363;-0.284027;-0.112205;0.15407;-0.109529;0.159758;0.0336889;0.142951;0.0924208;0.0117001;0.0662032;0.0162662;0.19907;0.00373583;0.720292;0;1;0;1;0.475987;
58;0.208795;-0.249586;0.242106;-0.249218;0.150095;-0.25515;-0.137155;0.200063;-0.124237;0.203384;0.0242004;0.193569;0.101061;0.00683239;0.0761301;0.0094988;0.207021;0.00218124;0.863607;0;1;0;1;0;
59;0.185502;-0.213682;0.209314;-0.213468;0.104561;-0.216932;-0.136555;0.229344;-0.114795;0.231283;0.00636897;0.225552;0.10258;0.00398948;0.0908951;0.00554688;0.196378;0.00127341;0.851379;0;1;0;1;0;
60;0.146278;-0.166206;0.163659;-0.16608;0.0464623;-0.168103;-0.14291;0.245686;-0.1252;0.246819;0.00865076;0.243472;0.0799573;0.00232926;0.0859482;0.00323882;0.199944;0.0007432;1;0;1;0;1;0;
61;0.0880489;-0.102893;0.101417;-0.102819;0.0329132;-0.104001;-0.128107;0.253066;-0.132253;0.253727;0.00230665;0.251773;0.0898093;0.00135972;0.0802458;0.00189092;0.184387;0.000433487;0.958128;0;1;0;1;0;
62;0.00963013;-0.0183154;0.0174698;-0.0182723;-0.0225543;-0.0189623;-0.119364;0.23845;-0.138067;0.238577;0.00225739;0.244308;0.0909484;0.000793423;0.0787378;0.00110386;0.172228;0.000252704;1;0;1;0;1;0;
63;-0.0860355;0.0809483;-0.0814264;0.0809734;-0.104814;0.0805703;-0.105248;0.222637;-0.130369;0.221797;0.0105539;0.220637;0.0803249;0.000462819;0.0670692;0.000644156;0.1665;0.000147061;1;0;1;0;1;0;
64;-0.171509;0.168527;-0.168793;0.168541;-0.182459;0.168306;-0.0747943;0.191392;-0.10379;0.193107;0.0115485;0.18825;0.0880834;0.00026993;0.0662806;0.000375937;0.150314;8.56042e-05;1;0;1;0;1;0;
65;-0.230384;0.228635;-0.228783;0.228644;-0.236765;0.228506;-0.0427629;0.182041;-0.0870293;0.183043;0.0384672;0.180207;0.0699985;0.000156958;0.0609104;0.000219029;0.125751;4.94794e-05;1;0;0.934572;0;1;0;
66;-0.264942;0.264703;-0.264789;0.256535;-0.262249;0.264628;-0.000344934;0.156952;-0.0503802;0.157537;0.0452581;0.155881;0.0713968;9.1205e-05;0.0421778;-0.010351;0.0921176;2.84903e-05;1;0;1;0.349515;1;0;
67;-0.281202;0.284224;-0.284274;0.256419;-0.281056;0.284179;0.038059;0.117215;-0.0116316;0.117559;0.0476504;0.116589;0.0723013;5.2831e-05;0.0246322;-0.00894815;0.0597799;1.6241e-05;1;0;1;0.674991;1;0;
68;-0.288257;0.292099;-0.28787;0.250287;-0.290503;0.291057;0.0727676;0.059804;0.0563563;0.0600099;0.0590045;0.0594335;0.0469514;0.0328674;-0.0482826;0.0446963;0.0349113;0.00608636;0.504959;0.94245;0.757144;0.849497;0.844028;0.528332;
69;-0.29508;0.239084;-0.311516;0.26222;-0.293121;0.29657;0.094595;0.036265;0.0857628;-0.0170392;0.0865562;-0.0173783;0.0274192;0.112846;-0.0332175;0.0623308;0.0151999;0.0583555;0;1;0.858466;0.564117;0;1;
70;-0.282923;0.215048;-0.293271;0.242755;-0.281779;0.281144;0.145628;0.0324845;0.140473;-0.0956201;0.140933;-0.095015;0.0160123;0.181243;-0.0184709;0.102722;0.00887633;0.065721;0;1;0.454098;0.318364;0;1;
71;-0.259734;0.151243;-0.265778;0.210934;-0.259067;0.247659;0.193152;0.0289694;0.190141;-0.13139;0.19041;-0.129047;0.00935051;0.210395;-0.0107874;0.0879664;0.00518339;0.0676823;0;1;0;0.46251;0;1;
72;-0.225887;0.128715;-0.229417;0.185564;-0.225497;0.218831;0.225123;0.00832286;0.223365;-0.135343;0.223522;-0.127684;0.00546025;0.196048;-0.00630021;0.115888;0.00302649;0.0947329;0;1;0;0.36441;0;1;
73;-0.181343;0.0552782;-0.183404;0.155244;-0.181115;0.177224;0.243592;0.0073426;0.242565;-0.142732;0.242656;-0.126173;0.00318829;0.198454;-0.00367974;0.0870782;0.00176685;0.0889614;0;1;0;0.498273;0;1;
74;-0.1227;0.00449173;-0.123904;0.105482;-0.122567;0.120304;0.252573;0.00670545;0.251973;-0.143272;0.252027;-0.128109;0.00186141;0.18885;-0.00214946;0.0839006;0.00103129;0.0845697;0;1;0;0.500103;0;1;
75;-0.0440291;-0.0250059;-0.0447321;0.0339583;-0.043952;0.0426446;0.247005;-0.00370726;0.247438;-0.120747;0.246654;-0.13204;0.00108659;0.176309;-0.00125575;0.0888139;0.000601653;0.0821437;0;1;0;0.602229;0;1;
76;0.0533718;-0.093686;0.0529612;-0.0592697;0.0534168;-0.0541634;0.229893;0.00985945;0.226797;-0.11142;0.228487;-0.13498;0.000634086;0.169752;-0.000733845;0.0788516;0.000350781;0.0679636;0;1;0;0.729935;0;1;
77;0.146879;-0.170418;0.14664;-0.150337;0.146906;-0.147328;0.194051;0.0113466;0.203906;-0.082011;0.202144;-0.112584;0.000369926;0.15224;-0.000429059;0.086415;0.000204324;0.0674278;0;1;0;0.870076;0;1;
78;0.214752;-0.228492;0.214612;-0.216779;0.214767;-0.215005;0.166789;0.0333814;0.19414;-0.0498582;0.193111;-0.0951742;0.000215583;0.1299;-0.000250945;0.0745292;0.000118739;0.0630045;0.0167902;1;0;0.977383;0;1;
79;0.24873;-0.257636;0.256607;-0.257401;0.256698;-0.256835;0.153861;0.042712;0.169834;-0.0156799;0.169233;-0.063881;-0.0107438;0.103372;-0.000146971;0.0773417;6.8869e-05;0.0448226;0.586365;1;0;0.914828;0;1;
80;0.248507;-0.275008;0.280075;-0.276907;0.280128;-0.280208;0.123069;0.0449034;0.132396;0.023848;0.132045;-0.027927;-0.0183301;0.0743257;-8.62332e-05;0.0747785;3.9756e-05;0.0261777;1;1;0;0.735042;0;1;
81;0.248781;-0.285554;0.291117;-0.286262;0.289879;-0.289627;0.073732;0.0507434;0.0791718;0.0676346;0.0789685;0.0312159;0.00753633;0.0434109;-5.06788e-05;0.0569899;0.01103;-0.0262637;1;1;0;0.550054;0.53639;1;
82;0.258553;-0.290262;0.301298;-0.289238;0.263104;-0.296092;0.00336471;0.0680624;0.00653546;0.0793897;0.040089;0.0611131;0.0445952;0.0247405;0.0484218;0.0332825;0.098973;-0.02762;1;0;1;0;0.770474;1;
83;0.23896;-0.283532;0.289102;-0.282933;0.235996;-0.289747;-0.0796743;0.121402;-0.0764081;0.128018;0.0357126;0.117348;0.0907652;0.0144481;0.0721881;0.0194364;0.161547;-0.0161283;0.803847;0;1;0;1;0.745754;
84;0.22347;-0.265019;0.265066;-0.26467;0.164934;-0.268855;-0.138718;0.176024;-0.123722;0.179888;0.0295048;0.173657;0.0848553;0.00843725;0.0712308;0.0113503;0.218558;-0.00941897;0.737402;0;1;0;1;0;
85;0.194412;-0.234932;0.234954;-0.234728;0.142079;-0.237172;-0.131842;0.214641;-0.119942;0.216897;0.00498673;0.213258;0.0980386;0.00492683;0.09597;0.00662797;0.206328;-0.00550111;0.912774;0;1;0;1;0;
86;0.165043;-0.194047;0.194062;-0.193928;0.0775235;-0.195355;-0.14513;0.237732;-0.116662;0.23905;0.00923246;0.236925;0.0884094;0.00287661;0.0898411;0.00387034;0.193489;-0.00321302;0.827101;0;1;0;1;0;
87;0.115618;-0.140153;0.140169;-0.140083;0.0211683;-0.140917;-0.148051;0.249775;-0.126015;0.250544;0.00683999;0.249303;0.0759169;0.0016794;0.0896096;0.00225967;0.194014;-0.00187689;1;0;1;0;1;0;
88;0.047675;-0.0676841;0.0677081;-0.0676429;-0.00180369;-0.0681298;-0.127397;0.249311;-0.128268;0.249124;-0.00366663;0.247894;0.0903065;0.000980139;0.089723;0.00131916;0.173112;-0.00109658;0.95845;0;1;0;1;0;
89;-0.0374695;0.0257651;-0.0257325;0.0257893;-0.0663444;0.0255049;-0.122182;0.231406;-0.138217;0.234815;0.00859125;0.238331;0.0796588;0.000571779;0.0760952;0.000769939;0.170714;-0.000640858;1;0;1;0;1;0;
90;-0.130141;0.123286;-0.123247;0.1233;-0.146978;0.123134;-0.0904273;0.210057;-0.118223;0.212212;0.0105039;0.206935;0.0778564;0.000333392;0.0749413;0.000449149;0.152339;-0.000374786;1;0;1;0;1;0;
91;-0.202984;0.198963;-0.198923;0.198971;-0.212791;0.198874;-0.0644169;0.202251;-0.0978826;0.203549;0.0255072;0.200203;0.0812461;0.000194119;0.0718843;0.00026191;0.132416;-0.000219266;1;0;1;0;1;0;
92;-0.25024;0.247339;-0.247302;0.247343;-0.255406;0.247287;-0.0262469;0.180048;-0.0695633;0.180806;0.0417423;0.178852;0.0718972;0.000112841;0.0600036;0.000152535;0.105276;-0.000128477;1;0;0.999524;0;1;0;
93;-0.277304;0.275131;-0.275107;0.266857;-0.267012;0.2751;0.0160556;0.145402;-0.031896;0.145845;0.0442101;0.144703;0.075966;6.54337e-05;0.0350481;-0.0114504;0.0719771;-7.54411e-05;1;0;1;0.609482;1;0;
94;-0.289602;0.287088;-0.28911;0.268858;-0.284382;0.289107;0.0641529;0.0964317;0.00863156;0.0966963;0.0413271;0.0960235;0.0680094;0.00457037;0.0204644;-0.00152586;0.0420417;-4.4431e-05;1;0.0490396;1;1;0.845784;0;
95;-0.295014;0.279106;-0.291654;0.260791;-0.292843;0.292627;0.0765201;0.0424777;0.0325007;0.0342922;0.0488789;0.0286228;0.039717;0.0823979;0.00342316;0.0598394;0.024548;0.0327958;0.231953;0.748884;1;1;0.426064;1;
96;-0.28926;0.231425;-0.301402;0.249622;-0.287992;0.282409;0.11601;0.0414803;0.0903077;-0.051279;0.0998669;-0.0545923;0.0231941;0.146116;0.0147109;0.0859767;0.0143356;0.0562437;0;1;0.664732;0.785133;0;1;
97;-0.272946;0.172188;-0.280038;0.232008;-0.272206;0.256749;0.168596;0.0385444;0.153587;-0.118657;0.159169;-0.115301;0.0135448;0.200179;0.00868743;0.0975984;0.0083716;0.0657504;0;1;0.149654;0.587143;0;1;
98;-0.245235;0.146582;-0.249377;0.205362;-0.244803;0.230757;0.209404;0.0164163;0.200639;-0.127419;0.203899;-0.124751;0.00790951;0.212719;0.00507297;0.106734;0.00488855;0.0804455;0;1;0;0.72271;0;1;
