1;-0.000363587;0.000116064;9.94837e-05;-0.000363587;0.000116064;9.94836e-05;0.0349769;0.0347456;0.0352595;0.0349769;0.0347455;0.0352594;0.808667;0.808665;0.808666;0.808667;0.808665;0.808666;0;0;0;0;0;0;
2;0.00110142;0.0471844;0.00285094;0.00183442;0.00196484;0.000765571;0.171946;0.232068;0.1718;0.16729;0.166627;0.167344;0.472429;0.472496;0.472437;0.47244;0.472444;0.472452;1;1;1;1;1;1;
3;0.00490076;0.0244857;0.00395886;0.000646164;0.00298039;2.21156e-05;0.103935;0.137944;0.103275;0.101969;0.101549;0.101282;0.27592;0.275958;0.275925;0.275921;0.275925;0.275928;1;0;1;0.555934;0.821551;1;
4;0.00349694;0.0136647;0.00294675;-0.000257453;0.00237537;-0.00062204;0.0606791;0.0805849;0.0602941;0.059581;0.0592842;0.0591806;0.161145;0.161162;0.161148;0.161143;0.161146;0.161147;0.884337;0.223337;1;0.541332;0.721531;0.751232;
5;0.00291842;0.00710393;0.00259703;-0.00102649;0.00226339;-0.00123943;0.0359056;0.0473181;0.0365201;0.0350548;0.0343875;0.0348218;0.0941128;0.0941198;0.0941144;0.0941101;0.0941132;0.0941132;0.776744;0.62471;1;0.460881;0.798745;1;
6;0.00309828;0.00304125;0.00282689;-0.00170686;0.00262197;-0.00183123;0.0273037;0.0318016;0.032622;0.0275087;0.0309472;0.0339428;0.0549644;0.0549681;0.0549657;0.0549625;0.0549649;0.0549648;0.965164;0.93946;1;0.745709;0.795384;1;
7;0.00360941;0.000532577;0.00335454;-0.00224009;0.00346209;-0.00231274;0.0269483;0.0301107;0.02909;0.0280586;0.0300043;0.0329827;0.0321016;0.0321036;0.0321027;0.0321004;0.0321024;0.032102;1;0.873394;1;0.573449;0.862368;1;
8;0.00327542;-0.000822531;0.0015925;-0.00244182;0.00315544;-0.00248425;0.0241902;0.0303938;0.0274317;0.029567;0.0297908;0.0336855;0.0187499;0.0187507;0.0187503;0.0187489;0.0187509;0.01875;0.925681;0.870517;1;0.568326;0.881557;1;
9;0.00245128;-0.00101873;0.00146842;-0.00196439;0.0023812;-0.00198919;0.0222911;0.0292893;0.0244358;0.0322853;0.030184;0.0356802;0.0109525;0.0109523;0.0109532;0.0109514;0.0109538;0.0109524;0.951284;0.659711;1;0.545038;0.867838;0.998504;
10;0.00053634;0.000300352;-3.78654e-05;-0.000251924;0.00049541;-0.000266416;0.0200904;0.0300001;0.0234625;0.0335856;0.0297221;0.0381718;0.00639902;0.00639782;0.0063997;0.00639754;0.00640058;0.00639855;0.974616;0.602677;1;0.687785;0.876157;0.980401;
11;-0.00333278;0.00382146;-0.00366806;0.00349894;-0.00335669;0.00349047;0.0174786;0.0299484;0.0222402;0.0358345;0.0294102;0.0404755;0.00373993;0.00373771;0.00953204;0.00373801;0.00834561;0.00373894;1;0.554783;1;0.644274;0.770312;0.949555;
12;-0.010246;0.0105315;-0.0104419;0.0103431;-0.0102595;0.0103381;0.0182116;0.0307159;0.0192028;0.0368481;0.028435;0.0422587;0.00694173;0.00218401;0.00557004;0.00218472;0.0092716;0.00218566;1;0.524292;1;0.494566;1;0.933503;
13;-0.0214417;0.0216084;-0.0215561;0.0214984;-0.0214495;0.0214955;0.015713;0.0313455;0.0183878;0.0367928;0.031999;0.0407592;0.00533815;0.00127654;0.00529166;0.0012775;0.0107181;0.00127838;1;0.508561;1;0.47931;0.899917;0.886555;
14;-0.0380183;0.0381158;-0.0380852;0.0380515;-0.0380229;0.0380498;0.0181767;0.03077;0.0198249;0.0367187;0.0279473;0.0404786;0.00384895;0.000746927;0.00546129;0.000747905;0.0115146;0.00074875;1;0.556598;1;0.512779;1;0.945215;
15;-0.060284;0.060341;-0.0603232;0.0603035;-0.0602868;0.0603025;0.0243495;0.0279176;0.0269279;0.0270145;0.0282654;0.0314576;0.00318482;0.00201859;0.00319211;0.00246878;0.0067273;0.00280614;0.90315;0.702736;1;0.564742;0.913315;1;
16;-0.0867222;0.0867555;-0.0867451;0.0867336;-0.0867238;0.086733;0.0435615;0.0256774;0.047187;0.00993744;0.0349945;0.0173057;0.00186131;0.014993;0.00206914;0.00826504;0.0039294;0.00853444;0.650949;1;0.891905;0.711228;0.453944;1;
17;-0.113111;0.113131;-0.113125;0.113118;-0.113112;0.113118;0.058317;0.0107494;0.0604359;-0.0270688;0.0533136;-0.0227632;0.00108677;0.0198904;0.00120895;0.00715723;0.00229439;0.0105556;0.22289;1;0.561923;0.690234;0;1;
18;-0.132796;0.132808;-0.132804;0.1328;-0.132797;0.1328;0.0956217;-0.0552719;0.0968592;-0.0773698;0.0926999;-0.0748499;0.00063428;0.0342198;0.000705635;0.00418192;0.00133955;0.0119707;0;1;0;0.591418;0;1;
19;-0.138309;0.138316;-0.138314;0.138312;-0.13831;0.138312;0.143626;-0.120049;0.144349;-0.132964;0.14192;-0.131488;0.000370031;0.0205411;0.000411696;0.00244357;0.00078188;0.00699356;0;1;0;0.614651;0;1;
20;-0.123565;0.12357;-0.123568;0.123566;-0.123565;0.123566;0.186001;-0.172222;0.186423;-0.179773;0.185005;-0.178907;0.000215666;0.0119983;0.000239991;0.00142774;0.000456163;0.00408557;0;1;0;0.582584;0;1;
21;-0.0843843;0.0843872;-0.0843859;0.0843851;-0.0843845;0.0843851;0.214946;-0.193678;0.215192;-0.211307;0.214364;-0.210798;0.000125499;0.00700736;0.000139703;0.000834015;0.000265902;0.0023863;0;1;0;0.895972;0;1;
22;-0.017304;0.017306;-0.0173049;0.0173044;-0.0173042;0.0173045;0.230547;-0.187541;0.230691;-0.228419;0.230207;-0.219159;7.27872e-05;0.00409211;8.10822e-05;0.000486997;0.00015477;0.00139351;0;1;0;0.708295;0;1;
23;0.072546;-0.0725442;0.0725455;-0.0725459;0.0725458;-0.0725458;0.229496;-0.170191;0.229186;-0.210739;0.228457;-0.207956;4.20129e-05;0.00238983;4.68207e-05;0.000284374;8.98511e-05;0.000813991;0;1;0;0.81233;0;1;
24;0.159619;-0.159617;0.159619;-0.159619;0.159619;-0.159619;0.195879;-0.138488;0.192807;-0.171827;0.193284;-0.179189;2.42522e-05;0.00464954;2.70219e-05;0.000166826;5.19193e-05;0.000476069;0;1;0;0.635626;0;1;
25;0.22249;-0.22249;0.22249;-0.22249;0.222491;-0.22249;0.18762;-0.0758067;0.151731;-0.120494;0.184505;-0.147407;1.35847e-05;0.0123275;1.51673e-05;0.00485086;2.98116e-05;0.000279049;0;1;0;0.973073;0;1;
26;0.261128;-0.261128;0.261127;-0.261128;0.261128;-0.261128;0.163905;-0.0267187;0.142945;-0.0626112;0.162085;-0.100472;7.51065e-06;0.0297698;8.47626e-06;0.0256864;1.68963e-05;0.0082586;0;1;0;0.782729;0;0.964849;
27;0.282492;-0.282495;0.282492;-0.282493;0.282493;-0.282492;0.126183;0.0386538;0.113941;0.0166512;0.125119;-0.0258481;0.0109913;0.0338005;4.62194e-06;0.0389011;9.385e-06;0.013829;0.992564;1;0;1;0;1;
28;0.292154;-0.292156;0.292154;-0.292155;0.292155;-0.292154;0.0717725;0.0568159;0.0646241;0.0626668;0.0711502;0.0604708;0.00642143;0.0197448;0.0169765;0.022723;0.0176774;0.0436392;0.959668;1;1;0.947548;0.749922;1;
29;0.29273;-0.292966;0.29273;-0.292769;0.286798;-0.29273;-0.00236355;0.077461;-0.00652962;0.080878;-0.00112296;0.0795965;0.00426837;0.0115306;0.0203368;0.0132699;0.0392141;0.0254853;0.901498;0;1;0;1;0.298733;
30;0.283765;-0.283903;0.283765;-0.283788;0.280302;-0.283765;-0.0864507;0.130308;-0.0888728;0.132304;-0.0857112;0.131555;0.00249391;0.00673341;0.0281432;0.00774916;0.0366985;0.0148829;0.838318;0;1;0;1;0;
31;0.263376;-0.263456;0.263375;-0.263389;0.261354;-0.263376;-0.156844;0.182458;-0.158251;0.183623;-0.156401;0.183186;0.00145721;0.00393185;0.0164384;0.00452507;0.021436;0.00869113;0.793015;0;1;0;1;0;
32;0.23181;-0.231857;0.23181;-0.231818;0.230629;-0.23181;-0.203656;0.218616;-0.204473;0.219296;-0.203389;0.219041;0.000851328;0.0022957;0.00960087;0.00264215;0.0125196;0.00507511;0.710931;0;1;0;1;0;
33;0.18955;-0.189577;0.18955;-0.189554;0.18886;-0.18955;-0.231234;0.239971;-0.231706;0.240368;-0.20957;0.240219;0.000497111;0.00134015;0.00560676;0.0015425;0.00731087;0.00296334;0.672664;0;1;0;1;0;
34;0.133932;-0.133948;0.133932;-0.133934;0.133529;-0.133932;-0.24576;0.250864;-0.228872;0.251096;-0.203667;0.251009;0.000290026;0.000782086;0.00327402;0.00090028;0.00426887;0.00173003;1;0;1;0;1;0;
35;0.0591838;-0.0591933;0.0591839;-0.0591854;0.0589494;-0.0591839;-0.238444;0.250384;-0.22393;0.248645;-0.195842;0.248489;0.000168995;0.000456174;0.00191187;0.000525242;0.00249251;0.00100979;1;0;1;0;1;0;
36;-0.0359181;0.0359129;-0.035918;0.0359171;-0.0360547;0.035918;-0.222129;0.226241;-0.214016;0.23655;-0.179774;0.236095;9.85638e-05;0.000265821;0.00111662;0.000306218;0.00145524;0.000589175;1;0;1;0;1;0;
37;-0.132207;0.132205;-0.132207;0.132207;-0.132287;0.132207;-0.183112;0.202656;-0.193811;0.201291;-0.145492;0.201044;5.80413e-05;0.000154681;0.000652536;0.000178334;0.00149822;0.000343563;1;0;1;0;1;0;
38;-0.20502;0.205019;-0.20502;0.20502;-0.205068;0.20502;-0.134683;0.164796;-0.15434;0.166727;-0.0951497;0.162422;0.00543793;8.97719e-05;0.00106877;0.000103681;0.0143861;0.000200156;1;0;1;0;1;0;
39;-0.250954;0.250954;-0.250954;0.250954;-0.250983;0.250954;-0.0811184;0.156191;-0.114656;0.157319;-0.0374241;0.154182;0.0140539;5.19619e-05;0.00370528;6.0115e-05;0.0218741;0.000116496;1;0;1;0;1;0;
40;-0.277083;0.277082;-0.277083;0.277083;-0.277101;0.277083;-0.0174962;0.12894;-0.0572634;0.129599;0.0330169;0.127767;0.0203546;2.99089e-05;0.00545002;0.000961753;0.0436953;6.76636e-05;1;0;1;0.400217;1;0;
41;-0.289951;0.289951;-0.289951;0.289951;-0.289962;0.28995;0.0509902;0.0833538;0.046033;0.083743;0.0564141;0.0826703;0.0251281;1.76211e-05;0.0484302;0.00665287;0.0255236;0.018291;1;0.42162;1;0.710467;1;1;
42;-0.293161;0.293161;-0.293161;0.293161;-0.293167;0.29316;0.0662515;0.0167584;0.0591918;0.0169796;0.0648764;0.0163571;0.014675;0.0240355;0.0282849;0.00442309;0.0149056;0.0169271;0;1;0.771999;0.521833;0;1;
43;-0.287142;0.285729;-0.287142;0.287142;-0.287146;0.287142;0.113988;-0.0654945;0.109865;-0.06538;0.113185;-0.0657326;0.00856975;0.0344644;0.0165178;0.0033695;0.00870444;0.018739;0;1;0;0.409497;0;1;
44;-0.270064;0.26924;-0.270064;0.270064;-0.270067;0.270064;0.169163;-0.140831;0.166755;-0.140775;0.168694;-0.140974;0.00500428;0.0240041;0.00964595;0.00196877;0.00508295;0.0109468;0;1;0;0.503211;0;1;
45;-0.241493;0.241011;-0.241493;0.241492;-0.241494;0.241493;0.210125;-0.193569;0.208719;-0.193546;0.209852;-0.193656;0.00292203;0.0140199;0.00563274;0.00115023;0.00296795;0.00639416;0;1;0;0.752441;0;1;
46;-0.202303;0.202022;-0.202303;0.202303;-0.202304;0.202303;0.235194;-0.210854;0.234373;-0.225511;0.235034;-0.225571;0.00170597;0.00818714;0.00328901;0.000671742;0.00173274;0.00373424;0;1;0;0.443538;0;1;
47;-0.150865;0.150701;-0.150865;0.150865;-0.150865;0.150865;0.248636;-0.205719;0.248156;-0.24298;0.248543;-0.230528;0.000995757;0.00478033;0.00192024;0.000392042;0.00101136;0.00218046;0;1;0;0.612317;0;1;
48;-0.081984;0.0818887;-0.081984;0.081984;-0.0819842;0.0819841;0.253539;-0.202188;0.252065;-0.244036;0.251965;-0.227917;0.000581008;0.00279111;0.00112086;0.000228521;0.000590065;0.00127325;0;1;0;0.472643;0;1;
49;0.00835562;-0.00841121;0.0083556;-0.00835567;0.00835584;-0.00835558;0.240785;-0.187888;0.240688;-0.229213;0.234131;-0.218525;0.000338778;0.00162883;0.000654051;0.000133223;0.000344007;0.000743559;0;1;0;0.783902;0;1;
50;0.107334;-0.107367;0.107334;-0.107334;0.107335;-0.107334;0.212912;-0.155555;0.212933;-0.200882;0.211392;-0.200095;0.000197349;0.000951106;0.000381451;7.79642e-05;0.000200338;0.000434572;0;1;0;0.992384;0;1;
51;0.187852;-0.187872;0.187852;-0.187852;0.187853;-0.187852;0.175712;-0.114354;0.176787;-0.149581;0.177745;-0.166182;0.000114815;0.00719077;0.000222292;0.00439456;0.000116426;0.00116154;0;1;0;0.867492;0;1;
52;0.240616;-0.240629;0.240616;-0.240616;0.240617;-0.240616;0.167123;-0.0488425;0.167799;-0.0981396;0.169044;-0.12633;6.65877e-05;0.0179557;0.000129382;0.0073633;6.75275e-05;0.00190337;0;1;0;1;0;1;
53;0.271439;-0.271448;0.271439;-0.27144;0.27144;-0.271439;0.142021;0.00830408;0.142416;-0.0392937;0.143143;-0.0781397;3.85239e-05;0.0366026;7.52113e-05;0.0136523;3.89314e-05;0.00932582;0;1;0;1;0;1;
54;0.287466;-0.287472;0.287466;-0.287467;0.287467;-0.287466;0.100139;0.0546583;0.100365;0.0437426;0.100789;0.0277579;0.00992452;0.0314372;4.35712e-05;0.0316457;2.2253e-05;0.0261297;0.866197;1;0;1;0;1;
55;0.293158;-0.293161;0.293158;-0.293158;0.293158;-0.293158;0.0385224;0.0706782;0.0386598;0.0775899;0.038909;0.0921776;0.00703883;0.0183605;0.0298591;0.018482;0.0358884;0.0152628;1;0.177764;1;0.229244;1;0.735387;
56;0.289813;-0.289815;0.289813;-0.289813;0.287565;-0.289813;-0.0416452;0.105419;-0.0415537;0.109455;-0.0414041;0.117974;0.00411214;0.010722;0.0200257;0.0107929;0.036662;0.00891296;0.785478;0;1;0;1;0;
57;0.275955;-0.275956;0.275955;-0.275955;0.274643;-0.275955;-0.121665;0.15891;-0.121604;0.161267;-0.121512;0.166242;0.00240258;0.00626121;0.0116989;0.00630263;0.0262731;0.00520472;1;0;1;0;1;0;
58;0.250436;-0.250437;0.250436;-0.250436;0.24967;-0.250436;-0.181137;0.202889;-0.181095;0.204266;-0.181038;0.207171;0.00140366;0.00365606;0.00683382;0.00368025;0.0153462;0.00303906;0.873069;0;1;0;1;0;
59;0.214179;-0.214179;0.214179;-0.214179;0.213732;-0.214179;-0.21829;0.230994;-0.218261;0.231798;-0.212981;0.233495;0.000819871;0.00213461;0.00399121;0.00214877;0.00896223;0.00177431;0.854992;0;1;0;1;0;
60;0.166496;-0.166496;0.166496;-0.166496;0.166235;-0.166496;-0.23923;0.24665;-0.231183;0.24712;-0.207729;0.248111;0.000478643;0.00124607;0.00233045;0.00125434;0.00523314;0.00103567;0.780891;0;1;0;1;0;
61;0.103062;-0.103062;0.103062;-0.103062;0.10291;-0.103062;-0.246215;0.253629;-0.227318;0.253903;-0.201739;0.25343;0.000279153;0.000727135;0.00136075;0.000731994;0.00305542;0.000604277;1;0;1;0;1;0;
62;0.0184138;-0.0184143;0.0184139;-0.0184139;0.0183257;-0.0184139;-0.22918;0.237868;-0.220916;0.243927;-0.189489;0.242468;0.000162818;0.000424069;0.000794553;0.000426973;0.00178372;0.000352386;1;0;1;0;1;0;
63;-0.0808907;0.0808905;-0.0808906;0.0808906;-0.0809416;0.0808905;-0.207459;0.217447;-0.20794;0.227491;-0.167021;0.226657;9.51045e-05;0.000247092;0.000464244;0.000248844;0.00104137;0.000205247;1;0;1;0;1;0;
64;-0.168493;0.168493;-0.168493;0.168493;-0.168523;0.168493;-0.164832;0.186279;-0.178726;0.219359;-0.119117;0.218366;5.64685e-05;0.000143768;-0.000735895;0.000144816;0.0049514;0.00011936;1;0;1;0;1;0;
65;-0.228615;0.228615;-0.228615;0.228615;-0.228634;0.228615;-0.113037;0.148471;-0.139061;0.198374;-0.0724469;0.197794;0.00799102;8.34395e-05;0.00213117;8.411e-05;0.0144619;6.92383e-05;0.922481;0;1;0;1;0;
66;-0.264692;0.264691;-0.264691;0.264691;-0.264703;0.264691;-0.0492129;0.137348;-0.091426;0.166491;-0.0065922;0.166152;0.0234871;4.82678e-05;0.00175678;4.86956e-05;0.0371701;4.00217e-05;1;0;1;0;1;0;
67;-0.284217;0.284217;-0.284216;0.284216;-0.284225;0.284216;0.0300883;0.105766;-0.0100719;0.122789;0.040355;0.122588;0.0390788;2.77145e-05;0.0241159;0.00785542;0.030728;2.30137e-05;1;0;1;0.602093;1;0;
68;-0.292489;0.292489;-0.292489;0.292489;-0.292494;0.292489;0.0603981;0.0531198;0.0705824;0.0630586;0.0691042;0.0629437;0.022825;0.0234548;0.0275891;0.00598198;0.0179495;0.0330195;0.81564;1;1;0.537196;0.753903;1;
69;-0.291686;0.279757;-0.291668;0.291685;-0.2917;0.291686;0.0873709;-0.0210605;0.093319;-0.015271;0.0924552;-0.0153279;0.0133293;0.0368837;0.0161117;0.005666;0.010482;0.0192904;0;1;0;0.433686;0;1;
70;-0.280941;0.273975;-0.280931;0.280941;-0.280949;0.280941;0.14141;-0.10267;0.144883;-0.0993022;0.144379;-0.0993262;0.00778383;0.0322811;0.00940878;0.0033102;0.00612106;0.0187789;0;1;0;0.477046;0;1;
71;-0.258577;0.254509;-0.258571;0.258577;-0.258582;0.258577;0.190688;-0.168052;0.192717;-0.166096;0.192422;-0.166104;0.00454528;0.018856;0.00549424;0.00193392;0.00357424;0.0109692;0;1;0;0.516076;0;1;
72;-0.225211;0.222836;-0.225208;0.225211;-0.225214;0.225211;0.223684;-0.210456;0.224869;-0.209322;0.224697;-0.209321;0.00265395;0.011012;0.00320814;0.00112972;0.00208683;0.0064067;0;1;0;0.761007;0;1;
73;-0.180948;0.179561;-0.180946;0.180948;-0.18095;0.180948;0.242751;-0.214399;0.243443;-0.234363;0.243343;-0.234359;0.0015494;0.00642949;0.00187303;0.000659669;0.00121815;0.00374128;0;1;0;0.444409;0;1;
74;-0.12247;0.12166;-0.122468;0.12247;-0.122471;0.12247;0.252082;-0.205859;0.252486;-0.247183;0.252428;-0.22994;0.000904331;0.00375327;0.00109331;0.000384939;0.000710822;0.00218462;0;1;0;0.491054;0;1;
75;-0.0438946;0.0434225;-0.0438939;0.0438945;-0.0438954;0.0438947;0.247236;-0.187996;0.246117;-0.238741;0.24694;-0.223426;0.000527616;0.00219052;0.000637948;0.000224472;0.000414539;0.00127569;0;1;0;0.718258;0;1;
76;0.0534502;-0.0537256;0.0534505;-0.0534503;0.0534499;-0.0534501;0.233378;-0.174713;0.232665;-0.214523;0.221562;-0.210319;0.00030762;0.0012784;0.000372036;0.000130971;0.000241524;0.000745071;0;1;0;0.828171;0;1;
77;0.146925;-0.147086;0.146925;-0.146925;0.146925;-0.146925;0.223628;-0.137395;0.217626;-0.178377;0.197255;-0.188616;0.00017917;0.00655958;0.000216833;7.70761e-05;-0.000493991;0.000435678;0;1;0;0.872455;0;1;
78;0.214778;-0.214873;0.214778;-0.214778;0.214778;-0.214778;0.205658;-0.0837378;0.202152;-0.127193;0.16177;-0.150746;0.00010414;0.014021;0.000126102;0.00563971;-0.000289029;0.00205222;0;1;0;1;0;1;
79;0.256704;-0.256761;0.256704;-0.256704;0.256704;-0.256704;0.17656;-0.024165;0.174513;-0.0741199;0.15093;-0.107158;6.03853e-05;0.0254133;7.32336e-05;0.00984518;-0.000169279;0.00225405;0;1;0;1;0;1;
80;0.280131;-0.280166;0.280131;-0.280132;0.280132;-0.280131;0.136326;0.0341333;0.135128;0.0133505;0.121356;-0.03773;0.00855131;0.0501996;4.23984e-05;0.035579;-9.93457e-05;0.0192589;0.668101;1;0;1;0;1;
81;0.291149;-0.29117;0.29115;-0.29115;0.29115;-0.29115;0.0814721;0.0633087;0.0807719;0.0481227;0.0727267;0.0623556;0.0062703;0.0293227;0.0269779;0.0207832;0.00176252;0.0280148;0.968869;1;1;0.854275;0.639437;1;
82;0.292813;-0.292825;0.292813;-0.292813;0.286553;-0.292813;0.0078749;0.0766798;0.00747291;0.067812;0.00277712;0.0761252;0.00460457;0.0171242;0.0204875;0.0121375;0.0300209;0.0163614;1;0;1;0;1;0.550161;
83;0.285021;-0.285028;0.28501;-0.285021;0.281105;-0.285021;-0.0770545;0.126435;-0.0772777;0.121256;-0.0800164;0.126111;0.00269031;0.01;0.0306009;0.00708785;0.0358906;0.00955456;0.916911;0;1;0;1;0;
84;0.265889;-0.265893;0.265883;-0.265889;0.263603;-0.265889;-0.150124;0.178964;-0.150248;0.175939;-0.151843;0.178774;0.00157203;0.00583956;0.0178739;0.00413887;0.0209641;0.00557942;1;0;1;0;1;0;
85;0.23544;-0.235443;0.235436;-0.23544;0.234105;-0.23544;-0.199515;0.216357;-0.199581;0.214591;-0.200509;0.216247;0.000918464;0.0034098;0.0104395;0.00241662;0.0122444;0.00325788;1;0;1;0;1;0;
86;0.194343;-0.194345;0.194341;-0.194344;0.193564;-0.194344;-0.228897;0.238734;-0.228932;0.237703;-0.210049;0.23867;0.000536406;0.00199078;0.00609662;0.00141081;0.00715022;0.0019021;1;0;1;0;1;0;
87;0.140326;-0.140327;0.140325;-0.140326;0.139871;-0.140326;-0.244614;0.25036;-0.229705;0.249758;-0.20476;0.250322;0.000313047;0.00116205;0.00356013;0.000823378;0.00417497;0.00111028;1;0;1;0;1;0;
88;0.0677848;-0.0677854;0.0677842;-0.0677849;0.0675197;-0.0677849;-0.239563;0.250552;-0.223627;0.24998;-0.197488;0.249446;0.000182489;0.00067807;0.00207896;0.000480332;0.00243763;0.000647857;1;0;1;0;1;0;
89;-0.0257062;0.0257062;-0.0257065;0.0257061;-0.0258607;0.0257061;-0.224995;0.230501;-0.215588;0.238703;-0.184985;0.237831;0.000106466;0.000395401;0.00121419;0.00028;0.00142272;0.000377815;1;0;1;0;1;0;
90;-0.123251;0.123252;-0.123251;0.123251;-0.123342;0.123251;-0.194158;0.205528;-0.196638;0.206782;-0.151376;0.205501;6.25842e-05;0.000230337;0.000709463;0.000163028;0.000830946;0.000220138;1;0;1;0;1;0;
91;-0.198942;0.198943;-0.198942;0.198942;-0.198996;0.198942;-0.140382;0.169962;-0.159983;0.171884;-0.104264;0.167223;0.0081325;0.000133962;0.00195356;9.48846e-05;0.00794828;0.000128092;1;0;1;0;1;0;
92;-0.247326;0.247327;-0.247326;0.247326;-0.247359;0.247326;-0.0888019;0.161192;-0.118775;0.162313;-0.0446136;0.159025;0.0120546;7.77445e-05;0.00114206;5.48982e-05;0.0195427;7.44054e-05;1;0;1;0;1;0;
93;-0.275124;0.275124;-0.275123;0.275123;-0.275144;0.275123;-0.0163296;0.13439;-0.0658898;0.135045;0.0266523;0.133125;0.0326985;4.48956e-05;0.00805504;3.17223e-05;0.0429193;4.31202e-05;1;0;1;0.0289241;1;0;
94;-0.289121;0.289121;-0.289121;0.28912;-0.289133;0.289121;0.0410531;0.0900004;0.0451312;0.0903888;0.0586236;0.0892632;0.0319717;2.58084e-05;0.0392331;0.0133948;0.0400689;0.0153807;1;0;1;0.651518;1;0.902259;
95;-0.293238;0.291402;-0.293238;0.293238;-0.293245;0.293238;0.0763591;0.0277432;0.0853307;0.0253342;0.053008;0.0246838;0.0186717;0.0333639;0.0229136;0.0078254;0.0234003;0.022;0.0589274;1;0.80077;0.568488;0.303972;1;
96;-0.288223;0.287151;-0.288223;0.288223;-0.288227;0.286655;0.115916;-0.0551036;0.121155;-0.0565262;0.102279;-0.0568945;0.0109037;0.0376687;0.0133809;0.00457143;0.0136653;0.0236449;0;1;0;0.426742;0;1;
97;-0.27234;0.271715;-0.27234;0.27234;-0.272343;0.271425;0.168541;-0.133015;0.171601;-0.133857;0.160577;-0.134064;0.00636734;0.0228685;0.007814;0.00267073;0.00798007;0.0138122;0;1;0;0.471407;0;1;
98;-0.244882;0.244517;-0.244882;0.244882;-0.244883;0.244347;0.209373;-0.188615;0.211159;-0.189116;0.204722;-0.189231;0.00371804;0.0133572;0.00456287;0.00156021;0.00465987;0.00806783;0;1;0;0.705028;0;1;
