1;-0.000363588;0.000116064;9.94836e-05;-0.000363588;0.000116065;9.94842e-05;0.0349769;0.0347456;0.0352595;0.0349769;0.0347456;0.0352594;0.808667;0.808665;0.808666;0.808667;0.808665;0.808666;0;0;0;0;0;0;
2;-0.00795625;-0.000126971;0.000977948;-0.00234007;-0.000845449;-0.000343387;0.166262;0.154794;0.162267;0.17577;0.156273;0.163642;0.472475;0.472434;0.472436;0.472482;0.472434;0.472437;1;1;1;1;1;1;
3;-0.00983943;0.00101304;0.00555262;-0.00166931;-0.000717656;0.000797516;0.0971852;0.0903198;0.0949806;0.102574;0.0913508;0.0954874;0.275941;0.275917;0.275922;0.27595;0.275915;0.275919;0.840251;0.587053;1;0.905611;0.378531;1;
4;-0.00511136;-4.32823e-05;0.0038779;-0.00162049;0.000215709;-0.000168838;0.0567324;0.0527778;0.0554501;0.0599396;0.053323;0.0557967;0.161154;0.16114;0.161146;0.161163;0.161137;0.161142;0.769462;0.65337;1;0.84526;0.33516;1;
5;-0.00210882;-0.000901372;0.00365147;-0.00126672;0.00100212;-0.000974601;0.0328797;0.0310821;0.035614;0.0430749;0.0308874;0.0344597;0.094116;0.0941086;0.0941131;0.0941238;0.0941053;0.0941101;0.839002;0.717497;1;0.743379;0.608674;1;
6;-0.00012407;-0.00163375;0.00410109;-0.00184706;0.0016927;-0.00167651;0.0244369;0.0283714;0.0403381;0.0376625;0.0230575;0.0343748;0.0549658;0.0549616;0.0549656;0.0549714;0.0549594;0.054963;0.863064;0.636332;1;0.669821;0.935123;1;
7;0.00117094;-0.00219736;0.00249367;-0.00232189;0.00223187;-0.00222234;0.0219367;0.0266106;0.0367604;0.037589;0.0257492;0.033747;0.0321023;0.0320996;0.0321033;0.0321064;0.0320984;0.0321009;0.913434;0.72744;1;0.688751;0.991165;1;
8;0.00181748;-0.00240192;0.00492489;-0.00206975;0.00100844;-0.00219526;0.022363;0.0262135;0.034701;0.0400152;0.0217573;0.0306201;0.01875;0.018748;0.0187518;0.018753;0.018748;0.0187493;0.920437;0.698955;1;0.674607;0.896669;1;
9;0.0020985;-0.00194103;0.00327661;-0.000819991;1.15081e-05;-0.00182035;0.0186162;0.0256528;0.0327123;0.0386289;0.0239665;0.0321941;0.0109524;0.0109504;0.0109547;0.0109546;0.0109516;0.0109517;0.936268;0.632108;1;0.647853;0.78155;1;
10;0.000330323;-0.000238266;0.00101836;0.000416621;-0.000888925;-0.000167761;0.0167103;0.0270158;0.0301408;0.0425908;0.0202487;0.0376692;0.00639869;0.00639644;0.00640119;0.00640011;0.00639874;0.00639789;0.972318;0.513779;1;0.638377;0.927915;1;
11;-0.00345309;0.0035069;-0.00305102;0.00388943;-0.00416508;0.00354814;0.0144897;0.0270894;0.0264364;0.0446564;0.0192093;0.0390849;0.00373949;0.00373671;0.00663256;0.00374025;0.00373992;0.00373858;1;0.397642;1;0.623869;1;1;
12;-0.0103163;0.0103478;-0.0100812;0.0105713;-0.0107321;0.0103719;0.0131416;0.0285928;0.0254576;0.0466653;0.0190005;0.041998;0.00308132;0.00218319;0.00940072;0.00218678;0.00548505;0.0021854;1;0.505582;1;0.611788;1;1;
13;-0.0214827;0.0215011;-0.0213452;0.0216317;-0.0217255;0.0215153;0.0123691;0.0283674;0.0243875;0.0475747;0.0188904;0.0422636;0.00449378;0.00127585;0.00737884;0.00127952;0.00506309;0.00127829;0.774506;0.368225;1;0.60404;1;1;
14;-0.0380423;0.0380531;-0.0379617;0.0381295;-0.038184;0.0380614;0.0144283;0.0273515;0.0260785;0.0436059;0.0195135;0.0389307;0.00262706;0.000746314;0.00837929;0.0020953;0.0103313;0.000748681;0.864607;0.743407;1;0.610417;1;1;
15;-0.0602981;0.0603043;-0.0602508;0.0603491;-0.0603808;0.0603094;0.022021;0.0251426;0.033789;0.0363577;0.0207449;0.0316291;0.00153646;0.00411888;0.00489674;0.00397923;0.00603559;0.00319732;0.847485;0.945333;1;0.68817;0.806941;1;
16;-0.0867304;0.0867339;-0.0867026;0.0867604;-0.0867787;0.0867372;0.0399554;0.0215453;0.0521469;0.0166267;0.0230688;0.0141776;0.00089842;0.0118861;0.00423809;0.00876113;0.00352513;0.00784828;0.504293;1;1;0.817162;0.362894;1;
17;-0.113116;0.113117;-0.1131;0.113134;-0.113144;0.11312;0.056211;0.00437381;0.0633339;-0.023161;0.0463491;-0.024591;0.000524406;0.0190172;0.00247631;0.00987742;0.00205833;0.00918335;0.0809023;1;0.618591;0.596826;0;1;
18;-0.132799;0.1328;-0.13279;0.13281;-0.132816;0.132802;0.0943919;-0.0563553;0.0985517;-0.0750878;0.0886327;-0.075917;0.000305844;0.0355589;0.00144578;0.0057705;0.00120173;0.0104231;0;1;0;0.792834;0;1;
19;-0.138311;0.138313;-0.138306;0.138317;-0.138321;0.138313;0.142908;-0.120681;0.145337;-0.131632;0.139544;-0.132111;0.000178212;0.0250819;0.000843915;0.00337109;0.000701424;0.0113253;0;1;0;0.630842;0;1;
20;-0.123566;0.123568;-0.123563;0.12357;-0.123572;0.123567;0.185582;-0.172591;0.187;-0.178995;0.183618;-0.17927;0.000103656;0.0146497;0.000492408;0.00196916;0.000409176;0.00661551;0;1;0;0.638829;0;1;
21;-0.084385;0.0843869;-0.0843832;0.0843871;-0.0843883;0.0843856;0.214701;-0.198873;0.21553;-0.210853;0.213554;-0.21101;6.01102e-05;0.00855432;0.000287126;0.00114992;0.000238444;0.0038639;0;1;0;0.656567;0;1;
22;-0.0173046;0.0173062;-0.0173035;0.0173057;-0.0173064;0.0173049;0.230404;-0.192824;0.230887;-0.228155;0.229734;-0.220053;3.46305e-05;0.00499424;0.000167197;0.000671161;0.000138719;0.00225651;0;1;0;0.949837;0;1;
23;0.0725455;-0.072544;0.0725461;-0.0725449;0.0725448;-0.0725452;0.229286;-0.180293;0.229009;-0.216038;0.228765;-0.208629;1.97276e-05;0.00291516;9.71163e-05;0.000391551;8.04535e-05;0.00131806;0;1;0;0.657521;0;1;
24;0.159619;-0.159618;0.159619;-0.159618;0.159619;-0.159618;0.204363;-0.142414;0.209843;-0.174425;0.194846;-0.181028;1.11817e-05;0.00170225;5.63387e-05;0.000228877;4.64299e-05;0.000770306;0;1;0;0.910948;0;1;
25;0.22249;-0.22249;0.22249;-0.22249;0.22249;-0.22249;0.192591;-0.0827383;0.195792;-0.126902;0.186743;-0.147889;5.95666e-06;0.00616826;3.23633e-05;0.00418344;2.65906e-05;0.000450854;0;1;0;1;0;1;
26;0.261127;-0.261129;0.261128;-0.261128;0.261127;-0.261127;0.166808;-0.0291561;0.168677;-0.0754115;0.163392;-0.102288;3.05713e-06;-0.0139583;1.8517e-05;0.00931942;1.50063e-05;0.00239533;0;1;0;0.998251;0;1;
27;0.282492;-0.282495;0.282492;-0.282493;0.282492;-0.282492;0.127879;0.0418532;0.128968;0.0254418;0.125882;-0.0164962;0.00525833;0.0374031;1.04523e-05;0.048204;8.28454e-06;0.0154501;0.648086;1;0;1;0;1;
28;0.292154;-0.292156;0.292154;-0.292155;0.292154;-0.292154;0.072763;0.0586727;0.0733997;0.059398;0.0715954;0.0627873;0.00474776;0.0218487;0.0191594;0.0281557;0.0118201;0.0239374;0.811645;1;1;0.744269;0.611762;1;
29;0.29273;-0.295775;0.290093;-0.292229;0.290497;-0.291327;-0.00178542;0.0785453;-0.00140403;0.0789693;-0.00245564;0.0809494;0.00277469;0.0127592;0.0340106;0.0164427;0.0232314;0.0139796;0.775241;0;1;0;1;0.418409;
30;0.283765;-0.285544;0.282226;-0.283473;0.282461;-0.282946;-0.0861133;0.130941;-0.0858793;0.131189;-0.0864912;0.132345;0.00162145;0.00745091;0.0296087;0.00960204;0.0260678;0.00816367;1;0;1;0;1;0;
31;0.263376;-0.264414;0.262477;-0.263205;0.262614;-0.262897;-0.156647;0.182828;-0.156503;0.182972;-0.156858;0.183648;0.00094766;0.00435087;0.0172943;0.00560712;0.0152266;0.00476715;0.950035;0;1;0;1;0;
32;0.23181;-0.232417;0.231285;-0.23171;0.231366;-0.231531;-0.203542;0.218832;-0.203452;0.218916;-0.199321;0.219311;0.000553677;0.00254042;0.0101008;0.00327407;0.0088941;0.00278353;0.708564;0;1;0;1;0;
33;0.18955;-0.189904;0.189243;-0.189491;0.189291;-0.189387;-0.231166;0.240097;-0.230198;0.240146;-0.196858;0.240376;0.000323293;0.0014831;0.00589859;0.00191151;0.00519646;0.001625;0.926396;0;1;0;1;0;
34;0.133932;-0.134139;0.133753;-0.133898;0.133781;-0.133836;-0.245721;0.250937;-0.23044;0.250966;-0.20487;0.251101;0.000188502;0.000865576;0.00344442;0.00111579;0.00303428;0.00094848;0.991216;0;1;0;1;0;
35;0.0591837;-0.0593049;0.0590794;-0.059164;0.0590968;-0.0591282;-0.239567;0.249837;-0.221608;0.249103;-0.190311;0.24891;0.000109704;0.000504929;0.00201142;0.000651084;0.00177178;0.000553348;1;0;1;0;1;0;
36;-0.0359183;0.0358475;-0.0359792;0.0359298;-0.0359681;0.0359507;-0.220559;0.226105;-0.211065;0.2363;-0.171303;0.235232;6.39408e-05;0.000294318;0.00117475;0.000379705;0.00103524;0.000322607;1;0;1;0;1;0;
37;-0.132208;0.132166;-0.132243;0.132214;-0.132236;0.132226;-0.184467;0.201466;-0.190582;0.207817;-0.147459;0.198466;3.77567e-05;0.000171359;0.000686555;0.000221444;0.00699939;0.00018802;1;0;1;0;1;0;
38;-0.20502;0.204997;-0.205041;0.205024;-0.205038;0.205031;-0.132988;0.167737;-0.156475;0.199329;-0.0856228;0.174852;0.00395023;9.95397e-05;0.000401883;0.000128715;0.0151898;0.00010922;1;0;0.991414;0;1;0;
39;-0.250954;0.250941;-0.250967;0.250957;-0.250966;0.250961;-0.0848712;0.157909;-0.117027;0.176358;-0.0384748;0.162064;0.017545;5.76492e-05;0.00773339;7.47382e-05;0.0225223;6.33974e-05;1;0;1;0;1;0;
40;-0.277083;0.277075;-0.27709;0.277084;-0.277091;0.277087;-0.00357981;0.129943;-0.0482485;0.140719;0.0260139;0.13237;0.0363048;3.31836e-05;0.00451807;0.00778063;0.0395755;3.66543e-05;1;0;1;0.359408;1;0;
41;-0.289951;0.289946;-0.289955;0.289952;-0.289956;0.289953;0.0402338;0.0839385;0.0478339;0.0902368;0.0556501;0.0853578;0.0212076;1.90956e-05;0.0233961;0.00857692;0.0270593;0.0133086;1;0.134869;1;0.628566;1;0.919445;
42;-0.293161;0.293158;-0.293163;0.293161;-0.293164;0.28913;0.056003;0.0170991;0.0864944;0.0207704;0.0665701;0.0179282;0.0123863;0.0284607;0.0136646;0.00501125;0.0158026;0.0321066;0.408276;1;0.595528;0.750086;0;1;
43;-0.287142;0.287141;-0.287144;0.287143;-0.287144;0.280104;0.108002;-0.0652939;0.125809;-0.0631665;0.114174;-0.0648135;0.00723313;0.0435375;0.00797964;0.00292766;0.00922828;0.0317951;0;1;0;0.564773;0;1;
44;-0.270064;0.270064;-0.270065;0.270065;-0.270065;0.265954;0.165668;-0.140714;0.176067;-0.139482;0.169272;-0.140437;0.00422375;0.0254303;0.00465971;0.00327648;0.00538884;0.0185718;0;1;0;0.66838;0;1;
45;-0.241493;0.241493;-0.241493;0.241493;-0.241493;0.239092;0.208084;-0.193501;0.214157;-0.192791;0.210189;-0.193342;0.00246621;0.014853;0.00272078;0.00191398;0.00314659;0.0108475;0;1;0;0.659582;0;1;
46;-0.202303;0.202303;-0.202303;0.202303;-0.202303;0.200901;0.234002;-0.213303;0.237549;-0.22507;0.235231;-0.225388;0.00143977;0.00867392;0.00158844;0.00111777;0.00183708;0.00633498;0;1;0;0.626692;0;1;
47;-0.150865;0.150865;-0.150865;0.150865;-0.150865;0.150046;0.24794;-0.204521;0.250011;-0.242723;0.248658;-0.228694;0.000840297;0.00506483;0.000927108;0.00065253;0.0010723;0.00369927;0;1;0;0.651072;0;1;
48;-0.0819839;0.0819849;-0.081984;0.0819839;-0.0819842;0.0815059;0.251332;-0.198181;0.251643;-0.241519;0.252504;-0.225637;0.000490215;0.0029574;0.000540873;0.000380676;0.000625668;0.00216018;0;1;0;0.6873;0;1;
49;0.0083558;-0.00835442;0.00835572;-0.00835585;0.00835562;-0.00863493;0.240714;-0.18228;0.24006;-0.228663;0.234035;-0.215817;0.000285748;0.00172713;0.000315339;0.000222104;0.000364808;0.00126155;0;1;0;0.964362;0;1;
50;0.107334;-0.107333;0.107334;-0.107334;0.107335;-0.107497;0.210725;-0.15323;0.213193;-0.200328;0.210674;-0.201986;0.000166365;0.00100933;0.000183624;0.000129935;0.000212492;0.000737055;0;1;0;1;0;1;
51;0.187852;-0.187852;0.187852;-0.187852;0.187852;-0.187947;0.175102;-0.107136;0.174624;-0.150886;0.176108;-0.16598;9.66876e-05;0.0117135;0.000106811;0.00481268;0.000123532;0.000431281;0;1;0;1;0;1;
52;0.240616;-0.240617;0.240616;-0.240617;0.240617;-0.240672;0.166465;-0.0467294;0.16336;-0.0972671;0.168088;-0.127395;5.60139e-05;0.0241945;6.19238e-05;0.0131694;7.16973e-05;0.00370898;0;1;0;0.922245;0;1;
53;0.271439;-0.271441;0.271439;-0.27144;0.27144;-0.271472;0.141637;0.026059;0.139824;-0.0334029;0.142584;-0.0773415;3.23244e-05;0.0476463;3.57872e-05;0.0178005;4.13708e-05;0.00216752;0;1;0;1;0;1;
54;0.287466;-0.287468;0.287466;-0.287467;0.287467;-0.287485;0.0999141;0.0529061;0.0988512;0.0369819;0.100463;0.0242834;0.00707086;0.0415187;3.32432e-05;0.0442884;2.37205e-05;0.0440566;1;1;0.192115;1;0;1;
55;0.293158;-0.293159;0.293158;-0.293159;0.293158;-0.293169;0.0383909;0.0666249;0.0377751;0.0692205;0.0387176;0.0779472;0.0078062;0.024248;0.0181704;0.0258655;0.0210717;0.0257315;1;0.27119;1;0.354683;1;1;
56;0.289813;-0.289813;0.289372;-0.289813;0.288771;-0.289819;-0.0417218;0.103052;-0.0420704;0.104568;-0.0415163;0.109664;0.00668124;0.0141603;0.0245711;0.0151049;0.0287489;0.0150267;1;0;1;0;1;0;
57;0.275955;-0.275955;0.275698;-0.275955;0.275346;-0.275959;-0.121709;0.157527;-0.121905;0.158413;-0.121577;0.161389;0.0040578;0.00826913;0.0143534;0.00882079;0.0281667;0.00877512;1;0;1;0;1;0;
58;0.250436;-0.250436;0.250286;-0.250436;0.250081;-0.250438;-0.181163;0.202082;-0.181271;0.202599;-0.181076;0.204337;0.00237025;0.00482868;0.00838402;0.00515085;0.016452;0.00512419;0.979024;0;1;0;1;0;
59;0.214179;-0.214179;0.214091;-0.214179;0.213972;-0.21418;-0.218306;0.230523;-0.218364;0.230825;-0.212529;0.23184;0.00138428;0.00281942;0.0048965;0.00300759;0.00960828;0.00299201;1;0;1;0;1;0;
60;0.166496;-0.166496;0.166445;-0.166496;0.166375;-0.166497;-0.239239;0.246375;-0.230221;0.246551;-0.20033;0.247144;0.000808209;0.001646;0.00285913;0.00175587;0.00561142;0.00174679;1;0;1;0;1;0;
61;0.103062;-0.103062;0.103032;-0.103062;0.102992;-0.103063;-0.246514;0.253468;-0.226251;0.253571;-0.196761;0.253917;0.000471585;0.000960699;0.00166952;0.00102489;0.00327706;0.00101956;1;0;1;0;1;0;
62;0.0184146;-0.0184137;0.0183969;-0.0184146;0.0183734;-0.0184149;-0.232409;0.237599;-0.218666;0.244789;-0.183755;0.244101;0.0002751;0.000560473;0.000974943;0.00059801;0.00191393;0.000594877;1;0;1;0;1;0;
63;-0.0808895;0.0808912;-0.0808999;0.0808895;-0.0809141;0.0808893;-0.206036;0.218008;-0.203294;0.226286;-0.157768;0.226655;0.000160696;0.000326779;0.000569636;0.000348711;0.0023753;0.000346866;1;0;1;0;1;0;
64;-0.168492;0.168494;-0.168498;0.168492;-0.168507;0.168492;-0.16701;0.186296;-0.177134;0.218655;-0.119989;0.218871;9.47187e-05;0.000190293;0.00100891;0.00020316;0.00899089;0.000202069;1;0;1;0;1;0;
65;-0.228614;0.228616;-0.228617;0.228614;-0.228624;0.228614;-0.11225;0.15002;-0.138632;0.197963;-0.0667439;0.198089;0.0112497;0.000110635;0.00402604;0.000118161;0.0208535;0.00011752;1;0;1;0;1;0;
66;-0.264691;0.264692;-0.264693;0.264691;-0.264698;0.264691;-0.0521438;0.138252;-0.0917334;0.166251;-0.00819251;0.166325;0.0244121;6.41343e-05;0.00235267;6.8574e-05;0.0376537;6.82262e-05;1;0;1;0;1;0;
67;-0.284216;0.284217;-0.284217;0.284216;-0.284221;0.284216;0.0259415;0.106294;-0.0110766;0.122648;0.0416412;0.122689;0.0432604;3.6978e-05;0.0225392;0.00321827;0.0387592;3.94863e-05;1;0;1;0.46218;1;0;
68;-0.292489;0.292489;-0.292489;0.292488;-0.292491;0.292489;0.0639002;0.0534288;0.0690017;0.0629761;0.0648156;0.0630032;0.0252673;0.0254754;0.0266345;0.00853534;0.0226394;0.025573;1;0.980324;0.856032;0.562316;0.674176;1;
69;-0.291686;0.295941;-0.291686;0.291685;-0.291708;0.29188;0.0894161;-0.0208803;0.0923956;-0.0153198;0.0899506;-0.0152927;0.0147555;0.0361392;0.0155541;0.00498622;0.0132209;0.0214886;0;1;0;0.42864;0;1;
70;-0.280941;0.283427;-0.280941;0.280941;-0.280954;0.281054;0.142604;-0.102565;0.144344;-0.0993309;0.142916;-0.0993052;0.00861681;0.0280769;0.00908315;0.00291306;0.00772052;0.0166777;0;1;0;0.356199;0;1;
71;-0.258577;0.260029;-0.258577;0.258577;-0.258585;0.258643;0.191386;-0.167992;0.192402;-0.166113;0.191568;-0.166092;0.00503174;0.0164002;0.00530409;0.0017019;0.00450833;0.00974189;0;1;0;0.543603;0;1;
72;-0.225211;0.22606;-0.225212;0.225211;-0.225216;0.22525;0.224091;-0.21042;0.224685;-0.209332;0.224198;-0.209314;0.00293803;0.00957822;0.00309708;0.000994133;0.00263235;0.00568989;0;1;0;0.588552;0;1;
73;-0.180948;0.181444;-0.180948;0.180948;-0.180951;0.180971;0.242989;-0.207781;0.243336;-0.234369;0.243051;-0.233438;0.0017153;0.00559286;0.00180817;0.000580461;0.00153674;0.00332264;0;1;0;0.620268;0;1;
74;-0.12247;0.12276;-0.12247;0.12247;-0.122471;0.122483;0.252221;-0.202925;0.252424;-0.247186;0.252258;-0.227985;0.00100119;0.00326552;0.00105542;0.000338683;0.000896891;0.00194014;0;1;0;0.651963;0;1;
75;-0.0438945;0.0440645;-0.0438946;0.0438945;-0.0438957;0.0439023;0.246969;-0.193275;0.246144;-0.236046;0.24611;-0.223187;0.00058418;0.00190649;0.000615831;0.000197448;0.000523213;0.0011329;0;1;0;0.718861;0;1;
76;0.0534503;-0.0533503;0.0534503;-0.0534504;0.0534496;-0.0534458;0.23318;-0.170205;0.232585;-0.217188;0.222699;-0.208647;0.000340621;0.00111388;0.000359089;0.000115305;0.000304988;0.000661793;0;1;0;0.820989;0;1;
77;0.146925;-0.146867;0.146925;-0.146925;0.146925;-0.146922;0.219625;-0.139161;0.216497;-0.177604;0.19606;-0.187198;0.000198485;0.0047876;0.000209277;6.79382e-05;0.000177591;0.000387068;0;1;0;0.920549;0;1;
78;0.214778;-0.214745;0.214778;-0.214778;0.214778;-0.214777;0.20332;-0.0798021;0.201493;-0.12523;0.161616;-0.150871;0.000115394;0.0143329;0.000121668;0.00406573;0.000103191;0.00203994;0;1;0;1;0;1;
79;0.256704;-0.256686;0.256704;-0.256704;0.256704;-0.256703;0.175195;-0.0208383;0.174128;-0.0715495;0.15084;-0.10687;6.69434e-05;0.0313819;7.06296e-05;0.0144187;5.97933e-05;0.0026597;0;1;0;1;0;1;
80;0.280131;-0.280122;0.280131;-0.280132;0.280132;-0.280131;0.135528;0.0415055;0.134904;0.000128977;0.121303;-0.0445646;0.015315;0.0567411;4.08783e-05;0.0262182;3.44482e-05;0.00506539;0.607518;1;0;1;0;1;
81;0.29115;-0.291145;0.29115;-0.29115;0.29115;-0.29115;0.0810059;0.062863;0.080641;0.0539385;0.072697;0.0571643;0.00894642;0.0331432;0.0258093;0.0199099;0.0106307;0.0557197;0.568368;0.884471;1;0.909593;0.844817;1;
82;0.292813;-0.29281;0.292813;-0.292813;0.288316;-0.292813;0.00760226;0.0764197;0.00739655;0.0712083;0.00276007;0.0730931;0.00522709;0.0193554;0.0190556;0.0116275;0.0325189;0.0325407;1;0;1;0;1;0.527506;
83;0.285021;-0.285019;0.285021;-0.285021;0.279908;-0.285021;-0.0772137;0.126283;-0.077323;0.12324;-0.0800268;0.12434;0.0030539;0.0113031;0.0198266;0.00678997;0.036822;0.0190032;0.689752;0;1;0;1;0;
84;0.265889;-0.265888;0.265889;-0.265889;0.262903;-0.265889;-0.150217;0.178875;-0.150274;0.177098;-0.151849;0.17774;0.00178438;0.00660054;0.0115815;0.00396491;0.0215082;0.0110974;0.804735;0;1;0;1;0;
85;0.23544;-0.23544;0.23544;-0.23544;0.233697;-0.23544;-0.199569;0.216306;-0.199596;0.215268;-0.200513;0.215643;0.0010425;0.00385421;0.00676458;0.00231502;0.0125621;0.00648035;0.863189;0;1;0;1;0;
86;0.194343;-0.194343;0.194344;-0.194343;0.193325;-0.194343;-0.228929;0.238704;-0.228941;0.238098;-0.210489;0.238317;0.000608868;0.00225031;0.00395043;0.00135147;0.00733574;0.003784;0.926875;0;1;0;1;0;
87;0.140326;-0.140326;0.140326;-0.140326;0.139732;-0.140326;-0.244633;0.250342;-0.229022;0.249988;-0.204562;0.250116;0.000355418;0.00131361;0.00230669;0.000788724;0.00428335;0.0022093;0.885543;0;1;0;1;0;
88;0.0677848;-0.0677848;0.067785;-0.0677849;0.0674381;-0.0677849;-0.238723;0.251062;-0.22502;0.250383;-0.19611;0.250466;0.000207303;0.000766578;0.00134694;0.000460099;0.00250096;0.00128967;0.971457;0;1;0;1;0;
89;-0.0257062;0.0257064;-0.0257062;0.0257062;-0.0259085;0.0257062;-0.222283;0.228636;-0.214353;0.237826;-0.175945;0.237856;0.000121091;0.000447104;0.000786666;0.000268162;0.00146086;0.000752628;0.996532;0;1;0;1;0;
90;-0.123251;0.123252;-0.123251;0.123251;-0.123369;0.123251;-0.191712;0.20526;-0.196628;0.206645;-0.142174;0.205892;7.13117e-05;0.000260552;0.000459802;0.000156104;0.0153445;0.000439021;1;0;1;0;1;0;
91;-0.198942;0.198942;-0.198942;0.198942;-0.199012;0.198942;-0.137812;0.171359;-0.157602;0.169342;-0.0940183;0.166327;0.00291643;0.000151604;0.00234865;9.07351e-05;0.0160296;0.000255882;1;0;1;0;1;0;
92;-0.247326;0.247327;-0.247326;0.247327;-0.247368;0.247327;-0.0854257;0.162008;-0.119064;0.160829;-0.0400666;0.153117;0.00902839;8.80837e-05;0.00137291;5.25136e-05;0.0236124;0.000149068;1;0;1;0;1;0;
93;-0.275124;0.275124;-0.275123;0.275123;-0.275149;0.275123;-0.0165034;0.134866;-0.0616384;0.134179;0.0325893;0.129674;0.0244025;5.09736e-05;0.00658286;3.06817e-05;0.0567138;8.66442e-05;1;0;1;0.199339;1;0;
94;-0.289121;0.289121;-0.289121;0.28912;-0.289136;0.289121;0.0430585;0.0902789;0.0390383;0.0898823;0.0536218;0.0872488;0.0349698;2.94859e-05;0.0355333;0.00435523;0.0331279;0.0090784;1;0.134321;1;0.735019;1;0.726071;
95;-0.293238;0.293238;-0.293238;0.293238;-0.293247;0.293238;0.0651837;0.0252786;0.0824525;0.0250383;0.0538651;0.0235068;0.0204228;0.0311419;0.0207528;0.0057641;0.0193469;0.0219989;0.383145;1;0.728053;0.453043;0.452444;1;
96;-0.288223;0.286644;-0.288223;0.288223;-0.288228;0.288223;0.109389;-0.0565431;0.119474;-0.0566988;0.102779;-0.0575823;0.0119263;0.0398884;0.0121191;0.00336765;0.0112981;0.0183795;0;1;0;0.629478;0;1;
97;-0.27234;0.271418;-0.27234;0.27234;-0.272343;0.27234;0.16473;-0.133855;0.170619;-0.133958;0.16087;-0.134466;0.00696453;0.0233;0.00707708;0.00196775;0.00659766;0.0107369;0;1;0;0.525607;0;1;
98;-0.244882;0.244343;-0.244882;0.244882;-0.244884;0.244882;0.207147;-0.189105;0.210586;-0.189175;0.204892;-0.189466;0.00406679;0.0136104;0.00413251;0.00114974;0.00385256;0.00627167;0;1;0;0.572459;0;1;
