1;-0.000363587;0.000116064;9.94838e-05;-0.000363587;0.000116064;9.94837e-05;0.0349769;0.0347456;0.0352594;0.0349769;0.0347456;0.0352595;0.808667;0.808665;0.808666;0.808667;0.808665;0.808666;0;0;0;0;0;0;
2;-0.0020384;0.0320428;0.00292564;0.00736115;0.000763767;0.00557979;-0.0781372;0.0285443;0.0465327;-0.0174939;-0.0167363;-0.0201723;0.472398;0.472284;0.472284;0.472398;0.472354;0.472363;0;1;0;1;1;1;
3;-0.000765182;0.0182914;-0.00227355;0.00387333;-0.00198589;0.00283348;-0.0455483;0.016586;0.0272629;0.0341457;0.0399445;0.0233016;0.27588;0.275819;0.275821;0.275884;0.275859;0.275862;0;0;0;0;1;1;
4;0.000520435;0.0104586;-0.0340535;0.00325648;0.00320558;0.00295398;-0.0266186;0.0119765;0.0170614;0.0282376;0.0340589;0.0173449;0.161116;0.161079;0.161082;0.161121;0.161106;0.161105;1;0.0218038;0;0;1;1;
5;0.00554811;0.00523157;-0.0190148;0.00187423;0.0100102;0.00293386;-0.0157979;0.0165637;0.012997;0.0191482;0.0385206;0.0240267;0.0940924;0.094072;0.0940738;0.0940948;0.0940907;0.0940878;0;0;0;0;0;0.244701;
6;0.00434728;0.0105164;-0.0145786;-1.28349e-05;0.00881918;0.000642189;0.0147694;0.010331;0.00693321;0.0118401;0.0218415;0.0159466;0.0549507;0.054937;0.054941;0.0549507;0.0549523;0.0549494;0;0;0;0;0;0;
7;0.00126157;0.00489734;-0.00757514;-0.00125092;0.00792628;-0.000868274;0.0213233;0.00652613;0.0027485;0.00991302;0.0136895;0.0175061;0.032092;0.0320837;0.0320867;0.0320909;0.0320947;0.0320919;0.166379;0;0;0;0;0;
8;-0.00826782;-0.00353397;-0.0126888;-0.0199298;0.0100277;-0.0019903;0.010208;0.016194;0.0237163;0.0280971;0.00574709;0.0760084;0.0187409;0.0187347;0.0187393;0.0187413;0.0187439;0.0345466;1;1;1;0;0;0;
9;-0.00429041;-0.00309714;-0.00725772;-0.0121789;0.00662432;0.0061421;0.0115012;0.0190047;0.0136509;0.0236822;0.0160526;0.0479212;0.010945;0.0109407;0.0109462;0.0109461;0.0109475;0.0201753;1;0.680924;1;0.553446;0.944993;0;
10;-0.00340065;-0.000913534;-0.00513411;-0.00621864;0.00297344;0.00467212;0.0163543;0.0268501;0.0166743;0.0302089;0.0205149;0.033268;0.00639385;0.00639014;0.00639518;0.00639377;0.0063957;0.011785;1;0.731961;1;0.676527;1;0.90848;
11;-0.00563169;0.00311192;-0.0066442;1.33781e-05;-0.00190892;0.00637447;0.0163729;0.0302551;0.0159214;0.0354725;0.0222268;0.0359085;0.00373684;0.00373294;0.0037376;0.00373538;0.00437633;0.0068844;1;0.71912;1;0.689323;1;1;
12;-0.0115881;0.0101158;-0.0121793;0.00830621;-0.00941336;0.012022;0.0148888;0.032334;0.0144867;0.0386622;0.0223938;0.0399178;0.0038049;0.00218118;0.00313545;0.00218298;0.00579848;0.00402238;1;0.677958;1;0.689054;1;1;
13;-0.0222245;0.0213634;-0.0225693;0.0203071;-0.0209535;0.022478;0.0143585;0.0336005;0.0139971;0.0397659;0.0227788;0.0420514;0.0041432;0.00127521;0.00183361;0.00127643;0.00645394;0.00235124;1;0.658805;1;0.696486;1;1;
14;-0.038474;0.0379692;-0.0386747;0.0373532;-0.0377305;0.0386221;0.0172284;0.0337213;0.0162601;0.0374181;0.0243499;0.040643;0.00390849;0.000746873;0.0010727;0.000747286;0.00559644;0.00230773;1;0.71044;1;0.737829;1;1;
15;-0.060549;0.0581741;-0.060665;0.0598936;-0.0607039;0.0343815;0.022427;0.0285044;0.0221579;0.0328439;0.0336139;0.339118;0.00879121;0.00321576;-0.00399334;0.00502855;0.00660462;-0.167082;1;0.871518;1;0.874195;1;0;
16;-0.086874;0.085484;-0.0869405;0.086489;-0.0869641;0.0683159;0.0420142;0.0223555;0.0441649;0.013551;0.0392535;0.186614;0.00513462;0.0169294;-0.00324664;0.00889293;0.00385718;-0.0975733;0.889407;1;1;1;0.696803;0;
17;-0.1132;0.112382;-0.113234;0.11297;-0.11325;0.102361;0.0574132;0.000574884;0.0586711;-0.0139749;0.055801;0.0761062;0.00299808;0.0265148;-0.002318;0.021506;0.0022428;-0.0569809;0;1;1;1;0.38032;0.57471;
18;-0.132848;0.132366;-0.132863;0.132712;-0.132879;0.126517;0.0950941;-0.0197648;0.0958294;-0.0697164;0.0941512;-0.0171067;0.00175051;0.0463861;-0.00241603;0.0259209;0.00130806;-0.026032;0;1;0.960852;1;0;1;
19;-0.13834;0.132481;-0.138347;0.138261;-0.165165;0.134642;0.143318;-0.0559803;0.143746;-0.128489;0.142766;-0.0977586;0.00102191;0.0596634;-0.0041027;0.0278901;-0.000663761;0.0481615;0;1;0;0.796328;0;1;
20;-0.123583;0.120162;-0.123587;0.123537;-0.139249;0.121424;0.185821;-0.0896957;0.186071;-0.177154;0.185499;-0.141289;0.000481041;0.0553641;-0.00239703;0.0251609;-0.000388082;0.0346081;1;1;0;0.751292;0;1;
21;-0.0843947;0.0823998;-0.0843979;0.0843696;-0.0935436;0.083135;0.214841;-0.126516;0.214987;-0.209773;0.214653;-0.164517;0.000280486;0.0369232;-0.00139953;0.0186594;-0.000227154;0.0234479;1;1;0;0.753922;1;1;
22;-0.0173101;0.0161502;-0.0173151;0.017298;-0.0226532;0.0165767;0.230485;-0.15269;0.230573;-0.216141;0.230375;-0.174905;0.000163325;0.0215694;-0.000815448;0.0109022;-0.000133185;0.0136989;0;1;0;0.783052;1;1;
23;0.0725426;-0.0732132;0.0725345;-0.0725459;0.0694218;-0.0729682;0.23101;-0.164407;0.250609;-0.203381;0.233452;-0.175448;9.48891e-05;0.0125979;0.00710975;0.00811435;-7.76765e-05;0.00800297;0;1;0;0.794158;1;1;
24;0.159616;-0.155325;0.159611;-0.159613;0.15864;-0.407174;0.179413;-0.153249;0.235056;-0.177137;0.245419;0.873778;5.50854e-05;0.00206618;0.00804554;0.00473908;0.0203194;-0.577805;0;1;0;1;1;0;
25;0.222489;-0.219978;0.222482;-0.222481;0.221912;-0.165241;0.1625;-0.1094;0.210517;-0.17412;0.216572;0.437213;3.22424e-05;-0.0140995;0.00469785;-0.00496041;0.0225585;-0.337485;0.347368;1;0;0.618639;1;0.274068;
26;0.261127;-0.259654;0.261119;-0.261122;0.260789;-0.227434;0.118036;-0.0753004;0.177276;-0.151667;0.180817;0.201013;0.0753661;-0.020163;0.0027424;-0.00561382;0.0131775;-0.197095;1;1;0;0.751475;0;0;
27;0.282492;-0.281629;0.282485;-0.28249;0.282297;-0.262814;0.0993963;-0.0442998;0.133989;-0.119032;0.136061;0.0869281;0.0440145;-0.0183034;0.00160078;-0.00327993;0.00769782;-0.115104;1;1;0;1;0;0;
28;0.292152;-0.291648;0.29215;-0.292154;0.292042;-0.280663;0.0561283;-0.0239464;0.0763264;-0.0675924;0.0775385;0.05269;0.0257068;-0.0106926;0.000934709;-0.0075712;0.00449713;-0.0672188;0;1;0;0.888727;0;1;
29;0.2952;-0.297654;0.283296;-0.297289;0.294095;-0.28602;-0.0114997;0.0302927;0.000299392;0.00480636;0.001003;0.0750547;0.0150145;-0.0326745;0.0309175;-0.0166715;0.0281808;-0.039256;0;0.603405;1;0.673064;0.785599;1;
30;0.285206;-0.286638;0.260819;-0.286427;0.284562;-0.279846;-0.0917805;0.102758;-0.0846383;0.087878;-0.0577909;0.128903;0.0333638;-0.0190865;0.044054;-0.00973681;0.0599946;-0.0229264;0.918425;0;1;0;1;0;
31;0.264217;-0.265054;0.249975;-0.264931;0.263842;-0.261087;-0.159953;0.166369;-0.149731;0.157679;-0.0934351;0.181637;0.0213392;-0.0111469;0.0304317;-0.00568658;0.0652037;-0.0133896;0.672428;0;1;0;1;0;
32;0.232302;-0.23279;0.223985;-0.232718;0.232085;-0.230476;-0.20547;0.20922;-0.183756;0.204145;-0.123976;0.218135;0.0126818;-0.00651021;0.0177762;-0.00332137;0.0510708;-0.00782112;0.724324;0;1;0;1;0;
33;0.189836;-0.190122;0.18498;-0.190084;0.189715;-0.188773;-0.232291;0.234483;-0.201636;0.23152;-0.147039;0.239689;0.00878374;-0.00380243;0.0103815;-0.00193919;0.0314621;-0.00456956;0.710654;0;1;0;1;0;
34;0.134099;-0.134266;0.131264;-0.134245;0.134031;-0.133479;-0.245994;0.247659;-0.199335;0.245929;-0.171689;0.250699;0.00600533;-0.00222111;0.00606238;-0.00113272;0.0183803;-0.00266968;0.962195;1;1;1;1;0;
35;0.0592814;-0.0593793;0.0576265;-0.0593671;0.0592428;-0.0589195;-0.24474;0.250066;-0.201021;0.249553;-0.181847;0.249134;0.00350731;-0.00129769;0.00354209;-0.000661978;0.0107353;-0.00155955;1;0;1;0.714822;1;0;
36;-0.0358616;0.0358034;-0.0368277;0.0358118;-0.035875;0.0360618;-0.217158;0.231337;-0.213109;0.233589;-0.17908;0.234779;0.00243964;-0.000758413;0.00206659;-0.000387084;0.00626831;-0.000910806;1;0;1;0;1;0;
37;-0.132174;0.13214;-0.132739;0.132145;-0.13218;0.13229;-0.19709;0.204806;-0.192846;0.207201;-0.158575;0.229558;0.0014245;-0.000443443;-0.0230173;-0.000226525;-0.00229377;-0.00053214;1;0;1;0;1;0;
38;-0.205001;0.204981;-0.205331;0.204984;-0.205006;0.205069;-0.153788;0.197571;-0.162606;0.198969;-0.134874;0.212026;-0.00853202;-0.000259474;-0.0134436;-0.000132732;-0.0145761;-0.000311097;1;0;1;0;1;0;
39;-0.250858;0.251225;-0.251913;0.250742;-0.251523;0.251527;-0.111067;0.169223;-0.10938;0.177196;-0.0856621;0.183773;-0.00890586;0.0067414;-0.072656;-0.000977681;-0.0226916;-0.000182343;1;0.962424;1;0;1;0;
40;-0.277027;0.27724;-0.277643;0.276959;-0.277417;0.277417;-0.0765367;0.136554;-0.0977264;0.141207;-0.036538;0.145047;-0.00941897;0.0039391;-0.0424321;-0.000570906;-0.0328401;-0.000106927;1;1;1;0.253943;1;0;
41;-0.289919;0.290043;-0.290279;0.289878;-0.290149;0.290146;-0.0527484;0.0878041;-0.065125;0.0905215;0.0052615;0.0927595;-0.00550088;0.00423169;-0.0247829;0.00454516;-0.0191835;-6.26754e-05;1;0;1;1;1;0;
42;-0.299393;0.293215;-0.301017;0.292301;-0.315794;0.292779;0.00112732;0.0193513;-0.00610066;0.0209382;0.0350024;0.0222411;-0.00528787;0.00992042;-0.0144754;0.0119992;-0.018586;0.0082852;0.848713;0;1;0.681847;0.777572;1;
43;-0.290782;0.268979;-0.291731;0.286618;-0.30036;0.286918;0.0759554;-0.0455207;0.0717349;-0.0630627;0.095738;-0.0622987;-0.00356822;0.063075;-0.00845474;0.0230297;-0.0108545;0.0281053;0;1;0.440491;0.793705;0;1;
44;-0.27219;0.259456;-0.272745;0.269757;-0.277785;0.269933;0.146952;-0.0989715;0.144488;-0.139418;0.158506;-0.134418;-0.00412717;0.057011;-0.00493767;0.0287737;-0.00633898;0.0397985;0;1;0;0.35815;0;1;
45;-0.242734;0.235299;-0.243061;0.241313;-0.246005;0.241416;0.197154;-0.14703;0.195716;-0.192751;0.203901;-0.164279;-0.00241066;0.0420837;-0.00288346;0.0176881;-0.00740089;0.025424;1;1;0;0.339977;0;1;
46;-0.203028;0.198687;-0.203219;0.202198;-0.204938;0.202258;0.227619;-0.163622;0.226779;-0.225045;0.231559;-0.19033;-0.00140825;0.0245842;-0.00168434;0.010334;-0.00432258;0.0148528;0;1;0;0.449006;1;1;
47;-0.151288;0.148754;-0.151402;0.150803;-0.152404;0.150839;0.244212;-0.182789;0.243724;-0.242536;0.246513;-0.199925;-0.000822913;0.0143615;-0.000981807;0.00659457;-0.0025249;0.00867733;0;1;0;0.645462;1;1;
48;-0.0822312;0.0807543;-0.0823019;0.0819482;-0.0828829;0.0819702;0.251351;-0.198069;0.251069;-0.235241;0.252335;-0.203128;-0.000481091;0.00838745;0.00404422;0.00385296;-0.00147507;0.00506965;0;1;0;0.760102;1;1;
49;0.00821152;-0.00907022;0.00816482;-0.0083763;0.00783058;-0.0083629;0.237178;-0.199611;0.266245;-0.218459;0.24034;-0.203346;-0.000281454;0.00404849;0.0118817;0.00446067;-0.000861514;0.00296173;0;1;0;0.840752;1;1;
50;0.107251;-0.107748;0.107217;-0.107346;0.107025;-0.107338;0.215977;-0.170907;0.251252;-0.205069;0.240346;-0.205837;-0.000164882;-0.0114819;0.00693809;0.00260554;-0.000503479;0.00172909;0;1;0;0.856767;1;1;
51;0.187803;-0.18809;0.187778;-0.187858;0.187671;-0.187854;0.2085;-0.158856;0.229099;-0.156857;0.222733;-0.172254;-9.63972e-05;-0.0197516;0.00405072;0.0037053;-0.00029355;-0.00977244;0.232981;1;0;0.792456;1;1;
52;0.240588;-0.240757;0.240573;-0.24062;0.240512;-0.240618;0.187008;-0.119381;0.199035;-0.121352;0.195318;-0.138417;0.000756948;-0.0276405;0.00236511;-0.000442292;-0.000170872;-0.00599765;1;1;0;1;1;1;
53;0.271423;-0.271523;0.271414;-0.271443;0.271379;-0.271442;0.153638;-0.0725458;0.160657;-0.0887916;0.158489;-0.123632;0.00119981;-0.0167257;0.005824;-0.00726717;-9.83654e-05;-0.0035034;1;1;0;0.959693;1;1;
54;0.287455;-0.287518;0.287453;-0.28747;0.287434;-0.28747;0.106923;-0.0274782;0.111019;-0.0690474;0.109757;-0.0893956;0.00272318;-0.0154433;0.00340144;-0.0042449;0.00916096;-0.00439257;0;1;0;0.804922;0;1;
55;0.293152;-0.331867;0.293151;-0.322497;0.326207;-0.322139;0.0424825;0.00391763;0.0448736;-0.0203586;0.0441396;-0.0322436;0.00159201;-0.00902068;0.00198789;-0.00779699;0.0188975;-0.00716033;0;0.975251;0;0.805624;0;1;
56;0.26339;-0.312419;0.282887;-0.307173;0.309114;-0.307141;-0.0393261;0.0664304;-0.0379317;0.0522541;-0.0260897;0.045313;0.0240273;-0.010049;0.0137509;-0.00675204;0.0711814;-0.0096819;1;0;1;0.278611;1;0.623401;
57;0.243508;-0.289157;0.271848;-0.286093;0.287223;-0.286074;-0.120305;0.13614;-0.119482;0.127862;-0.0869879;0.123808;0.0305356;-0.00586903;0.043144;-0.00394351;0.0653873;-0.00565457;0.664496;1;1;0.699919;1;0;
58;0.231485;-0.258146;0.248037;-0.256357;0.257018;-0.256349;-0.180339;0.189592;-0.173464;0.184757;-0.121065;0.182391;0.0185887;-0.00342793;0.0269273;-0.00230341;0.0568377;-0.0033017;0.721571;0;1;0;1;0;
59;0.20311;-0.218681;0.212778;-0.217636;0.218026;-0.217637;-0.217821;0.223229;-0.195155;0.220405;-0.151618;0.219025;0.0137794;-0.00200238;0.01573;-0.00134564;0.0382928;-0.00192733;0.824302;0;1;0;1;0;
60;0.160031;-0.169125;0.165678;-0.168515;0.168744;-0.168517;-0.238954;0.242115;-0.205753;0.240466;-0.17631;0.23966;0.00910118;-0.00116991;0.00918929;-0.000786321;0.0223701;-0.00112574;1;0;1;0;1;0;
61;0.0992863;-0.104598;0.102585;-0.104241;0.104375;-0.104242;-0.246936;0.25098;-0.213305;0.250018;-0.188685;0.249547;0.00531585;-0.000683772;0.00536824;-0.000459713;0.0130666;-0.000657923;1;0;1;0;1;0;
62;0.0162088;-0.0193109;0.0181358;-0.0191028;0.0191817;-0.0191033;-0.236226;0.24309;-0.212971;0.244005;-0.190744;0.245288;0.00310347;-0.000399885;0.00313536;-0.000268974;0.00763018;-0.000384688;1;0;1;0;1;0;
63;-0.0821786;0.0803668;-0.0810528;0.0804883;-0.0804419;0.0804879;-0.21147;0.22112;-0.203687;0.223855;-0.18004;0.23087;-0.00179627;-0.000234096;0.00166278;-0.000157565;0.00445335;-0.000224552;1;0;1;0;1;0;
64;-0.169246;0.168187;-0.168588;0.168258;-0.168231;0.168258;-0.176797;0.185446;-0.186805;0.215571;-0.148666;0.221333;-0.0134932;-0.000137143;-0.00883024;-9.24665e-05;-0.0108666;-0.000131256;1;0;1;0;1;0;
65;-0.229055;0.228437;-0.228672;0.228478;-0.228464;0.228478;-0.126102;0.178569;-0.165809;0.196162;-0.117525;0.199527;-0.0123797;-8.03855e-05;-0.00515854;-5.44976e-05;-0.0213054;-7.71415e-05;1;0.220983;1;0;1;0;
66;-0.26495;0.264587;-0.264725;0.264611;-0.264606;0.264612;-0.0831822;0.154928;-0.147474;0.1652;-0.0726307;0.167165;-0.0101438;-4.51703e-05;-0.00301391;0.000942967;-0.029271;-4.49124e-05;1;1;1;0.355193;1;0;
67;-0.284369;0.284155;-0.284237;0.284169;-0.28417;0.284171;-0.03712;0.116038;-0.111681;0.122036;-0.0396014;0.123182;-0.00741597;0.00403231;-0.00545383;0.00570243;-0.0170995;0.000168993;1;0;1;1;1;0;
68;-0.292579;0.292453;-0.292502;0.29246;-0.331929;0.292463;-0.0130201;0.059116;-0.0565691;0.0626192;-0.0144717;0.063285;-0.00432965;0.00554639;-0.00667778;0.00810677;-0.00998932;0.00286725;1;0;1;0;1;0;
69;-0.299191;0.268439;-0.296946;0.282582;-0.327462;0.300791;0.0444956;-0.0167429;0.0190625;-0.0155211;0.0436455;-0.0151375;-0.00312709;0.0594164;-0.0117231;0.0281539;-0.0311486;0.0144381;0.324612;1;1;1;0.201678;1;
70;-0.285324;0.238508;-0.284013;0.274585;-0.301834;0.286257;0.116371;-0.0675695;0.101518;-0.0994424;0.115874;-0.0992124;-0.00182659;0.0676158;-0.00789439;0.0311932;-0.0181912;0.0304481;0;1;0;0.556686;1;1;
71;-0.261137;0.207206;-0.260371;0.254864;-0.270779;0.261681;0.176065;-0.118537;0.167391;-0.166174;0.175775;-0.157285;-0.00106714;0.0557954;-0.00461074;0.0249112;-0.010624;0.0319375;1;1;0;0.391805;0;1;
72;-0.226706;0.195208;-0.226259;0.223042;-0.232337;0.227024;0.215145;-0.150115;0.210077;-0.209363;0.214975;-0.192332;-0.000623643;0.0368054;-0.00269485;0.0193857;-0.00620487;0.0207344;0.387049;1;0.576138;0.464612;0;1;
73;-0.181821;0.163425;-0.18156;0.17968;-0.185109;0.182007;0.237764;-0.174868;0.234805;-0.234384;0.237665;-0.207588;-0.000364677;0.0215016;-0.00157425;0.0119239;-0.00362413;0.0121127;0;1;1;0.639472;0;1;
74;-0.12298;0.112236;-0.122827;0.121729;-0.1249;0.123089;0.24917;-0.188786;0.247442;-0.243969;0.249112;-0.216844;-0.000213475;0.01256;-0.000919861;0.00696536;-0.00211701;0.00707552;0;1;0;0.771547;0;1;
75;-0.0441925;0.037919;-0.0441034;0.0434622;-0.0453141;0.825747;0.245935;-0.195445;0.246954;-0.234219;0.249013;1.09339;-0.000125151;0.00733498;-0.000537687;0.00406733;-0.00123686;-0.738033;0;1;0;0.944628;0;1;
76;0.0532723;-0.0569436;0.0533254;-0.0536955;0.0526194;-0.0413842;0.217863;-0.198291;0.223353;-0.196939;0.268219;0.538532;-0.0141625;-0.0204799;-0.0194212;-0.0351346;-0.000413403;-0.431386;0;1;0.421928;1;0;1;
77;0.146821;-0.148963;0.146852;-0.14707;0.146439;-0.133423;0.205152;-0.15086;0.20711;-0.191702;0.246966;0.224199;-0.00827144;-0.0205935;-0.0113416;-0.0205211;-0.000241919;-0.251946;0;1;1;1;0;0.662942;
78;0.214718;-0.215968;0.214736;-0.214868;0.214494;-0.20689;0.19487;-0.128211;0.196011;-0.135655;0.219287;0.0558788;-0.00482946;-0.0120286;-0.0066239;-0.0119868;-0.000141788;-0.147138;1;1;1;1;0;0;
79;0.256669;-0.257401;0.25668;-0.256759;0.256539;-0.252098;0.170263;-0.0995798;0.17093;-0.0722065;0.18452;-0.0238227;-0.00281927;-0.0173959;-0.00386689;-0.0120473;-8.33178e-05;-0.0859274;1;1;1;1;0;0.655746;
80;0.280108;-0.280537;0.280117;-0.280165;0.280035;-0.277443;0.132652;-0.060918;0.133039;-0.0356758;0.140972;-0.0471221;0.0154536;-0.0141647;-0.00225638;-0.01607;-4.90879e-05;-0.05018;0;1;1;1;0;1;
81;0.291102;-0.291388;0.291142;-0.29117;0.291093;-0.289582;0.0793271;-0.0374296;0.0795521;0.00899685;0.0841857;-0.029371;0.00902793;-0.0131915;0.00135708;-0.00938656;0.0104229;-0.0293059;0;1;0;0.792949;1;1;
82;0.281897;-0.321643;0.284787;-0.307546;0.279158;-0.306815;0.00662438;0.0178476;0.00675473;0.0449613;0.00946617;0.0225554;0.0265746;-0.0158959;0.0146765;-0.00618124;0.0454178;-0.0171184;0.932789;0.750564;0.605872;0.500247;0.922586;1;
83;0.260644;-0.301858;0.260013;-0.293625;0.258198;-0.2932;-0.0777779;0.0920769;-0.0776976;0.107912;-0.0474563;0.0948264;0.0292707;-0.00928365;0.0268905;-0.00361015;0.0705805;-0.0108883;0.945416;0;1;1;1;0.177835;
84;0.251652;-0.275722;0.251283;-0.270914;0.250223;-0.270666;-0.150541;0.158898;-0.150486;0.168146;-0.108882;0.160504;0.0248665;-0.00542205;0.0324656;-0.00210871;0.0684188;-0.00635926;0.945251;1;1;0;1;0;
85;0.227125;-0.241183;0.226909;-0.238375;0.22629;-0.23823;-0.199753;0.204639;-0.199716;0.21004;-0.148768;0.205577;0.0150558;-0.0031669;0.0189663;-0.00123192;0.0475151;-0.00371421;1;0;1;0;1;0;
86;0.189487;-0.197697;0.18936;-0.196057;0.188999;-0.195973;-0.229034;0.231891;-0.22066;0.235045;-0.176268;0.232439;0.00879617;-0.00184994;0.011079;-0.000719932;0.0277577;-0.00216958;1;0;1;0;1;1;
87;0.13749;-0.142285;0.137416;-0.141327;0.137205;-0.141279;-0.242974;0.246364;-0.22498;0.248206;-0.191609;0.246684;0.00513916;-0.00108088;0.00647046;-0.00042095;0.0162141;-0.00126737;1;0;1;0;1;1;
88;0.0661286;-0.0689286;0.0660859;-0.0683694;0.0659627;-0.0683411;-0.23978;0.250325;-0.220879;0.249978;-0.198759;0.250596;0.00300137;-0.000631787;0.00377878;-0.000246323;0.00946864;-0.000740631;1;0;1;0;1;1;
89;-0.0266737;0.0250384;-0.0266982;0.0253649;-0.0267699;0.0253814;-0.225972;0.23298;-0.217538;0.234589;-0.189547;0.238581;0.00175156;-0.000369533;0.00220613;-0.000144361;0.00552725;-0.000432932;1;0;1;0;1;1;
90;-0.123816;0.122861;-0.123831;0.123052;-0.123873;0.123062;-0.196713;0.209104;-0.196953;0.20898;-0.164373;0.221707;-0.0101335;-0.00021634;-0.0100542;-8.48172e-05;-0.00749484;-0.000253226;1;0;1;0;1;0;
91;-0.199272;0.198715;-0.199281;0.198826;-0.199306;0.198831;-0.151693;0.201733;-0.163652;0.201661;-0.13563;0.209093;-0.0129123;-0.000126867;-0.00800019;-4.99623e-05;-0.0197403;-0.000148411;1;0;1;0;1;0;
92;-0.24752;0.247194;-0.247526;0.247259;-0.247541;0.247262;-0.107329;0.179747;-0.133243;0.179704;-0.0886164;0.184044;-0.0120984;-7.38833e-05;-0.00594609;-2.96252e-05;-0.0275758;-8.71317e-05;1;0.650561;1;0;1;0;
93;-0.275238;0.275046;-0.275241;0.275084;-0.275251;0.275086;-0.0642675;0.14523;-0.118067;0.1452;-0.0316636;0.147736;-0.011807;0.00308556;-0.00347255;-1.77422e-05;-0.0298801;0.000909608;1;1;1;0;1;0.686726;
94;-0.289188;0.289075;-0.28919;0.289098;-0.289199;0.289098;-0.0391002;0.0963366;-0.0804692;0.0963162;0.0089965;0.0978001;-0.0068956;0.0102565;-0.00457323;-9.42642e-06;-0.0236011;0.00698842;1;0;1;0.929269;1;1;
95;-0.293929;0.293212;-0.293279;0.286869;-0.315604;0.293224;0.004627;0.0288072;-0.0195341;0.0287972;0.0327101;0.0296632;-0.00350224;0.00599192;-0.00396803;0.0133476;-0.0155091;0.015736;1;0;1;1;0.941227;0.621714;
96;-0.288627;0.271038;-0.28837;0.270235;-0.304039;0.2801;0.0740244;-0.0343113;0.0599175;-0.0544977;0.090424;-0.0539882;-0.00253366;0.0664545;-0.00406523;0.0209149;-0.0090583;0.0211395;0;1;0.916004;1;1;1;
97;-0.272576;0.259919;-0.272426;0.261833;-0.281576;0.267595;0.144077;-0.0987122;0.135838;-0.132667;0.153654;-0.132361;-0.00351284;0.0674963;-0.00237449;0.0274313;-0.00529046;0.034155;0;1;0;1;0;1;
98;-0.245019;0.237626;-0.244932;0.238745;-0.250276;0.24211;0.195085;-0.144467;0.190274;-0.188416;0.200679;-0.188232;-0.0020519;0.0491305;-0.0013871;0.0175299;-0.00309005;0.020314;1;1;1;1;0;1;
