1;-0.000363588;0.000116065;9.94839e-05;-0.000363588;0.000116064;9.94838e-05;0.0349768;0.0347455;0.0352594;0.0349769;0.0347456;0.0352595;0.808667;0.808665;0.808666;0.808667;0.808665;0.808666;0;0;0;0;0;0;
2;0.0220561;0.0270649;-0.0667216;-0.0264411;0.0181334;0.0480559;0.0387828;0.0884166;0.152164;0.0328034;0.0417643;0.208633;0.47232;0.472287;0.472334;0.472388;0.472339;0.472372;0.331576;1;0;1;1;1;
3;0.0201758;0.0153831;-0.0385414;-0.0160033;0.0174609;0.0383681;0.0364516;0.0670473;0.0889498;0.0227203;0.051042;0.121763;0.275842;0.275829;0.275854;0.275883;0.275855;0.27589;1;0;0;1;0;0;
4;0.0124177;0.00834984;-0.0218763;-0.0103491;0.0555827;0.0320108;0.0360377;0.0391885;0.0519247;0.0132951;0.0526971;0.100958;0.161097;0.161088;0.161104;0.161116;0.161105;0.161128;1;0;0;1;0;1;
5;0.01187;0.018897;-0.0107945;-0.015183;0.0333355;0.0194799;0.0597087;0.0231412;0.03007;-0.0235068;0.030518;0.0791236;0.0940857;0.094076;0.0940863;0.0940909;0.0940841;0.0941081;0;0;0;1;0;1;
6;0.00924705;0.00992952;-0.00312749;-0.00997469;0.0205745;0.0188312;0.0342172;0.0141707;0.0169037;-0.0130712;0.017163;0.0603899;0.0549491;0.0549395;0.0549456;0.0549482;0.0549442;0.0549656;0;0;0;1;0;1;
7;0.00052571;0.00455558;0.0169495;-0.00706896;0.013258;0.0172909;0.0221597;0.000973217;0.00988738;-0.00633415;0.00872098;0.0440483;0.0320917;0.0320842;0.0320877;0.0320892;0.0320868;0.0321031;0;0;0;1;0;1;
8;-0.00281643;0.00152618;0.0276883;-0.00528029;0.00887558;0.0180789;0.0106929;-0.00703773;0.0501875;-0.00135323;0.00284476;0.0478345;0.0187414;0.0187367;0.0187415;0.0187402;0.0187381;0.01875;0;0;1;1;0;1;
9;-0.00299381;-0.00611508;0.0303163;-0.00387864;0.00572079;0.0235125;0.00270991;-0.000577685;0.052745;0.0162176;-0.0025736;0.0542779;0.0109449;0.0109419;0.0155634;0.0109448;0.0109425;0.0133468;0;0;1;1;0;1;
10;-0.00649024;-0.00267638;0.0281799;-0.0013696;0.00244478;0.0264332;-0.00354739;0.00477625;0.0507142;0.0250838;-0.00908536;0.0514969;0.00639165;0.00638972;0.0174746;0.00639265;0.00638983;0.0115785;0;0;1;0;0;1;
11;-0.0126761;0.00208269;0.0208472;0.00284666;-0.00221938;0.0338847;-0.0109472;0.00709969;0.045271;0.0378514;-0.0269817;0.0500987;0.00373243;0.00373128;0.019594;0.00373453;0.00373091;0.0103384;0;0;1;0;0;1;
12;-0.0157028;0.00951611;0.00796873;0.0109056;-0.00959734;0.0521352;-0.0377698;0.0124972;0.023872;0.0575919;-0.025128;0.0552978;0.00217945;0.00217877;0.0124664;0.0143791;0.00217791;0.0142263;0;0;1;0;0;1;
13;-0.0135871;0.0194592;0.00675705;-0.0245447;0.0253097;-0.000462738;-0.0132281;-0.00153029;0.0520924;0.0248056;-0.00584513;0.0291283;0.00127255;0.00127214;0.0115723;0.0101838;0.00127082;0.00991476;0;0;1;0;0;1;
14;-0.0152195;0.0207903;-0.0033363;-0.0653249;0.0657722;-0.0512564;-0.000670744;-0.00696573;0.0495558;0.00743207;0.00364049;0.0344349;0.000742909;0.000743757;0.0106046;0.00594918;0.000741217;0.0086854;0;0.440845;1;0;0.0967576;1;
15;-0.0197685;0.023022;-0.012827;-0.11431;0.114568;-0.106088;0.000743247;0.00264844;0.042758;0.00320559;6.96893e-05;0.0451842;0.000433613;0.000434485;0.0127708;0.00347593;0.000432118;0.00800972;0;0.484658;1;0;0.68611;1;
16;-0.0262637;0.0281637;-0.0222079;-0.169788;0.169933;-0.164977;-0.011001;0.0129817;0.0274188;0.0133075;-0.00692159;0.0592987;0.000252974;0.00025365;0.019719;0.00203131;0.000252803;0.00467945;0;0.400482;1;0;1;1;
17;-0.0331842;0.0342948;-0.0308149;-0.224085;0.224164;-0.221268;-0.0392989;0.0404583;-0.0072388;0.0406499;-0.0197465;0.0696104;0.00623674;0.000147797;0.0303467;0.00118739;0.00895463;0.00273417;0.882265;0;1;0;1;0.913372;
18;-0.0384476;0.0390965;-0.0370643;-0.264342;0.264387;-0.262695;-0.0845101;0.0851923;-0.0657797;0.0853055;-0.0340525;0.102217;0.0154421;8.5931e-05;0.0319125;0.000694394;0.0328867;0.00159572;1;0;1;0;1;0.191076;
19;-0.0391052;0.0401913;-0.0390207;-0.275888;0.275914;-0.274924;-0.13713;0.137535;-0.126186;0.13564;-0.0684775;0.146687;0.0215581;4.97786e-05;0.033612;0.00403658;0.083566;0.000931096;1;0;1;0;1;0;
20;-0.0350642;0.0356981;-0.0350147;-0.246707;0.246724;-0.246142;-0.182198;0.182444;-0.175804;0.181336;-0.105323;0.187789;0.0207439;2.8583e-05;0.0301392;-0.00275434;0.0488156;0.000543053;1;0;1;0;1;0;
21;-0.0239699;0.0243398;-0.0239407;-0.16853;0.168539;-0.168192;-0.212719;0.212869;-0.197315;0.212217;-0.121468;0.21599;0.0121391;1.61946e-05;0.0176073;-0.0146367;0.0396055;0.000316684;1;0;1;0;1;0;
22;-0.00486239;0.00507827;-0.00484449;-0.0344722;0.0344809;-0.0342747;-0.218579;0.229333;-0.177667;0.228953;-0.157792;0.231156;0.00709032;8.9352e-06;0.0242602;-0.00854805;0.0231372;0.000184465;1;0;1;0;1;0;
23;0.0207748;-0.0206492;0.0207858;0.145161;-0.145156;0.14528;-0.219048;0.228893;-0.161087;0.259244;-0.174755;0.23;0.00413983;4.67433e-06;0.0228573;-0.00499036;0.0135149;0.000107309;1;0;1;0;1;0;
24;0.0456323;-0.0455601;0.0456385;0.319268;-0.319264;0.319342;-0.198678;0.221923;-0.142072;0.247403;-0.172357;0.183838;-0.00881867;2.21832e-06;0.0185564;0.022033;0.00789118;-0.010505;1;0;1;0;1;0;
25;0.0635833;-0.0635424;0.0635871;0.444991;-0.444987;0.44504;-0.157166;0.202847;-0.110542;0.217731;-0.153693;0.165109;-0.00514948;7.93749e-07;0.0224579;0.013673;-0.0237427;-0.00613537;0.818892;0;1;0;1;0;
26;0.0746156;-0.0745927;0.0746178;0.522256;-0.522254;0.52229;-0.138798;0.172797;-0.0772625;0.181492;-0.121871;0.150759;0.00143524;-7.44103e-08;0.0131189;0.00798742;-0.0360222;-0.00358329;0.961009;0;1;0;1;0;
27;0.080716;-0.0807034;0.0807175;0.564981;-0.564982;0.565006;-0.111518;0.131374;-0.0303693;0.136453;-0.101142;0.118505;0.000837757;-4.84443e-07;0.00766148;0.00466604;-0.0210435;-0.00209285;1;0;1;0;1;0;
28;0.0834748;-0.0834676;0.0834653;0.584305;-0.584306;0.584323;-0.0632074;0.0748004;0.00781185;0.0777658;-0.0571437;0.0672852;-0.00922462;-6.58897e-07;0.00447336;0.0027253;-0.0198732;-0.00122242;0.461919;0;1;0;1;0;
29;0.0837458;-0.091302;0.0889382;0.585458;-0.595714;0.607046;0.00736758;-0.00059499;0.0488443;0.00113179;0.0109081;-0.00498174;-0.00538743;0.00636432;0.00243741;0.00159126;-0.0220408;0.0269055;0;0.257163;1;0;0.927072;1;
30;0.0811391;-0.0770854;0.0841716;0.567529;-0.573519;0.58014;0.0893739;-0.0814136;0.113596;-0.0844118;0.0914412;-0.0781347;-0.00314657;0.0597268;-0.00201077;0.014854;-0.0128724;0.0536021;0;1;0;0.344234;0;1;
31;0.0752871;-0.0617907;0.077058;0.52675;-0.530249;0.534119;0.158552;-0.119491;0.172698;-0.155646;0.159759;-0.151973;-0.00183799;0.0508986;-0.00117468;0.0337652;-0.00751788;0.0369454;0;1;0;1;0;1;
32;0.066253;-0.0583708;0.067288;0.463619;-0.465664;0.467926;0.204655;-0.149477;0.212916;-0.202947;0.20536;-0.200802;-0.00107382;0.0340943;-0.000686565;0.0268561;-0.00439084;0.0215813;0;1;0;1;0;1;
33;0.0541696;-0.0495678;0.0547765;0.379099;-0.380293;0.381617;0.231818;-0.176213;0.236642;-0.217936;0.232229;-0.228338;-0.000627596;0.0199173;-0.000401705;0.0156899;-0.00256471;0.0126047;0;1;0;1;0;1;
34;0.0382735;-0.0355887;0.038631;0.267865;-0.268562;0.269337;0.246102;-0.195533;0.248919;-0.219521;0.246343;-0.240834;-0.000367022;0.0116333;-0.000235476;0.0120142;-0.00149829;0.00735902;0;1;0;1;1;1;
35;0.0169139;-0.0153483;0.0171262;0.118373;-0.118779;0.119233;0.249457;-0.194053;0.246127;-0.220459;0.249341;-0.240681;-0.000214824;0.00679284;-0.000138548;0.00919559;-0.000875463;-0.0199606;0;1;0;0.883344;1;1;
36;-0.01026;0.011171;-0.0101321;-0.0718252;0.0715891;-0.0713253;0.234109;-0.183432;0.231409;-0.20847;0.239612;-0.239953;-0.000125993;0.00396612;-0.000414418;0.00938298;-0.00051113;-0.0330024;0;1;0;0.746023;1;1;
37;-0.117222;0.117745;-0.11714;0.0692792;-0.0694156;0.0695767;0.0441746;-0.0145816;0.0425965;-0.0292119;0.0474033;-0.0475991;0.00305812;-0.0824352;0.0160005;-0.0358547;0.103154;-0.05169;0;1;0.0994303;0;0;0;
38;-0.196269;0.196572;-0.196212;0.168268;-0.168331;0.168439;-0.0521685;0.0694479;-0.0530777;0.0609087;-0.0469815;0.0501709;0.00178566;-0.0481466;0.0430746;-0.0209376;0.0751765;-0.0301882;0;0;1;0;1;1;
39;-0.245842;0.24602;-0.245807;0.229491;-0.229517;0.229589;-0.0904163;0.100509;-0.0816407;0.0955221;-0.0402566;0.0892519;0.00831829;-0.0281177;0.0257026;-0.0122277;0.0439124;-0.0176297;0.795064;0;1;0;1;0;
40;-0.274096;0.274201;-0.274074;0.264548;-0.264562;0.264604;-0.0734237;0.0836527;-0.0491785;0.0761942;-0.0123297;0.0892206;0.00485784;-0.0164209;0.0150114;-0.00714123;0.0256474;-0.0102944;0.99922;0;1;0;1;0;
41;-0.288206;0.288268;-0.288193;0.28263;-0.282637;0.28266;-0.0509316;0.0569077;-0.0303965;0.0525504;0.0265012;0.060162;0.0026805;-0.00959004;0.00876765;-0.00417009;0.0142243;0.00760134;0.924014;0;1;0.361687;1;1;
42;-0.292056;0.290905;-0.291933;0.288884;-0.289222;0.288902;0.00218607;0.00130626;0.0141823;-0.00123853;0.0474065;0.00321279;-0.00282718;0.00821256;0.0051202;0.00788126;0.0066746;0.0258715;0.545919;0.420055;1;0.697147;0.363963;1;
43;-0.286497;0.285824;-0.286425;0.284644;-0.295733;0.284655;0.0765739;-0.0426356;0.0835797;-0.0760134;0.102982;-0.0734063;-0.00165138;0.049869;-0.000741104;0.0255523;0.00389746;0.0369772;0;1;0.468625;0.831032;0;1;
44;-0.269688;0.269296;-0.269645;0.268606;-0.275087;0.268612;0.147314;-0.0840042;0.151405;-0.146977;0.162735;-0.144978;-0.000964768;0.0584889;-0.000433178;0.0315015;0.00227539;0.0416828;0;1;0;1;0;1;
45;-0.241273;0.241046;-0.241248;0.24064;-0.244426;0.240644;0.197365;-0.111923;0.199755;-0.197158;0.206372;-0.193691;-0.000563851;0.0535816;-0.000253419;0.0233875;0.00132835;0.0243506;0;1;0;1;0;1;
46;-0.158409;0.158282;-0.158404;0.0179999;-0.0202086;0.0180085;0.00279746;0.0471128;0.00419242;-0.00274629;0.00808907;-0.00091784;0.00213362;-0.0564152;0.0553914;-0.00553785;0.0538104;-0.0452929;0.286474;0.362351;1;0;0;0;
47;-0.125231;0.12516;-0.125227;0.0432321;-0.0445243;0.0432355;0.112908;-0.0837519;0.113724;-0.11283;0.115989;-0.111637;-0.000287933;0.0414498;0.0323487;0.0443576;0.0314206;0.0721748;0;1;0;1;0;1;
48;-0.067014;0.06698;-0.0670163;0.0191272;-0.0198827;0.0191289;0.17467;-0.114956;0.175148;-0.174612;0.176468;-0.173915;-0.000168555;0.0490203;0.0188924;0.0311294;0.0135401;0.0421608;0;1;0;1;0;1;
49;0.0170985;-0.017109;0.0170887;-0.045063;0.0446228;-0.0450617;0.206158;-0.134091;0.206439;-0.186395;0.207208;-0.203464;-9.89009e-05;0.029026;0.0110345;0.018186;0.00790689;0.0246255;0;1;0;1;0;1;
50;0.11244;-0.112441;0.112432;-0.12877;0.128514;-0.128769;0.216162;-0.14218;0.216327;-0.180809;0.216775;-0.198206;-5.81832e-05;0.0169555;0.00644373;0.0106245;0.00461709;0.0143807;0;1;0;1;0.0465823;1;
51;0.190834;-0.190833;0.190828;-0.200368;0.200215;-0.200368;0.208607;-0.133048;0.208704;-0.162923;0.201457;-0.169792;-3.44468e-05;0.00990311;0.00376186;0.00620489;-0.00469737;0.00839714;0;1;0;1;0;1;
52;0.242358;-0.242357;0.242353;-0.247925;0.247834;-0.247924;0.187067;-0.107135;0.187125;-0.137108;0.182896;-0.13294;-2.0613e-05;-0.00116394;0.00219748;0.00362355;-0.00274204;-0.00108206;0;1;0;0.579328;0;1;
53;0.272456;-0.272455;0.27245;-0.275706;0.275653;-0.275706;0.153668;-0.0719733;0.153704;-0.124492;0.151235;-0.0984336;-1.24623e-05;-0.0290768;0.00350241;0.00211769;-0.00160107;-0.0101203;0;1;0;0.592761;0;1;
54;0.28806;-0.28806;0.288054;-0.289958;0.289927;-0.289958;0.106936;-0.0563763;0.106958;-0.0898991;0.105517;-0.0746779;-7.66614e-06;-0.0169839;0.00204691;-0.000717837;0.00331614;-0.00591141;0;1;0;0.574446;0;1;
55;0.293505;-0.298193;0.280852;-0.314737;0.291579;-0.294504;0.0424871;-0.0129592;0.0425004;-0.03254;0.0416651;-0.0236487;-4.78769e-06;-0.0123593;0.00119729;-0.0106692;0.0324519;-0.0174141;0;1;0;0;0;1;
56;0.290014;-0.293817;0.276857;-0.302418;0.279793;-0.275652;-0.039332;0.0565741;-0.0393145;0.0451381;-0.0389462;0.0503322;-3.06377e-06;-0.0155951;0.0279746;-0.00623337;0.0742854;-0.0198998;0;0;1;0;1;1;
57;0.27607;-0.278293;0.268388;-0.283318;0.270102;-0.267685;-0.120309;0.130384;-0.12029;0.123705;-0.0676732;0.126738;0.0282363;-0.00910801;0.0328649;-0.00410636;0.065168;-0.0135533;1;0;1;0;1;0;
58;0.2505;-0.251802;0.246017;-0.254736;0.247017;-0.245606;-0.180337;0.18623;-0.180173;0.182329;-0.0980944;0.184099;0.0249512;-0.00531951;0.0226079;-0.0023985;0.0602899;-0.00791753;1;0;1;0;1;0;
59;0.214215;-0.214976;0.211597;-0.21669;0.212182;-0.211358;-0.214114;0.221266;-0.201867;0.218987;-0.130204;0.22002;0.0165862;-0.00310704;0.0132078;-0.00140118;0.0431123;-0.00462544;1;0;1;0;1;0;
60;0.136935;-0.137378;0.135409;-0.0437189;0.0410896;-0.0406201;-0.0133019;0.0174811;-0.00615352;0.0161549;0.0356973;0.0167662;-0.0263753;0.00332446;-0.0518544;-0.00081847;-0.0654926;0.0517273;0;0;0.484632;0;0;0;
61;0.085798;-0.0860581;0.0849077;-0.0313606;0.0354228;-0.0295094;-0.117351;0.119792;-0.113163;0.119014;-0.0887193;0.119368;-0.0154032;-0.00586074;-0.0297722;-0.0107011;0.0805997;0.02866;0;0;1;0;1;0;
62;0.0381707;-0.0383217;0.0376519;-0.101862;0.104228;-0.10078;0.0371676;-0.0357375;0.0396111;-0.0361967;0.0538801;-0.0359779;-0.00899621;-0.00342292;-0.0470995;0.0320057;-0.0418497;0.0652643;0;0;0;0.383047;0;1;
63;-0.00389262;0.0038046;-0.00419427;-0.242765;0.244136;-0.242134;0.120277;-0.0987539;0.121703;-0.119699;0.130028;-0.119568;-0.00525404;0.0592456;-0.027508;0.0438998;-0.046925;0.0381256;0;1;0;1;0;1;
64;-0.0369172;0.0368642;-0.0370931;-0.384273;0.38507;-0.383907;0.156747;-0.0884688;0.157579;-0.153574;0.162444;-0.15633;-0.00306871;0.0425721;-0.0160651;0.0256459;-0.0274014;0.0222646;0;1;0;1;0;1;
65;-0.0587641;0.0587315;-0.0588669;-0.48484;0.485302;-0.484629;0.159544;-0.0783183;0.159401;-0.137851;0.185234;-0.156226;-0.0017925;0.0256463;-0.00938231;0.0149785;-0.0159989;0.012999;0;1;0;0.923351;0;1;
66;-0.0717983;0.071778;-0.0718594;-0.545503;0.545768;-0.545382;0.143814;-0.0597796;0.143732;-0.113136;0.15882;-0.141876;-0.00104723;0.0149806;-0.00547815;0.00874577;-0.00934095;0.00690246;0;1;0;0.780627;0;1;
67;-0.0789692;0.0789563;-0.0790067;-0.577845;0.577997;-0.577775;0.109544;-0.0290749;0.109497;-0.0916275;0.118307;-0.108411;-0.000611959;0.0079368;-0.00319693;0.00510589;-0.00545384;-0.00954259;0;1;0;0.721393;0;1;
68;-0.0822627;0.0789811;-0.100923;-0.580982;0.590561;-0.590431;0.0553203;-0.0083238;0.0552934;-0.0792612;0.0842974;-0.0546587;-0.000357717;0.00463358;0.00381392;-0.0182498;0.0127545;-0.0173868;0;1;0;0.849306;0.286329;1;
69;-0.0844448;0.080441;-0.0958712;-0.55571;0.570181;-0.568503;-0.0197912;0.0472367;-0.0198015;-0.0309275;0.0861925;0.0201771;0.00228779;-0.0203918;0.0201798;-0.0381936;0.0609281;-0.0194353;0.662047;0;1;1;0.428773;1;
70;-0.159912;0.157572;-0.166579;-0.213978;0.222453;-0.221448;0.0788266;-0.0627874;0.0788094;-0.108432;0.140711;-0.078579;0.00133583;0.0474617;-0.0879989;-0.0208644;-0.0342731;0.0961445;0;1;0;1;0;1;
71;-0.120392;0.119025;-0.124288;-0.313973;0.318915;-0.318336;-0.0620692;0.0714335;-0.0620653;0.0447767;-0.0259131;0.062207;0.0284088;0.00124825;-0.0318673;-0.0395432;0.111466;0.0561368;0.364593;0;1;0.548937;1;0.679834;
72;-0.0915111;0.0907108;-0.0937867;-0.331767;0.33465;-0.334314;-0.14856;0.154039;-0.148555;0.138472;-0.0765271;0.148647;0.0373768;0.000728541;0.0510157;-0.0230937;0.0893202;0.0327781;1;0;1;0;1;0;
73;-0.102867;0.1024;-0.0990125;-0.144344;0.146044;-0.145846;0.0253588;-0.0221526;0.0253579;-0.0312453;0.0674176;-0.0252998;-0.0106644;0.0107615;-0.0311144;0.0426567;-0.0152977;0.0923401;0;0;0;0.916284;0;1;
74;-0.0768709;0.0766024;-0.0746179;-0.0675025;0.0684947;-0.0683833;0.125126;-0.0964295;0.125123;-0.128553;0.149689;-0.125071;-0.00622836;0.0759587;-0.0181743;0.026101;-0.00893391;0.0621745;0;1;0;1;0;1;
75;-0.0172652;0.0171137;-0.0159495;-0.0720445;0.0587146;-0.0755379;0.180084;-0.111112;0.180082;-0.182075;0.194428;-0.180038;-0.00363775;0.0497231;-0.0106141;0.0200938;-0.00521781;0.0363214;0;1;0;1;0;1;
76;0.012513;-0.0126017;0.0132797;0.116093;-0.123865;0.114048;0.00419962;0.0360886;0.00419897;-0.00537313;0.0126011;-0.00419197;-0.00212473;-0.0464201;0.0387201;-0.0441628;0.0775517;-0.029756;0;0.526871;1;0;0;0;
77;0.0403676;-0.0404198;0.0408146;0.299213;-0.303731;0.298014;-0.0878763;0.111401;-0.0878639;0.0871994;-0.0590479;0.0878857;0.022006;-0.0271103;0.0697711;-0.0257914;0.0809768;-0.0277214;0.54277;0;1;0;1;0;
78;0.0604235;-0.060455;0.0606829;0.432686;-0.435315;0.431986;-0.126376;0.140118;-0.110714;0.125985;-0.0496811;0.126382;0.0128528;-0.0158327;0.0407573;-0.0150625;0.0513533;-0.0161938;1;0;1;0;1;0;
79;0.0727934;-0.0728125;0.0729439;0.515235;-0.516767;0.514826;-0.111068;0.121091;-0.0831451;0.125658;-0.0420495;0.121125;0.00750416;-0.00924663;0.0238066;-0.00879706;0.0299975;-0.00945858;1;0;1;0;1;0;
80;0.172725;-0.172738;0.172817;0.170724;-0.17163;0.170503;-0.031651;0.0375057;-0.0153483;0.0401799;0.0086577;0.0375375;-0.0146232;-0.00540044;-0.0371696;0.0277361;-0.0159037;0.0464767;0.253908;0;0.50825;0;1;0;
81;0.228426;-0.228433;0.228477;-0.0278478;0.0272943;-0.0279579;-0.0166297;0.0200506;0.0152019;0.0216052;0.0273584;0.025949;-0.00854068;-0.00315409;-0.0217054;0.0161989;0.00131807;0.0271448;0.16204;0;0.889169;0.26574;0.700759;1;
82;0.256182;-0.256187;0.25621;-0.139045;0.138707;-0.139094;-0.0494144;0.0514167;-0.0275414;0.0523242;-0.00752287;0.0548639;-0.00344042;-0.00184234;0.0261611;0.00945965;0.0330386;0.0158505;1;0;1;0;1;1;
83;0.182188;-0.182185;0.182213;0.146812;-0.147004;0.146775;0.0527964;-0.0485667;0.0655657;-0.051089;0.0772566;-0.0495942;-0.0119825;0.0787962;-0.0223977;0.016463;0.0192956;0.0683864;0.00685202;1;0;1;0;1;
84;0.205834;-0.204596;0.205848;-0.0136952;0.0135771;-0.013704;-0.0742871;0.0767577;-0.0668246;0.0752915;-0.0499941;0.0761633;0.0369005;0.0449746;0.0399675;0.00603095;0.112388;-0.0150864;1;0;1;0;1;0.825744;
85;0.180605;-0.199646;0.200376;-0.0881597;0.0880896;-0.0881633;-0.155211;0.156669;-0.150858;0.155814;-0.0751681;0.15632;0.0497363;0.026265;0.0234304;0.0035217;0.0858194;-0.00963983;1;0;1;0;1;0;
86;0.162319;-0.17344;0.173866;-0.108333;0.108291;-0.108335;-0.189373;0.203877;-0.200473;0.203377;-0.107073;0.203673;0.0304583;0.0153382;0.0161847;0.00205622;0.0601018;-0.00563026;1;0;1;0;1;0;
87;0.121624;-0.128118;0.128369;-0.0900964;0.0900719;-0.0900976;-0.201999;0.230003;-0.217747;0.229712;-0.141332;0.229884;0.0177933;0.00895688;0.00945474;0.00120035;0.0351109;-0.00328852;1;0;1;0;1;0;
88;0.0568648;-0.0606573;0.0608039;-0.0384515;0.038438;-0.0384515;-0.20982;0.242441;-0.218244;0.242271;-0.161438;0.242371;0.0103952;0.00523061;0.0055219;0.000701416;0.0205101;-0.00192097;1;0;1;0;1;0;
89;-0.03208;0.0298588;-0.0297788;0.0428326;-0.0428424;0.0428368;-0.219559;0.256632;-0.215389;0.218837;-0.159262;0.239966;0.0060721;0.00305669;0.00322391;-0.014046;0.0119798;-0.00112224;1;0;1;0;1;0;
90;-0.126969;0.125664;-0.125625;0.133244;-0.133252;0.133255;-0.208488;0.24366;-0.204491;0.19912;-0.152369;0.233927;0.00354449;0.00813457;-0.00999444;-0.00820631;0.00699755;0.00405418;1;0;1;0;1;0;
91;-0.201111;0.200347;-0.200326;0.204773;-0.204775;0.204779;-0.170472;0.221914;-0.189105;0.167736;-0.144162;0.216233;-0.00999941;0.0047505;-0.0159029;-0.00843241;0.00408601;0.00236853;1;0;1;0;1;0;
92;-0.15492;0.154473;-0.154461;-0.142654;0.142654;-0.142667;-0.0376259;0.0676675;-0.0485008;0.0360389;-0.0222782;0.0643663;-0.0373103;0.00277426;-0.042531;0.0509254;-0.0338387;0.012251;0.439483;0;1;0;0;0;
93;-0.221158;0.220897;-0.220887;0.0473676;-0.0473632;0.0473488;-0.0714764;0.0723558;-0.0490841;0.0613028;-0.0447723;0.224718;-0.010291;0.0016196;-0.0248333;0.0297408;0.000163307;-0.308609;0;0;1;0;1;1;
94;-0.257605;0.257453;-0.257445;0.156112;-0.156096;0.15609;-0.0532621;0.0537737;-0.0334178;0.0473185;0.0153636;0.142752;-0.00601006;0.00094552;-0.0145056;0.017368;-0.0146922;-0.180233;0;0;1;0;1;0.21591;
95;-0.274834;0.274744;-0.274737;0.21556;-0.215546;0.215541;-0.0036488;0.00394786;0.00794117;0.000180468;0.036429;0.0559166;-0.00351009;0.000551896;-0.00879621;0.010143;-0.00998232;-0.105251;0;0;1;0.194635;0.750595;1;
