1;-0.000363589;0.000116065;9.9484e-05;-0.000363589;0.000116065;9.9484e-05;0.0349769;0.0347456;0.0352594;0.0349769;0.0347456;0.0352595;0.808667;0.808665;0.808666;0.808667;0.808665;0.808666;0;0;0;0;0;0;
2;-0.0285821;-0.0135047;-0.0113571;-0.00484494;-0.0127529;-0.0140489;0.0851781;0.070409;0.0666589;-0.0829074;0.15011;0.133364;0.472358;0.472324;0.472314;0.472375;0.472291;0.472284;0;1;1;0;1;1;
3;-0.0212194;-0.00831219;-0.00620705;-0.00325421;-0.00702365;-0.00863027;0.0602954;0.0498378;0.0390164;-0.0485043;0.11285;0.0883587;0.275868;0.275848;0.27584;0.275865;0.27584;0.27583;0;0;1;0;0;0;
4;-0.0180021;-0.0155234;-0.0029905;-0.0125897;-0.00228411;-0.00604801;0.0413819;0.0487523;0.0410105;0.0274687;0.096504;0.0516315;0.161108;0.161099;0.161095;0.161108;0.161102;0.161088;1;0;0;1;0;0;
5;-0.0667923;-0.00340545;0.00933256;-0.00997964;-0.0148954;-0.00672028;0.0623291;0.0282172;0.0340526;0.0929495;0.0597664;0.0346241;0.0940945;0.0940838;0.0940839;0.0940953;0.0940919;0.0940778;1;0;0;0;0;0;
6;-0.0386931;0.00560463;0.00591926;-0.00384279;-0.0109134;-0.00253275;0.0370638;0.0158193;0.0229489;0.0585494;0.0355595;0.0195627;0.0549543;0.054944;0.0549471;0.0549557;0.0549491;0.0549427;1;0;0;0;0;0;
7;-0.0213577;0.00202992;0.00470026;0.0125847;-0.00513;0.00112317;0.0430029;0.00658795;0.0121001;0.0391245;0.0194648;0.0127238;0.0320965;0.0320867;0.0320886;0.0321002;0.0320896;0.0320858;1;0.262438;0;0.580223;0;0;
8;-0.0113417;0.000283224;0.0038786;0.00658959;-0.00186224;-0.000477717;0.0356085;0.00692534;0.00481824;0.0410996;0.00912088;-0.013452;0.0187485;0.0187382;0.0187396;0.0187515;0.0187412;0.0187377;1;0.583475;0;0.731554;0.314416;0;
9;-0.00665029;-0.00186546;0.00280361;0.00331071;-0.000549314;-0.000817338;0.0354414;0.0169811;-0.000720458;0.0390505;0.0072568;-0.00432332;0.0109536;0.0109431;0.0109444;0.0109547;0.0109469;0.0109424;1;0.644388;0;0.765821;0.698557;0;
10;-0.00559732;-0.000435067;0.000742123;0.00368367;-0.00121604;0.000417967;0.0290638;0.0216483;-0.00554977;0.0381725;0.0106321;0.00260301;0.00890412;0.00639122;0.0063921;0.00640056;0.00639486;0.00639005;1;0.686028;0.523545;0.708855;0.859907;0;
11;-0.00691492;0.0033912;-0.00321243;0.00579717;-0.00435586;0.00388985;0.0231735;0.0244472;-0.00568084;0.0391983;0.0137297;0.00838636;0.00689271;0.00373285;0.00373371;0.00374034;0.00373705;0.00373185;1;0.648527;1;0.709506;1;0.626243;
12;-0.0123374;0.010279;-0.0101754;0.0116847;-0.0108428;0.0105708;0.0199544;0.0279532;-0.00198347;0.039672;0.0145604;0.0135868;0.0067873;0.00218047;0.00218132;0.0021862;0.00232448;0.00217987;1;0.637071;1;0.695466;1;0.889979;
13;-0.0220814;0.0221101;-0.0213998;0.0217267;-0.0226105;0.0210414;0.0154523;0.0139239;-0.00117686;0.0564827;0.035731;0.0328265;0.00613137;0.0208359;0.00127488;-0.00583663;0.00280928;0.00127292;1;0.62519;1;0.70089;1;0.85901;
14;-0.0383906;0.038405;-0.0379934;0.038184;-0.0386978;0.0377836;0.0242457;0.0307347;0.00831706;0.0400425;0.017544;0.0289945;0.0435818;0.0121692;0.000745524;-0.00324914;0.00799904;0.000744881;1;0.547057;1;0.595743;1;0.979683;
15;-0.0604984;0.0605059;-0.060268;0.0603789;-0.0606776;0.0601443;0.0256043;0.0293762;0.0193549;0.028128;0.0227949;0.0242179;0.0254534;0.00711029;0.000435572;-0.00168776;0.00467286;0.0018291;1;0.874065;1;0.817395;0.989254;1;
16;-0.0868434;0.0868471;-0.0867109;0.086775;-0.0869484;0.0866376;0.0459839;0.0233314;0.0388015;0.0106234;0.0307629;0.00806012;0.0148659;0.0132396;-0.000984489;0.0057713;0.00272827;0.00837349;0.894311;1;1;0.993101;0.578149;1;
17;-0.113178;0.113179;-0.113103;0.113141;-0.113243;0.11306;0.059734;0.00680421;0.0555388;-0.0264649;0.0508423;-0.0223444;0.00868334;0.0287114;-0.000599058;0.0155673;0.000750808;0.0204238;0.549077;1;1;1;0;1;
18;-0.132833;0.132833;-0.132791;0.132813;-0.132873;0.132765;0.096449;-0.0211482;0.0939987;-0.0770132;0.0912566;-0.0727029;0.00507021;0.0490634;-0.00495403;0.0198985;0.000438086;0.0290762;0;1;0.294365;0.875939;0;1;
19;-0.138308;0.13833;-0.138307;0.138318;-0.138355;0.13829;0.144109;-0.0662592;0.142676;-0.132752;0.141077;-0.130229;0.00296038;0.0672955;-0.00289549;0.0211231;0.0002554;0.0271874;0;1;0;0.768726;0;1;
20;-0.123564;0.123578;-0.123564;0.123569;-0.123592;0.123553;0.186283;-0.106396;0.185445;-0.179644;0.184512;-0.178167;0.00172843;0.0608902;-0.00174249;0.0215112;0.000148703;0.0164388;0;1;0;0.819703;0;1;
21;-0.084384;0.0843914;-0.0843839;0.0843868;-0.0843999;0.0843769;0.215111;-0.151119;0.214621;-0.20808;0.214075;-0.199692;0.00100893;0.0391648;-0.00101809;0.0172481;-0.00160051;0.00999638;0;1;0;0.971327;0;1;
22;-0.0173051;0.0173088;-0.0173039;0.0173073;-0.0173174;0.0173007;0.230643;-0.175782;0.230357;-0.209851;0.227995;-0.199377;0.000588902;0.022877;-0.000595027;0.010077;-0.00625578;0.0066797;0;1;0;0.995685;0;1;
23;0.0725442;-0.072542;0.0725459;-0.072542;0.0725337;-0.0725463;0.233766;-0.177605;0.228257;-0.201219;0.217419;-0.192596;0.00594773;0.013361;-0.000347923;0.00588644;-0.0036556;0.00390241;1;1;0;1;0;1;
24;0.159618;-0.159616;0.159619;-0.159617;0.159612;-0.159619;0.22522;-0.154958;0.222002;-0.174209;0.194341;-0.18198;0.00347311;0.00780058;-0.000203448;0.00343645;-0.00213661;0.00227923;1;1;0;1;0;1;
25;0.22249;-0.22249;0.222491;-0.22249;0.222486;-0.222491;0.204773;-0.122644;0.202895;-0.13109;0.186739;-0.153827;0.00202844;-0.00691241;0.000100233;-0.0158318;-0.00124816;-0.00745721;1;1;0;1;0;1;
26;0.261128;-0.26113;0.261127;-0.261129;0.261126;-0.261129;0.173924;-0.094103;0.172829;-0.0837849;0.163392;-0.130236;0.00118555;-0.0187417;0.00332346;-0.0153847;-0.000727364;-0.00435528;0.288557;1;0;1;0;1;
27;0.282492;-0.282496;0.282491;-0.282494;0.282492;-0.282495;0.132035;-0.0790019;0.131397;-0.021928;0.125883;-0.106518;0.000693481;-0.0130625;0.00384929;-0.0138476;0.00614711;-0.00254348;0;1;0;1;0;1;
28;0.292155;-0.332055;0.292153;-0.296909;0.292157;-0.292158;0.0751904;-0.0442168;0.0748145;0.0372456;0.0715951;-0.0602847;0.0011791;-0.018108;0.00538099;-0.00808875;0.00359119;-0.00304338;0;1;0;0.954034;0;0.79241;
29;0.205517;-0.228821;0.205508;0.0707793;-0.073546;0.0735791;0.136502;-0.0303657;0.075556;-0.0225207;0.115935;-0.0794877;0.0292585;-0.0105732;-0.0154156;-0.00766403;0.0106564;-0.00177745;0.289738;1;0;1;0;0;
30;0.152253;-0.165863;0.15225;0.266952;-0.268566;0.26859;0.164788;-0.0888015;0.129192;-0.0982164;0.152778;-0.131489;0.0170863;0.0586746;-0.0142417;0.0176491;0.00622275;0.0350084;0;1;0;1;0;1;
31;0.186575;-0.194524;0.18657;0.0582516;-0.0591937;0.0592066;-0.010113;0.0544841;-0.0309046;0.0490068;-0.0171327;0.029567;0.0555811;0.0311836;0.0240094;-0.0260256;0.0256358;0.0204435;0;0;0;0;0.128905;0;
32;0.192361;-0.193454;0.180896;-0.0439807;0.0434231;-0.043423;-0.117948;0.143878;-0.130103;0.14068;-0.110071;0.129326;0.0689332;0.0182103;0.0268666;-0.0151994;0.0851098;0.0119387;1;0;1;0;1;0;
33;0.166512;-0.16715;0.159817;-0.0798586;0.0795284;-0.0795329;-0.181169;0.196324;-0.188271;0.194457;-0.140088;0.187826;0.04027;0.0106343;0.0156958;-0.00887678;0.0533883;0.00697172;1;0;1;1;1;0;
34;0.120478;-0.12085;0.116568;-0.0698728;0.0696783;-0.0696825;-0.216517;0.225375;-0.220665;0.224284;-0.161979;0.220412;0.0235244;0.00620991;0.00916849;-0.00518448;0.0311892;0.00407095;1;1;1;0.086691;1;0;
35;0.0513277;-0.0515445;0.0490439;-0.0217738;0.0216597;-0.0216627;-0.222983;0.239349;-0.222326;0.238713;-0.182402;0.236451;0.0137414;0.00362603;0.00535423;-0.00302821;0.0182192;0.0023769;1;1;1;0;1;0;
36;-0.0405058;0.0403795;-0.0418396;0.0577657;-0.0578324;0.0578306;-0.214264;0.237877;-0.21602;0.236108;-0.180691;0.236826;0.00802603;0.00211722;0.00312609;-0.00176892;0.0106398;0.0013876;1;1;1;0;1;0;
37;-0.134886;0.134812;-0.135665;0.144967;-0.145006;0.145005;-0.195425;0.237656;-0.201157;0.23015;-0.158322;0.229394;0.00468596;0.0128873;-0.00341025;-0.00103345;0.0062119;0.000809859;1;1;1;0.0936847;1;0;
38;-0.206585;0.206541;-0.20704;0.212472;-0.212496;0.212494;-0.155169;0.216759;-0.169704;0.212374;-0.136433;0.21193;-0.00306438;0.00752821;-0.00612654;-0.000602639;-0.00376778;0.000472447;1;0;1;0.993215;1;0;
39;-0.251869;0.251843;-0.252135;0.255306;-0.255322;0.255319;-0.119605;0.186542;-0.154938;0.18398;-0.100195;0.183717;-0.00394847;0.00515896;-0.00357798;0.00472209;-0.023585;0.000275432;1;0;1;1;1;0;
40;-0.277617;0.277601;-0.277773;0.279624;-0.279635;0.279632;-0.100856;0.146668;-0.128209;0.145173;-0.0585626;0.145015;-0.00230686;0.00301448;-0.0035777;0.00966735;-0.0161444;0.000160419;1;0;1;0;1;0;
41;-0.198741;0.198727;-0.198831;-0.0929117;0.0929137;-0.0929073;-0.050841;0.0776064;-0.0668287;0.0767394;-0.0261497;0.0766414;-0.00772346;0.0221577;-0.0320241;0.0123102;-0.0226656;9.36675e-05;1;0;0.255741;0;1;0;
42;-0.151446;0.151435;-0.151499;-0.301905;0.301909;-0.301909;-0.0229782;0.080347;-0.0664429;0.105863;-0.0338261;0.0614742;0.0145196;0.0129416;-0.0187041;0.00719033;-0.0132355;5.43819e-05;1;0;1;0;1;0;
43;-0.121572;0.121563;-0.121601;-0.408178;0.40818;-0.408188;-0.0887038;0.122217;-0.111482;0.137126;-0.0836116;0.111197;0.0471031;-0.00116921;0.0255347;0.00816377;0.0331375;3.14208e-05;1;0;1;0;1;0;
44;-0.173371;0.17336;-0.173385;-0.136024;0.13602;-0.136027;0.0507862;-0.0312042;0.0374834;-0.0225129;0.0537592;-0.0376422;0.0162294;0.0671618;-0.0223651;0.0375823;-0.00663178;0.00600857;0.321874;1;0;0.0556712;0;0;
45;-0.125189;0.125183;-0.125196;-0.246986;0.246977;-0.24699;-0.0816579;0.0931014;-0.0894358;0.0981955;-0.0799235;0.0893567;0.0845987;-0.035385;0.0665476;0.0219471;0.0951853;0.00324863;1;0;1;0;1;0;
46;-0.090618;0.0906125;-0.0906217;-0.26678;0.266774;-0.266786;-0.16016;0.166852;-0.164696;0.169827;-0.121968;0.164666;0.0525642;-0.0235367;0.0462538;0.0128157;0.0732931;0.00189687;1;0;1;1;1;0;
47;-0.0856416;0.0724085;-0.0830348;-0.123079;0.123079;-0.123083;0.017745;-0.013824;0.0150957;-0.0120967;0.0400346;-0.0151159;-0.017229;0.0513798;-0.0312585;0.0414196;0.0378987;0.00325564;0;0;0;0;0;0;
48;-0.0438937;0.0361657;-0.0423702;-0.0779983;0.0779974;-0.0780019;0.119095;-0.0923414;0.117547;-0.115784;0.132111;-0.117548;-0.010062;0.0730257;-0.0182566;0.041765;0.0221327;0.0596687;0;1;0;0.968181;0;1;
49;0.0305973;-0.035108;0.031489;-0.101784;0.101782;-0.101785;0.173703;-0.122752;0.172799;-0.171758;0.181301;-0.169257;-0.00587583;0.0514298;-0.0106614;0.0341398;0.0128615;0.0372421;1;1;0;1;0;1;
50;0.120323;-0.122955;0.120844;-0.161895;0.161893;-0.161896;0.197209;-0.133451;0.196681;-0.178086;0.201642;-0.170496;-0.00343182;0.0300425;-0.00622658;0.0199426;0.00750705;0.0217553;1;1;0;1;0;1;
51;0.195438;-0.196974;0.195742;-0.219716;0.219714;-0.219716;0.192888;-0.124225;0.188076;-0.148499;0.179456;-0.155301;-0.00200364;0.0175466;-0.00363665;0.0116472;0.00438275;0.0127075;1;1;0;1;0;1;
52;0.245046;-0.245944;0.245224;-0.259226;0.259224;-0.259226;0.177891;-0.105961;0.175078;-0.103284;0.170043;-0.126314;0.00694025;0.0102453;-0.00212389;0.00680239;0.00255917;0.00742133;1;1;0;1;0;1;
53;0.180509;-0.181039;0.180623;0.110388;-0.1104;0.110413;0.0594769;-0.0174661;0.0578256;-0.0159116;0.0549021;-0.029356;0.0458618;-0.0308838;0.0243852;-0.0624264;0.0664954;-0.00752788;0;0;0;1;0;0.0440176;
54;0.142259;-0.142571;0.142328;0.32234;-0.322355;0.32237;0.029413;0.00699296;0.0165737;0.0053958;0.0148592;0.000107413;0.0368003;-0.0188178;0.0142418;-0.0424117;0.0388328;-0.00439639;1;0.604569;0;0.842815;0;0;
55;0.208352;-0.208532;0.208394;0.0629852;-0.0629994;0.0629954;-0.00224233;0.0224068;-0.0102819;0.0231147;-0.00837751;0.0199932;0.0214923;-0.0191056;0.0231259;-0.0247676;0.0226807;-0.00256793;1;0.485048;0.725827;0.419253;0.6113;0;
56;0.240284;-0.240389;0.240308;-0.0818232;0.0818069;-0.0818177;-0.0654398;0.0772247;-0.0701409;0.0776413;-0.0420495;0.0758191;0.0473412;-0.012345;0.020399;-0.0144651;0.0425577;-0.00149987;1;0;1;0;1;0;
57;0.241344;-0.239533;0.24366;-0.15449;0.154475;-0.154486;-0.13555;0.142442;-0.138297;0.142688;-0.0990893;0.141624;0.0436355;-0.00830024;0.0202635;-0.00844781;0.058548;-0.000876283;1;0;1;0;1;0;
58;0.230223;-0.229166;0.231576;-0.179501;0.179489;-0.179499;-0.189239;0.193272;-0.190839;0.193416;-0.143937;0.192794;0.0274192;-0.00484774;0.0233495;-0.00493389;0.0450764;-0.000512193;1;0;1;1;1;0;
59;0.204669;-0.203098;0.170869;-0.174613;0.138395;-0.174936;-0.220959;0.215601;0.357739;0.233586;-0.186185;0.225099;0.0192308;0.0167477;-0.306568;-0.00986825;0.0201855;-0.000299608;1;0;0;0;1;0;
60;0.160943;-0.160027;0.139914;-0.14339;0.122237;-0.143578;-0.233074;0.237664;0.0971835;0.248164;-0.208749;0.243207;0.0112344;0.0146628;-0.179047;-0.00576356;0.0117913;-0.000175487;1;0;0;0;1;0;
61;0.0998203;-0.0992879;0.0875394;-0.0895684;0.0772171;-0.0896783;-0.24363;0.250484;-0.0528217;0.253687;-0.185837;0.251618;0.00655896;0.00959988;-0.10456;-0.0033663;0.00688726;-0.000102946;1;1;1;0;1;0;
62;0.0165206;-0.0162104;0.00934862;-0.0105339;0.00332419;-0.0105981;-0.241504;0.244161;-0.136542;0.240255;-0.173583;0.242841;0.00382816;0.00560577;-0.061059;-0.00196651;0.00575589;-6.07435e-05;1;1;1;0;1;0;
63;-0.0819968;0.0821774;-0.0861857;0.0854927;-0.0897011;0.0854552;-0.214969;0.224865;-0.178306;0.22373;-0.167482;0.22458;-0.00494422;0.00327339;-0.0356555;-0.00114893;0.00336222;-3.59702e-05;1;1;1;0;1;0;
64;-0.169139;0.169245;-0.171586;0.171181;-0.173638;0.171159;-0.174161;0.217825;-0.177502;0.217164;-0.149776;0.217659;-0.0125572;0.00191112;-0.0208223;-0.000670707;-0.00346061;-2.15016e-05;1;1;1;0.371016;1;0;
65;-0.228993;0.229055;-0.230423;0.230185;-0.231621;0.230172;-0.13016;0.19748;-0.143136;0.197095;-0.125442;0.197382;-0.00972068;0.00111669;-0.0121616;-0.000390397;-0.0179578;-1.30235e-05;1;1;1;1;1;0;
66;-0.265151;0.264949;-0.26614;0.265925;-0.266542;0.265601;-0.0819124;0.165971;-0.108952;0.166803;-0.0752337;0.165911;-0.0328715;0.000206115;-0.0274629;0.00983587;-0.0238161;-8.05114e-06;1;0;1;0;1;0;
67;-0.284486;0.284368;-0.285063;0.284937;-0.285301;0.284747;-0.0709008;0.122486;-0.0891839;0.122972;-0.0246601;0.122447;-0.0191987;0.00239324;-0.0160397;0.00574628;-0.0190837;-5.11657e-06;1;0;1;0;1;0;
68;-0.292647;0.292578;-0.292985;0.29291;-0.293917;0.292799;-0.0327494;0.0628836;-0.0434314;0.0631642;-0.00574584;0.0628554;-0.0112131;0.0207498;-0.00937083;0.00335718;-0.0111474;-3.32947e-06;1;0;0.872477;0;1;0;
69;-0.302876;0.263103;-0.300339;0.277018;-0.29622;0.290117;0.0329751;-0.0153644;0.0267347;-0.0152051;0.0487424;-0.0153894;-0.00974629;0.0646212;-0.0054739;0.028539;-0.0122299;0.00601482;1;1;0.556106;0.861127;0;0.781976;
70;-0.287476;0.246881;-0.285995;0.260072;-0.284044;0.280024;0.109643;-0.0699892;0.105998;-0.0992561;0.11885;-0.09936;-0.00569221;0.0683957;-0.00319695;0.0429141;-0.00714309;0.0444371;0;1;0;0.630469;0;1;
71;-0.262394;0.238684;-0.261531;0.24639;-0.262666;0.258043;0.172136;-0.121092;0.170008;-0.166061;0.177511;-0.162839;-0.00332461;0.0640322;-0.00186714;0.041831;-0.0126117;0.0374624;1;1;0;0.497471;0;1;
72;-0.22744;0.213592;-0.226937;0.218095;-0.227605;0.2249;0.21285;-0.162128;0.211607;-0.209293;0.215985;-0.190625;-0.00194199;0.0404812;-0.00109079;0.0279001;-0.01029;0.0218861;0.526689;1;0;0.748085;0;1;
73;-0.18225;0.174161;-0.181956;0.176792;-0.182347;0.180767;0.236424;-0.176687;0.235699;-0.234342;0.238255;-0.218513;-0.00113459;0.0236474;-0.00063748;0.0162985;-0.00823215;0.0127856;0;1;0;0.767746;0;1;
74;-0.12323;0.118506;-0.123059;0.120042;-0.123288;0.122364;0.248387;-0.193648;0.247964;-0.240539;0.249456;-0.223224;-0.000663136;0.0138136;-0.000372518;0.00951963;-0.00480839;0.00746728;0;1;0;0.928139;0;1;
75;-0.0443387;0.0415826;-0.0442434;0.042478;-0.0443738;0.0438342;0.249034;-0.211497;0.276279;-0.222124;0.246941;-0.212626;-0.000387756;0.00806527;0.0132672;0.00556102;-0.00280905;0.00436286;0;1;1;0.995499;1;1;
76;0.053191;-0.0547995;0.0532459;-0.0542775;0.0531704;-0.0534855;0.229101;-0.189412;0.262329;-0.216133;0.22799;-0.219192;-0.000226945;-0.00497566;0.0168684;0.00324703;-0.00164103;0.00254767;0;1;1;1;0;1;
77;0.146774;-0.147714;0.146806;-0.147409;0.146762;-0.146946;0.215613;-0.167312;0.243528;-0.182108;0.199102;-0.193767;-0.000132742;-0.0125513;0.0098519;-0.0151335;-0.000958881;-0.0107846;0.341689;1;0;1;0;1;
78;0.21469;-0.215239;0.214704;-0.215061;0.214683;-0.214791;0.200978;-0.154285;0.217283;-0.124981;0.191335;-0.155251;-7.70448e-05;-0.0171269;0.00957652;-0.0123602;-0.000559946;-0.00759405;1;1;0;1;0.442554;1;
79;0.256652;-0.256974;0.256659;-0.256869;0.256649;-0.256712;0.173831;-0.120695;0.183354;-0.095702;0.168199;-0.128348;-4.34233e-05;-0.0195623;0.00693845;-0.00721665;0.000175856;-0.00443656;1;1;0;1;1;1;
80;0.280101;-0.28029;0.280105;-0.280229;0.280099;-0.280137;0.134734;-0.103696;0.140295;-0.0555186;0.131445;-0.108166;0.00363625;-0.0114271;0.00405346;-0.00725672;0.00208248;-0.00259108;0;1;0;0.97292;1;1;
81;0.291132;-0.291246;0.291135;-0.291209;0.291131;-0.291154;0.0805418;-0.0624127;0.0837894;-0.0342755;0.0786231;-0.0650239;0.00266357;-0.0148872;0.002369;-0.00553673;0.0181146;-0.0090233;0;1;0;0.941161;0;1;
82;0.281474;-0.32767;0.286662;-0.319428;0.288321;-0.311837;0.00733314;0.00325737;0.00922589;0.0196899;0.00621384;0.00173297;0.0211156;-0.0257613;0.00874861;-0.0165604;0.0288458;-0.0159339;0.936458;1;0.553432;0.589879;0.445806;0.981562;
83;0.250227;-0.30538;0.24629;-0.300565;0.247929;-0.296131;-0.0773614;0.0835522;-0.0762535;0.0931529;-0.0609342;0.0826663;0.0440359;-0.0272052;0.0439208;-0.0123258;0.0612547;-0.0126438;1;0;1;0;1;0;
84;0.224055;-0.277779;0.223377;-0.274967;0.222208;-0.272377;-0.150298;0.15392;-0.149643;0.159527;-0.106558;0.153403;0.0257302;-0.0158883;0.0326638;-0.00719875;0.0689982;-0.00738439;1;1;1;0;1;0;
85;0.211008;-0.242384;0.210612;-0.240742;0.209929;-0.239229;-0.199611;0.201732;-0.199223;0.205006;-0.146832;0.20143;0.0155859;-0.00927915;0.0190824;-0.00420448;0.0488208;-0.00431288;1;0;1;1;1;0;
86;0.180075;-0.198398;0.179844;-0.197439;0.179445;-0.196556;-0.22895;0.230193;-0.22;0.232106;-0.174917;0.230017;0.00910602;-0.00541945;0.0111468;-0.00245588;0.0285206;-0.0025192;1;0;1;0;1;0;
87;0.132638;-0.141795;0.133059;-0.142194;0.131328;-0.141673;-0.222014;0.245372;-0.151953;0.245372;-0.182338;0.245269;-0.0330224;-0.00316543;-0.136022;3.16325e-06;0.0166589;-0.00147164;1;0;1;0;1;0;
88;0.063295;-0.0686429;0.0635415;-0.0688755;0.0625311;-0.0685712;-0.237773;0.251371;-0.196853;0.251407;-0.184314;0.250339;-0.0192852;-0.00184918;-0.079436;1.32432e-06;0.00973076;-0.000860024;1;0;1;0;1;0;
89;-0.0283287;0.0252052;-0.0281845;0.0250694;-0.0287734;0.0252471;-0.227492;0.232705;-0.217985;0.235016;-0.187099;0.235781;-0.0112641;-0.00108045;-0.0463905;2.65854e-07;0.0056826;-0.000502752;1;0;1;0;1;0;
90;-0.124782;0.122959;-0.124699;0.12288;-0.125039;0.122976;-0.177934;0.208077;-0.202106;0.210863;-0.182798;0.21669;-0.00748146;-0.000631498;-0.0270945;-1.30437e-07;-0.0107515;-0.000293664;1;0;1;0.216559;1;0;
91;-0.199836;0.198771;-0.199788;0.198725;-0.199984;0.198777;-0.154027;0.198198;-0.180263;0.202763;-0.147219;0.159654;0.00404875;-0.000369321;-0.015828;0.000205567;-0.0312049;-0.0163708;1;0;1;1;1;0;
92;-0.247849;0.247227;-0.247821;0.2472;-0.247934;0.247227;-0.124534;0.177683;-0.167207;0.180351;-0.0996662;0.125845;-0.0122824;-0.00021532;-0.0101912;0.00197181;-0.0252581;-0.00956321;1;0.695392;1;1;1;0;
93;-0.275429;0.275065;-0.275413;0.275048;-0.275479;0.275064;-0.110693;0.144024;-0.137904;0.145583;-0.0491257;0.113746;-0.00717406;0.00194874;-0.012296;0.00326659;-0.0213273;-0.00558665;1;1;1;0;1;0;
94;-0.2893;0.289087;-0.28929;0.289077;-0.289331;0.289085;-0.0761633;0.095632;-0.0920532;0.0965423;0.00318009;0.0779445;-0.0041922;0.00570776;-0.0105602;0.00190971;-0.0237049;-0.0032633;1;0;1;0;1;0;
95;-0.294537;0.293218;-0.293338;0.291991;-0.322716;0.288364;-0.0170218;0.028398;-0.0263012;0.0289277;0.0293137;0.0180655;-0.0106692;0.00954;-0.00977822;0.00855697;-0.0252036;0.00750498;1;0;1;0.636608;1;1;
96;-0.290601;0.267374;-0.288282;0.286118;-0.30544;0.283301;0.0613815;-0.0362817;0.0559636;-0.0544225;0.0884397;-0.0607621;-0.00744263;0.0645873;-0.0116955;0.0145959;-0.0244416;0.0161393;0;1;0.788426;0.859573;0;1;
97;-0.273729;0.260162;-0.272375;0.27111;-0.282934;0.269465;0.136694;-0.0949034;0.133527;-0.132624;0.152495;-0.136318;-0.00434682;0.0677219;-0.00729515;0.025044;-0.0142748;0.0277504;0;1;0;0.474575;1;1;
98;-0.245694;0.237769;-0.244902;0.244162;-0.251068;0.243202;0.190774;-0.144251;0.188925;-0.188391;0.200002;-0.190543;-0.00253883;0.0505498;-0.00426077;0.0185142;-0.00833685;0.0166049;1;1;0;0.711303;0;1;
