1;-0.000363589;0.000116065;9.94839e-05;-0.000363589;0.000116065;9.94841e-05;0.0349769;0.0347456;0.0352595;0.0349768;0.0347455;0.0352594;0.808667;0.808665;0.808666;0.808667;0.808665;0.808666;0;0;0;0;0;0;
2;-0.0179656;-0.0266662;-0.0142157;0.0235206;0.0228414;0.0110535;0.168285;0.100312;0.0182339;0.0851876;0.0433202;0.0648996;0.472372;0.472343;0.472393;0.472316;0.472318;0.472319;1;1;1;1;0;0;
3;-0.0289769;-0.0342951;-0.0261642;0.0125357;0.0139672;-0.00250696;0.290984;0.155012;0.105601;0.233621;0.164888;0.147201;0.275898;0.33079;0.275893;0.280047;0.275869;0.275874;1;1;1;0.511181;0.221949;0.791925;
4;-0.0164478;-0.030995;-0.019947;-0.000695983;-0.000375318;-0.0200498;0.260469;0.22173;0.114458;0.231901;0.186667;0.196166;0.288372;0.261843;0.16114;0.281682;0.2016;0.175619;1;0.373784;0.928841;1;1;1;
5;-0.00648705;-0.0195478;-0.0129747;-0.000818251;-0.00199687;-0.0212073;0.249922;0.197232;0.0966447;0.245356;0.190813;0.187554;0.28014;0.244242;0.109576;0.275015;0.198214;0.178944;1;0.0819382;0.675263;1;1;1;
6;-0.00305067;-0.0129951;-0.0117726;-0.000151958;-0.00271368;-0.0216711;0.263234;0.201164;0.100285;0.227378;0.17758;0.172438;0.268048;0.209019;0.0980618;0.281865;0.199628;0.181765;1;0.819973;0.616613;1;1;1;
7;-0.000440296;-0.0107536;-0.00947973;-0.000117259;-0.00303151;-0.0218465;0.247933;0.189449;0.090527;0.239892;0.184736;0.176853;0.278386;0.217984;0.0827936;0.265214;0.188652;0.173224;1;0.53106;0.799107;1;1;1;
8;-0.000329214;-0.0105476;-0.0095625;0.000842465;-0.00220474;-0.0209443;0.246082;0.187462;0.091871;0.236588;0.184836;0.175761;0.27665;0.21737;0.0797761;0.263333;0.185443;0.173583;1;0.597017;0.838731;1;1;1;
9;-0.0001195;-0.0100804;-0.00950921;0.000463553;-0.00269336;-0.0212985;0.24605;0.185104;0.0936198;0.233783;0.184682;0.174527;0.27226;0.217516;0.0774848;0.261745;0.182179;0.172916;1;0.677132;0.836285;1;1;1;
10;0.000104909;-0.00955906;-0.00938141;0.0001837;-0.00293425;-0.0216289;0.245777;0.181464;0.0941473;0.230351;0.184077;0.172392;0.267931;0.218871;0.076366;0.261169;0.179826;0.173569;1;0.76755;0.816077;1;1;1;
11;-0.00016454;-0.00944643;-0.00980197;-0.00199558;-0.00486701;-0.0237518;0.247003;0.17957;0.0972906;0.227058;0.184255;0.170354;0.262734;0.219655;0.0741016;0.259947;0.17476;0.172044;1;0.867784;0.755765;1;0.987228;1;
12;0.00143345;-0.00744479;-0.00967814;-0.00722156;-0.00940197;-0.0288271;0.246115;0.175923;0.0908046;0.224335;0.181988;0.163738;0.255375;0.22088;0.0637075;0.262355;0.162763;0.172361;1;0.695074;0.786586;1;0.926073;1;
13;-0.0015349;-0.0100734;-0.0129501;-0.0127144;-0.0136289;-0.03424;0.2447;0.172794;0.091744;0.224255;0.18075;0.164287;0.249081;0.218976;0.0601712;0.262325;0.164206;0.172393;1;0.907668;0.831164;1;1;1;
14;-0.00416176;-0.0126415;-0.0160068;-0.021716;-0.0211763;-0.0433798;0.241932;0.173672;0.0902959;0.225158;0.177893;0.166204;0.246003;0.216024;0.0658866;0.25985;0.163823;0.164036;1;0.857347;0.749205;1;1;1;
15;-0.00532595;-0.0139185;-0.0204085;-0.0354031;-0.0329312;-0.0574201;0.23274;0.17558;0.073611;0.233309;0.171892;0.169965;0.24161;0.206884;0.0762536;0.258596;0.171401;0.153605;1;0.551439;0.921263;0.883411;1;1;
16;-0.0091273;-0.0140194;-0.0250111;-0.0454212;-0.0404647;-0.067393;0.214212;0.178314;0.063117;0.246855;0.163478;0.182986;0.249759;0.169342;0.0861195;0.248339;0.182492;0.140045;1;0.674647;0.73486;0.620733;1;1;
17;-0.00299803;-0.00257944;-0.0193529;-0.0906333;-0.0666813;-0.0928528;0.17984;0.184509;0.0458967;0.242378;0.128266;0.205048;0.231191;0.0997311;0.106173;0.152702;0.246504;0.117259;1;0.317736;1;1;1;1;
18;-0.0104033;0.0175623;-0.0304293;-0.0936989;-0.0710156;-0.0976626;0.134826;0.169318;0.00813508;0.258819;0.135115;0.230924;0.280575;0.0582426;0.146152;0.131306;0.243319;0.0945268;1;0.598663;1;1;1;1;
19;-0.00163462;0.0276162;-0.0247242;-0.114266;-0.0783961;-0.10364;0.0883966;0.186664;-0.0264575;0.279157;0.123886;0.260541;0.285757;0.0340128;0.16646;0.110761;0.29486;0.0844194;1;0;1;0.816173;1;1;
20;0.0245079;0.0344848;0.00426359;-0.149031;-0.0566694;-0.0816904;0.0508871;0.211135;-0.0454732;0.278267;0.114042;0.293064;0.279094;0.019863;0.158488;0.064688;0.339533;0.0771761;0.846026;0;1;1;1;1;
21;0.0220378;0.0331185;0.000281416;-0.098506;-0.0449757;-0.0360938;0.22539;0.0446391;0.0797632;0.0562147;0.17292;0.0648588;0.163014;0.261304;0.0920946;0.124539;0.198288;0.207879;0;1;0;1;0;1;
22;0.0715604;0.0206222;0.0610651;-0.0159321;-0.0412051;0.0419964;0.0266407;0.133486;-0.0421735;0.137859;0.0513871;0.210885;0.256964;0.152608;0.141973;0.0803984;0.215997;0.12143;1;0;1;1;1;1;
23;0.0718479;-0.0404992;0.113612;-0.0980441;0.0515343;-0.0485904;0.14637;0.0447592;0.0748416;-0.00977821;0.129468;0.0237307;0.150085;0.245766;0.0953787;0.222289;0.126141;0.19318;1;1;0;1;0;1;
24;0.0733285;-0.0357827;0.183602;-0.176941;0.147348;-0.145436;0.269522;0.104953;0.13241;-0.0192076;0.16431;-0.0419078;0.0876551;0.29063;0.0557014;0.166186;0.0736657;0.114167;1;1;0;1;0;1;
25;0.158077;-0.057831;0.204432;0.143656;0.0376531;0.173583;0.0841957;0.130987;0.00410555;0.0650517;0.0227514;0.15686;0.293869;0.169727;0.0501784;0.0970594;0.133184;0.157507;0.282735;0;1;1;1;1;
26;0.183583;-0.13248;0.241767;-0.0467521;0.138796;-0.0226463;0.0943504;0.0539609;0.0775889;0.00976405;0.06762;0.0565984;0.171616;0.171768;0.0334757;0.131283;0.0777835;0.132778;1;0.751891;0.727714;0.362069;0;1;
27;0.154786;-0.170906;0.242998;-0.157325;0.211051;-0.13794;0.135018;0.0875932;0.0864029;0.0392063;0.0550932;0.0448631;0.100218;0.142042;0.0195513;0.111639;0.0454246;0.0775558;1;0.463603;0;0.671928;0;1;
28;0.14816;-0.141515;0.244971;0.162395;0.173372;0.165457;0.12238;0.0862283;0.0608843;0.00683985;0.0412548;0.185375;0.118157;0.0829608;-0.0193066;0.0651884;0.0527818;0.156304;0;0.48653;1;1;1;1;
29;0.199912;-0.204755;0.261905;-0.0272673;0.0056944;-0.00189201;0.0271953;0.0973343;0.00179928;0.0896424;0.0313431;0.149935;0.0690073;0.0484498;0.110181;0.0674396;0.101756;0.0912742;1;0;0.329656;0;0.669381;1;
30;0.217874;-0.232388;0.286484;-0.128735;-0.00341488;-0.00523025;-0.0691713;0.141914;-0.0711981;0.137422;0.0473792;0.26789;0.0880594;0.0282942;0.0983796;0.0393837;0.182963;0.0540349;1;0;1;0.0711273;1;0.874701;
31;0.187357;-0.242495;0.268687;-0.172839;0.014298;-0.0586352;-0.0853491;0.189235;-0.0939813;0.186612;0.0224518;0.282412;0.129123;0.0165234;0.108465;0.0229992;0.204415;0.0353308;1;0;1;0;1;0.76577;
32;0.131009;-0.219616;0.235566;-0.178937;0.0706376;-0.103136;-0.080354;0.222574;-0.135161;0.221042;0.0233915;0.287286;0.154748;0.00964905;0.080508;0.013431;0.214688;0.0315115;1;0;1;0;1;1;
33;0.0777396;-0.182428;0.191749;-0.158672;0.070807;-0.114406;-0.0797596;0.242282;-0.162509;0.241387;0.0306661;0.280076;0.149063;0.0056345;0.0545013;0.00784307;0.225852;0.0184042;1;0;1;0;1;0.602605;
34;0.0297365;-0.129773;0.135221;-0.115899;0.0297303;-0.106814;-0.0706146;0.252214;-0.160569;0.251691;0.0218592;0.274586;0.149472;0.00328995;0.0508304;0.00457977;0.216342;0.0107505;1;0;1;0;1;0.63842;
35;-0.0303765;-0.0567552;0.0599495;-0.0486528;-0.00200527;-0.0433486;-0.0617282;0.248753;-0.170678;0.250163;0.0242928;0.26809;0.155767;0.00192074;0.042158;0.00267403;0.206642;0.00627944;1;0;1;0;1;0.458554;
36;-0.0970551;0.0373367;-0.0354515;0.0420685;-0.0708713;-0.000146967;-0.0436757;0.232765;-0.163395;0.230613;0.0232386;0.258879;0.159123;0.00112121;0.0360348;0.00156106;0.195267;0.00477233;1;0;1;0;1;1;
37;-0.167916;0.133036;-0.131921;0.11235;-0.112927;0.0966036;-0.0132983;0.202681;-0.150885;0.213407;0.0191147;0.243743;0.174535;0.000654253;0.0231366;-0.00869044;0.184608;0.0147382;1;0;1;0.488104;1;0.677234;
38;-0.225627;0.205504;-0.204841;0.107034;-0.136894;0.17253;0.0222288;0.195376;-0.138763;0.197606;0.0252338;0.220315;0.182069;0.00038162;0.013513;-0.0325236;0.164327;0.0430055;1;0;1;1;1;0.707832;
39;-0.242124;0.251237;-0.232945;0.113662;-0.138479;0.174807;0.0512682;0.17405;-0.106973;0.175351;0.0317724;0.197013;0.17965;0.000222437;-0.0204912;-0.0365842;0.136582;0.0628332;0.99702;0;1;1;1;0.725674;
40;-0.234366;0.276281;-0.219638;0.120204;-0.142007;0.181734;0.0954148;0.139369;-0.0686998;0.14013;0.026766;0.154373;0.168876;0.00512605;-0.0266911;-0.039016;0.093937;0.0636694;1;0.0603636;1;1;1;1;
41;-0.235202;0.27269;-0.220166;0.114457;-0.153499;0.176031;0.127362;0.10293;-0.0481736;0.0898993;0.0395846;0.113734;0.139064;0.0633076;-0.0326535;0.00898217;0.0646371;0.0879403;0.556602;0.917785;1;1;0.790925;1;
42;-0.244018;0.257556;-0.213194;0.170986;-0.206416;0.223863;0.159609;0.091095;0.00379239;0.0205782;0.055048;0.0648973;0.097269;0.149313;-0.0704911;0.0171979;0.0377486;0.124529;0.368286;1;1;1;0;1;
43;-0.255653;0.217598;-0.221812;0.166388;-0.236484;0.222988;0.200768;0.0916936;0.0775044;-0.0632733;0.107444;-0.0192425;0.0568069;0.238299;-0.0652934;0.0264058;0.0220448;0.126739;0.273251;1;1;1;0;1;
44;-0.251675;0.197418;-0.223633;0.143321;-0.24048;0.201547;0.219844;0.0891383;0.147849;-0.133699;0.165342;-0.0718905;0.0331757;0.283856;-0.0651662;0.0767026;0.0128736;0.127508;0.754482;1;1;1;0;1;
45;-0.230753;0.16128;-0.215382;0.126878;-0.224215;0.185331;0.239723;0.0634625;0.197678;-0.135916;0.207894;-0.0511095;0.019374;0.247962;-0.0380576;0.109539;0.00751753;0.171147;0;1;0;1;0;1;
46;-0.196031;0.134362;-0.187054;0.097739;-0.192213;0.164148;0.252479;0.0664624;0.227925;-0.14285;0.233891;-0.0605294;0.011314;0.254769;-0.0222257;0.0954971;0.0043895;0.157551;0;1;0;1;0;1;
47;-0.147202;0.111187;-0.141959;0.0518642;-0.144972;0.128406;0.255331;0.0578001;0.244391;-0.137787;0.247875;-0.0623966;0.00660677;0.254674;-0.0129801;0.0913387;0.00256286;0.145568;0;1;0;1;0;1;
48;-0.0798447;0.0588151;-0.0767833;-0.00981763;-0.078543;0.0688671;0.252211;0.0538525;0.251456;-0.132434;0.248896;-0.0655648;0.00385792;0.231897;-0.00758067;0.0978326;0.001496;0.154404;0;1;0;1;0;1;
49;0.00960505;-0.0218784;0.0113929;-0.094135;0.0103655;-0.0160067;0.239242;0.0516687;0.238573;-0.116929;0.234195;-0.0584403;0.00225268;0.226049;-0.0044275;0.0839926;0.000873011;0.14362;0.0523044;1;0;1;0;1;
50;0.0897633;-0.0689555;0.109109;-0.177365;0.108508;-0.111788;0.221483;0.0357281;0.211616;-0.0788962;0.214;-0.0442064;-0.0187735;0.207434;-0.00258597;0.107252;0.000509226;0.137785;1;1;0;1;0;1;
51;0.0911073;-0.0756558;0.188888;-0.245157;0.188537;-0.190434;0.211299;0.0464001;0.191846;-0.0542383;0.206975;-0.0456457;-0.0255204;0.206745;-0.00151046;0.108414;0.000296784;0.0971378;1;1;0;1;0;1;
52;0.0873269;-0.0871346;0.241222;-0.286338;0.241017;-0.238592;0.188641;0.0472244;0.177279;-0.0184743;0.186114;-0.026652;-0.0332142;0.18788;-0.000882532;0.109632;0.000172748;0.0766043;1;0.841969;0;1;0;1;
53;0.0799754;-0.101234;0.271793;-0.298644;0.271674;-0.248493;0.154592;0.0569456;0.147952;0.012562;0.153112;0.00940959;-0.0205484;0.14774;-0.000515735;0.104069;0.000100375;0.0556917;1;0.519832;0;1;0;1;
54;0.0795604;-0.115541;0.287673;-0.299108;0.287604;-0.25118;0.107484;0.0566832;0.103597;0.0646439;0.106611;0.0643702;-0.0163037;0.0954683;-0.000301479;0.0947995;5.81512e-05;0.0350931;1;0.0457905;0;0.697352;0;1;
55;0.171165;-0.192753;0.293279;-0.297481;0.288472;-0.26797;0.0428196;0.0393016;0.0405358;0.095552;0.0423043;0.0825361;0.0220801;0.0557536;-0.000176283;0.0553674;0.0681122;-0.0496207;1;0;0;0.0289347;0.76258;1;
56;0.209902;-0.231177;0.289883;-0.292337;0.248998;-0.289758;-0.0361768;0.0870951;-0.0404729;0.119945;0.00156095;0.112343;0.0473254;0.0325594;-0.000103174;0.0323338;0.167047;-0.0753473;1;0;0;0;0.378397;1;
57;0.187985;-0.241712;0.274846;-0.277429;0.230338;-0.278342;-0.0928265;0.148208;-0.120979;0.167393;0.00394161;0.162953;0.0689566;0.0190143;0.0173723;0.0188823;0.215973;-0.0535588;1;0;1;0;0.640863;1;
58;0.150693;-0.230438;0.249783;-0.251297;0.226769;-0.263375;-0.119637;0.196639;-0.180731;0.207843;0.0100688;0.20525;0.0824464;0.0111039;0.0357711;0.0110266;0.236381;-0.0387635;1;0;1;0;1;1;
59;0.110932;-0.2025;0.213791;-0.214681;0.215073;-0.26118;-0.128929;0.227344;-0.206862;0.233887;0.0157678;0.232375;0.0839536;0.00648414;0.0267961;0.00643893;0.23899;-0.0239107;1;0;1;0;1;1;
60;0.0637069;-0.159675;0.166265;-0.166789;0.209482;-0.259054;-0.125816;0.244519;-0.217204;0.24834;0.0155567;0.247458;0.0947957;0.00378616;0.0156536;0.00375975;0.226721;-0.0139676;1;0;1;0;1;1;
61;0.0170111;-0.0990788;0.102928;-0.103233;0.193822;-0.24618;-0.118003;0.252384;-0.229336;0.251516;0.0144926;0.259495;0.100745;0.00221057;0.0091416;0.00219512;0.213213;-0.00815663;1;0;1;0;1;0.92733;
62;-0.0382356;-0.0160878;0.0183422;-0.0185139;0.133528;-0.184009;-0.116769;0.239344;-0.225472;0.244121;0.0134382;0.253835;0.0899909;0.0012904;-0.014817;0.00128138;0.209455;-0.0172458;1;0;1;0;1;1;
63;-0.113984;0.0822491;-0.0809256;0.0808324;0.08418;-0.117024;-0.0964715;0.224278;-0.223444;0.220396;0.0118442;0.238075;0.0918414;0.000753072;-0.0174099;0.000747788;0.188735;-0.0135255;1;0;1;0;1;0.980681;
64;-0.187815;0.169287;-0.168514;0.168458;-0.00537936;-0.0544144;-0.066886;0.216983;-0.177952;0.185425;0.0108084;0.225541;0.0932388;0.000439352;-0.027816;0.000436304;0.147432;-0.00891755;1;0;1;0;1;0.415686;
65;-0.239898;0.229079;-0.228622;0.228592;-0.133358;0.0984345;-0.0252193;0.196986;-0.112325;0.178092;0.00901822;0.201985;0.101212;0.000256055;-0.00849574;0.00247498;0.0934582;-0.00520808;1;0;1;0.293406;1;0;
66;-0.271279;0.264962;-0.264692;0.202338;-0.209048;0.188666;0.0109813;0.16568;-0.0776394;0.154649;0.0121685;0.168599;0.0921751;0.000149066;0.00207595;-0.00129995;0.0735242;-0.0030419;1;0;1;0.550787;1;0;
67;-0.288064;0.284375;-0.284213;0.195325;-0.233204;0.239819;0.0537784;0.122312;-0.0391339;0.115875;0.0188619;0.124017;0.0801471;8.66815e-05;-0.0181252;0.00583531;0.0429459;-0.00177686;1;0;1;0.987746;1;0;
68;-0.294851;0.286494;-0.291053;0.185839;-0.246828;0.266561;0.078673;0.0627823;-0.0142014;0.0725792;0.0385272;0.0637704;0.0468149;0.047481;-0.0452462;0.0594937;0.0250751;-0.00103807;1;0.772964;1;1;1;0.0318575;
69;-0.291284;0.245097;-0.295403;0.208003;-0.260568;0.29043;0.116546;0.0486281;0.0438008;-0.0096971;0.0745978;-0.0148501;0.0273441;0.144422;-0.0520953;0.064968;-0.0199387;0.0358212;0.617175;1;1;1;0;1;
70;-0.280706;0.221963;-0.283162;0.188576;-0.26369;0.282576;0.158448;0.0509751;0.11596;-0.0884997;0.13395;-0.0990456;0.0159686;0.213547;-0.0500294;0.096597;-0.0116447;0.0499912;0.161784;1;1;1;0;1;
71;-0.25844;0.208302;-0.272208;0.15558;-0.248503;0.259532;0.200638;0.059934;0.175819;-0.122884;0.186331;-0.156365;0.00932516;0.247119;-0.0439459;0.10146;-0.00680097;0.0488179;0;1;1;1;0;1;
72;-0.225132;0.102041;-0.233173;0.151573;-0.219328;0.225767;0.229495;0.0150051;0.215001;-0.123495;0.22114;-0.101001;0.00544545;0.207513;-0.0256648;0.110378;-0.00397225;0.100593;0;1;0;1;0;1;
73;-0.180901;0.0683923;-0.185597;0.101721;-0.177513;0.181271;0.246145;0.0161735;0.23768;-0.127508;0.241265;-0.115699;0.0031797;0.199311;-0.0149883;0.112315;-0.0023205;0.102612;0;1;0;0.921328;0;1;
74;-0.122442;0.0488104;-0.125185;0.0440999;-0.120464;0.122662;0.254064;0.0147167;0.249121;-0.117268;0.251215;-0.128463;0.00185645;0.201361;-0.00875359;0.104373;-0.00135571;0.0810839;0;1;0;1;0;1;
75;-0.0661369;0.0186792;-0.0454799;-0.0151963;-0.0427234;0.0440199;0.237961;0.0112762;0.246151;-0.101856;0.246939;-0.13514;-0.0042045;0.188153;-0.00511238;0.112521;-0.000792391;0.0713652;0.912541;1;0;1;0;1;
76;-0.0717009;-0.00729916;0.0525248;-0.0879725;0.054134;-0.0533584;0.231937;0.0143322;0.229794;-0.0964237;0.22704;-0.152324;-0.00612438;0.199317;-0.00298607;0.117723;-0.000463382;0.0416876;1;1;0;0.947495;0;1;
77;-0.0793138;-0.0209248;0.146385;-0.167095;0.147324;-0.146852;0.219638;0.0112374;0.19908;-0.0669444;0.199887;-0.157343;-0.0246647;0.197405;-0.0017443;0.121865;-0.000271214;0.0243469;1;1;0;0.766856;0;1;
78;-0.0758619;-0.0167209;0.214463;-0.226556;0.215011;-0.214491;0.203331;0.0228227;0.191321;-0.0425551;0.191793;-0.14912;-0.0219741;0.190301;-0.00101904;0.117874;-0.000158943;-0.0199671;1;0.40577;0;0.743501;0;1;
79;0.0108841;-0.0204712;0.25652;-0.246544;0.25684;-0.256532;0.178305;0.00875872;0.168188;-0.0134331;0.168464;-0.170018;-0.0206088;0.154391;-0.000595453;0.101687;-9.33426e-05;-0.0757999;1;0.241119;0;0.682371;0;1;
80;0.126783;-0.129682;0.280024;-0.250041;0.280211;-0.28003;0.140148;-0.0223337;0.131434;0.0251801;0.131595;-0.184915;-0.0149976;0.0901656;-0.000348126;0.0942436;-5.49491e-05;-0.147516;1;0;0;0.555374;0;1;
81;0.18297;-0.203288;0.291087;-0.244149;0.289044;-0.271012;0.0837063;-0.0150594;0.0786102;0.092915;0.0787067;-0.148773;-0.0231181;0.0526555;-0.00020376;0.0936738;0.0311764;-0.171256;1;0;0;0.523833;0.34446;1;
82;0.0980462;-0.186492;0.205077;0.0911959;-0.0766751;0.0873474;0.17195;-0.0446365;0.0783419;0.0145649;0.0856712;-0.00420554;-0.00653662;0.0307505;-0.0126983;0.0571098;0.0182088;-0.100026;1;1;0;0.535197;0;1;
83;0.147688;-0.215514;0.259785;-0.0607592;-0.0197977;0.0550993;0.0187706;0.0555817;-0.0358998;0.0901585;0.00410959;0.0792236;-0.00906641;-0.0857587;0.0146808;0.0333521;0.178439;-0.0714351;1;0;0.964496;0;0.901593;1;
84;0.139819;-0.225298;0.273645;-0.134922;0.00399425;0.0717728;-0.0941493;0.137585;-0.12608;0.157779;0.0157081;0.151387;0.0869499;-0.0500844;0.0587442;0.0194769;0.230265;-0.072391;1;0;1;0;1;1;
85;0.0862989;-0.211735;0.239975;-0.158956;-0.0177536;0.0486539;-0.131649;0.192192;-0.176971;0.203985;0.0382073;0.200247;0.0827852;-0.0292497;0.0508764;0.0113738;0.253458;-0.0662345;1;0;1;0;1;1;
86;0.0430308;-0.1805;0.196998;-0.149677;-0.0209143;0.0460963;-0.123391;0.224622;-0.182527;0.231509;0.0280862;0.207942;0.0934802;-0.0170822;0.041176;0.00664172;0.250979;-0.066387;1;0;1;0;1;1;
87;-0.00792435;-0.132242;0.141886;-0.114241;0.00773898;9.23385e-05;-0.0792789;0.242119;-0.165649;0.246141;0.00368912;0.232377;0.144287;-0.0099764;0.0476048;0.0038782;0.194818;-0.0387714;1;0;1;0;1;0;
88;-0.0722751;-0.0630637;0.0687054;-0.0525517;-0.0411909;0.0142177;-0.0751874;0.249516;-0.174671;0.248059;0.00707152;0.243827;0.142026;-0.00582676;0.0390572;0.00226449;0.191374;-0.0226427;1;0;1;0;1;0;
89;-0.145534;0.0284633;-0.0251531;0.0346028;-0.0893548;0.0735959;-0.0606539;0.234162;-0.177626;0.232503;0.0141913;0.236082;0.143705;-0.00340333;0.0273162;0.00132187;0.181993;-0.0132237;1;0;1;0;1;0;
90;-0.219047;0.124862;-0.122908;0.128447;-0.160424;0.151219;-0.0409715;0.21123;-0.166463;0.210745;0.0263608;0.209365;0.142732;-0.00198808;0.019393;0.000771495;0.171748;-0.00772312;1;0;1;0;1;0;
91;-0.278819;0.199883;-0.198725;0.201976;-0.220651;0.215275;-0.00935507;0.202975;-0.145674;0.202692;0.0398002;0.201886;0.135686;-0.00116152;0.0113272;0.000480948;0.159085;-0.00451072;1;0;1;0.286765;1;0;
92;-0.310382;0.247876;-0.245041;0.22034;-0.241444;0.256865;0.0296155;0.180471;-0.120694;0.180307;0.0441587;0.179835;0.13357;-0.0006788;-0.00545073;-0.00957462;0.138555;-0.00263466;1;0;1;0.878212;1;0;
93;-0.320614;0.275445;-0.25739;0.219624;-0.254171;0.280694;0.0672234;0.145649;-0.0866439;0.145559;0.050796;0.145277;0.123917;-0.000396802;-0.0272873;-0.00323702;0.106679;-0.00153914;1;0;1;1;1;0;
94;-0.315878;0.289308;-0.247899;0.22013;-0.26583;0.292374;0.102279;0.0965758;-0.0621166;0.0965339;0.0606966;0.0963599;0.112856;-0.000232095;-0.0248612;0.0251577;0.0629843;0.0054805;1;0;1;1;1;0.279054;
95;-0.310881;0.291893;-0.239293;0.218715;-0.279637;0.295807;0.146164;0.0294509;-0.00881962;0.041409;0.0598484;0.028823;0.0904017;0.0724304;-0.059457;0.0632951;0.0367825;0.0532797;1;1;1;1;0.466086;1;
96;-0.303073;0.268464;-0.226393;0.182736;-0.288093;0.270422;0.208176;0.0366197;0.0661677;-0.0318332;0.106273;-0.0544786;0.0761599;0.128654;-0.0507721;0.0955387;0.0214805;0.0463759;1;1;1;1;0;1;
97;-0.283369;0.267781;-0.200427;0.16019;-0.272264;0.257381;0.255321;0.0438032;0.139482;-0.0837485;0.16291;-0.132649;0.0612946;0.180848;-0.053216;0.120095;0.0125441;0.055803;1;1;1;1;0;1;
98;-0.283041;0.26713;-0.197237;0.137591;-0.244837;0.237124;0.258848;0.0416208;0.192401;-0.0980104;0.206084;-0.151076;0.0500135;0.179311;-0.0313134;0.144332;0.00732522;0.0600061;1;1;0;1;0;1;
