1;-0.000363588;0.000116064;9.94837e-05;-0.000363588;0.000116064;9.94837e-05;0.0349769;0.0347456;0.0352595;0.0349769;0.0347456;0.0352595;0.808667;0.808665;0.808666;0.808667;0.808665;0.808666;0;0;0;0;0;0;
2;0.0246472;0.0333639;0.0282;-0.0242595;-0.037932;-0.0236945;0.0740435;0.101656;0.166821;0.153407;0.103583;0.109069;0.472293;0.472301;0.472336;0.472322;0.472296;0.472308;1;1;1;1;1;1;
3;0.0150252;0.0242508;-0.0269232;0.0162269;-0.000194212;0.017525;0.0796865;0.145771;0.272909;0.136382;0.151837;0.168182;0.275834;0.275854;0.346502;0.275869;0.275848;0.336505;0;0;1;1;1;1;
4;0.0176324;0.0266105;-0.040686;0.0248557;0.00733368;0.0247303;0.115999;0.159103;0.256765;0.196405;0.201041;0.175923;0.161107;0.181256;0.365455;0.161138;0.185932;0.312893;0.313271;0.574641;1;1;1;1;
5;0.0187487;0.0257115;-0.0402961;0.0174905;-0.0013016;0.0170059;0.121962;0.154708;0.255579;0.196711;0.201679;0.181189;0.135336;0.172813;0.354633;0.174105;0.193161;0.304194;0.54527;0.85564;1;1;1;1;
6;0.0171952;0.0236505;-0.0417602;0.0153491;-0.00380721;0.0147519;0.123492;0.15526;0.254901;0.194715;0.198822;0.18198;0.131873;0.170414;0.349207;0.174029;0.193193;0.296231;0.590039;0.868825;1;1;1;1;
7;0.0167157;0.0232456;-0.0420457;0.0145612;-0.00453029;0.0140376;0.122748;0.155833;0.253938;0.193876;0.196609;0.18327;0.131254;0.167896;0.343815;0.172654;0.192713;0.288334;0.647203;0.869231;1;1;1;1;
8;0.016495;0.0232344;-0.0421013;0.0142686;-0.0046055;0.0138409;0.121535;0.156389;0.25249;0.193786;0.194558;0.184885;0.13108;0.165172;0.33862;0.170597;0.192387;0.28084;0.702152;0.861863;1;1;1;1;
9;0.0161276;0.0232266;-0.0422837;0.0143302;-0.00423966;0.0140068;0.119831;0.157159;0.2506;0.194311;0.192665;0.186857;0.13164;0.162142;0.333603;0.167719;0.192035;0.273714;0.749004;0.838782;1;1;1;1;
10;0.0153733;0.0231777;-0.042765;0.0149353;-0.0032255;0.0147151;0.117692;0.158251;0.248384;0.195775;0.190686;0.189202;0.133117;0.158801;0.328457;0.163335;0.19187;0.267126;0.775046;0.78847;1;1;1;1;
11;0.0153896;0.0243775;-0.0425311;0.0169181;-0.000457631;0.0169439;0.115318;0.159392;0.245415;0.196034;0.188908;0.191151;0.135117;0.155375;0.323537;0.160325;0.191626;0.261793;0.790122;0.728002;1;1;1;1;
12;0.0121513;0.0215936;-0.045302;0.0153328;-0.00281072;0.0152924;0.113197;0.160494;0.243245;0.197129;0.187356;0.193338;0.136133;0.151766;0.318863;0.156786;0.191321;0.255917;0.799409;0.671468;1;1;1;1;
13;0.008618;0.0187711;-0.0485045;0.0180621;-0.00037692;0.0181023;0.11296;0.161894;0.242308;0.195525;0.186237;0.193718;0.139672;0.150126;0.311487;0.151611;0.188319;0.253562;0.732661;0.612802;1;1;1;1;
14;0.00743556;0.0189776;-0.0493309;0.0221858;0.00290861;0.0223346;0.114909;0.161339;0.243505;0.191811;0.186365;0.191808;0.14055;0.151399;0.303725;0.148983;0.183354;0.251777;0.624576;0.602758;1;1;1;1;
15;0.00255495;0.0141327;-0.0540242;0.0269782;0.00566094;0.0269666;0.122891;0.155996;0.249007;0.183358;0.190018;0.185938;0.138687;0.160413;0.290848;0.147217;0.172074;0.255142;0.320535;0.695394;1;1;1;1;
16;-0.0148361;0.00962424;-0.0582553;0.0417476;0.0191175;0.0426334;0.129774;0.158125;0.279675;0.144585;0.18148;0.167739;0.111476;0.180667;0.263677;0.153341;0.154587;0.25953;0.257731;0.608352;1;1;0.819572;1;
17;-0.0454795;0.0140225;-0.0553871;0.0763123;-0.0162501;0.075861;0.145028;0.146423;0.30269;0.107659;0.1729;0.148057;0.0794547;0.219241;0.23928;0.152791;0.0902962;0.272493;0;0.757796;1;1;0.76232;1;
18;-0.0789499;0.0254476;-0.0446132;0.105175;-0.0762262;0.105128;0.163259;0.131533;0.336543;0.0665101;0.164145;0.122693;0.0464037;0.252167;0.206637;0.177063;0.0527337;0.292327;0;0.973485;1;1;0.467685;1;
19;-0.105164;0.0244994;-0.0410247;0.121327;-0.105273;0.119109;0.183127;0.122043;0.378118;0.0181121;0.183643;0.0782204;0.0282653;0.295762;0.191259;0.197696;0.0307957;0.314833;0.116882;1;1;1;0;1;
20;-0.106087;0.0150386;-0.0442045;0.106881;-0.109038;0.105177;0.209069;0.103775;0.390057;0.00548276;0.209371;0.0692779;0.0165062;0.319805;0.191305;0.208001;0.0179841;0.305956;0;1;1;1;0;1;
21;-0.0741775;0.00320738;-0.0492238;0.0746446;-0.0759009;0.0736461;0.228418;0.10492;0.398125;0.00028289;0.228594;0.0576405;0.00963906;0.306145;0.192178;0.2283;0.010502;0.302741;0;1;1;1;0;1;
22;-0.0113435;-0.0204153;-0.0613207;0.0116517;-0.0123503;0.0110395;0.235494;0.106148;0.396826;0.00770259;0.234009;0.055318;0.00562868;0.28096;0.207201;0.25616;0.00613255;0.287547;0;1;0.77997;1;0;1;
23;0.0760267;-0.0607241;-0.0670494;-0.0735199;0.0754383;-0.076197;0.220646;0.111929;0.384379;0.0278033;0.222705;0.0472461;0.00328679;0.288254;0.243326;0.250565;0.00358077;0.255725;0;1;0.597724;1;0;1;
24;0.145499;0.0160478;0.0277323;-0.140015;0.161307;-0.161741;0.224207;0.108648;0.344533;0.0514125;0.195246;0.01318;-0.0333462;0.323096;0.187367;0.265321;0.0020907;0.17398;1;1;1;0.935942;0;1;
25;0.144557;0.00559386;0.0224356;-0.150929;0.223471;-0.179132;0.20465;0.104941;0.320611;0.0830481;0.187495;0.0431513;-0.0444264;0.291743;0.181975;0.260571;0.0122958;0.162602;1;1;1;0.812897;0.456144;1;
26;0.148434;0.00823321;0.0256687;-0.145246;0.234077;-0.170979;0.177912;0.113661;0.300191;0.0978932;0.175165;0.0645047;-0.0259474;0.260328;0.179391;0.251457;0.0355833;0.153803;1;1;1;0.376498;1;1;
27;0.161115;0.0154307;0.0320933;-0.15942;0.217842;-0.179245;0.146853;0.122012;0.27193;0.120186;0.164525;0.0936828;-0.0279641;0.213112;0.183889;0.219539;0.0749779;0.143701;1;0.812027;1;0.346866;1;1;
28;0.157109;0.0118831;0.0279571;-0.170863;0.208406;-0.182552;0.0838505;0.13031;0.227284;0.15127;0.14331;0.139119;0.028936;0.180782;0.20728;0.164048;0.115644;0.115653;1;0.302253;1;0.304669;1;1;
29;0.207959;-0.0811565;0.0741313;-0.191022;0.204142;-0.172503;0.00469915;0.127595;0.162715;0.189352;0.130553;0.200404;0.0506165;0.105582;0.241398;0.110813;0.204753;0.0816714;1;0.70511;1;0.21512;1;1;
30;0.234263;-0.160207;0.0911772;-0.210628;0.187817;-0.175564;-0.0810613;0.159586;0.0968225;0.234172;0.119796;0.262491;0.104145;0.0616592;0.278937;0.0647186;0.271237;0.0571672;1;0;1;0;1;1;
31;0.247984;-0.191219;0.094523;-0.213412;0.174091;-0.178073;-0.123374;0.199556;0.0634832;0.264853;0.125575;0.304845;0.113436;0.0360082;0.274866;0.037798;0.307472;0.055579;1;0;1;0.00907334;1;1;
32;0.222824;-0.192052;0.0752328;-0.210675;0.178977;-0.171523;-0.121711;0.228601;0.0555945;0.262631;0.115194;0.308631;0.122651;0.021028;0.267602;0.0220738;0.309235;0.0655542;1;0;1;0.373964;1;1;
33;0.185773;-0.166332;0.043529;-0.208595;0.180172;-0.166377;-0.123433;0.245802;0.0471717;0.257292;0.113362;0.312904;0.134753;0.0122796;0.248714;0.0128867;0.302669;0.0834271;0.16621;0;1;0.601937;1;0.929675;
34;0.13173;-0.120373;-0.00893295;-0.187422;0.197221;-0.120737;-0.125878;0.254269;-0.000902625;0.274002;0.109208;0.29346;0.109066;0.00717054;0.223803;-0.0191146;0.328282;0.0662783;1;0;1;0.470599;1;0.744764;
35;0.0579075;-0.0512661;-0.0774968;-0.188351;0.177879;-0.0627155;-0.120596;0.246405;-0.0103334;0.266659;0.106843;0.294079;0.111956;0.00418694;0.200562;-0.0232678;0.31891;0.0613675;0.716134;0;1;0.802767;1;1;
36;-0.0366426;0.0405417;-0.163682;-0.189121;0.177106;0.033842;-0.111897;0.229895;-0.0188655;0.25871;0.11207;0.284562;0.130439;0.00244452;0.16092;-0.0350448;0.306749;0.0614946;1;0;1;1;1;0.873061;
37;-0.0846631;0.134908;-0.209062;-0.196468;0.163581;0.0947051;-0.0864864;0.206465;-0.0105496;0.243642;0.114349;0.26611;0.114831;0.00142702;0.141705;-0.0252113;0.290436;0.0755081;1;0;1;1;1;1;
38;-0.120826;0.206597;-0.249907;-0.196448;0.161824;0.095062;-0.0631718;0.19674;0.00845411;0.220252;0.116918;0.243277;0.127272;0.000832807;0.127846;-0.0321962;0.2544;0.0958793;0.652782;0;1;1;1;1;
39;-0.183203;0.251875;-0.304425;-0.196323;0.141567;0.166072;-0.0274421;0.174846;0.012091;0.192872;0.118801;0.202029;0.0889861;0.000485786;0.119852;-0.00871541;0.241673;0.0820988;1;0;1;1;0.582157;0.654449;
40;-0.192276;0.277621;-0.306055;-0.188517;0.159892;0.187479;0.020206;0.139834;0.0516612;0.152028;0.116577;0.163408;0.0900891;0.000283214;0.100475;-0.0191503;0.192655;0.082486;1;0;1;1;0.615478;1;
41;-0.164919;0.290266;-0.279255;-0.139642;0.0197032;0.240526;0.0747876;0.0897151;0.0964885;0.0968442;0.105809;0.121119;0.0805924;0.000165024;0.0586887;-0.0294738;0.121805;0.119343;1;0;1;1;0.344805;1;
42;-0.189664;0.351277;-0.178565;0.00340966;-0.112321;0.379534;0.113402;0.0606743;0.14352;0.0246316;0.0937221;0.0739708;0.0470688;0.132266;0.0342679;-0.0704336;0.0711327;0.171193;0;0;1;0;0;1;
43;-0.226701;0.307445;-0.181017;0.0292204;-0.181533;0.413893;0.141523;0.0153209;0.256982;-0.0609043;0.13003;0.0109069;0.0274875;0.190454;-0.032689;-0.0582526;0.0415408;0.187883;0;0;1;1;0;1;
44;-0.234767;0.268411;-0.208082;-0.0396907;-0.208389;0.355506;0.185244;-0.00531607;0.284117;-0.136782;0.178532;-0.0460088;0.016052;0.196229;-0.0212389;0.061188;0.0242593;0.189605;0;1;1;1;0;1;
45;-0.220879;0.240532;-0.225875;-0.0587285;-0.206003;0.338604;0.219516;-0.0121039;0.289623;-0.145569;0.215596;-0.0585207;0.0093739;0.205682;-0.0124041;0.0611454;0.0141668;0.184035;0;1;1;1;0;1;
46;-0.190264;0.226749;-0.232651;-0.106222;-0.181577;0.293634;0.240679;-0.0150107;0.299181;-0.142293;0.238389;-0.0709862;0.00547375;0.188383;-0.00258429;0.0854281;0.0082728;0.166007;0;1;1;1;0;1;
47;-0.143834;0.203399;-0.241261;-0.159264;-0.138761;0.23977;0.251839;-0.0200785;0.292889;-0.130048;0.250502;-0.0784278;0.00319618;0.172721;0.023788;0.100491;0.00483066;0.144514;0;1;1;1;0;1;
48;-0.0778785;0.134787;-0.1622;-0.244266;-0.0749158;0.151874;0.251778;-0.022868;0.286407;-0.115799;0.251147;-0.0942871;0.00186609;0.154722;0.0359121;0.115241;0.00282053;0.128782;0;1;0.00904887;0.693754;0;1;
49;0.0107535;0.0224882;-0.0384909;-0.35212;0.0124837;0.0326371;0.236447;-0.0231893;0.271412;-0.0868565;0.236333;-0.0966385;0.00108933;0.149498;0.0209719;0.119025;0.00164654;0.102246;0;1;0;1;0;1;
50;0.0784553;-0.0658054;0.0799763;-0.444972;0.109745;-0.0833677;0.212309;-0.00771746;0.25427;-0.0632274;0.216821;-0.104773;-0.0244518;0.157304;0.0122468;0.122996;0.000961161;0.0724521;1;1;0;1;0;1;
51;0.0760763;-0.0889904;0.171875;-0.470956;0.189261;-0.138706;0.181831;-0.0146014;0.230862;-0.0253072;0.208992;-0.0856965;-0.0351592;0.137715;0.00715154;0.139291;0.000560726;0.0596825;1;1;0;1;0;1;
52;0.197222;-0.0276317;0.20773;-0.103889;-0.0364424;0.180843;0.0409631;0.0304543;0.0695902;0.0504489;0.0568478;0.16719;0.0304938;-0.043943;-0.0217651;0.0517362;0.0765133;0.15848;0.0729568;0;1;1;1;1;
53;0.246095;-0.139416;0.221099;-0.244064;0.101384;0.031863;0.0683432;-0.0266319;0.192005;0.0327052;0.0773886;0.0532312;0.0178085;0.0248818;-0.0455977;0.109383;0.0446887;0.0991221;0;1;1;0.249146;0;1;
54;0.194755;-0.182016;0.188232;-0.352824;0.0886012;-0.0737516;0.0842206;0.0131416;0.129334;0.0669708;0.055796;0.0239806;0.000779027;0.0411441;0.0888942;0.0834685;0.0159003;0.0578941;1;0.595014;0.0971772;0.919411;1;1;
55;0.23821;-0.224969;0.22982;-0.314632;0.125799;-0.0370834;0.0292304;0.0239;0.0839815;0.110375;0.0540174;0.0853589;0.0269204;0.0240265;0.101291;0.066048;0.0797903;0.033809;1;0;1;0.133343;1;1;
56;0.236036;-0.249991;0.221799;-0.302354;0.0623066;-0.0917583;-0.047063;0.0781004;0.0195143;0.129277;0.0396797;0.126057;0.0407094;0.0140311;0.139573;0.0385731;0.149838;0.019748;1;0;1;0.401429;1;1;
57;0.217338;-0.252699;0.209623;-0.283279;0.0655886;-0.0860477;-0.105297;0.142955;-0.0365166;0.172843;0.0318868;0.170969;0.086125;0.00819371;0.151735;0.0225263;0.200247;0.0225061;1;0;1;0.214287;1;1;
58;0.18146;-0.236855;0.180604;-0.254713;0.0588903;-0.0902242;-0.12683;0.193571;-0.0685544;0.211026;0.03601;0.209936;0.0969175;0.00478463;0.145225;0.0131548;0.215918;0.0289919;1;0;1;0.0174462;1;0.67374;
59;0.137765;-0.206248;0.145196;-0.216676;0.0805926;-0.100674;-0.125949;0.225553;-0.0881697;0.235746;0.0305289;0.235112;0.114519;0.00279361;0.123587;0.00768179;0.225948;0.0169352;0.981853;0;1;0;1;0.292184;
60;0.109317;-0.161864;0.124331;-0.167954;0.0794327;-0.106448;-0.127642;0.243472;-0.108072;0.249425;0.0419335;0.249055;0.0980002;0.00163089;0.102442;0.00448568;0.235352;0.00988951;1;0;1;0;1;0;
61;0.0690006;-0.100357;0.0784403;-0.103913;0.0522139;-0.0679942;-0.119164;0.250401;-0.105335;0.2496;0.0369391;0.249828;0.105455;0.000951807;0.106834;0.00261911;0.213653;0.00577491;1;0;1;0;1;0;
62;-0.00148765;-0.0168341;0.0040433;-0.0189121;-0.0112806;0.00206552;-0.11417;0.242765;-0.103591;0.242784;0.0337532;0.244103;0.100408;0.000555204;0.10295;0.00152899;0.208036;0.00337205;1;0;1;0.218214;1;0;
63;-0.0925157;0.0818133;-0.0892796;0.0419159;-0.0788517;0.0928511;-0.0899619;0.219721;-0.092027;0.224017;0.0238394;0.219477;0.100162;0.000323667;0.0956971;-0.0165794;0.204949;0.00196882;1;0;1;0.74082;1;0;
64;-0.175269;0.169032;-0.173397;0.0453732;-0.0823369;0.175478;-0.0594396;0.188005;-0.0908398;0.193868;0.0302177;0.189242;0.112199;0.000188407;0.0656277;-0.0242286;0.190838;0.00114936;1;0;1;1;1;0;
65;-0.221662;0.22893;-0.231484;0.0385662;-0.0989628;0.232695;-0.0294596;0.180064;-0.0758869;0.183489;0.0379232;0.180786;0.104531;0.000109546;0.0424171;-0.033067;0.17767;0.000670842;1;0;1;1;1;0;
66;-0.256165;0.171177;-0.172201;-0.225902;0.0497691;-0.12569;0.0347157;0.0545196;0.0313945;0.0786555;0.0244035;0.0549437;-0.00854866;0.00141463;0.128174;0.209204;0.103761;-0.0995385;1;0;1;0.194755;1;1;
67;-0.229002;0.2135;-0.224161;-0.0651534;0.193764;0.0562168;0.00926871;0.0359431;-0.00546129;0.100829;0.0741568;0.122513;0.0222728;0.00571552;0.0735185;0.122177;0.100117;-0.0581237;1;0.710726;1;0.818196;0.879074;1;
68;-0.220197;0.211994;-0.251127;0.0556003;-0.0133267;0.163627;0.0684352;0.024906;0.035343;0.0626794;0.0538096;0.0629013;0.0255856;0.0348733;-0.0471532;0.0713531;0.0584737;0.0897625;0.791876;0.259569;1;1;0.621564;1;
69;-0.220741;0.20103;-0.230978;0.120968;-0.128655;0.227195;0.110882;0.0262424;0.0744399;-0.0116236;0.0835223;-0.00685219;0.0390545;0.135602;-0.0400126;0.0511322;0.0341474;0.119163;0.0336767;0.794311;1;1;0;1;
70;-0.23951;0.190566;-0.210435;0.146312;-0.185732;0.259812;0.15514;0.0287103;0.133866;-0.0900975;0.139162;-0.0739042;0.0228071;0.232086;-0.0233687;0.060555;0.0199417;0.118332;0;0.736891;1;1;0;1;
71;-0.234381;0.187681;-0.200593;0.115963;-0.202976;0.229076;0.198706;0.0340793;0.186287;-0.118777;0.189375;-0.118986;0.0133187;0.255258;-0.0210335;0.0794824;0.0116455;0.106421;0;1;1;1;0;1;
72;-0.211081;0.18442;-0.196909;0.0892222;-0.19274;0.20798;0.228367;0.0421554;0.221115;-0.131546;0.222917;-0.135807;0.00777756;0.258501;-0.0267585;0.0862606;0.00680036;0.0922915;0;1;1;1;0;1;
73;-0.172696;0.174144;-0.200572;0.049337;-0.161985;0.170881;0.245486;0.0438097;0.24125;-0.132118;0.242304;-0.14495;0.00454158;0.256033;-0.021759;0.0881674;0.00397076;0.0747546;0;1;1;1;0;1;
74;-0.11765;0.136234;-0.1556;0.004141;-0.111395;0.116589;0.253411;0.0289022;0.251206;-0.120343;0.251821;-0.124475;0.0026517;0.223496;-0.0127076;0.103235;0.00231838;0.0810077;0;1;0.0978742;1;0;1;
75;-0.0410802;0.051931;-0.0632431;-0.0596064;-0.0374271;0.0404669;0.247963;0.0195571;0.247098;-0.111742;0.245445;-0.110372;0.00154824;0.19473;-0.00742143;0.106043;0.00135316;0.0987694;0;1;0;1;0;1;
76;0.0550916;-0.0487498;0.0421505;-0.137385;0.0572277;-0.0554387;0.230426;0.0243288;0.228313;-0.106947;0.228448;-0.103256;0.00508506;0.19813;-0.0043346;0.0892467;0.000789704;0.093198;0.59762;1;0;1;0;1;
77;0.118602;-0.104054;0.140327;-0.205959;0.149131;-0.14807;0.221284;0.0175536;0.198187;-0.0702665;0.199068;-0.0771859;-0.0183781;0.170039;-0.00253173;0.110701;0.000460568;0.0923752;1;1;0;1;0;1;
78;0.121888;-0.10712;0.210925;-0.259985;0.216067;-0.215431;0.204289;0.029308;0.1908;-0.0426827;0.191314;-0.0684371;-0.0184277;0.164452;-0.00147894;0.104786;0.000268457;0.0551331;1;1;0;1;0;1;
79;0.114526;-0.124942;0.254454;-0.292597;0.257457;-0.252347;0.175764;0.0355492;0.167884;-0.00572576;0.168184;-0.0420887;-0.0199102;0.136406;-0.000864092;0.101725;0.000156296;0.0416754;1;1;0;1;0;1;
80;0.106776;-0.146206;0.278818;-0.303354;0.280571;-0.260612;0.135864;0.0368807;0.131257;0.0390499;0.131432;0.00345253;-0.0147927;0.096884;-0.000505005;0.0924939;9.08495e-05;0.0243421;1;0.814917;0;1;0;1;
81;0.10925;-0.154186;0.290383;-0.310284;0.287676;-0.26779;0.0824675;0.0495458;0.0785065;0.0813552;0.0786118;0.0483377;0.020539;0.0565885;-0.000295217;0.0735639;0.0244877;-0.0124942;1;0.370991;0;0.647813;0.367321;1;
82;0.184794;-0.212826;0.305169;-0.306271;0.2752;-0.279172;0.0185137;0.0686418;0.00613754;0.103125;0.0277043;0.0679373;0.0522385;0.0330471;-0.000172724;0.0429621;0.11831;-0.0730229;1;0;0;0;0.740792;1;
83;0.17891;-0.23831;0.293112;-0.292881;0.224705;-0.300989;-0.0593447;0.121741;-0.0780696;0.141879;0.0125723;0.121325;0.0719474;0.019299;0.0102178;0.0250892;0.188166;-0.0785169;1;0;0.870335;0;0.593677;1;
84;0.144418;-0.241433;0.270615;-0.270479;0.217834;-0.276784;-0.0991118;0.176222;-0.150714;0.187983;0.0156788;0.175976;0.089642;0.0112702;0.0285517;0.0146514;0.227877;-0.0585156;1;0;1;0;1;1;
85;0.132488;-0.221158;0.238201;-0.238121;0.174879;-0.248135;-0.123244;0.214756;-0.159449;0.221624;0.0167514;0.214612;0.111913;0.00658134;0.0460303;0.00855595;0.207039;-0.0350327;1;0;1;0;1;0.334298;
86;0.114301;-0.186003;0.195957;-0.195909;0.0464845;-0.201757;-0.136063;0.237799;-0.123859;0.24181;-0.00722428;0.237715;0.105155;0.00384283;0.088086;0.00499603;0.180551;-0.0204593;1;0;1;0;1;0;
87;0.0524785;-0.135456;0.141273;-0.141241;0.0543816;-0.144656;-0.119623;0.249814;-0.144526;0.252156;-0.00606647;0.249765;0.109106;0.00224359;0.0696478;0.00291723;0.174773;-0.0119485;1;0;1;0;1;0;
88;-0.00859084;-0.0649407;0.06835;-0.0683188;0.0175931;-0.0703132;-0.111525;0.24766;-0.149791;0.248682;-0.00937049;0.247556;0.119882;0.00130966;0.0608538;0.00170313;0.165949;-0.00697835;1;0;1;0;1;0;
89;-0.0813076;0.0273673;-0.0253546;0.0253945;-0.0550129;0.0242297;-0.0947135;0.234311;-0.144936;0.238303;-0.00909744;0.236373;0.120605;0.000764219;0.0574713;0.000994177;0.154501;-0.00407578;1;0;1;0;1;0;
90;-0.160574;0.124221;-0.12302;0.123069;-0.140355;0.122389;-0.0701561;0.208385;-0.13206;0.206262;0.00678703;0.209496;0.111717;0.000445727;0.0511006;0.000580118;0.140417;-0.00238072;1;0;1;0;1;0;
91;-0.221476;0.199509;-0.198616;0.194435;-0.193982;0.198439;-0.0371566;0.201313;-0.10988;0.200074;0.00626724;0.201962;0.114429;0.000259794;0.0390417;-0.0108656;0.13838;-0.00139072;1;0;1;0.554969;1;0;
92;-0.260493;0.247658;-0.241648;0.19265;-0.203064;0.247033;-0.00572563;0.1795;-0.0958875;0.178778;0.0138327;0.179879;0.114137;0.000151182;0.0228018;-0.0195501;0.120377;-0.000812592;1;0;1;1;1;0;
93;-0.282811;0.275317;-0.267352;0.188952;-0.217801;0.274952;0.0301695;0.145082;-0.0541034;0.144665;0.0216674;0.145303;0.106826;8.78269e-05;-0.0162556;-0.0123641;0.0933555;-0.000474986;1;0;1;1;1;0;
94;-0.293304;0.2865;-0.277469;0.181097;-0.237952;0.289021;0.0732425;0.0962469;-0.0378075;0.0960102;0.0395077;0.096374;0.0798754;0.0134197;-0.0124181;0.0218521;0.0545259;-0.000277735;1;0.63888;1;1;1;0;
95;-0.299737;0.27292;-0.28215;0.185043;-0.245169;0.293927;0.105839;0.0509175;0.00537664;0.039677;0.0420518;0.028827;0.046653;0.090812;-0.0483915;0.0633851;0.0318372;0.022133;0.409068;1;1;1;0.842118;0.912403;
96;-0.292018;0.223055;-0.290031;0.190757;-0.260151;0.306142;0.133132;0.0456448;0.0744598;-0.0481341;0.0958799;-0.0544774;0.0272451;0.185526;-0.0454856;0.067037;0.0185925;0.0431624;0.368157;1;1;1;0;1;
97;-0.274556;0.212455;-0.273586;0.156608;-0.255946;0.282806;0.178596;0.0456049;0.144327;-0.104311;0.15684;-0.132648;0.0159106;0.235878;-0.0472049;0.0993029;0.0108576;0.057776;0.161155;1;1;1;0;1;
98;-0.246176;0.190231;-0.251128;0.123268;-0.235307;0.250997;0.215244;0.0476825;0.195228;-0.123347;0.202539;-0.154631;0.00929135;0.24107;-0.0304874;0.107439;0.00634043;0.0502621;0;1;0.63258;1;0;1;
