1;-0.000363588;0.000116064;9.94837e-05;-0.000363588;0.000116064;9.94838e-05;0.034977;0.0347457;0.0352595;0.0349769;0.0347455;0.0352594;0.808667;0.808665;0.808666;0.808667;0.808665;0.808666;0;0;0;0;0;0;
2;0.00931553;0.0086182;0.00787216;-0.00653028;-0.00549992;-0.00508717;0.0712376;0.120654;0.119602;0.146881;0.147832;0.142035;0.472305;0.472331;0.47234;0.472343;0.472341;0.472334;1;1;1;1;1;1;
3;0.00830688;-0.0126197;-0.0194096;-0.0111134;0.00192898;0.000968719;0.144473;0.211467;0.234697;0.168614;0.182561;0.201919;0.275864;0.311649;0.275895;0.275883;0.275881;0.275879;0.218154;1;1;0.682376;1;1;
4;0.0237728;0.00159708;-0.00733716;0.000529783;0.0114105;0.00840437;0.194997;0.24727;0.243448;0.216122;0.217855;0.21513;0.198845;0.261433;0.253921;0.229915;0.243129;0.261641;1;1;1;0.862607;1;1;
5;0.0240503;0.00034843;-0.0082673;-0.000656702;0.00822074;0.00529043;0.197067;0.245884;0.246824;0.214799;0.213822;0.214807;0.194812;0.260461;0.250168;0.226601;0.242957;0.255169;1;1;1;0.827887;1;1;
6;0.0245308;-0.000159041;-0.00865087;-0.00102077;0.00668233;0.0036799;0.19616;0.244665;0.245968;0.215139;0.216451;0.215768;0.190686;0.255142;0.246199;0.225491;0.239652;0.252058;1;1;1;0.834288;1;1;
7;0.0253287;-2.14305e-05;-0.00847077;-0.00198942;0.00478115;0.00201275;0.193785;0.24306;0.244271;0.214534;0.21624;0.212497;0.18828;0.251092;0.244295;0.224791;0.238375;0.252557;0.954273;1;1;0.991064;1;1;
8;0.0256426;0.000152856;-0.00830538;-0.00211147;0.00437472;0.00160857;0.191308;0.241919;0.241412;0.214604;0.214978;0.212821;0.186781;0.246858;0.242711;0.223073;0.237671;0.250357;0.993584;1;1;0.997164;1;1;
9;0.0255844;0.000143578;-0.00829967;-0.00200013;0.00446251;0.00166889;0.18761;0.241078;0.238287;0.214986;0.213123;0.213243;0.187502;0.242872;0.241437;0.220218;0.237218;0.24801;1;1;1;0.989856;1;1;
10;0.024506;-0.00107053;-0.00937972;-0.00265687;0.00342767;0.000793499;0.184252;0.240466;0.234739;0.215814;0.210826;0.214066;0.187847;0.238735;0.240585;0.216886;0.237341;0.245379;1;1;1;0.983673;1;1;
11;0.0244978;-0.000849432;-0.00941897;-0.00163067;0.00422129;0.00170149;0.180782;0.239949;0.230789;0.217188;0.208479;0.215982;0.188441;0.234332;0.239498;0.212881;0.237915;0.242118;1;1;1;0.975076;1;1;
12;0.0233391;-0.00166673;-0.0105016;-0.000550356;0.0049788;0.00273196;0.177299;0.239584;0.227639;0.217699;0.206684;0.216331;0.190198;0.230376;0.237325;0.208669;0.237385;0.240852;1;1;1;0.963905;1;1;
13;0.021623;-0.0028907;-0.0122148;0.00149103;0.00652429;0.00469468;0.175357;0.238702;0.225631;0.21694;0.205744;0.215634;0.191543;0.227605;0.233509;0.204654;0.235354;0.241211;1;1;1;1;1;1;
14;0.0185535;-0.00524947;-0.0152358;0.0041175;0.00848246;0.00736495;0.176591;0.236751;0.22661;0.212897;0.205145;0.211841;0.192053;0.227814;0.227023;0.201587;0.23106;0.244668;0.971097;1;1;1;1;1;
15;0.0149841;-0.00794413;-0.0188782;0.00815782;0.0118076;0.0115224;0.183629;0.23231;0.233324;0.202048;0.20749;0.204076;0.190313;0.233992;0.21635;0.20195;0.22;0.250866;0.786985;1;1;1;1;1;
16;0.0105972;-0.0115923;-0.0235692;0.0113005;0.0137572;0.0146708;0.188998;0.21176;0.236671;0.194936;0.223915;0.199042;0.193221;0.260616;0.212806;0.195541;0.19048;0.250992;0.722932;1;1;1;1;1;
17;0.00215353;-0.0204049;-0.0329093;0.0159044;0.0170496;0.0193415;0.22311;0.209662;0.264168;0.157908;0.222066;0.168877;0.167917;0.265195;0.177281;0.219895;0.16968;0.284425;0.30389;1;1;1;0.402138;0.67755;
18;-0.0567259;-0.00875349;-0.0238498;0.0754272;-0.0467976;0.0769249;0.20172;0.174884;0.301664;0.0942804;0.198766;0.14898;0.0980739;0.349618;0.141733;0.212824;0.0990955;0.300212;0.844252;1;1;1;0.862209;1;
19;-0.0823605;-0.000632388;-0.0166474;0.0972856;-0.0830191;0.0965465;0.239246;0.170829;0.336031;0.0447413;0.205113;0.11322;0.0572796;0.384115;0.129303;0.234555;0.0578722;0.315813;0.687298;1;1;1;0.223298;1;
20;-0.0880391;-0.00784766;-0.0220188;0.0799296;-0.0912759;0.0797532;0.262067;0.167818;0.358258;0.0251133;0.221909;0.0810366;0.0334527;0.394128;0.124733;0.248306;0.0337965;0.325809;0.711752;1;1;1;0;1;
21;-0.074532;0.00510357;-0.0088992;0.0589004;-0.0655279;0.0588454;0.269178;0.160725;0.357721;0.0267736;0.235916;0.0706853;0.019535;0.409857;0.12667;0.248811;0.0197365;0.290921;1;1;0.908365;1;0;1;
22;-0.0404011;0.0361239;0.0204701;0.00242616;-0.0062927;0.00239453;0.28256;0.145146;0.332511;0.0293666;0.238143;0.0294278;-0.0217205;0.441698;0.095392;0.273577;0.0115254;0.250796;1;1;1;0.75854;0;1;
23;-0.0568312;0.0169769;0.0839696;-0.0797794;0.0789762;-0.0812526;0.286098;0.148704;0.318147;0.038122;0.223135;0.00933277;-0.0385618;0.440271;0.0665452;0.289933;0.00673016;0.221347;1;1;1;0.686828;0;1;
24;-0.0619956;0.00993622;0.166278;-0.148847;0.163374;-0.164695;0.271192;0.141356;0.287239;0.0659654;0.195198;0.0121198;-0.046909;0.436344;0.0496246;0.311277;0.00392984;0.185682;1;1;1;0.571021;0;1;
25;-0.0602696;0.00983688;0.187734;-0.160696;0.224681;-0.179944;0.245564;0.133579;0.261316;0.0979119;0.188183;0.0373446;-0.0353022;0.42439;0.0647971;0.292802;0.0082375;0.158193;1;1;1;0.444221;0.463779;1;
26;-0.0497723;0.0180366;0.19757;-0.151758;0.238077;-0.169009;0.226108;0.13676;0.240947;0.120893;0.173134;0.0610626;-0.0206214;0.404754;0.0845379;0.264967;0.036373;0.132925;1;1;1;0.140557;0.646016;1;
27;-0.0388573;0.0267079;0.209366;-0.173448;0.212748;-0.183004;0.202902;0.133216;0.20676;0.130159;0.161209;0.0907539;-0.0533432;0.352728;0.0969557;0.209544;0.089;0.125672;1;1;1;0.48532;0.594102;1;
28;-0.0378725;0.0237602;0.212677;-0.182584;0.199313;-0.185711;0.151917;0.147389;0.160875;0.164812;0.147535;0.138801;-0.0394008;0.283994;0.110926;0.172724;0.144044;0.108994;1;1;1;0.244037;1;1;
29;0.0580271;-0.0983283;0.261319;-0.220912;0.219233;-0.178793;0.0444545;0.14048;0.0854921;0.153494;0.0941471;0.128825;0.0558799;0.165858;0.185221;0.100874;0.202003;0.0527655;1;0;0;0.22766;0.890417;1;
30;0.126366;-0.170236;0.305645;-0.241823;0.190873;-0.202453;-0.0498996;0.167111;0.0217444;0.174712;0.0748436;0.169998;0.104515;0.0968586;0.214345;0.0589097;0.259813;-0.0228175;1;0;0.17659;0;0.91869;1;
31;0.0825524;-0.197075;0.276539;-0.238882;0.169698;-0.201915;-0.0938291;0.20395;-0.0392002;0.20839;0.088242;0.208472;0.109641;0.0565646;0.185353;0.0344028;0.301442;0.0308283;1;0;1;0.334521;1;1;
32;0.044368;-0.193291;0.24013;-0.217506;0.172649;-0.198079;-0.0915793;0.231167;-0.0475997;0.23376;0.0774913;0.233812;0.132943;0.0330328;0.172009;0.0200906;0.294758;0.0180046;1;0;1;0;1;1;
33;-0.00135828;-0.167055;0.198749;-0.181196;0.153745;-0.177063;-0.0951633;0.2473;-0.0621699;0.248815;0.0804846;0.249599;0.149558;0.0192903;0.167024;0.0117324;0.276621;0.0124824;0.727137;0;1;0;1;0.780031;
34;-0.0634869;-0.120795;0.139896;-0.129053;0.113017;-0.12664;-0.093375;0.252045;-0.0748459;0.255917;0.0830103;0.255592;0.153724;0.0112648;0.150841;0.00685115;0.265563;0.00728988;0.551725;0;1;0;1;0.189157;
35;-0.141103;-0.0515122;0.0626791;-0.056335;0.0478149;-0.0549281;-0.0720519;0.24733;-0.0743747;0.246719;0.0767953;0.246543;0.14241;0.00657796;0.128106;0.00400056;0.262661;0.00553204;0.92292;0;1;0;1;0;
36;-0.228564;0.0403985;-0.0338688;-0.00171058;-0.0291971;0.0384039;-0.0511689;0.230241;-0.0756112;0.239597;0.0728722;0.231352;0.15527;0.00384089;0.118385;0.00208382;0.25937;0.00323025;1;0;1;0.387778;1;0;
37;-0.306138;0.134824;-0.130998;0.0794927;-0.101648;0.13366;-0.0124147;0.205067;-0.060306;0.239077;0.0709359;0.203947;0.169344;0.00224251;0.112744;-0.00206286;0.247852;0.00188603;1;0;1;0.699696;1;0;
38;-0.270518;0.109651;-0.107927;-0.0926629;0.10191;-0.173044;0.0707096;0.041824;0.0427611;0.0616891;0.117016;0.0411608;0.0971189;0.190274;0.129454;0.215926;0.144755;0.0134334;0.260334;1;0.653617;0.628147;0.0497203;1;
39;-0.235304;0.136361;-0.119348;0.0647363;0.201735;0.0240837;0.008303;0.0809039;-0.0291083;0.116451;0.0884335;0.0886936;0.134681;0.111103;0.085756;0.126095;0.213212;0.0569766;1;1;1;1;1;1;
40;-0.247156;0.10102;-0.158997;0.067285;0.178396;0.00708675;0.0352832;0.105459;-0.00618918;0.157882;0.111031;0.121653;0.102026;0.0648844;0.0500836;0.0736444;0.181581;0.0332783;0.826976;0.79619;1;1;1;1;
41;-0.229668;0.119703;-0.138137;0.0897099;0.177122;0.0333571;0.0703763;0.116782;0.0238542;0.134703;0.120891;0.0874204;0.0807093;0.0818124;0.0292496;0.0688821;0.133303;0.0505455;0.707665;0.952167;1;1;0.354759;0.961906;
42;-0.256675;0.142358;-0.107951;0.17623;-0.0203833;0.134835;0.0855388;0.107759;0.0652383;0.0467568;0.10253;0.0422952;0.0471346;0.17206;-0.0139803;0.0847601;0.0778496;0.0992039;0;0.787397;1;1;0.0454663;1;
43;-0.265835;0.10701;-0.131611;0.218883;-0.127841;0.161061;0.125251;0.100265;0.1134;-0.0369142;0.135174;-0.0250617;0.0275258;0.263752;-0.0179207;0.090336;0.045463;0.133484;0;0.600392;1;1;0;1;
44;-0.257621;0.111854;-0.121516;0.21925;-0.177033;0.158187;0.175741;0.0980514;0.168821;-0.0807516;0.181536;-0.0692816;0.0160745;0.309074;-0.0366598;0.116131;0.0265497;0.139304;0;0.936941;1;1;0;1;
45;-0.234226;0.101844;-0.129109;0.168185;-0.187163;0.111308;0.213967;0.102723;0.209922;-0.0955108;0.217351;-0.10069;0.00938699;0.311865;-0.0466443;0.128771;0.0155044;0.135808;0;1;1;1;0;1;
46;-0.198059;0.10668;-0.121451;0.13259;-0.170575;0.0788056;0.237438;0.102732;0.232474;-0.0907967;0.239414;-0.102972;0.0054814;0.309634;-0.0321234;0.132654;0.00905399;0.111131;0;1;0.620702;1;0;1;
47;-0.148387;0.0541123;-0.103648;0.110151;-0.132336;0.0492007;0.249946;0.0800807;0.247047;-0.0845591;0.2511;-0.0729019;0.00320069;0.277073;-0.0187603;0.146801;0.00528684;0.136138;0;1;0.064766;1;0;1;
48;-0.0805367;0.0254784;-0.0544094;0.0582117;-0.0711632;0.00564922;0.249144;0.092954;0.248729;-0.091514;0.247948;-0.0908176;0.00186868;0.277281;-0.0109563;0.135804;0.00308686;0.129533;0;1;0;1;0;1;
49;0.00920075;-0.0413504;0.0244583;-0.0222223;0.0146751;-0.0660326;0.236003;0.0890038;0.239707;-0.0797427;0.236887;-0.0800212;0.00109079;0.262587;-0.00639905;0.132678;0.00180214;0.133306;0;1;0;0.921448;0;1;
50;0.107828;-0.126594;0.116736;-0.114301;0.111025;-0.150298;0.215714;0.0917702;0.215103;-0.058038;0.215983;-0.0573684;0.000636578;0.257509;-0.0037372;0.120651;0.00105185;0.129249;0;1;0.626934;1;0;1;
51;0.18814;-0.189381;0.193329;-0.176518;0.190008;-0.21296;0.207441;0.103939;0.208529;-0.0314669;0.198922;-0.0396566;0.00037128;0.232819;-0.00176441;0.12316;0.000613855;0.142472;0;1;0.657959;1;0;1;
52;0.240785;-0.199244;0.230643;-0.208114;0.241876;-0.255289;0.186386;0.101763;0.187024;0.0174766;0.181411;-0.00618776;0.000216387;0.205694;0.0170129;0.120502;0.00035788;0.118524;0;1;0.70768;1;0;1;
53;0.271537;-0.204293;0.236031;-0.226506;0.272175;-0.280012;0.153271;0.101322;0.153651;0.0624549;0.150365;0.0231688;-0.00753335;0.167328;0.0354566;0.124531;0.000208561;0.106945;0.831471;1;0.878939;1;0;1;
54;0.271541;-0.211211;0.233466;-0.231525;0.269512;-0.287742;0.10671;0.124264;0.124379;0.0839786;0.105016;0.0526297;0.0391809;0.128791;0.065218;0.106439;0.0467818;0.0754965;1;1;1;1;1;1;
55;0.265916;-0.234306;0.22753;-0.23186;0.253762;-0.285188;0.0449055;0.135485;0.0731478;0.132879;0.0919026;0.111042;0.075028;0.0752291;0.0819416;0.0845798;0.0982024;0.0499017;1;0.40203;1;0.633277;1;0.966508;
56;0.275371;-0.255444;0.231955;-0.250711;0.218368;-0.289752;-0.0379013;0.143266;0.00408531;0.169332;0.08276;0.188922;0.0960803;0.0439328;0.0994674;0.0493966;0.180119;0.0291485;1;0;1;0.3512;1;0.365427;
57;0.236935;-0.260463;0.19461;-0.25312;0.18991;-0.27592;-0.0965193;0.181012;-0.0709081;0.196235;0.0761618;0.207675;0.113709;0.0256562;0.102274;0.0288473;0.239923;0.0170223;1;0;1;0.468552;1;0;
58;0.191452;-0.241388;0.149223;-0.2371;0.144459;-0.250415;-0.110262;0.215796;-0.0970923;0.224687;0.0593561;0.231368;0.110284;0.0149825;0.117533;0.0168462;0.251619;0.00994035;1;0;1;0;1;0;
59;0.14914;-0.208895;0.109074;-0.206391;0.112615;-0.214166;-0.116288;0.238532;-0.0999382;0.243724;0.0527716;0.247626;0.117387;0.0087491;0.119538;0.00983759;0.241383;0.00580465;1;0;1;0;1;0;
60;0.128509;-0.16341;0.0827598;-0.161948;0.0617781;-0.166489;-0.127182;0.251052;-0.099542;0.254084;0.0521415;0.256363;0.105347;0.00510879;0.121925;0.00574464;0.241014;0.00338939;1;0;1;0;1;0;
61;0.0808802;-0.10126;0.0484144;-0.100406;0.0419055;-0.103058;-0.117685;0.249302;-0.0923184;0.249579;0.0460309;0.249131;0.106527;0.00298289;0.114636;0.0033543;0.228102;0.00197888;1;0;1;0;1;0;
62;0.00547029;-0.0173616;-0.0143193;-0.0168628;-0.017299;-0.0184116;-0.114868;0.241967;-0.0966166;0.243558;0.0471844;0.242768;0.100803;0.00174137;0.118999;0.00195844;0.220187;0.00115519;1;0;1;0;1;0;
63;-0.0884336;0.0815054;-0.100023;0.0817963;-0.101743;0.0808919;-0.0978776;0.222491;-0.0822042;0.223669;0.0520535;0.222717;0.0902716;0.00101635;0.113567;0.00114327;0.209895;0.000674157;1;0;1;0;1;0;
64;-0.172316;0.168852;-0.179682;0.16902;-0.180663;0.168494;-0.0658555;0.187359;-0.0566695;0.217128;0.0584157;0.193443;0.083864;0.000593006;0.111573;0.00197255;0.196055;0.000393426;1;0;1;0.129368;1;0;
65;-0.216773;0.228825;-0.235162;0.219121;-0.191168;0.228616;-0.0304847;0.179686;-0.0351938;0.197072;0.0588387;0.183239;0.0993695;0.000345745;0.0933988;-0.0158937;0.171337;0.000229324;1;0;1;0.755161;1;0;
66;-0.244861;0.264814;-0.268518;0.208721;-0.215312;0.264692;0.00137856;0.155577;-0.00160556;0.165734;0.0678716;0.157652;0.0926988;0.00020145;0.0712063;-0.0107952;0.14776;0.00013347;1;0;1;1;1;0;
67;-0.256706;0.284288;-0.28645;0.221133;-0.220535;0.284217;0.0484232;0.116412;0.0423436;0.12235;0.0683577;0.117624;0.0916488;0.000117213;0.0474031;-0.0126108;0.105879;7.75993e-05;1;0;1;1;1;0.0685948;
68;-0.256627;0.285586;-0.285319;0.215343;-0.237941;0.280765;0.0863472;0.0593391;0.0811923;0.0651843;0.0866937;0.0600417;0.0659689;0.0609243;0.0276854;0.03601;0.061844;0.041734;0.438145;1;1;1;0.372691;1;
69;-0.266954;0.251821;-0.283086;0.228047;-0.25983;0.29441;0.11639;0.0532151;0.152805;-0.0140172;0.102727;-0.017021;0.0385273;0.144386;0.0161655;0.049079;0.0361161;0.0645506;0.49063;1;1;1;0;1;
70;-0.266842;0.228648;-0.290233;0.214245;-0.262337;0.281731;0.158357;0.0316738;0.183578;-0.0771241;0.150378;-0.0757743;0.0224993;0.195983;0.0176117;0.0975028;0.0210913;0.0992331;0;1;1;1;0;1;
71;-0.250344;0.212136;-0.288784;0.185312;-0.247713;0.259036;0.200585;0.0308077;0.215321;-0.109479;0.195925;-0.110504;0.013139;0.222308;0.0304304;0.111283;0.0123168;0.0901465;0;1;1;1;0;1;
72;-0.220403;0.176482;-0.246129;0.150096;-0.218867;0.225476;0.229464;0.0319086;0.238072;-0.125712;0.226743;-0.128209;0.00767271;0.226909;0.0189596;0.107128;0.00719238;0.0821948;0;1;0.841139;0.970578;0;1;
73;-0.17814;0.0784636;-0.193164;0.115851;-0.177243;0.181098;0.246127;0.0192839;0.251155;-0.138433;0.244537;-0.114085;0.00448033;0.210311;0.0110721;0.0963322;0.00419972;0.101762;0;1;0.715213;1;0;1;
74;-0.12083;0.0223292;-0.129604;0.0644202;-0.120306;0.122562;0.254054;0.0151267;0.254524;-0.134164;0.253125;-0.112219;0.00261596;0.201172;0.00646568;0.0890476;0.00245202;0.0956361;0;1;0.392415;1;0;1;
75;-0.0429369;-0.0037467;-0.05474;-0.00726689;-0.0426314;0.0439629;0.245533;0.0143195;0.242816;-0.120074;0.244329;-0.124252;0.00152721;0.186311;0.00514991;0.100488;0.00143137;0.0882652;0;1;0;1;0;1;
76;0.0540096;-0.081266;0.0471133;-0.093564;0.054188;-0.05339;0.231553;0.0188781;0.231716;-0.103956;0.228548;-0.121848;0.000891421;0.179703;0.00300693;0.0923478;0.000835327;0.0815497;0;1;0.157905;1;0;1;
77;0.147252;-0.163162;0.143224;-0.179895;0.147356;-0.146868;0.201621;0.0215573;0.220262;-0.0725153;0.198981;-0.0981895;0.000520309;0.168812;0.0017558;0.0908611;0.00048729;0.0751191;0;1;0.132544;1;0;1;
78;0.214968;-0.224249;0.212617;-0.246515;0.21503;-0.214729;0.192806;0.0407;0.203692;-0.0427064;0.190947;-0.0781203;0.000303449;0.148052;0.00102502;0.0889015;0.000284029;0.0711808;0.448692;1;0;1;0;1;
79;0.254308;-0.218957;0.255442;-0.277591;0.256852;-0.255714;0.169056;0.0384248;0.175413;-0.000829284;0.167969;-0.0507127;-0.0213807;0.121606;0.000598216;0.0978233;0.000165356;0.0416413;1;1;0;1;0;1;
80;0.251913;-0.235231;0.270344;-0.289287;0.280218;-0.266281;0.131944;0.0401659;0.135655;0.0395484;0.131307;-0.0123458;-0.0177414;0.0881185;0.0120813;0.0894395;9.61541e-05;0.0243209;1;1;0.385113;1;0;1;
81;0.245086;-0.253775;0.264159;-0.290525;0.28445;-0.265055;0.0789158;0.0508578;0.0810834;0.0789568;0.0785429;0.0343926;0.0193319;0.0514678;0.0487825;0.0668406;0.0458802;-0.00453382;1;0.824706;1;0.87091;0.902906;1;
82;0.255093;-0.27016;0.271268;-0.294184;0.258728;-0.269523;0.00639114;0.069408;0.0214692;0.121498;0.0581288;0.0691824;0.0540646;0.0300564;0.0818291;0.039038;0.116095;-0.00513734;1;0;1;0.353369;1;1;
83;0.232513;-0.275192;0.250619;-0.285822;0.214088;-0.281352;-0.0779052;0.122188;-0.0557723;0.152609;0.0490242;0.122062;0.085558;0.0175525;0.0962088;0.0227979;0.186924;0.0145711;1;0;1;0.209693;1;1;
84;0.194402;-0.260149;0.212676;-0.266357;0.173958;-0.264611;-0.121976;0.176483;-0.103086;0.194249;0.0469596;0.176411;0.0927778;0.0102502;0.0933371;0.0133134;0.223921;0.0095294;1;0;1;0;1;0.209781;
85;0.149847;-0.232088;0.169616;-0.235713;0.137802;-0.234693;-0.127159;0.214909;-0.110972;0.225284;0.0306616;0.214866;0.101216;0.00598553;0.10478;0.00777445;0.220374;0.00556463;1;0;1;0;1;0;
86;0.102734;-0.192386;0.125641;-0.194503;0.0927853;-0.193907;-0.134468;0.237888;-0.112154;0.243948;0.0262519;0.237864;0.101056;0.00349494;0.0999425;0.00453976;0.215128;0.00324933;1;0;1;0;1;0;
87;0.0741834;-0.139183;0.100204;-0.140419;0.0809489;-0.140071;-0.130816;0.249866;-0.119412;0.253404;0.0249984;0.249852;0.100735;0.00204041;0.0983209;0.00265069;0.210194;0.00189709;1;0;1;0;1;0;
88;0.0278555;-0.0671172;0.0443607;-0.0678391;0.0331074;-0.0676361;-0.129;0.246647;-0.119617;0.249654;0.0252205;0.249407;0.100958;0.00119101;0.0996786;0.00154752;0.196473;0.00110741;1;0;1;0;1;0;
89;-0.0490401;0.0260963;-0.0393705;0.0256745;-0.0459552;0.0257931;-0.114659;0.23336;-0.11104;0.23497;0.0229036;0.237349;0.0859696;0.000694929;0.0923886;0.00090327;0.193052;0.000646223;1;0;1;0;1;0;
90;-0.136955;0.123479;-0.13121;0.123233;-0.135068;0.123302;-0.0919351;0.209455;-0.0944122;0.210518;0.0318792;0.206988;0.0799412;0.000405259;0.0911876;0.000527044;0.177834;0.000376915;1;0;1;0;1;0;
91;-0.216024;0.199076;-0.203569;0.198932;-0.205831;0.198972;-0.0567685;0.201688;-0.0675861;0.20256;0.0398663;0.200204;0.0821081;0.00023613;0.0907988;0.000307649;0.158823;0.000219694;1;0;1;0.161445;1;0;
92;-0.25984;0.247405;-0.250023;0.243159;-0.209117;0.247344;-0.023855;0.17972;-0.0424837;0.180229;0.0400765;0.178853;0.103183;0.000137357;0.0673835;-0.016797;0.132737;0.000127945;1;0;1;0.920767;1;0;
93;-0.282431;0.275169;-0.274504;0.230857;-0.233167;0.275134;0.0194393;0.14521;-0.00134038;0.145512;0.0485097;0.144703;0.0845689;7.97579e-05;0.0445191;-0.0107257;0.104293;7.42867e-05;1;0;1;1;1;0;
94;-0.290142;0.287353;-0.281232;0.225269;-0.25406;0.289127;0.0612655;0.0963207;0.0445643;0.0965039;0.0582579;0.0960237;0.0739234;0.0156358;0.0260014;0.00787712;0.0609192;4.30478e-05;1;0.44298;1;1;1;0;
95;-0.289672;0.277701;-0.27718;0.22153;-0.269626;0.289117;0.105327;0.0559712;0.10178;0.034812;0.0598093;0.028628;0.0431773;0.0909035;-0.0169986;0.056853;0.0355753;0.0531937;0.647087;1;1;1;0.553258;1;
96;-0.286141;0.224602;-0.295648;0.221073;-0.274434;0.288406;0.132833;0.041667;0.133385;-0.0509745;0.10625;-0.0515341;0.0252149;0.169965;0.0133627;0.0789978;0.0207754;0.0892522;0;1;1;1;0;1;
97;-0.271124;0.221956;-0.276702;0.195196;-0.264287;0.272445;0.178421;0.0378008;0.178749;-0.0970853;0.162897;-0.100526;0.0147249;0.213882;0.0153644;0.11071;0.0121324;0.0858293;0;1;1;1;0;1;
98;-0.244172;0.137749;-0.2479;0.177991;-0.240179;0.24494;0.215142;0.0361407;0.215335;-0.134095;0.206076;-0.114863;0.00859888;0.226873;0.00897312;0.0955736;0.00708482;0.0936847;0;1;0.773037;1;0;1;
