1;-0.000363588;0.000116064;9.94837e-05;-0.000363588;0.000116064;9.94837e-05;0.0349769;0.0347456;0.0352595;0.0349769;0.0347456;0.0352595;0.808667;0.808665;0.808666;0.808667;0.808665;0.808666;0;0;0;0;0;0;
2;-0.0183176;-0.00771309;-0.00635077;0.0168696;0.0336537;0.0210671;0.118128;0.107057;0.101488;-0.0619134;0.114326;0.168275;0.472323;0.472311;0.472309;0.472405;0.472325;0.472345;1;1;1;0.96995;1;1;
3;0.0195997;0.0314566;0.0175098;0.0119487;0.0160226;-0.0473038;0.138209;0.18246;0.184071;0.0167442;0.219667;0.265744;0.27585;0.275879;0.275878;0.27589;0.275887;0.341294;1;0.578662;1;0.698014;0.0178327;1;
4;0.0169624;0.0248635;0.0118548;0.0170891;0.0113484;-0.0487233;0.198786;0.193997;0.194581;0.0920194;0.226626;0.266617;0.194923;0.249774;0.249279;0.174037;0.265833;0.34084;1;0.981318;1;0.35446;1;1;
5;0.0153857;0.0213483;0.00888637;0.0175585;0.00903474;-0.050123;0.201597;0.194058;0.194719;0.1027;0.226587;0.267318;0.192746;0.246178;0.244355;0.158263;0.25886;0.333364;1;0.974521;1;0.217654;1;1;
6;0.0156227;0.0206199;0.0083253;0.0184244;0.00804479;-0.0503074;0.20208;0.193458;0.19384;0.103956;0.226474;0.268196;0.190018;0.240643;0.238853;0.154455;0.254389;0.327799;1;1;1;0.286493;1;1;
7;0.0162969;0.0211787;0.00888936;0.0183071;0.00718942;-0.0506015;0.200543;0.194212;0.19366;0.101596;0.225129;0.268383;0.188941;0.234974;0.235153;0.154466;0.249726;0.320568;1;1;1;0.34482;1;1;
8;0.0155484;0.0206525;0.00852648;0.0181639;0.00645047;-0.0503086;0.198765;0.19434;0.191877;0.104865;0.224914;0.269551;0.1884;0.228445;0.230009;0.150585;0.24601;0.316298;1;1;1;0.304217;1;1;
9;0.0148716;0.0200724;0.00805143;0.0181345;0.00566261;-0.0500938;0.197831;0.195069;0.189909;0.106413;0.223707;0.27053;0.187379;0.221891;0.225634;0.147653;0.242683;0.311932;1;1;1;0.330499;1;1;
10;0.0134979;0.0186138;0.00670438;0.0185689;0.00494137;-0.0496521;0.196783;0.195983;0.187602;0.103807;0.221214;0.271629;0.188006;0.21632;0.221868;0.145418;0.239951;0.307555;1;1;1;0.528561;1;1;
11;0.0128437;0.0183198;0.00626574;0.0197496;0.00515774;-0.048342;0.195242;0.196619;0.184751;0.106127;0.21909;0.272991;0.18843;0.210552;0.21828;0.14093;0.237689;0.303602;1;1;1;0.522882;1;1;
12;0.011172;0.0170816;0.00485371;0.0212804;0.0054982;-0.0467558;0.193879;0.197219;0.181762;0.108133;0.216477;0.273562;0.190174;0.205862;0.215139;0.135245;0.235703;0.300581;1;1;1;0.531849;1;1;
13;0.0313366;0.0376608;0.0148982;0.0197306;0.0121815;-0.0666302;0.176303;-0.162409;0.206932;0.0903261;0.175029;0.238105;0.183296;-0.73603;0.174636;0.0949626;0.262423;0.294664;0;1;0.698325;0.243277;0;1;
14;0.0392052;-0.0548351;0.101158;-0.0394362;0.0227759;-0.0880634;0.227986;0.54688;0.265504;0.0457184;0.159714;0.201787;0.191047;0.728743;0.262111;0.055479;0.113421;0.278288;1;0;1;0;1;0.56223;
15;0.00690858;0.00605981;0.0632803;-0.0215838;-0.0109374;-0.0954413;0.190991;0.320512;0.241418;0.0318815;0.151474;0.222181;0.217841;0.425685;0.226351;0.0309749;0.144726;0.304405;1;0;1;1;1;0.758335;
16;0.0138987;0.0501328;0.0674611;0.00953281;0.000748495;-0.0807915;0.173343;0.178317;0.219841;0.0590302;0.18095;0.239407;0.177585;0.267691;0.170113;0.0383014;0.180271;0.361024;1;1;1;1;1;0.957158;
17;0.0127585;0.0450354;0.0607272;0.0108435;0.000587122;-0.0867858;0.207702;0.165076;0.243668;0.0443638;0.197253;0.218136;0.148104;0.287446;0.159168;0.03803;0.146278;0.357447;1;1;1;1;1;1;
18;0.0121975;0.0419035;0.0560277;0.0251454;0.0142853;-0.0803902;0.246366;0.156466;0.281818;0.0069222;0.206698;0.18387;0.133659;0.310942;0.132986;0.056886;0.114318;0.370964;0.941803;1;1;1;0.488901;1;
19;0.00209167;0.0407795;0.054031;0.0509269;-0.00355431;-0.0618707;0.278301;0.147396;0.31833;-0.0433675;0.21495;0.149194;0.0907857;0.344783;0.107791;0.0876337;0.0667728;0.388077;0.635052;1;1;1;0.595443;1;
20;-0.0114068;0.0453622;0.0578304;0.0663559;-0.0448664;-0.0488602;0.293027;0.138458;0.335093;-0.075774;0.229521;0.131203;0.0607406;0.371365;0.103568;0.112952;0.0389964;0.386069;0.816276;1;1;1;0.531839;1;
21;-0.00854287;0.0466139;0.05972;0.0467052;-0.0384248;-0.0656336;0.293334;0.132843;0.337852;-0.0759744;0.240361;0.127259;0.0383475;0.361045;0.104248;0.131538;0.0227732;0.38018;0.970587;1;1;1;0;1;
22;-0.01067;0.0400592;0.0562957;-0.00469759;0.00953589;-0.108854;0.280608;0.130063;0.33494;-0.0753286;0.239714;0.126239;0.022396;0.35097;0.118352;0.158383;0.0132988;0.357039;1;1;1;1;0;1;
23;0.0176275;0.0697239;0.103663;-0.0840208;0.0882196;-0.184734;0.294675;0.128611;0.311755;-0.0641367;0.223742;0.07873;-0.0176969;0.392081;0.0811017;0.164615;0.00776574;0.304507;1;1;1;1;0;1;
24;0.0237347;0.0727351;0.109601;-0.135139;0.168773;-0.232862;0.260797;0.118847;0.285434;-0.025858;0.189903;0.114435;-0.0399037;0.351008;0.103848;0.18766;0.00453463;0.272749;1;1;1;1;0;1;
25;0.0232343;0.0691872;0.138357;-0.164658;0.227836;-0.265259;0.227374;0.126061;0.255739;0.00258069;0.157197;0.125614;-0.0305022;0.336172;0.100381;0.182426;0.00264765;0.257543;1;1;1;1;0;1;
26;0.0247197;0.0677414;0.149392;-0.176804;0.26425;-0.278418;0.189211;0.12376;0.220805;0.0426656;0.146138;0.157965;-0.0303788;0.301277;0.0998215;0.176527;0.00154575;0.24637;1;1;1;1;0;1;
27;0.0361978;0.0749677;0.158676;-0.166912;0.28331;-0.269859;0.168512;0.130227;0.19614;0.0725321;0.115811;0.184442;-0.0205814;0.279617;0.112773;0.153673;0.0274926;0.223917;1;0.532178;1;1;0.968309;1;
28;0.0581036;-0.0198173;0.174421;-0.15654;0.293948;-0.262903;0.107854;0.130379;0.135729;0.102365;0.0870217;0.223822;0.0312024;0.183916;0.184814;0.141965;0.067355;0.1748;1;0;1;0.779404;1;1;
29;0.113905;-0.133678;0.216819;-0.176965;0.284098;-0.26104;0.040029;0.132296;0.102304;0.160947;0.0627425;0.278972;0.0492224;0.107409;0.216376;0.0854139;0.14773;0.123319;1;0.136726;1;0.396858;1;1;
30;0.134924;-0.19088;0.236944;-0.201293;0.266617;-0.25342;-0.0449197;0.162332;0.0444527;0.219611;0.0532393;0.336364;0.0887038;0.0627255;0.226642;0.0498888;0.232241;0.122729;1;0;1;0;1;1;
31;0.133681;-0.209131;0.238497;-0.215212;0.252645;-0.255296;-0.0865451;0.201159;0.0109808;0.234611;0.0493528;0.37498;0.115481;0.0366309;0.240065;0.0291348;0.259821;0.109995;1;0;1;0.197365;1;1;
32;0.108056;-0.200132;0.21728;-0.203683;0.227262;-0.267806;-0.0980175;0.229537;0.000332174;0.249073;0.044682;0.384775;0.120112;0.0213917;0.229126;0.017014;0.262644;0.122934;1;0;1;0.0181047;1;1;
33;0.0647595;-0.17105;0.181067;-0.173124;0.21782;-0.272758;-0.0911843;0.246349;-0.00170111;0.257122;0.0392258;0.378179;0.138933;0.0124921;0.218981;0.00993551;0.240467;0.138317;1;0;1;0;1;1;
34;0.0103471;-0.123128;0.130117;-0.124339;0.189331;-0.286171;-0.0876727;0.252612;-0.0021834;0.252226;0.0331864;0.377836;0.157251;0.00729473;0.196033;0.00580175;0.222414;0.165547;1;0;1;0;1;0.616058;
35;-0.0691641;-0.0528749;0.0576103;-0.0535819;0.129813;-0.229415;-0.0893521;0.24644;-0.0258759;0.246551;0.0337116;0.373863;0.159853;0.00425946;0.181629;0.00338773;0.220066;0.158588;1;0;1;0;1;0.533785;
36;-0.134556;0.0396021;-0.0251294;-0.0184868;0.12753;-0.125139;-0.0772361;0.231702;-0.0479388;0.255575;0.0316053;0.355895;0.15701;0.00248692;0.126039;-0.030108;0.24993;0.158854;1;0;1;0.855794;1;0.554953;
37;-0.189813;0.134359;-0.0993544;-0.0231708;0.11116;-0.0860592;-0.0502439;0.204473;-0.0367403;0.247552;0.0296716;0.333135;0.176005;0.00145173;0.101992;-0.0689727;0.227521;0.165578;0.549092;0;1;1;1;0.899491;
38;-0.23558;0.206277;-0.148094;-0.0265835;0.110191;-0.0569747;-0.0242194;0.168968;-0.0222565;0.222537;0.0376286;0.313385;0.177084;0.000847385;0.0685642;-0.0580737;0.209298;0.189277;0.790813;0;1;1;1;0.528443;
39;-0.237297;0.251688;-0.150663;-0.0194447;0.118215;-0.0505354;0.00125774;0.158628;0.00412342;0.189916;0.031765;0.293071;0.173362;0.00049432;0.0564334;-0.0604338;0.190646;0.186291;0.76571;0;1;1;1;0.78048;
40;-0.232756;0.277511;-0.149486;-0.0157952;0.122561;-0.0489171;0.0461779;0.130363;0.0414394;0.148642;0.0215882;0.248967;0.159162;0.000288233;0.0508025;-0.0616273;0.164578;0.187457;0.848764;0;1;1;1;1;
41;-0.230403;0.279795;-0.146711;-0.00368119;0.135101;-0.0382565;0.0812565;0.0841935;0.0769641;0.103356;0.0341482;0.217536;0.126179;0.0630718;0.0296723;-0.0425643;0.133416;0.198275;0;1;1;1;1;1;
42;-0.23566;0.268021;-0.130568;0.108966;-0.0242925;0.0552865;0.128892;0.0830683;0.148587;0.0284289;0.0483643;0.146977;0.0736962;0.189029;-0.020113;-0.0769833;0.0779175;0.225777;0;0.486987;1;1;0.803453;1;
43;-0.225146;0.258717;-0.119646;0.179557;-0.130123;0.0998256;0.214273;0.0867773;0.218355;-0.0586947;0.103541;0.0644431;0.0430468;0.269681;-0.0397591;-0.0595614;0.0455038;0.264377;0.0952335;1;1;1;0;1;
44;-0.232304;0.220063;-0.14127;0.174524;-0.178366;0.0901299;0.257224;0.087025;0.268958;-0.136865;0.163062;0.0188888;0.0251421;0.322291;-0.0285196;-0.0347816;0.0265737;0.252937;0.783774;1;1;1;0;1;
45;-0.225351;0.225351;-0.132776;0.146633;-0.187941;0.0705214;0.260523;0.0828051;0.286524;-0.181359;0.206562;0.00132744;0.0146824;0.328705;-0.0175917;0.0334041;0.0155184;0.245136;0.774832;1;1;1;0;1;
46;-0.221475;0.224642;-0.131226;0.114695;-0.171029;0.049774;0.261998;0.0832775;0.293043;-0.18054;0.233113;-0.00185491;0.00752759;0.3175;-0.0102711;0.043175;0.00906206;0.234832;0.892138;1;1;1;0;1;
47;-0.220089;0.22294;-0.109919;0.0593459;-0.132601;0.00651638;0.267026;0.0851325;0.291221;-0.177042;0.247421;-0.0128929;-0.01022;0.310986;0.0206573;0.0546584;0.00529156;0.211146;1;1;1;1;0;1;
48;-0.20624;0.196452;-0.0580732;0.0138911;-0.0713183;-0.0372783;0.265736;0.0851194;0.281034;-0.177213;0.251301;-0.0220916;-0.0119843;0.310725;0.0163888;0.0449562;0.0030896;0.196473;1;1;1;1;0;1;
49;-0.0642134;0.11441;-1.18479e-05;-0.0507573;0.0145849;-0.0779999;0.257233;0.0768425;0.269257;-0.17297;0.236179;0.00242536;-0.00699917;0.290283;-0.0148241;0.0262615;0.00180366;0.203267;0.388091;1;1;1;0;1;
50;0.0649525;-0.0138921;0.0905039;-0.160406;0.110973;-0.147994;0.245989;0.0692549;0.253016;-0.147449;0.216223;0.0358008;-0.00408778;0.246531;-0.00963263;0.0246208;0.00105275;0.247816;0;1;1;1;0;1;
51;0.163102;-0.0706022;0.178011;-0.254191;0.189977;-0.211591;0.226026;0.0732391;0.230134;-0.106993;0.208643;0.0628502;-0.00238755;0.213377;0.0226221;0.0349715;0.000614142;0.24771;0;1;1;1;0;1;
52;0.225564;-0.0709792;0.203521;-0.294524;0.241857;-0.254476;0.19724;0.0713962;0.202882;-0.0592538;0.187088;0.0894846;-0.0139246;0.177562;0.0366691;0.0466789;0.000358086;0.229738;0;1;1;1;0;1;
53;0.262648;-0.0827147;0.199558;-0.320707;0.272164;-0.279537;0.15961;0.0805575;0.170992;-0.0172183;0.15368;0.119355;-0.00813184;0.139615;0.0539794;0.0382511;0.000208613;0.216314;0.538131;1;1;1;0;1;
54;0.27175;-0.0897503;0.204266;-0.325029;0.28789;-0.292156;0.110407;0.0799525;0.125489;0.041436;0.106943;0.169234;-0.0089642;0.0957347;0.0658592;0.0320344;0.000121385;0.199388;0.903766;1;1;1;0;1;
55;0.26565;-0.102875;0.199972;-0.325873;0.294508;-0.296287;0.0445196;0.101572;0.0789044;0.0882036;0.0424972;0.21895;0.0454824;0.055917;0.0913744;0.0172219;0.0409741;0.169749;1;0.756945;1;0.971322;1;1;
56;0.301038;-0.178686;0.229885;-0.310628;0.296381;-0.292009;-0.0264103;0.123461;0.0327123;0.115661;0.00922398;0.273853;0.0996886;0.0326553;0.141028;0.0287587;0.103563;0.11764;1;0;1;0.428053;1;1;
57;0.292049;-0.211058;0.21461;-0.288111;0.248933;-0.306696;-0.0953899;0.169446;-0.0199906;0.164891;-0.00114953;0.32867;0.120889;0.0190702;0.147749;0.0167954;0.149202;0.125192;0.784469;0;1;0.0322402;1;0.297541;
58;0.259834;-0.226509;0.184926;-0.257535;0.23322;-0.280515;-0.131695;0.209042;-0.0839901;0.206382;0.015248;0.340261;0.110859;0.0111365;0.121294;0.00980792;0.193687;0.0884566;1;0;1;0;1;1;
59;0.219665;-0.200205;0.14038;-0.218325;0.205158;-0.252462;-0.124835;0.234588;-0.0865651;0.233034;-0.00363271;0.327573;0.10781;0.00650315;0.118062;0.00572724;0.193091;0.0642622;1;0;1;0;1;1;
60;0.169702;-0.158336;0.0923143;-0.168917;0.168424;-0.214462;-0.130273;0.248749;-0.0970399;0.247842;-0.00411685;0.324426;0.107255;0.00379721;0.113904;0.0033442;0.183803;0.0557597;1;0;1;0;1;0.886651;
61;0.104943;-0.0982963;0.0404347;-0.104476;0.110569;-0.133745;-0.127985;0.253535;-0.0964987;0.254104;-0.0122428;0.3071;0.0974836;0.00221701;0.116684;0.00195244;0.175385;0.0428151;1;0;1;0;1;0.924881;
62;0.0195341;-0.0156309;-0.0375168;-0.0192401;0.0369521;-0.0963266;-0.126577;0.240009;-0.0923323;0.241013;-0.0137044;0.302238;0.0988207;0.00129414;0.107283;0.0011397;0.163075;0.0534767;1;0;1;0;1;0.728587;
63;-0.0683302;0.0825161;-0.117709;0.0804083;-0.0340517;-0.0578783;-0.0966702;0.221924;-0.0718875;0.224243;-0.0167512;0.282647;0.101638;0.000755219;0.105692;0.000665078;0.132757;0.0616618;1;0;1;0;1;0.631984;
64;-0.127234;0.169442;-0.190012;0.168212;-0.061944;-0.064814;-0.0714211;0.184344;-0.0592694;0.211842;-0.0115292;0.273572;0.1219;0.000440653;0.0956838;0.000387941;0.10345;0.0813162;1;0;1;0;1;0.482733;
65;-0.163795;0.22917;-0.241191;0.228451;-0.0770652;-0.0682085;-0.0253604;0.176965;-0.0356071;0.193984;-0.00701555;0.250147;0.118619;0.000256783;0.0828165;0.000226079;0.0669858;0.103725;1;0;1;0;1;0.445126;
66;-0.184411;0.265015;-0.27204;0.264596;-0.0836822;-0.0659838;0.0150895;0.153988;-0.00961534;0.163927;-0.00274656;0.2235;0.112554;0.000149506;0.0662161;0.000131578;0.0391283;0.126094;1;0;1;0;1;0.556683;
67;-0.191852;0.272491;-0.287175;0.283624;-0.082359;-0.0581011;0.0488385;0.115487;0.0209361;0.121291;0.00436364;0.193783;0.0996823;0.0189299;0.0386784;0.00883298;0.0228495;0.152503;1;0.893326;1;0.630866;1;0.87103;
68;-0.19247;0.261689;-0.284211;0.284059;-0.0991976;-0.064149;0.0942325;0.085732;0.0699592;0.0621858;0.0243056;0.146243;0.0748879;0.0762042;0.0167591;0.0362303;-0.0141461;0.169497;0.661811;1;1;1;1;1;
69;-0.206258;0.271931;-0.240716;0.419309;-0.178802;0.0366349;0.15348;0.0940949;0.11366;-0.0157683;0.0662925;0.0864283;0.0437406;0.199625;-0.0110361;0.0534139;-0.0103325;0.176243;0.52741;1;1;1;0;1;
70;-0.230117;0.260165;-0.243645;0.365302;-0.215018;-0.0160119;0.18002;0.065131;0.156768;-0.0744994;0.1291;0.0272349;0.0287218;0.228354;-0.00388976;0.10491;-0.00603463;0.202902;0.569612;1;1;1;0;1;
71;-0.222965;0.246443;-0.23739;0.349121;-0.220078;-0.0410288;0.213236;0.0699962;0.199659;-0.111846;0.183499;-0.00868934;0.0167732;0.257587;0.00178233;0.112071;-0.00352474;0.191602;0.345407;1;0.356984;1;0;1;
72;-0.204414;0.218421;-0.212838;0.294409;-0.202728;-0.080318;0.236852;0.0500653;0.228923;-0.115956;0.219486;-0.00953504;0.00979499;0.24788;0.00104045;0.116184;-0.00205898;0.20955;0;1;0;1;0;1;
73;-0.168802;0.176984;-0.173722;0.242859;-0.167818;-0.124479;0.250441;0.0500014;0.245811;-0.130384;0.240299;-0.0150833;0.00571978;0.244541;0.000607153;0.103665;-0.00120306;0.208151;0;1;0;1;0;1;
74;-0.115377;0.12016;-0.11825;0.167391;-0.114802;-0.182123;0.256573;0.045524;0.253869;-0.137566;0.25065;-0.00942829;0.00333985;0.232639;0.000354094;0.0931161;-0.000703206;0.214895;0;1;0;1;0;1;
75;-0.0397525;0.0425566;-0.0414301;0.0701611;-0.0394165;-0.254984;0.246856;0.0491737;0.243406;-0.146785;0.247085;0.00340143;0.00194999;0.230672;0.000206333;0.0734097;-0.000411288;0.21234;0;1;0;1;0;1;
76;0.0558691;-0.054214;0.0548894;-0.0380909;0.0560658;-0.332666;0.232719;0.0607438;0.228363;-0.148317;0.226038;0.021342;0.00113834;0.230707;0.00012022;0.0505202;-0.000240799;0.227184;0;1;0.193611;1;0;1;
77;0.148337;-0.142517;0.147757;-0.137936;0.148453;-0.389888;0.193915;0.0695463;0.224631;-0.133356;0.201712;0.058293;0.000664338;0.229198;0.00136025;0.0424219;-0.00014127;0.246718;0;1;0.107367;1;0;1;
78;0.215603;-0.187835;0.215264;-0.197258;0.215671;-0.42482;0.184675;0.090007;0.206247;-0.111487;0.192859;0.082567;0.00038762;0.218853;0.00636246;0.0247791;-8.29933e-05;0.25161;0;1;1;1;0;1;
79;0.257186;-0.157043;0.256115;-0.182161;0.257226;-0.420632;0.164307;0.0855497;0.17691;-0.0639985;0.169086;0.111833;0.000225969;0.161755;0.0240953;0.0236632;-4.9026e-05;0.231504;0;1;1;1;0;1;
80;0.280412;-0.160353;0.265535;-0.186937;0.280436;-0.422346;0.129168;0.0846186;0.140397;-0.0185715;0.131959;0.144736;0.000131648;0.120985;0.0313544;0.013821;-2.91781e-05;0.226848;0;1;1;1;0;1;
81;0.291314;-0.167187;0.268754;-0.194124;0.291328;-0.426847;0.0772865;0.0983084;0.102546;0.0421782;0.0789166;0.192146;7.65041e-05;0.0789138;0.0483662;-0.0315922;-1.74265e-05;0.198449;0;1;1;1;0;1;
82;0.298343;-0.192795;0.26144;-0.188996;0.307182;-0.420493;0.00542566;0.132518;0.0639033;0.0643387;0.00638873;0.231932;0.00765266;0.0460921;0.0926216;-0.0547568;0.0597806;0.147174;0.498887;0.185351;1;0.872743;1;1;
83;0.285676;-0.226611;0.255172;-0.214867;0.36665;-0.3718;-0.0784832;0.159044;0.00132757;0.119227;-0.0218428;0.286666;0.0776873;0.0269172;0.13799;-0.0374567;0.0910334;0.0989967;0.431258;0;1;0;1;1;
84;0.266273;-0.231778;0.186215;-0.22492;0.356924;-0.351743;-0.150958;0.198007;-0.0510084;0.174754;-0.0602625;0.337829;0.0657465;0.0157193;0.135195;-0.0218751;0.127689;0.105871;0;0;1;0;1;1;
85;0.235664;-0.21552;0.112004;-0.211515;0.343458;-0.312638;-0.200005;0.227479;-0.0642534;0.213899;-0.0878504;0.333662;0.0383955;0.00917932;0.144385;-0.0127751;0.108939;0.0821322;0;0;1;0;1;0.917476;
86;0.194475;-0.18271;0.0723057;-0.180371;0.260567;-0.295512;-0.229187;0.245229;-0.0752595;0.237299;-0.0764061;0.332893;0.0224942;0.00536011;0.12266;-0.00746117;0.100014;0.0867971;1;0;1;0;1;1;
87;0.140403;-0.133533;0.0291573;-0.132167;0.226394;-0.245364;-0.244785;0.254153;-0.0840584;0.249522;-0.0815324;0.325896;0.0132042;0.00312976;0.113863;-0.00435775;0.106437;0.0929297;0;0;1;0;1;0.460406;
88;0.0678277;-0.0638175;-0.0352106;-0.0630199;0.118059;-0.129127;-0.267006;0.249906;-0.0954274;0.249725;-0.0719805;0.298441;-0.00512741;0.00182712;0.117202;-0.00254536;0.103712;0.0542699;1;0;1;0;1;0;
89;-0.0256799;0.0280237;-0.0858669;0.0284887;0.00366586;-0.0101188;-0.263703;0.235122;-0.0759649;0.233824;-0.0723636;0.277315;-0.0298792;0.00106653;0.12235;-0.00148708;0.0988181;0.0316925;1;0;1;0;1;0;
90;-0.123244;0.124605;-0.158384;0.124876;-0.10608;0.102329;-0.247792;0.208235;-0.0526343;0.211658;-0.0689174;0.255737;-0.0307924;0.000622278;0.134305;-0.00086893;0.0794387;0.0185076;1;0;1;0;1;0;
91;-0.198954;0.199733;-0.219451;0.199891;-0.188892;0.186724;-0.224331;0.201226;-0.0257776;0.203225;-0.0560176;0.228966;-0.0360909;0.000362923;0.132522;-0.000507948;0.062151;0.0108077;1;0;1;0;1;0;
92;-0.260145;0.247788;-0.259298;0.247881;-0.226579;0.240191;-0.192946;0.179449;0.0008525;0.180617;-0.0394252;0.19565;-0.0425916;0.000211449;0.119011;-0.000297088;0.0363049;0.00631116;1;0;1;0;1;0;
93;-0.305845;0.275393;-0.28748;0.275447;-0.256516;0.270956;-0.152942;0.145052;0.0318301;0.145734;-0.0241032;0.154513;-0.0713554;0.000123019;0.0954656;-0.000173958;0.021203;0.00368523;1;0;1;0;1;0;
94;-0.367205;0.289278;-0.358883;0.28931;-0.275202;0.286687;-0.100841;0.0962273;0.0625521;0.0966254;0.00545722;0.101752;-0.0645399;7.14938e-05;0.0767823;-0.000101964;-0.0240506;0.00215167;1;0;1;0;1;0;
95;-0.338845;0.29333;-0.337939;0.293349;-0.284476;0.299056;-0.0314402;0.0287383;0.141941;0.0289701;0.0156658;0.0319655;-0.0803961;4.14308e-05;0.0482214;-5.98897e-05;-0.10483;0.00388174;1;0;1;0;1;0.540929;
96;-0.336432;0.251003;-0.332746;0.300077;-0.287114;0.311425;0.0529458;-0.0080433;0.207771;-0.0544063;0.0804667;-0.0526447;-0.113972;0.11061;0.039579;-0.0172927;-0.0888639;0.0200231;1;1;0.557512;0.397238;0;1;
97;-0.300495;0.221136;-0.29967;0.279258;-0.271692;0.286479;0.131766;-0.0326587;0.222185;-0.132612;0.147839;-0.10222;-0.0665623;0.128471;0.0303023;0.0681245;-0.0518971;0.0782504;0;1;0;1;0;1;
98;-0.261324;0.15061;-0.260842;0.248919;-0.244504;0.253135;0.187896;-0.0255058;0.2407;-0.183284;0.197282;-0.140958;-0.0388725;0.162189;0.0176958;0.0562692;-0.0303084;0.0653233;0;1;0;1;0;1;
