1;-0.000363586;0.000116065;9.9484e-05;-0.000363586;0.000116065;9.94839e-05;0.0349769;0.0347456;0.0352595;0.0349769;0.0347456;0.0352595;0.808667;0.808665;0.808666;0.808667;0.808665;0.808666;0;0;0;0;0;0;
2;0.0174966;0.0125472;0.0114448;-0.0110191;-0.0183931;-0.0128216;0.0675615;0.115369;0.121261;0.119222;0.111327;0.047542;0.472287;0.472337;0.472346;0.472345;0.472336;0.472283;1;1;1;1;1;1;
3;0.0106434;0.00690151;0.00710807;-0.00540998;-0.0103169;-0.00791231;0.0454009;0.0681863;0.0737412;0.0699776;0.0678522;0.0343578;0.275826;0.275863;0.275869;0.275869;0.275864;0.275823;0.641906;0.796171;1;0.829052;0.938541;0.854562;
4;0.00685073;0.00339529;0.00478559;0.00288993;-0.00539069;-0.00525501;0.0323853;0.0573928;0.0680224;0.0586249;0.0642757;0.0314031;0.161088;0.161113;0.161117;0.161117;0.161114;0.161086;0.895366;1;1;0.9719;1;1;
5;0.00487715;0.0011071;0.00385201;0.000812019;-0.00303371;-0.00394479;0.0206195;0.049431;0.0619696;0.0494904;0.0521515;0.0297793;0.0940794;0.0940965;0.0941001;0.0940987;0.0940977;0.0940791;0.803864;1;1;1;1;0.882503;
6;0.00395571;-0.000460676;0.00357378;0.00191984;-0.0020696;-0.000537924;0.0200304;0.0435286;0.0524941;0.0459414;0.0530422;0.0195473;0.0549453;0.0549576;0.054961;0.0549586;0.054959;0.0549453;0.856646;0.977154;1;1;1;0.987302;
7;0.00362926;-0.00151212;0.00423728;0.000826223;-0.00113614;-0.00114317;0.0136204;0.0408265;0.0519117;0.0463914;0.0413649;0.0228587;0.0320905;0.0320995;0.0321028;0.0321003;0.0321017;0.0320904;0.847449;0.907689;1;0.873441;1;1;
8;0.00351859;-0.00158295;0.00424393;0.000269927;-0.00229012;-0.00149818;0.0128338;0.0390794;0.0477233;0.0474663;0.0391484;0.0226104;0.0187435;0.0187499;0.0187536;0.0187507;0.0187522;0.0187432;0.871296;0.8423;1;0.880587;1;1;
9;0.00259342;-7.85087e-05;0.00308229;0.00119738;-0.00406316;0.000146487;0.0100843;0.0377738;0.0433206;0.0474999;0.0369808;0.0232352;0.0109489;0.010953;0.0126161;0.0109541;0.010956;0.010948;0.904874;0.761912;1;0.867282;1;0.970323;
10;0.000619522;0.00084963;0.000905192;0.00544927;-0.00741674;0.00174651;0.00761277;0.037804;0.0403243;0.0477404;0.0349702;0.0261508;0.00639681;0.0063992;0.0117093;0.0064005;0.0119745;0.00639542;0.947603;0.672509;1;0.904461;1;0.946342;
11;-0.0032839;0.00414227;-0.00311693;0.00769903;-0.0144286;0.00466609;0.00557697;0.0379268;0.0365968;0.0482048;0.0346495;0.029259;0.00373843;0.00373935;0.0118162;0.00374065;0.0127463;0.00373664;1;0.606477;1;1;1;0.925837;
12;-0.0102171;0.0107187;-0.0101194;0.0127962;-0.0259667;0.0110248;0.00423313;0.0383317;0.0327186;0.0496826;0.0336647;0.0317214;0.00275483;0.0021857;0.0124308;0.00218688;0.0146922;0.00218385;1;0.59095;1;1;1;0.903511;
13;-0.0214242;0.0217174;-0.0213671;0.0229311;-0.0306234;0.0218965;0.00481265;0.038666;0.0317117;0.0508956;0.0327562;0.0323009;0.00460196;0.00127839;0.0111496;0.00278589;0.0144018;0.00127706;1;0.68957;1;1;1;0.887923;
14;-0.0380073;0.0381787;-0.037974;0.0388882;-0.0433809;0.0382838;0.00633961;0.0365256;0.0333273;0.0441009;0.0385377;0.028236;0.0041011;0.00132317;0.0119682;0.00302088;0.014714;0.000747685;1;0.91686;1;1;1;0.82237;
15;-0.0602767;0.0603767;-0.0602571;0.0607916;-0.063415;0.0604385;0.0154415;0.0333783;0.0439202;0.0363146;0.0397722;0.021508;0.0023972;0.00423932;0.00962368;0.00293284;0.0085968;0.00185353;0.919791;1;1;1;1;0.759718;
16;-0.0867172;0.0867751;-0.086705;0.0870179;-0.0885494;0.0868115;0.0312197;0.0270418;0.0665194;0.0171145;0.038402;0.00897616;0.00140093;0.0164715;0.00861542;0.00695465;0.00502138;0.00828092;0.590472;1;1;1;0.907496;1;
17;-0.113108;0.113141;-0.1131;0.113284;-0.114178;0.113162;0.0511095;0.00906434;0.102578;-0.0228758;0.0553035;-0.0212361;0.000818019;0.0290635;0.00503331;0.00918931;0.00293197;0.0190933;0.147962;1;1;1;0;1;
18;-0.132795;0.132815;-0.132789;0.132897;-0.13342;0.132825;0.0914127;-0.0197705;0.121472;-0.0749194;0.093862;-0.0723119;0.000477357;0.0581675;0.00294005;0.00836586;0.0017119;0.0289382;0;1;0.568628;0.981034;0;1;
19;-0.138309;0.172612;-0.138305;0.138367;-0.138674;0.138326;0.141168;-0.0645072;0.158722;-0.131531;0.142598;-0.128871;0.000278378;0.0703339;0.00171651;0.0153677;0.000999349;0.0389829;0;1;0;0.755258;0;1;
20;-0.123565;0.1436;-0.123563;0.123598;-0.123778;0.123574;0.184566;-0.13388;0.194817;-0.178933;0.185401;-0.168787;0.000162165;0.0581962;0.00100201;0.0101811;0.000583171;0.0313692;0;1;0;0.838071;0;1;
21;-0.0843841;0.0960852;-0.084383;0.084403;-0.0845088;0.0843889;0.214108;-0.156246;0.220094;-0.210814;0.214595;-0.201995;9.42519e-05;0.0339948;0.000584732;0.00625779;0.000340057;0.018325;0;1;0;0.93224;0;1;
22;-0.017304;0.0241388;-0.0173033;0.0173147;-0.017377;0.0173067;0.230057;-0.158906;0.233553;-0.226492;0.230342;-0.200007;5.4555e-05;0.019859;0.000340982;0.0036562;0.000198075;0.0107048;0;1;0;0.981391;0;1;
23;0.0725461;-0.0685521;0.0725465;-0.07254;0.072503;-0.0725443;0.227013;-0.14754;0.228517;-0.207558;0.229245;-0.193059;3.13781e-05;0.0211446;0.000198635;0.0021359;0.000115121;0.00625436;0;1;0;1;0;1;
24;0.159619;-0.157285;0.15962;-0.159616;0.159594;-0.159618;0.211221;-0.114421;0.215274;-0.168457;0.222579;-0.170328;1.7918e-05;0.0195217;0.000115548;0.00124802;6.67281e-05;0.00365449;0;1;0;1;0;1;
25;0.222491;-0.221126;0.222491;-0.222489;0.222476;-0.22249;0.196597;-0.072214;0.198964;-0.120446;0.20323;-0.140079;9.90618e-06;0.0237348;6.69244e-05;0.00949204;3.84543e-05;-0.00336494;0;1;0;1;0;1;
26;0.261128;-0.260333;0.261128;-0.261127;0.261119;-0.261128;0.169147;-0.029693;0.170529;-0.0591333;0.173021;-0.106021;5.36e-06;0.0190673;3.86692e-05;0.0138894;2.19275e-05;-0.0106489;0;1;0;1;0;1;
27;0.282493;-0.282029;0.282493;-0.282493;0.282488;-0.282493;0.129242;0.0307634;0.13005;-0.00218454;0.131505;-0.0923761;2.71054e-06;0.0252893;2.2147e-05;0.00948717;1.24011e-05;-0.0062191;0;1;0;1;0;1;
28;0.292154;-0.291885;0.292154;-0.292155;0.29215;-0.292155;0.0735618;0.0615516;0.0740279;0.0574438;0.0748792;-0.0520202;0.0135169;0.018618;0.00442012;0.0224385;0.0150243;-0.00363075;1;1;0.665751;0.902549;0.879089;1;
29;0.289416;-0.2977;0.286237;-0.294714;0.284671;-0.295267;-0.00131678;0.0802267;-0.00103702;0.077829;0.010818;0.0139027;0.0137158;0.0108724;0.0314964;0.0131045;0.0525169;-0.00212055;1;0;1;0;1;0.560537;
30;0.281829;-0.286668;0.279972;-0.284924;0.278522;-0.285247;-0.0858374;0.131923;-0.0856611;0.130523;-0.0694674;0.0931902;0.0128174;0.00634904;0.0374377;0.00765258;0.0636003;-0.00123875;0.92251;0;1;0;1;0;
31;0.262244;-0.265071;0.261159;-0.264052;0.260313;-0.264241;-0.156483;0.183401;-0.156373;0.182583;-0.146439;0.160781;0.0114383;0.00370743;0.0249705;0.00446865;0.0420665;-0.000723812;1;0;1;0;1;0;
32;0.231148;-0.2328;0.230515;-0.232205;0.230021;-0.232315;-0.203444;0.219167;-0.203374;0.218689;-0.180278;0.205957;0.00691051;0.00216461;0.0145865;0.00260925;0.0245736;-0.000423101;1;0;1;0;1;0;
33;0.189163;-0.190128;0.188793;-0.18978;0.188505;-0.189845;-0.231108;0.240292;-0.223437;0.240013;-0.184065;0.232578;0.00403744;0.00126361;0.00852004;0.00152326;0.0143558;-0.000247602;1;0;1;0;1;0;
34;0.133705;-0.134269;0.13349;-0.134066;0.133322;-0.134104;-0.245306;0.251052;-0.218905;0.250889;-0.18467;0.246546;0.00235895;0.000737393;0.00497682;0.000889057;0.00838723;-0.000145116;1;0;1;0;1;0;
35;0.0590516;-0.0593812;0.0589258;-0.0592626;0.0588284;-0.0592845;-0.231013;0.249218;-0.215793;0.249738;-0.17969;0.249311;0.00137802;0.000430099;0.00290762;0.000518675;0.00490087;-8.52678e-05;1;0;1;0;1;0;
36;-0.0359955;0.0358028;-0.0360689;0.0358723;-0.0361248;0.0358595;-0.212991;0.2295;-0.203267;0.235036;-0.160649;0.235453;0.000805576;0.0002506;0.00169925;0.000302387;0.0051117;-5.03293e-05;1;0;1;0;1;0;
37;-0.132253;0.13214;-0.132296;0.132181;-0.132327;0.132173;-0.178361;0.20415;-0.182684;0.20436;-0.135995;0.201484;0.00456353;0.000145779;0.00218653;0.000176224;0.0118777;-2.97954e-05;1;0;1;0;1;0;
38;-0.205047;0.204981;-0.205072;0.205005;-0.20509;0.205;-0.129205;0.197188;-0.153534;0.195012;-0.0884898;0.178526;0.00638346;8.46605e-05;0.0055353;0.000102386;0.0197416;-1.78017e-05;1;0;1;0;1;0;
39;-0.25097;0.250932;-0.250985;0.250946;-0.250997;0.250943;-0.0714752;0.175108;-0.1108;0.173837;-0.0362326;0.164209;0.0177128;4.89268e-05;0.00613046;5.93713e-05;0.0264172;-1.09059e-05;1;0;1;0;1;0;
40;-0.277092;0.27707;-0.277101;0.277076;-0.27711;0.277076;0.00226351;0.139987;-0.0536901;0.139246;0.0238349;0.133622;0.0374717;2.81042e-05;0.00847219;3.46203e-05;0.0332733;-6.786e-06;1;0;1;0.290795;1;0;
41;-0.289957;0.289943;-0.289962;0.289945;-0.289968;0.289947;0.0479917;0.0898046;0.0381965;0.089378;0.0549659;0.0860871;0.0321176;1.65534e-05;0.0110581;0.0199052;0.0194356;-4.26064e-06;1;0.145392;1;0.900975;1;0;
42;-0.293164;0.292663;-0.293167;0.291205;-0.293171;0.288557;0.0680453;0.0225438;0.100243;0.0202721;0.0860286;0.0183539;0.0187581;0.0435335;0.00645965;0.0175322;0.0113504;0.0359432;0.74649;1;1;0.858147;0.291586;1;
43;-0.287144;0.286851;-0.287146;0.285999;-0.287148;0.260548;0.115035;-0.0532634;0.133839;-0.0634546;0.125537;-0.0645633;0.0109543;0.0633149;0.00377208;0.0161874;0.00662817;0.0359068;0;1;0;0.647341;0;1;
44;-0.270066;0.269894;-0.270067;0.269396;-0.270068;0.229843;0.169775;-0.13368;0.180756;-0.139648;0.175908;-0.140286;0.00639688;0.0451185;0.00220243;0.0160565;0.00387034;0.0256413;0;1;0;0.718129;0;1;
45;-0.241493;0.241393;-0.241494;0.241103;-0.241495;0.218002;0.210483;-0.180885;0.216896;-0.192885;0.214064;-0.193253;0.00373532;0.0263569;0.00128578;0.00938022;0.00225979;0.0149785;0;1;0;0.989516;0;1;
46;-0.202303;0.202245;-0.202304;0.202075;-0.202304;0.188583;0.235403;-0.180098;0.239148;-0.225124;0.237495;-0.223989;0.00218089;0.0153978;0.000750378;0.00547957;0.00131921;0.00874922;0;1;0;1;0;1;
47;-0.150865;0.150831;-0.150865;0.150732;-0.150865;0.142851;0.248758;-0.184193;0.250945;-0.242753;0.249979;-0.219342;0.0012731;0.00899654;0.00043767;0.00320119;0.000769878;0.00511045;0;1;0;1;0;1;
48;-0.0819842;0.0819655;-0.0819844;0.0819075;-0.0819845;0.0773035;0.2517;-0.180186;0.251873;-0.240017;0.252222;-0.21394;0.000742955;0.0052571;0.000255053;0.00186977;0.000449057;0.00298575;0;1;0;0.969256;0;1;
49;0.00835554;-0.00836519;0.00835546;-0.00839974;0.00835541;-0.0110898;0.239177;-0.166357;0.239951;-0.222023;0.234409;-0.205638;0.000433347;0.00583166;0.000148412;0.00109221;0.000261688;0.00174504;0;1;0;0.946595;0;1;
50;0.107334;-0.107339;0.107334;-0.107359;0.107334;-0.108932;0.213415;-0.139064;0.213406;-0.194681;0.214516;-0.191594;0.000252579;0.00868395;8.61561e-05;0.000638529;0.000152273;0.00267043;0;1;0;1;0;1;
51;0.187852;-0.187854;0.187852;-0.187866;0.187852;-0.188785;0.204424;-0.100095;0.203237;-0.150775;0.207646;-0.159703;0.000147053;0.0174429;4.98585e-05;-0.00706977;8.84175e-05;0.00348573;0;1;0;1;0;1;
52;0.240616;-0.240617;0.240616;-0.240624;0.240617;-0.241162;0.184625;-0.0500356;0.183931;-0.10215;0.186506;-0.119102;8.53943e-05;0.023104;2.86262e-05;-0.0041275;5.11348e-05;0.00732186;0;1;0;1;0;1;
53;0.271439;-0.27144;0.271439;-0.271444;0.27144;-0.271759;0.152242;0.00977874;0.151837;-0.0465396;0.15334;-0.0718131;4.94441e-05;0.0302344;1.62847e-05;0.0110258;2.93797e-05;0.00997141;0;1;0;1;0;1;
54;0.287465;-0.287468;0.287467;-0.287469;0.287467;-0.287654;0.106106;0.0451527;0.105866;0.0449046;0.106745;0.00512223;0.00321665;0.0281145;9.1286e-06;0.038441;1.67344e-05;0.0099078;0.952279;1;0;1;0.0371139;1;
55;0.293157;-0.293159;0.293158;-0.29316;0.293157;-0.293268;0.0420086;0.0645792;0.0418716;0.0713624;0.0423865;0.0496058;0.0152275;0.0164199;0.0231731;0.0224521;0.0358702;0.0057881;1;0.531274;1;0.721903;1;1;
56;0.289717;-0.289814;0.289812;-0.289814;0.289812;-0.289877;-0.0396073;0.101857;-0.0396752;0.105818;-0.0199693;0.0931131;0.0151941;0.00958873;0.0396693;0.0131115;0.0500939;0.00338003;0.908792;0;1;0;1;0;
57;0.275898;-0.275956;0.275954;-0.275956;0.275953;-0.275993;-0.120472;0.15683;-0.120503;0.159143;-0.0991059;0.151723;0.0141039;0.00559942;0.0290554;0.00765665;0.0480947;0.00197356;1;0;1;0;1;0;
58;0.250401;-0.250436;0.250434;-0.250436;0.250434;-0.250458;-0.180438;0.201674;-0.180449;0.203025;-0.163347;0.198692;0.00928525;0.00326956;0.016974;0.00447104;0.0329212;0.00115212;1;0;1;0;1;0;
59;0.214158;-0.214179;0.214177;-0.214179;0.214178;-0.214192;-0.21788;0.230285;-0.217881;0.231074;-0.182626;0.228543;0.00542516;0.0019089;0.00991575;0.00261058;0.0192322;0.000672351;1;0;1;0;1;0;
60;0.166483;-0.166496;0.166495;-0.166496;0.166495;-0.166503;-0.238989;0.246236;-0.221719;0.246697;-0.187238;0.245219;0.00316977;0.00111426;0.00579199;0.00152404;0.0112355;0.000392136;1;0;1;0;1;0;
61;0.103055;-0.103062;0.103061;-0.103062;0.103062;-0.103066;-0.242405;0.253387;-0.215201;0.253656;-0.182583;0.252793;0.00185172;0.000650168;0.00338375;0.0008895;0.00656446;0.000228465;1;0;1;0;1;0;
62;0.0184096;-0.0184143;0.0184136;-0.0184141;0.0184153;-0.0184166;-0.225731;0.239849;-0.210326;0.242911;-0.171429;0.243652;0.00108183;0.000379132;0.0019775;0.000518936;0.00441942;0.000132889;1;0;1;0;1;0;
63;-0.0808932;0.0808903;-0.0808907;0.0808906;-0.0808888;0.0808891;-0.194107;0.219474;-0.202759;0.225897;-0.152537;0.223982;0.000632367;0.000220866;-0.000911893;0.000302535;0.00629034;7.70871e-05;1;0;1;0;1;0;
64;-0.168494;0.168493;-0.168493;0.168493;-0.168492;0.168492;-0.157935;0.186758;-0.168865;0.218415;-0.118906;0.209643;0.00326729;0.000128448;-0.00462416;0.000176223;0.00894619;4.45941e-05;1;0;1;0;1;0;
65;-0.228616;0.228615;-0.228615;0.228615;-0.228615;0.228615;-0.105282;0.179336;-0.135779;0.197823;-0.0679845;0.1927;0.00956298;7.45018e-05;-0.00921283;0.000102455;0.0163569;2.55316e-05;1;0;1;0;1;0;
66;-0.264692;0.264692;-0.264692;0.264691;-0.264694;0.264691;-0.0550078;0.155372;-0.10117;0.166169;-0.025622;0.163177;0.0142855;4.29821e-05;-0.00537997;5.94582e-05;0.0130664;1.45256e-05;1;0;1;0;1;0;
67;-0.284218;0.284217;-0.284218;0.284215;-0.284219;0.284216;0.0135474;0.116292;-0.0707726;0.122601;0.0165674;0.12085;0.0223433;2.47502e-05;-0.00314201;0.0111718;0.0260924;8.05736e-06;1;0;1;0.641006;1;0;
68;-0.29249;0.292488;-0.292491;0.291878;-0.292491;0.292489;0.0563271;0.0592619;-0.0306665;0.062957;0.0576089;0.0619223;0.0142635;0.0108719;0.00678692;0.0319253;0.01524;0.00483285;1;0.576831;1;1;1;0.893529;
69;-0.291686;0.282478;-0.29248;0.284148;-0.292418;0.279185;0.0849938;-0.0174766;0.0341955;-0.0153242;0.0857421;-0.0159279;0.00832957;0.0463051;0.00396527;0.0216019;0.0088997;0.0239196;0;1;1;1;0;1;
70;-0.280941;0.275563;-0.281405;0.276299;-0.281369;0.25297;0.140021;-0.0734584;0.110355;-0.0993311;0.140458;-0.0996717;0.00486399;0.0635213;0.00231522;0.0161728;0.00519701;0.0377184;0;1;0;0.487274;0;1;
71;-0.258577;0.255436;-0.258848;0.255865;-0.258827;0.242241;0.189877;-0.150985;0.172552;-0.16611;0.190132;-0.166302;0.00284017;0.0514584;0.0013517;0.0106602;0.00303459;0.0220347;0;1;0;0.710755;0;1;
72;-0.225212;0.223376;-0.22537;0.223627;-0.225357;0.21567;0.223211;-0.182973;0.213093;-0.209327;0.22336;-0.209434;0.00165819;0.0300584;0.000788983;0.00622845;0.00177167;0.0128728;0;1;0;0.793734;0;1;
73;-0.180948;0.179876;-0.18104;0.180022;-0.181033;0.175375;0.242475;-0.188015;0.236566;-0.234365;0.242562;-0.223411;0.000967856;0.0175581;0.000460262;0.00363874;0.00103412;0.00751929;0;1;0;0.873119;0;1;
74;-0.12247;0.121844;-0.122524;0.121929;-0.12252;0.119215;0.251921;-0.185774;0.24847;-0.245997;0.251972;-0.217996;0.000564697;0.0102567;0.000268265;0.00212566;0.000603366;0.00439245;0;1;0;0.895783;0;1;
75;-0.0438945;0.0435301;-0.043926;0.0435784;-0.043924;0.0419937;0.248352;-0.177417;0.246904;-0.231744;0.247848;-0.213166;0.000329253;0.00599216;0.00015614;0.00124143;0.0003518;0.00256663;0;1;0;0.96985;0;1;
76;0.0534504;-0.0536616;0.053432;-0.0536352;0.053433;-0.0545606;0.230943;-0.165048;0.231645;-0.211467;0.226119;-0.200409;0.00019178;0.00350091;9.06564e-05;0.000725349;0.000204875;0.00150033;0;1;0;1;0;1;
77;0.146925;-0.147048;0.146915;-0.147033;0.146915;-0.147574;0.224602;-0.143289;0.225273;-0.182749;0.196814;-0.185038;0.000111556;0.00204383;5.24915e-05;-0.00312451;0.000119074;0.000877454;0;1;0;1;0;1;
78;0.214779;-0.214851;0.214772;-0.214842;0.214773;-0.215158;0.206226;-0.096659;0.206618;-0.13769;0.189998;-0.157161;6.46768e-05;-0.00208816;3.01999e-05;-0.0109939;6.90373e-05;-0.0018322;0;1;0;1;0;1;
79;0.256704;-0.256748;0.256701;-0.256743;0.256701;-0.256926;0.176892;-0.0433749;0.177121;-0.0705879;0.167415;-0.10897;3.72696e-05;0.00557631;1.71273e-05;-0.00641998;3.98482e-05;-0.00262003;0;1;0;1;0;1;
80;0.280131;-0.280159;0.28013;-0.280155;0.28013;-0.280262;0.136519;0.0353648;0.136651;-0.00589936;0.130983;-0.0858408;0.00205722;0.020238;9.50364e-06;0.00787389;2.29277e-05;-0.00153074;0.894934;1;0;1;0;1;
81;0.291148;-0.291167;0.291149;-0.292139;0.291149;-0.291228;0.0815889;0.049263;0.0816571;0.0551333;0.0783469;-0.0494717;0.022133;0.012856;5.20077e-06;0.0263759;1.29855e-05;0.00296686;1;1;0;1;0;1;
82;0.286856;-0.297071;0.285963;-0.29339;0.273967;-0.292858;0.00794913;0.0684781;0.00798693;0.0719059;0.0159071;0.0108227;0.0207615;0.00750808;0.0237939;0.0154036;0.0647831;0.00180571;1;0;1;0;1;1;
83;0.279896;-0.287508;0.264963;-0.285358;0.2584;-0.285048;-0.0770084;0.121645;-0.0769754;0.123647;-0.0713528;0.0879748;0.0156827;0.00438432;0.0325914;0.00899522;0.0656822;0.00105405;0.584009;0;1;0;1;0;
84;0.262895;-0.267342;0.254174;-0.266086;0.250343;-0.265905;-0.150095;0.176166;-0.150066;0.177335;-0.143358;0.156503;0.016067;0.00255992;0.0260531;0.00525281;0.0396353;0.000615195;1;0;1;0;1;0;
85;0.233691;-0.236289;0.228598;-0.235555;0.22636;-0.235449;-0.199495;0.214724;-0.199473;0.215407;-0.183826;0.20324;0.00938607;0.00149453;0.0152188;0.00306718;0.0231534;0.000358882;0.841469;0;1;0;1;0;
86;0.193321;-0.194839;0.190347;-0.194411;0.189041;-0.194349;-0.228885;0.23778;-0.22441;0.238179;-0.183832;0.231074;0.00548275;0.000872301;0.00888927;0.00179068;0.0135262;0.000209069;1;0;1;0;1;0;
87;0.139729;-0.140616;0.137992;-0.140365;0.13723;-0.140329;-0.244606;0.249803;-0.220251;0.250036;-0.186688;0.245887;0.00320272;0.000508876;0.00519232;0.00104522;0.00790268;0.00012157;1;0;1;0;1;0;
88;0.0674359;-0.067954;0.0664216;-0.0678077;0.0659773;-0.0677866;-0.234909;0.250326;-0.216928;0.25065;-0.181606;0.250791;0.00187035;0.000296659;0.00303337;0.000609861;0.00461778;7.04638e-05;1;0;1;0;1;0;
89;-0.0259104;0.0256073;-0.0265027;0.0256931;-0.0267607;0.0257054;-0.217354;0.231172;-0.204915;0.236697;-0.164713;0.237007;0.00109265;0.000172676;0.00177265;0.000355631;0.00394697;4.06091e-05;1;0;1;0;1;0;
90;-0.123371;0.123193;-0.123717;0.123244;-0.123866;0.123251;-0.186776;0.208265;-0.186261;0.208966;-0.137263;0.208063;0.00127437;0.000100265;0.00284771;0.000207218;0.00534951;2.32213e-05;1;0;1;0;1;0;
91;-0.199012;0.198908;-0.199214;0.198938;-0.199301;0.198942;-0.140593;0.201243;-0.154568;0.201652;-0.0954525;0.201125;-0.0053401;5.80605e-05;0.00499211;0.000120534;0.0146109;1.30678e-05;1;0;1;0;1;0;
92;-0.247368;0.247307;-0.247486;0.247324;-0.247536;0.247327;-0.0892817;0.17946;-0.109483;0.179699;-0.04276;0.179391;0.00849123;3.34101e-05;0.00886515;6.99605e-05;0.0211985;7.17779e-06;1;0;1;0;1;0;
93;-0.275148;0.275112;-0.275218;0.275122;-0.275248;0.275124;-0.0158413;0.145058;-0.0621938;0.145198;0.0120328;0.145018;0.0241309;1.90118e-05;0.0123628;4.04443e-05;0.0251924;3.78294e-06;1;0;1;0;1;0;
94;-0.289136;0.289114;-0.289176;0.289119;-0.289195;0.289121;0.0615118;0.0962315;0.00964421;0.0963147;0.0585516;0.0962081;0.0412489;0.00704983;0.00722076;0.00465138;0.0242508;0.00113423;1;0.39064;1;0.648941;1;0.35498;
95;-0.293248;0.289133;-0.293271;0.293237;-0.293282;0.291755;0.0890442;0.0399815;0.0330921;0.0287962;0.0845326;0.0287387;0.0240909;0.0465692;0.0046632;0.0133677;0.0141636;0.0314404;0.958114;1;0.78217;0.817241;0.53502;1;
96;-0.288229;0.271709;-0.288242;0.273593;-0.288249;0.266298;0.123324;-0.047905;0.0906479;-0.054502;0.120689;-0.0545233;0.0140685;0.064672;0.00272296;0.0148936;0.00827107;0.0427264;0;1;0;0.500821;0;1;
97;-0.272343;0.262694;-0.272351;0.263794;-0.272355;0.259273;0.172867;-0.128803;0.153785;-0.132671;0.171329;-0.132676;0.00821556;0.0449661;0.00158978;0.0167647;0.00482977;0.0255121;0;1;0;0.768562;0;1;
98;-0.244884;0.239247;-0.244888;0.239891;-0.24489;0.23725;0.211899;-0.174917;0.200755;-0.188421;0.211;-0.188419;0.00479748;0.0262674;0.000928081;0.010917;0.00282006;0.0149025;0;1;0;0.962007;0;1;
