1;-0.000363587;0.000116064;9.94837e-05;-0.000363587;0.000116064;9.94837e-05;0.0349769;0.0347456;0.0352595;0.0349769;0.0347456;0.0352595;0.808667;0.808665;0.808666;0.808667;0.808665;0.808666;0;0;0;0;0;0;
2;0.0151803;0.0163579;0.0152178;-0.00368185;-0.00214666;-0.00292666;0.162183;0.135486;0.103526;0.197102;0.153735;0.113579;0.472361;0.472323;0.472302;0.472464;0.472411;0.4724;1;1;1;1;1;1;
3;-0.0137725;-0.0147628;-0.0143115;-0.000843894;0.00139761;0.000904624;0.117029;0.0919339;0.0603794;0.119653;0.0952047;0.0664201;0.275878;0.275857;0.275841;0.275943;0.275912;0.275897;0.556361;0.844446;1;0.682455;1;0.824989;
4;-0.0074088;0.00333783;-0.00772408;-0.000364029;0.00219893;-0.000106435;0.0683214;0.0564539;0.0478673;0.0699129;0.0555799;0.0388219;0.161119;0.16111;0.161099;0.161161;0.161141;0.16113;0.898655;1;1;0.578731;1;1;
5;-0.00345141;0.00859127;-0.00363584;-0.00096669;0.00253795;-0.00093818;0.0396479;0.0375849;0.0466273;0.0411515;0.0381229;0.0341516;0.0940967;0.0940927;0.094087;0.0941228;0.094111;0.0941037;0.958117;1;1;1;1;1;
6;-0.00166552;0.00467865;-0.00194904;-0.00162707;0.00372794;-0.00165519;0.0235335;0.0294529;0.0451302;0.0375112;0.0352799;0.0362778;0.0549552;0.0549528;0.0549519;0.0549719;0.054965;0.0549606;1;0.956687;1;1;1;1;
7;-0.00180463;0.0032191;-0.00111947;-0.00215942;0.00387944;-0.00220979;0.0248925;0.0275708;0.0425109;0.0369991;0.0341923;0.0346364;0.0320961;0.0320945;0.0320968;0.0321071;0.0321035;0.0321006;1;1;1;1;1;1;
8;-0.00101471;0.00144249;-0.000409671;-0.00206125;0.00364418;-0.00177334;0.019538;0.028551;0.0379574;0.0343164;0.0313797;0.0356661;0.0187464;0.0187449;0.0187493;0.0187537;0.0187526;0.0187504;1;0.871167;1;0.867617;1;1;
9;-0.000317627;0.000303723;-0.00077007;0.000159625;0.00266685;3.31879e-05;0.0201377;0.0276034;0.0369146;0.0376966;0.0319909;0.0381612;0.01095;0.0109483;0.0109929;0.0109551;0.0109556;0.0109533;1;1;1;0.702062;1;1;
10;-0.00112351;0.00107247;-0.00470149;0.00119002;0.000662491;0.000950805;0.0170244;0.0293454;0.0327629;0.0383734;0.0297319;0.041559;0.00639695;0.00639505;0.0118897;0.00640054;0.0103255;0.00640009;1;0.876593;1;0.75942;1;1;
11;-0.00430227;0.00427215;-0.006392;0.00434115;-0.00325876;0.00420151;0.0136814;0.0309066;0.0276477;0.0404115;0.0296887;0.0460961;0.00373806;0.00373576;0.0127826;0.00374043;0.0102735;0.0056556;1;0.614408;1;0.731958;1;1;
12;-0.0108124;0.0107945;-0.012033;0.0108351;-0.0102024;0.0107536;0.0124184;0.0334861;0.0243476;0.0411778;0.0280344;0.0483205;0.00218531;0.00218264;0.0114333;0.00218678;0.0112252;0.00625027;1;0.746365;1;0.695661;1;1;
13;-0.0217724;0.0217618;-0.0224854;0.0217857;-0.0214155;0.0217381;0.0110671;0.03091;0.0231732;0.041773;0.0360762;0.0446221;0.00127851;0.00127563;0.00945817;0.00286925;0.0138633;0.00564451;1;0.68738;1;0.699189;1;1;
14;-0.0382114;0.0382048;-0.0386278;0.0382191;-0.0380025;0.0381913;0.0154741;0.031237;0.0197492;0.0406824;0.0275211;0.0414466;0.00139324;0.000746033;0.00552664;0.00167803;0.0092015;0.00329901;1;0.744964;1;0.738104;1;1;
15;-0.0603965;0.0603923;-0.0606397;0.0604011;-0.0602744;0.0603848;0.0239548;0.0285432;0.0279442;0.0290669;0.0294789;0.034024;0.00204623;0.00130605;0.00322974;0.00299873;0.00537674;0.00456099;1;1;1;0.805057;1;1;
16;-0.0867873;0.0867837;-0.0869293;0.0867903;-0.0867161;0.0867807;0.0424029;0.022231;0.0483576;0.010612;0.036411;0.0167133;0.00119636;0.0108469;0.00188786;0.00784127;0.00314111;0.00987264;1;1;1;0.981863;0.625926;1;
17;-0.113149;0.113146;-0.113232;0.113151;-0.113108;0.113145;0.0576413;0.00586828;0.0611206;-0.0266737;0.0541409;-0.0231084;0.00069873;0.0217086;0.00110344;0.010726;0.00183402;0.0145772;0.500625;1;1;1;0;1;
18;-0.132818;0.132817;-0.132867;0.132819;-0.132794;0.132816;0.0952272;-0.0416094;0.0972592;-0.077138;0.093183;-0.0750498;0.000407698;0.0371944;0.000644018;0.00995813;0.00107067;0.0200588;0;1;0;0.814124;0;1;
19;-0.138322;0.138334;-0.13835;0.138322;-0.138308;0.13832;0.143396;-0.112066;0.144582;-0.132827;0.142202;-0.131602;0.000237726;0.0342869;0.000375742;0.0102589;0.000624837;0.0234512;0;1;0;0.856265;0;1;
20;-0.123573;0.12358;-0.123589;0.123573;-0.123565;0.123571;0.185867;-0.167557;0.18656;-0.179691;0.185169;-0.178971;0.000138463;0.0206464;0.000219032;0.00704944;0.0003644;0.0136998;0;1;0;0.83302;0;1;
21;-0.0843888;0.0843934;-0.0843985;0.0843887;-0.0843841;0.084388;0.214867;-0.200511;0.215272;-0.211258;0.21446;-0.210834;8.04785e-05;0.0120576;0.000127522;0.00411942;0.000212247;0.00800313;0;1;0;0.994567;0;1;
22;-0.0173068;0.0173097;-0.0173124;0.0173068;-0.0173039;0.0173064;0.230501;-0.200119;0.230737;-0.22839;0.230263;-0.215801;4.6595e-05;0.0070382;7.40712e-05;0.00240677;0.000123356;0.0046751;0;1;0;1;0;1;
23;0.0725442;-0.0725421;0.0725409;-0.0725441;0.0725461;-0.0725443;0.229355;-0.180509;0.228937;-0.212153;0.228358;-0.205156;2.67861e-05;-0.00721052;4.28086e-05;0.00140564;7.14416e-05;0.00273128;0;1;0;1;0;1;
24;0.159618;-0.159617;0.159616;-0.159618;0.159619;-0.159618;0.221643;-0.145493;0.220735;-0.178715;0.194504;-0.185107;1.52212e-05;-0.0104354;2.45952e-05;-0.00111796;4.12593e-05;0.00159583;0;1;0;1;0;1;
25;0.22249;-0.222491;0.222489;-0.22249;0.222491;-0.22249;0.202683;-0.0920678;0.202153;-0.13022;0.186834;-0.150982;8.46714e-06;-0.00991933;1.39391e-05;-0.00721691;2.34471e-05;0.000216178;0;1;0;1;0;1;
26;0.261127;-0.26113;0.261127;-0.261128;0.261128;-0.261128;0.172701;-0.0343013;0.172392;-0.067862;0.163445;-0.108594;4.54958e-06;-0.00348229;7.74551e-06;0.00965452;1.31653e-05;0.000126678;0;1;0;1;0;1;
27;0.282492;-0.282496;0.282492;-0.282494;0.282493;-0.282493;0.131321;0.00690016;0.131137;0.00897599;0.125913;-0.0596282;0.00750431;0.0188275;4.13281e-06;0.0263199;7.262e-06;7.42e-05;0.966455;1;0;1;0;1;
28;0.292153;-0.294349;0.292154;-0.292155;0.292154;-0.292155;0.0747757;0.0557352;0.0746641;0.0549065;0.071613;0.0511874;0.0159849;0.0159334;0.0245427;0.019173;0.0133059;0.0101173;1;1;0.993742;1;0.967914;1;
29;0.292646;-0.296673;0.281961;-0.292705;0.290408;-0.290894;-0.000608913;0.0768304;-0.000664557;0.076347;0.000925117;0.074177;0.00933837;0.00930494;0.0325297;0.0111973;0.0434699;0.00591013;1;0;1;0;1;0.621552;
30;0.283716;-0.286068;0.259501;-0.28375;0.282409;-0.282693;-0.0854254;0.12994;-0.0854455;0.129658;-0.0845122;0.12839;0.00545562;0.00543367;0.0283682;0.00653872;0.0387843;0.00345105;0.783578;0;1;0;1;0;
31;0.263347;-0.26472;0.249204;-0.263367;0.262584;-0.26275;-0.156245;0.182243;-0.156249;0.182078;-0.155699;0.181338;0.00318737;0.0031728;0.0165711;0.0038182;0.0245193;0.00201501;1;0;1;0;1;0;
32;0.231794;-0.232595;0.223534;-0.231805;0.231349;-0.231445;-0.203307;0.21849;-0.203306;0.218394;-0.20298;0.217962;0.00186072;0.00185248;0.00776403;0.00222932;0.0143208;0.00117625;1;0;1;0;1;0;
33;0.18954;-0.190008;0.184718;-0.189547;0.18928;-0.189336;-0.23103;0.239897;-0.231028;0.239841;-0.230833;0.239588;0.00108555;0.00108137;-0.0200212;0.00130137;0.00819394;0.000686324;1;0;1;0;1;0;
34;0.133926;-0.134199;0.131111;-0.13393;0.133774;-0.133807;-0.245642;0.250821;-0.244289;0.250788;-0.227248;0.250641;0.00063233;0.000630997;-0.0116963;0.000759438;-0.0235765;0.000400263;1;0;1;0;1;0;
35;0.0591811;-0.0593403;0.0575372;-0.059183;0.0590918;-0.0591112;-0.246981;0.249884;-0.235207;0.248261;-0.222493;0.249567;0.000367567;0.000367935;-0.00683322;0.000442973;-0.0151874;0.000233218;1;0;1;0;1;0;
36;-0.0359197;0.0358267;-0.0368798;0.0359189;-0.0359718;0.0359608;-0.228361;0.22778;-0.223904;0.235946;-0.197412;0.236383;-0.00795268;0.000214303;-0.00628594;0.000258172;-0.0141165;0.000135685;1;0;1;0;1;0;
37;-0.132209;0.132154;-0.132769;0.132208;-0.132238;0.132233;-0.195185;0.203402;-0.195681;0.220181;-0.146799;0.216985;-0.00464648;0.000124665;-0.0111244;0.000150347;-0.013891;7.88234e-05;1;0;1;0;1;0;
38;-0.205021;0.204989;-0.205349;0.205021;-0.205039;0.205035;-0.149239;0.16808;-0.162994;0.206549;-0.0990371;0.204683;-0.0110111;7.23869e-05;-0.00649766;8.72187e-05;-0.00509352;4.54117e-05;1;0;1;0;1;0;
39;-0.250957;0.250936;-0.251147;0.250955;-0.250967;0.250963;-0.100269;0.158109;-0.123034;0.180575;-0.0578151;0.179485;-0.00643141;4.17749e-05;-0.0037951;5.04354e-05;0.00667594;2.60481e-05;1;0;1;0;1;0;
40;-0.277086;0.277072;-0.277195;0.277083;-0.277092;0.277088;-0.0322639;0.13006;-0.0522632;0.143183;-0.0210213;0.142543;0.00995087;2.39834e-05;-0.00221684;0.00986912;0.00640959;1.47919e-05;1;0;1;0.561923;1;0;
41;-0.289954;0.289945;-0.290017;0.289951;-0.289958;0.289955;0.0441606;0.0840085;0.0305494;0.0916782;0.00639408;0.0913042;0.0235727;0.0035386;0.012093;0.0160138;-0.00166277;0.0217527;1;0.478737;1;0.876923;1;1;
42;-0.293163;0.29233;-0.293199;0.293161;-0.293165;0.30697;0.0579526;0.0171385;0.0497766;0.0216157;0.0356644;0.0214002;0.0137673;0.0287157;0.00706477;0.0148175;-0.000971412;0.0168016;0.569959;1;1;0.963547;0;1;
43;-0.287143;0.286657;-0.287165;0.287141;-0.287145;0.295208;0.109141;-0.0652692;0.104367;-0.0626709;0.0961249;-0.0627862;0.00803961;0.0482149;0.00412564;0.0126085;-0.000567605;0.02539;0;1;0;0.465174;0;1;
44;-0.270065;0.26978;-0.270078;0.270061;-0.270066;0.274777;0.166333;-0.140696;0.163545;-0.139191;0.158731;-0.13925;0.00469476;0.0319656;0.00240898;0.00878918;-0.000331901;0.0193326;0;1;0;0.787363;0;1;
45;-0.241493;0.241325;-0.2415;0.241489;-0.241494;0.244246;0.208472;-0.193488;0.206844;-0.192618;0.204033;-0.192649;0.00274129;0.0186716;0.00140643;0.00664296;-0.000194315;0.0112935;0;1;0;0.741149;0;1;
46;-0.202303;0.202205;-0.202307;0.2023;-0.202304;0.203912;0.234229;-0.220181;0.233278;-0.224969;0.231637;-0.224982;0.00160044;0.0109032;0.000820911;0.00388071;-0.000114008;0.00659652;0;1;0;0.769945;0;1;
47;-0.150865;0.150808;-0.150867;0.150862;-0.150865;0.151806;0.248072;-0.215012;0.247517;-0.242663;0.246558;-0.236033;0.000934188;0.00636387;0.000478921;0.00226703;-6.71586e-05;0.00385177;0;1;0;1;0;1;
48;-0.0819839;0.0819519;-0.0819855;0.0819816;-0.0819848;0.0825353;0.253489;-0.201556;0.251504;-0.244058;0.249812;-0.222819;0.00054508;0.00371408;0.000279125;0.00132374;-3.97713e-05;-0.00651613;0;1;0;1;0;1;
49;0.00835592;-0.00837369;0.008355;-0.0083576;0.00835518;-0.00803359;0.237949;-0.189946;0.238762;-0.221651;0.237173;-0.224497;0.00031779;-0.000506005;0.000162486;0.000772546;-2.37809e-05;-0.00380604;0;1;0;1;0;1;
50;0.107334;-0.107345;0.107334;-0.107335;0.107334;-0.107146;0.217766;-0.164991;0.211466;-0.20053;0.212071;-0.208089;0.000185115;-0.00520254;9.43695e-05;0.000451091;-1.44607e-05;-0.00935315;0;1;0;1;0;1;
51;0.187852;-0.18786;0.187852;-0.187853;0.187852;-0.187741;0.209543;-0.129779;0.195682;-0.155603;0.175434;-0.177422;0.000107635;-0.010475;5.47636e-05;-0.00381509;-8.99333e-06;-0.0126009;0;1;0;1;0;1;
52;0.240616;-0.240622;0.240616;-0.240617;0.240617;-0.240552;0.187614;-0.073454;0.179519;-0.102581;0.167694;-0.168855;6.24312e-05;-0.0131357;3.14764e-05;-0.00301141;-5.75043e-06;-0.00736015;0;1;0;1;0;1;
53;0.27144;-0.271446;0.271439;-0.27144;0.27144;-0.271403;0.153988;-0.0122693;0.14926;-0.0338824;0.142354;-0.143033;3.60389e-05;-0.00546015;1.79676e-05;0.0141767;-3.81447e-06;-0.00430017;0;1;0;1;0;1;
54;0.287466;-0.287474;0.287467;-0.287467;0.287467;-0.287446;0.107128;0.0258669;0.104362;0.0304067;0.100329;-0.100723;0.0117176;0.0139689;1.01109e-05;0.0260885;-2.6527e-06;-0.00251263;1;1;0;1;0;1;
55;0.292686;-0.293163;0.293158;-0.293159;0.293159;-0.293147;0.0426077;0.0704013;0.0409874;0.0593343;0.0386361;-0.0388538;0.0224153;0.00815871;0.0072872;0.0152369;0.0261818;-0.00146768;1;0.621901;1;0.410289;1;1;
56;0.289537;-0.289816;0.277837;-0.289813;0.293161;-0.289807;-0.0392585;0.105257;-0.0401943;0.0987942;-0.0415621;0.0414534;0.0139449;0.00476426;0.0289243;0.00889787;0.0378349;-0.000857532;1;0;1;0;1;0;
57;0.275794;-0.275957;0.26896;-0.275955;0.274474;-0.275951;-0.120271;0.158815;-0.120808;0.155041;-0.0814242;0.121554;0.00814478;0.00278193;0.0297308;0.00519617;0.0940016;-0.00050095;1;0;1;0;1;0;
58;0.250342;-0.250437;0.246346;-0.250437;0.250404;-0.250434;-0.180322;0.202833;-0.148478;0.200629;-0.102701;0.181072;0.00475806;0.00162425;0.0517497;0.00303383;0.0858364;-0.000293291;1;0;1;0;1;0;
59;0.214123;-0.21418;0.211788;-0.214179;0.214161;-0.214178;-0.217814;0.230962;-0.199207;0.229675;-0.172468;0.218254;0.00277976;0.000948058;0.035544;0.00177134;0.0501417;-0.000171636;0.849098;0;1;0;1;0;
60;0.166463;-0.166496;0.165098;-0.166496;0.166486;-0.166495;-0.238952;0.246631;-0.220918;0.24588;-0.19736;0.23921;0.00162289;0.000553096;0.0207616;0.00103396;0.0292863;-0.000100677;1;0;1;0;1;0;
61;0.103043;-0.103062;0.102245;-0.103062;0.103056;-0.103062;-0.246589;0.253618;-0.229531;0.253179;-0.19538;0.249284;0.00094691;0.00032249;0.0121239;0.000603235;0.0171043;-5.93783e-05;1;0;1;0;1;0;
62;0.018403;-0.0184141;0.0179376;-0.0184141;0.0184108;-0.0184139;-0.232462;0.239783;-0.22075;0.243702;-0.184519;0.243837;0.000552183;0.000187794;0.00707934;0.000351737;0.00998948;-3.5219e-05;1;0;1;0;1;0;
63;-0.0808969;0.0808906;-0.0811685;0.0808903;-0.0808919;0.0808905;-0.210916;0.216925;-0.2032;0.226003;-0.16152;0.226274;-0.00293307;0.000109134;0.0041343;0.000204878;0.00665733;-2.11208e-05;1;0;1;0;1;0;
64;-0.168497;0.168493;-0.168655;0.168493;-0.168494;0.168493;-0.171777;0.188648;-0.177479;0.218475;-0.122317;0.218648;-0.00602182;6.32361e-05;0.000540775;0.000119153;0.00617218;-1.28272e-05;1;0;1;0;1;0;
65;-0.228618;0.228615;-0.22871;0.228615;-0.228616;0.228615;-0.113594;0.180439;-0.141972;0.197858;-0.0671798;0.197959;-0.00381403;3.6444e-05;-0.00590043;6.90763e-05;0.0174552;-7.98911e-06;1;0;1;0;1;0;
66;-0.264694;0.264692;-0.264747;0.264691;-0.264693;0.264691;-0.0575952;0.156017;-0.0925204;0.16619;-0.0144091;0.166248;0.0078125;2.08405e-05;-0.00344492;3.99078e-05;0.0207553;-5.12419e-06;1;0;1;0;1;0;
67;-0.28422;0.284217;-0.284249;0.284216;-0.284218;0.284217;0.0192748;0.116669;-0.0173921;0.122613;0.030183;0.122644;0.0339766;1.17624e-05;0.0135254;0.00528801;0.0244952;-3.43335e-06;1;0;1;0.753774;1;0;
68;-0.292491;0.292488;-0.292508;0.292488;-0.29249;0.292489;0.0605339;0.0594864;0.0628786;0.0629576;0.0653812;0.0629734;0.0198458;0.0201847;0.0151086;0.00731315;0.0143094;0.00670025;1;1;1;1;1;1;
69;-0.291702;0.281072;-0.294074;0.291882;-0.291686;0.284523;0.0874503;-0.0166006;0.0888223;-0.0153265;0.0902814;-0.0153138;0.0115895;0.0478004;0.00882394;0.0120095;0.00835642;0.011473;0;1;0.773356;0.661787;0;1;
70;-0.280951;0.275841;-0.282335;0.281055;-0.280941;0.276757;0.141456;-0.100061;0.142257;-0.0993339;0.143109;-0.0966851;0.0067678;0.0380304;0.00515275;0.00701665;0.00487969;0.0556392;0;1;0;0.443567;0;1;
71;-0.258583;0.2556;-0.259392;0.258643;-0.258578;0.256134;0.190715;-0.166525;0.191183;-0.166113;0.191681;-0.164557;0.003952;0.0276008;0.00300881;0.00619438;0.00284927;0.0348815;0;1;0;0.718934;0;1;
72;-0.225215;0.223474;-0.225687;0.22525;-0.225212;0.223783;0.2237;-0.189817;0.223973;-0.209331;0.224264;-0.208303;0.00230754;0.0161229;0.00175674;0.00361938;0.00166339;0.020377;0;1;0;0.693733;0;1;
73;-0.18095;0.179935;-0.181226;0.18097;-0.180948;0.180113;0.242761;-0.197901;0.24292;-0.234368;0.24309;-0.226282;0.00134713;0.0121277;0.00102544;0.00211432;0.000970876;0.0119019;0;1;0;0.779057;0;1;
74;-0.122471;0.121879;-0.122632;0.122483;-0.12247;0.121982;0.252088;-0.203339;0.252181;-0.247185;0.25228;-0.221567;0.000786189;0.00708242;0.000598317;0.00123493;0.000566428;0.00695064;0;1;0;0.856035;0;1;
75;-0.0438957;0.0435509;-0.0439898;0.0439029;-0.0438949;0.0436107;0.24683;-0.200143;0.24898;-0.237154;0.246839;-0.217622;0.000458612;0.00413422;0.000348908;0.000720536;0.00033023;0.0040596;0;1;0;0.879823;0;1;
76;0.0534494;-0.0536501;0.0533945;-0.0534451;0.0534501;-0.0536153;0.231642;-0.17963;0.23097;-0.218041;0.224347;-0.209301;0.000267336;-0.00568712;0.00020326;0.000420248;0.000192265;0.00237048;0;1;0;1;0;1;
77;0.146924;-0.147041;0.146892;-0.146922;0.146925;-0.147021;0.22258;-0.145982;0.217619;-0.185156;0.196851;-0.188898;0.000155687;-0.00655707;0.000118308;-0.00702288;0.000111729;-0.0027716;0;1;0;1;0;1;
78;0.214778;-0.214847;0.214759;-0.214776;0.214778;-0.214835;0.205046;-0.0978466;0.202148;-0.137429;0.161232;-0.156934;9.04444e-05;-0.00790579;6.85695e-05;-0.00410124;6.47113e-05;-0.00652131;0;1;0;1;0;1;
79;0.256704;-0.256746;0.256693;-0.256703;0.256704;-0.256738;0.176203;-0.0422344;0.174511;-0.0741871;0.150616;-0.146528;5.23534e-05;-0.00487415;3.95774e-05;-0.00498011;3.7332e-05;-0.00380927;0;1;0;1;0;1;
80;0.280131;-0.280159;0.280125;-0.280131;0.280132;-0.280152;0.136116;0.0144383;0.135127;-0.00532261;0.121172;-0.118785;0.00096385;0.0168407;2.26999e-05;0.0202661;2.13771e-05;-0.00222576;0.18194;1;0;1;0;1;
81;0.291149;-0.291168;0.291146;-0.29115;0.29115;-0.291164;0.0813532;0.0502347;0.0807672;0.0463538;0.0726191;-0.0712188;0.0164189;0.0140041;1.32038e-05;0.0188726;0.00146025;-0.00129968;1;1;0.228168;1;0.52981;1;
82;0.292812;-0.299049;0.29088;-0.292813;0.292813;-0.292821;0.00780636;0.0690453;0.00746868;0.0667793;0.00338436;-0.00188155;0.00959201;0.00817844;0.018301;0.0110219;0.0388814;-0.000759324;1;0;1;0.0144325;1;0.988763;
83;0.28502;-0.288663;0.283773;-0.285021;0.285021;-0.285026;-0.0770941;0.121976;-0.0772783;0.120653;-0.0796594;0.0805554;0.00585905;0.00477579;0.0317685;0.00643634;0.0345233;-0.00044377;0.694717;0;1;0;1;0;
84;0.265888;-0.268016;0.265161;-0.265889;0.26589;-0.265892;-0.150147;0.17636;-0.150247;0.175587;-0.151633;0.15217;0.00342368;0.00278862;0.01919;0.00375841;0.0220804;-0.000259519;1;0;1;0;1;0;
85;0.23544;-0.236682;0.235015;-0.23544;0.235441;-0.235442;-0.199527;0.214837;-0.199581;0.214385;-0.198505;0.20071;0.0020002;0.00162811;0.0112075;0.00219442;0.0128991;-0.00015203;1;0;1;0;1;0;
86;0.194343;-0.195069;0.194095;-0.194344;0.194344;-0.194345;-0.228905;0.237846;-0.228933;0.237583;-0.20351;0.229597;0.00116808;0.000950327;0.00654387;0.00128101;0.00753425;-8.93027e-05;1;0;1;0;1;0;
87;0.140326;-0.14075;0.140182;-0.140326;0.140326;-0.140327;-0.244618;0.249842;-0.238065;0.249688;-0.203893;0.245024;0.000681806;0.000554482;0.00381941;0.000747539;0.00440034;-5.27212e-05;1;0;1;0;1;0;
88;0.0677848;-0.0680322;0.0677015;-0.0677851;0.067785;-0.0677854;-0.239888;0.250219;-0.228183;0.251017;-0.196508;0.251192;0.000397466;0.000323297;-0.00390807;0.000436003;0.00256963;-3.13513e-05;1;0;1;0;1;0;
89;-0.0257062;0.0255619;-0.0257544;0.0257061;-0.0257063;0.0257059;-0.219502;0.231207;-0.216573;0.236736;-0.178511;0.236322;0.000231704;0.000188264;-0.00512934;0.000254068;0.00150066;-1.88604e-05;1;0;1;0;1;0;
90;-0.123251;0.123167;-0.123279;0.123251;-0.123252;0.123251;-0.187572;0.208715;-0.198586;0.207344;-0.144777;0.209811;-0.00233474;0.000109401;-0.00875594;0.000147882;0.00087701;-1.15228e-05;1;0;1;0;1;0;
91;-0.198942;0.198893;-0.198958;0.198942;-0.198943;0.198942;-0.141182;0.201506;-0.160743;0.195807;-0.0940969;0.200133;-0.00459132;6.34087e-05;-0.00826766;8.59095e-05;0.00449367;-7.22558e-06;1;0;1;0;1;0;
92;-0.247328;0.247298;-0.247336;0.247327;-0.247328;0.247326;-0.0964732;0.179613;-0.124131;0.176285;-0.047823;0.178812;-0.00267988;3.65443e-05;-0.00482803;4.97159e-05;0.0191041;-4.65913e-06;1;0;1;0;1;0;
93;-0.275125;0.275107;-0.275129;0.275123;-0.275126;0.275124;-0.0231223;0.145148;-0.0641235;0.143204;0.00910851;0.14468;0.0201804;2.09391e-05;-0.00281964;2.86412e-05;0.0258742;-3.21082e-06;1;0;1;0.23404;1;0;
94;-0.289122;0.289111;-0.289124;0.289119;-0.289124;0.289121;0.0408873;0.0962831;0.0318071;0.0951546;0.0454256;0.0960096;0.0280124;1.18015e-05;-0.00571399;0.0116153;0.0187605;-2.26504e-06;1;0;1;1;1;0;
95;-0.293239;0.291091;-0.29324;0.293237;-0.29324;0.293238;0.07797;0.0330384;0.0895094;0.0281191;0.0691682;0.0286219;0.0163602;0.0497252;0.00287776;0.00953724;0.0109564;0.0234501;0.528472;1;1;1;0.433195;1;
96;-0.288224;0.286989;-0.288225;0.288222;-0.288225;0.288222;0.116856;-0.0483009;0.123596;-0.0548983;0.111716;-0.0545926;0.00955377;0.0622656;0.00168023;0.0106527;0.0063981;0.0298426;0;1;0;0.655799;0;1;
97;-0.272341;0.271619;-0.272341;0.272338;-0.272341;0.272339;0.169091;-0.129036;0.173026;-0.132904;0.166089;-0.132717;0.005579;0.0410852;0.000980827;0.008575;0.00373602;0.0236066;0;1;0;0.802509;0;1;
98;-0.244882;0.24446;-0.244882;0.24488;-0.244882;0.244881;0.209693;-0.186289;0.211992;-0.188557;0.20794;-0.188442;0.00325769;0.023999;0.000572404;0.00593198;0.00218132;0.0137908;0;1;0;0.861406;0;1;
