1;-0.000363587;0.000116065;9.9484e-05;-0.000363587;0.000116064;9.94835e-05;0.0349769;0.0347456;0.0352594;0.0349769;0.0347456;0.0352595;0.808667;0.808665;0.808666;0.808667;0.808665;0.808666;0;0;0;0;0;0;
2;0.00879318;0.0120573;0.010579;0.00427858;0.00496274;0.0035431;0.0847683;0.0971539;0.105309;0.163074;0.154584;0.152209;0.472319;0.472323;0.472335;0.472353;0.47233;0.472334;1;1;1;1;1;1;
3;-0.0174716;-0.0105005;-0.0124445;0.00928362;0.0161113;0.0102762;0.199046;0.237247;0.219094;0.216706;0.229976;0.170752;0.275873;0.275875;0.275879;0.275888;0.275881;0.275878;0.951179;1;1;0.721278;0.196022;0;
4;-0.013214;-0.00855023;-0.0102914;0.00787391;0.011949;0.00660003;0.224528;0.245882;0.234783;0.224632;0.215841;0.202945;0.232929;0.256222;0.250182;0.268825;0.237721;0.233788;0.896354;1;1;0.551031;1;1;
5;-0.0119178;-0.00819287;-0.010181;0.00877851;0.0116454;0.00632122;0.22395;0.247073;0.236976;0.227077;0.216642;0.206061;0.2272;0.248274;0.241323;0.264392;0.235869;0.229207;0.948679;1;1;0.585064;1;1;
6;-0.011067;-0.00791711;-0.0100285;0.00930848;0.01149;0.00617328;0.22076;0.244913;0.234243;0.228897;0.216418;0.207566;0.223075;0.242515;0.236521;0.262339;0.23671;0.227968;0.986485;1;1;0.587804;1;1;
7;-0.0108849;-0.00811545;-0.0102613;0.00904249;0.0107331;0.00550921;0.217388;0.242735;0.23126;0.22964;0.215443;0.208312;0.220154;0.237962;0.233256;0.2606;0.23742;0.226518;1;1;1;0.584616;1;1;
8;-0.0104285;-0.0077951;-0.0100541;0.00910699;0.010555;0.00535308;0.214228;0.241187;0.228248;0.229912;0.213727;0.208633;0.218317;0.234096;0.231313;0.258146;0.237762;0.224379;1;1;1;0.581647;1;1;
9;-0.0103371;-0.00772672;-0.0101108;0.0090442;0.0103025;0.00516127;0.211057;0.240259;0.224965;0.23035;0.211494;0.209097;0.217351;0.230353;0.230265;0.254752;0.238058;0.221582;1;1;1;0.578152;1;1;
10;-0.0104494;-0.00772018;-0.0103072;0.00932389;0.010438;0.00536616;0.207423;0.23981;0.221728;0.230902;0.208954;0.209916;0.217427;0.226348;0.228998;0.250803;0.238585;0.21864;1;1;1;0.573492;1;0.991175;
11;-0.0108871;-0.00809088;-0.0109521;0.0100844;0.0108682;0.00593528;0.203823;0.238951;0.218215;0.231632;0.206533;0.211146;0.217888;0.222857;0.227494;0.246355;0.23905;0.215859;1;1;1;0.576892;1;0.933611;
12;-0.0121536;-0.00896693;-0.0122235;0.0109937;0.011456;0.00683069;0.200489;0.238383;0.21429;0.232492;0.205085;0.21232;0.218501;0.21907;0.2259;0.241411;0.2385;0.213793;1;1;1;0.592107;1;0.868365;
13;-0.014181;-0.0102903;-0.0141077;0.0127158;0.0128338;0.00866791;0.198644;0.237307;0.210971;0.232091;0.203926;0.211726;0.218785;0.216424;0.223256;0.236607;0.237115;0.214178;0.975144;1;1;0.630463;1;0.787804;
14;-0.0172629;-0.0125906;-0.0171201;0.0153233;0.0147444;0.0113121;0.199202;0.235353;0.211194;0.228525;0.203616;0.207956;0.2186;0.215968;0.216737;0.233158;0.233485;0.21821;0.863433;1;1;0.699974;1;0.731116;
15;-0.0205358;-0.0150123;-0.0204565;0.0196029;0.0179649;0.0154836;0.204554;0.230272;0.217085;0.218151;0.206116;0.198794;0.216708;0.221818;0.205814;0.233666;0.223602;0.226728;0.639073;1;1;0.830377;1;0.747056;
16;-0.0301218;-0.0190962;-0.0258327;0.0294773;0.0280906;0.0258027;0.198865;0.213456;0.226653;0.194283;0.210363;0.187499;0.191123;0.244263;0.188645;0.239004;0.207788;0.241019;0.548805;1;1;0.892678;0.84181;0.898045;
17;-0.0419756;-0.0273267;-0.0355726;0.0591617;0.0279245;0.0549917;0.203336;0.199406;0.256049;0.154506;0.215122;0.171868;0.119519;0.311927;0.178409;0.199993;0.125799;0.233197;0.990159;0.754009;1;0.871847;0.544081;1;
18;-0.085076;-0.0202717;-0.0304975;0.10075;-0.0504284;0.0956984;0.210856;0.183115;0.298906;0.0920302;0.192145;0.128891;0.0698092;0.351773;0.128062;0.226718;0.0734709;0.286102;0.986498;1;1;0.758987;0.716739;1;
19;-0.109158;-0.00337743;-0.0151923;0.119323;-0.0902066;0.112048;0.237194;0.17331;0.328957;0.0556316;0.195625;0.0965211;0.0407708;0.380384;0.11726;0.250212;0.0429066;0.300905;0.615894;1;1;0.943724;0.0846244;1;
20;-0.109775;-0.0254263;-0.0335671;0.0910095;-0.0954738;0.0840714;0.263784;0.170662;0.34853;0.0361366;0.216369;0.0710045;0.0238114;0.399138;0.121952;0.251774;0.0250567;0.295443;0.670024;1;1;0.829604;0;1;
21;-0.0847871;-0.00469725;-0.0138942;0.0653767;-0.0679792;0.0613168;0.268073;0.165349;0.344891;0.0257819;0.23268;0.043411;0.0139032;0.421197;0.0943826;0.266498;0.0146324;0.268256;1;1;0.888543;0.792783;0;1;
22;-0.0442719;0.02889;0.0238585;0.00621162;-0.0077242;0.0038326;0.284513;0.160586;0.308302;0.031916;0.239094;-0.00225584;-0.0180365;0.46375;0.0646347;0.267604;0.00854466;0.215516;1;1;1;0.692189;0;1;
23;-0.0739329;-0.00346009;0.0965764;-0.0742143;0.0781405;-0.0804178;0.26562;0.151818;0.287347;0.0567673;0.226268;0.00212704;-0.0325342;0.443864;0.0377564;0.284443;0.0049895;0.197515;1;0.886657;1;0.71002;0;1;
24;-0.0457373;0.00244306;0.169777;-0.137994;0.162886;-0.164211;0.271396;0.170233;0.256557;0.0624103;0.183953;-0.035264;-0.0252673;0.413073;0.0715227;0.275488;0.00291317;0.138362;1;1;1;0.511074;0;1;
25;-0.00790066;-0.0130779;0.227959;-0.179565;0.224398;-0.225164;0.235978;0.156594;0.223075;0.0812011;0.159944;-0.0522108;0.00596323;0.364378;0.0614932;0.259011;0.00170101;0.0808128;1;0.0693017;0.128541;0.446011;0;1;
26;0.00426522;-0.0438878;0.262796;-0.200507;0.262241;-0.257657;0.210029;0.144268;0.184613;0.104171;0.147744;-0.0442394;0.027211;0.302935;0.0630174;0.242576;0.00222018;0.0472019;1;0.578216;0.471194;0.373972;0.585695;1;
27;0.00665107;-0.069057;0.274628;-0.179824;0.272936;-0.226984;0.161665;0.137773;0.14094;0.138789;0.146161;0.00521397;0.0410694;0.218944;0.0531106;0.236476;0.0591608;0.0381571;1;0.451248;0.92252;0.149678;1;1;
28;0.0149331;-0.110859;0.283724;-0.205836;0.247417;-0.237086;0.095046;0.126752;0.0848521;0.166453;0.137282;0.0510685;0.0607352;0.127891;0.0819383;0.169781;0.112604;0.0214516;1;0.0768305;0.979751;0.549001;1;1;
29;0.108269;-0.186853;0.365465;-0.2413;0.231005;-0.242355;0.0112449;0.118303;0.0593865;0.15302;0.0987818;0.0741088;0.067125;0.0746872;0.155505;0.0991545;0.225677;-0.0223418;1;0;0.397648;0.328046;0.178051;1;
30;0.061083;-0.221934;0.332458;-0.253731;0.210687;-0.246621;-0.0497255;0.15416;-0.0159974;0.175237;0.0873;0.128354;0.1188;0.0436164;0.162722;0.0579072;0.266339;-0.0167767;1;0;1;0.501068;0.67003;1;
31;0.035465;-0.227266;0.31311;-0.245835;0.183728;-0.260446;-0.0880557;0.196387;-0.056517;0.2087;0.0867834;0.181315;0.133252;0.0254713;0.158829;0.0338194;0.294937;-0.0300202;1;0;1;0.568011;1;0.997796;
32;0.0200713;-0.210722;0.288178;-0.221567;0.135755;-0.230517;-0.0920397;0.22675;-0.0452053;0.233941;0.0758152;0.217948;0.135848;0.0148746;0.167179;0.0197506;0.277306;-0.0182121;1;0;1;0;1;0.524552;
33;-0.0321137;-0.177235;0.234152;-0.183567;0.0552706;-0.188794;-0.0929525;0.244721;-0.0450494;0.248921;0.0668711;0.239581;0.134793;0.00868598;0.174175;0.0115337;0.25904;-0.0106357;1;0;1;0;1;0;
34;-0.108326;-0.12674;0.165355;-0.130438;0.0461909;-0.13349;-0.0817791;0.253638;-0.0817172;0.253312;0.0718009;0.250636;0.14775;0.00507197;0.150702;0.00673518;0.257285;-0.00621171;1;0;1;0;1;0;
35;-0.189634;-0.0549842;0.0781341;-0.0571438;0.00794087;-0.0589259;-0.0560117;0.247015;-0.0850785;0.247946;0.0599958;0.247546;0.168346;0.00296138;0.127734;0.00393342;0.248774;-0.00362804;1;0;1;0.265958;1;0;
36;-0.276978;0.0383708;-0.0248326;-0.00906298;-0.0391172;0.0360696;-0.0337946;0.232704;-0.0963899;0.258281;0.0585635;0.232798;0.177787;0.00172884;0.0918086;-0.00336753;0.264268;-0.0021192;1;0;1;0.61735;1;0;
37;-0.348557;0.13364;-0.124394;-0.0095046;-0.0499963;0.132297;-0.00540086;0.205146;-0.104734;0.245123;0.0639678;0.206092;0.197047;0.00100907;0.0541177;-0.012624;0.266096;-0.00123807;1;0;1;1;0.582259;0;
38;-0.370916;0.205858;-0.161713;0.000611439;-0.0679892;0.205073;0.0243417;0.189427;-0.102425;0.231791;0.0474622;0.196461;0.185901;0.000588773;0.0369795;-0.0129161;0.245587;-0.000723314;1;0;1;1;0.911944;0;
39;-0.374017;0.251443;-0.172995;0.0794777;-0.0640346;0.250986;0.0343647;0.170576;-0.0980011;0.204638;0.0417626;0.174684;0.18107;0.000343253;-0.0448805;-0.00189134;0.174406;-0.0004227;1;0;1;1;0;0;
40;-0.382403;0.277368;-0.186013;0.104236;-0.115698;0.277101;0.0693365;0.13734;-0.104731;0.167821;0.0302761;0.139739;0.15511;0.00020009;-0.0524422;0.025592;0.112814;-0.000247361;1;0;1;1;0;0;
41;-0.391495;0.290288;-0.203228;0.188991;-0.195702;0.289962;0.0967149;0.0882634;-0.111386;0.134441;0.0096255;0.0896594;0.127787;0.0225228;-0.131562;0.0586207;0.0658821;-0.00014474;0.807256;0.606905;1;1;0;0;
42;-0.355851;0.233285;-0.235236;0.190973;-0.23812;0.293167;0.110658;0.0551887;-0.0331344;0.0465946;0.037551;0.0204276;0.0746301;0.122021;-0.143223;0.0453767;0.0384742;-8.50901e-05;0.303057;0;1;1;0;0;
43;-0.323753;0.190995;-0.247268;0.155712;-0.254998;0.287146;0.139921;0.0343479;0.0559355;-0.048068;0.0972264;-0.0633699;0.0435831;0.21091;-0.124932;0.0491453;0.0224685;-4.97619e-05;0;0.395162;1;1;0;0;
44;-0.291445;0.202418;-0.222387;0.132378;-0.251293;0.270068;0.184308;0.0273063;0.134905;-0.092706;0.159375;-0.139603;0.0254518;0.249417;-0.16965;0.0940235;0.0131211;0.00755052;0;0.401497;1;1;0;0.946459;
45;-0.253978;0.182414;-0.222639;0.0931419;-0.23053;0.241494;0.21897;0.0449468;0.171707;-0.121488;0.204409;-0.192863;0.0148632;0.272605;-0.134997;0.0874156;0.00766224;0.00338781;0;0.803456;1;1;0;0.956091;
46;-0.209594;0.187932;-0.21123;0.0509841;-0.1959;0.202303;0.240359;0.048323;0.184976;-0.120361;0.231856;-0.225109;0.00867951;0.267393;-0.114702;0.0988031;0.00447416;0.0115719;0;1;1;1;0;1;
47;-0.155123;0.178733;-0.212557;0.00363287;-0.147126;0.150864;0.251652;0.0520027;0.190905;-0.11784;0.246686;-0.241945;0.00506827;0.255556;-0.0841535;0.107645;0.00261229;0.00675682;0;1;1;1;0;1;
48;-0.084471;0.130436;-0.130723;-0.044392;-0.0798001;0.0819843;0.244707;0.0338233;0.214438;-0.0988173;0.252796;-0.203561;0.0029591;0.223236;-0.0491569;0.114346;0.00152522;-0.0120024;0;1;0.206607;1;0;1;
49;0.00690303;0.0199278;-0.020109;-0.0921554;0.00963122;-0.00834094;0.238954;-0.0209549;0.229383;-0.0484513;0.23152;-0.144293;0.00172789;0.140265;-0.0287074;0.162506;0.000889896;0.0646157;0;1;0;0.714517;0;1;
50;0.106486;-0.0908231;0.0907106;-0.172328;0.10808;-0.107306;0.209881;0.0258069;0.21832;-0.0746862;0.215441;-0.172598;0.00100876;0.178022;-0.0167653;0.106289;0.000519141;0.0377432;0.281188;1;0;1;0;1;
51;0.187351;-0.178204;0.178144;-0.233771;0.188288;-0.187816;0.186694;0.0153836;0.209867;-0.0307066;0.207429;-0.12079;-0.00628463;0.145077;-0.00979131;0.126283;0.000302733;0.0375911;0.634367;1;0;1;0;1;
52;0.187419;-0.205672;0.234947;-0.273952;0.240871;-0.240344;0.174271;0.0218764;0.187803;0.00328852;0.18638;-0.101173;-0.0201461;0.129527;-0.00571838;0.122764;0.000176246;0.0219581;1;1;0;1;0;1;
53;0.190419;-0.210112;0.266458;-0.290532;0.271588;-0.25838;0.146198;0.0304067;0.154099;0.0378407;0.153267;-0.0703173;-0.0174315;0.0978262;0.00702735;0.114527;0.00010252;-0.00583702;1;1;0.173955;0.936769;0;1;
54;0.191954;-0.225818;0.272455;-0.285509;0.284286;-0.249433;0.102579;0.0265928;0.107192;0.0826025;0.106703;-0.0215904;-0.0100765;0.0571422;0.0157931;0.103972;0.0279559;-0.0239055;1;0.850664;0.616928;0.77063;0.330222;1;
55;0.201128;-0.251333;0.28007;-0.2857;0.283752;-0.250442;0.0461713;0.0344919;0.0552554;0.117968;0.0684031;0.00735181;0.0538186;0.0333702;0.083294;0.0663109;0.081684;-0.0614556;1;0.0611602;1;0.24218;1;1;
56;0.202919;-0.265387;0.284292;-0.287631;0.229142;-0.263365;-0.0371677;0.084286;-0.0275758;0.134563;0.0603819;0.068437;0.047502;0.0194877;0.0887594;0.0387264;0.181459;-0.0406177;1;0;1;0.459319;1;1;
57;0.187008;-0.26169;0.268437;-0.274681;0.196404;-0.260186;-0.105006;0.146568;-0.0728352;0.17593;0.0537565;0.137313;0.095954;0.0113804;0.107085;0.0226156;0.214709;-0.0276481;1;0;1;0.0500978;1;0.720704;
58;0.164849;-0.242106;0.246043;-0.249692;0.147813;-0.241227;-0.131722;0.195681;-0.0871737;0.212828;0.044972;0.190277;0.0958328;0.00664562;0.11181;0.0132069;0.230738;-0.0161467;0.976834;0;1;0;1;0;
59;0.123761;-0.209314;0.211609;-0.213744;0.124255;-0.208801;-0.138779;0.226785;-0.103509;0.236799;0.0392338;0.223629;0.10531;0.00388041;0.117908;0.00771236;0.226911;-0.00943;1;0;1;0;1;0;
60;0.0740144;-0.163655;0.16499;-0.166242;0.0792731;-0.163355;-0.133958;0.244192;-0.101078;0.25004;0.0301925;0.242349;0.096039;0.00226553;0.10777;0.00450352;0.222493;-0.00550751;1;0;1;0;1;0;
61;0.0106802;-0.101403;0.102183;-0.102913;0.0521205;-0.101227;-0.119334;0.251548;-0.10867;0.252656;0.023796;0.251117;0.0997562;0.00132245;0.101939;0.00262955;0.20977;-0.00321681;1;0;1;0;1;0;
62;-0.0632515;-0.0174451;0.0179116;-0.0183272;-0.0113356;-0.0173427;-0.110549;0.23959;-0.113982;0.242104;0.0248338;0.241719;0.102452;0.000771658;0.100605;0.00153519;0.19628;-0.00187905;1;0;1;0;1;0;
63;-0.151728;0.0814566;-0.0811666;0.0809413;-0.0982597;0.0815162;-0.0898493;0.221025;-0.105373;0.224887;0.0293525;0.222656;0.0993983;0.000450045;0.0987522;0.000896115;0.18486;-0.0010978;1;0;1;0;1;0;
64;-0.231521;0.168824;-0.168637;0.168515;-0.178619;0.168859;-0.0520951;0.186446;-0.0738983;0.217661;0.0301564;0.215332;0.100975;0.000262402;0.0888412;-0.000519897;0.172028;-0.000641531;1;0;1;0.354064;1;0;
65;-0.275849;0.228809;-0.228685;0.202893;-0.162923;0.228829;-0.017896;0.179078;-0.0621691;0.197385;0.0300277;0.196023;0.120293;0.000152597;0.0565797;-0.0266824;0.152908;-0.000375005;1;0;1;0.936169;1;0;
66;-0.300748;0.264805;-0.252787;0.178229;-0.199476;0.264817;0.013783;0.155222;-0.026549;0.165918;0.0386827;0.165117;0.110333;8.86584e-05;0.0403638;-0.0155856;0.127945;-0.000219427;1;0;1;0.952061;1;0;
67;-0.300984;0.284283;-0.252209;0.182304;-0.210613;0.28429;0.0557606;0.116205;0.0176859;0.122459;0.0397657;0.121983;0.104553;5.13567e-05;0.023574;-0.00978033;0.0826051;-0.000128532;1;0;1;1;0.694965;0;
68;-0.308495;0.287062;-0.259017;0.175044;-0.223437;0.292532;0.0803254;0.0592146;0.0649279;0.07798;0.0641425;0.0625829;0.0610717;0.0467114;-0.0255605;0.0368824;0.0482464;-7.53735e-05;0.0275982;0.512775;1;1;0.435405;0.0118048;
69;-0.301033;0.247429;-0.271769;0.206788;-0.25136;0.325227;0.0990083;0.0331214;0.0949775;-0.00654323;0.0895575;-0.0155422;0.035665;0.143053;-0.020954;0.0556184;0.0281753;0.0694869;0;0.43844;1;1;0;0.910851;
70;-0.286399;0.211782;-0.282101;0.178667;-0.257391;0.30053;0.148206;0.02033;0.14586;-0.0706496;0.142686;-0.0906268;0.0208277;0.19843;-0.0122157;0.0876639;0.0164539;0.094205;0;1;1;1;0;1;
71;-0.261765;0.204033;-0.270136;0.140034;-0.244824;0.270021;0.194657;0.0248172;0.193293;-0.105959;0.191433;-0.132506;0.0121628;0.222518;-0.0020824;0.111112;0.0096086;0.0786049;0;1;0.893389;1;0;1;
72;-0.227073;0.193153;-0.242985;0.098264;-0.21718;0.2319;0.226002;0.0304276;0.225207;-0.116555;0.224119;-0.153355;0.00710253;0.226909;0.00201778;0.114412;0.00561087;0.0559054;0;1;0.619512;1;0;1;
73;-0.182035;0.140519;-0.191328;0.0632927;-0.176257;0.18486;0.244105;0.00986809;0.243641;-0.113795;0.243006;-0.13618;0.00414736;0.193547;0.0011779;0.133338;0.00327615;0.0795635;0;1;0;0.717887;0;1;
74;-0.123104;0.098849;-0.128531;0.000419699;-0.119731;0.124758;0.252873;0.0101931;0.252602;-0.107213;0.252231;-0.149523;0.00242157;0.194614;0.000687465;0.117506;0.00191261;0.0649328;0;1;0;0.734858;0;1;
75;-0.0442654;0.0300948;-0.0474347;-0.0683965;-0.0422949;0.045239;0.246334;0.0100196;0.245455;-0.103432;0.248845;-0.151881;0.0014136;0.189235;0.00040089;0.112222;0.00111643;0.0553476;0;1;0;0.765873;0;1;
76;0.0532335;-0.0615098;0.0513827;-0.141967;0.0543846;-0.0526479;0.230576;0.00831873;0.232113;-0.0821285;0.226294;-0.141556;0.000825082;0.167066;0.000233651;0.113974;0.00065139;0.0671192;0;1;0;0.792703;0;1;
77;0.146799;-0.151627;0.145718;-0.220651;0.147471;-0.146438;0.19878;0.0183518;0.199217;-0.0593755;0.202273;-0.121754;0.000481535;0.156453;0.00013612;0.111787;0.000379854;0.0607066;0;1;0;0.846129;0;1;
78;0.214701;-0.217514;0.214073;-0.277982;0.215097;-0.214479;0.191148;0.0280575;0.191401;-0.021976;0.193186;-0.091704;0.00216302;0.136746;7.89421e-05;0.108914;0.000221353;0.0539198;0.541742;1;0;0.861744;0;1;
79;0.231873;-0.219332;0.256293;-0.310579;0.256891;-0.25652;0.168089;0.029752;0.168235;0.0170258;0.169277;-0.0711113;-0.0123504;0.114648;4.57219e-05;0.112576;0.000128779;0.0314961;1;1;0;0.858342;0;1;
80;0.21779;-0.250635;0.279891;-0.319378;0.280241;-0.264907;0.131383;0.0371737;0.131461;0.0545632;0.13207;-0.0282195;-0.00716175;0.0756827;2.62296e-05;0.105531;7.48187e-05;0.0183919;1;1;0;0.774649;0;1;
81;0.211676;-0.258118;0.291247;-0.318847;0.289646;-0.262172;0.0921576;0.0629487;0.0786266;0.0785903;0.0789881;0.0116088;0.0445003;0.0442049;0.00769079;0.0702058;0.041343;-0.0284231;1;1;0.378789;0.425085;0.408205;1;
82;0.233849;-0.270413;0.310719;-0.312238;0.251557;-0.275041;0.0158287;0.0712782;0.0062189;0.113844;0.0557227;0.0464914;0.062932;0.0258123;0.061632;0.0410023;0.125841;-0.0286924;1;0;1;0;1;1;
83;0.20928;-0.27971;0.295863;-0.296365;0.215226;-0.278971;-0.0652873;0.12328;-0.0780063;0.148139;0.0488293;0.108808;0.09301;0.015074;0.0805223;0.0239446;0.196749;-0.0176997;1;0;1;0;1;1;
84;0.182585;-0.262787;0.272219;-0.272514;0.188735;-0.263089;-0.106446;0.177121;-0.11788;0.191638;0.0474056;0.168671;0.105659;0.00880276;0.0736579;0.0139831;0.230951;-0.0110061;1;0;1;0;1;0.750975;
85;0.162665;-0.233629;0.239133;-0.239309;0.110558;-0.233805;-0.126031;0.215281;-0.106599;0.223759;0.0289799;0.210346;0.114498;0.00514022;0.104714;0.00816552;0.21428;-0.0064278;1;0;1;0;1;0;
86;0.111851;-0.193286;0.196498;-0.196603;0.100997;-0.193388;-0.122356;0.238106;-0.124317;0.243057;0.026141;0.235224;0.1152;0.00300123;0.0921778;0.00476824;0.21522;-0.00375419;1;0;1;0;1;0;
87;0.0586305;-0.139709;0.141585;-0.141646;0.0567948;-0.139769;-0.119745;0.249993;-0.129095;0.252884;0.0223888;0.24831;0.110065;0.00175212;0.0840164;0.00278414;0.209413;-0.00219294;1;0;1;0;1;0;
88;-0.00409166;-0.0674244;0.06853;-0.0685553;0.0189969;-0.067459;-0.100619;0.247775;-0.129239;0.249076;0.0130907;0.247971;0.114226;0.00102262;0.0809001;0.00162541;0.193623;-0.00128113;1;0;1;0;1;0;
89;-0.0819098;0.0259168;-0.0252532;0.0252564;-0.0541996;0.0258965;-0.0920387;0.231322;-0.132397;0.236077;0.0198256;0.236708;0.107299;0.000596601;0.0714417;0.000948782;0.188942;-0.000748642;1;0;1;0;1;0;
90;-0.165794;0.123374;-0.122965;0.122989;-0.139888;0.123362;-0.0689662;0.21014;-0.118427;0.212923;0.0294423;0.208177;0.10703;0.000347839;0.0711766;0.000553629;0.172711;-0.000437667;1;0;1;0;1;0;
91;-0.235771;0.199014;-0.198757;0.198789;-0.208651;0.199007;-0.0364793;0.200817;-0.0943597;0.203965;0.03878;0.201192;0.108423;0.000202589;0.0678499;0.000323537;0.157731;-0.000256;1;0;1;0.268245;1;0;
92;-0.271153;0.247369;-0.246426;0.238753;-0.211607;0.247365;0.00527208;0.17921;-0.067366;0.18105;0.0375222;0.17943;0.116869;0.000117763;0.0407071;-0.0202059;0.132888;-0.000149846;1;0;1;1;1;0;
93;-0.289039;0.275148;-0.261849;0.220864;-0.242011;0.275146;0.0399245;0.144913;-0.0282237;0.145992;0.0468673;0.145041;0.10712;6.83222e-05;0.0237754;-0.0118009;0.100987;-8.79543e-05;1;0;1;1;1;0;
94;-0.294499;0.286671;-0.265688;0.215087;-0.254067;0.289134;0.0720176;0.0961489;0.0101399;0.0978394;0.064573;0.0962208;0.0821852;0.0244184;-0.00914444;0.0322414;0.0672232;0.00728806;1;0.272954;1;1;0.828411;0.0827523;
95;-0.297446;0.258755;-0.273296;0.221678;-0.267843;0.295835;0.103622;0.0621653;0.0438265;0.0359548;0.0530962;0.0287439;0.0480004;0.108665;-0.0098763;0.0521731;0.0392565;0.0522734;0.266237;0.738378;1;1;0.467244;1;
96;-0.290681;0.229443;-0.275445;0.211327;-0.273392;0.291466;0.131837;0.0473379;0.0969232;-0.0414816;0.10233;-0.0538047;0.0280315;0.181068;-0.00904981;0.0871977;0.0229253;0.090916;0;1;1;0.965272;0;1;
97;-0.273775;0.202978;-0.27475;0.187066;-0.263679;0.274233;0.177839;0.0502885;0.157454;-0.0978157;0.160607;-0.109161;0.0163698;0.23162;-0.00468792;0.103026;0.013388;0.0822568;0;1;1;1;0;1;
98;-0.24572;0.125582;-0.246929;0.170678;-0.239824;0.245984;0.214802;0.0413481;0.202899;-0.128214;0.204739;-0.10884;0.00955937;0.231453;-0.00273753;0.102193;0.00781808;0.0959782;0;1;0.495768;1;0;1;
