1;-0.000363588;0.000116064;9.94837e-05;-0.000363587;0.000116064;9.94834e-05;0.0349769;0.0347456;0.0352594;0.0349771;0.0347458;0.0352596;0.808667;0.808665;0.808666;0.808667;0.808665;0.808666;0;0;0;0;0;0;
2;-0.00395593;0.00108486;0.00140251;-0.0014749;0.000733539;0.000165931;0.164416;0.143629;0.142361;0.160296;0.163292;0.160758;0.472378;0.472344;0.472345;0.472408;0.472409;0.472409;1;1;1;1;1;1;
3;-0.00687644;0.00951247;0.00921461;-0.00283282;-0.00719688;-0.00415554;0.106205;0.100666;0.100633;0.101386;0.104077;0.10282;0.275887;0.275867;0.275866;0.275906;0.275906;0.275904;0.784645;0.836947;0.948719;0.687254;0.728513;0.843656;
4;-0.00338101;0.00492051;0.00601617;-0.000649669;-0.00356817;-0.00306159;0.0620023;0.0588238;0.0587501;0.0593112;0.0607608;0.0600806;0.161126;0.161115;0.161115;0.161138;0.161138;0.161136;1;1;1;0.879437;0.961597;1;
5;-0.00109831;0.00199743;0.00438959;-0.00125548;-0.00120769;-0.00266412;0.0359593;0.0352538;0.0365915;0.0388934;0.0358917;0.0365527;0.094102;0.0940956;0.0940955;0.0941092;0.0941088;0.0941077;1;1;1;0.884311;1;1;
6;0.00046601;5.92138e-05;0.00367092;-0.00184051;0.000402094;-0.00236339;0.0303548;0.0341342;0.0353142;0.0322148;0.0352544;0.036986;0.0549589;0.054955;0.0549554;0.054963;0.0549636;0.0549623;1;0.873883;1;0.874431;1;1;
7;0.00151546;-0.00120874;0.00349741;-0.0023181;0.00147813;-0.00239676;0.0291973;0.0309499;0.0315608;0.0319784;0.0286972;0.0356046;0.032099;0.0320965;0.0320976;0.0321013;0.0321022;0.0321015;1;0.976781;1;0.769262;1;1;
8;0.00201859;-0.0018395;0.00317604;-0.00249301;0.00199676;-0.00309967;0.0251403;0.032149;0.0300546;0.0322809;0.0306214;0.0371472;0.0187486;0.0187467;0.0187481;0.0187498;0.018751;0.0187502;1;1;1;0.618743;1;1;
9;0.00171728;-0.00161264;0.00239322;-0.00199427;0.00170454;-0.00234857;0.0223568;0.0314868;0.0260567;0.0332633;0.0285698;0.0369316;0.0109519;0.0109502;0.010952;0.0109523;0.010954;0.0109529;1;1;1;0.751412;1;1;
10;0.000107702;-4.65901e-05;0.000502416;-0.000269391;0.000100332;-0.000476314;0.0195938;0.0320215;0.0234156;0.0351228;0.0274182;0.0389627;0.00639867;0.0063967;0.00639899;0.00639833;0.00640077;0.00639906;1;0.981444;1;0.729079;1;1;
11;-0.00358309;0.00361876;-0.00335258;0.00348868;-0.00358737;0.00336782;0.0169031;0.0327427;0.0204531;0.0377416;0.026244;0.0414109;0.00373963;0.0037372;0.0037718;0.00373868;0.00669789;0.00373947;1;0.924932;1;0.706141;1;1;
12;-0.0103922;0.0104129;-0.0102576;0.0103371;-0.0103946;0.0102665;0.0146053;0.0334484;0.0179112;0.0399135;0.0249248;0.0435038;0.00325586;0.00218386;0.00387292;0.00218531;0.00795008;0.00218615;1;0.904496;1;0.68568;1;1;
13;-0.0215268;0.0215389;-0.0214483;0.0214947;-0.0215281;0.0214535;0.0140801;0.0337859;0.0169477;0.0408526;0.0247199;0.0441828;0.00333957;0.00127666;0.00387438;0.00127811;0.0082379;0.00127898;1;0.946019;1;0.683301;1;1;
14;-0.0380678;0.0380746;-0.038022;0.0380492;-0.0380684;0.038025;0.015137;0.0342349;0.0190735;0.039353;0.0258744;0.0409433;0.00319403;0.000747151;0.00668931;0.000748487;0.00724676;0.00145354;1;0.956181;1;0.716107;1;1;
15;-0.0603126;0.0603162;-0.0602858;0.0603018;-0.0603128;0.0602876;0.0251878;0.0297466;0.0292696;0.0285762;0.0290555;0.0336453;0.00367531;0.00279256;0.003909;0.00216964;0.00423487;0.00351137;1;1;1;0.627258;0.878179;1;
16;-0.0867384;0.0867395;-0.0867226;0.0867323;-0.0867385;0.0867239;0.043035;0.0238069;0.0489563;0.00964421;0.0360581;0.0160801;0.00214794;0.0124011;0.00228473;0.00668975;0.00247413;0.00896575;0.963409;1;1;0.955562;0.566049;1;
17;-0.11312;0.11312;-0.113111;0.113117;-0.113121;0.113112;0.0580105;0.00812528;0.0614704;-0.027239;0.0539348;-0.0234784;0.00125451;0.0242008;0.00133533;0.00941217;0.00144453;0.0129784;0.502324;1;0.913963;1;0;1;
18;-0.132802;0.132802;-0.132796;0.1328;-0.132802;0.132796;0.0954428;-0.036736;0.0974634;-0.0774682;0.0930627;-0.0752661;0.00073224;0.0398019;0.000779413;0.00917891;0.000843241;0.0177095;0;1;0;1;0;1;
19;-0.138313;0.138313;-0.138309;0.138311;-0.138313;0.138309;0.143522;-0.109219;0.144701;-0.13302;0.142132;-0.131729;0.000427221;0.0403767;0.000454747;0.00855815;0.000492054;0.0155781;0;1;0;1;0;1;
20;-0.123567;0.123568;-0.123565;0.123566;-0.123567;0.123565;0.18594;-0.165894;0.186629;-0.179804;0.185128;-0.179046;0.000249094;0.023748;0.000265159;0.00730371;0.000286887;0.00910113;0;1;0;1;0;1;
21;-0.0843855;0.0843862;-0.0843844;0.0843848;-0.0843856;0.0843843;0.21491;-0.195353;0.215313;-0.211323;0.214436;-0.210878;0.000145063;0.0138699;0.000154438;0.00426758;0.000167002;0.00531721;0;1;0;0.910539;0;1;
22;-0.0173048;0.0173054;-0.0173042;0.0173046;-0.0173048;0.0173043;0.230526;-0.191921;0.230761;-0.228429;0.230249;-0.218665;8.42714e-05;0.00809836;8.97492e-05;0.00249298;9.69684e-05;0.00310584;0;1;0;0.816906;0;1;
23;0.0725454;-0.0725446;0.0725457;-0.0725454;0.0725456;-0.0725455;0.228513;-0.17253;0.229407;-0.214322;0.22908;-0.207675;4.87645e-05;0.00472743;5.19266e-05;0.00145538;5.60706e-05;0.00181402;0;1;0;1;0;1;
24;0.159619;-0.159619;0.159619;-0.159619;0.159619;-0.159619;0.220433;-0.136677;0.222226;-0.178156;0.222483;-0.186327;2.80044e-05;-0.00343207;2.98534e-05;-0.00690216;3.22016e-05;-0.00526903;0;1;0;1;0;1;
25;0.22249;-0.222491;0.22249;-0.222491;0.222491;-0.222491;0.201977;-0.0884946;0.203024;-0.130788;0.203174;-0.152783;1.59058e-05;-0.00437673;1.69976e-05;-0.00403012;1.82455e-05;-0.00307701;0;1;0;1;0;1;
26;0.261128;-0.26113;0.261128;-0.261128;0.261128;-0.261128;0.172289;-0.0425144;0.1729;-0.0690257;0.172988;-0.109036;8.86501e-06;0.0180191;9.49828e-06;-0.00770558;1.01225e-05;-0.00179703;0;1;0;1;0;1;
27;0.282492;-0.282496;0.282493;-0.282494;0.282493;-0.282493;0.131079;0.0100386;0.131434;0.00619;0.131486;-0.072439;0.00572517;0.0211407;5.1077e-06;0.0289721;5.52782e-06;-0.00104931;0.727007;1;0;1;0;1;
28;0.292087;-0.292157;0.292155;-0.292156;0.292154;-0.292156;0.0746378;0.0559379;0.0748342;0.0514379;0.0748652;0.0014831;0.0242094;0.0123497;2.63405e-06;0.0169241;0.000306451;0.00474501;1;1;0.0184959;1;0.311569;1;
29;0.292098;-0.29648;0.28762;-0.294138;0.289548;-0.295267;-0.000686325;0.0769489;-0.000569566;0.0743209;-0.00054895;0.0451514;0.0141431;0.00721219;0.0245766;0.00988368;0.0301744;0.00945062;1;0;1;0;1;1;
30;0.283396;-0.285955;0.27664;-0.284587;0.281907;-0.285247;-0.0854706;0.130009;-0.0853899;0.128475;-0.085374;0.11144;0.00826181;0.00421148;0.0338334;0.00577166;0.0425753;0.0055188;0.616157;0;1;0;1;0;
31;0.263159;-0.264655;0.259214;-0.263856;0.262291;-0.264241;-0.156271;0.182283;-0.156216;0.181387;-0.156202;0.171439;0.00482703;0.00245906;0.0197637;0.0033702;0.0248712;0.00322255;0.992748;0;1;0;1;0;
32;0.231684;-0.232557;0.22938;-0.23209;0.231177;-0.232315;-0.203321;0.218514;-0.203284;0.21799;-0.200579;0.212181;0.00281977;0.00143562;0.0115425;0.00196772;0.0145278;0.00188148;0.872656;0;1;0;1;0;
33;0.189476;-0.189986;0.188131;-0.189713;0.18918;-0.189845;-0.231038;0.239911;-0.231013;0.239605;-0.203435;0.236212;0.00164669;0.000837902;0.00673966;0.00114862;0.00848518;0.00109825;1;0;1;0;1;0;
34;0.133889;-0.134186;0.133103;-0.134027;0.133716;-0.134104;-0.245646;0.250829;-0.23563;0.25065;-0.204584;0.248669;0.000961357;0.000488814;0.00393393;0.000670233;0.00495545;0.000640805;1;0;1;0;1;0;
35;0.0591588;-0.0593326;0.0587008;-0.0592398;0.0590581;-0.0592847;-0.240466;0.249857;-0.223923;0.248835;-0.193464;0.24953;0.000560725;0.00028492;0.00229645;0.000390872;0.00289367;0.000373678;1;0;1;0;1;0;
36;-0.0359327;0.0358313;-0.0362001;0.0358855;-0.0359913;0.0358593;-0.219093;0.226913;-0.213491;0.234795;-0.17491;0.235879;6.46782e-05;0.000165838;0.00134069;0.000227725;0.00168995;0.000217689;1;0;1;0;1;0;
37;-0.132216;0.132157;-0.132372;0.132189;-0.13225;0.132173;-0.183884;0.203929;-0.191233;0.199603;-0.149762;0.206235;-0.0068931;9.63405e-05;-0.00537117;0.000132618;0.00170494;0.000126809;1;0;1;0;1;0;
38;-0.205026;0.204991;-0.205117;0.205009;-0.205046;0.205;-0.140573;0.197058;-0.159712;0.172557;-0.0949852;0.1937;-0.00402524;5.57724e-05;-0.00313637;7.68717e-05;0.010459;7.34677e-05;1;0;1;0;1;0;
39;-0.250959;0.250938;-0.251011;0.250948;-0.25097;0.250943;-0.0882543;0.175032;-0.116918;0.160724;-0.041016;0.173071;0.00411272;3.20766e-05;-0.00183077;4.44802e-05;0.0186533;4.24314e-05;1;0;1;0;1;0;
40;-0.277087;0.277073;-0.277116;0.277078;-0.277093;0.277076;-0.0148457;0.139943;-0.0479675;0.131589;-0.00372384;0.138798;0.0281532;1.82915e-05;0.00494627;0.00114785;0.018162;2.43507e-05;1;0;1;0.510884;1;0;
41;-0.289954;0.289945;-0.28997;0.289947;-0.289957;0.289947;0.0423956;0.0897791;0.0493311;0.0849081;0.0444265;0.089111;0.0272244;0.00212054;0.0297593;0.016828;0.0185611;0.00157314;1;0.286219;1;0.768917;1;0.899876;
42;-0.293162;0.292323;-0.293172;0.293158;-0.293165;0.293158;0.0581809;0.0210029;0.100625;0.0176606;0.0578769;0.0201193;0.0159003;0.0489778;0.0173817;0.0163545;0.01084;0.0280694;0.556384;1;1;0.826014;0;1;
43;-0.287143;0.287781;-0.287149;0.28714;-0.287145;0.28714;0.109274;-0.0517823;0.134062;-0.0649804;0.109097;-0.0627794;0.00928527;0.0630398;0.0101504;0.0148665;0.00633021;0.0391304;0;1;0;0.391407;0;1;
44;-0.270065;0.270437;-0.270068;0.270062;-0.270066;0.270062;0.166411;-0.132816;0.180887;-0.140539;0.166307;-0.139245;0.00542221;0.0440504;0.00592744;0.0109852;0.0036964;0.0285024;0;1;0;0.91076;0;1;
45;-0.241493;0.241711;-0.241495;0.241491;-0.241494;0.241491;0.208518;-0.188885;0.216972;-0.193406;0.208457;-0.192644;0.00316613;0.025732;0.00346115;0.00923666;0.00215819;0.0166499;0;1;0;0.653011;0;1;
46;-0.202303;0.20243;-0.202304;0.202301;-0.202303;0.202302;0.234256;-0.214159;0.239193;-0.225428;0.23422;-0.224978;0.00184859;0.0150273;0.00202085;0.0053966;0.00125981;0.00972546;0;1;0;0.724019;0;1;
47;-0.150865;0.15094;-0.150866;0.150864;-0.150865;0.150865;0.248088;-0.210903;0.250971;-0.242931;0.248067;-0.225799;0.00107911;0.0087734;0.00117971;0.00315287;0.000735129;0.00568021;0;1;0;0.777756;0;1;
48;-0.0819843;0.0820289;-0.0819847;0.0819839;-0.0819844;0.0819849;0.252064;-0.199986;0.25251;-0.241277;0.251703;-0.221467;0.000629719;0.00512176;0.000688434;0.00184156;0.000428747;0.00331764;0;1;0;0.807292;0;1;
49;0.00835528;-0.0083285;0.00835502;-0.00835526;0.00835557;-0.00835446;0.239075;-0.182896;0.240229;-0.22489;0.234227;-0.214541;0.000367266;0.00222949;0.000401549;0.00107567;0.000249774;0.00193787;0;1;0;0.916711;0;1;
50;0.107334;-0.107318;0.107334;-0.107333;0.107334;-0.107333;0.217765;-0.154996;0.208861;-0.196232;0.211523;-0.201382;0.000214031;0.0011654;0.000234028;0.000628697;0.000145275;0.0011321;0;1;0;0.790609;0;1;
51;0.187852;-0.187843;0.187852;-0.187851;0.187852;-0.187851;0.209543;-0.114075;0.175192;-0.150834;0.179104;-0.171027;0.000124546;0.00152879;0.000136274;-0.00460675;8.42726e-05;-0.00645667;0;1;0;1;0;1;
52;0.240616;-0.240613;0.240616;-0.240616;0.240617;-0.240616;0.187614;-0.0601433;0.166265;-0.100668;0.169837;-0.133862;7.22981e-05;0.00747841;7.91563e-05;0.00985702;4.86996e-05;-0.00377066;0;1;0;1;0;1;
53;0.271438;-0.271439;0.271439;-0.271439;0.27144;-0.27144;0.153993;-0.032515;0.14152;-0.0405294;0.143606;-0.0612507;0.010563;0.012517;4.58536e-05;0.0234365;2.79534e-05;-0.00220192;0.998108;1;0;1;0;1;
54;0.287465;-0.287467;0.287466;-0.287466;0.287467;-0.287466;0.107135;0.017074;0.0998415;0.00412931;0.10106;0.0379972;0.0198783;0.0190243;8.57652e-05;0.0148656;1.59149e-05;0.0232102;1;1;0.114666;1;0;1;
55;0.293157;-0.293158;0.293158;-0.293157;0.293158;-0.293158;0.0426118;0.0299355;0.0383505;0.0482206;0.0390615;0.101562;0.0237278;0.0111108;0.0153307;0.00868294;0.0206273;0.0208746;1;0.390104;1;0.378388;1;1;
56;0.289812;-0.289813;0.280831;-0.289813;0.289812;-0.289812;-0.0392526;0.0816254;-0.0417352;0.0923038;-0.0413166;0.12346;0.0184003;0.00648833;0.0316812;0.00507039;0.0370334;0.012193;1;0;1;0;1;0.848814;
57;0.275954;-0.275956;0.270708;-0.275955;0.275956;-0.275954;-0.120267;0.145014;-0.121704;0.151251;-0.121456;0.169446;0.010749;0.00378877;0.0310623;0.00296071;0.0359374;0.00712021;0.70068;0;1;0;1;0;
58;0.250435;-0.250437;0.247373;-0.250436;0.250437;-0.250436;-0.180319;0.194774;-0.181152;0.198416;-0.173448;0.209042;0.00628033;0.00221216;0.0181444;0.00172873;0.0209936;0.00415782;0.956875;0;1;0;1;0;
59;0.214178;-0.214179;0.212392;-0.214179;0.214179;-0.214179;-0.217811;0.226255;-0.218295;0.228382;-0.209894;0.234588;0.00367008;0.00129145;0.0105956;0.00100903;0.012262;0.00242761;1;0;1;0;1;0;
60;0.166496;-0.166497;0.165454;-0.166496;0.166496;-0.166496;-0.238949;0.243883;-0.238196;0.245125;-0.20543;0.248749;0.00214529;0.000753695;0.00618517;0.000588771;0.00716066;0.0014172;0.826919;0;1;0;1;0;
61;0.103062;-0.103063;0.102455;-0.103062;0.103063;-0.103062;-0.237716;0.252013;-0.229555;0.252738;-0.200164;0.253343;0.00125442;0.000439625;0.00361048;0.000343296;0.00418135;0.000827093;1;0;1;0;1;0;
62;0.0184142;-0.0184157;0.0180608;-0.0184141;0.0184173;-0.0184141;-0.230719;0.24011;-0.220135;0.244245;-0.194487;0.244268;0.00107047;0.000256154;0.00210746;0.000199996;0.00244113;0.000482475;1;0;1;0;1;0;
63;-0.0808902;0.080889;-0.0810962;0.0808905;-0.080886;0.0808905;-0.206943;0.218478;-0.200417;0.225928;-0.166542;0.22497;0.000625699;0.000149031;0.00123063;0.000116318;0.00142457;0.00028124;1;0;1;0;1;0;
64;-0.168492;0.168492;-0.168613;0.168493;-0.168488;0.168493;-0.167636;0.188428;-0.176009;0.218446;-0.131206;0.217887;-0.00428803;8.64664e-05;-0.00631448;6.74603e-05;0.000318478;0.000163748;1;0;1;0;1;0;
65;-0.228614;0.228614;-0.228685;0.228615;-0.228612;0.228615;-0.120432;0.180311;-0.140192;0.197841;-0.0789862;0.197515;-0.00250284;4.99802e-05;-0.00368688;3.89409e-05;0.00827001;9.51545e-05;1;0;1;0;1;0;
66;-0.264691;0.264691;-0.264732;0.264691;-0.264689;0.264691;-0.0591467;0.155942;-0.0910243;0.16618;-0.019042;0.165989;0.0100113;2.86809e-05;-0.00215195;2.23102e-05;0.0206857;5.51248e-05;1;0;1;0;1;0;
67;-0.284216;0.284216;-0.28424;0.284216;-0.284215;0.284216;0.0417342;0.116625;-0.0277398;0.122604;0.033768;0.122493;0.0337902;1.63524e-05;-0.00125596;1.26983e-05;0.0260444;3.23874e-05;1;0;1;0.140794;1;0.493306;
68;-0.292488;0.292487;-0.292503;0.292488;-0.292488;0.292488;0.0688188;0.05946;-0.00754271;0.0629509;0.0534516;0.0628891;0.0197391;0.010489;0.0057143;0.00925845;0.0152129;0.0139238;1;1;1;0.598059;1;1;
69;-0.28432;0.27659;-0.286476;0.289869;-0.292107;0.295464;0.0922905;-0.0173597;0.047694;-0.0153339;0.0833142;-0.015359;0.0115281;0.0264812;0.00333684;0.00609552;0.00888386;0.0216359;0.389135;1;0;0.504888;0;1;
70;-0.276639;0.247495;-0.277898;0.279879;-0.281187;0.283148;0.144283;-0.100509;0.118238;-0.0993372;0.13904;-0.0993448;0.00673193;0.0231022;0.0019484;0.00859379;0.00518773;0.0152499;0;1;0;0.679219;0;1;
71;-0.256065;0.239044;-0.2568;0.257957;-0.258721;0.259867;0.192366;-0.16679;0.177156;-0.166115;0.189304;-0.166115;0.00393098;0.0209204;0.00113749;0.00632383;0.00302919;0.00890787;0;1;0;0.706659;0;1;
72;-0.223745;0.213807;-0.224174;0.22485;-0.225296;0.225965;0.224664;-0.180471;0.215782;-0.209332;0.222876;-0.209326;0.00229524;0.0158344;0.000663763;0.0036952;0.00176858;0.00520325;0;1;0;0.582187;0;1;
73;-0.180092;0.174289;-0.180342;0.180737;-0.180997;0.181388;0.243323;-0.200656;0.238136;-0.234368;0.24228;-0.22757;0.00133987;0.00924971;0.000387091;0.00215943;0.00103232;0.00303922;0;1;0;0.939102;0;1;
74;-0.12197;0.118582;-0.122116;0.122346;-0.122499;0.122727;0.252417;-0.206309;0.249387;-0.247185;0.251807;-0.22759;0.000782049;0.00540087;0.000225599;0.00126134;0.000602295;0.0017746;0;1;0;1;0;1;
75;-0.0436028;0.0416253;-0.0436884;0.043823;-0.0439117;0.0440455;0.24662;-0.19756;0.247623;-0.240077;0.247085;-0.217236;0.000456198;-0.00189302;0.000131221;0.000736165;0.00035114;0.00103645;0;1;0;1;0;1;
76;0.0536205;-0.0547748;0.0535705;-0.0534918;0.0534403;-0.0533617;0.231216;-0.181307;0.233206;-0.217315;0.224845;-0.210015;0.000265932;-0.00983684;7.61471e-05;0.000429368;0.000204479;0.000605545;0;1;0;1;0;1;
77;0.147024;-0.147699;0.146995;-0.146949;0.146919;-0.146873;0.223535;-0.146345;0.225736;-0.186279;0.197989;-0.189558;0.000154874;-0.00886029;4.40137e-05;-0.00878451;0.000118847;-0.00768555;0;1;0;1;0;1;
78;0.214836;-0.215231;0.214819;-0.214793;0.214775;-0.214748;0.205603;-0.0968579;0.206889;-0.13791;0.190311;-0.156566;8.99894e-05;-0.00770582;2.52626e-05;-0.00512981;6.88712e-05;-0.00448836;0;1;0;1;0;1;
79;0.256737;-0.25697;0.256728;-0.256713;0.256702;-0.256687;0.17653;-0.0522569;0.177279;-0.075403;0.167598;-0.106471;0.00255275;0.00585798;1.42866e-05;0.0114126;3.97377e-05;-0.00262136;0.494739;1;0;1;0;1;
80;0.28015;-0.280288;0.280146;-0.280137;0.280131;-0.280122;0.136312;-0.00925455;0.136744;-0.0300856;0.13109;-0.0260359;0.0119388;0.0158844;7.91814e-06;0.0136949;2.27391e-05;0.0100254;1;1;0;1;0;1;
81;0.291161;-0.291242;0.291158;-0.291153;0.291149;-0.291144;0.0814692;0.0395243;0.081713;0.0341788;0.0784108;0.0802893;0.023797;0.00927882;0.00659963;0.012927;0.00606773;0.0322607;1;1;1;0.872238;0.474617;1;
82;0.293458;-0.294999;0.29298;-0.292815;0.296755;-0.291066;0.00787664;0.0627893;0.00802263;0.0596684;0.00609582;0.128856;0.0154636;0.00541834;0.0319604;0.00754934;0.0265552;0.0188439;1;0;1;0;1;1;
83;0.285398;-0.286298;0.284922;-0.285022;0.287325;-0.284001;-0.0770526;0.118323;-0.0769551;0.116501;-0.0780774;0.156907;0.00903329;0.00316391;0.0303099;0.00440845;0.0311812;0.0110052;0.997909;0;1;0;1;0.119419;
84;0.266109;-0.266635;0.265832;-0.26589;0.267237;-0.265294;-0.150123;0.174226;-0.150056;0.173162;-0.150708;0.196759;0.00527759;0.00184729;0.0212183;0.00257416;0.0294931;0.00642652;0.973067;0;1;0;1;0;
85;0.235568;-0.235876;0.235407;-0.235441;0.23623;-0.235093;-0.199514;0.213591;-0.199467;0.212969;-0.186659;0.22675;0.00308298;0.00107837;0.0123946;0.0015029;0.02022;0.00375261;0.942271;0;1;0;1;0;
86;0.194418;-0.194598;0.194324;-0.194344;0.194806;-0.194141;-0.228897;0.237119;-0.225945;0.236756;-0.186001;0.244804;0.00180097;0.000629295;0.00723895;0.000877159;0.0118122;0.00219095;0.950372;0;1;0;1;0;
87;0.14037;-0.140475;0.140315;-0.140327;0.140598;-0.140208;-0.244613;0.249417;-0.215268;0.249205;-0.191361;0.253904;0.00105236;0.000366984;0.00422799;0.000511735;0.0069011;0.00127896;1;0;1;0;1;0;
88;0.0678106;-0.0678721;0.0677794;-0.0677855;0.0679455;-0.0677161;-0.239853;0.249929;-0.205804;0.251036;-0.185124;0.25032;0.000614858;0.000213759;0.00482763;0.000298331;0.00403199;0.000746382;1;0;1;0;1;0;
89;-0.0256911;0.0256551;-0.0257084;0.0257057;-0.0256104;0.0257462;-0.225742;0.232944;-0.205607;0.233432;-0.185965;0.233909;0.000359164;0.000124243;0.00409087;0.000173753;0.00235441;0.000435395;1;0;1;0;1;0;
90;-0.123242;0.123221;-0.123252;0.123251;-0.123194;0.123274;-0.193556;0.207658;-0.190835;0.212426;-0.146303;0.204954;-0.00289423;7.2e-05;0.00238969;0.000100975;-0.0009217;0.00025376;1;0;1;0;1;0;
91;-0.198936;0.198925;-0.198942;0.198942;-0.198908;0.198956;-0.147295;0.200889;-0.161542;0.203673;-0.109245;0.17162;-0.00677042;4.15361e-05;-0.0067258;5.8474e-05;0.00552095;0.00014791;1;0;1;0;1;0;
92;-0.247323;0.247316;-0.247327;0.247326;-0.247306;0.247334;-0.0956189;0.179253;-0.11971;0.180879;-0.0497696;0.162159;-0.00395232;2.37286e-05;-0.00392697;3.37126e-05;0.0149275;8.58225e-05;1;0;1;0;1;0;
93;-0.275121;0.275118;-0.275124;0.275123;-0.275112;0.275128;-0.0153582;0.144937;-0.0682879;0.145887;0.00905942;0.134955;0.0188059;1.33812e-05;-0.00277577;1.92341e-05;0.0192929;4.96993e-05;1;0;1;0;1;0;
94;-0.289119;0.289117;-0.289121;0.28912;-0.289114;0.289123;0.0555591;0.0961626;-0.0449934;0.0967172;0.0582704;0.0903329;0.0329437;0.0135847;-0.00161908;0.00361072;0.0252927;2.99567e-05;1;0.755364;1;0.642464;1;0.760493;
95;-0.293237;0.293235;-0.293239;0.293238;-0.293235;0.293239;0.0794335;0.0339455;0.00118113;0.0290286;0.0819273;0.0253078;0.0192402;0.0356284;-0.000945591;0.00531619;0.0147717;0.023412;0.750089;1;0.731581;0.589273;0.470231;1;
96;-0.288223;0.288222;-0.288224;0.288223;-0.288221;0.288223;0.117711;-0.0514792;0.0720117;-0.0543679;0.119167;-0.0565286;0.0112357;0.0414239;-0.000552588;0.00558854;0.00862614;0.0243918;0;1;0;0.520288;0;1;
97;-0.27234;0.27234;-0.27234;0.27234;-0.272339;0.272341;0.16959;-0.130896;0.142902;-0.132596;0.17044;-0.133849;0.0065612;0.0252343;-0.000323023;0.00476746;0.00503722;0.0193043;0;1;0;0.606311;0;1;
98;-0.244882;0.244882;-0.244882;0.244881;-0.244881;0.244882;0.209985;-0.187375;0.194399;-0.188379;0.210482;-0.189105;0.00383125;0.0147418;-0.000189091;0.00278539;0.00294127;0.0112756;0;1;0;0.721201;0;1;
