1;-0.000363588;0.000116064;9.94837e-05;-0.000363588;0.000116064;9.94837e-05;0.0349769;0.0347456;0.0352595;0.0349769;0.0347456;0.0352595;0.808667;0.808665;0.808666;0.808667;0.808665;0.808666;0;0;0;0;0;0;
2;-0.00888655;-0.0109995;-0.00934597;0.00494007;0.00718446;0.00572027;0.210692;0.21955;0.145821;0.159874;0.167557;0.175969;0.472375;0.472387;0.472341;0.472357;0.472369;0.472385;1;1;1;1;1;1;
3;0.000353239;-0.00652682;0.00389436;-0.00322626;0.00450052;-0.00214634;0.12314;0.130409;0.104559;0.10862;0.114548;0.111782;0.275893;0.275904;0.275868;0.275879;0.275889;0.2759;0.900946;1;0.748;0.509729;0.871303;1;
4;0.00331166;-0.0042193;0.00368583;-0.00266905;0.00335815;-0.00249862;0.0718967;0.0761973;0.0610432;0.0634677;0.066879;0.0692948;0.161135;0.161142;0.161118;0.161123;0.161132;0.161139;1;1;1;0.670426;0.91395;1;
5;0.00297878;-0.00334031;0.00302867;-0.00133404;0.00287919;-0.00160785;0.0417393;0.0453927;0.0360094;0.0373262;0.0420028;0.0507293;0.094109;0.0941142;0.0940989;0.0941015;0.0941077;0.0941127;1;1;1;0.723395;1;1;
6;0.00348647;-0.00269719;0.00320451;-0.00126321;0.00369299;-0.00143072;0.0340392;0.0420018;0.0349737;0.031727;0.0378115;0.0469753;0.0549637;0.0549669;0.0549581;0.054959;0.0549639;0.0549674;0.937965;1;1;0.874805;1;1;
7;0.00319431;-0.00334566;0.00261573;-0.00198085;0.0035754;-0.00207868;0.0291852;0.0376577;0.0298197;0.0296886;0.0332395;0.0425337;0.0321022;0.0321042;0.0320995;0.0320991;0.032103;0.0321055;1;1;1;0.991374;1;1;
8;0.00299902;-0.0030971;0.00245391;-0.00201216;0.00352466;-0.00193651;0.0248396;0.035307;0.0263266;0.0288874;0.030265;0.040949;0.0187506;0.0187516;0.0187496;0.0187483;0.0187518;0.0187533;1;1;1;1;1;1;
9;0.00228981;-0.00234721;0.00197144;-0.000800671;0.00261903;-0.000533149;0.0210593;0.034428;0.0231086;0.0294696;0.0281142;0.0410794;0.0109528;0.0109531;0.0109529;0.010951;0.0109546;0.0109551;1;0.997039;1;0.981036;1;1;
10;0.000441999;-0.000475713;0.000256063;0.000427738;0.000634562;0.000584021;0.0175182;0.0345812;0.0200037;0.0314837;0.026534;0.0422512;0.00639883;0.00639829;0.00639961;0.00639713;0.00640097;0.00640064;1;0.933593;1;0.919783;1;1;
11;-0.00338785;0.0033679;-0.00349646;0.00389584;-0.00327506;0.00398711;0.014406;0.0352807;0.0170659;0.0337593;0.0247554;0.0440081;0.00373924;0.00373796;0.0039317;0.00373748;0.0058635;0.0037406;1;0.871152;1;0.843117;1;1;
12;-0.0102782;0.0102662;-0.0103417;0.0105749;-0.0102118;0.0106282;0.0137126;0.0325129;0.0135284;0.0335964;0.0232731;0.0479656;0.00508084;0.00218417;0.00346222;0.0021841;0.0068058;0.00218697;1;0.754787;1;0.728448;1;1;
13;-0.02146;0.0214526;-0.0214971;0.0216336;-0.021421;0.0216647;0.0117031;0.0366152;0.013474;0.0378787;0.0235146;0.0462948;0.00390887;0.00127666;0.00301448;0.00127672;0.00754839;0.00127971;1;0.788741;1;0.633229;1;1;
14;-0.0380284;0.0380233;-0.0380503;0.0381301;-0.0380054;0.0381481;0.0139943;0.0352304;0.0162851;0.0348126;0.0245087;0.0434138;0.00228505;0.000747278;0.00199015;0.000747198;0.00624002;0.00262474;1;0.84862;1;0.589271;1;1;
15;-0.0602887;0.0602851;-0.060302;0.0603489;-0.0602754;0.0603592;0.0246217;0.0308436;0.026074;0.026515;0.0290262;0.0358379;0.00361836;0.00242706;0.00167419;0.000438225;0.00364663;0.00480607;1;1;1;0.596901;1;1;
16;-0.086724;0.0867208;-0.0867316;0.0867595;-0.0867158;0.0867653;0.0426131;0.0222723;0.0488621;0.00578222;0.0349901;0.0184149;0.00211438;0.00863802;0.000979171;0.00445609;0.00213015;0.00979884;1;1;1;0.732024;0.6381;1;
17;-0.113111;0.113108;-0.113116;0.113133;-0.113108;0.113136;0.0577644;0.00764723;0.0614154;-0.0294945;0.053311;-0.0185996;0.00123513;0.0258968;0.000572991;0.0087397;0.00124356;0.019192;0.805297;1;0.950435;0.951822;0;1;
18;-0.132796;0.132794;-0.132799;0.132809;-0.132794;0.13281;0.0952991;-0.0295177;0.0974314;-0.0787848;0.0926984;-0.0724162;0.000720945;0.045475;0.000334203;0.00828854;0.000725861;0.0230765;0;1;0;1;0;1;
19;-0.138309;0.138309;-0.138311;0.138316;-0.138308;0.138317;0.143438;-0.0951608;0.144683;-0.133788;0.141919;-0.130063;0.000420686;0.0540733;0.000194783;0.0162973;0.000423473;0.0261692;0;1;0;0.877194;0;1;
20;-0.123565;0.123565;-0.123566;0.123569;-0.123565;0.123569;0.185891;-0.136411;0.186618;-0.18025;0.185004;-0.17807;0.000245259;0.0390151;0.000113328;0.0147781;0.000246831;0.018868;0;1;0;0.874908;0;1;
21;-0.0843844;0.0843842;-0.0843849;0.0843862;-0.0843841;0.0843868;0.214882;-0.170697;0.215306;-0.211582;0.214364;-0.210181;0.000142802;0.0235088;6.5747e-05;0.00946878;0.000143626;0.0110227;0;1;0;1;0;1;
22;-0.0173042;0.0173041;-0.0173045;0.0173054;-0.017304;0.0173057;0.230509;-0.184184;0.230757;-0.224917;0.230207;-0.210005;8.2956e-05;0.0137307;3.79573e-05;0.00553194;8.3318e-05;0.00643901;0;1;0;1;0;1;
23;0.0725458;-0.0725453;0.0725456;-0.0725451;0.0725461;-0.0725447;0.229007;-0.175437;0.229375;-0.212124;0.230041;-0.205725;4.8015e-05;0.00801702;2.17113e-05;0.00323054;4.80817e-05;0.0037612;0;1;0;1;0;1;
24;0.159619;-0.159619;0.159619;-0.159619;0.159619;-0.159618;0.222311;-0.145247;0.222655;-0.177828;0.223044;-0.185799;2.75739e-05;-0.00481633;1.22187e-05;-0.00383764;2.7513e-05;-2.23111e-05;0;1;0;1;0;1;
25;0.222491;-0.222492;0.222491;-0.222491;0.222491;-0.222491;0.203074;-0.103266;0.203274;-0.132382;0.203502;-0.15442;1.56694e-05;-0.0114564;6.69989e-06;-0.0100057;1.5505e-05;-0.00604854;0;1;0;1;0;1;
26;0.261128;-0.26113;0.261128;-0.261129;0.261128;-0.261128;0.172929;-0.0517018;0.173046;-0.071193;0.173179;-0.134056;8.7049e-06;-0.0128976;3.47035e-06;-0.0065617;8.56697e-06;-0.00353271;0;1;0;1;0;1;
27;0.282492;-0.282497;0.282493;-0.282495;0.282493;-0.282494;0.131453;0.00643667;0.13152;-0.00728958;0.131597;-0.108748;0.0035845;-0.00254057;1.61009e-06;0.0186516;4.53426e-06;-0.00206322;0.896329;1;0;1;0;1;
28;0.292099;-0.292158;0.292155;-0.292157;0.292155;-0.292156;0.0748558;0.0394007;0.074884;0.0477702;0.0749292;-0.0615796;0.0209848;-0.00244904;6.23905e-07;0.0148878;2.23792e-06;0.000299493;1;1;0;1;0;1;
29;0.289265;-0.300713;0.28729;-0.295831;0.287581;-0.297357;-0.000556503;0.0672914;-0.000544099;0.0721787;-0.000513277;0.0083257;0.0236645;-0.00143076;0.0134221;0.00869429;0.0368762;0.000176491;1;0;1;0;1;1;
30;0.281741;-0.288427;0.279189;-0.285576;0.280757;-0.286468;-0.0853927;0.124369;-0.0853756;0.127224;-0.0818669;0.0899339;0.0179032;-0.000835954;0.0353502;0.00507704;0.0528902;0.000102599;0.682445;0;1;0;1;0;
31;0.262192;-0.266098;0.260702;-0.264433;0.261619;-0.264954;-0.156224;0.178989;-0.156204;0.180656;-0.15415;0.158879;0.0133137;-0.000488639;0.0298718;0.00296456;0.0378312;5.95636e-05;0.959161;0;1;0;1;0;
32;0.231119;-0.2334;0.230249;-0.232428;0.230784;-0.232732;-0.203293;0.21659;-0.203277;0.217564;-0.192508;0.204846;0.00777659;-0.000285805;0.0174467;0.00173082;0.0220989;3.43307e-05;1;0;1;0;1;0;
33;0.189146;-0.190478;0.188638;-0.18991;0.18895;-0.190088;-0.231021;0.238788;-0.231008;0.239356;-0.194724;0.231929;0.0045417;-0.000167384;0.0101881;0.00101025;0.0129087;1.9514e-05;1;0;1;0;1;0;
34;0.133696;-0.134474;0.133399;-0.134142;0.133581;-0.134246;-0.245636;0.250173;-0.234742;0.250505;-0.201101;0.246168;0.00265234;-9.82572e-05;0.00594803;0.000589419;0.00753993;1.08311e-05;1;0;1;0;1;0;
35;0.0590464;-0.0595005;0.0588738;-0.059307;0.0589795;-0.0593676;-0.241154;0.249103;-0.226177;0.249188;-0.195155;0.248748;0.00154811;-5.79129e-05;0.0034718;0.000343678;0.00440306;5.77211e-06;1;0;1;0;1;0;
36;-0.0359985;0.0357333;-0.036099;0.0358462;-0.0360374;0.0358109;-0.21742;0.228835;-0.217098;0.235288;-0.179156;0.235597;-0.000409039;-3.43484e-05;-0.000794561;0.00020015;0.00257089;2.82281e-06;1;0;1;0;1;0;
37;-0.132255;0.1321;-0.132313;0.132166;-0.132278;0.132145;-0.185068;0.203736;-0.19133;0.204349;-0.152544;0.204435;-0.00919256;-2.05472e-05;-0.0087738;0.000116577;0.00150153;1.32857e-06;1;0;1;0;1;0;
38;-0.205048;0.204958;-0.205082;0.204996;-0.205063;0.204984;-0.139016;0.196945;-0.158239;0.192735;-0.104786;0.193069;-0.00536871;-1.24998e-05;-0.00802746;6.7509e-05;-0.0067308;1.91404e-07;1;0;1;0;1;0;
39;-0.250972;0.250918;-0.250991;0.25094;-0.250981;0.250933;-0.0817476;0.174966;-0.117659;0.172508;-0.0548272;0.172703;-0.00721415;-7.77574e-06;-0.00468868;3.8949e-05;-0.00153052;-3.61413e-07;1;0;1;0;1;0;
40;-0.277094;0.277062;-0.277105;0.277074;-0.2771;0.277071;-0.0196488;0.139904;-0.102259;0.138469;0.00590372;0.138582;-0.00393754;-4.93517e-06;-0.00273761;2.2401e-05;0.0300569;-6.6973e-07;1;0;1;0.0733115;1;0;
41;-0.289959;0.289939;-0.289965;0.289945;-0.289962;0.289944;0.0373424;0.0897559;-0.0677656;0.0889254;0.0362018;0.0889837;0.0192641;-3.26376e-06;-0.00159717;0.00969132;0.0175566;-7.6125e-07;1;0;1;0.749596;1;0;
42;-0.293166;0.289139;-0.29317;0.291058;-0.306918;0.291096;0.0579558;0.0204939;-0.00763911;0.0200092;0.0536349;0.0200384;0.0112522;0.0444751;-0.000932956;0.0174058;0.0102541;0.0133359;0.772726;1;1;1;0.659075;1;
43;-0.287145;0.281501;-0.287147;0.284689;-0.295176;0.272075;0.109143;-0.036475;0.0708358;-0.0636081;0.106619;-0.0635807;0.00657084;0.0673176;-0.00122153;0.0148843;0.00598801;0.0330274;0;1;0.08215;0.597105;0;1;
44;-0.270066;0.266767;-0.270067;0.26863;-0.274756;0.261264;0.166334;-0.110283;0.143962;-0.139734;0.16486;-0.139712;0.003837;0.0638686;-0.000713746;0.0349124;0.00349653;0.0313991;0;1;0;0.906641;0;1;
45;-0.241494;0.239565;-0.241494;0.240654;-0.244233;0.236352;0.208473;-0.161854;0.195408;-0.192933;0.207612;-0.192916;0.00224033;0.044597;-0.000417244;0.0203953;0.00204149;0.0183427;0;1;0;0.792948;0;1;
46;-0.202303;0.201175;-0.202304;0.201812;-0.203903;0.1993;0.234229;-0.193144;0.2266;-0.22515;0.233727;-0.224547;0.00130788;0.0260499;-0.000244106;0.0119147;0.00119167;0.0107149;0;1;0;0.921933;0;1;
47;-0.150865;0.150206;-0.150865;0.150578;-0.151799;0.149111;0.248073;-0.205062;0.243617;-0.242768;0.247779;-0.227331;0.000763306;0.0152134;-0.000143026;0.00695968;0.000695352;0.00625828;0;1;0;1;0;1;
48;-0.081984;0.0815994;-0.0819842;0.081817;-0.0825297;0.0809596;0.252113;-0.204841;0.251004;-0.245254;0.25202;-0.224911;0.000445274;0.00888272;-8.40347e-05;0.00406403;0.000405513;0.00365477;0;1;0;1;0;1;
49;0.00835579;-0.00857986;0.00835567;-0.00845322;0.00803711;-0.00895417;0.238822;-0.193545;0.240395;-0.228984;0.234661;-0.216336;0.000259515;-0.00487926;-4.95895e-05;0.00237204;0.000236235;0.00213422;0;1;0;1;0;1;
50;0.107335;-0.107465;0.107334;-0.107391;0.107148;-0.107684;0.213726;-0.172314;0.211542;-0.205279;0.213772;-0.203648;0.000151095;-0.00967167;-2.94354e-05;-0.00393234;0.000137377;-0.000429059;0;1;0;1;0;1;
51;0.187852;-0.18793;0.187852;-0.187886;0.187744;-0.188057;0.206124;-0.134715;0.191942;-0.164317;0.207211;-0.175277;8.77962e-05;-0.0157657;-1.75086e-05;-0.0140578;7.9708e-05;-0.00768888;0;1;0;1;0;1;
52;0.240617;-0.240664;0.240617;-0.240638;0.240553;-0.240737;0.185617;-0.0920481;0.177335;-0.109789;0.186252;-0.13544;5.08156e-05;-0.0153768;-1.07379e-05;-0.00821127;4.60428e-05;-0.00449121;0;1;0;1;0;1;
53;0.27144;-0.271469;0.27144;-0.271455;0.271403;-0.271511;0.152821;-0.0412687;0.147984;-0.0526634;0.153192;-0.108634;2.91882e-05;-0.010589;-6.74777e-06;-0.0146339;2.64956e-05;-0.00262247;0;1;0;1;0;1;
54;0.287466;-0.287485;0.287467;-0.287477;0.287445;-0.287509;0.106447;-0.000163909;0.103617;0.00802133;0.106658;-0.0741369;0.00166048;-0.0186255;-4.27917e-06;-0.00790316;1.49961e-05;0.00429609;1;1;0;1;0;1;
55;0.293157;-0.293171;0.293158;-0.294212;0.293145;-0.293184;0.0422101;0.0201092;0.0405468;0.0260168;0.0423255;-0.0233241;0.0193008;-0.0108769;-2.77581e-06;-0.00461366;0.0134704;0.00445356;1;1;0;0.800678;0.731738;1;
56;0.289812;-0.289959;0.28391;-0.290428;0.289805;-0.289828;-0.0394862;0.0758866;-0.0404555;0.079337;-0.0394114;0.0505264;0.0198138;-0.0063531;0.0214296;-0.00269471;0.0396692;0.00260134;1;0;1;0;1;1;
57;0.275954;-0.276041;0.272506;-0.276315;0.275951;-0.275964;-0.120403;0.141663;-0.120958;0.143678;-0.120343;0.126853;0.0116479;-0.00371063;0.0287996;-0.00157405;0.0400517;0.00151883;0.982001;0;1;0;1;0;
58;0.250435;-0.250486;0.248421;-0.250646;0.250435;-0.250441;-0.180399;0.192817;-0.180715;0.193994;-0.165472;0.184168;0.006804;-0.00216744;0.0174475;-0.000919641;0.0251084;0.00088658;1;0;1;0;1;0;
59;0.214178;-0.214208;0.213001;-0.214301;0.214179;-0.214182;-0.21786;0.225112;-0.218038;0.2258;-0.185949;0.220061;0.00397307;-0.00126621;0.0101904;-0.00053757;0.0196511;0.00051727;1;0;1;0;1;0;
60;0.166495;-0.166513;0.165808;-0.166568;0.166497;-0.166498;-0.238979;0.243215;-0.22422;0.243616;-0.199793;0.240265;0.00231953;-0.000739954;0.00595149;-0.000314483;0.0114788;0.000301516;1;0;1;0;1;0;
61;0.103062;-0.103072;0.10266;-0.103104;0.103064;-0.103063;-0.249149;0.251623;-0.217992;0.251857;-0.198697;0.2499;0.00135295;-0.000432673;0.00347624;-0.000184171;0.00670372;0.000175563;1;0;1;0;1;0;
62;0.018414;-0.0184197;0.0181794;-0.0184389;0.0184164;-0.0184151;-0.239609;0.243021;-0.2085;0.243525;-0.193443;0.242473;-0.00280383;-0.000253239;0.00428669;-0.000108111;0.00391378;0.000101971;1;0;1;0;1;0;
63;-0.080891;0.0808874;-0.0810276;0.080876;-0.0808886;0.0808899;-0.220073;0.219004;-0.207046;0.225134;-0.175996;0.225062;-0.0060573;-0.000148433;0.00250338;-6.36465e-05;0.00144003;5.9062e-05;1;0;1;0;1;0;
64;-0.168494;0.168491;-0.168573;0.168484;-0.168491;0.168493;-0.179535;0.188559;-0.175143;0.217983;-0.14397;0.217941;-0.0116097;-8.72234e-05;-0.00740243;-3.76556e-05;-0.0123264;3.39893e-05;1;0;1;0;1;0;
65;-0.228617;0.228614;-0.228663;0.22861;-0.228615;0.228615;-0.131036;0.180387;-0.13927;0.197571;-0.0937234;0.197546;-0.0111693;-5.1417e-05;-0.00432255;-2.2459e-05;-0.0125023;1.9373e-05;1;0;1;0;1;0;
66;-0.264694;0.264691;-0.26472;0.264689;-0.264692;0.264691;-0.0686026;0.155987;-0.0928799;0.166022;-0.0363604;0.166007;-0.0126073;-3.04894e-05;-0.0100683;-1.35591e-05;-0.00843844;1.08513e-05;1;0;1;0;1;0;
67;-0.284219;0.284216;-0.284234;0.284213;-0.284218;0.284217;0.0114356;0.116651;-0.0517711;0.122513;0.0123208;0.122503;0.00151915;-1.81736e-05;-0.00587981;-8.4531e-06;-0.00784829;5.88355e-06;1;0;1;0.569198;1;0;
68;-0.292491;0.292488;-0.2925;0.290886;-0.29249;0.292489;0.0579897;0.0594732;-0.0215746;0.0628996;0.0484943;0.0628903;0.0102637;0.0188915;-0.00343219;0.00688809;-0.00781581;0.00932282;1;1;1;1;1;1;
69;-0.292063;0.282179;-0.292294;0.281312;-0.293949;0.286618;0.085965;-0.0122572;0.0395017;-0.0153605;0.0804191;-0.0153606;0.00599371;0.0511969;-0.00200461;0.0137979;-0.00456506;0.023251;0;1;0.916137;0.709428;0;1;
70;-0.281161;0.274766;-0.281296;0.274507;-0.282263;0.27798;0.140589;-0.0788117;0.113454;-0.0993507;0.13735;-0.0993414;0.00349989;0.065504;-0.00117122;0.0279095;-0.00266637;0.0314987;0;1;0;0.563239;0;1;
71;-0.258706;0.254968;-0.258785;0.254819;-0.259349;0.256848;0.190208;-0.149953;0.174362;-0.166119;0.188317;-0.166109;0.00204352;0.0511491;-0.000684372;0.028268;-0.00155761;0.0184018;0;1;0;0.769695;0;1;
72;-0.225286;0.223102;-0.225333;0.223016;-0.225662;0.224201;0.223404;-0.178776;0.21415;-0.209331;0.222299;-0.209322;0.00119293;0.0311649;-0.000400081;0.0165129;-0.000910142;0.0107509;0;1;0;1;0;1;
73;-0.180992;0.179715;-0.181019;0.179665;-0.181211;0.180357;0.242588;-0.195862;0.237183;-0.234366;0.241943;-0.226944;0.00069617;0.0182037;-0.000234136;0.00964564;-0.000532065;0.00628012;0;1;0;1;0;1;
74;-0.122495;0.12175;-0.122511;0.121721;-0.122623;0.122124;0.251987;-0.204929;0.248831;-0.24675;0.25161;-0.226642;0.000406056;0.0106307;-0.000137233;0.00563363;-0.000311298;0.00366784;0;1;0;1;0;1;
75;-0.0439095;0.0434745;-0.0439187;0.0434573;-0.0439844;0.043693;0.248425;-0.202454;0.24733;-0.24074;0.248396;-0.222963;0.000236629;0.00620569;-8.06385e-05;0.00328891;-0.000182379;0.00214197;0;1;0;1;0;1;
76;0.0534416;-0.0536954;0.0534362;-0.0537058;0.0533979;-0.0535681;0.232412;-0.18635;0.232618;-0.218853;0.226618;-0.210294;0.000137687;-0.00762511;-4.76049e-05;-0.000267553;-0.000107086;0.00125074;0;1;0;1;0;1;
77;0.14692;-0.147069;0.146917;-0.147075;0.146895;-0.146994;0.225933;-0.15724;0.226049;-0.189064;0.198355;-0.191749;7.99533e-05;-0.0107711;-2.82581e-05;-0.011775;-6.31e-05;-0.0070081;0;1;0;1;0;1;
78;0.214776;-0.214864;0.214774;-0.214867;0.214761;-0.214819;0.207003;-0.116276;0.207071;-0.139943;0.190898;-0.158055;4.62512e-05;-0.0159773;-1.6948e-05;-0.00759861;-3.73734e-05;-0.00409331;0;1;0;1;0;1;
79;0.256703;-0.256757;0.256702;-0.256758;0.256694;-0.256729;0.177346;-0.0676825;0.177386;-0.0784182;0.167941;-0.131004;2.65369e-05;-0.0183444;-1.03435e-05;-0.00814929;-2.22886e-05;-0.00239127;0;1;0;1;0;1;
80;0.280128;-0.280163;0.28013;-0.280165;0.280126;-0.280147;0.136787;-0.0301046;0.136806;-0.0200985;0.13129;-0.105198;0.00551577;-0.0118945;-6.47221e-06;-0.0164735;-1.34446e-05;-0.00139606;1;1;0;1;0;1;
81;0.289548;-0.291169;0.29115;-0.291172;0.291147;-0.29116;0.0817468;0.0117571;0.0817472;0.0330059;0.0785261;-0.0632821;0.0281187;-0.00694863;-4.10175e-06;0.000533442;-8.24967e-06;-0.000814122;1;1;0;0.832947;0;1;
82;0.276799;-0.29285;0.298369;-0.299131;0.283396;-0.303585;0.00804619;0.0465742;0.00803225;0.0589838;0.00615526;0.00276248;0.032006;-0.00405965;0.0136439;0.000984484;0.0276381;0.00607993;1;0.526444;1;0;0.830059;1;
83;0.262272;-0.285043;0.288267;-0.288711;0.278598;-0.291312;-0.0769484;0.108853;-0.0769539;0.116101;-0.0780445;0.0832721;0.022886;-0.00237119;0.027149;0.000574552;0.0456165;0.00355156;1;0;1;0;1;1;
84;0.251384;-0.265902;0.267785;-0.268044;0.262138;-0.269563;-0.150061;0.168696;-0.150053;0.172929;-0.127143;0.153757;0.013369;-0.00138517;0.0269802;0.000335115;0.0497526;0.00207371;0.993661;0;1;0;1;0;
85;0.226967;-0.235448;0.236548;-0.236699;0.233249;-0.237586;-0.199475;0.210361;-0.199464;0.212833;-0.164551;0.201637;0.00792287;-0.000809387;0.0157616;0.000195265;0.0360517;0.00121059;1;0;1;0;1;0;
86;0.189394;-0.194348;0.194992;-0.195079;0.193064;-0.195597;-0.228873;0.235233;-0.219938;0.236676;-0.184503;0.230138;0.00462882;-0.000473197;0.00920709;0.000113546;0.0210605;0.000706459;1;0;1;0;1;0;
87;0.137434;-0.140329;0.140707;-0.140756;0.139579;-0.141058;-0.244599;0.248315;-0.22252;0.249158;-0.202299;0.24534;0.00270458;-0.000276895;0.00537832;6.58224e-05;0.0123008;0.000412095;1;0;1;0;1;0;
88;0.0660949;-0.0677865;0.0680093;-0.0680357;0.067349;-0.0682125;-0.24002;0.250361;-0.224645;0.250552;-0.204643;0.251141;0.00157935;-0.000162276;0.00314066;3.79407e-05;0.00718184;0.000240156;1;0;1;0;1;0;
89;-0.0266941;0.0257055;-0.0255734;0.0255596;-0.0259607;0.0254563;-0.219102;0.232364;-0.218768;0.2362;-0.191719;0.235811;0.000921886;-9.53426e-05;-0.000162907;2.16668e-05;-0.00516449;0.000139727;1;0;1;0;1;0;
90;-0.123829;0.123251;-0.123172;0.123165;-0.1234;0.123105;-0.191214;0.20921;-0.204072;0.205749;-0.164894;0.207232;-0.00165614;-5.62538e-05;-0.0108144;1.22198e-05;-0.00912177;8.11292e-05;1;0;1;0;1;0;
91;-0.199281;0.198942;-0.198895;0.198892;-0.199032;0.198857;-0.142922;0.201642;-0.177063;0.173266;-0.121333;0.20064;-0.0107045;-3.33694e-05;-0.00631831;6.80334e-06;-0.0113434;4.6918e-05;1;0;1;0;1;0;
92;-0.247525;0.247327;-0.247299;0.247297;-0.24738;0.247277;-0.101605;0.179693;-0.147592;0.163121;-0.0837328;0.179107;-0.00625358;-1.9912e-05;-0.0036911;3.35858e-06;-0.00752274;2.69049e-05;1;0;1;0;1;0;
93;-0.27524;0.275124;-0.275109;0.275104;-0.275155;0.275095;-0.0409235;0.145194;-0.125791;0.13552;-0.0394099;0.144852;-0.0100926;-1.21298e-05;-0.00215488;0.000605562;-0.0181047;1.53141e-05;1;0;1;0.553425;1;0;
94;-0.289189;0.289121;-0.289113;0.289107;-0.289139;0.289104;0.00600339;0.0963102;-0.0849745;0.09067;0.0017631;0.0961105;-0.000982929;-7.47325e-06;-0.00179359;0.0137443;-0.0105739;8.54029e-06;1;0;1;1;0.990134;0;
95;-0.293278;0.292328;-0.293233;0.288054;-0.29325;0.293229;0.0309649;0.0287896;-0.0221604;0.0255057;0.0284862;0.028672;-0.000572696;0.0248817;-0.00179139;0.0187525;-0.00617686;0.00193374;0.662732;0.456026;1;1;0.597738;0.987356;
96;-0.288246;0.287691;-0.28822;0.268611;-0.28823;0.288218;0.0894057;-0.0544947;0.0583848;-0.05642;0.0879579;-0.0545703;-0.000334801;0.0372585;-0.0010463;0.0151487;-0.00360762;0.015203;0;1;0.901482;1;0;1;
97;-0.272354;0.272029;-0.272339;0.260886;-0.272344;0.272338;0.15306;-0.124903;0.134944;-0.133792;0.152214;-0.132704;-0.000195894;0.0511275;-0.00061163;0.0165198;-0.00210722;0.0186876;0;1;0;0.587605;0;1;
98;-0.24489;0.244699;-0.244881;0.238192;-0.244884;0.244881;0.200331;-0.173382;0.189752;-0.189074;0.199837;-0.188434;-0.000114832;0.0350916;-0.000357605;0.0137438;-0.00123104;0.0109178;0;1;0;0.744693;0;1;
