1;-0.000363586;0.000116064;9.94835e-05;-0.000363586;0.000116064;9.94837e-05;0.0349769;0.0347456;0.0352595;0.034977;0.0347457;0.0352595;0.808667;0.808665;0.808666;0.808667;0.808665;0.808666;0;0;0;0;0;0;
2;0.0104318;-0.00773029;-0.00535257;0.0262617;0.00946387;0.00788811;0.117821;0.0724783;0.0621719;0.072209;0.113712;0.099009;0.472365;0.472283;0.472287;0.472349;0.472331;0.472331;1;1;1;1;1;1;
3;0.0079188;0.00116433;-0.00553347;0.0147159;-0.0287498;-0.0279736;0.143182;0.176481;0.172013;0.118078;0.205479;0.221219;0.275889;0.275858;0.275859;0.27587;0.275877;0.275879;1;0.406409;1;0.824342;1;1;
4;0.0107429;0.00975283;0.0020902;0.0195718;-0.0183901;-0.0194219;0.214212;0.218826;0.208928;0.17378;0.227111;0.218551;0.195496;0.224292;0.230102;0.196826;0.243611;0.269179;1;1;1;0.555675;1;1;
5;0.00730182;0.0082264;0.0008586;0.0176658;-0.0175579;-0.0188109;0.213281;0.221245;0.213128;0.171705;0.225303;0.219629;0.199621;0.223384;0.225446;0.189461;0.236979;0.259787;1;1;1;0.473608;1;1;
6;0.00623524;0.00829713;0.000971455;0.016569;-0.0169796;-0.0183492;0.210598;0.221215;0.212607;0.170996;0.224915;0.22004;0.19967;0.219789;0.221894;0.187604;0.234531;0.255716;1;1;1;0.450193;1;1;
7;0.00556907;0.00826594;0.0010078;0.01565;-0.0168655;-0.0182775;0.207952;0.220731;0.210316;0.170815;0.224392;0.220515;0.198907;0.216163;0.220043;0.186033;0.232925;0.252066;1;1;1;0.430356;1;1;
8;0.00548179;0.00859076;0.00133725;0.0154915;-0.0162718;-0.0177849;0.205302;0.220255;0.208493;0.17079;0.223484;0.221168;0.198276;0.212651;0.217619;0.184273;0.231787;0.248453;1;1;1;0.411383;1;1;
9;0.00512986;0.00846417;0.00126835;0.0153113;-0.0159712;-0.0175044;0.20244;0.219905;0.205823;0.171527;0.222467;0.222082;0.197697;0.2088;0.215773;0.181868;0.231128;0.245114;1;1;1;0.393256;1;1;
10;0.00458645;0.00811761;0.000963333;0.0155352;-0.015452;-0.0169718;0.199399;0.219899;0.202691;0.172429;0.220963;0.223303;0.197908;0.204953;0.214441;0.178786;0.230745;0.24157;1;1;1;0.379628;1;1;
11;0.00304573;0.0065122;-0.000592711;0.0159953;-0.0150471;-0.0164038;0.196195;0.219883;0.198676;0.173629;0.219386;0.224516;0.198864;0.201019;0.213123;0.174905;0.230627;0.239142;1;1;1;0.38572;1;1;
12;0.00134951;-0.0200628;0.0101675;0.0262384;-0.0201038;-0.0238879;0.197468;0.649587;0.206519;0.150014;0.197734;0.20148;0.183753;0.795086;0.241601;0.13225;0.224607;0.20008;0.806602;0;0.625622;0;1;1;
13;-0.00728057;0.00374116;-0.00414188;0.0423639;-0.0126193;-0.0167665;0.213386;0.388207;0.226308;0.114555;0.18427;0.190598;0.231923;0.464512;0.249867;0.0808508;0.183367;0.175394;1;0;1;0.567812;1;1;
14;-0.0232906;0.0276815;-0.0226724;0.0362999;-0.0237769;-0.0249566;0.200812;0.233771;0.211579;0.1355;0.205972;0.214115;0.210331;0.273046;0.216714;0.0839995;0.194754;0.191389;1;0.244609;1;0.821424;1;1;
15;-0.0168756;0.0364022;-0.0177255;0.0453424;-0.0168008;-0.0175286;0.183021;0.204592;0.198568;0.138864;0.21739;0.215022;0.19229;0.254919;0.192256;0.113683;0.216032;0.223494;1;0.671953;1;0.893219;1;1;
16;-0.0229117;0.0305594;-0.024899;0.0482334;-0.0164535;-0.015423;0.202377;0.202181;0.211454;0.126153;0.222828;0.197954;0.160941;0.240089;0.159227;0.133738;0.219015;0.256506;1;1;1;1;0.868279;1;
17;-0.0260282;0.0285417;-0.0282757;0.0537608;-0.0128247;-0.0103912;0.220898;0.179928;0.227416;0.107486;0.240905;0.183796;0.154838;0.273732;0.147771;0.137823;0.18288;0.259505;0.55126;1;1;1;0.433912;1;
18;-0.06318;0.0322229;-0.0257652;0.0944556;-0.05586;0.028023;0.236721;0.169008;0.272526;0.042521;0.213586;0.140031;0.0904397;0.334029;0.117509;0.151137;0.10681;0.284216;0.709589;1;1;0.866248;0.662048;1;
19;-0.0895696;0.0309704;-0.0275972;0.108159;-0.0913766;0.0396155;0.249764;0.154477;0.303993;-0.000475423;0.22813;0.107026;0.0528247;0.355224;0.0824975;0.188708;0.0623785;0.319621;1;1;1;1;0.2886;1;
20;-0.0881205;0.0374047;-0.0212902;0.0987521;-0.096157;0.0293908;0.274472;0.152155;0.324386;-0.016087;0.23284;0.085349;0.0308534;0.368182;0.0879436;0.199821;0.0364281;0.311325;1;1;1;0.940411;0;1;
21;-0.0638767;0.0553733;-0.0148525;0.0644668;-0.0683785;-0.0103304;0.296248;0.145489;0.308634;-0.0250883;0.242299;0.0427477;0.0180199;0.418573;0.0561556;0.198086;0.0212731;0.269818;1;1;1;0.934666;0;1;
22;-0.0442798;0.0510448;0.0232982;0.00567483;-0.0079568;-0.0622542;0.2805;0.142539;0.291986;-0.0146922;0.240675;0.031777;0.00600798;0.410283;0.0328018;0.20882;0.0124228;0.250198;1;1;1;0.945154;0;1;
23;-0.0620044;0.0284404;0.0962567;-0.0793134;0.0780045;-0.144878;0.274154;0.139313;0.269987;0.00214306;0.223471;0.0227438;-0.00834154;0.411066;0.026171;0.216536;0.00725425;0.224624;1;1;1;0.816842;0;1;
24;-0.0584694;0.0274506;0.171142;-0.12885;0.162804;-0.201868;0.265065;0.138617;0.249245;0.0261658;0.198935;0.0257578;-0.0248789;0.405567;0.0309366;0.219319;0.00423604;0.195334;1;0.548387;1;0.638588;0;1;
25;-0.0479729;0.0332102;0.229211;-0.161516;0.224351;-0.247163;0.235084;0.153861;0.224692;0.049848;0.190641;0.0357883;-0.0236939;0.362403;0.0372896;0.238333;0.00298643;0.17803;1;0.24297;0.933155;0.462045;0.424307;1;
26;-0.041613;-0.0180883;0.232587;0.167979;0.0913426;0.0554959;0.0829687;0.117472;0.0768988;0.10312;0.0806669;0.163842;0.0254022;0.211646;0.126246;0.139201;0.198686;0.103979;1;0;1;0.198037;1;1;
27;-0.00584055;-0.0262632;0.267451;-0.0241724;0.175402;-0.0976033;0.10923;0.0971773;0.123907;0.0618461;0.0998877;0.0669156;-0.0921188;0.190998;0.0737349;0.133976;0.116035;0.0839753;1;0.467865;0.756433;0;0;1;
28;0.110075;-0.14251;0.28337;-0.125744;0.158137;-0.18294;0.0718995;0.0586734;0.0704394;0.0828571;0.0575806;0.0546928;-0.0595223;0.111546;0.0578055;0.0782524;0.0677668;-0.0904581;1;0;0;0.046656;0.549281;1;
29;0.185431;-0.205339;0.326955;-0.195547;0.191502;-0.151512;-0.0022807;0.0785449;-0.00313769;0.0926688;0.0297252;0.0454347;0.0244789;0.0651408;0.081229;0.0456986;0.121369;-0.100692;1;0;0.901447;0;1;1;
30;0.151382;-0.232729;0.308606;-0.227011;0.139034;-0.177097;-0.0863905;0.130941;-0.086888;0.13919;0.0359427;0.111599;0.037335;0.0380418;0.0704264;0.0266872;0.199808;-0.070373;1;0;1;0;1;1;
31;0.122908;-0.22978;0.282692;-0.230065;0.139697;-0.178961;-0.117171;0.182827;-0.119404;0.187644;0.0262065;0.171527;0.0881669;0.0222159;0.0827961;0.0155846;0.208411;-0.0460374;1;0;1;0;1;0.836928;
32;0.0954138;-0.212191;0.251477;-0.212357;0.126971;-0.182513;-0.114872;0.218831;-0.112722;0.221645;0.00409518;0.212232;0.123317;0.0129733;0.101652;0.00910099;0.187861;-0.0268861;0.930492;0;1;0;1;0;
33;0.0430936;-0.178092;0.201045;-0.178189;0.0574744;-0.16076;-0.128919;0.240096;-0.130772;0.241739;0.0116008;0.236243;0.0991084;0.00757579;0.0862829;0.0053144;0.200385;-0.0157018;1;0;1;0;1;0;
34;-0.0151393;-0.12724;0.14065;-0.127297;0.0132847;-0.117118;-0.119899;0.250937;-0.133934;0.251897;0.00390425;0.248687;0.101279;0.00442366;0.081791;0.00310303;0.194856;-0.00917027;1;0;1;0;1;0;
35;-0.0937853;-0.0552762;0.0631121;-0.0553088;-0.011277;-0.0493647;-0.103906;0.247548;-0.148082;0.249734;0.00633241;0.248187;0.113854;0.00258274;0.0717015;0.00181171;0.181668;-0.00535581;1;0;1;0;1;0;
36;-0.17556;0.0382005;-0.0336158;0.0381815;-0.0770687;0.0416528;-0.084769;0.235101;-0.150109;0.230488;0.0123669;0.230873;0.111921;0.00150771;0.0617006;0.00105756;0.176844;-0.00312826;1;0;1;0;1;0;
37;-0.247008;0.133541;-0.130851;0.133524;-0.156232;0.135557;-0.0449686;0.203607;-0.122664;0.208686;0.0094567;0.206865;0.122773;0.000879984;0.0592017;0.00583141;0.157758;-0.00182739;1;0;1;0.386693;1;0;
38;-0.296364;0.205799;-0.204217;0.160261;-0.167819;0.206977;-0.0119296;0.189237;-0.112051;0.200745;0.0103022;0.198773;0.139493;0.000513379;0.0397387;-0.0171124;0.145467;-0.00106747;1;0;1;1;1;0;
39;-0.302604;0.165557;-0.142123;-0.14733;0.164339;-0.141568;0.0687599;0.0505788;-0.0054717;0.0573081;0.0691862;0.0561447;0.076806;0.15952;0.181267;0.154455;0.0849694;-0.0654769;1;1;1;0.841987;0;1;
40;-0.277891;0.22049;-0.20807;0.0336825;0.162895;0.0446253;0.017152;0.0658059;-0.0555212;0.107621;0.0479208;0.13477;0.0965292;0.0931573;0.105849;0.0901919;0.125226;-0.0188765;1;0;1;1;0.260454;0.878786;
41;-0.301545;0.169217;-0.160011;-0.226139;0.293132;-0.230191;0.0832371;0.0969222;0.0852969;0.0883896;0.0369776;0.0565959;0.0563706;0.0869817;0.0618244;0.0928525;0.0731354;-0.125419;1;0.99712;0;0.480219;0.916596;1;
42;-0.263831;0.206106;-0.208249;-0.0082901;0.04738;-0.0105792;0.100722;0.0634808;0.0495783;0.0343744;0.053524;0.00645432;0.0329219;0.112251;-0.0437613;0.0797929;0.0427133;0.0270712;0.691255;0.788962;1;1;0;1;
43;-0.231363;0.153492;-0.154736;-0.236697;0.183249;-0.238019;-0.0164578;0.112369;-0.0463338;0.105079;-0.0167302;0.0790623;0.0862587;0.0655546;0.115171;0.0827801;0.0892012;-0.0937428;1;0;0;0.135604;1;0.151668;
44;-0.1944;0.192012;-0.192739;-0.0359096;0.00465593;-0.03659;0.0929885;0.00619359;0.0755358;-0.0412152;0.0928175;-0.0564116;0.0529387;0.171653;0.0672587;0.0988201;0.0520948;0.0734102;0.114682;1;0;1;0;1;
45;-0.197305;0.170323;-0.196335;0.0558888;-0.0810579;0.0642107;0.16564;0.037706;0.155448;-0.135384;0.16554;-0.103457;0.0309156;0.229534;0.0392789;0.0895684;0.0304228;0.111219;0;1;0.232946;1;0;1;
46;-0.176497;0.160218;-0.175931;0.0820342;-0.10861;0.0999055;0.209215;0.0425432;0.203263;-0.150471;0.209157;-0.0966289;0.0180539;0.235339;0.0229383;0.0811178;0.0177664;0.116535;0;1;0;1;0;1;
47;-0.135794;0.126287;-0.135464;0.0353704;-0.0961488;0.0647799;0.233464;0.0272137;0.229988;-0.139171;0.23343;-0.0858547;0.010543;0.212585;0.0133954;0.0892978;0.0103748;0.131095;0;1;0;0.882032;0;1;
48;-0.0731829;0.067633;-0.0729899;-0.00263488;-0.05003;0.0317095;0.245074;0.0376293;0.243045;-0.152624;0.245054;-0.0917586;0.00615656;0.219143;0.00782238;0.068331;0.00605822;0.121833;0;1;0;1;0;1;
49;0.0134955;-0.0167285;0.0136082;-0.0685477;0.027017;-0.0377066;0.239554;0.0280915;0.238036;-0.136118;0.239195;-0.0724547;0.00359488;0.201193;0.0045677;0.0634828;0.00353741;0.130486;0;1;0;1;0;1;
50;0.110336;-0.112209;0.110402;-0.160032;0.118233;-0.124459;0.213437;0.0358786;0.213991;-0.116676;0.211341;-0.0567832;0.00209896;0.187956;0.0026671;0.0582086;0.00206523;0.133789;0;1;0;1;0;1;
51;0.189605;-0.19068;0.189644;-0.244441;0.194217;-0.19784;0.199633;0.0459056;0.202802;-0.0871972;0.183744;-0.0332577;0.0012254;0.176969;0.00155717;0.0581103;0.00120568;0.134231;0;1;0;1;0;1;
52;0.23986;-0.202446;0.241663;-0.289817;0.244334;-0.246445;0.181827;0.0551283;0.183677;-0.0469904;0.172547;-0.0118067;-0.00981911;0.1479;0.000908999;0.0610808;0.000703491;0.114168;0.879483;1;0;1;0;1;
53;0.249013;-0.203166;0.272051;-0.313713;0.273611;-0.274839;0.15061;0.0617642;0.151689;-0.00927127;0.145189;0.0185013;-0.0133857;0.11741;0.000530375;0.0585084;0.000410387;0.0844061;1;1;0;1;0;1;
54;0.242869;-0.2279;0.287824;-0.323752;0.288735;-0.285928;0.105154;0.06629;0.105781;0.0420239;0.101984;0.0709376;-0.0112851;0.0717177;0.00904041;0.0482949;0.000239286;0.0665316;1;1;0.166733;1;0;1;
55;0.238703;-0.242684;0.286614;-0.323097;0.285936;-0.28451;0.0414542;0.0718902;0.0418193;0.0792973;0.0415368;0.118325;0.0421814;0.0418811;0.0585495;0.0282076;0.0669169;0.0388613;1;0.884254;1;0.431835;0.836426;1;
56;0.231856;-0.260336;0.281888;-0.307297;0.234178;-0.296048;-0.0399215;0.106127;-0.0348689;0.110455;0.0337751;0.197092;0.0542978;0.024458;0.0718488;0.0164738;0.145271;0.0326186;1;0;1;0.472521;1;1;
57;0.216084;-0.258741;0.271326;-0.286165;0.221688;-0.286035;-0.105529;0.159323;-0.0900999;0.161851;0.0329829;0.252229;0.102626;0.014283;0.0829645;0.00962023;0.186646;0.0239386;1;0;1;0;1;0.544276;
58;0.190667;-0.240383;0.247674;-0.256399;0.164789;-0.262619;-0.139754;0.20313;-0.119985;0.204606;0.0302549;0.2728;0.0875519;0.00834073;0.0804602;0.0056177;0.218523;0.0139816;1;0;1;0;1;0;
59;0.155187;-0.208308;0.212559;-0.217661;0.13237;-0.226188;-0.140665;0.231135;-0.119935;0.231997;0.0159776;0.259486;0.0972406;0.00487037;0.0932771;0.00328025;0.20575;0.0081654;1;0;1;0;1;0;
60;0.11762;-0.163067;0.165551;-0.16853;0.0618864;-0.17351;-0.145528;0.246732;-0.114271;0.247236;0.00921393;0.259742;0.084674;0.00284366;0.0945771;0.0019152;0.197842;0.0047681;1;0;1;0;1;0.0679915;
61;0.0573093;-0.10106;0.102519;-0.104249;0.0411171;-0.107159;-0.13368;0.252043;-0.124931;0.25336;0.00444812;0.253011;0.0919612;0.00166008;0.0900332;0.00111794;0.185109;0.00508951;1;0;1;0;1;0;
62;-0.0179223;-0.0172448;0.0181128;-0.0191073;-0.0177625;-0.0208066;-0.124681;0.24198;-0.13029;0.243808;0.00534776;0.243068;0.0884341;0.000968865;0.0831134;0.000652403;0.176549;0.00297176;1;0;1;0;1;0;
63;-0.10664;0.0815736;-0.0810459;0.0804858;-0.102014;0.0794933;-0.105825;0.220638;-0.120892;0.225572;0.00973368;0.221874;0.083731;0.000565233;0.0795366;0.000380539;0.164303;0.00173502;1;0;1;0;1;0;
64;-0.190808;0.168892;-0.168563;0.168257;-0.180822;0.167677;-0.0755676;0.190065;-0.101901;0.216951;0.0211556;0.189467;0.0840283;0.000329504;0.0814992;0.000221816;0.142883;0.00101285;1;0;1;0;1;0;
65;-0.243528;0.228849;-0.228642;0.226268;-0.220069;0.228139;-0.0271431;0.181266;-0.0661864;0.196969;0.015655;0.180917;0.0966225;0.000191931;0.0712252;-0.00214949;0.115766;0.00059109;1;0;1;0.574798;1;0;
66;-0.273409;0.264828;-0.261412;0.229473;-0.226673;0.264413;0.00811175;0.1565;-0.0376615;0.165674;0.0214944;0.156296;0.0944972;0.000111623;0.0416033;-0.00375396;0.0918353;0.000344769;1;0;1;1;1;0;
67;-0.289349;0.284296;-0.276344;0.221984;-0.250635;0.284054;0.0494734;0.116951;0.00264116;0.122316;0.0298002;0.116832;0.0867539;6.47442e-05;0.024298;0.00664088;0.0536441;0.000200993;1;0;1;1;1;0;
68;-0.292255;0.289585;-0.278071;0.221805;-0.258768;0.289228;0.085387;0.0596511;0.0483988;0.073941;0.0375922;0.0595778;0.059267;0.0497698;-0.0192289;0.0488632;0.0313267;0.0318818;0.740888;0.782216;1;1;0.763384;0.59587;
69;-0.292048;0.240146;-0.296375;0.237723;-0.271993;0.304104;0.101965;0.0390762;0.0880737;-0.0089013;0.0740522;-0.0172922;0.034612;0.138124;-0.0141258;0.0619187;0.0182943;0.0789798;0.456416;1;1;1;0;1;
70;-0.281152;0.222166;-0.283682;0.210681;-0.26944;0.28819;0.149933;0.0373476;0.141827;-0.0797114;0.133631;-0.0905787;0.0202128;0.198047;0.00615987;0.09778;0.0106835;0.0833147;0.00273052;1;1;1;0;1;
71;-0.258701;0.1985;-0.273306;0.185781;-0.251861;0.262807;0.195665;0.0395769;0.190935;-0.116679;0.186145;-0.127794;0.0118037;0.227293;0.012416;0.108521;0.0062387;0.0711312;0;1;0.70395;1;0;1;
72;-0.225284;0.0976554;-0.233813;0.168116;-0.221289;0.227675;0.226591;0.025711;0.223829;-0.137485;0.221031;-0.114455;0.0068928;0.214961;0.0072507;0.0956115;0.00364285;0.0975009;0;1;0.087594;1;0;1;
73;-0.18099;0.0857631;-0.185971;0.122753;-0.178658;0.182386;0.244449;0.0166162;0.242836;-0.128748;0.241202;-0.118405;0.00402488;0.204523;0.00423393;0.104882;0.00212679;0.0911873;0;1;0;1;0;1;
74;-0.122494;0.0668538;-0.125403;0.0653661;-0.121132;0.123316;0.253074;0.0148094;0.252132;-0.121182;0.251178;-0.131111;0.00235001;0.199985;0.00247208;0.105153;0.00124145;0.0776328;0;1;0;1;0;1;
75;-0.0439089;0.0114111;-0.0456078;-0.00258407;-0.0431136;0.0444035;0.246766;0.0120131;0.24597;-0.112496;0.245637;-0.133851;0.00137192;0.18636;0.00144319;0.106165;0.000724394;0.0776037;0;1;0;1;0;1;
76;0.053442;-0.0724202;0.0524497;-0.0863483;0.0539065;-0.0531334;0.231089;0.0169823;0.230356;-0.0994653;0.22514;-0.128158;0.000800731;0.178131;0.000842341;0.0976221;0.000422445;0.072879;0;1;0;1;0;1;
77;0.130167;-0.151103;0.146341;-0.166156;0.147192;-0.146721;0.208971;0.0105961;0.198127;-0.0733601;0.199345;-0.103227;-0.0129255;0.16792;0.000491454;0.111274;0.000246163;0.0715802;0.722429;1;0;1;0;1;
78;0.138326;-0.14962;0.214438;-0.226016;0.214934;-0.214644;0.192708;0.0160708;0.190765;-0.0375846;0.191476;-0.0937766;-0.0342689;0.155275;0.000286625;0.112489;0.000143203;0.0418124;1;1;0;1;0;1;
79;0.125548;-0.171539;0.256505;-0.263267;0.256795;-0.256614;0.169;0.0253519;0.167863;-0.00552504;0.168279;-0.0709137;-0.0324411;0.134417;0.000166951;0.105404;8.31629e-05;0.0244199;1;1;0;1;0;1;
80;0.131185;-0.175378;0.280015;-0.276612;0.280185;-0.272851;0.131913;0.0317486;0.131244;0.0332865;0.131487;-0.0285245;-0.0230519;0.099992;9.7045e-05;0.0953588;4.8153e-05;-0.0136865;1;0.620973;0;0.929147;0;1;
81;0.148591;-0.204904;0.291082;-0.268581;0.289828;-0.263451;0.0861131;0.0249201;0.0784994;0.0786464;0.0786438;0.0148019;-0.0146967;0.0584021;5.63311e-05;0.0853147;0.0350862;-0.0360277;1;0.218888;0;0.579419;0.446328;1;
82;0.186046;-0.238001;0.329547;-0.279633;0.26617;-0.272384;0.0105957;0.0541009;0.00613891;0.0856365;0.0361143;0.0483519;0.0252678;0.0341037;0.0561107;0.049823;0.130047;-0.0631381;1;0;0.363026;0;0.504217;1;
83;0.151903;-0.253011;0.308731;-0.277324;0.234095;-0.265349;-0.072883;0.113249;-0.078058;0.131666;0.0310967;0.109891;0.0667382;0.0199162;0.0620383;0.0290959;0.198959;-0.0408405;1;0;1;0;0.773111;1;
84;0.113985;-0.247196;0.27974;-0.261394;0.210892;-0.261432;-0.118256;0.171263;-0.14402;0.182018;0.0350946;0.1693;0.0839035;0.0116306;0.071078;0.0169914;0.235548;-0.0368848;1;0;1;0;1;1;
85;0.0792722;-0.224523;0.243854;-0.232815;0.20575;-0.245544;-0.123565;0.21186;-0.155037;0.218141;0.0326643;0.210711;0.0964956;0.00679179;0.0528029;0.00992237;0.236249;-0.0384776;1;0;1;0;1;0.891874;
86;0.0597075;-0.187968;0.202153;-0.192811;0.15351;-0.200244;-0.108734;0.236108;-0.106119;0.239776;-0.00820551;0.235437;0.136222;0.00396574;0.0975382;0.00579424;0.181615;-0.0224712;1;0;1;0;1;0;
87;-0.00984686;-0.136604;0.144896;-0.139431;0.116188;-0.143772;-0.119139;0.248826;-0.14767;0.250969;0.0114944;0.248435;0.107138;0.00231529;0.0672237;0.0033834;0.202021;-0.0131233;1;0;1;0;1;0;
88;-0.0827327;-0.0656107;0.0704587;-0.067262;0.0536835;-0.0697973;-0.110776;0.247244;-0.148174;0.246192;0.00797415;0.246223;0.109681;0.00135164;0.0657689;0.00197525;0.18655;-0.00766456;1;0;1;0;1;0;
89;-0.165264;0.026976;-0.0241343;0.0260115;-0.0339431;0.0245308;-0.0891539;0.235245;-0.136502;0.236857;0.00280851;0.238172;0.115431;0.000788631;0.0715129;0.0011532;0.166956;-0.0044764;1;0;1;0;1;0;
90;-0.250166;0.123993;-0.122321;0.123429;-0.128059;0.122565;-0.0718075;0.205918;-0.128644;0.203657;0.0210164;0.209258;0.0966852;0.000460023;0.0570997;0.000672931;0.170176;-0.00261449;1;0;1;0;1;0;
91;-0.313723;0.199376;-0.198391;0.194393;-0.201745;0.198541;-0.0362348;0.175547;-0.101128;0.185924;0.0265155;0.193146;0.0975618;0.000268347;0.0519992;4.27771e-05;0.160588;-0.00152735;1;0;1;0.112628;1;0;
92;-0.344834;0.24758;-0.246494;0.236432;-0.220068;0.247093;0.00641817;0.164452;-0.073041;0.170514;0.0309506;0.174731;0.11199;0.000156043;0.0399107;-0.021163;0.123929;-0.000892338;1;0;1;0.778132;1;0;
93;-0.341555;0.275272;-0.241348;0.22909;-0.240225;0.274987;0.037189;0.136294;-0.0329971;0.139837;0.0407364;0.142296;0.0998835;9.06941e-05;0.0233104;-0.0123607;0.0828769;-0.000521537;1;0;1;1;1;0;
94;-0.343997;0.289207;-0.245713;0.22768;-0.25528;0.289041;0.0793638;0.0911129;0.0160776;0.0931887;0.0452646;0.0946178;0.0849857;5.28069e-05;-0.00802898;0.00898148;0.0484075;-0.000304923;1;0.146853;1;1;1;0;
95;-0.34153;0.289809;-0.239614;0.222126;-0.26874;0.286872;0.119994;0.0442202;0.036849;0.0393665;0.0501602;0.027806;0.049826;0.075776;-0.0110073;0.061272;0.0282645;0.0497048;0.428069;1;1;1;0.591473;1;
96;-0.316425;0.23554;-0.256928;0.227131;-0.273917;0.292287;0.141401;0.0284926;0.0928484;-0.0483162;0.100615;-0.0500741;0.0290995;0.163967;-0.00979803;0.0776232;0.016506;0.0804888;0.686834;1;1;1;0;1;
97;-0.28881;0.196179;-0.266445;0.203372;-0.263985;0.274584;0.183426;0.0310054;0.155073;-0.111947;0.159606;-0.105977;0.0169946;0.213351;-0.00694614;0.0924377;0.00963912;0.0772784;0.817296;1;0.815545;1;0;1;
98;-0.2545;0.13767;-0.241439;0.180189;-0.240003;0.246187;0.218065;0.0282122;0.201507;-0.140191;0.204154;-0.115897;0.00992432;0.212738;-0.0040568;0.095024;0.00562875;0.0875815;0;1;0;1;0;1;
