1;-0.000363588;0.000116064;9.94837e-05;-0.000363588;0.000116064;9.94837e-05;0.0349769;0.0347456;0.0352595;0.0349769;0.0347456;0.0352595;0.808667;0.808665;0.808666;0.808667;0.808665;0.808666;0;0;0;0;0;0;
2;0.00144473;0.00154297;0.00205365;-0.000572779;0.000408409;0.0191882;0.173187;0.174951;0.177964;0.154453;0.156347;0.16376;0.472452;0.472454;0.472457;0.472452;0.472453;0.472461;1;1;1;1;1;1;
3;0.00369154;0.00122122;0.00334303;-0.00521242;-0.00321178;0.0228216;0.10123;0.103228;0.104198;0.0901213;0.0930053;0.0959965;0.275929;0.275931;0.275933;0.275929;0.27593;0.275935;0.605256;0.556283;0.951147;0.443351;0.568671;0.995606;
4;0.00279069;7.84413e-05;0.00258712;-0.00367879;-0.00124083;0.0126928;0.0590957;0.0603174;0.0608304;0.0526629;0.0542937;0.0560935;0.161147;0.161149;0.161151;0.161148;0.161148;0.161151;0.768111;0.822431;0.65232;0.684839;0.550132;0.979881;
5;0.00250592;-0.000830392;0.00238702;-0.00302452;0.000151578;0.00653636;0.0342607;0.0354859;0.0352749;0.0310151;0.0324419;0.0330189;0.0941124;0.0941142;0.0941155;0.094113;0.0941139;0.0941153;0.995294;0.748378;0.898605;0.48925;0.818358;1;
6;0.00287323;-0.00159235;0.00250142;-0.00286623;0.00119593;0.00270978;0.0285108;0.0324335;0.0343653;0.0297537;0.0322035;0.036883;0.054964;0.054965;0.0549662;0.0549642;0.0549652;0.0549658;1;0.599464;0.898163;0.485527;0.683327;1;
7;0.00335391;-0.00217323;0.00270414;-0.00284761;0.00194174;0.000339194;0.025544;0.0293974;0.0296369;0.028819;0.0296751;0.0328479;0.0321015;0.0321018;0.032103;0.0321013;0.0321025;0.0321026;0.892402;0.521615;0.898763;0.482843;0.547659;0.99911;
8;0.00309229;-0.00240274;0.00283162;-0.00246427;0.00226758;-0.000935518;0.0237835;0.0284034;0.0270872;0.0304086;0.0298015;0.0336962;0.0187498;0.0187496;0.0187511;0.0187493;0.0187509;0.0187505;0.620195;0.512463;1;0.47784;0.572558;1;
9;0.0023443;-0.00194157;0.00219205;-0.0019775;0.00186266;-0.00108473;0.0219627;0.0282921;0.0266807;0.0324077;0.0304652;0.0358364;0.0109526;0.0109517;0.0109537;0.0109517;0.0109537;0.0109526;0.798327;0.500344;1;0.465356;0.74198;0.714899;
10;0.000473822;-0.000238599;0.000384899;-0.00025957;0.000192588;0.000261805;0.0212429;0.029967;0.0258543;0.0341638;0.0307457;0.0387112;0.00639912;0.00639734;0.0064001;0.00639767;0.00640037;0.00639854;0.817323;0.515495;0.837567;0.452252;0.927072;0.818334;
11;-0.0033693;0.00350672;-0.00342127;0.00349448;-0.0035336;0.00379894;0.0184888;0.0291057;0.0217502;0.0347861;0.0285789;0.0383809;0.00434036;0.00373734;0.00643609;0.00373803;0.0101768;0.00373885;0.843349;0.512164;1;0.436273;0.811428;0.790026;
12;-0.0102674;0.0103477;-0.0102978;0.0103406;-0.0103634;0.0105184;0.0167482;0.029206;0.020046;0.0379442;0.0289032;0.0413349;0.0046934;0.00218366;0.00538163;0.0021847;0.00894409;0.00218549;0.863911;0.508457;1;0.429162;0.819226;0.779336;
13;-0.0214542;0.0215011;-0.0214719;0.0214969;-0.0215103;0.0216008;0.0175626;0.0303739;0.0193744;0.0390517;0.0288624;0.0415662;0.00510818;0.00127624;0.00837972;0.00127755;0.0097094;0.00127827;0.867157;0.503402;1;0.426638;0.651032;0.769339;
14;-0.0380257;0.0380531;-0.038036;0.0380507;-0.0380584;0.0381113;0.0188832;0.0293945;0.0211889;0.0359527;0.0280843;0.038597;0.00345215;0.000746651;0.00489698;0.000747914;0.0077312;0.000748626;0.758386;0.516516;0.996869;0.437016;0.561805;0.791469;
15;-0.0602883;0.0603045;-0.0602944;0.060303;-0.0603075;0.0603384;0.0242789;0.0274811;0.0277364;0.0271184;0.0281221;0.0311729;0.00312394;0.00423965;0.0050894;0.00334317;0.00451781;0.00319927;1;0.619773;0.919132;0.481024;0.451194;1;
16;-0.0867247;0.0867342;-0.0867282;0.0867333;-0.086736;0.0867539;0.0430371;0.0280724;0.0473641;0.0126;0.0338675;0.0188478;0.00182564;0.0160602;0.00297415;0.00729602;0.00263879;0.00831063;0.630228;0.919362;0.756191;0.78168;0.327649;1;
17;-0.113113;0.113119;-0.113115;0.113118;-0.113119;0.11313;0.0580106;0.0140609;0.0605389;-0.0255141;0.0526554;-0.021862;0.0010659;0.0209932;0.00173728;0.00867873;0.00154068;0.011407;0.0066192;0.945219;0.480727;0.705399;0;1;
18;-0.132797;0.132801;-0.132798;0.1328;-0.132801;0.132807;0.0954428;-0.053338;0.0969193;-0.0764619;0.0923156;-0.0743237;0.000622095;0.0343672;0.00101418;0.00507042;0.00089939;0.010818;0;1;0;0.511793;0;1;
19;-0.13831;0.138312;-0.138311;0.138312;-0.138312;0.138316;0.143522;-0.11892;0.144384;-0.132434;0.141695;-0.131181;0.000362918;0.0200749;0.0005919;0.0029627;0.00052482;0.00632023;0;1;0;0.511361;0;1;
20;-0.123565;0.123567;-0.123566;0.123567;-0.123567;0.123569;0.18594;-0.171563;0.186444;-0.179463;0.184874;-0.178728;0.000211509;0.0117257;0.000345235;0.00173106;0.000306044;0.00369224;0;1;0;0.685793;0;1;
21;-0.0843845;0.0843856;-0.0843847;0.0843852;-0.0843855;0.0843865;0.21491;-0.193813;0.215204;-0.211126;0.214287;-0.210694;0.000123067;0.00684815;0.000201165;0.00101105;0.000178239;0.00215651;0;1;0;0.56429;0;1;
22;-0.0173039;0.0173053;-0.0173041;0.0173044;-0.0173051;0.0173052;0.230526;-0.188154;0.230698;-0.228314;0.230162;-0.217893;7.13443e-05;0.0039996;0.000116959;0.000590312;0.000103587;0.00125928;0;0.957358;0;0.833166;0;1;
23;0.0725464;-0.0725444;0.0725463;-0.0725462;0.0725447;-0.0725457;0.228326;-0.164011;0.228186;-0.207935;0.228522;-0.207318;4.11348e-05;0.00233666;6.77612e-05;0.000344735;5.99828e-05;0.000735523;0;1;0;0.853721;0;1;
24;0.15962;-0.159618;0.15962;-0.15962;0.159618;-0.159619;0.188715;-0.129174;0.189131;-0.170057;0.193889;-0.18054;2.36181e-05;0.00646207;3.90793e-05;0.000202136;3.44499e-05;0.000430209;0;1;0;0.797147;0;0.971691;
25;0.222491;-0.222489;0.222491;-0.222491;0.22249;-0.222491;0.160319;-0.0715631;0.14432;-0.113071;0.155861;-0.141376;1.32463e-05;0.0246316;2.24419e-05;0.0111421;1.96367e-05;0.00075415;0;1;0;0.805307;0;1;
26;0.261128;-0.261127;0.261128;-0.261128;0.261127;-0.261128;0.147961;-0.0148024;0.117935;-0.0722918;0.145357;-0.101398;7.32986e-06;0.0318048;1.25959e-05;0.00721327;1.10205e-05;0.00897156;0;1;0;0.791844;0;1;
27;0.282493;-0.282492;0.282493;-0.282494;0.282492;-0.282493;0.116871;0.0528526;0.0993347;-0.00172494;0.115349;-0.0240346;0.011412;0.0516542;6.97105e-06;0.0170131;6.04185e-06;0.0187667;0.773466;1;0;0.966071;0;0.643864;
28;0.292155;-0.292154;0.292154;-0.292156;0.292154;-0.292154;0.066335;0.0502095;0.056094;0.0638754;0.0654462;0.0561994;0.0123825;0.0301706;0.020097;0.0294304;0.0187266;0.0363052;0.742569;0.731606;0.899792;0.740803;0.619557;1;
29;0.29273;-0.292921;0.29273;-0.292731;0.297251;-0.29273;-0.00554086;0.0736026;-0.0115103;0.0815835;-0.00604508;0.0771014;0.00723319;0.0176191;0.029949;0.0171868;0.0279242;0.021202;0.55791;0;1;0;1;0;
30;0.283765;-0.283877;0.283765;-0.283766;0.286405;-0.283765;-0.088306;0.128055;-0.0917827;0.132716;-0.0885874;0.130098;0.00422532;0.0102891;0.0174953;0.0100366;0.0325043;0.0123815;0.650761;0;1;0;1;0;
31;0.263376;-0.263441;0.263376;-0.263376;0.264918;-0.263376;-0.157928;0.181142;-0.159951;0.183864;-0.158082;0.182335;0.00246828;0.00600836;0.0102196;0.00586091;0.0189857;0.00723034;0.888235;0;1;0;1;0;
32;0.231811;-0.231848;0.23181;-0.23181;0.232711;-0.23181;-0.204289;0.217847;-0.205466;0.219437;-0.204371;0.218544;0.00144195;0.00350837;0.00596892;0.00342227;0.0110884;0.00422202;1;0;1;0;1;0;
33;0.18955;-0.189572;0.18955;-0.18955;0.190076;-0.18955;-0.231603;0.239522;-0.232286;0.24045;-0.206525;0.239929;0.000842;0.00204834;0.00348561;0.00199809;0.00647523;0.00246514;0.943788;0;1;0;1;0;
34;0.133932;-0.133944;0.133932;-0.133932;0.134239;-0.133932;-0.245976;0.250602;-0.229266;0.251144;-0.202484;0.250839;0.000491395;0.00119567;0.00203523;0.00116633;0.00378117;0.00143909;0.775827;0;1;0;1;0;
35;0.0591846;-0.0591912;0.0591845;-0.0591845;0.0593633;-0.0591845;-0.238469;0.249917;-0.224641;0.249367;-0.190767;0.249398;0.000286596;0.000697705;0.00118836;0.000680592;0.00220821;0.00083988;0.846983;0;1;0;1;0;
36;-0.0359172;0.0359143;-0.0359172;0.0359173;-0.0358138;0.0359173;-0.218211;0.224907;-0.213054;0.236117;-0.165376;0.235847;0.000167294;0.0004069;0.00069406;0.000396921;0.0031122;0.000489944;0.942502;0;1;0;1;0;
37;-0.132206;0.132206;-0.132206;0.132207;-0.132147;0.132207;-0.185983;0.200471;-0.1911;0.199363;-0.144028;0.198468;9.82067e-05;0.000237077;0.0004058;0.000231393;0.00181915;0.000285683;1;0;1;0;1;0;
38;-0.205019;0.20502;-0.205019;0.20502;-0.204985;0.205019;-0.132376;0.16514;-0.156471;0.175148;-0.0765153;0.171351;0.00922203;0.000137951;0.00326836;0.000134595;0.0274395;0.000166294;0.871105;0;1;0;1;0;
39;-0.250954;0.250954;-0.250954;0.250954;-0.250935;0.250954;-0.0825697;0.12379;-0.112211;0.162237;-0.0330838;0.160019;0.0291344;8.00613e-05;0.00659598;7.81804e-05;0.0283763;9.67072e-05;1;0;1;0;1;0;
40;-0.277083;0.277083;-0.277082;0.277082;-0.277072;0.277082;-0.00958538;0.110018;-0.048018;0.132472;0.0477426;0.131176;0.0305301;4.63586e-05;0.00533135;0.0139967;0.0566411;5.60597e-05;1;0;1;0.357824;1;0;
41;-0.289951;0.289951;-0.289951;0.289951;-0.289945;0.289951;0.0439094;0.0723033;0.0478854;0.0854206;0.0596673;0.0846603;0.0377818;2.73028e-05;0.0250525;0.0147979;0.0330856;0.0164492;1;0.354687;1;0.46318;1;0.804606;
42;-0.293161;0.293161;-0.293161;0.293161;-0.293157;0.293161;0.0575743;0.0122044;0.0598982;0.0179584;0.0677981;0.0175202;0.0220646;0.0240455;0.0146318;0.00864472;0.0193217;0.0185851;0;1;0.535025;0.668171;0;1;
43;-0.287142;0.287143;-0.287142;0.287142;-0.28714;0.287142;0.10892;-0.068154;0.110277;-0.0648086;0.114891;-0.0650533;0.0128852;0.03592;0.0085445;0.00504968;0.0112834;0.0204641;0;1;0;0.390538;0;1;
44;-0.270064;0.270065;-0.270064;0.270064;-0.270063;0.270064;0.166204;-0.142385;0.166996;-0.140442;0.169691;-0.140577;0.00752454;0.0209812;0.00498957;0.00294983;0.00658905;0.0119541;0;1;0;0.569501;0;1;
45;-0.241493;0.241493;-0.241493;0.241492;-0.241492;0.241493;0.208397;-0.194477;0.20886;-0.193351;0.210433;-0.193425;0.00439386;0.0122544;0.00291345;0.001723;0.0038475;0.00698226;0;1;0;0.450708;0;1;
46;-0.202303;0.202303;-0.202303;0.202303;-0.202303;0.202303;0.234185;-0.207881;0.234455;-0.225398;0.235374;-0.225436;0.00256549;0.00715625;0.00170095;0.00100616;0.00224641;0.00407759;0;1;0;0.65974;0;1;
47;-0.150864;0.150865;-0.150864;0.150864;-0.150865;0.150865;0.248047;-0.205932;0.248204;-0.242914;0.248741;-0.22967;0.0014977;0.00417885;0.000992809;0.000587309;0.00131135;0.00238091;0;1;0;0.518495;0;1;
48;-0.0819836;0.081985;-0.0819837;0.0819836;-0.0819844;0.0819838;0.25113;-0.197283;0.251451;-0.242059;0.25106;-0.226247;0.000874113;0.00244021;0.000579236;0.000342582;0.000765278;0.00139021;0;1;0;0.545633;0;1;
49;0.00835634;-0.00835429;0.0083563;-0.00835636;0.00835495;-0.00835626;0.24034;-0.182705;0.239755;-0.227596;0.233381;-0.215149;0.000509917;0.00142529;0.00033773;0.000199875;0.000446351;0.00081183;0;1;0;0.615545;0;1;
50;0.107335;-0.107333;0.107335;-0.107335;0.107333;-0.107335;0.210932;-0.148417;0.210375;-0.197891;0.210311;-0.20191;0.000297265;0.000833353;0.000196698;0.000116981;0.000260131;0.000474374;0;1;0;0.669691;0;1;
51;0.187853;-0.187851;0.187853;-0.187853;0.187851;-0.187853;0.175457;-0.103037;0.171455;-0.153342;0.174425;-0.165258;0.000173116;0.0139629;0.000114354;0.00433633;0.000151367;0.0014621;0;1;0;0.750599;0;1;
52;0.240617;-0.240616;0.240617;-0.240617;0.240616;-0.240617;0.15878;-0.0478788;0.12615;-0.0875546;0.133063;-0.124642;0.000100718;0.0329491;6.64638e-05;0.0178647;8.79389e-05;0.00648301;0;1;0;0.783598;0;1;
53;0.27144;-0.27144;0.27144;-0.27144;0.271439;-0.27144;0.137149;0.0223639;0.115242;-0.0313368;0.12213;-0.0753206;5.83904e-05;0.0519563;3.83977e-05;0.0272296;5.09073e-05;0.0037877;0;1;0;0.862027;0;0.763782;
54;0.287466;-0.287467;0.287467;-0.287467;0.287466;-0.287467;0.0972931;0.053946;0.0844958;0.0378353;0.0885176;0.02408;0.00703426;0.0303522;9.20712e-05;0.0407673;2.92998e-05;0.0370093;0.681494;1;0.32113;0.81801;0;1;
55;0.293158;-0.293159;0.293158;-0.293159;0.293158;-0.293158;0.0368602;0.0620474;0.0293923;0.0727465;0.0357343;0.0752623;0.0121982;0.017726;0.0298486;0.0238086;0.0378511;0.0216154;0.74036;0.0729849;1;0.0921699;1;0.642236;
56;0.289813;-0.289813;0.289813;-0.289813;0.289813;-0.289813;-0.0426158;0.100379;-0.0469662;0.106627;-0.0432585;0.108096;0.0071251;0.0103515;0.0180368;0.0139036;0.0301908;0.0126228;0.610256;0;1;0;1;0;
57;0.275955;-0.275955;0.275955;-0.275955;0.275955;-0.275955;-0.122232;0.155966;-0.124765;0.159615;-0.122596;0.160473;0.004162;0.00604483;0.010537;0.00811926;0.017636;0.00737129;0.89726;0;1;0;1;0;
58;0.250436;-0.250436;0.250436;-0.250436;0.250436;-0.250436;-0.181468;0.20117;-0.182941;0.203301;-0.181672;0.203802;0.00243105;0.00352969;0.00615508;0.00474116;0.0103012;0.00430435;0.751902;0;1;0;1;0;
59;0.214179;-0.214179;0.214179;-0.214179;0.214179;-0.214179;-0.218484;0.22999;-0.21934;0.231235;-0.213434;0.231528;0.00141975;0.00206082;0.00359471;0.00276833;0.00601583;0.00251323;0.66631;0;1;0;1;0;
60;0.166496;-0.166496;0.166496;-0.166496;0.166496;-0.166496;-0.239343;0.246064;-0.229189;0.246791;-0.207738;0.246962;0.0008289;0.00120298;0.00209887;0.00161615;0.00351281;0.00146719;0.804106;0;1;0;1;0;
61;0.103062;-0.103062;0.103062;-0.103062;0.103062;-0.103062;-0.245391;0.253286;-0.22638;0.253711;-0.199709;0.253811;0.000483661;0.000701977;0.00122546;0.000943283;0.0020512;0.000856278;0.948589;0;1;0;1;0;
62;0.0184143;-0.0184138;0.0184144;-0.0184143;0.0184139;-0.0184143;-0.230154;0.238024;-0.221183;0.243268;-0.184495;0.243933;0.000282199;0.000409395;0.000715534;0.000550333;0.00119824;0.000499527;1;0;1;0;1;0;
63;-0.0808901;0.0808909;-0.08089;0.0808901;-0.0808908;0.0808901;-0.204581;0.215499;-0.205161;0.226248;-0.157334;0.223675;0.000164915;0.000238538;0.00041808;0.000320856;0.00070092;0.00029118;1;0;1;0;1;0;
64;-0.168493;0.168493;-0.168492;0.168493;-0.168493;0.168493;-0.167026;0.183396;-0.17384;0.211929;-0.116887;0.198683;9.72358e-05;0.000138794;0.000245342;0.000186919;0.0116294;0.000169735;1;0;1;0;1;0;
65;-0.228615;0.228615;-0.228614;0.228615;-0.228615;0.228615;-0.107446;0.147828;-0.138466;0.194035;-0.060665;0.186299;0.0153542;8.05523e-05;0.0073396;0.000108665;0.0282296;9.85398e-05;1;0;1;0;1;0;
66;-0.264691;0.264691;-0.264691;0.264691;-0.264692;0.264691;-0.0568796;0.136972;-0.0911366;0.163957;0.00185819;0.159439;0.0184847;4.65674e-05;0.00428778;6.30358e-05;0.0482939;5.71599e-05;0.95094;0;0.786624;0;1;0;
67;-0.284217;0.284217;-0.284216;0.284216;-0.284218;0.284216;0.0437381;0.105547;0.00233889;0.121309;0.0469972;0.118667;0.0373873;2.67198e-05;0.0163528;0.00661405;0.0409196;3.29785e-05;1;0;0.739182;0.461228;1;0;
68;-0.292489;0.292489;-0.292489;0.292489;-0.29249;0.292489;0.0569835;0.0529913;0.0686889;0.0621943;0.0657796;0.0606548;0.0218372;0.0205093;0.0310817;0.00579035;0.0239006;0.0332618;0.725595;0.755579;0.787071;0.450525;0.524023;1;
69;-0.291686;0.292895;-0.291686;0.291686;-0.291729;0.291686;0.0853768;-0.021136;0.0922129;-0.0157764;0.0905136;-0.0166641;0.0127524;0.0279779;0.0181512;0.00441109;0.0139574;0.019432;0;1;0;0.373682;0;1;
70;-0.280941;0.281647;-0.280941;0.280941;-0.280966;0.280941;0.140245;-0.102715;0.144237;-0.0995975;0.143245;-0.100107;0.00744699;0.0220869;0.0105998;0.00257715;0.00815064;0.0144786;0;1;0;0.595847;0;1;
71;-0.258577;0.25899;-0.258577;0.258577;-0.258592;0.258577;0.190008;-0.16808;0.192339;-0.166269;0.19176;-0.16656;0.00434858;0.0129013;0.00618983;0.00150563;0.0047595;0.00845755;0;1;0;0.480044;0;1;
72;-0.225211;0.225453;-0.225211;0.225211;-0.22522;0.225212;0.223287;-0.210472;0.224649;-0.209423;0.22431;-0.209588;0.00253906;0.00753476;0.00361435;0.000879422;0.00277903;0.0049397;0;1;0;0.655532;0;1;
73;-0.180948;0.181089;-0.180948;0.180948;-0.180953;0.180948;0.242519;-0.205647;0.243315;-0.234422;0.243117;-0.233437;0.00148229;0.00439983;0.00211025;0.000513404;0.00162241;0.00288445;0;1;0;0.624216;0;1;
74;-0.12247;0.122552;-0.12247;0.12247;-0.122473;0.12247;0.251947;-0.201167;0.252411;-0.247217;0.252296;-0.228816;0.000865105;0.00256915;0.00123182;0.000299466;0.000946927;0.00168418;0;1;0;0.457005;0;1;
75;-0.0438945;0.0439432;-0.0438945;0.0438945;-0.0438965;0.0438946;0.246954;-0.189977;0.247543;-0.23695;0.245834;-0.22314;0.00050467;0.00150037;0.00071883;0.000174549;0.000552435;0.000983384;0;1;0;0.46237;0;1;
76;0.0534504;-0.0534214;0.0534504;-0.0534505;0.053449;-0.0534504;0.23258;-0.165063;0.232708;-0.2141;0.221333;-0.208647;0.000294182;0.000877224;0.000419245;0.000101909;0.000322074;0.000574405;0;1;0;0.56178;0;1;
77;0.146925;-0.146908;0.146925;-0.146925;0.146924;-0.146925;0.204065;-0.136856;0.200084;-0.174733;0.19628;-0.185274;0.000171484;0.00813496;0.000244536;6.00983e-05;-0.001276;0.000336007;0;1;0;0.871853;0;1;
78;0.214778;-0.214769;0.214778;-0.214778;0.214778;-0.214778;0.194232;-0.0736711;0.156575;-0.117056;0.161067;-0.147363;9.95269e-05;0.0238277;0.000142403;0.00773541;-0.000745679;0.000197306;0;1;0;1;0;1;
79;0.256704;-0.256699;0.256704;-0.256704;0.256704;-0.256704;0.169888;-0.013013;0.124636;-0.0687728;0.15052;-0.106674;5.76841e-05;0.0421464;8.28017e-05;0.0237985;-0.000435925;0.00289915;0;1;0;0.929637;0;0.934288;
80;0.280132;-0.280131;0.280132;-0.280132;0.280131;-0.280132;0.132428;0.0341477;0.106;0.0165584;0.121116;-0.0405093;0.00801612;0.0397807;4.79087e-05;0.0469721;-0.000255094;0.00985653;0.555111;1;0;0.917295;0;1;
81;0.29115;-0.29115;0.29115;-0.291151;0.29115;-0.29115;0.0791958;0.0586306;0.0637611;0.0611347;0.0725872;0.0533529;0.00468383;0.0232368;0.0207274;0.0274367;0.0139263;0.0450358;0.6726;0.873263;0.858848;0.585117;0.562505;1;
82;0.292813;-0.292813;0.292813;-0.292813;0.292813;-0.292813;0.00654439;0.0739474;-0.00245974;0.0754102;0.00303401;0.0708662;0.00557396;0.0135698;0.020608;0.0160227;0.0266514;0.0263008;0.558827;0;1;0;1;0.0733876;
83;0.285021;-0.285021;0.285021;-0.285021;0.285021;-0.285021;-0.0778313;0.124839;-0.08308;0.125694;-0.0798679;0.12304;0.00325642;0.00792434;0.018034;0.00935679;0.0341079;0.0153592;0.834297;0;1;0;1;0;
84;0.265889;-0.265889;0.265889;-0.265889;0.265889;-0.265889;-0.150578;0.178032;-0.153636;0.178531;-0.151757;0.176981;0.00190247;0.00462735;0.0105344;0.00546391;0.0199225;0.00896928;0.662012;0;1;0;1;0;
85;0.23544;-0.23544;0.23544;-0.23544;0.235441;-0.23544;-0.19978;0.215813;-0.20156;0.216104;-0.200459;0.215199;0.00111129;0.00270187;0.0061529;0.00319043;0.0116357;0.00523755;0.703651;0;1;0;1;0;
86;0.194343;-0.194344;0.194344;-0.194344;0.194344;-0.194344;-0.229052;0.238417;-0.230088;0.238587;-0.206973;0.238058;0.000648877;0.00157736;0.0035931;0.00186271;0.00679486;0.00305821;0.747009;0;1;0;1;0;
87;0.140326;-0.140326;0.140326;-0.140326;0.140326;-0.140326;-0.244705;0.250174;-0.229861;0.250274;-0.203656;0.249965;0.000378631;0.000920617;0.002098;0.00108727;0.00396784;0.00178543;0.777122;0;1;0;1;0;
88;0.067785;-0.0677848;0.0677851;-0.067785;0.0677851;-0.067785;-0.239079;0.251194;-0.224853;0.249228;-0.195464;0.249544;0.000220715;0.000537084;0.00122498;0.000634422;0.00231702;0.00104214;0.835692;0;1;0;1;0;
89;-0.0257061;0.0257065;-0.025706;0.0257061;-0.025706;0.0257061;-0.222844;0.229287;-0.213704;0.237568;-0.178198;0.237476;0.000128784;0.000313078;0.000715427;0.000369949;0.00135352;0.000608059;0.939515;0;1;0;1;0;
90;-0.123251;0.123252;-0.123251;0.123251;-0.123251;0.123251;-0.189446;0.205755;-0.195634;0.204227;-0.147247;0.201535;7.56035e-05;0.000182272;0.000418159;0.00021555;0.00079163;0.000354587;1;0;1;0;1;0;
91;-0.198942;0.198943;-0.198942;0.198942;-0.198942;0.198942;-0.141534;0.172919;-0.156497;0.169031;-0.0943219;0.166904;0.0066955;0.000105907;0.00174043;0.000125389;0.0109339;-0.00416446;1;0;0.785618;0;1;0;
92;-0.247326;0.247327;-0.247326;0.247326;-0.247327;0.247326;-0.0895755;0.162919;-0.116712;0.159445;-0.0315372;0.150977;0.0163048;6.14115e-05;0.00615862;7.28114e-05;0.026541;-0.00243239;1;0;0.954256;0;1;0;
93;-0.275124;0.275124;-0.275123;0.275123;-0.275125;0.275123;-0.0192864;0.135398;-0.0597592;0.13337;0.0374908;0.128425;0.0218886;3.53962e-05;0.00576546;4.24984e-05;0.0530332;-0.00142095;1;0;0.862305;0.29171;1;0;
94;-0.289121;0.289121;-0.289121;0.28912;-0.289122;0.289121;0.046009;0.0905895;0.040518;0.0894099;0.0584487;0.0865183;0.0255555;2.02219e-05;0.0459631;0.00613181;0.0309808;0.00975588;0.898505;0;0.932605;0.458004;0.793271;0.520004;
95;-0.293238;0.293239;-0.293238;0.293238;-0.293239;0.293238;0.0560667;0.0266091;0.0794256;0.0247617;0.0537936;0.0230812;0.0149247;0.0284273;0.0268433;0.00358333;0.0180927;0.0249776;0.408481;1;0.488794;0.435929;0.113121;1;
96;-0.288223;0.288224;-0.288223;0.288223;-0.288224;0.288223;0.104065;-0.0557668;0.117706;-0.0568606;0.102737;-0.0578311;0.00871554;0.0344048;0.0156759;0.00209388;0.0105657;0.0186361;0;1;0;0.397721;0;1;
97;-0.27234;0.272341;-0.27234;0.27234;-0.27234;0.27234;0.161621;-0.133402;0.169587;-0.134052;0.160845;-0.134611;0.00508945;0.0200967;0.00915427;0.00122367;0.00616991;0.0108867;0;1;0;0.428781;0;1;
98;-0.244882;0.244882;-0.244882;0.244882;-0.244882;0.244882;0.205331;-0.188842;0.209983;-0.18923;0.204878;-0.189551;0.00297177;0.011738;0.00534559;0.00071498;0.00360274;0.00635908;0;1;0;0.460507;0;1;
