1;-0.000363588;0.000116065;9.9484e-05;-0.000363588;0.000116065;9.9484e-05;0.0349769;0.0347456;0.0352594;0.0349769;0.0347456;0.0352594;0.808667;0.808665;0.808666;0.808667;0.808665;0.808666;0;0;0;0;0;0;
2;-0.0194218;0.000112225;0.000827938;-0.00178818;-0.00102674;-0.00134015;0.177186;0.173477;0.175034;0.155495;0.15663;0.158029;0.472457;0.472454;0.472457;0.472452;0.472453;0.472457;1;1;1;1;1;1;
3;-0.0237599;0.0039423;0.00639338;-0.00258576;-0.00131335;-0.00296546;0.103567;0.101875;0.102311;0.0907304;0.0925305;0.0922096;0.275933;0.275931;0.275932;0.275929;0.275929;0.275931;0.830431;0.594848;0.771576;0.543552;0.541891;0.735974;
4;-0.0132408;0.00166745;0.0043685;-0.00214485;-0.00013221;-0.00236663;0.0604602;0.0595276;0.0597281;0.0530186;0.0540161;0.0538824;0.161149;0.16115;0.16115;0.161148;0.161148;0.161149;0.864332;0.568362;0.866535;0.492646;0.600596;0.847786;
5;-0.00685634;9.76701e-05;0.00342732;-0.00189942;0.000798995;-0.00225825;0.0350576;0.0350247;0.0346311;0.0312229;0.0312952;0.0317277;0.0941139;0.0941147;0.0941149;0.0941131;0.0941135;0.094114;0.950004;0.866878;0.762754;0.461617;0.783028;0.868737;
6;-0.00289662;-0.00105041;0.00310895;-0.00221664;0.00157403;-0.00242621;0.0282937;0.0319653;0.0344118;0.0290208;0.0318412;0.0356622;0.0549648;0.0549653;0.0549658;0.0549643;0.0549649;0.0549651;0.982697;0.569077;1;0.484004;0.790812;0.880934;
7;-0.000448275;-0.00185674;0.00305893;-0.0025378;0.00216255;-0.0026602;0.0255511;0.0291988;0.0292721;0.0292554;0.0299287;0.0329304;0.032102;0.032102;0.0321028;0.0321014;0.0321023;0.0321021;0.583784;0.582987;1;0.485683;0.636482;0.859317;
8;0.000871839;-0.00221791;0.00292;-0.0026071;0.00239653;-0.00266474;0.0242418;0.028695;0.0272045;0.0306682;0.0298893;0.0336079;0.0187501;0.0187497;0.018751;0.0187494;0.0187508;0.0187502;0.781841;0.573459;0.73595;0.478397;0.663623;0.863355;
9;0.00104757;-0.00183364;0.00224367;-0.00206091;0.00193797;-0.00209458;0.0227073;0.0291742;0.0266735;0.0322472;0.030394;0.0361679;0.0109528;0.0109517;0.0109536;0.0109517;0.0109537;0.0109525;0.796061;0.54443;1;0.465711;0.692183;0.848339;
10;-0.000283489;-0.000175566;0.000415039;-0.000308278;0.000236545;-0.000327957;0.0203087;0.0287395;0.0250326;0.0338612;0.030128;0.0378412;0.00639923;0.0063974;0.00640004;0.00639768;0.00640049;0.00639847;0.815953;0.506638;1;0.409633;0.723118;0.815807;
11;-0.00381157;0.00354353;-0.00340367;0.00346604;-0.00350793;0.00345453;0.0182563;0.029208;0.0227823;0.0349964;0.0286816;0.0396847;0.00374014;0.00373735;0.00574344;0.00373809;0.0088551;0.00373878;0.843183;0.470833;1;0.538619;0.758062;0.79378;
12;-0.0105257;0.0103692;-0.0102875;0.010324;-0.0103484;0.0103172;0.016793;0.0290797;0.0197902;0.0375981;0.0284638;0.0407004;0.00451532;0.00218367;0.00523961;0.00218475;0.00892675;0.00218547;1;0.445297;1;0.604204;0.787638;0.777032;
13;-0.021605;0.0215137;-0.0214659;0.0214872;-0.0215015;0.0214833;0.017122;0.0300054;0.0195376;0.0386006;0.0286527;0.0412958;0.00475807;0.00127625;0.00624599;0.00127758;0.00891008;0.00127829;0.848085;0.43606;1;0.560051;0.795543;0.775008;
14;-0.0381137;0.0380604;-0.0380325;0.038045;-0.0380533;0.0380427;0.0190555;0.029752;0.0213081;0.0363138;0.0286333;0.0390377;0.00428092;0.000746657;0.00606867;0.000747958;0.00758216;0.000748599;0.993869;0.561912;0.998066;0.401915;0.756813;0.635361;
15;-0.0603398;0.0603087;-0.0602924;0.0602997;-0.0603046;0.0602983;0.0237897;0.0269187;0.0276089;0.0265687;0.0273827;0.0306083;0.00250257;0.00445683;0.0035469;0.00198192;0.00443076;0.0027229;0.870659;0.825124;0.913916;0.483321;0.635324;1;
16;-0.0867547;0.0867367;-0.086727;0.0867314;-0.0867342;0.0867305;0.0432056;0.0284162;0.0468674;0.012341;0.0340946;0.0207621;0.00146277;0.0151535;0.0036599;0.0100007;0.00258801;0.012208;0.553663;1;0.764858;0.461529;0.344566;1;
17;-0.11313;0.11312;-0.113114;0.113117;-0.113118;0.113116;0.0581092;0.0163486;0.0602485;-0.0256656;0.0527881;-0.0207441;0.000854058;0.0253011;0.00213761;0.00619926;0.00151103;0.00939979;0.259012;1;0.458917;0.668355;0;1;
18;-0.132807;0.132802;-0.132798;0.1328;-0.1328;0.132799;0.0955004;-0.0520022;0.0967498;-0.0765503;0.092393;-0.0736711;0.000498406;0.0323774;0.00124796;0.0036224;0.000882064;0.0126365;0;1;0;0.727564;0;1;
19;-0.138316;0.138313;-0.13831;0.138311;-0.138312;0.138311;0.143555;-0.11814;0.144285;-0.132486;0.14174;-0.1308;0.000290676;0.0189129;0.000728411;0.00211671;0.000514708;0.00738233;0;1;0;0.513428;0;1;
20;-0.123569;0.123567;-0.123566;0.123566;-0.123567;0.123566;0.18596;-0.171107;0.186386;-0.179493;0.1849;-0.178505;0.000169317;0.0110471;0.000424956;0.00123675;0.000300136;0.00431251;0;1;0;0.565445;0;1;
21;-0.0843865;0.0843857;-0.0843846;0.0843849;-0.0843853;0.0843848;0.214922;-0.194102;0.215171;-0.211144;0.214303;-0.210564;9.84268e-05;0.00645184;0.00024772;0.000722373;0.000174787;0.00251876;0;1;0;0.731648;0;1;
22;-0.0173052;0.0173052;-0.0173041;0.0173042;-0.0173048;0.0173042;0.230532;-0.188058;0.230678;-0.228324;0.230171;-0.217788;5.69558e-05;0.00376815;0.000144148;0.000421724;0.000101569;0.00147083;0;1;0;0.592383;0;1;
23;0.0725456;-0.0725447;0.0725462;-0.0725462;0.0725452;-0.0725462;0.228351;-0.163868;0.2282;-0.207985;0.228491;-0.207426;3.27345e-05;0.0022015;8.36418e-05;0.00024628;5.88003e-05;0.000859075;0;1;0;0.638794;0;0.950167;
24;0.159619;-0.159618;0.159619;-0.159619;0.159618;-0.159619;0.188538;-0.129128;0.188865;-0.170099;0.193956;-0.180619;1.87212e-05;0.00597902;4.83612e-05;0.000144641;3.37568e-05;0.000502367;0;1;0;0.714986;0;1;
25;0.222491;-0.222489;0.222491;-0.222491;0.22249;-0.222491;0.160543;-0.0701606;0.150311;-0.114299;0.157841;-0.141913;1.03985e-05;0.0184841;-0.000668016;0.0120902;1.92084e-05;0.00582295;0;1;0;0.764552;0;0.966839;
26;0.261128;-0.261127;0.261128;-0.261128;0.261127;-0.261128;0.148091;-0.00994693;0.135046;-0.0667991;0.146513;-0.0983973;5.6479e-06;0.039936;-0.00039049;0.0102534;1.07842e-05;0.00340222;0;1;0;0.603585;0;0.949686;
27;0.282492;-0.282493;0.282492;-0.282493;0.282492;-0.282493;0.116949;0.0409708;0.109328;0.0136353;0.116025;-0.0276948;0.0225625;0.057214;-0.000228441;0.0465852;5.8161e-06;0.0150943;0.612026;1;0;0.898857;0;0.939177;
28;0.292154;-0.292155;0.292154;-0.292155;0.291399;-0.292154;0.0663799;0.0536308;0.0619301;0.0584244;0.0658401;0.0566139;0.013179;0.0334178;0.0235134;0.0272098;0.0233901;0.0424095;0.830915;0.673284;0.848167;0.578687;0.825593;0.965161;
29;0.29273;-0.292946;0.292834;-0.29273;0.294521;-0.29273;-0.00551356;0.0756007;-0.00810186;0.0784002;-0.00581488;0.0773435;0.00769834;0.0195154;0.0198633;0.01589;0.0250813;0.0247669;0.746248;0;1;0;1;0;
30;0.283765;-0.283891;0.283826;-0.283765;0.284812;-0.283765;-0.0882902;0.129222;-0.0897921;0.130857;-0.0884527;0.13024;0.00449697;0.0113965;0.0168043;0.0092793;0.0361442;0.0144634;0.619753;0;1;0;1;0;
31;0.263376;-0.263449;0.263411;-0.263376;0.263987;-0.263376;-0.157918;0.181823;-0.158789;0.182778;-0.158003;0.182418;0.0026269;0.0066551;0.0098161;0.00541865;0.0211115;0.00844613;0.666748;0;1;0;1;0;
32;0.23181;-0.231853;0.231831;-0.23181;0.232167;-0.23181;-0.204284;0.218245;-0.204787;0.218803;-0.204325;0.218592;0.0015343;0.00388606;0.00573329;0.00316399;0.0123299;0.00493203;0.707425;0;1;0;1;0;
33;0.18955;-0.189575;0.189562;-0.18955;0.189758;-0.18955;-0.2316;0.239754;-0.23189;0.24008;-0.205595;0.239957;0.000895886;0.00226891;0.00334799;0.00184726;0.00720027;0.00287978;0.653298;0;1;0;1;0;
34;0.133931;-0.133946;0.133939;-0.133932;0.134054;-0.133932;-0.245974;0.250737;-0.22962;0.250927;-0.202805;0.250856;0.000522862;0.00132448;0.00195486;0.00107824;0.00420461;0.00168123;0.9298;0;1;0;1;0;
35;0.0591837;-0.0591926;0.0591879;-0.0591837;0.0592556;-0.0591837;-0.238466;0.249903;-0.223989;0.248503;-0.193302;0.249074;0.000304966;0.000772936;0.00114141;0.000629139;0.00245538;0.000981279;1;0;1;0;1;0;
36;-0.0359185;0.0359129;-0.035916;0.0359185;-0.0358758;0.0359185;-0.219948;0.225668;-0.212217;0.236124;-0.171977;0.236065;0.000178015;0.000450828;0.000666652;0.00036687;0.00143465;0.000572517;1;0;0.972235;0;1;0;
37;-0.132207;0.132204;-0.132207;0.132208;-0.132183;0.132208;-0.178598;0.201255;-0.191208;0.199095;-0.141844;0.198999;0.00360839;0.00026271;0.000389732;0.000213818;0.00238803;0.000333926;1;0;1;0;1;0;
38;-0.20502;0.205018;-0.20502;0.205021;-0.205006;0.205021;-0.139335;0.168604;-0.15183;0.16842;-0.081073;0.15994;0.00210897;0.000152897;0.000228615;0.000124346;0.0222985;0.000194459;0.855558;0;1;0;1;0;
39;-0.250954;0.250953;-0.250954;0.250955;-0.250946;0.250955;-0.0798392;0.158415;-0.112562;0.158308;-0.0312259;0.128066;0.0090093;8.8862e-05;0.0149159;7.21527e-05;0.0371797;0.000113354;1;0;1;0;1;0;
40;-0.277083;0.277082;-0.277083;0.277083;-0.277078;0.277083;-0.0146819;0.130239;-0.0551771;0.130177;0.0353785;0.112515;0.0353744;5.13944e-05;0.00871274;0.0136091;0.0702502;6.57284e-05;1;0;1;0.158133;0.941841;0;
41;-0.289951;0.289951;-0.289951;0.289951;-0.289949;0.289951;0.0555855;0.084112;0.049247;0.0840805;0.0511565;0.0737636;0.0308159;0.00498077;0.0539724;0.00819475;0.0410328;0.0186776;1;0.306146;1;0.659872;0.756825;0.734629;
42;-0.293161;0.293161;-0.293161;0.293161;-0.29316;0.293161;0.0667778;0.0183629;0.0608556;0.0171757;0.0618059;0.0111567;0.0179965;0.0265349;0.0315208;0.00478847;0.0239629;0.0242447;0;1;0.521234;0.511816;0;1;
43;-0.287142;0.287142;-0.287142;0.287142;-0.287141;0.287142;0.114295;-0.0645573;0.110836;-0.0652655;0.111391;-0.0687694;0.0105094;0.0326466;0.0184076;0.00279763;0.0139938;0.0265755;0;1;0;0.46519;0;1;
44;-0.270064;0.270065;-0.270064;0.270064;-0.270064;0.270064;0.169343;-0.140284;0.167323;-0.140709;0.167647;-0.142748;0.00613708;0.0190696;0.0107496;0.00163459;0.00817194;0.0155231;0;1;0;0.431496;0;1;
45;-0.241493;0.241494;-0.241493;0.241493;-0.241492;0.241493;0.21023;-0.193251;0.209051;-0.193508;0.20924;-0.194692;0.00358361;0.0111379;0.00627726;0.000954844;0.0047719;0.00906659;0;1;0;0.444066;0;1;
46;-0.202303;0.202304;-0.202303;0.202303;-0.202303;0.202303;0.235256;-0.209362;0.234567;-0.225489;0.234677;-0.226176;0.00209232;0.00650424;0.0036654;0.000557562;0.00278625;0.00529485;0;1;0;0.489725;0;1;
47;-0.150865;0.150865;-0.150865;0.150865;-0.150864;0.150865;0.248672;-0.205594;0.24827;-0.242967;0.248334;-0.231734;0.00122138;0.00379807;0.00214005;0.000325318;0.0016266;0.00309177;0;1;0;0.513633;0;0.953185;
48;-0.0819842;0.0819844;-0.0819842;0.0819842;-0.0819837;0.0819843;0.251609;-0.19793;0.251111;-0.243124;0.25106;-0.226765;0.00071273;0.00221779;0.00124921;0.000189586;0.000949375;0.0018054;0;1;0;0.542848;0;1;
49;0.00835536;-0.0083556;0.00835533;-0.00835539;0.00835621;-0.00835528;0.239821;-0.180819;0.240274;-0.227222;0.233574;-0.214811;0.000415682;0.00129547;0.000729;0.000110534;0.00055386;0.00105428;0;1;0;0.617619;0;1;
50;0.107334;-0.107335;0.107334;-0.107334;0.107335;-0.107334;0.210893;-0.149821;0.211274;-0.19785;0.209912;-0.201644;0.000242242;0.000757509;0.000425209;6.48186e-05;0.000322902;0.000616;0;1;0;0.670084;0;1;
51;0.187851;-0.187852;0.187851;-0.187851;0.187853;-0.187851;0.175092;-0.104448;0.170289;-0.151848;0.174693;-0.165321;0.00014099;0.0157986;0.000247814;0.00431433;0.000188016;0.00102273;0;1;0;0.707416;0;1;
52;0.240616;-0.240617;0.240616;-0.240616;0.240617;-0.240616;0.151944;-0.0471259;0.126075;-0.0918073;0.135824;-0.124728;8.20209e-05;0.0317987;0.000144381;0.0167605;0.000109322;0.00547202;0;0.999901;0;0.976377;0;1;
53;0.271439;-0.271441;0.271439;-0.271439;0.27144;-0.271439;0.133156;0.0210632;0.115709;-0.0289909;0.123742;-0.0735566;4.7446e-05;0.0478973;8.39352e-05;0.0296606;6.3398e-05;0.00319728;0;1;0;0.759127;0;0.903956;
54;0.287466;-0.287468;0.287466;-0.287467;0.287467;-0.287466;0.094962;0.0527469;0.0847681;0.0345364;0.0894593;0.0241372;0.0062918;0.037354;4.88556e-05;0.0376239;3.65919e-05;0.0187567;0.73457;1;0.403462;0.742079;0;1;
55;0.293158;-0.293159;0.293158;-0.293158;0.293158;-0.293158;0.035499;0.0613093;0.0295513;0.0701559;0.034885;0.0757761;0.0137733;0.021815;0.0285049;0.0219729;0.0373723;0.010956;0.761969;0.0534552;1;0.139111;1;0.641487;
56;0.289813;-0.289813;0.289813;-0.289813;0.289813;-0.289813;-0.043411;0.0999475;-0.0468734;0.105114;-0.0437548;0.108396;0.00804494;0.0127394;0.0166595;0.0128316;0.029494;0.00639779;0.757237;0;1;0;1;0;
57;0.275955;-0.275955;0.275955;-0.275955;0.275955;-0.275955;-0.122696;0.155715;-0.12471;0.158732;-0.122886;0.160648;0.00469921;0.00743938;0.00973267;0.00749322;0.0172291;0.00373588;0.478376;0;1;0;1;0;
58;0.250436;-0.250436;0.250436;-0.250436;0.250436;-0.250436;-0.181739;0.201023;-0.18291;0.202785;-0.181841;0.203904;0.00274478;0.00434411;0.00568531;0.00437556;0.0100636;0.00218129;0.685527;0;1;0;1;0;
59;0.214179;-0.214179;0.214179;-0.214179;0.214179;-0.214179;-0.218642;0.229905;-0.219321;0.230934;-0.213453;0.231587;0.00160297;0.00253643;0.00332036;0.00255482;0.00587703;0.00127338;0.723796;0;1;0;1;0;
60;0.166496;-0.166496;0.166496;-0.166496;0.166496;-0.166496;-0.239436;0.246014;-0.229229;0.246615;-0.207767;0.246997;0.000935894;0.00148074;0.00193865;0.00149146;0.00343175;0.000743116;0.778542;0;1;0;1;0;
61;0.103062;-0.103062;0.103062;-0.103062;0.103063;-0.103062;-0.245687;0.253257;-0.226228;0.253608;-0.199366;0.253831;0.000546141;0.000864191;0.00113189;0.000870462;0.00200389;0.000433422;0.80301;0;1;0;1;0;
62;0.0184136;-0.0184146;0.0184137;-0.0184137;0.0184152;-0.0184137;-0.232413;0.238047;-0.218587;0.243833;-0.181577;0.243971;0.000318686;0.000504125;0.000660895;0.000507811;0.00117075;0.000252577;0.896656;0;1;0;1;0;
63;-0.0808911;0.0808898;-0.080891;0.080891;-0.080889;0.080891;-0.205059;0.215357;-0.204817;0.226385;-0.154904;0.225858;0.000186203;0.000293875;0.0003862;0.000296016;0.00277353;0.000146946;0.972094;0;1;0;1;0;
64;-0.168493;0.168492;-0.168493;0.168493;-0.168492;0.168493;-0.165171;0.183549;-0.176958;0.218448;-0.117098;0.212877;0.000109628;0.000171109;0.000226282;0.000172367;0.0126183;8.53408e-05;1;0;1;0;1;0;
65;-0.228615;0.228615;-0.228615;0.228615;-0.228614;0.228615;-0.112084;0.147682;-0.139042;0.197842;-0.0543713;0.194589;0.00530476;9.94267e-05;0.00724472;0.00010019;0.028363;4.93112e-05;1;0;1;0;1;0;
66;-0.264692;0.264691;-0.264691;0.264691;-0.264691;0.264691;-0.0553526;0.136887;-0.0888647;0.16618;0.00823421;0.16428;0.0193813;5.76125e-05;0.00423253;5.8076e-05;0.0435213;2.83634e-05;1;0;0.990832;0;1;0;
67;-0.284217;0.284216;-0.284216;0.284216;-0.284217;0.284216;0.0272745;0.105497;-0.0106229;0.122607;0.0519094;0.121495;0.0460055;3.31788e-05;0.0146018;0.0200808;0.0368481;1.61632e-05;1;0;0.993338;0.307919;1;0;
68;-0.292489;0.292489;-0.292489;0.292489;-0.292489;0.292489;0.0578135;0.0529632;0.0714203;0.0629526;0.0706859;0.0632177;0.0268698;0.0208936;0.040133;0.0117298;0.0215231;0.0379328;0.672913;0.759616;0.860368;0.574228;0.706956;1;
69;-0.291686;0.292859;-0.291686;0.291686;-0.291738;0.291741;0.0858615;-0.0211524;0.0938079;-0.0153336;0.0933789;-0.0151674;0.0156914;0.0289651;0.0234371;0.00685175;0.012569;0.02216;0;1;0;0.373586;0;1;
70;-0.280941;0.281626;-0.280941;0.280941;-0.280971;0.280973;0.140528;-0.102725;0.145169;-0.0993389;0.144918;-0.099233;0.00916335;0.0214172;0.0136868;0.00400252;0.00733982;0.0135915;0;1;0;0.575671;0;1;
71;-0.258577;0.258977;-0.258577;0.258577;-0.258595;0.258596;0.190173;-0.168085;0.192883;-0.166118;0.192737;-0.166049;0.00535092;0.0125102;0.00799257;0.00233805;0.00428597;0.00793949;0;1;0;0.447181;0;1;
72;-0.225211;0.225446;-0.225211;0.225211;-0.225222;0.225223;0.223384;-0.210475;0.224966;-0.209335;0.224881;-0.20929;0.00312443;0.00730633;0.00466714;0.00136555;0.0025025;0.00463715;0;1;0;0.474964;0;1;
73;-0.180948;0.181085;-0.180948;0.180948;-0.180954;0.180954;0.242576;-0.206174;0.2435;-0.23437;0.24345;-0.233346;0.00182413;0.00426645;0.00272506;0.000797308;0.00146092;0.00270777;0;1;0;0.504983;0;1;
74;-0.12247;0.12255;-0.12247;0.12247;-0.122473;0.122473;0.25198;-0.201359;0.25252;-0.247187;0.25249;-0.2284;0.00106474;0.00249122;0.00159088;0.000465264;0.000852613;0.00158098;0;1;0;0.529325;0;1;
75;-0.0438946;0.0439417;-0.0438946;0.0438946;-0.0438968;0.0438969;0.246821;-0.192046;0.247131;-0.236839;0.245718;-0.223215;0.000621255;0.00145476;0.000928511;0.000271379;0.000497354;0.000923123;0;1;0;0.579212;0;1;
76;0.0534503;-0.0534225;0.0534503;-0.0534503;0.053449;-0.053449;0.23187;-0.167443;0.232754;-0.213646;0.221768;-0.209618;0.000362271;0.000850362;0.000541704;0.000158466;0.000289897;0.00053921;0;1;0;0.640808;0;1;
77;0.146925;-0.146909;0.146925;-0.146925;0.146924;-0.146924;0.196294;-0.137608;0.198374;-0.174478;0.196228;-0.184999;0.000211263;0.00736636;0.000316051;9.31292e-05;0.000168798;0.00031544;0;1;0;0.695968;0;1;
78;0.214778;-0.214769;0.214778;-0.214778;0.214778;-0.214778;0.152545;-0.0752933;0.154182;-0.124232;0.163454;-0.148132;0.00012277;0.0252398;0.000183929;0.00536026;9.80334e-05;0.000185238;0;1;0;0.761284;0;1;
79;0.256704;-0.256699;0.256704;-0.256704;0.256704;-0.256704;0.140819;-0.0185555;0.142025;-0.0752976;0.151914;-0.104348;7.13508e-05;0.0330255;0.000107069;0.0169485;5.67923e-05;0.00908466;0;1;0;0.64322;0;0.960171;
80;0.280131;-0.280129;0.280131;-0.280132;0.280131;-0.280131;0.118337;0.042759;0.116155;0.0112967;0.12193;-0.0312673;0.0313648;0.0478811;6.20881e-05;0.052867;3.27071e-05;0.00860682;1;1;0;0.964305;0;0.827373;
81;0.29115;-0.291149;0.29115;-0.29115;0.29115;-0.29115;0.0709664;0.062124;0.0696917;0.052559;0.0730624;0.0542961;0.0183193;0.0279684;0.0304445;0.0308796;0.00820796;0.0423387;0.594133;1;1;0.6868;0.603414;1;
82;0.292813;-0.292813;0.292813;-0.292813;0.292813;-0.292813;0.00173861;0.0759876;0.00100363;0.0704022;0.00624815;0.0714172;0.0107005;0.0163331;0.0222391;0.0180335;0.0277956;0.0247258;0.558252;0;1;0;1;0.122089;
83;0.285021;-0.285021;0.285021;-0.285021;0.285022;-0.285021;-0.0806381;0.126031;-0.0810573;0.122769;-0.0779908;0.123362;0.00625023;0.00953805;0.0173795;0.0105311;0.0242846;0.0144393;0.62152;0;1;0;0.965292;0;
84;0.265889;-0.265889;0.265889;-0.265889;0.26589;-0.265889;-0.152217;0.178727;-0.152455;0.176823;-0.150661;0.177169;0.00365085;0.00556975;0.0101522;0.0061497;0.0141856;0.00843212;0.661635;0;1;0;1;0;
85;0.23544;-0.23544;0.23544;-0.23544;0.235441;-0.23544;-0.200737;0.216219;-0.20087;0.215107;-0.199819;0.215309;0.00213234;0.00325223;0.00592974;0.00359093;0.00828526;0.00492385;0.703306;0;1;0;1;0;
86;0.194343;-0.194343;0.194344;-0.194343;0.194344;-0.194343;-0.229611;0.238654;-0.229685;0.238004;-0.20756;0.238122;0.00124516;0.00189876;0.00346278;0.00209659;0.00483814;0.00287502;0.746053;0;1;0;1;0;
87;0.140326;-0.140326;0.140326;-0.140326;0.140327;-0.140326;-0.245031;0.250313;-0.229786;0.249934;-0.203794;0.250003;0.000726855;0.00110832;0.0020219;0.00122386;0.00282507;0.00167844;0.777038;0;1;0;1;0;
88;0.0677847;-0.067785;0.0677848;-0.0677847;0.0677854;-0.0677847;-0.23981;0.251221;-0.225237;0.249842;-0.194109;0.250201;0.000424081;0.000646698;0.00118054;0.000714183;0.00164968;0.000979653;0.836745;0;1;0;1;0;
89;-0.0257065;0.0257061;-0.0257064;0.0257065;-0.0257054;0.0257065;-0.222629;0.228076;-0.212913;0.237243;-0.171417;0.237095;0.00024754;0.000377111;0.000689458;0.000416539;0.000964279;0.000571574;0.936303;0;1;0;1;0;
90;-0.123252;0.123251;-0.123251;0.123252;-0.123251;0.123252;-0.191146;0.204481;-0.195984;0.203085;-0.145441;0.203209;0.000144954;0.000219675;0.00040303;0.000242745;0.000564456;0.000333271;1;0;1;0;1;0;
91;-0.198942;0.198942;-0.198942;0.198942;-0.198942;0.198942;-0.141402;0.168578;-0.155436;0.168902;-0.0880212;0.168194;0.0101932;0.000127757;0.00415107;0.000141269;0.0129684;-0.0049365;1;0;0.828464;0;1;0;
92;-0.247327;0.247327;-0.247327;0.247327;-0.247327;0.247327;-0.0870554;0.131895;-0.113229;0.156341;-0.0322904;0.148705;0.0112913;7.41692e-05;0.00242569;8.20852e-05;0.0376648;-0.00288327;1;0;0.959714;0;1;0;
93;-0.275124;0.275123;-0.275123;0.275123;-0.275124;0.275124;-0.0100989;0.117281;-0.0591059;0.131558;0.0330626;0.127098;0.0439325;4.28845e-05;0.0122838;0.00804298;0.0483435;-0.00168428;1;0;1;0.191482;1;0;
94;-0.289121;0.289121;-0.289121;0.289121;-0.289121;0.289121;0.0421576;0.0800087;0.0391782;0.0883519;0.0585942;0.0857434;0.0256628;2.46209e-05;0.0256946;0.0111663;0.0282397;0.00909518;1;0.0101709;1;0.462433;1;0.625991;
95;-0.293238;0.293238;-0.293238;0.293238;-0.293239;0.293238;0.0562742;0.0259613;0.0697025;0.0241438;0.0533154;0.0226283;0.0149873;0.0245051;0.0150064;0.00652344;0.0164919;0.0214601;0.34463;1;0.486554;0.409117;0.206584;1;
96;-0.288223;0.287576;-0.288223;0.288223;-0.288224;0.288223;0.104186;-0.0561448;0.112028;-0.0572212;0.102458;-0.0580954;0.00875213;0.0360576;0.00876325;0.00381097;0.00963085;0.0195838;0;1;0;0.396087;0;1;
97;-0.27234;0.271962;-0.27234;0.27234;-0.27234;0.27234;0.161691;-0.133623;0.166271;-0.134263;0.160682;-0.134766;0.00511082;0.021062;0.00511731;0.00222647;0.00562397;0.0114402;0;1;0;0.565787;0;1;
98;-0.244882;0.244661;-0.244882;0.244882;-0.244882;0.244882;0.205372;-0.188971;0.208047;-0.189353;0.204783;-0.189641;0.00298424;0.0123017;0.00298803;0.00130061;0.00328392;0.00668234;0;1;0;0.595329;0;1;
