1;-0.000363588;0.000116064;9.94838e-05;-0.000363588;0.000116064;9.94838e-05;0.0349769;0.0347456;0.0352595;0.0349769;0.0347456;0.0352595;0.808667;0.808665;0.808666;0.808667;0.808665;0.808666;0;0;0;0;0;0;
2;0.00540162;0.00731575;0.00630283;-0.00676258;-0.00628186;-0.00479874;0.130031;0.133959;0.139435;0.114007;0.113634;0.184133;0.472332;0.472335;0.472339;0.472324;0.472322;0.472383;1;1;1;1;1;0;
3;0.00580306;0.00738175;0.00493919;-0.00856793;-0.00726322;-0.00338679;0.0917408;0.102108;0.108356;0.0924086;0.0968599;0.110444;0.275863;0.275866;0.275875;0.275857;0.275862;0.275905;1;1;1;1;1;0.952718;
4;0.00442048;0.00289203;-0.00341147;-0.00563818;-0.00360674;-0.000349588;0.0744549;0.0783779;0.0801894;0.0772269;0.0795777;0.0811213;0.161119;0.161123;0.161129;0.161116;0.161119;0.161146;1;1;1;1;1;1;
5;0.00345782;0.0012121;-0.00111656;-0.00416875;-0.00123025;-0.000581857;0.0587451;0.0640292;0.066124;0.0630517;0.0652873;0.0679402;0.0941049;0.0941075;0.0941114;0.0941033;0.0941056;0.0941214;1;1;1;1;1;1;
6;0.00206563;0.00119602;0.000425581;-0.00354192;0.000388979;-0.00139862;0.047075;0.0534389;0.0516177;0.0498515;0.0513357;0.054434;0.0549653;0.0549676;0.0549699;0.0549647;0.0549666;0.0549759;1;1;1;1;1;1;
7;0.00198342;-0.000196077;0.00149156;-0.0033118;0.00147029;-0.00206001;0.0383895;0.0438934;0.0421085;0.0423629;0.0422343;0.0460944;0.0321058;0.0321074;0.0321089;0.0321053;0.0321071;0.0321124;1;1;1;1;1;1;
8;0.00227141;-0.00124773;0.00200453;-0.00306768;0.00199219;-0.00233658;0.0318305;0.038254;0.0356374;0.038215;0.0362329;0.0418474;0.0187546;0.0187552;0.0187567;0.0187538;0.0187559;0.0187584;1;1;1;1;1;1;
9;0.0018649;-0.000424254;0.00170903;-0.00232995;0.00170191;-0.00190296;0.0264912;0.0359524;0.0303231;0.0366497;0.0322252;0.0404349;0.0109568;0.0109562;0.0109583;0.0109556;0.0109581;0.0109586;1;1;1;1;1;1;
10;0.000193959;0.000647423;0.000102965;-0.000465572;9.90213e-05;-0.000216204;0.0224311;0.0345303;0.0260472;0.0369639;0.0292776;0.0408572;0.00640242;0.00640079;0.00684445;0.00640074;0.00769185;0.00640291;1;1;1;1;1;1;
11;-0.00353249;0.00402356;-0.00358555;0.00337381;-0.00358766;0.00351946;0.018615;0.0341833;0.0219263;0.0383803;0.0269869;0.0423588;0.00532864;0.00373985;0.00585812;0.00374018;0.00734097;0.00374196;1;1;1;1;1;1;
12;-0.0103622;0.0106484;-0.0103929;0.0102695;-0.0103938;0.0103545;0.0160195;0.0343134;0.0189918;0.0399755;0.0253382;0.0440817;0.00499782;0.00218551;0.0049026;0.00218606;0.00772082;0.00218778;1;1;1;1;1;1;
13;-0.0215087;0.0216748;-0.0215262;0.0214544;-0.0215262;0.021504;0.0149949;0.0340732;0.0170493;0.0405451;0.0247793;0.0445742;0.00521793;0.00127777;0.00400059;0.00127829;0.00736618;0.00151632;1;1;1;1;1;1;
14;-0.0380562;0.0381516;-0.0380659;0.0380243;-0.0380651;0.0380532;0.0178333;0.0331489;0.019197;0.0376152;0.0256079;0.0417577;0.00486097;0.000748178;0.00233891;0.000748274;0.00577527;0.00272189;1;1;1;1;1;1;
15;-0.0603044;0.0603579;-0.0603091;0.0602855;-0.0603079;0.0603023;0.0269933;0.0301766;0.0282117;0.0290949;0.028715;0.0334939;0.00545149;0.00526402;0.00136757;0.000754236;0.00337463;0.00500695;1;1;1;1;1;1;
16;-0.0867318;0.0867606;-0.086734;0.0867207;-0.0867321;0.0867303;0.0461741;0.0245196;0.0490822;0.0112796;0.0356911;0.0169586;0.00318522;0.0135294;-0.00302124;0.00505488;0.00197009;0.0109133;1;1;1;1;1;1;
17;-0.113115;0.113129;-0.113115;0.113109;-0.113117;0.113115;0.0598449;0.00718337;0.0615442;-0.0262827;0.0537203;-0.018953;0.00186189;0.0293061;-0.00176377;0.0131697;0.000696386;0.0237953;1;1;1;1;0.985904;1;
18;-0.132798;0.132805;-0.132798;0.132795;-0.1328;0.132797;0.0965142;-0.0184284;0.0975067;-0.076908;0.0929374;-0.0726228;0.00108698;0.0529503;-0.00103064;0.0138175;0.000406295;0.0212001;0.683307;1;1;1;0;1;
19;-0.138311;0.138315;-0.13831;0.138308;-0.138311;0.13831;0.144147;-0.0757802;0.144727;-0.13269;0.142058;-0.130182;0.000634405;0.0621743;-0.000602294;0.0223781;0.000236848;0.028829;0;1;0;1;0;1;
20;-0.123566;0.123568;-0.123566;0.123564;-0.123566;0.123565;0.186306;-0.120664;0.186644;-0.179608;0.185086;-0.178139;0.000370072;0.0503586;-0.000352158;0.016976;0.000137864;0.0187077;0;1;0;1;0;1;
21;-0.0843848;0.0843862;-0.0843848;0.0843832;-0.0843851;0.084384;0.215124;-0.151488;0.215321;-0.211207;0.214411;-0.207229;0.000215653;0.0332879;-0.000206139;0.0103579;8.00275e-05;0.0109293;0;1;0;1;0;1;
22;-0.0173044;0.0173053;-0.0173044;0.0173035;-0.0173046;0.0173042;0.23065;-0.171385;0.230766;-0.221771;0.230234;-0.210016;0.000125452;0.0194455;-0.000120879;0.00605133;4.62244e-05;0.00638408;0;1;0;1;0;1;
23;0.0725457;-0.0725448;0.0725457;-0.0725462;0.0725457;-0.0725457;0.229476;-0.170145;0.229464;-0.208848;0.229919;-0.203647;7.28085e-05;0.0113566;-7.1061e-05;0.00353411;2.64577e-05;0.00372881;0;1;0;1;0;1;
24;0.159619;-0.159619;0.159619;-0.159619;0.159619;-0.159619;0.222714;-0.145584;0.222707;-0.179938;0.222973;-0.18554;4.20334e-05;0.00663033;-4.19878e-05;-0.00365357;1.49088e-05;-0.00167237;0;1;0;1;0;1;
25;0.222491;-0.222492;0.222491;-0.222491;0.222491;-0.222491;0.203309;-0.109622;0.203305;-0.133649;0.20346;-0.151412;2.4077e-05;-0.00573554;-2.4993e-05;-0.013671;8.18052e-06;-0.00902817;0;1;0;1;0;1;
26;0.261128;-0.26113;0.261128;-0.261129;0.261128;-0.261129;0.173067;-0.071321;0.173064;-0.0722464;0.173155;-0.115249;1.35811e-05;-0.0241035;-1.50756e-05;-0.0118116;4.31325e-06;-0.00527401;0;1;0;1;0;1;
27;0.282492;-0.282496;0.282493;-0.282495;0.282493;-0.282495;0.131534;-0.0128913;0.13153;-0.0214359;0.131583;-0.0977639;8.85605e-06;-0.0326127;-9.19192e-06;-0.0159048;2.03573e-06;-0.00307966;1;1;0;1;0;1;
28;0.291671;-0.292159;0.292155;-0.292872;0.292155;-0.292157;0.074899;0.0296118;0.0748904;0.0414664;0.0749218;-0.0551677;0.0122045;-0.0193925;-5.5053e-06;-0.011115;1.23349e-06;-0.00517771;1;1;0.546564;1;0.777696;1;
29;0.281226;-0.310225;0.287153;-0.300301;0.277294;-0.300589;-0.000529367;0.0615732;-0.000540575;0.0684984;-0.000516855;0.0120678;0.0325451;-0.0113779;0.0180121;-0.00649078;0.0625121;-0.00428162;1;0.866884;1;1;1;1;
30;0.26257;-0.293982;0.280502;-0.288186;0.253572;-0.288355;-0.0853732;0.12103;-0.0853743;0.125074;-0.0524539;0.0921192;0.0258131;-0.00664509;0.0303988;-0.00379097;0.0753533;-0.00365888;1;0;1;0;1;0;
31;0.250996;-0.269342;0.26147;-0.265958;0.242575;-0.266056;-0.156208;0.177039;-0.156201;0.179401;-0.102824;0.160155;0.0293867;-0.00388115;0.0388886;-0.00221431;0.0736436;-0.00213718;1;0;1;0;1;1;
32;0.224578;-0.235295;0.230697;-0.233318;0.21966;-0.233376;-0.20328;0.215451;-0.20327;0.216831;-0.148954;0.205591;0.0172798;-0.00226706;0.0229462;-0.0012936;0.0488225;-0.00124853;1;0;1;0;1;0;
33;0.185325;-0.191585;0.1889;-0.19043;0.182453;-0.190464;-0.23101;0.238123;-0.220697;0.238928;-0.177704;0.232364;0.0100952;-0.00132446;0.0134032;-0.000755955;0.0285211;-0.00072962;1;0;1;0;1;0;
34;0.131465;-0.13512;0.133552;-0.134446;0.129787;-0.134466;-0.244497;0.249784;-0.222662;0.250255;-0.193163;0.246422;0.00589726;-0.00077402;0.0078282;-0.00044199;0.0166594;-0.000426603;1;0;1;0;1;0;
35;0.057743;-0.059878;0.0589628;-0.0594843;0.0567639;-0.0594958;-0.238862;0.249216;-0.221025;0.249378;-0.19751;0.249463;0.00344363;-0.000452578;0.00457175;-0.000258619;0.00972874;-0.000249639;1;0;1;0;1;0;
36;-0.0367598;0.0355129;-0.0360469;0.0357427;-0.037331;0.035736;-0.223023;0.230404;-0.214273;0.23306;-0.18688;0.233415;0.00200972;-0.000264873;0.00266914;-0.000151545;0.00567914;-0.000146308;1;0;1;0;1;0;
37;-0.132699;0.131971;-0.132283;0.132105;-0.133033;0.132101;-0.193009;0.206868;-0.195527;0.207161;-0.160068;0.206431;-0.00927405;-0.000155248;-0.0080563;-8.89772e-05;-0.00771298;-8.59295e-05;1;0;1;0;1;0;
38;-0.205308;0.204882;-0.205065;0.204961;-0.205504;0.204958;-0.145396;0.198775;-0.161237;0.198946;-0.13275;0.198519;-0.0122732;-9.11652e-05;-0.00770363;-5.24226e-05;-0.0191306;-5.06452e-05;1;0;1;0;1;0;
39;-0.251124;0.250874;-0.250982;0.25092;-0.251239;0.250918;-0.0963469;0.176035;-0.128801;0.176135;-0.0885856;0.175886;-0.011198;-5.37068e-05;-0.00450078;-3.10775e-05;-0.0272676;-3.00399e-05;1;0;1;0;1;0;
40;-0.277183;0.277036;-0.2771;0.277063;-0.277251;0.277062;-0.0401251;0.140528;-0.112793;0.140587;-0.0254537;0.140441;-0.0131841;-3.18194e-05;-0.0026284;-1.82653e-05;-0.0316387;-1.79585e-05;1;0;1;0.284427;1;0;
41;-0.290012;0.289924;-0.289963;0.289938;-0.290051;0.289939;0.0309902;0.0901203;-0.0739201;0.0901604;0.014847;0.0900692;-0.0128747;-1.89661e-05;-0.00277986;0.00799179;-0.0224253;-1.08581e-05;1;0;1;1;1;0;
42;-0.300311;0.286506;-0.293169;0.283618;-0.313109;0.293154;0.0500333;0.0207039;-0.0112344;0.0207318;0.0406009;0.0206719;-0.00751627;0.0344731;-0.00480147;0.0303534;-0.013101;0.0133378;1;1;1;1;1;1;
43;-0.291318;0.260311;-0.287148;0.266058;-0.298792;0.283342;0.104516;-0.0409179;0.0687376;-0.0631818;0.0990076;-0.0632139;-0.0043898;0.0697322;-0.00477604;0.0260203;-0.00765136;0.0234439;1;1;1;1;0;1;
44;-0.272503;0.232259;-0.270068;0.25691;-0.276868;0.267844;0.163632;-0.102868;0.142737;-0.139487;0.160415;-0.139496;-0.00256403;0.0667779;-0.00278958;0.0243168;-0.00446881;0.0420147;0;1;0;1;0;1;
45;-0.242917;0.219412;-0.241494;0.233808;-0.245466;0.240196;0.206895;-0.145485;0.194693;-0.192788;0.205016;-0.192789;-0.00149783;0.0491824;-0.00162952;0.0152741;-0.00261021;0.0245437;0;1;0;1;0;1;
46;-0.203134;0.189407;-0.202304;0.197814;-0.204623;0.201545;0.233308;-0.173037;0.226182;-0.225065;0.232211;-0.221004;-0.000875218;0.0287734;-0.000952126;0.00892389;-0.00152484;0.0143366;0;1;0;1;0;1;
47;-0.15135;0.143333;-0.150865;0.148243;-0.15222;0.150422;0.247534;-0.192186;0.243373;-0.242605;0.246894;-0.224174;-0.000511628;0.0168077;-0.000556541;0.00521382;-0.000891039;0.00837331;0;1;0;1;0;1;
48;-0.0822676;0.0775857;-0.0819844;0.080453;-0.0827753;0.081726;0.252609;-0.198698;0.250861;-0.241632;0.252447;-0.223217;-0.000299297;0.00981582;-0.000325533;0.0030449;-0.000520912;0.00488998;0;1;0;1;0;1;
49;0.00819013;-0.0109239;0.00835555;-0.00924985;0.00789361;-0.00850615;0.238767;-0.192416;0.240056;-0.228725;0.234793;-0.218346;-0.000175305;0.00573026;-0.000190627;0.00177709;-0.00030478;0.00285494;0;1;0;1;0;1;
50;0.107238;-0.108834;0.107334;-0.107857;0.107065;-0.107422;0.213924;-0.169113;0.212827;-0.202632;0.215206;-0.202994;-0.000102869;-0.00908706;-0.000111832;-0.0069482;-0.00017854;-0.00574691;0;1;0;1;0;1;
51;0.187796;-0.188729;0.187852;-0.188157;0.187695;-0.187904;0.2073;-0.139538;0.206641;-0.161915;0.208049;-0.174108;-6.05239e-05;-0.0165038;-6.57633e-05;-0.0121605;-0.000104791;-0.0125247;0;1;0;1;0;1;
52;0.240584;-0.241131;0.240617;-0.240796;0.240525;-0.240648;0.186304;-0.102873;0.185919;-0.10764;0.186741;-0.14194;-3.55923e-05;-0.0229921;-3.89031e-05;-0.0147977;-6.16523e-05;-0.00731672;0.614078;1;0;1;0;1;
53;0.27142;-0.271742;0.27144;-0.271545;0.271386;-0.271459;0.153227;-0.0598306;0.152998;-0.0652998;0.153478;-0.119475;0.000413365;-0.0266034;-2.31302e-05;-0.0121876;-3.65029e-05;-0.00427334;1;1;0;1;0;1;
54;0.287455;-0.287646;0.287467;-0.28753;0.287435;-0.287479;0.106682;0.00208033;0.106544;-0.0159028;0.106825;-0.0869653;0.000243407;-0.0217428;-1.39086e-05;-0.0160657;-2.16977e-05;-0.0030379;0;1;0;1;0;1;
55;0.288128;-0.315527;0.293158;-0.293196;0.29314;-0.293166;0.0423451;0.0211823;0.0422584;0.0118928;0.0424218;-0.0308202;0.0164397;-0.0126999;0.00212135;-0.00937879;-1.22986e-05;-0.00385687;1;1;1;1;1;1;
56;0.272245;-0.302877;0.279898;-0.29017;0.272672;-0.289818;-0.0394058;0.0765131;-0.0394557;0.0710891;-0.0219681;0.0461476;0.0245069;-0.0174684;0.0190078;-0.00547798;0.066564;-0.00533797;1;0.0108267;1;0.766721;1;1;
57;0.265517;-0.283585;0.270163;-0.276164;0.236807;-0.275958;-0.120352;0.142029;-0.120373;0.138861;-0.0819044;0.124295;0.0263474;-0.0102019;0.0408725;-0.00319948;0.0736239;-0.00311784;0.757574;0;1;0;1;0;
58;0.244338;-0.254892;0.247052;-0.250558;0.227428;-0.250438;-0.180364;0.19303;-0.18037;0.191181;-0.125787;0.182674;0.0242581;-0.00595835;0.0264671;-0.00186892;0.0626901;-0.00182121;1;0;1;0;1;0;
59;0.210617;-0.216781;0.212202;-0.21425;0.200741;-0.21418;-0.217834;0.225237;-0.216133;0.224157;-0.164393;0.219189;0.0143903;-0.00348013;0.0154615;-0.0010919;0.0392943;-0.00106404;1;0;1;0;1;0;
60;0.164416;-0.168015;0.165341;-0.166537;0.158647;-0.166497;-0.238961;0.243288;-0.223915;0.242657;-0.187566;0.239756;0.0084069;-0.0020329;0.00903074;-0.00063816;0.0229535;-0.000621891;1;0;1;0;1;0;
61;0.101847;-0.103949;0.102388;-0.103086;0.0984785;-0.103062;-0.243164;0.251665;-0.223205;0.251297;-0.197364;0.249603;0.00491029;-0.00118775;0.00527411;-0.000373195;0.013406;-0.000363696;1;0;1;0;1;0;
62;0.0177046;-0.0189323;0.0180208;-0.0184283;0.0157379;-0.0184143;-0.233596;0.242271;-0.219764;0.243519;-0.194841;0.244864;0.00286676;-0.000694208;0.00307966;-0.000218455;0.00782755;-0.000212901;1;0;1;0;1;0;
63;-0.0813049;0.0805879;-0.0811201;0.0808822;-0.0824532;0.0808904;-0.211785;0.219443;-0.207842;0.223036;-0.175897;0.223539;-0.00135669;-0.000405961;-0.00200705;-0.000128082;-0.00132171;-0.000124858;1;0;1;0;1;0;
64;-0.168735;0.168316;-0.168627;0.168488;-0.169406;0.168493;-0.173974;0.187893;-0.181482;0.216757;-0.14695;0.217051;-0.0134368;-0.000237627;-0.0171456;-7.52666e-05;-0.0150964;-7.3391e-05;1;0;1;0;1;0;
65;-0.228757;0.228512;-0.228694;0.228612;-0.22915;0.228615;-0.124065;0.179998;-0.14929;0.196855;-0.114253;0.197027;-0.0138938;-0.000139242;-0.0100151;-4.44221e-05;-0.0190097;-4.33289e-05;1;0;1;0;1;0;
66;-0.264775;0.264631;-0.264739;0.26469;-0.265005;0.264691;-0.0738237;0.15576;-0.137696;0.165604;-0.0572454;0.165704;-0.0118741;-8.17828e-05;-0.00584858;-2.63759e-05;-0.0304577;-2.57468e-05;1;0;1;0;1;0;
67;-0.284267;0.284181;-0.284246;0.284215;-0.284403;0.284217;-0.0163658;0.116521;-0.105969;0.12227;-0.00112434;0.122326;-0.0172361;-4.69654e-05;-0.00430528;0.00273751;-0.0285303;-1.54291e-05;1;1;1;1;1;0;
68;-0.292576;0.292468;-0.292507;0.291381;-0.2926;0.292489;0.00906343;0.0593964;-0.0532298;0.0627585;0.0392718;0.0627844;-0.0100642;0.00418298;-0.00897494;0.0188787;-0.0179526;-8.5742e-06;1;1;1;1;1;1;
69;-0.293893;0.272475;-0.29048;0.282049;-0.301632;0.28487;0.0573934;-0.0128822;0.021018;-0.0154389;0.0750326;-0.0154265;-0.00587728;0.0608685;-0.00664008;0.0244301;-0.017472;0.0140022;0.263887;1;1;1;0.581682;1;
70;-0.28223;0.246508;-0.280237;0.275312;-0.286749;0.276959;0.123903;-0.0716906;0.10266;-0.0993951;0.134204;-0.0993809;-0.0034327;0.0679762;-0.00523522;0.0253993;-0.010204;0.0350674;1;1;0.824352;1;0;1;
71;-0.25933;0.238466;-0.258166;0.255288;-0.261969;0.256251;0.180464;-0.126828;0.168058;-0.166145;0.18648;-0.16613;-0.00200508;0.0579307;-0.00305775;0.0237273;-0.00595957;0.024826;0;1;0;1;0;1;
72;-0.225651;0.213465;-0.224971;0.22329;-0.227193;0.223852;0.217713;-0.162129;0.210468;-0.209346;0.221227;-0.209333;-0.00117141;0.0375717;-0.00178616;0.013949;-0.00348084;0.0145032;0;1;0;1;0;1;
73;-0.181205;0.174088;-0.180808;0.179825;-0.182105;0.180154;0.239265;-0.185374;0.235033;-0.234374;0.241316;-0.225351;-0.0006846;0.0219483;-0.00104361;0.00814932;-0.0020333;0.00847134;0;1;0;1;0;1;
74;-0.12262;0.118463;-0.122388;0.121814;-0.123145;0.122006;0.250046;-0.197841;0.247575;-0.244603;0.251244;-0.22501;-0.000400314;0.0128195;-0.000609974;0.00476043;-0.00118799;0.00494729;0;1;0;1;0;1;
75;-0.0439823;0.0415553;-0.043847;0.043512;-0.0442893;0.0436244;0.247768;-0.198551;0.247728;-0.237781;0.24834;-0.221734;-0.000234276;0.0074853;-0.000356723;0.00277948;-0.000694337;0.00288883;0;1;0;1;0;1;
76;0.053399;-0.054816;0.0534781;-0.0536737;0.0532198;-0.0536079;0.230563;-0.185636;0.230952;-0.217604;0.225779;-0.210923;-0.000137338;-0.00188279;-0.000208853;0.00161224;-0.000406051;-0.000159845;0;1;0;1;0;1;
77;0.146895;-0.147723;0.146941;-0.147056;0.146791;-0.147017;0.221821;-0.157054;0.222808;-0.185536;0.199669;-0.190501;-8.06417e-05;-0.0162278;-0.000122422;-0.0116828;-0.000237679;-0.0136449;0;1;0;1;0;1;
78;0.214761;-0.215246;0.214788;-0.214855;0.2147;-0.214833;0.204602;-0.126645;0.205178;-0.138946;0.191665;-0.158679;-4.75853e-05;-0.0182108;-7.19819e-05;-0.0126101;-0.000139292;-0.00797065;0;1;0;1;0;1;
79;0.256694;-0.25698;0.25671;-0.25675;0.256659;-0.256737;0.175946;-0.0886266;0.176281;-0.082614;0.168389;-0.117804;-2.71851e-05;-0.0299871;-4.25211e-05;-0.0113704;-8.18033e-05;-0.00950258;1;1;0;1;0;1;
80;0.280123;-0.280293;0.280135;-0.280159;0.280105;-0.280152;0.13597;-0.0400458;0.13616;-0.0462185;0.131552;-0.101512;0.00253646;-0.0196912;-2.52137e-05;-0.010413;-4.82424e-05;-0.00555032;1;1;0;1;0;1;
81;0.291144;-0.291246;0.291152;-0.291167;0.291135;-0.291163;0.0812628;0.0222235;0.081372;-0.020177;0.0786788;-0.0611352;0.00410851;-0.0232656;0.00013913;-0.00608237;-2.85135e-05;-0.00640251;0.562559;1;1;1;0;1;
82;0.284801;-0.312182;0.288605;-0.304279;0.283305;-0.304823;0.00775721;0.0526855;0.00781799;0.0279298;0.00624482;0.0040091;0.0222953;-0.0158412;0.018103;-0.0035506;0.042763;-0.00515928;1;0.421671;1;1;1;1;
83;0.280007;-0.296333;0.280297;-0.291717;0.256436;-0.292035;-0.0771177;0.112422;-0.0770765;0.0979654;-0.0500304;0.0839964;0.0213941;-0.00925167;0.0290991;-0.00207396;0.07068;-0.00361991;0.920544;1;1;0;1;1;
84;0.26296;-0.272495;0.263129;-0.2698;0.247535;-0.269986;-0.150155;0.17078;-0.150123;0.162337;-0.102793;0.154179;0.0282575;-0.00540338;0.0342768;-0.00121157;0.0736486;-0.00211442;0.947038;0;1;0;1;0;
85;0.233728;-0.239298;0.233826;-0.237724;0.22472;-0.237833;-0.199527;0.211578;-0.199407;0.206648;-0.141407;0.201884;0.0177887;-0.00315602;0.0200251;-0.000707988;0.0527254;-0.00123524;1;0;1;0;1;0;
86;0.193343;-0.196596;0.1934;-0.195677;0.188082;-0.195741;-0.228901;0.235944;-0.21816;0.233064;-0.175177;0.230282;0.0103927;-0.0018436;0.0116978;-0.000413943;0.0308013;-0.000721862;1;0;1;0;1;0;
87;0.139742;-0.141642;0.139775;-0.141105;0.136669;-0.141142;-0.244209;0.24873;-0.222637;0.247049;-0.191465;0.245424;0.00607116;-0.0010772;0.00683254;-0.000242243;0.0179916;-0.000422067;1;0;1;0;1;0;
88;0.067444;-0.0685533;0.0674631;-0.0682398;0.0656498;-0.0682614;-0.240586;0.250847;-0.220421;0.25051;-0.197422;0.251215;0.00354524;-0.000629637;0.00399031;-0.00014197;0.0105072;-0.000247001;1;0;1;0;1;0;
89;-0.0259053;0.0252576;-0.0258941;0.0254406;-0.0269526;0.025428;-0.226067;0.232092;-0.214644;0.235376;-0.188785;0.235477;0.00206904;-0.000368269;0.00232975;-8.34256e-05;0.00613392;-0.000144765;1;0;1;0;1;0;
90;-0.123368;0.122989;-0.123361;0.123096;-0.123979;0.123089;-0.197359;0.20914;-0.196648;0.20897;-0.163327;0.210765;-0.008954;-0.000215623;-0.0064507;-4.92059e-05;-0.0091956;-8.50358e-05;1;0;1;0;1;0;
91;-0.19901;0.198789;-0.199007;0.198852;-0.199368;0.198847;-0.153595;0.201755;-0.164623;0.201655;-0.133611;0.202703;-0.0140093;-0.000126434;-0.00936121;-2.91875e-05;-0.0175261;-5.01178e-05;1;0;1;0;1;0;
92;-0.247367;0.247238;-0.247366;0.247274;-0.247578;0.247271;-0.100654;0.179758;-0.130731;0.1797;-0.0926634;0.180312;-0.0149436;-7.43074e-05;-0.0054689;-1.7514e-05;-0.0245001;-2.97389e-05;1;0;1;0;1;0;
93;-0.275149;0.275072;-0.275148;0.275093;-0.275272;0.275091;-0.0503592;0.145233;-0.1166;0.145199;-0.028917;0.145556;-0.0125836;-4.3488e-05;-0.00319352;-1.04338e-05;-0.0312406;-1.77775e-05;1;0.396575;1;0.0824904;1;0;
94;-0.289137;0.28909;-0.289137;0.289102;-0.28921;0.289102;-0.00451903;0.0963374;-0.07961;0.0963174;0.0197664;0.0965216;-0.00735078;0.00535279;-0.00500751;0.00446279;-0.027359;-1.06886e-05;1;1;1;1;1;0.270333;
95;-0.297278;0.290348;-0.293248;0.285101;-0.312433;0.293227;0.0248222;0.0288074;-0.0190313;0.0288001;0.0390009;0.0289135;-0.00104124;0.0192263;-0.00471611;0.0215547;-0.0159819;0.00951545;1;0.361807;1;1;1;1;
96;-0.290583;0.264077;-0.28823;0.267295;-0.299433;0.279243;0.0858184;-0.0350315;0.0602104;-0.054495;0.0940983;-0.0544269;-0.0018114;0.0665878;-0.00446945;0.0227543;-0.00933392;0.0191309;0;1;1;1;0;1;
97;-0.273718;0.23514;-0.272344;0.260117;-0.278887;0.267094;0.150965;-0.0988479;0.13601;-0.132666;0.1558;-0.132617;-0.0010583;0.0655943;-0.00261055;0.0256423;-0.00545141;0.0368727;1;1;0.442387;1;0;1;
98;-0.245687;0.223155;-0.244884;0.237742;-0.248705;0.241818;0.199108;-0.144862;0.190374;-0.188415;0.201932;-0.188382;-0.000618476;0.0480077;-0.00152495;0.0175418;-0.00318405;0.0219486;0;1;0;1;0;1;
