1;-0.000363588;0.000116064;9.94837e-05;-0.000363588;0.000116064;9.94837e-05;0.0349769;0.0347456;0.0352595;0.0349769;0.0347456;0.0352595;0.808667;0.808665;0.808666;0.808667;0.808665;0.808666;0;0;0;0;0;0;
2;-0.0194187;-0.0368717;-0.00433804;-0.0255447;-0.0277366;0.11478;0.0903984;0.093884;0.0889271;0.0402298;0.0348114;0.0935695;0.47234;0.47235;0.472335;0.472357;0.472356;0.472351;1;1;1;1;1;1;
3;-0.0138252;-0.0357014;-0.00210812;-0.0415186;-0.0443247;0.0666169;0.0587816;0.076309;0.0755028;0.0714019;0.062213;0.0626568;0.275859;0.275868;0.275856;0.275874;0.27587;0.275871;0.0076784;1;1;1;1;0.640027;
4;-0.00745923;-0.0214833;-0.000541473;-0.0248856;-0.0252552;0.0382749;0.0722392;0.0650435;0.0483599;0.06085;0.0504681;0.0422809;0.161112;0.161117;0.161107;0.161121;0.161118;0.161117;0;1;1;1;1;1;
5;-0.0143076;-0.0134222;0.000560028;-0.0154109;-0.0138747;0.02148;0.0558396;0.0382456;0.0289189;0.0423987;0.032861;0.0249515;0.0940979;0.0940956;0.0940896;0.0941023;0.0940973;0.0940931;0;0;0;1;1;1;
6;-0.007249;-0.00894604;0.00143431;-0.0101075;-0.00699561;0.0115481;0.0365784;0.0261502;0.023614;0.0280954;0.0233009;0.021473;0.054957;0.0549537;0.0549499;0.0549601;0.0549547;0.0549489;0;0;0;1;1;1;
7;-0.00299054;-0.000246673;0.00812295;-0.00714638;-0.00284236;0.00566878;0.032406;0.0340607;0.0340854;0.0391426;0.0369027;0.0386058;0.0320979;0.0320948;0.0320931;0.0321;0.0320962;0.0320911;0.623577;0.562713;0.920314;1;1;1;
8;-0.00252317;0.00153208;0.00600193;-0.00530741;-0.000526854;0.00217778;0.0331511;0.0360499;0.0342899;0.0395305;0.036601;0.0412572;0.0187496;0.0187464;0.0187466;0.0187507;0.018749;0.0187451;0.980804;0.777;1;1;1;1;
9;-0.00360644;0.00295429;0.00404394;-0.0036383;-4.83935e-05;0.0010506;0.0288734;0.0342293;0.0298726;0.0385837;0.0332666;0.0402931;0.0109543;0.0109505;0.0109522;0.0109542;0.0109543;0.0109508;1;0.725979;1;1;1;1;
10;-0.00611566;0.00531965;0.00146692;-0.00122987;-0.000923391;0.00340734;0.0244586;0.0333368;0.0255137;0.0387121;0.0300301;0.0405422;0.00773252;0.00639707;0.00650591;0.00640041;0.00872916;0.00639832;1;0.66675;1;1;1;1;
11;-0.011233;0.00675287;-0.00278883;0.00292717;-0.00418502;0.005636;0.0205342;0.033203;0.0216125;0.0399596;0.0277546;0.042048;0.00686843;0.00373731;0.00508979;0.00374041;0.00856784;0.00373925;1;0.60486;1;1;1;1;
12;-0.01486;0.0122429;-0.00992742;0.0100084;-0.0107429;0.0115909;0.0172456;0.0333395;0.0184368;0.0416407;0.0264367;0.0436379;0.00667024;0.00218369;0.00491414;0.00218668;0.00861595;0.0021861;1;0.549941;1;1;1;1;
13;-0.0241358;0.0226066;-0.0212543;0.0213018;-0.0217303;0.0222264;0.0160029;0.0333938;0.0170632;0.0416615;0.0256191;0.0441575;0.00613997;0.00127641;0.00389152;0.00127909;0.00829247;0.00127912;1;0.525246;1;1;1;1;
14;-0.0395907;0.0386961;-0.037907;0.0379351;-0.0381844;0.0384753;0.0183896;0.0325551;0.0189986;0.0385013;0.0260365;0.0416006;0.00532694;0.000747132;0.00227523;0.00108517;0.00676694;0.00264659;1;0.573442;1;1;1;1;
15;-0.061201;0.0606758;-0.0602158;0.0602333;-0.0603777;0.060549;0.0275435;0.0300538;0.0273162;0.0294583;0.0298252;0.0330334;0.00537104;0.00438377;0.00133028;0.00115671;0.00395381;0.00512031;0.943981;0.754942;1;1;1;1;
16;-0.0872561;0.0869458;-0.0866781;0.0866901;-0.0867731;0.0868745;0.0463326;0.0247607;0.047199;0.0114046;0.0351848;0.016458;0.00404884;0.013726;-0.00249926;0.00454199;0.00230845;0.0106933;0.642581;1;1;1;1;1;
17;-0.113423;0.113237;-0.11308;0.113091;-0.113141;0.113199;0.059937;0.0079892;0.0604439;-0.02621;0.0534247;-0.0204619;0.00236546;0.0306902;-0.00145948;0.0111365;0.00084073;0.0227637;0.279409;1;0.830334;1;0.793998;1;
18;-0.132979;0.132864;-0.132508;0.132784;-0.132814;0.132847;0.096568;-0.0172771;0.0968636;-0.0768655;0.0927647;-0.0728659;0.00138105;0.0544388;-0.0016628;0.0141755;0.000490607;0.0267278;0;1;0;1;0;1;
19;-0.138416;0.137624;-0.136767;0.138301;-0.13832;0.138338;0.144179;-0.0708874;0.144351;-0.132665;0.141957;-0.130324;0.000806128;0.0646351;-0.000971504;0.0272798;0.000286084;0.0291725;0;1;0;1;0;1;
20;-0.123627;0.123165;-0.122665;0.12356;-0.123571;0.123582;0.186324;-0.114886;0.186425;-0.179592;0.185027;-0.178222;0.000470352;0.0546371;-0.000567487;0.0257646;0.000166611;0.0191481;1;1;1;1;0;1;
21;-0.0844207;0.0841502;-0.0838589;0.0843808;-0.084388;0.0843945;0.215134;-0.14325;0.215193;-0.209535;0.214377;-0.206225;0.000274213;0.0361382;-0.000331894;0.0158077;9.68262e-05;0.0111865;0.484136;1;1;1;0;1;
22;-0.0173254;0.0171674;-0.0169973;0.0173021;-0.0173063;0.0173104;0.230657;-0.1664;0.230691;-0.214653;0.230214;-0.207751;0.000159671;0.0211109;-0.000194304;0.00923542;5.60164e-05;0.00653489;0;1;0;1;0;1;
23;0.0725335;-0.0726254;0.0727251;-0.0725471;0.0725447;-0.072542;0.229634;-0.165773;0.229289;-0.206121;0.230102;-0.203991;9.27933e-05;0.0123299;-0.000113941;0.00539443;3.21772e-05;0.00381708;0;1;0;1;0;1;
24;0.159612;-0.159666;0.159724;-0.15962;0.159619;-0.159617;0.222806;-0.147348;0.221623;-0.178513;0.223079;-0.183393;5.38653e-05;0.00719906;-6.7032e-05;0.00260207;1.82543e-05;-0.00299098;0.287746;1;0;1;0;1;
25;0.222486;-0.222519;0.222552;-0.222491;0.22249;-0.222489;0.203365;-0.124765;0.202673;-0.134843;0.203522;-0.144806;3.20997e-05;-0.00618905;-3.88485e-05;-0.00993897;1.01291e-05;-0.00935612;1;1;0.59438;1;0;1;
26;0.261125;-0.261147;0.261163;-0.261129;0.261128;-0.261127;0.173103;-0.101253;0.172698;-0.0875969;0.173191;-0.0992061;0.00146422;-0.0173847;-2.11306e-05;-0.0115554;5.41585e-06;-0.013257;1;1;1;1;0;1;
27;0.282491;-0.282506;0.282513;-0.282494;0.282493;-0.282493;0.131558;-0.0895933;0.13132;-0.0237324;0.131604;-0.0469418;0.00374915;-0.0125114;0.00128349;-0.0119061;2.76672e-06;-0.0128064;1;1;1;1;0;1;
28;0.292154;-0.292164;0.292166;-0.292157;0.292155;-0.292157;0.0749146;-0.0504033;0.0747738;0.031867;0.0749354;-0.0251471;0.0139116;-0.0236521;0.00676484;-0.01266;0.000787057;-0.00747767;0.0631662;0.655637;0;1;0.923805;1;
29;0.284654;-0.296251;0.291263;-0.300167;0.282744;-0.296344;-0.000526543;0.0148464;-0.000606858;0.0628918;-0.000507886;0.0295971;0.0155279;-0.0138127;0.0130346;-0.00739449;0.0490215;-0.00580911;0.303131;0;0;1;1;0.847299;
30;0.258196;-0.285821;0.260478;-0.288108;0.248596;-0.285876;-0.0853721;0.0937412;-0.085411;0.1218;-0.0586896;0.102356;0.0267107;-0.00806707;0.0346998;-0.00431866;0.0655908;-0.00518978;0.666026;0;1;0;1;1;
31;0.248442;-0.264576;0.249726;-0.265912;0.242457;-0.264608;-0.156209;0.161103;-0.156224;0.177489;-0.115759;0.166134;0.0209568;-0.00471157;0.0298065;-0.00252251;0.0658292;-0.00303121;1;0.809092;1;0;1;0;
32;0.223088;-0.232511;0.223837;-0.233291;0.219592;-0.23253;-0.203281;0.206144;-0.203285;0.215714;-0.140513;0.209083;0.0123003;-0.00275198;0.0174129;-0.0014736;0.0510408;-0.00177066;1;0;1;0;1;0;
33;0.184456;-0.189959;0.184892;-0.190415;0.182414;-0.18997;-0.230865;0.232687;-0.212018;0.238276;-0.161609;0.234403;0.0108101;-0.00160762;0.0101722;-0.000861083;0.032124;-0.00103458;1;0;1;0;1;0;
34;0.130957;-0.134171;0.13121;-0.134437;0.129764;-0.134177;-0.23912;0.24661;-0.210091;0.249874;-0.178359;0.247612;0.00631593;-0.000939397;0.00594334;-0.000503366;0.0187663;-0.000604686;1;0;1;0;1;0;
35;0.0574472;-0.0593237;0.0575939;-0.0594789;0.0567514;-0.0593273;-0.235921;0.249117;-0.212496;0.249263;-0.18375;0.250066;0.00368906;-0.000549162;0.00347281;-0.000294466;0.0109619;-0.00035364;1;0;1;0;1;0;
36;-0.0369321;0.0358365;-0.0368474;0.0357459;-0.0373376;0.0358345;-0.221294;0.230696;-0.207344;0.232851;-0.179831;0.23267;0.00215361;-0.000321277;0.00202872;-0.000172473;0.00640122;-0.000207039;1;0;1;0;1;0;
37;-0.132799;0.13216;-0.132751;0.132107;-0.133036;0.132159;-0.195332;0.205944;-0.191574;0.207406;-0.158215;0.206485;-0.00678149;-0.000188187;-0.0027116;-0.000101194;0.00235423;-0.00012139;1;0;1;0;1;0;
38;-0.205366;0.204993;-0.205339;0.204962;-0.205505;0.204992;-0.149522;0.198235;-0.155504;0.199089;-0.126818;0.198551;-0.0137788;-0.000110395;-0.0116815;-5.95655e-05;-0.0125723;-7.13612e-05;1;0;1;0;1;0;
39;-0.251157;0.250939;-0.251142;0.25092;-0.251239;0.250938;-0.105853;0.175721;-0.123377;0.176218;-0.0809796;0.175904;-0.0143648;-6.40115e-05;-0.00682307;-3.52153e-05;-0.0214894;-4.21105e-05;1;0.843919;1;0;1;0;
40;-0.277201;0.277073;-0.277194;0.277063;-0.277251;0.277073;-0.0854877;0.14035;-0.108274;0.140635;-0.0156621;0.140452;-0.0090243;0.00308446;-0.00398483;-2.10292e-05;-0.0262041;-2.50378e-05;1;1;1;0;1;0;
41;-0.290021;0.289946;-0.290017;0.289939;-0.290052;0.289945;-0.0579762;0.0900228;-0.0712838;0.090186;0.0284578;0.0900774;-0.00527103;0.0160414;-0.00364932;0.000987852;-0.0281903;-1.39877e-05;1;0;1;1;1;1;
42;-0.305294;0.293158;-0.304203;0.289786;-0.311145;0.291401;-0.00192396;0.020647;-0.00969578;0.0207431;0.0485482;0.0206793;-0.0031742;0.00937083;-0.00377367;0.0116212;-0.0168698;0.0183871;0.900463;0;1;1;1;1;
43;-0.294228;0.273176;-0.293592;0.283778;-0.297645;0.285987;0.0741736;-0.0414296;0.0696371;-0.063177;0.103649;-0.0632097;-0.00249611;0.066374;-0.0022563;0.018835;-0.00985236;0.0255001;0;1;0.487959;1;0;1;
44;-0.274202;0.261905;-0.273831;0.268099;-0.276198;0.269389;0.145912;-0.106452;0.143263;-0.139483;0.163125;-0.139494;-0.0014581;0.0644276;-0.00131805;0.0295162;-0.0057542;0.0335527;0;1;0;1;0;1;
45;-0.243909;0.236725;-0.243692;0.240343;-0.245075;0.241097;0.196547;-0.149827;0.195;-0.192786;0.206599;-0.192788;-0.000851938;0.0467695;-0.000770146;0.0176678;-0.00336088;0.0196009;1;1;1;1;0;1;
46;-0.203714;0.199517;-0.203587;0.201631;-0.204395;0.202072;0.227264;-0.175636;0.226361;-0.225064;0.233135;-0.223379;-0.000498009;0.0273221;-0.000450247;0.0103222;-0.00196324;0.0114497;0;1;0.324041;1;0;1;
47;-0.151689;0.149237;-0.151615;0.150472;-0.152086;0.15073;0.244005;-0.194202;0.243477;-0.241983;0.247433;-0.227375;-0.000291336;0.0159597;-0.000263446;0.00603063;-0.00114706;0.00668681;0;1;0;1;0;1;
48;-0.0824653;0.0810337;-0.0824221;0.081755;-0.0826974;0.0819056;0.25123;-0.200411;0.250922;-0.241157;0.252034;-0.224229;-0.000170648;0.00932024;-0.000154365;0.00352205;-0.000670422;0.00390472;0;1;0;1;0;1;
49;0.00807466;-0.0089103;0.00809989;-0.00848946;0.00793915;-0.00840124;0.238161;-0.193126;0.239872;-0.22917;0.235117;-0.218449;-0.000100168;0.00544056;-9.06627e-05;0.00205565;-0.000392097;0.00227959;0;1;0;1;0;1;
50;0.10717;-0.107658;0.107185;-0.107413;0.107091;-0.107361;0.215254;-0.171434;0.212229;-0.203048;0.213221;-0.201917;-5.9058e-05;-0.00681699;-5.34283e-05;-0.0052588;-0.000229539;-0.00666251;0.35515;1;0.162658;1;0;1;
51;0.187756;-0.188043;0.187765;-0.187898;0.18771;-0.187868;0.208078;-0.147225;0.20631;-0.163088;0.205446;-0.17019;-3.4804e-05;-0.0163872;-3.13955e-05;-0.0103904;-0.000134546;-0.0100254;1;1;0.246814;1;0;1;
52;0.240561;-0.24073;0.240566;-0.240644;0.240534;-0.240626;0.18676;-0.118241;0.185728;-0.117203;0.185221;-0.132527;-2.05049e-05;-0.0177478;-1.74503e-05;-0.0115694;-7.9078e-05;-0.0107804;1;1;1;1;0;1;
53;0.271408;-0.271509;0.27141;-0.271456;0.271391;-0.271446;0.153493;-0.0825782;0.15289;-0.0711306;0.15259;-0.103512;-1.13563e-05;-0.0113406;-8.23539e-06;-0.0134973;-4.66061e-05;-0.0101235;1;1;1;1;0;1;
54;0.287448;-0.287509;0.287449;-0.287477;0.287438;-0.287471;0.106838;-0.0654196;0.106486;-0.00587766;0.106306;-0.0776417;-5.59062e-06;-0.00662569;0.00454782;-0.0156164;-2.76177e-05;-0.00591214;0.130671;1;1;1;0;1;
55;0.293148;-0.321681;0.284937;-0.293165;0.293142;-0.293161;0.0424325;-0.0182434;0.042231;0.0165356;0.0421207;-0.0253786;-2.78808e-06;-0.0129782;0.0135505;-0.00912039;-1.49686e-05;-0.00500636;0;0.572068;0;1;0.941192;1;
56;0.271285;-0.30647;0.271434;-0.290375;0.269723;-0.291493;-0.0393565;0.0534888;-0.0394716;0.0737999;-0.0235528;0.0493233;0.0208486;-0.00757987;0.0185508;-0.0084147;0.059398;-0.00750363;1;0;1;0.517495;1;1;
57;0.26482;-0.285682;0.256328;-0.276283;0.25775;-0.276936;-0.120323;0.128582;-0.120382;0.140444;-0.08769;0.12615;0.0249251;-0.0044272;0.0377341;-0.00491454;0.0692345;-0.00438254;0.787193;1;1;0;1;0;
58;0.243932;-0.256117;0.238971;-0.250628;0.239802;-0.251009;-0.180348;0.185178;-0.180376;0.192105;-0.130828;0.183757;0.016937;-0.0025859;0.0243976;-0.00287051;0.0581751;-0.00255979;1;0;1;0;1;0;
59;0.21038;-0.217496;0.207482;-0.214291;0.207968;-0.214514;-0.217826;0.220651;-0.21005;0.224697;-0.158597;0.219822;0.0103352;-0.00151061;0.0142532;-0.00167684;0.0375279;-0.0014954;1;0;1;0;1;0;
60;0.164278;-0.168433;0.162584;-0.166561;0.162869;-0.166691;-0.238957;0.24061;-0.215753;0.242972;-0.185651;0.240125;0.0060385;-0.000882731;0.00832675;-0.000979755;0.0219224;-0.000873784;1;0;1;0;1;0;
61;0.101767;-0.104193;0.100777;-0.1031;0.100944;-0.103176;-0.246318;0.250101;-0.22054;0.251481;-0.194922;0.249818;0.0035267;-0.000516058;0.00486397;-0.000572688;0.0128044;-0.000510799;1;0;1;0;1;0;
62;0.0176579;-0.0190748;0.0170794;-0.0184364;0.0171781;-0.0184808;-0.236471;0.243235;-0.216106;0.243462;-0.194844;0.245087;0.00205814;-0.000301937;0.00284081;-0.000334958;0.00747648;-0.000298808;1;0;1;0;1;0;
63;-0.0813321;0.0805048;-0.0816703;0.0808774;-0.0816119;0.0808515;-0.213326;0.21914;-0.203658;0.223574;-0.17646;0.223698;-0.00381501;-0.000176876;0.000743491;-0.000196127;-0.00396439;-0.000175028;1;0;1;0;1;0;
64;-0.168751;0.168268;-0.168949;0.168485;-0.168914;0.16847;-0.177658;0.190123;-0.178237;0.217071;-0.149386;0.217144;-0.00820658;-0.000103871;-0.0098746;-0.000115;-0.0118793;-0.000102686;1;0.167064;1;0;1;0;
65;-0.228766;0.228484;-0.228883;0.228611;-0.228863;0.228602;-0.128647;0.181301;-0.140993;0.197039;-0.116125;0.197081;-0.0117378;-6.12764e-05;-0.00576806;-6.76141e-05;-0.0200818;-6.04472e-05;1;0.533916;1;0.125179;1;0;
66;-0.26478;0.264615;-0.264848;0.264689;-0.264839;0.264684;-0.0949843;0.156523;-0.0999691;0.165712;-0.0675723;0.165736;-0.00902068;-3.59478e-05;-0.00686512;-3.97798e-05;-0.0256613;-3.57408e-05;1;1;1;0.908484;1;0;
67;-0.284269;0.284172;-0.284309;0.284216;-0.284306;0.284212;-0.0810272;0.116967;-0.0836122;0.122333;0.00285006;0.122344;-0.00775956;-2.0389e-05;-0.00400968;-2.36599e-05;-0.0212282;-2.12666e-05;1;1;1;1;1;0;
68;-0.29252;0.292464;-0.292543;0.292489;-0.313578;0.292272;-0.0386656;0.0596592;-0.040173;0.0627908;0.0442919;0.0627986;-0.0139958;-1.08136e-05;-0.00528992;0.000940852;-0.0173254;0.0063814;1;0;1;1;1;1;
69;-0.2942;0.277862;-0.292747;0.293521;-0.305124;0.292902;0.0295197;-0.0172488;0.0286429;-0.0154244;0.0779644;-0.0154164;-0.00817446;0.0560386;-0.00414284;0.0072881;-0.0164202;0.0154049;0.637904;1;1;0.873601;0.338164;1;
70;-0.282409;0.256043;-0.281561;0.282011;-0.288789;0.28165;0.107625;-0.0751138;0.107113;-0.0993876;0.135916;-0.0993746;-0.00477421;0.062306;-0.00351086;0.0258676;-0.00958977;0.0333589;0;1;0;1;0;1;
71;-0.259435;0.244035;-0.25894;0.259201;-0.26316;0.25899;0.170958;-0.13076;0.170659;-0.166141;0.18748;-0.166127;-0.00278853;0.0560204;-0.00205009;0.0223401;-0.00560084;0.0255582;1;1;1;1;0;1;
72;-0.225712;0.216718;-0.225424;0.225575;-0.227888;0.225452;0.212162;-0.163949;0.211987;-0.209344;0.221811;-0.209331;-0.00162893;0.0363509;-0.00119769;0.0133099;-0.00327134;0.0149305;0;1;1;1;0;1;
73;-0.18124;0.175987;-0.181072;0.18116;-0.182511;0.181088;0.236022;-0.186529;0.235921;-0.234373;0.241657;-0.224987;-0.000951777;0.021235;-0.000699952;0.00777602;-0.00191096;0.00872089;0;1;0;1;0;1;
74;-0.122641;0.119572;-0.122542;0.122593;-0.123383;0.122552;0.248153;-0.198348;0.248093;-0.245136;0.251443;-0.225549;-0.000556339;0.0124028;-0.000409277;0.00454235;-0.00111654;0.00509306;0;1;0;1;0;1;
75;-0.0439946;0.0422031;-0.0439371;0.0439671;-0.0444278;0.043943;0.248989;-0.200205;0.247287;-0.238496;0.248359;-0.221409;-0.000325431;0.00724188;-0.000239521;0.002652;-0.000652612;0.00297389;0.159543;1;0;1;0;1;
76;0.0533916;-0.054438;0.0534254;-0.0534078;0.053139;-0.0534215;0.2383;-0.188525;0.228645;-0.226636;0.225116;-0.211502;-0.00019067;0.00422701;-0.000140388;0.00154692;-0.000381704;-0.000757093;1;1;0;1;0;1;
77;0.146891;-0.147502;0.146911;-0.1469;0.146744;-0.146908;0.229495;-0.163961;0.200822;-0.197028;0.198972;-0.187102;-0.000112043;-0.00561479;-8.24472e-05;-0.00956294;-0.000223448;-0.0138595;1;1;0.531577;1;0;1;
78;0.214759;-0.215117;0.21477;-0.214764;0.214672;-0.214769;0.209085;-0.139359;0.19234;-0.154164;0.191259;-0.149169;-6.624e-05;-0.0168108;-4.79287e-05;-0.0145181;-0.000130967;-0.00852728;1;1;0.980405;1;0;1;
79;0.256693;-0.256904;0.256699;-0.256697;0.256642;-0.256699;0.178564;-0.105181;0.168786;-0.108991;0.168152;-0.107662;-3.96436e-05;-0.018508;0.00073519;-0.0170933;-7.69597e-05;-0.010942;1;1;1;1;0;1;
80;0.280124;-0.280249;0.280129;-0.280128;0.280095;-0.280129;0.137497;-0.0888444;0.131787;-0.0614884;0.131414;-0.0763745;0.00217839;-0.0114459;0.00220985;-0.00998575;-4.56317e-05;-0.00825694;0.405291;1;1;1;0.615503;1;
81;0.291143;-0.291219;0.289933;-0.291147;0.291128;-0.291149;0.0821564;-0.0537421;0.0788243;-0.037758;0.0785991;-0.0464535;0.00997001;-0.0212474;0.0145671;-0.00583004;-2.78112e-05;-0.0048225;0;0.8294;0;1;1;1;
82;0.284684;-0.29623;0.292102;-0.292973;0.285408;-0.28924;0.00827268;0.00832147;0.00633159;0.0176586;0.00619606;0.0125826;0.0058205;-0.0170815;0.0143189;-0.00988134;0.025007;-0.00643072;0;0.236217;0;1;1;1;
83;0.270197;-0.287017;0.282776;-0.285115;0.266085;-0.282934;-0.0768183;0.0865132;-0.0779433;0.0919669;-0.0502291;0.0890023;0.0179834;-0.0208513;0.0298977;-0.00577122;0.0670194;-0.00618396;0.638517;0;1;1;1;1;
84;0.257231;-0.267056;0.264575;-0.265944;0.254828;-0.264671;-0.14998;0.155647;-0.150628;0.158834;-0.0991282;0.157103;0.034462;-0.02598;0.0471654;-0.00337077;0.0757677;-0.00361181;0.775726;1;1;0;1;0;
85;0.230382;-0.236122;0.23467;-0.235472;0.228979;-0.234729;-0.199424;0.202741;-0.197613;0.204602;-0.125636;0.203591;0.0205089;-0.0151727;0.0275525;-0.00196896;0.0657975;-0.00210972;1;0.436731;1;0;1;0;
86;0.191389;-0.194742;0.193893;-0.194362;0.19057;-0.193928;-0.228841;0.230782;-0.20899;0.231869;-0.169063;0.231279;0.0120199;-0.00886125;0.0160949;-0.00115033;0.0384373;-0.00123255;1;0.00414339;1;0;1;0;
87;0.1386;-0.140559;0.140064;-0.140337;0.138122;-0.140084;-0.243536;0.245716;-0.221435;0.246351;-0.189912;0.246006;0.00702167;-0.00517544;0.00940116;-0.000672291;0.0224518;-0.000720322;1;0;1;0;1;0;
88;0.066776;-0.0679206;0.0676332;-0.0677913;0.0664978;-0.0676432;-0.238101;0.250885;-0.221918;0.250942;-0.200554;0.25132;0.00410073;-0.00302296;0.00549072;-0.000393111;0.0131116;-0.000421165;1;0;1;0;1;0;
89;-0.0262964;0.0256271;-0.0257934;0.0257025;-0.0264579;0.025789;-0.224026;0.232387;-0.217692;0.234919;-0.192965;0.23477;0.00239393;-0.00176597;0.00320571;-0.000230092;0.00765397;-0.00024648;1;0.175727;1;0;1;0;
90;-0.123596;0.123205;-0.123302;0.123249;-0.123691;0.1233;-0.193467;0.215274;-0.197598;0.210908;-0.17079;0.20976;-0.00162072;-0.0010319;-0.0050196;-0.000134868;-0.0108851;-0.000144443;1;0.627161;1;0;1;0;
91;-0.199144;0.198915;-0.198972;0.198941;-0.1992;0.198971;-0.151086;0.205338;-0.167654;0.202787;-0.138771;0.202117;-0.00822738;-0.000603255;-0.00787533;-7.92073e-05;-0.0217679;-8.48009e-05;1;1;1;0;1;0;
92;-0.247446;0.247311;-0.247345;0.247326;-0.24748;0.247343;-0.107609;0.181852;-0.151657;0.180361;-0.097319;0.17997;-0.0080463;-0.000353008;-0.0046002;-4.67289e-05;-0.025647;-4.99957e-05;1;1;1;0.146217;1;0;
93;-0.275194;0.275115;-0.275134;0.275124;-0.275218;0.275133;-0.0666045;0.146457;-0.128822;0.145587;-0.0565174;0.145356;-0.0089687;-0.00020716;-0.00407869;-2.76149e-05;-0.0284685;-2.95948e-05;1;1;1;0.913114;1;0;
94;-0.289163;0.289117;-0.289127;0.289122;-0.33093;0.289126;-0.0504155;0.0970514;-0.0867504;0.0965415;0.0163029;0.0964047;-0.00634717;-0.000120817;-0.016512;-1.66796e-05;-0.030689;-1.76966e-05;0.896787;0.658685;1;1;1;0.0201359;
95;-0.295458;0.293236;-0.293242;0.291541;-0.329035;0.293242;-0.00198301;0.029225;-0.0232046;0.0289277;0.0369773;0.0288465;-0.00623925;0.00167337;-0.0105358;0.00546359;-0.018753;0.0116798;0.96919;0;1;1;1;1;
96;-0.28952;0.267041;-0.288225;0.286255;-0.309129;0.288165;0.0701644;-0.0379036;0.0577727;-0.0544233;0.0929168;-0.0544665;-0.00364452;0.0652346;-0.00679683;0.0126695;-0.0109522;0.0192245;0;1;0.615551;1;1;1;
97;-0.277403;0.259604;-0.272341;0.271191;-0.28455;0.272306;0.141819;-0.0913936;0.134586;-0.132625;0.15511;-0.132642;-0.0213463;0.0680733;-0.00396968;0.024885;-0.00639632;0.0354184;0.193371;1;0;1;1;1;
98;-0.247841;0.237443;-0.244883;0.244209;-0.252012;0.244862;0.193766;-0.141546;0.189543;-0.188392;0.201529;-0.188396;-0.0124678;0.0557743;-0.002318;0.0147234;-0.00373585;0.0206904;1;1;1;1;0.491909;1;
