1;-0.000363589;0.000116065;9.94844e-05;-0.000363589;0.000116065;9.94839e-05;0.0349769;0.0347456;0.0352595;0.034977;0.0347456;0.0352595;0.808667;0.808665;0.808666;0.808667;0.808665;0.808666;0;0;0;0;0;0;
2;-0.00438171;-0.0352768;0.00579751;0.0130426;0.0335606;0.00989099;0.054628;0.0660715;0.0733424;0.0896383;0.117148;0.103086;0.472304;0.47232;0.472318;0.472328;0.472335;0.472361;1;1;0;1;1;1;
3;0.0209057;-0.0210253;0.00632578;0.0201926;0.0296409;0.0365083;0.0779781;0.0960278;0.0429169;0.052264;0.0685;0.0821413;0.275843;0.275853;0.275848;0.275842;0.27585;0.275869;1;1;0;1;1;1;
4;0.0128443;-0.0225304;0.0045191;0.0111565;0.0179443;0.020687;0.045952;0.0581383;0.0250347;0.0305489;0.0399818;0.0595316;0.161099;0.161108;0.161095;0.161092;0.161101;0.161114;0;0;0;1;0.843718;1;
5;0.0398076;-0.0170626;0.00336963;0.0056392;0.0113548;0.0112049;0.0271004;0.0351171;0.0152561;0.0180951;0.0240141;0.0376532;0.0940838;0.0940909;0.0940788;0.094077;0.094085;0.0940937;0;0;0;1;1;1;
6;0.0253978;-0.0144752;0.00924791;0.00218582;0.00773856;0.00543633;0.0151671;0.028166;0.0500405;0.0118532;0.0190818;0.0392681;0.0549444;0.0549519;0.0549447;0.0549414;0.0549473;0.054954;0;0.500246;1;1;0.258556;1;
7;0.0160762;-0.0104966;0.0066727;0.000768325;0.00725713;0.00387699;0.0149761;0.0311218;0.0453886;0.0212693;0.0787247;0.0787359;0.0320891;0.0320944;0.032093;0.0320881;-0.0816349;0.024795;0.79446;0.84191;1;0.0848393;0.934513;1;
8;0.0105222;-0.0085983;0.00553696;-0.000688031;0.00862173;0.00134839;0.0143432;0.035969;0.0462876;0.040353;0.0446509;0.0553708;0.0393143;0.0292252;0.0187473;-0.0399867;-0.0455181;0.0119024;0.923674;0.807224;1;0.517545;0.963282;1;
9;0.00668371;-0.00631968;0.00440811;-0.00208106;0.00589889;0.000951829;0.0169073;0.0372163;0.0388685;0.0434402;0.0266702;0.0424421;0.041846;0.0262312;0.0147213;-0.0788202;-0.0249987;0.0117962;1;0.794459;1;0.547835;1;1;
10;0.00300858;-0.00288054;0.0017968;-0.00316137;0.00107048;-0.000855947;0.0140389;0.0358563;0.0330011;0.041291;0.0225533;0.0415658;0.0419688;0.0235056;0.0121975;-0.0729465;-0.0117192;0.00653845;1;0.751294;1;0.636951;1;1;
11;-0.00188806;0.00196278;-0.00259627;0.00179938;-0.00302018;0.00314563;0.0132698;0.0331908;0.0251706;0.0352982;0.0249928;0.0429897;0.0245128;0.0137293;0.00807356;-0.0425984;-0.00684029;0.0041147;1;0.747353;1;0.757058;1;1;
12;-0.00940109;0.0094447;-0.00981527;0.00934974;-0.0100624;0.0101359;0.0116994;0.0329198;0.0203264;0.0365642;0.0230068;0.0442493;0.0143182;0.00801892;0.00547331;-0.0248763;0.00772853;0.0039295;1;0.695303;1;0.741678;1;1;
13;-0.0209464;0.0209713;-0.0211891;0.020917;-0.0213323;0.0213761;0.0119634;0.033888;0.0183642;0.0378333;0.0241596;0.0452663;0.00836478;0.00468443;0.00418995;-0.0145267;0.00914401;0.00229755;1;0.660577;1;0.723541;1;1;
14;-0.0377265;0.0377399;-0.0378694;0.0377103;-0.0379516;0.0379783;0.015312;0.0335576;0.020005;0.036091;0.0258261;0.0429366;0.00488782;0.00273793;0.0024496;-0.00848222;0.00774752;0.00354435;1;0.709653;1;0.745745;1;1;
15;-0.0601101;0.0601161;-0.0601952;0.0601022;-0.0602416;0.0602586;0.024631;0.0310817;0.0280856;0.0283782;0.0292236;0.0352714;0.00285673;0.00586729;0.00143221;-0.00495149;0.00452682;0.00655841;1;0.888638;1;0.82557;1;1;
16;-0.0866161;0.0866175;-0.0866679;0.0866136;-0.0866934;0.0867047;0.0429218;0.025075;0.0480521;0.0103105;0.0364311;0.0190252;0.00166891;0.0141782;-0.00408219;0.00549062;0.00264357;0.0126633;0.942298;1;1;0.962495;0.638529;1;
17;-0.113044;0.113044;-0.113077;0.113046;-0.113094;0.113099;0.0579447;0.00733737;0.060942;-0.0254961;0.0541527;-0.0161231;0.000974651;0.0284183;-0.0023844;0.0191079;0.00138997;0.0263619;0.575752;1;1;1;1;1;
18;-0.132754;0.132753;-0.132775;0.132757;-0.132786;0.132787;0.0954041;-0.0211814;0.0971549;-0.0764465;0.0931898;-0.0691083;0.000568433;0.0462525;-0.00273398;0.026589;0.000811349;0.0320924;0;1;0.291122;0.848542;0.968373;1;
19;-0.138285;0.138284;-0.138297;0.138286;-0.138304;0.138304;0.143499;-0.079287;0.144521;-0.132419;0.142206;-0.12693;0.000331589;0.0566881;-0.00159703;0.032807;0.000473389;0.0370839;0;1;0;0.672615;0;1;
20;-0.123551;0.12355;-0.123558;0.123551;-0.123562;0.123562;0.185927;-0.120818;0.186524;-0.179449;0.185172;-0.17624;0.000193253;0.0490705;-0.000933059;0.0207792;0.000275985;0.0230281;0;1;1;0.810694;0;1;
21;-0.084376;0.0843752;-0.0843803;0.0843756;-0.0843825;0.0843821;0.214903;-0.145797;0.215251;-0.211076;0.214462;-0.205594;0.000112381;0.0330845;-0.000545388;0.0121402;0.000160701;0.0134525;0;1;1;0.895233;0;1;
22;-0.0172993;0.0172988;-0.0173018;0.0172992;-0.017303;0.0173029;0.230521;-0.167875;0.230725;-0.217278;0.230264;-0.206185;6.51508e-05;0.0193273;-0.000318992;0.00709294;9.33258e-05;0.00785839;0;1;1;0.948632;0;1;
23;0.0725487;-0.0725487;0.0725473;-0.0725486;0.0725466;-0.0725465;0.231823;-0.168556;0.229519;-0.206852;0.229939;-0.202117;3.77798e-05;0.0112883;-0.000186767;0.00414297;5.39637e-05;0.00459012;0;1;1;1;0;1;
24;0.159621;-0.159621;0.15962;-0.159621;0.15962;-0.15962;0.224086;-0.151413;0.222739;-0.18029;0.222985;-0.181996;2.23928e-05;0.00659112;-0.000109555;-0.00304864;3.09703e-05;-0.00158585;0;1;1;1;0;1;
25;0.222492;-0.222493;0.222491;-0.222492;0.222491;-0.222491;0.204113;-0.124624;0.203324;-0.139468;0.203467;-0.147193;1.40804e-05;-0.00548843;-6.44144e-05;-0.0126152;1.75639e-05;-0.0107167;0;1;1;1;0;1;
26;0.261128;-0.261131;0.261129;-0.261129;0.261128;-0.261129;0.173538;-0.0974198;0.173076;-0.0995366;0.173159;-0.107798;8.88461e-06;-0.0226545;-3.804e-05;-0.011389;9.76271e-06;-0.0100085;0;1;1;1;0;1;
27;0.282492;-0.282494;0.282491;-0.282494;0.282493;-0.282494;0.131809;-0.0835264;0.13154;-0.0707659;0.131585;-0.0933905;5.73496e-06;-0.0132327;-2.17163e-05;-0.00665245;5.28312e-06;-0.00584589;0;1;1;0.90202;0;1;
28;0.292154;-0.292156;0.287463;-0.292156;0.292154;-0.292157;0.0750558;-0.0526436;0.0748995;-0.0394057;0.0626699;-0.0612962;-0.0104272;-0.0166308;-1.19362e-05;-0.00570178;0.0271156;-0.00474109;0;0.883903;1;0.543185;1;1;
29;0.308367;-0.28037;0.26572;-0.295844;0.28454;-0.300397;-0.000450106;0.0135356;-0.000536513;0.0212677;-0.00767464;0.00848316;0.00675582;-0.0145644;0.0381407;-0.0033301;0.0280689;-0.0173697;0.408994;0.558075;0.810439;0;0;1;
30;0.292896;-0.281471;0.247558;-0.285583;0.250158;-0.288242;-0.085328;0.0929731;-0.0853674;0.0974919;-0.0560395;0.0900257;0.0302793;-0.0113899;0.0581536;-0.00194505;0.0575169;-0.0101441;0.898367;0;1;1;1;1;
31;0.268706;-0.262036;0.221828;-0.264437;0.243749;-0.26599;-0.156183;0.160654;-0.156197;0.163293;-0.104533;0.158933;0.0236576;-0.00665211;0.034019;-0.0011363;0.0749933;-0.00592454;0.986399;0;1;0;1;0;
32;0.234922;-0.231028;0.207544;-0.23243;0.220347;-0.233337;-0.203266;0.205882;-0.202477;0.207424;-0.144385;0.204877;0.0143439;-0.00388525;0.0198746;-0.000664033;0.0523004;-0.00346035;1;0;1;0;1;0;
33;0.191367;-0.189093;0.175377;-0.189912;0.182854;-0.190441;-0.231001;0.232534;-0.215485;0.233434;-0.175496;0.231947;0.00840671;-0.00226947;0.0116102;-0.000388275;0.0305524;-0.00202131;1;1;1;0;1;0;
34;0.134993;-0.133665;0.125655;-0.134143;0.130021;-0.134452;-0.244231;0.246521;-0.221859;0.247047;-0.190656;0.246178;0.00491126;-0.0013259;0.00678174;-0.000227256;0.0178462;-0.00118093;1;1;1;0;1;0;
35;0.0598039;-0.0590281;0.0543503;-0.0593074;0.0569007;-0.0594881;-0.238905;0.249139;-0.220875;0.249092;-0.197253;0.249466;0.00286785;-0.000774872;0.00396075;-0.000133211;0.0104222;-0.000690161;1;1;1;0;1;0;
36;-0.035556;0.0360092;-0.0387409;0.035846;-0.0372511;0.0357405;-0.225231;0.241218;-0.216636;0.233603;-0.187527;0.234291;0.00167348;-0.000452396;0.00231216;-7.832e-05;0.00608426;-0.000403582;1;1;1;0;1;0;
37;-0.131995;0.132259;-0.133856;0.132165;-0.132987;0.132104;-0.20485;0.242674;-0.200918;0.204618;-0.158606;0.203838;-0.00541615;0.0127404;-0.00755511;-4.62032e-05;-0.00542615;-0.000236168;1;1;1;0;1;0;
38;-0.204897;0.205051;-0.205983;0.204996;-0.205477;0.20496;-0.166256;0.219689;-0.176105;0.197461;-0.128999;0.196921;-0.0140509;0.00744261;-0.00454231;-2.75296e-05;-0.0196809;-0.000138448;1;1;1;0;1;0;
39;-0.250882;0.250968;-0.251516;0.25094;-0.251223;0.250919;-0.156375;0.188251;-0.162587;0.175267;-0.0860053;0.174952;-0.00820748;0.00434681;-0.0026534;-1.64637e-05;-0.0253309;-8.12646e-05;1;0;1;0;1;0;
40;-0.277041;0.27709;-0.277411;0.277074;-0.277241;0.277062;-0.129048;0.147666;-0.132676;0.140083;-0.0549964;0.139896;-0.00846551;0.00322547;-0.00576885;0.00193133;-0.0197716;-4.78874e-05;1;0;1;0.794015;1;0;
41;-0.289927;0.289955;-0.290143;0.289945;-0.290046;0.289938;-0.0834176;0.0942941;-0.085536;0.0898636;-0.0401703;0.0897541;-0.00565621;0.0032846;-0.00593703;0.00479064;-0.0115503;0.00344688;0.83421;0;1;1;1;1;
42;-0.293147;0.278152;-0.293273;0.290379;-0.302911;0.291171;-0.0167866;0.0231381;-0.01802;0.0205517;0.0084701;0.020487;-0.00588489;0.00558876;-0.00629388;0.00783357;-0.0157915;0.00824654;0.562714;0;1;0;0;1;
43;-0.287134;0.253346;-0.287208;0.256797;-0.292836;0.272702;0.0654932;-0.0519071;0.0647737;-0.0632895;0.0802433;-0.0633275;-0.00343766;0.0666756;-0.00367653;0.0289125;-0.00922257;0.0273965;0;1;0;0.246564;0.0684338;1;
44;-0.27006;0.228575;-0.270102;0.229755;-0.27339;0.260143;0.140843;-0.0918354;0.140422;-0.139547;0.149456;-0.139562;-0.00200757;0.0705379;-0.00214746;0.0346258;-0.00538642;0.039158;0;1;0.0714575;0.534484;0;1;
45;-0.241492;0.217262;-0.241515;0.21795;-0.243435;0.235698;0.193587;-0.130616;0.193341;-0.192822;0.198617;-0.192826;-0.00117214;0.0601108;-0.00125453;0.0275415;-0.0031461;0.0238509;0;1;1;0.596649;0;1;
46;-0.202303;0.188151;-0.202316;0.188553;-0.203437;0.198919;0.225536;-0.162172;0.225392;-0.225083;0.228473;-0.212021;-0.000684987;0.0368696;-0.000733124;0.0160904;-0.00183779;0.0139332;0;1;1;0.751174;0;1;
47;-0.150865;0.1426;-0.150873;0.142834;-0.151527;0.148888;0.242996;-0.186923;0.242913;-0.237997;0.244711;-0.218969;-0.000400517;0.0215377;-0.000427931;0.00940003;-0.00107381;0.0081397;0;1;1;0.853841;0;1;
48;-0.0819838;0.0771598;-0.0819924;0.0772937;-0.0823709;0.0808302;0.250641;-0.201266;0.250595;-0.231913;0.251642;-0.22707;-0.000234384;0.0125798;0.00114595;0.00549015;-0.000627654;0.00475459;1;1;1;1;0;1;
49;0.00835444;-0.0111672;0.00834636;-0.0110953;0.00812958;-0.00902964;0.255492;-0.205591;0.260581;-0.216578;0.239429;-0.225998;0.0058566;0.00734515;0.00380941;0.00320751;-0.000367117;-0.00304494;1;1;1;0.997749;0;1;
50;0.10733;-0.108972;0.107326;-0.108934;0.107202;-0.107729;0.248128;-0.20696;0.249171;-0.17794;0.213213;-0.196935;0.0128719;-0.0139019;0.0122633;0.0142334;-0.000214889;-0.0177905;1;1;1;1;0;1;
51;0.187844;-0.188805;0.187844;-0.188785;0.187775;-0.188083;0.22728;-0.198408;0.227889;-0.132696;0.201089;-0.171804;0.0124012;-0.0270681;0.0166945;0.0222506;-0.000125987;-0.0103915;0.259833;1;1;0.983916;0;1;
52;0.24061;-0.241173;0.240612;-0.241161;0.240571;-0.240752;0.197975;-0.176358;0.198331;-0.106131;0.182676;-0.150075;0.00724419;-0.0189463;0.00975089;0.0129976;-7.41088e-05;-0.00965295;0;1;0;1;0;1;
53;0.271436;-0.271766;0.271437;-0.271759;0.271413;-0.271519;0.160042;-0.147414;0.160251;-0.0747875;0.151104;-0.132064;0.00423172;-0.0120247;0.0056965;-0.00188494;-4.371e-05;-0.00563922;0;1;0;1;0;1;
54;0.287464;-0.287661;0.287465;-0.287654;0.28745;-0.287513;0.110662;-0.103285;0.110785;-0.0608692;0.105441;-0.0943208;0.00247277;-0.0131103;0.00332897;-0.00128683;0.00438459;-0.0103487;0;1;0;0.897402;0.783354;1;
55;0.293157;-0.321899;0.293157;-0.293268;0.291839;-0.293185;0.0446654;-0.0403573;0.0447381;-0.0155863;0.0416196;-0.0351215;0.00144553;-0.0207736;0.0118477;-0.0174778;0.0137754;-0.0123454;0;0.292922;0;0.182175;1;1;
56;0.276842;-0.3066;0.280117;-0.289877;0.278471;-0.289828;-0.0380555;0.0405751;-0.0380119;0.0550408;-0.0398293;0.0436322;0.0212233;-0.0121313;0.017264;-0.0102072;0.0400605;-0.0072098;1;0;1;0;0.0828985;1;
57;0.268378;-0.285759;0.270292;-0.275992;0.263661;-0.275964;-0.119563;0.121041;-0.119533;0.129489;-0.0873573;0.122827;0.0269904;-0.00708499;0.0333483;-0.00596133;0.0640687;-0.00421088;1;0;1;1;1;0.346409;
58;0.24601;-0.256162;0.247128;-0.250458;0.243255;-0.250441;-0.179905;0.180774;-0.179879;0.185707;-0.13321;0.181816;0.016782;-0.00413783;0.0243841;-0.00348182;0.054779;-0.00245958;1;0;1;0.110615;1;0;
59;0.211593;-0.217523;0.212247;-0.214192;0.209984;-0.214182;-0.217567;0.218079;-0.217237;0.22096;-0.166994;0.218688;0.00980467;-0.00241674;0.0142449;-0.00203382;0.035714;-0.00143683;1;1;1;0;1;0;
60;0.164985;-0.168449;0.165368;-0.166503;0.164045;-0.166498;-0.238806;0.239108;-0.224285;0.240791;-0.188941;0.239463;0.0057285;-0.00141188;0.00831993;-0.00118825;0.0208623;-0.000839609;1;1;1;0;1;0;
61;0.10218;-0.104203;0.102403;-0.103066;0.101631;-0.103063;-0.243759;0.249224;-0.222764;0.250207;-0.198805;0.249432;0.00334607;-0.000825075;0.00485894;-0.000694437;0.0121845;-0.000490841;1;1;1;0;1;0;
62;0.017899;-0.0190802;0.0180297;-0.0184167;0.0175788;-0.0184147;-0.234303;0.246527;-0.219924;0.244076;-0.196261;0.245185;0.0019531;-0.000482135;0.00283722;-0.000406059;0.007114;-0.000287161;1;1;1;0;1;0;
63;-0.0811911;0.080501;-0.0811148;0.080889;-0.0813782;0.0808901;-0.217287;0.24405;-0.211075;0.222175;-0.175067;0.220607;-0.00251294;0.0060081;-0.00199053;-0.000237638;-0.00361776;-0.000168218;1;1;1;0;1;0;
64;-0.168669;0.168266;-0.168624;0.168492;-0.168779;0.168493;-0.178294;0.229033;-0.182469;0.215525;-0.151647;0.202797;-0.00788502;0.0035103;-0.00920034;-0.000139249;-0.0180069;-9.85989e-05;1;1;1;0;1;0;
65;-0.228718;0.228482;-0.228692;0.228614;-0.228784;0.228615;-0.138542;0.204028;-0.15396;0.196137;-0.118918;0.188702;-0.00882439;0.00346973;-0.00537514;0.0016341;-0.0255233;-5.81263e-05;1;0;1;0.524444;1;0;
66;-0.264752;0.264614;-0.264737;0.26469;-0.264791;0.264691;-0.111298;0.169797;-0.136018;0.165188;-0.0836755;0.160842;-0.00515423;0.00223113;-0.00313948;0.00848224;-0.0271921;-3.43975e-05;1;0;1;1;1;0;
67;-0.284252;0.284167;-0.284243;0.284215;-0.284276;0.284216;-0.0905541;0.124722;-0.10499;0.12203;-0.055523;0.119488;-0.00301126;0.00988064;-0.00187682;0.0116583;-0.0158845;0.00310789;0.944515;0;1;1;1;0.912668;
68;-0.292509;0.274942;-0.292504;0.292486;-0.292524;0.292488;-0.0442308;0.0641865;-0.052661;0.0626161;-0.0237742;0.0611306;-0.00558045;0.0105743;-0.00678588;0.0136073;-0.0161654;0.00751731;0.901836;0;1;0;0.233999;1;
69;-0.277759;0.260564;-0.275387;0.28183;-0.28857;0.282028;0.0262665;-0.0146098;0.0213452;-0.0155296;0.0382144;-0.0163966;-0.00878392;0.0524846;-0.00912297;0.00794936;-0.0094409;0.00973915;0.513528;0.901532;0.70216;0;1;0;
70;-0.272806;0.243322;-0.273304;0.275183;-0.279121;0.270784;0.105722;-0.0660482;0.102849;-0.0994481;0.112702;-0.099949;-0.00684063;0.0675753;-0.00532981;0.0284682;-0.00551389;0.0368136;0;1;0;0.754916;0;1;
71;-0.253826;0.214556;-0.254118;0.255214;-0.257515;0.252644;0.169846;-0.11444;0.168167;-0.166176;0.173923;-0.166462;-0.00590781;0.0691066;-0.00311456;0.0219381;-0.00322053;0.0221971;0;1;0;0.552428;0;1;
72;-0.222437;0.199502;-0.222608;0.223246;-0.224591;0.221746;0.211512;-0.149931;0.210532;-0.209363;0.213893;-0.209355;-0.00345057;0.044464;-0.00181935;0.017041;-0.00188122;0.0129686;0;1;0;0.71739;0;1;
73;-0.179328;0.165932;-0.179427;0.1798;-0.180586;0.178924;0.235643;-0.177907;0.235071;-0.234319;0.237034;-0.218859;-0.0020156;0.0259751;-0.00106299;0.0100359;-0.00109914;0.00757608;0;1;0;0.810361;0;1;
74;-0.121524;0.113701;-0.121582;0.121799;-0.122258;0.121288;0.247932;-0.197365;0.247597;-0.238088;0.248743;-0.21928;-0.0011766;0.0151722;-0.00062129;0.00586298;-0.000642435;0.00442554;0;1;0;0.830521;0;1;
75;-0.043344;0.0387765;-0.0433776;0.0435029;-0.0437713;0.0432048;0.255713;-0.213443;0.258398;-0.221684;0.247685;-0.217309;0.000647236;0.00885907;0.00166269;0.003426;-0.000375755;0.00258548;1;1;0;0.874349;0;1;
76;0.0537661;-0.0564345;0.0537494;-0.0536787;0.053522;-0.053853;0.253014;-0.21431;0.261139;-0.196045;0.229507;-0.209174;0.00530883;-0.00985247;0.0117571;0.0159771;-0.000219995;0.00150942;1;1;1;0.970781;0;1;
77;0.147104;-0.148664;0.1471;-0.147058;0.146967;-0.14716;0.238089;-0.180652;0.242834;-0.188633;0.197233;-0.200884;0.00310099;-0.0205402;0.00686728;0.0093323;-0.000129012;-0.0127647;1;1;1;1;0;1;
78;0.214883;-0.215794;0.214878;-0.214856;0.214803;-0.214916;0.214107;-0.156149;0.216876;-0.145848;0.190242;-0.171392;0.00616346;-0.0131132;0.00401122;-0.0205329;-7.57916e-05;-0.014032;0;1;0;1;0;1;
79;0.256765;-0.257296;0.256759;-0.25675;0.256719;-0.256786;0.181499;-0.141166;0.183115;-0.0977029;0.167558;-0.156547;0.00360117;-0.0157333;0.00234388;-0.0119924;-4.47639e-05;-0.00819568;0;1;0;1;0;1;
80;0.280167;-0.280479;0.280163;-0.280159;0.280139;-0.28018;0.139211;-0.115654;0.140156;-0.0694465;0.131069;-0.124636;0.00210432;-0.0100354;0.00669178;-0.00700627;0.00630868;-0.00484847;0;1;0;0.87528;1;1;
81;0.291171;-0.291356;0.283917;-0.291167;0.291153;-0.291178;0.0831553;-0.069399;0.0837101;-0.0424125;0.0784045;-0.0746421;0.00123018;-0.0210151;0.00970681;-0.00622166;0.0208663;-0.00820167;0;0.806833;0;0.54211;1;1;
82;0.266314;-0.305578;0.270024;-0.292823;0.288027;-0.29283;0.00885627;-0.000823881;0.00918257;0.0149384;0.00608757;-0.00388405;0.0105484;-0.0245259;0.0305828;-0.0036337;0.0306556;-0.0124421;0.299708;0.765425;0;0;0;1;
83;0.24258;-0.292473;0.246955;-0.285027;0.25941;-0.285031;-0.0764735;0.0811677;-0.0762816;0.0903786;-0.0668664;0.0793863;0.0367279;-0.0161194;0.0456836;-0.0021223;0.0739597;-0.00726645;1;0;1;0;1;1;
84;0.212356;-0.270241;0.216376;-0.265893;0.221976;-0.265895;-0.149778;0.152526;-0.149659;0.157907;-0.107738;0.151487;0.0333794;-0.00994296;0.0397297;-0.00123981;0.0658053;-0.00424399;1;0;1;1;1;0;
85;0.204175;-0.237981;0.206524;-0.235442;0.209794;-0.235444;-0.199308;0.200918;-0.199076;0.20406;-0.13841;0.200311;0.0194994;-0.00580709;0.023478;-0.000724492;0.0537227;-0.00247889;1;0;1;0.965007;1;0;
86;0.176084;-0.195827;0.177456;-0.194345;0.179365;-0.194345;-0.228773;0.229718;-0.212593;0.231553;-0.167716;0.229364;0.0113918;-0.00339179;0.0137149;-0.000423596;0.0330382;-0.00144816;1;1;1;0;1;0;
87;0.129662;-0.141193;0.130464;-0.140327;0.131579;-0.140327;-0.243583;0.245094;-0.21774;0.246166;-0.186732;0.244888;0.00665498;-0.00198133;0.00801165;-0.000247877;0.0192991;-0.00084621;1;1;1;0;1;0;
88;0.0615571;-0.0682913;0.0620258;-0.0677853;0.062677;-0.0677856;-0.240674;0.251162;-0.220757;0.250759;-0.194451;0.251078;0.00388622;0.000646264;0.00467933;-0.000145265;0.0112715;-0.000494703;1;1;1;0;1;0;
89;-0.029343;0.025409;-0.029069;0.025706;-0.0286889;0.0257058;-0.228914;0.244164;-0.21452;0.235564;-0.190521;0.236152;0.00226863;0.00037702;0.00273252;-8.53717e-05;0.00658034;-0.000289439;1;1;1;0;1;0;
90;-0.125375;0.123078;-0.125215;0.123251;-0.124993;0.123251;-0.197234;0.236379;-0.194291;0.219038;-0.171295;0.20645;-0.00303847;0.000221272;-0.00348583;-4.91914e-05;-0.00646753;-0.000169529;1;1;1;0.33137;1;0;
91;-0.200183;0.198841;-0.200089;0.198942;-0.19996;0.198942;-0.157712;0.217665;-0.163439;0.207538;-0.147468;0.200183;-0.00652841;0.00123753;-0.00816908;0.00298598;-0.021863;-9.94571e-05;1;0.35553;1;1;1;0;
92;-0.248051;0.247266;-0.247997;0.247325;-0.247923;0.247327;-0.128145;0.189055;-0.135187;0.183141;-0.110059;0.178841;-0.00381356;0.021568;-0.00722621;0.0106559;-0.0290283;-5.85448e-05;1;0;1;1;1;0;
93;-0.275547;0.275088;-0.275516;0.275121;-0.275473;0.275124;-0.113161;0.150666;-0.119202;0.147215;-0.075326;0.144697;-0.0022259;0.0125976;-0.00422176;0.0171585;-0.0191835;-3.46239e-05;1;0;1;0;1;0;
94;-0.289368;0.2891;-0.28935;0.289119;-0.289328;0.28912;-0.0776026;0.0995107;-0.0811323;0.0974952;-0.0555104;0.0960235;-0.00129908;0.007359;-0.00473672;0.0106902;-0.0175632;0.00437954;0.784394;0;1;0;1;1;
95;-0.293383;0.293226;-0.292232;0.293236;-0.303709;0.292513;-0.0178629;0.03066;-0.0199243;0.0294819;-0.00496337;0.0286237;-0.00260083;0.00429922;-0.00633324;0.00823722;-0.0263945;0.0078567;0.00144162;0;0.521976;0;0;1;
96;-0.288308;0.26945;-0.287487;0.28503;-0.294338;0.259537;0.0608897;-0.0534075;0.0596851;-0.0541038;0.0684233;-0.0545997;-0.0015198;0.0578511;-0.00370087;0.0126251;-0.0154148;0.0312143;0;1;0;0.299978;1;0.845893;
97;-0.272389;0.238729;-0.271911;0.270473;-0.275911;0.237256;0.136405;-0.0968759;0.135702;-0.132439;0.140806;-0.13272;-0.0024335;0.0651865;-0.00426949;0.0166789;-0.0090027;0.0251275;0;1;0;0.691017;0;1;
98;-0.24491;0.225252;-0.244632;0.24379;-0.246967;0.224392;0.190605;-0.137922;0.190193;-0.188284;0.193175;-0.188443;-0.00142206;0.0544579;-0.00249522;0.0135057;-0.00525796;0.0146793;0;1;0;0.772927;0;1;
