1;-0.000363584;0.000116064;9.94833e-05;-0.000363585;0.000116064;9.94832e-05;0.0349769;0.0347456;0.0352595;0.0349771;0.0347458;0.0352597;0.808667;0.808665;0.808666;0.808667;0.808665;0.808666;0;0;0;0;0;0;
2;-0.0176429;0.00260794;0.00437234;0.0263294;-0.00102443;-0.00131862;0.127868;0.122857;0.128866;0.126355;0.13148;0.134185;0.472341;0.472337;0.472339;0.472336;0.472331;0.472333;1;0;0;1;1;1;
3;-0.0172016;0.00186042;0.00407585;0.0247236;-0.000994876;-0.00239792;0.0747628;0.0716706;0.0753507;0.0737168;0.0768765;0.0782819;0.27586;0.275861;0.275863;0.275863;0.275857;0.275853;0;0;0;0;0;0;
4;-0.00960073;-0.0171927;-0.0404775;0.0141514;0.00655315;0.00141;0.0436381;0.0418873;0.0524321;0.0435681;0.0448733;0.0457472;0.161106;0.161107;0.161114;0.16111;0.161105;0.161102;0;0;0;0;0;0;
5;-0.00473043;-0.0109159;-0.0227653;0.0128333;0.00470337;-0.0043764;0.0489491;0.0252098;0.0303666;0.0287719;0.0260961;0.0269697;0.094088;0.0940862;0.0940934;0.0940904;0.0940867;0.0940823;0;0;0;0;0;0;
6;-0.00165542;0.00712647;-0.0119758;0.0114571;0.00385406;-0.00682656;0.0279302;0.0153782;0.0205665;0.0181371;0.0145836;0.0164094;0.0549482;0.0549447;0.0549542;0.0549487;0.054947;0.0549461;0;0;0.529265;0;0;0;
7;0.000276447;0.00494789;-0.00575062;0.00544739;0.00349403;-0.00593729;0.0150089;0.00895682;0.0134506;0.0112567;0.00721514;0.0141483;0.0320891;0.0320872;0.0320962;0.0320894;0.0320886;0.0320911;0;0.303414;0.897348;0;0;0.273059;
8;-0.000121206;0.00298978;-0.00222471;0.00204773;0.00169835;-0.00544517;0.0065192;0.0122073;0.0163531;0.00710143;0.0122734;0.0232646;0.0187417;0.0187395;0.0187466;0.0187407;0.0187418;0.0187429;0.702232;0.635447;1;0.535289;0.668623;0.958894;
9;0.000147176;0.00181314;-0.000923695;0.0016249;-8.48049e-05;-0.00210353;0.0201669;0.0178309;0.0291217;0.0100634;0.020863;0.0198053;0.0109455;0.0109463;0.0109493;0.0109459;0.0109454;0.0109489;0.857556;0.942642;1;0.678484;0.708896;1;
10;-7.87916e-05;0.00134753;-0.000384005;-0.000841197;0.00174055;-0.00301892;0.0271725;0.0207961;0.0344342;0.0123407;0.0256859;0.0195951;0.0063931;0.00639547;0.00639627;0.00639444;0.00639293;0.00639707;0.940277;1;1;0.779298;0.723458;1;
11;-0.00108763;0.00182853;-0.00126408;-0.00778229;0.00830708;-0.00905464;0.0322629;0.0219314;0.038491;0.012957;0.0287691;0.0185298;0.00373466;0.00422439;0.00373733;0.00373693;0.00373425;0.00398858;0.978014;1;1;0.852638;0.722463;1;
12;-0.00300639;0.00343887;-0.00310939;-0.0211424;0.021448;-0.0218864;0.0358533;0.0220645;0.0416186;0.012608;0.0304602;0.0166949;0.00218216;0.00527769;0.00218454;0.00345282;0.00218144;0.00409461;0.991866;1;1;0.893374;0.711419;1;
13;-0.00617207;0.00642428;-0.00623216;-0.0432599;0.043437;-0.0436959;0.0372417;0.0222731;0.0431075;0.0128909;0.0309127;0.0161074;0.00127552;0.00586547;0.0012779;0.00430738;0.00127457;0.0037451;1;1;1;0.905308;0.726816;1;
14;-0.0108888;0.0110355;-0.0109239;-0.0762516;0.0763532;-0.0765086;0.0347732;0.0239774;0.0413551;0.0160394;0.0295573;0.0184189;0.000746258;0.00490574;0.00194338;0.00442639;0.000745291;0.00266436;1;1;1;0.876554;0.819202;1;
15;-0.0172389;0.0173239;-0.0172595;-0.120687;0.120744;-0.12084;0.0266627;0.0283627;0.0339103;0.024957;0.025592;0.026604;0.000790971;0.00286677;0.00614521;0.00347579;0.00126028;0.00155757;1;1;1;0.776715;1;1;
16;-0.0247863;0.0248343;-0.0247983;-0.173506;0.173537;-0.173599;0.00923849;0.0353352;0.0178245;0.0440529;0.0211536;0.0452384;0.00482904;0.00167355;0.0127184;0.00203106;0.00839556;-0.00104172;1;0.659178;1;0.574412;1;1;
17;-0.0323236;0.0323509;-0.03233;-0.226251;0.226264;-0.226309;-0.0236121;0.053512;-0.0160174;0.0586055;0.00160361;0.059299;0.0188341;0.000102782;0.0261781;0.00118679;0.0228156;-0.000607713;1;0;1;0.380601;1;0.946341;
18;-0.0379461;0.0627399;-0.0381334;-0.265607;0.26561;-0.265641;-0.0753458;0.0928144;-0.0709083;0.0957901;-0.0262841;0.0961961;0.0257904;-0.0033464;0.0262882;0.000692406;0.0474218;-0.000849014;1;0;1;0;1;0.146054;
19;-0.0446954;0.0539988;-0.039629;-0.276627;0.276628;-0.276647;-0.131778;0.141987;-0.129182;0.143724;-0.0727164;0.143961;0.0186987;-0.00195472;0.0232948;0.000403996;0.0651903;-0.000497239;1;0;1;0;1;0;
20;-0.0383299;0.0437616;-0.0353703;-0.247135;0.247137;-0.247147;-0.179077;0.185044;-0.175165;0.186059;-0.112513;0.186195;0.0111503;-0.001142;0.0206144;0.000235513;0.056679;-0.00345764;1;0;1;0;1;0;
21;-0.00251396;0.0377797;-0.0141342;-0.132114;0.132109;-0.132111;0.00173619;0.00176851;0.00401788;0.00236376;0.0406093;0.00244602;-0.0136356;0.0569034;-0.0342299;0.0213085;0.0259577;0.0122797;0;0;0;0;0;0;
22;-0.00313586;0.0129282;0.000883173;-0.0132108;0.0132109;-0.0132014;-0.103998;0.106048;-0.102667;0.106384;-0.0794758;0.106431;0.0441203;0.033231;0.0306311;0.0124437;0.104004;-0.00729905;1;0;1;0;1;0;
23;0.021781;-0.016064;0.0241295;0.157578;-0.157566;0.157578;-0.16019;0.161393;-0.155163;0.161588;-0.0734602;0.161614;0.0257716;0.0194064;0.0451814;-0.0146264;0.068783;-0.037385;1;0;1;0;1;0;
24;0.129977;-0.126632;0.131343;-0.0252248;0.0252082;-0.0252093;-0.00485938;0.0055768;-0.00192849;0.00568397;0.045789;0.00569792;-0.0262741;0.0298062;-0.02976;0.0287646;-0.0593602;-0.0146474;0;0;0;0.103482;0.0771704;1;
25;0.205178;-0.203221;0.205978;-0.143997;0.143979;-0.143989;0.0704106;-0.0651035;0.0721212;-0.0699259;0.0999801;-0.0699194;-0.0153426;0.0531042;-0.0173824;0.0385642;-0.038361;0.0192679;0;1;0;0.742858;0;1;
26;0.25101;-0.249868;0.251484;-0.215283;0.215271;-0.215281;0.0954556;-0.0414859;0.0964546;-0.081132;0.10756;-0.0928781;-0.00895961;0.0310189;-0.0101508;0.0225282;-0.0224047;0.0112562;0;1;0;0.889431;0;1;
27;0.27658;-0.275916;0.276861;-0.255717;0.255712;-0.255719;0.0862068;-0.020491;0.0867909;-0.0406031;0.093278;-0.0599717;-0.00523307;0.0181162;-0.00592795;0.0131584;-0.0130837;0.00657179;0;1;0;0.550162;0;1;
28;0.287019;-0.288314;0.288865;-0.276517;0.276515;-0.276519;0.048423;0.0189597;0.0487648;-0.0217885;0.0525542;-0.0331019;-0.00305523;0.0105771;-0.00262906;0.0076862;-0.0076398;0.00383657;0.657026;1;0.135082;0.487245;0;0.855682;
29;0.28164;-0.291629;0.288408;-0.283598;0.279869;-0.283599;-0.015997;0.0553526;-0.0157979;0.0315567;-0.0135824;0.0249506;0.013462;-0.0032311;0.0124479;0.00306927;0.0392167;-0.00238385;1;0;1;0.355793;1;0.864571;
30;0.263395;-0.283122;0.274107;-0.278432;0.247953;-0.278433;-0.094407;0.117397;-0.0942853;0.103498;-0.0651939;0.0996423;0.0222438;-0.00188741;0.0345274;-0.00589427;0.0581389;-0.00566229;0.987674;0;1;0;1;0;
31;0.250673;-0.263;0.257734;-0.260261;0.215176;-0.260262;-0.161487;0.174918;-0.161407;0.1668;-0.114255;0.164548;0.0147975;-0.00110268;0.0281057;-0.00499481;0.0654427;-0.00507329;0.993362;0;1;0;1;0;
32;0.22439;-0.231592;0.228516;-0.229991;0.20366;-0.229992;-0.206363;0.214213;-0.20521;0.209471;-0.145399;0.208156;0.0171;-0.000643916;0.0164203;-0.0029174;0.0448599;-0.00296323;1;1;1;0;1;0;
33;0.185216;-0.189424;0.187626;-0.188488;0.173109;-0.188488;-0.232794;0.2374;-0.213975;0.23463;-0.175263;0.233862;0.0116665;0.0016788;0.00959262;-0.00170423;0.026981;-0.00173108;1;1;1;0;1;0;
34;0.131401;-0.133859;0.132808;-0.133311;0.124331;-0.133312;-0.242416;0.249363;-0.221024;0.247745;-0.192693;0.247297;0.00681571;0.000979643;0.00560421;-0.00099574;0.0157601;-0.00101142;1;1;1;1;1;0;
35;0.057706;-0.0591417;0.0585283;-0.0588217;0.0535774;-0.0588219;-0.238465;0.249672;-0.221536;0.25156;-0.198256;0.251129;0.00398014;0.000571581;0.0032728;-0.000581966;0.00920368;-0.000590911;1;1;1;1;1;0;
36;-0.0367811;0.0359429;-0.0363007;0.0361297;-0.0391921;0.0361294;-0.224076;0.244001;-0.214176;0.240006;-0.196669;0.241846;0.00232363;0.000334129;0.00191118;-0.000339716;0.00537254;-0.000344327;1;1;1;1;1;0;
37;-0.132712;0.132222;-0.132431;0.132331;-0.13412;0.132331;-0.198783;0.235054;-0.203133;0.232718;-0.170459;0.233794;-0.00327216;0.000641891;-0.00365856;-0.000198785;-0.0062545;-0.000200532;1;1;1;1;1;0;
38;-0.20537;0.20523;-0.206031;0.205254;-0.206552;0.205073;-0.167262;0.231287;-0.162924;0.214103;-0.123213;0.214975;-0.012119;0.0334366;-0.0725085;0.00213223;-0.0258389;0.00117329;1;1;1;1;1;0;
39;-0.251158;0.251071;-0.251545;0.251091;-0.251851;0.250985;-0.156866;0.188863;-0.154857;0.18499;-0.0833052;0.179315;-0.00952013;0.034413;-0.0423483;0.00977987;-0.00454567;0.00724467;1;0;1;1;1;0;
40;-0.277202;0.277148;-0.277428;0.277163;-0.277609;0.277101;-0.129334;0.148026;-0.128161;0.145763;-0.0637954;0.142447;-0.014259;0.026271;-0.0247344;0.00772421;-0.0211396;0.00423208;1;0;1;1;1;0;
41;-0.290022;0.289989;-0.290154;0.289999;-0.290263;0.289961;-0.0835832;0.0945049;-0.0828993;0.0931829;-0.0453104;0.0912439;-0.00832905;0.0153448;-0.0144475;0.00964049;-0.0171946;0.00247264;1;0;1;0.0623459;1;0;
42;-0.304122;0.293183;-0.302827;0.294566;-0.316342;0.293167;-0.0168824;0.0232637;-0.0164838;0.022491;0.00546449;0.021357;-0.00791187;0.00896351;-0.00974164;0.0145682;-0.0296223;0.00144517;0.00212868;0;0.310155;0;0.0740007;0;
43;-0.294843;0.266383;-0.292788;0.272548;-0.304085;0.263068;0.0654373;-0.0617023;0.0656699;-0.0621575;0.0784848;-0.0628212;-0.0047154;0.0577705;-0.00569021;0.0174548;-0.0180982;0.00675863;0;1;0;0.620728;0;1;
44;-0.274563;0.251757;-0.273363;0.261542;-0.282112;0.256005;0.140806;-0.0978806;0.140944;-0.138888;0.148426;-0.139269;-0.0142374;0.0577413;-0.00661171;0.02366;-0.0173081;0.0302408;0;1;0;0.622319;0;1;
45;-0.244121;0.230799;-0.243419;0.236515;-0.248528;0.233282;0.193564;-0.139954;0.193645;-0.192439;0.198015;-0.192656;-0.0108878;0.0558825;-0.00480501;0.0206437;-0.0101083;0.0184106;0;1;0;0.67702;0;1;
46;-0.203838;0.196056;-0.203428;0.199395;-0.206411;0.197507;0.225522;-0.166932;0.22557;-0.22486;0.228122;-0.221975;-0.00635887;0.0346031;-0.00280656;0.0128272;-0.00590367;0.0107549;0;1;0;0.778993;1;1;
47;-0.151761;0.147216;-0.151522;0.149167;-0.153264;0.148064;0.242988;-0.189522;0.243016;-0.238728;0.244506;-0.220467;-0.00371401;0.020213;-0.00163918;0.00749428;-0.00344823;0.00628165;0;1;0;0.803442;1;1;
48;-0.0825074;0.0798565;-0.0823722;0.0809925;-0.0833854;0.0803489;0.250637;-0.200484;0.250654;-0.2355;0.251523;-0.229564;-0.00216916;0.0118049;0.00826719;0.00437837;-0.00201428;0.00366856;1;1;0;0.856769;1;1;
49;0.00805003;-0.00959779;0.00812832;-0.00893444;0.00753742;-0.00931024;0.244758;-0.198669;0.256609;-0.227315;0.246425;-0.219065;-0.00126686;0.00689282;0.00482898;0.00255605;-0.00117611;-0.00194205;1;1;1;1;1;1;
50;0.107151;-0.108056;0.107198;-0.107672;0.106856;-0.107892;0.238706;-0.202417;0.251569;-0.186978;0.23968;-0.199071;0.000968754;-0.0130693;0.0157076;0.0111375;-0.000685553;-0.00591443;0;1;1;0.981618;1;1;
51;0.187734;-0.188267;0.187772;-0.188048;0.187573;-0.188179;0.221775;-0.181391;0.229288;-0.150566;0.222345;-0.189042;0.0017979;-0.0259755;0.0132345;0.0127117;0.00297748;-0.00984434;0;1;1;0.922181;1;1;
52;0.240546;-0.240858;0.240568;-0.240731;0.240453;-0.240808;0.194761;-0.148085;0.199148;-0.13223;0.195094;-0.175642;0.00105155;-0.0198754;0.00773052;0.00742349;0.00900975;-0.00810319;0;1;0;1;0;1;
53;0.271398;-0.271582;0.27141;-0.271506;0.27134;-0.271551;0.158164;-0.124286;0.160729;-0.121644;0.158364;-0.146999;0.0108959;-0.0116084;0.004517;0.00343271;0.0201369;-0.0096855;0;1;0;0.970052;0;1;
54;0.287438;-0.28755;0.287448;-0.287506;0.287409;-0.287534;0.109568;-0.0897779;0.111062;-0.0882349;0.109688;-0.103043;0.0114812;-0.0127942;0.00263892;-0.00293449;0.0349103;-0.0180839;0;1;0;0.634923;0;1;
55;0.289724;-0.30368;0.292254;-0.296146;0.31392;-0.315159;0.0440238;-0.0324688;0.0448948;-0.0315658;0.0440948;-0.0402163;0.00670595;-0.0341575;0.00154067;-0.00599197;0.020389;-0.0176449;0;1;0;0.392912;0;0.918757;
56;0.274394;-0.297309;0.285453;-0.291558;0.301937;-0.303202;-0.0384321;0.0451804;-0.0379246;0.0457089;-0.0383874;0.0406554;0.0107848;-0.0251656;0.00876936;-0.00349961;0.050752;-0.011771;1;0;1;0;1;0;
57;0.255136;-0.280332;0.273331;-0.276974;0.283035;-0.283777;-0.119782;0.12373;-0.119482;0.124039;-0.0917697;0.121086;0.0299751;-0.0146977;0.0287878;-0.00204413;0.0620191;-0.00687705;0.905526;0;1;0;1;0;
58;0.238276;-0.252992;0.248903;-0.251031;0.254571;-0.255007;-0.180034;0.182344;-0.179851;0.182525;-0.129398;0.180798;0.0181745;-0.00858387;0.0168178;-0.00119415;0.0605984;-0.00413082;0.969306;0;1;1;1;0;
59;0.207076;-0.215672;0.213283;-0.214526;0.216593;-0.216848;-0.217643;0.218996;-0.216783;0.219102;-0.165497;0.218093;0.0106178;-0.00501339;0.0098261;-0.000697842;0.0386016;-0.00241283;1;1;1;0;1;0;
60;0.162843;-0.166503;0.166589;-0.166846;0.167182;-0.168401;-0.239373;0.239644;-0.154674;0.240165;-0.18714;0.239729;0.00652995;-0.00292824;-0.11694;-0.000188965;0.0197407;-0.00290878;1;1;1;0;1;0;
61;0.100928;-0.103066;0.103117;-0.103266;0.103463;-0.104174;-0.246548;0.249537;-0.199908;0.249841;-0.187905;0.249587;0.00381349;-0.00171044;-0.0682917;-0.000110907;0.0115299;-0.00169893;1;1;1;0;1;0;
62;0.0171676;-0.0184168;0.018446;-0.0185334;0.018652;-0.0190664;-0.233634;0.244974;-0.222444;0.244961;-0.190709;0.240023;0.00222603;-0.000999312;-0.0398833;-6.52662e-05;0.00673416;-0.000993084;1;1;1;0;1;0;
63;-0.0777387;0.0774386;-0.0770957;0.0770105;-0.0773054;0.0766735;-0.208877;0.245248;-0.180238;0.216137;-0.171981;0.236588;-0.0184033;0.000759865;-0.116142;-0.000572923;-0.00859138;-0.00138571;1;1;1;0;1;0;
64;-0.166652;0.166477;-0.166278;0.166226;-0.166399;0.16603;-0.180467;0.229731;-0.189065;0.222201;-0.159051;0.224672;-0.0107497;0.000444632;-0.0678281;0.00522969;-0.00510193;-0.00080965;1;1;1;0.366439;1;0;
65;-0.22754;0.227435;-0.227322;0.227287;-0.22739;0.227177;-0.135648;0.205696;-0.171046;0.20004;-0.140429;0.201479;-0.0062771;0.0237105;-0.0396144;0.0111115;-0.0215929;-0.00047258;1;0;1;1;1;0;
66;-0.264063;0.263998;-0.263935;0.26391;-0.263974;0.263852;-0.125477;0.170775;-0.150533;0.16747;-0.110018;0.168307;-0.00366645;0.0210623;-0.0231401;0.0109536;-0.0126141;-0.000274693;0.965002;0;1;0;1;0;
67;-0.283849;0.283812;-0.283775;0.283755;-0.283796;0.283725;-0.0988306;0.125293;-0.113468;0.123362;-0.089807;0.123852;-0.00100876;0.012303;-0.0139607;0.00711458;-0.0101843;0.00985611;1;0;1;0;1;0;
68;-0.292274;0.292252;-0.292231;0.2859;-0.29577;0.292201;-0.0490617;0.064521;-0.0576123;0.0633916;-0.0437955;0.0636786;-0.000588697;0.00718694;-0.00991569;0.00415632;-0.0316556;0.0120348;0.621188;0;1;0;1;0;
69;-0.29156;0.285859;-0.292865;0.277903;-0.300788;0.276292;0.0234467;-0.0144157;0.0184532;-0.0150772;0.0265201;-0.0149096;-0.00213253;0.0277828;-0.00761596;0.00750864;-0.0316148;0.0178495;0;0.068225;0;0.500268;0;0.698801;
70;-0.280867;0.253933;-0.281631;0.269613;-0.299929;0.254284;0.104076;-0.0765016;0.101162;-0.0991826;0.105869;-0.09908;-0.00576536;0.0644058;-0.00444743;0.0325606;-0.0371116;0.0557157;0;1;0;0.936849;0;1;
71;-0.258533;0.242802;-0.258981;0.251961;-0.269669;0.243007;0.168883;-0.116322;0.167184;-0.166021;0.169931;-0.165951;-0.00902214;0.0670275;-0.00259708;0.026658;-0.0295;0.045978;0;1;0;0.608997;0;1;
72;-0.225186;0.215998;-0.225447;0.221346;-0.231689;0.216117;0.21095;-0.146047;0.209958;-0.209273;0.211562;-0.206342;-0.00526933;0.0465483;-0.00151712;0.0156928;-0.0172283;0.026858;0;1;0;0.827486;1;1;
73;-0.180933;0.175566;-0.181086;0.17869;-0.184731;0.175636;0.235315;-0.171288;0.234735;-0.234026;0.235672;-0.213776;-0.00307772;0.0271932;-0.000886486;0.00942205;-0.0100617;0.0156881;0;1;0;0.8459;0;1;
74;-0.122461;0.119327;-0.12255;0.121151;-0.124679;0.119368;0.24774;-0.191454;0.247401;-0.238376;0.247948;-0.215458;-0.00179685;0.0158846;-0.000518204;0.00550486;-0.00587654;0.00916376;1;1;0;0.865422;0;1;
75;-0.0438909;0.0420606;-0.0439417;0.0431246;-0.0451849;0.0420833;0.251063;-0.195101;0.248323;-0.23359;0.247243;-0.221115;0.00406182;0.00927672;-0.000303149;0.00321497;-0.0034324;0.00535174;1;1;0;0.978029;0;1;
76;0.0534524;-0.0545209;0.0534217;-0.0538997;0.0526967;-0.0545076;0.230822;-0.192999;0.251735;-0.213255;0.229934;-0.210385;0.00237169;0.00541503;0.00551231;0.00187682;-0.00200507;0.00312485;1;1;1;1;0;1;
77;0.146927;-0.147549;0.146901;-0.147186;0.146485;-0.147542;0.219103;-0.182702;0.253294;-0.158102;0.193333;-0.185688;0.00138461;-0.0110326;0.0289862;-0.0109148;-0.0011715;-0.00422667;0.586235;1;1;1;0;1;
78;0.214779;-0.215145;0.214764;-0.214931;0.214522;-0.215139;0.203015;-0.149259;0.22299;-0.130816;0.162723;-0.163798;0.000808114;-0.0230417;0.0178946;-0.00637464;-0.000684472;-0.0024691;0;1;1;1;0;1;
79;0.256705;-0.256921;0.256696;-0.256794;0.256554;-0.256916;0.175017;-0.10896;0.18669;-0.0846591;0.151486;-0.151603;0.000471508;-0.0238567;0.0226215;-0.0253375;-0.00040029;-0.00144212;0.277447;1;0;1;0;0.895666;
80;0.280132;-0.280262;0.280126;-0.280185;0.280043;-0.280256;0.135423;-0.0856566;0.142244;-0.0515447;0.121686;-0.121751;0.000275399;-0.0139363;0.0132133;-0.0152428;0.011775;-0.00634703;0.529801;1;0;1;1;1;
81;0.291152;-0.318295;0.291147;-0.291183;0.291096;-0.291224;0.080941;-0.0518754;0.0849288;-0.0319564;0.0729263;-0.0729598;0.000161261;-0.00829498;0.00771866;-0.00890632;0.0283285;-0.0166723;1;1;0;0.95443;1;0.945457;
82;0.2951;-0.335931;0.282661;-0.306036;0.268287;-0.307723;0.00756665;0.00941045;0.0098911;0.0210424;0.00289161;-0.00290447;0.0355229;-0.0191047;0.00937858;-0.0239023;0.0388246;-0.01271;1;0.55763;0;0.125109;0;0;
83;0.286339;-0.310206;0.265553;-0.292743;0.2614;-0.29373;-0.077224;0.087145;-0.0758687;0.0939432;-0.0573093;0.0799554;0.0473727;-0.020819;0.0340474;-0.0139592;0.0604952;-0.0115626;1;0;1;0;1;0;
84;0.266658;-0.280597;0.254518;-0.270399;0.252093;-0.270977;-0.150218;0.156018;-0.14942;0.159988;-0.104365;0.151818;0.0299811;-0.0121587;0.021819;-0.00815249;0.068226;-0.00675473;1;0;1;0.0144853;1;0;
85;0.235888;-0.24403;0.228799;-0.238074;0.227383;-0.238413;-0.199564;0.202957;-0.199094;0.205276;-0.143927;0.200504;0.0175814;-0.00710109;0.0127466;-0.00476146;0.0496479;-0.00394619;1;0;1;1;1;0;
86;0.194605;-0.199362;0.190465;-0.195882;0.189637;-0.196079;-0.228923;0.23091;-0.218087;0.232263;-0.17572;0.229476;0.0102714;-0.0041463;0.00744717;-0.00278115;0.0299775;-0.00230503;1;1;1;1;1;0;
87;0.140479;-0.143257;0.138061;-0.141225;0.137579;-0.141341;-0.240926;0.245791;-0.223809;0.246582;-0.195755;0.244953;0.00600127;-0.00242195;0.0043497;-0.00162335;0.0175106;-0.00134665;1;1;1;1;1;0;
88;0.0678741;-0.0694967;0.0664625;-0.068311;0.0661819;-0.0683775;-0.236089;0.250078;-0.220356;0.25234;-0.207001;0.250919;0.00350617;-0.00141493;0.00253997;-0.000946319;0.0102259;-0.00078693;1;1;1;1;1;0;
89;-0.0256543;0.0247066;-0.0264786;0.0253987;-0.0266413;0.0253601;-0.219402;0.243478;-0.214318;0.25372;-0.202293;0.240308;0.00204765;-0.000826128;0.00148275;-0.000550957;0.00596893;-0.000459319;1;1;1;1;1;0;
90;-0.123221;0.122667;-0.123702;0.123071;-0.123797;0.123048;-0.189338;0.242016;-0.187098;0.241961;-0.190547;0.234127;0.00435042;0.0128062;-0.00459242;0.00727982;-0.00919362;0.00274466;1;1;1;1;1;0;
91;-0.199373;0.198744;-0.416972;0.199462;-0.198684;0.198719;-0.129194;0.223282;0.614237;0.231791;-0.161961;0.222894;0.0240163;0.0166581;-0.430679;-0.0149066;-0.0591529;0.0200634;1;1;1;0;1;0;
92;-0.247576;0.247213;-0.230147;0.247629;-0.24718;0.247196;-0.0786892;0.192332;0.296884;0.197302;-0.158272;0.192105;0.0319294;0.0285344;-0.251558;0.009994;-0.0477058;0.0117174;1;0;0;1;1;0;
93;-0.275271;0.275057;-0.264927;0.275297;-0.275037;0.275047;-0.0424006;0.152579;0.133132;0.155485;-0.132685;0.152447;0.0186504;0.0192786;-0.146908;0.0261378;-0.0278669;0.0169413;1;0;0;0;1;0.231027;
94;-0.289209;0.289083;-0.283168;0.28922;-0.289072;0.289077;0.0146838;0.100629;0.0662316;0.102326;-0.0890106;0.100556;0.0108917;0.0292522;-0.0857904;0.0152693;-0.0247114;0.0361348;1;0;0;0;0.612431;0;
95;-0.322305;0.307104;-0.289762;0.287586;-0.337335;0.315517;0.0369407;0.0313129;0.0699694;0.0323039;-0.0245275;0.0312739;0.00636363;0.020639;-0.0500995;0.0131167;-0.022302;0.02642;1;0.630107;0;0.34048;0.92287;0;
96;-0.305863;0.273234;-0.296138;0.251858;-0.313976;0.301233;0.0928954;-0.0469994;0.112186;-0.0524466;0.0569976;-0.0530523;0.000977575;0.0627322;-0.0292567;0.0337261;-0.0130252;0.0276639;0;1;0;1;1;1;
97;-0.282642;0.263148;-0.276964;0.236722;-0.28738;0.279938;0.155098;-0.10172;0.166363;-0.131468;0.134133;-0.131816;0.000570499;0.062887;-0.0170856;0.0269217;-0.00760712;0.0271126;0;1;0;0.541734;0;1;
98;-0.250898;0.239514;-0.247584;0.224079;-0.253665;0.249319;0.201522;-0.134099;0.208101;-0.187716;0.189278;-0.187913;0.000332714;0.0563064;-0.00997748;0.0211835;-0.00444295;0.019387;0;1;0;0.769516;0;1;
