1;-0.000363586;0.000116064;9.94835e-05;-0.000363586;0.000116064;9.94835e-05;0.0349769;0.0347456;0.0352595;0.034977;0.0347457;0.0352595;0.808667;0.808665;0.808666;0.808667;0.808665;0.808666;0;0;0;0;0;0;
2;-0.0234312;-0.0173266;-0.0146611;-0.0178904;-0.0169803;-0.0172383;0.0643952;-0.0650897;-0.0431001;0.0302675;0.0802045;0.0531763;0.472352;0.472336;0.47234;0.472376;0.472304;0.472366;1;1;1;0.866578;1;0;
3;-0.0132567;-0.0143967;-0.0330428;-0.0100739;-0.0196641;-0.0252902;0.114573;0.0182351;0.0731779;0.0210517;0.0500894;0.0456755;0.275869;0.275847;0.275853;0.275871;0.275836;0.27587;1;1;1;1;0;0;
4;-0.00686125;-0.0117441;-0.0221485;0.0177978;-0.0240643;-0.0154033;0.068663;0.0185441;0.0745129;0.042388;0.0337571;0.0329296;0.161116;0.161095;0.161109;0.161113;0.161092;0.161112;0;1;1;1;0;0;
5;-0.00965452;-0.0153635;-0.0120575;0.0139471;-0.0131758;-0.0383362;0.0398459;0.0142143;0.045296;0.0472166;0.0238123;0.0194849;0.0940929;0.0940803;0.0940929;0.0940946;0.0940794;0.0940888;0;1;1;0;0;0;
6;-0.0127991;-0.0100804;-0.000612852;0.00703852;-0.00525812;-0.0304153;0.0231591;0.00895898;0.0257982;0.0326783;0.0143339;0.0233219;0.0549539;0.0549427;0.0549523;0.0549532;0.0549426;0.0549485;0;1;0;0;0;1;
7;-0.00623251;-0.010169;0.0182286;0.00286763;-0.00182656;-0.0190074;0.0222703;0.00653265;0.017753;0.0286553;0.00706877;0.0299341;0.0320958;0.0320866;0.0320942;0.0320939;0.0320859;0.0320912;0;1;0;0;0;1;
8;-0.0194464;-0.0125667;0.0132136;0.00865902;0.0080784;-0.0122335;0.0116961;0.012408;0.0147345;0.0196743;0.001638;0.0277153;0.018746;0.0187391;0.018745;0.0187437;0.0187377;0.0187419;0;1;0;0;0;1;
9;-0.0246436;-0.00860768;0.0193285;0.00451878;0.0144503;-0.00768203;0.00684225;0.0145305;0.00667587;0.0116838;-0.013792;0.0267549;0.0109513;0.0109441;0.0109484;0.0109464;0.0109423;0.0109431;0;1;0;0;0.46425;1;
10;-0.0257505;-0.00413265;0.0186573;0.00482003;0.0138478;-0.00476748;0.00143989;0.0240317;0.000243285;0.00368216;-0.0124442;0.0287955;0.00761392;0.00639265;0.00639557;0.00639231;0.00638796;0.00638911;0;1;0;0;0.952194;1;
11;-0.0304274;0.00123159;0.0136536;0.00450636;0.00798407;-0.00330136;-0.00484162;0.0283924;-0.00271154;0.0048381;-0.00490696;0.0319325;0.00561743;0.00373463;0.00373665;0.00373226;0.00372938;0.00373112;0;1;0;0.0554964;0.958014;1;
12;-0.0405375;0.00901762;0.00655983;0.0109302;0.00452612;0.00400152;-0.00964046;0.0295513;-0.0046276;0.0042994;-0.0029498;0.0340643;0.00485606;0.00218226;0.00218396;0.00217753;0.0021779;0.0021792;0;1;0;0.267193;1;1;
13;-0.0564978;0.0207224;-0.00694223;0.0214198;-0.00226821;0.014448;-0.0106213;0.0287714;-0.00413674;0.00462359;-0.00219203;0.034954;0.00504279;0.00127557;0.00127728;-0.0029478;0.00127215;0.00127337;0;1;0;0.344254;1;1;
14;-0.0790326;0.0375956;-0.0295464;0.037843;-0.0125161;0.0293944;-0.00739407;0.0330972;-0.00408004;-0.00433295;-0.00459704;0.0301986;0.00380917;0.000746588;0.000746685;-0.00438781;0.000742845;0.000744561;0;1;0;0.31883;0.863079;1;
15;-0.0875879;0.060037;-0.0553367;0.0601772;-0.0242623;0.0517582;-0.00588;0.0230632;-0.00476908;-0.0154014;-0.00371815;0.0187726;0.00222531;0.000953613;0.000436224;-0.00599753;0.000431965;0.000434765;0;0;0;0.447449;0.755622;1;
16;-0.102668;0.0865773;-0.083833;0.0866546;-0.0498297;0.0779205;0.00800063;0.00203713;0.00864979;-0.0395083;0.00926185;-0.000469745;0.00129973;0.00576781;0.000254831;-0.00738522;-0.00720049;0.000254071;0;0;0;0.657934;0.217821;1;
17;-0.122423;0.113023;-0.111424;0.113069;-0.0815868;0.107959;0.0375485;-0.0316858;0.0379292;-0.0581595;0.0382864;-0.0331509;0.000757614;0.00336969;0.000148798;-0.0179272;-0.00420547;0.000148345;0;0;0;0.638497;0;1;
18;-0.0905687;0.0850744;-0.0841397;-0.067439;0.0858;-0.0704027;-0.039634;0.0430598;-0.0394129;0.0276038;-0.0391999;0.042202;0.0264072;0.00196757;0.0121318;-0.0071828;0.0290116;-0.0234814;0;0;0;0;1;0.825435;
19;-0.113648;0.110434;-0.109894;0.0213657;-0.0106255;0.0196309;0.0646356;-0.0626297;0.064766;-0.0716641;0.0648896;-0.063131;0.0154201;0.0073635;0.00708457;-0.0031678;0.00760724;0.0273403;0;0;0;0.797956;0;1;
20;-0.0786035;0.0767237;-0.0764041;-0.0731074;0.0793575;-0.0741023;-0.0643719;0.0655449;-0.0642976;0.06027;-0.0642135;0.0652536;0.0286559;0.00430029;0.0175339;-0.0106972;0.0757365;-0.00500943;0;1;0;0;1;0;
21;-0.0493971;0.048298;-0.0481127;-0.0989582;0.114101;-0.0509027;-0.143916;0.144602;-0.143865;0.141516;-0.143809;0.144428;0.0167359;0.00251183;0.0215971;-0.0144644;0.0458655;-0.00292584;0;1;0;0;1;0;
22;-0.0197117;0.0190692;-0.025146;0.00616013;0.00269851;0.0342166;-0.189067;0.189469;-0.188712;0.187663;-0.188809;0.189364;0.0116281;0.00146837;0.0455994;-0.0084475;0.0267931;-0.00170935;0.0926669;1;0.19945;0;1;0;
23;0.0121021;-0.0124783;0.00892265;0.16889;-0.163715;0.18528;-0.209879;0.210113;-0.159073;0.209059;-0.20767;0.210051;0.00679016;0.000858175;0.0509617;0.00770897;0.0156507;-0.000997598;0.495006;1;1;1;1;1;
24;0.0405681;-0.0407881;0.0387072;0.333127;-0.330103;0.342698;-0.223923;0.2081;-0.152142;0.228618;-0.192772;0.231302;0.00396554;0.000501457;0.0392879;0.000631461;0.00913993;0.0305585;0;1;1;0.494772;0.998571;1;
25;0.152964;-0.153091;0.151877;0.0652895;-0.0635347;0.0708812;-0.0575285;0.0483091;-0.0156101;0.0602865;-0.0393486;0.0618559;0.00231606;0.0541953;0.0229425;0.0215002;0.00554641;0.0757581;0;0;0;1;0;0;
26;0.220524;-0.220593;0.219886;-0.0930635;0.094087;-0.0897881;0.0207402;-0.0261102;0.0452216;-0.0191381;0.0313582;-0.0182188;0.00135212;0.0535795;0.0133971;0.0125588;-0.0125694;0.0442453;0;0;0;0;0;0;
27;0.165926;-0.165971;0.165556;0.205619;-0.205011;0.207529;-0.0183471;0.0152191;-0.00404942;0.019288;0.0125686;0.0198264;0.0225553;0.0343755;0.0358205;0.00733508;0.0579531;0.0258413;1;0.382542;1;1;1;1;
28;0.133237;-0.133264;0.13302;0.374436;-0.374083;0.375552;-0.00511277;0.0315831;0.0322372;0.0100568;0.036821;0.0267189;0.013173;0.0257719;0.0209205;0.0042711;0.0338479;0.0150935;1;0.429458;1;0;1;0;
29;0.112699;-0.112717;0.112572;0.462896;-0.462689;0.463545;0.0412945;-0.000221115;0.0631079;-0.038405;0.0657877;-0.028673;0.00753772;0.0577425;0.0122177;0.0105552;0.0197692;0.0231059;0.0314947;1;0.391227;0;1;0;
30;0.0980478;-0.0980584;0.104885;0.495953;-0.495832;0.49633;0.109187;-0.0851811;0.121924;-0.107498;0.123494;-0.101812;0.00440167;0.0600871;-0.0108205;0.00616569;0.0115473;0.0134953;0;1;0;0;1;0;
31;0.0969109;-0.0851702;0.0923292;0.484951;-0.484879;0.483183;0.17012;-0.15122;0.177557;-0.169135;0.178483;-0.165818;-0.0154694;0.0546302;-0.0333675;0.00360159;0.00916822;0.00876087;0;1;0;0;1;0.326628;
32;0.134592;-0.127739;0.131915;0.205236;-0.205199;0.204214;-0.0127022;0.0237415;-0.00835579;0.0133242;-0.00782023;0.015208;0.0309031;0.0177211;0.0565214;-0.0149406;0.0798352;-0.0949946;0;0.257806;1;0;0;0;
33;0.0940797;-0.0900787;0.0958746;0.231607;-0.220141;0.227603;0.104881;-0.0815446;0.107419;-0.104525;0.107742;-0.103436;0.0180469;0.120867;0.0330064;0.0329751;0.0466242;-0.0554698;0;1;0;0;1;0;
34;0.0615807;-0.0592503;0.0673669;0.181733;-0.181917;0.179391;0.171969;-0.150367;0.173452;-0.171761;0.173649;-0.171122;-0.0154391;0.0714675;0.0192742;0.029782;0.0272319;-0.0318606;0;1;0;0.619457;0;1;
35;0.0305241;-0.0423766;0.0339054;0.0680788;-0.0681793;0.0667047;0.208155;-0.144955;0.209028;-0.208032;0.209142;-0.207669;-0.0237751;0.0468011;0.0112563;0.022104;0.0159031;-0.0233291;0;1;0;0.811647;1;1;
36;-0.00231177;-0.00544497;-0.000336254;-0.101192;0.101142;-0.102004;0.200773;-0.149815;0.224385;-0.205042;0.224451;-0.228803;-0.0245306;0.0396072;0.00657349;0.0211396;0.00928711;-0.0363612;0;1;0;0.568196;1;1;
37;-0.0331277;0.00860678;-0.0319769;-0.281546;0.281523;-0.282032;0.190367;-0.160705;0.215411;-0.204712;0.219136;-0.23549;-0.0143301;0.0246562;0.0038387;0.0123466;0.00542388;-0.029107;0;1;0;0.263173;1;1;
38;-0.0558633;0.0409389;-0.0551911;-0.420039;0.42003;-0.420328;0.167446;-0.157218;0.203765;-0.201668;0.205942;-0.215495;-0.0083704;0.0144005;0.00224216;0.00720975;0.00316867;-0.0395187;0;1;0;0.102982;1;1;
39;-0.070118;0.0552009;-0.0697214;-0.507745;0.507742;-0.507915;0.157741;-0.132594;0.178953;-0.177726;0.180225;-0.185807;-0.00488658;0.00840849;0.00131052;0.00421165;0.00208481;-0.0456709;0;0.856513;0;0;1;1;
40;-0.0813188;0.0554653;-0.0724031;-0.55757;0.557572;-0.557672;0.129848;-0.115161;0.142237;-0.141517;0.142981;-0.146243;0.00541994;0.00490814;0.000766896;0.00246087;0.00523165;-0.0405274;0;0.750878;0;0;0;1;
41;-0.0932906;0.0407062;-0.0868175;-0.581889;0.581892;-0.581949;0.0838835;-0.075307;0.091121;-0.0907004;0.0915589;-0.0934673;0.00384188;-0.00679879;0.00400318;0.00143717;0.0090778;-0.0507122;0;1;0;0;0;1;
42;-0.0898614;0.0462735;-0.096164;-0.604009;0.559175;-0.627272;0.0170549;-0.0120503;0.0212889;-0.0244846;0.0561334;-0.0226616;0.00224343;-0.0177469;0.0360439;-0.0411763;0.0596243;-0.0403332;0;0.18607;1;0;0.0826062;0.074718;
43;-0.0856037;0.0593647;-0.0892845;-0.604623;0.546931;-0.597394;-0.06534;0.0682543;-0.0628506;0.00197049;0.0469774;0.0620593;0.00130994;-0.0116631;0.0631728;-0.0580772;0.0815088;-0.0235591;0;0;1;0;0.137372;0;
44;-0.0792422;0.0650907;-0.0942677;-0.579988;0.531422;-0.553618;-0.140756;0.142453;-0.13929;0.0342771;0.0541683;0.138835;0.000764769;-0.0151947;0.0416118;-0.0674136;0.11813;-0.013762;0;0;1;1;0.144063;0.248046;
45;-0.0702132;0.0695565;-0.0790781;-0.545054;0.5072;-0.490862;-0.193539;0.194526;-0.192673;0.0673736;0.0752665;0.192413;0.000446471;-0.00887427;0.024494;-0.050127;0.164658;-0.0080377;0;1;1;1;0.109784;0;
46;-0.0585105;0.0581269;-0.0636901;-0.524091;0.491986;-0.409211;-0.22551;0.226085;-0.224436;0.0854552;0.0845077;0.224852;0.000260681;-0.00518308;0.0143083;-0.0399767;0.195182;-0.00469261;0;0.359591;1;1;0.0787041;0;
47;-0.0435187;0.0432946;-0.0465445;-0.502299;0.461579;-0.304433;-0.242983;0.243316;-0.241033;0.128006;0.0840977;0.242599;0.000152142;-0.00302749;0.00835499;-0.0428607;0.246141;0.00859587;0;0;1;0.554786;0;0;
48;-0.0236664;0.0235352;-0.0254326;-0.323423;0.292419;-0.165565;-0.244142;0.246072;-0.190258;0.174199;-0.00757149;0.193816;-0.00170413;-0.00176832;0.0270845;-0.0589734;0.182623;-0.0649601;1;0.504319;1;0;0;0;
49;0.00224426;-0.00232262;-0.00208978;-0.0764354;0.0583425;0.0157614;-0.235542;0.242451;-0.190934;0.205886;-0.0887714;0.173287;0.00538815;-0.00103263;0.0186335;-0.0344396;0.106681;-0.056471;0.602378;0.46661;1;0;1;0;
50;0.0305835;-0.0306292;0.0280492;0.160257;-0.170809;0.214092;-0.216693;0.242174;-0.157474;0.216005;-0.135194;0.185703;0.00314745;0.00495529;0.0229017;-0.020112;0.0623107;-0.0329851;0.683119;1;1;0;1;0;
51;0.0536233;-0.0536487;0.0519387;0.343918;-0.35008;0.375361;-0.210898;0.23127;-0.126876;0.227121;-0.135907;0.19082;0.000841786;0.0194988;0.0336035;0.0272882;0.0363902;-0.019263;0.73078;1;1;1;1;0;
52;0.0687192;-0.0687317;0.0677308;0.462668;-0.466262;0.481031;-0.188408;0.203531;-0.108282;0.197883;-0.102983;0.176683;-0.00319688;0.0261547;0.0196292;0.0159388;0.0212542;-0.0112496;0;1;1;1;1;0;
53;0.0775374;-0.0743858;0.0733025;0.532037;-0.53413;0.542761;-0.154454;0.172195;-0.0848933;0.159989;-0.0770118;0.147609;-0.001867;0.0373404;0.0114646;0.0093106;0.0124141;-0.00656809;0;0;1;1;0.681794;0;
54;0.174228;-0.172381;0.171747;0.181791;-0.183044;0.188046;-0.073007;0.0833756;-0.0323799;0.0762541;-0.0277842;0.0690147;-0.00109055;0.0520688;0.0101989;0.0710179;0.0159765;0.0168978;0;0;0;0;0;0;
55;0.227027;-0.225948;0.225575;-0.0191057;0.0183694;-0.0154519;-0.0625995;0.0834534;-0.00951305;0.0984371;-0.0624602;0.0815325;0.00386076;0.0304097;0.0287165;0.0414793;0.0131266;0.0287197;0;0;0;0;0;0;
56;0.251192;-0.250563;0.235859;-0.129765;0.129334;-0.127619;-0.100704;0.112881;-0.0634602;0.157365;-0.100621;0.111761;0.00225435;0.0177592;0.068569;0.0242277;0.0140068;0.0167759;0;0;0.890099;0;0.720975;0;
57;0.2534;-0.260523;0.217504;-0.182488;0.182232;-0.181223;-0.156159;0.163267;-0.133972;0.189251;-0.151444;0.162611;0.00131644;0.0103709;0.0443624;0.0141509;0.0271261;0.00979413;0;0;1;0;1;0;
58;0.173494;-0.177654;0.152535;0.071972;-0.0720966;0.0726781;0.0188852;-0.0147173;0.0318321;0.00087991;0.0216334;-0.0151151;0.000586745;0.0850935;-0.0887905;0.0481866;-0.0695401;-0.0447534;0;0;0;0;0;1;
59;0.146708;-0.171675;0.127419;-0.0258918;0.0258176;-0.0254696;-0.101479;0.103911;-0.0939032;0.112762;-0.0998722;0.103711;0.0104928;0.0496949;0.0612142;0.0281422;-0.040208;-0.0261342;0;0;1;0;1;0;
60;0.0975108;-0.112099;0.109719;0.0677117;-0.0677572;0.0679509;0.0524829;-0.0510459;0.056901;-0.0458903;0.0534126;-0.0511815;0.00612756;0.0697087;-0.040095;0.0164395;-0.0586509;0.0483715;0;0;0;0;0;1;
61;0.0586109;-0.0671396;0.0657522;0.0512049;-0.0664004;0.0513416;0.140236;-0.104271;0.142814;-0.136381;0.140776;-0.139459;0.00357822;0.0922715;-0.0234177;0.0275722;-0.0342554;0.0505437;0;1;0;0.176031;0;1;
62;0.0222932;-0.0272833;0.0264678;-0.0536392;0.0447683;-0.0535629;0.187599;-0.110262;0.189105;-0.176912;0.187915;-0.187138;0.0020892;0.0800561;-0.0136767;0.05069;-0.0200055;0.0295207;0;1;0;0.563646;0;1;
63;-0.0131656;0.00850223;-0.0107256;-0.214605;0.209429;-0.214565;0.208128;-0.129148;0.20901;-0.183018;0.208314;-0.207857;0.000551745;0.0494678;-0.00798503;0.0296132;-0.0225248;0.0172377;0;1;0;0.620871;1;1;
64;-0.0423313;0.0395998;-0.0409067;-0.367824;0.364809;-0.367812;0.200838;-0.122432;0.212949;-0.16412;0.21584;-0.19434;0.000323369;0.0346076;-0.00466277;0.0247301;-0.0131533;-0.0186674;0;1;0;0.497829;1;1;
65;-0.0619231;0.0420891;-0.0610926;-0.47523;0.473476;-0.475232;0.189176;-0.103737;0.194633;-0.138582;0.196324;-0.183765;0.0105944;0.0226566;-0.00272277;0.020325;0.0147714;-0.0187958;0;1;0;0.157143;1;1;
66;-0.0736429;0.0262939;-0.0731565;-0.539889;0.538866;-0.539894;0.161119;-0.063829;0.164311;-0.131574;0.171567;-0.159526;0.0124494;0.0239056;-0.00158812;0.0118703;0.0232533;-0.0434717;0;1;0;0.378226;0;1;
67;-0.0800465;0.0237092;-0.0797624;-0.574564;0.573968;-0.57457;0.119648;-0.0278231;0.12152;-0.102395;0.12576;-0.118728;0.0072699;0.0139634;0.00763972;0.0069337;0.028936;-0.0498875;0;0.795054;0;0.191718;0;1;
68;-0.0828918;0.0416417;-0.11972;-0.577375;0.58821;-0.588561;0.0612194;-0.00759194;0.0623146;-0.0698393;0.0929384;-0.0606932;0.00424528;0.00815521;0.00600715;-0.0121372;0.0319291;-0.0619807;0;0.921939;0;0;0.0427688;1;
69;-0.0822914;0.0588493;-0.111948;-0.546433;0.592966;-0.6179;-0.0163493;0.0476647;-0.0157025;-0.0277199;0.0801604;0.016649;0.00878256;-0.00919782;0.0315547;-0.0544902;0.0959656;-0.0410533;0.14017;0;1;0.558882;0.324611;0.535409;
70;-0.0819997;0.0663727;-0.131573;-0.523745;0.568403;-0.582049;-0.0999347;0.11822;-0.0995449;0.0122351;0.099268;0.100103;0.0120068;-0.00537215;0.0391152;-0.0534408;0.122097;-0.0239816;0;0;1;1;0.35341;0.19224;
71;-0.07489;0.0733124;-0.117831;-0.494877;0.54285;-0.528936;-0.16647;0.177145;-0.166227;0.0542498;0.117127;0.166559;0.00701178;-0.00313787;0.0347013;-0.0477459;0.161475;-0.0235654;0;1;1;1;0.432085;0;
72;-0.0649365;0.0640151;-0.0927254;-0.453179;0.527275;-0.45731;-0.209543;0.215775;-0.207629;0.0924291;0.132088;0.209588;0.00409476;-0.00183303;0.0214212;-0.0326029;0.228927;-0.028576;0;0.133066;1;0.895704;0.446642;0.0156134;
73;-0.0520442;0.0515059;-0.0685815;-0.423499;0.526879;-0.365927;-0.234496;0.238132;-0.22111;0.105758;0.144002;0.234516;0.0023913;-0.00107102;0.0125126;-0.0301492;0.255476;-0.0174158;0;0;1;0.919956;0.376777;0;
74;-0.0351923;0.0348783;-0.0448524;-0.34168;0.425219;-0.247308;-0.243716;0.249385;-0.214167;0.144526;0.0776044;0.247273;0.00704542;-0.000626119;0.00730858;-0.0754515;0.235314;-0.0101711;0.75232;0;1;0.0647845;0;0;
75;-0.0126587;0.0124753;-0.0183041;-0.144295;0.193103;-0.0891986;-0.237527;0.249159;-0.170695;0.191405;-0.0347793;0.199893;0.00579916;-0.000365348;0.0268273;-0.044077;0.141732;-0.0259605;0.907501;0.493924;1;0;1;0;
76;0.0152027;-0.0153099;0.0118926;0.0738824;-0.0453815;0.106061;-0.2628;0.249104;-0.135259;0.214196;-0.116137;0.194622;-0.00556717;-0.000212365;0.0494999;-0.0257382;0.0827889;-0.0257596;0.646006;1;1;0;1;0;
77;0.0419403;-0.0420013;0.0400019;0.27456;-0.257891;0.29333;-0.243803;0.237679;-0.122509;0.208806;-0.147643;0.198588;-0.00782918;0.00987642;0.0449162;-0.0150308;0.0483517;-0.015043;0.694328;1;1;1;1;0;
78;0.061343;-0.061379;0.0602071;0.418286;-0.408548;0.429248;-0.217443;0.213869;-0.102116;0.197004;-0.115614;0.191037;-0.00684093;0.0144998;0.0413489;-0.00877656;0.0282388;-0.00878436;0;1;1;1;1;0;
79;0.0733309;-0.0733526;0.0704566;0.506823;-0.501131;0.513227;-0.183445;0.186459;-0.0797486;0.17151;-0.0940942;0.168025;-0.00399503;0.0267656;0.0281541;0.0231155;0.0164931;-0.00512862;0;1;1;1;1;0;
80;0.17304;-0.173053;0.171361;0.165813;-0.162492;0.169574;-0.0739206;0.0756915;-0.0133605;0.0669669;-0.0217465;0.064933;-0.0023336;0.0418088;0.0164415;0.0684305;-0.0522985;0.0697395;0;0;0;0;0;0;
81;0.228611;-0.228615;0.227619;-0.0307057;0.0326418;-0.0285244;-0.0413157;0.0496112;0.0200189;0.0455611;0.0504236;0.0360597;-0.00136314;0.0325932;0.00960453;0.0399767;-0.0305441;0.0407283;0;0;0;0;0;0;
82;0.256291;-0.250562;0.255642;-0.140713;0.141843;-0.139436;-0.063838;0.0686834;-0.0239489;0.0905512;-0.0102575;0.0727081;-0.000796032;0.0190379;0.0410232;0.0233485;-0.00823452;0.0242786;0;0;1;0;0;0;
83;0.263692;-0.254249;0.242375;-0.196195;0.196857;-0.195444;-0.118938;0.121765;-0.0912656;0.134543;-0.0876436;0.124122;-0.000465073;0.0111185;0.0601187;0.0136384;0.00867805;0.0223179;0;0;1;0;1;0;
84;0.182407;-0.176892;0.16997;0.0842803;-0.0838787;0.0846997;0.035663;-0.0339971;0.0518208;-0.0265329;0.0539246;-0.032624;-0.0100651;0.081048;0.030013;0.0209523;-0.0785051;0.115495;0;0;0;0;0;1;
85;0.185244;-0.183466;0.172413;-0.030939;0.0311775;-0.0306913;-0.091014;0.0919808;-0.0815587;0.0963522;-0.0803496;0.0928001;0.0362007;0.0473254;0.0887601;0.0122372;-0.0458466;0.0674539;0.629886;0;1;0;0;0;
86;0.124424;-0.123387;0.116943;0.0956233;-0.095486;0.0957702;0.059228;-0.0586461;0.0647455;-0.0561058;0.065452;-0.0581843;0.0211412;0.100441;0.0518313;0.0274922;-0.0725778;0.0394013;0;1;0;0;0;0;
87;0.0803288;-0.0797248;0.07597;0.110495;-0.109425;0.0916717;0.145529;-0.117858;0.148747;-0.143704;0.149164;-0.144903;0.0123464;0.0902961;0.0302656;0.0160573;-0.0423862;0.0424755;0;1;0;0;0;1;
88;0.0428611;-0.0425132;0.0403191;0.0362059;-0.0355739;0.0252046;0.193106;-0.136104;0.194988;-0.192035;0.19523;-0.192736;0.00720803;0.0583468;0.0176747;0.0331501;-0.0247539;0.0248071;0;1;0;0.644678;0;1;
89;0.00637192;-0.00617685;0.00489134;-0.109432;0.109807;-0.115865;0.215798;-0.148046;0.2169;-0.206336;0.217041;-0.215583;-0.0081166;0.0373547;0.0103215;0.0251802;-0.0144564;0.0125951;0;1;0;0.535572;1;1;
90;-0.0272052;0.0273133;-0.0280687;-0.280378;0.280601;-0.284139;0.21386;-0.151231;0.218365;-0.197619;0.220539;-0.205584;-0.00474049;0.0218216;0.00602746;0.0159437;-0.00844203;-0.0161229;0;1;0;0.361718;1;1;
91;-0.0521628;0.0522224;-0.0526667;-0.417663;0.417796;-0.419861;0.204513;-0.13883;0.207143;-0.170389;0.208414;-0.198015;0.00443737;0.012747;0.00351991;0.0133496;-0.00492877;-0.015816;0;1;0;0;1;1;
92;-0.0679321;0.0647055;-0.0678514;-0.5062;0.506281;-0.507485;0.181375;-0.126035;0.182909;-0.130494;0.183652;-0.177573;0.0148514;0.0074441;0.0106308;0.0077996;-0.00287588;-0.0137702;0;1;0;0;1;1;
93;-0.0789081;0.0643603;-0.0631698;-0.556985;0.557038;-0.557739;0.146182;-0.11386;0.14708;-0.11646;0.147512;-0.143957;0.0193053;-0.000845663;0.0158939;0.0128083;0.00518564;-0.0102703;0;0.916156;0;0;0;1;
94;-0.106308;0.051973;-0.0516393;-0.581889;0.582207;-0.582613;0.0968905;-0.0780127;0.0974176;-0.083724;0.0986061;-0.09559;0.011277;-0.0193227;0.0126377;0.00748092;0.0104022;-0.0139168;0;1;0;0;0.0057839;1;
95;-0.0976239;0.0523548;-0.0570469;-0.605531;0.577186;-0.570835;0.0291255;-0.0181059;0.0294417;-0.0299359;0.0624505;-0.0283681;0.00658555;-0.0267659;0.0369264;-0.0325851;0.0667349;-0.014994;0;0.774047;1;0;0.00929698;0;
96;-0.0878167;0.0584913;-0.0386192;-0.604308;0.593357;-0.519181;-0.0543145;0.0607415;-0.0541151;-0.0143411;0.0479317;0.0547575;0.0158919;-0.0238253;0.0536733;-0.0750651;0.0837792;0.0124627;0.435861;0;1;0.309634;0.138485;0;
97;-0.0810047;0.0507716;-0.0495013;-0.579263;0.556917;-0.511097;-0.132568;0.136317;-0.132443;0.0320363;0.057962;0.132826;0.0121515;-0.0263435;0.0354765;-0.0692062;0.127883;0.0072783;0.0907761;0;1;1;0.180433;0;
