1;-0.000363587;0.000116065;9.94839e-05;-0.000363587;0.000116064;9.94837e-05;0.034977;0.0347457;0.0352595;0.0349769;0.0347456;0.0352595;0.808667;0.808665;0.808666;0.808667;0.808665;0.808666;0;0;0;0;0;0;
2;-0.05135;-0.381553;-0.0348984;-0.0138729;0.0478242;0.010009;0.44813;0.28795;0.104235;0.240623;0.223083;0.165347;0.514834;0.567375;0.472363;0.431439;0.433539;0.460962;0;1;1;0.728842;1;1;
3;-0.0883402;-0.221787;-0.0405413;-0.0519438;0.0406133;0.0117805;0.261815;0.0761825;0.0611011;0.144422;0.146294;0.139095;0.300719;0.331381;0.275871;0.251997;0.253223;0.269235;0;0;1;1;1;1;
4;-0.0514087;-0.129704;-0.0264945;-0.0290696;0.0224484;0.00914019;0.152935;0.0743747;0.0465775;0.0843271;0.0854712;0.0812108;0.175635;0.193537;0.161114;0.147183;0.147896;0.157246;0;0;1;1;1;1;
5;-0.0297729;-0.0759949;-0.015445;-0.0152252;0.0113582;0.010474;0.0895703;0.0568227;0.122533;0.048998;0.0502976;0.0503403;0.102572;0.113029;0.0941035;0.0859615;0.0863786;0.0918403;0;0;1;1;1;1;
6;-0.0142497;-0.0446969;-0.0079592;-0.014136;0.00441778;0.0283955;0.0889109;0.0325253;0.124526;0.0508096;0.0520192;0.0702169;0.0717905;0.0660073;0.0955758;0.0502055;0.0504536;0.0536458;1;0;0;1;0;1;
7;0.0253751;-0.0264561;0.0122625;-0.0422843;9.39732e-05;0.0190695;0.0750671;0.0476786;0.0740292;0.0392869;0.0337142;0.0505425;0.0437564;0.0385509;0.0558197;0.0293253;0.029471;0.031337;1;0.428301;0;1;1;0;
8;0.0155282;-0.0157753;0.0205187;-0.0237418;-0.00221211;0.013404;0.0609939;0.0454059;0.04548;0.0307747;0.0346484;0.0489116;0.0338287;0.0294807;0.0326007;0.0171297;0.0172156;0.0331897;1;1;0.309295;1;1;0;
9;0.00922226;-0.0102353;0.0139866;-0.00932406;0.00623708;0.00890499;0.0597179;0.0363125;0.0300951;0.0623952;0.0369924;0.051141;0.0203389;0.0202088;0.0190413;0.00997987;0.0165607;0.0456765;1;1;0.559975;1;1;0;
10;0.00512929;-0.0074979;0.00791401;-0.0134276;0.00729051;0.00341044;0.0541307;0.0307786;0.0286072;0.0313144;0.028578;0.0416988;0.0189978;0.0201566;0.0111237;0.0113626;0.0096752;0.0338563;0.87645;0.988804;0.776394;1;1;0;
11;0.00195336;-0.00957113;0.00443433;-0.0243069;0.0115499;-0.00529985;0.0474621;0.0279393;0.0290494;0.0163856;0.0280103;0.0360855;0.0127476;0.0145269;0.00649902;0.00986961;0.005653;0.0335612;1;0.887453;0.714383;1;1;0;
12;-0.00123025;-0.0094355;0.00471024;-0.0307952;0.0233446;-0.0196939;0.0426583;0.0228743;0.0284729;0.0087707;0.0279247;0.0316634;0.00744813;0.00848733;0.00379768;0.00649762;0.00330341;0.0351507;1;0.883359;0.662113;1;1;0;
13;-0.00513488;-0.00885626;0.00135687;-0.0489001;0.044549;-0.0424164;0.0395315;0.020004;0.0289314;0.00926831;0.0265298;0.031143;0.00435195;0.00495933;0.00221984;0.00379691;0.00193094;0.0310583;1;0.940353;0.66522;1;1;0;
14;-0.0102835;-0.00800189;-0.00497586;-0.079549;0.0770086;-0.075763;0.03464;0.0188989;0.0257437;0.0117446;0.0254399;0.0339844;0.0025433;0.00289797;0.00130131;0.00221962;0.00112963;0.0278458;1;0.907556;0.69672;1;1;0;
15;-0.0168859;-0.00584566;-0.0126016;-0.122616;0.121134;-0.120407;0.0262076;0.0217753;0.017519;0.018545;0.0238211;0.0417185;0.00148718;0.00169252;0.00289948;0.00129789;0.00388578;0.0253954;1;0.748486;0.835319;1;1;0;
16;-0.0245795;0.00142103;-0.0162587;-0.174636;0.173769;-0.173348;0.0100533;0.0290647;-2.97564e-05;0.0306435;0.0171385;0.0671264;0.00820563;0.00098685;0.00776264;0.000757674;0.0138333;0.0254336;1;0.366453;1;1;1;1;
17;-0.0322024;0.018677;-0.0273409;-0.226918;0.226406;-0.22616;-0.0218035;0.0498513;-0.0328892;0.0507731;0.00258807;0.117009;0.0226587;0.000575587;0.0172539;0.000442262;0.0299933;0.0226782;1;1;1;0.813313;1;1;
18;-0.0378749;0.0299759;-0.035035;-0.265999;0.265695;-0.265554;-0.0742873;0.0906779;-0.0807641;0.0912163;-0.0240413;0.161155;0.0361378;0.000335731;0.0199488;0.000257939;0.0579199;0.0132474;1;1;1;0;1;1;
19;-0.040646;0.0348649;-0.0370868;-0.276704;0.276514;-0.276595;-0.142454;0.126993;-0.133719;0.127776;-0.0552083;0.184017;0.0464306;0.0143844;0.0288541;-0.00663825;0.0810804;0.0153197;1;0;1;0;1;1;
20;-0.0359642;0.0325875;-0.0341058;-0.247166;0.247069;-0.247117;-0.185309;0.176287;-0.16375;0.176745;-0.101486;0.209589;0.0271242;0.00839996;0.0284934;-0.00387709;0.071578;0.00894615;1;0;1;0;1;0;
21;-0.0244959;0.0225232;-0.0234119;-0.16879;0.168736;-0.168761;-0.214537;0.209273;-0.172233;0.20954;-0.129213;0.228721;0.0158437;0.00490502;0.0289981;-0.00226462;0.0484479;0.00522402;1;0;1;0;1;0;
22;-0.00517096;0.00401722;-0.00453812;-0.0346234;0.0345956;-0.0346069;-0.230307;0.227234;-0.170374;0.22739;-0.141334;0.238591;0.00925137;0.00286396;0.0305792;-0.00132295;0.0351194;0.00305033;1;0;1;0;1;0;
23;0.0205927;-0.0212689;0.0209627;0.145072;-0.145088;0.145086;-0.220602;0.229195;-0.149482;0.273148;-0.159044;0.227476;-0.00408118;0.00167207;0.0305592;0.0168453;0.0312523;0.00178087;1;0;1;1;1;0;
24;0.0455244;-0.045922;0.0457422;0.319208;-0.319216;0.319231;-0.194174;0.22255;-0.116967;0.2752;-0.175121;0.219035;0.0113253;0.000976006;0.0264995;0.0168237;0.0182559;0.00103957;1;0;1;0;0.585149;0;
25;0.155855;-0.156091;0.155983;0.0571603;-0.0571603;0.0571759;-0.040154;0.0567271;0.00494033;0.0874972;-0.0290341;0.0546868;-0.0108685;0.000569442;0.000197369;0.0935173;-0.0222861;0.000607116;1;1;0;1;1;0;
26;0.128503;-0.128641;0.12858;0.295747;-0.295735;0.295768;-0.0756669;0.0874635;-0.0514473;0.170227;-0.0561341;0.0862747;0.0387349;-0.00199245;0.0282292;0.0546177;0.0343369;0.000354114;1;0.309895;1;0;1;0;
27;0.112186;-0.112267;0.112232;0.432697;-0.432689;0.432715;-0.0496371;0.0758391;-0.0244713;0.129885;-0.0319635;0.0819935;0.0226231;-0.00116395;0.0164886;0.0343666;0.0200588;0.000207115;1;0.452087;1;0;1;0.309417;
28;0.101833;-0.101901;0.10124;0.50705;-0.507048;0.507062;-0.0270634;0.0423681;0.0140748;0.0739392;-0.0167445;0.0459653;0.0132131;-0.000679882;0.00963013;0.0344159;0.0117155;0.00842474;1;0.949376;0.807646;0;1;1;
29;0.0943597;-0.0928245;0.095559;0.540336;-0.54034;0.540345;0.0284755;-0.0195289;0.0524978;-0.00109926;0.034502;-0.0174309;0.00771566;0.0334478;-0.0107795;0.0268736;0.00684162;0.049197;1;1;0;0;0.17274;1;
30;0.0873375;-0.0617629;0.0980856;0.520151;-0.551613;0.491476;0.101701;-0.0756405;0.115727;-0.0857048;0.10522;-0.0952375;0.0045057;0.0669543;-0.0215216;0.0358174;0.00399506;0.036293;0;1;0;1;0;0.724632;
31;0.078907;-0.0834637;0.0851844;0.49908;-0.517456;0.449493;0.165751;-0.130901;0.173942;-0.156401;0.167806;-0.161966;0.00263093;0.0619434;-0.0125692;0.0220048;0.00233271;0.0297663;0;1;0;1;0;0.983343;
32;0.068367;-0.0710307;0.0730662;0.447459;-0.458192;0.418499;0.208859;-0.165619;0.213643;-0.20339;0.210059;-0.206642;0.00153599;0.0396643;-0.00734094;0.0154932;0.00136182;0.0180639;0;1;1;1;0;0.886862;
33;0.0554042;-0.0569624;0.0581491;0.369661;-0.37593;0.352748;0.234273;-0.195877;0.237067;-0.225143;0.234974;-0.232973;0.000896509;0.0231712;-0.00428744;0.0105285;0.000794802;0.0105539;0;1;1;1;0;0.714838;
34;0.0389945;-0.0399071;0.0405976;0.262352;-0.266013;0.252474;0.247536;-0.21202;0.249168;-0.22194;0.247946;-0.245877;0.000523034;0.013533;-0.00250434;0.0061515;0.000463638;0.00616565;0;1;1;1;0;0.831264;
35;0.017335;-0.0178713;0.0182712;0.115151;-0.117291;0.109383;0.249376;-0.21822;0.249947;-0.207997;0.249955;-0.249113;0.000304937;0.00790019;-0.00146305;0.00901201;0.000270239;0.00360055;0;1;1;1;0;1;
36;-0.010014;0.00969597;-0.00946638;-0.0737096;0.0724588;-0.07708;0.232456;-0.210592;0.237394;-0.179792;0.231281;-0.247671;0.000177545;-0.0114271;-0.000854112;0.0155617;0.00015731;0.00210137;0;1;1;1;0;1;
37;-0.0376285;0.0374369;-0.0373074;-0.265503;0.264772;-0.267475;0.206901;-0.183643;0.231195;-0.147591;0.204528;-0.237197;0.000103202;-0.0202914;0.00103118;0.01917;9.13594e-05;0.00122705;0;1;1;1;0;1;
38;-0.0584925;0.0512335;-0.058303;-0.410671;0.410242;-0.411826;0.198794;-0.132103;0.212984;-0.134415;0.204385;-0.216489;5.98606e-05;-0.0192576;0.000603426;0.0143314;5.30942e-05;0.000716482;0;1;1;1;1;0.771874;
39;-0.0716516;0.0594398;-0.0715384;-0.502273;0.502016;-0.50295;0.176046;-0.0980019;0.184337;-0.131863;0.179316;-0.186382;3.44811e-05;-0.0112484;0.000353902;-0.0109629;0.000831787;0.00342614;0;1;1;1;0;0.274854;
40;-0.0791375;0.0699509;-0.0677669;-0.554378;0.554217;-0.554772;0.140535;-0.0596306;0.145382;-0.114735;0.142449;-0.146571;1.96613e-05;-0.0144504;0.00365863;-0.0332148;0.000487634;0.00411013;0.550314;1;1;1;0;1;
41;-0.0828264;0.0592413;-0.0619727;-0.580026;0.562604;-0.580255;0.0901249;-0.0413261;0.092961;-0.0750613;0.0912468;-0.0936484;1.10066e-05;-0.00844068;0.00284642;-0.0328252;0.00293947;0.00240262;1;1;0;1;0;1;
42;-0.0981535;0.0534833;-0.0512784;-0.589596;0.504789;-0.579346;0.0207036;0.00779521;0.0223622;-0.0155134;0.0213677;-0.0227573;0.0152432;-0.0159493;0.00469859;-0.0540214;0.0457698;0.00771651;1;1;0;0.584157;0.376775;1;
43;-0.0988328;0.116067;-0.0271262;-0.590384;1.01479;-0.623814;-0.0688358;0.07983;-0.0622216;0.212308;-1.20578;0.0614613;0.0419511;-0.01579;0.0259126;-0.0609731;-1.20875;0.0585853;0;0;1;0.799429;0;1;
44;-0.0869678;0.0970508;-0.0450832;-0.547898;0.129956;-0.570812;-0.142761;0.149175;-0.1389;0.364851;-1.00602;0.138486;0.0245065;-0.00922537;0.0151371;0.0812126;-1.00621;0.0482426;0;0;0;0.376486;1;1;
45;-0.134563;0.140453;-0.110103;-0.236267;0.171579;-0.249609;0.0279546;-0.0242034;0.0302108;0.101784;-1.00023;-0.030448;0.0143122;-0.00435162;0.00884001;0.0635187;-1.00028;0.0281749;0;0;0;1;1;0;
46;-0.139857;0.143815;-0.125572;-0.0767203;0.110459;-0.0845108;0.128803;-0.126601;0.130121;-0.0530428;-0.591368;-0.130258;0.00835826;-0.00254179;0.00516286;0.0202934;-0.725175;-0.00562864;0;0;0;1;0.962952;1;
47;-0.1144;0.13872;0.0337844;-0.0120816;0.0317838;-0.0166277;0.186489;-0.1852;0.192218;-0.142246;-0.234347;-0.221901;0.00488081;-0.00325847;0.0825902;-0.0439724;-0.424084;-0.101236;0;1;1;0;0;0;
48;-0.0606906;0.0749018;0.0259813;-0.0337868;0.024681;0.0166721;0.217641;-0.216892;0.220991;-0.191802;-0.0281303;-0.232706;0.00285014;-0.0367544;0.0482348;-0.0256781;-0.247697;-0.0591222;0;0;1;0.699979;0;1;
49;0.0207898;-0.0124911;0.071408;-0.0759659;0.0706473;-0.0464929;0.231253;-0.230818;0.266192;-0.216166;0.0877212;-0.240371;0.00166391;-0.0214652;0.0281712;-0.0149957;-0.144664;-0.0345328;0;0;1;0;0;1;
50;0.114595;-0.109749;0.144158;-0.146819;0.143713;-0.129606;0.217564;-0.23464;0.252597;-0.222009;0.146995;-0.235695;0.00097108;-0.0125363;0.0164531;-0.00875721;-0.0844854;-0.0201699;0;0;1;0;0;1;
51;0.192092;-0.189261;0.209357;-0.210911;0.209097;-0.200859;0.209426;-0.2194;0.229886;-0.212024;0.168214;-0.220016;0.000566573;-0.00732164;0.01231;-0.00511408;-0.0493395;-0.0117811;0;0;1;0;0;1;
52;0.243093;-0.241439;0.253176;-0.254083;0.253023;-0.248213;0.187545;-0.193373;0.199496;-0.189065;0.139776;-0.193733;0.000330352;-0.0042762;0.00718926;-0.00298655;-0.0288142;-0.00688316;0;0;1;0;0;1;
53;0.272886;-0.271919;0.278776;-0.279304;0.278685;-0.275876;0.153947;-0.157353;0.160929;-0.154838;0.126051;-0.0683901;0.000192383;-0.00249748;0.00419952;-0.00174408;-0.0168279;-0.00658887;0;0;1;0;0;0.822158;
54;0.288311;-0.287747;0.291753;-0.292059;0.291697;-0.290059;0.107099;-0.109091;0.111179;-0.107621;0.0908074;-0.0571341;0.00011192;-0.00145865;0.00245418;-0.00101861;-0.00982771;-0.00384773;0;0;1;0;0;1;
55;0.293651;-0.291083;0.313648;-0.29584;0.295629;-0.296965;0.0425802;-0.0437475;0.0449676;-0.0428881;0.0330667;-0.0134021;6.49321e-05;-0.00242618;0.00343543;-0.000594953;-0.00573965;-0.00541718;0;1;1;0;0;1;
56;0.290101;-0.288601;0.30178;-0.291379;0.291255;-0.292036;-0.0392795;0.0385936;-0.0378815;0.039097;-0.044834;0.0563174;3.75558e-05;-0.00141724;0.00499816;-0.000347602;-0.00335215;-0.00494196;0;0;1;0;0;1;
57;0.276123;-0.275248;0.282943;-0.27687;0.276798;-0.277254;-0.120287;0.119883;-0.119462;0.120178;-0.123523;0.130235;2.16451e-05;-0.000828092;0.0275322;-0.000203239;0.0261486;-0.00598332;0;0;0.40213;0;1;1;
58;0.250534;-0.250023;0.254517;-0.25097;0.25093;-0.251195;-0.180336;0.180098;-0.179845;0.18027;-0.182214;0.186142;1.24131e-05;-0.000484071;0.0263498;-0.000118962;0.0248316;-0.00349461;0;0;0;0;1;0;
59;0.214236;-0.213938;0.216566;-0.214491;0.214468;-0.214622;-0.217826;0.217684;-0.217486;0.217785;-0.218915;0.221215;7.11382e-06;-0.000283298;0.0205798;-6.98429e-05;0.0145064;-0.00204111;0;0;0;0;1;0;
60;0.166529;-0.166356;0.167894;-0.166678;0.166668;-0.166755;-0.238963;0.238877;-0.238023;0.238936;-0.238776;0.240939;4.05763e-06;-0.000165983;0.0120221;-4.1216e-05;0.00847383;-0.00119243;0;0;0;0;1;0;
61;0.103081;-0.10298;0.103884;-0.103168;0.103165;-0.103213;-0.249142;0.24909;-0.24859;0.249124;-0.249032;0.250294;2.32093e-06;-9.75405e-05;0.00702423;-2.44943e-05;0.00494841;-0.000696823;0;0;0;0;1;0;
62;0.018425;-0.0183668;0.0189015;-0.0184769;0.0184767;-0.0185025;-0.265618;0.243219;-0.250803;0.246339;-0.259043;0.243021;1.33673e-06;-5.75499e-05;0.00410375;-1.46024e-05;0.00288927;-0.000407404;0;0;0;0.105972;1;0;
63;-0.0808844;0.0809175;-0.0805978;0.0808501;-0.0808536;0.080839;-0.253694;0.223079;-0.259506;0.245817;-0.249854;0.218211;8.74823e-07;-3.40653e-05;-0.00651562;-8.09927e-06;0.00168741;-0.000238519;0;0;0;1;0;0;
64;-0.16849;0.168508;-0.168312;0.168464;-0.168471;0.168463;-0.234663;0.186614;-0.242439;0.230065;-0.232422;0.188224;1.83161e-07;-2.04714e-05;-0.0265199;-3.95526e-06;0.000985496;-0.000139587;1;0;1;1;0;0;
65;-0.228612;0.228624;-0.228501;0.228591;-0.228602;0.228598;-0.207312;0.179251;-0.215201;0.204631;-0.206006;0.180191;4.58521e-07;-1.23678e-05;-0.0383741;-1.67227e-06;0.000575502;-8.21733e-05;1;0;1;0;0;0;
66;-0.264691;0.264696;-0.26462;0.263663;-0.264684;0.264681;-0.17171;0.155323;-0.176326;0.17015;-0.17095;0.155872;-1.82509e-07;-7.61499e-06;-0.0292258;-6.35217e-07;0.000335996;-4.85474e-05;1;0;1;0;0;0;
67;-0.284218;0.284219;-0.284171;0.263797;-0.284212;0.284211;-0.125834;0.116264;-0.128537;0.124926;-0.125393;0.116584;-0.00208348;-4.74623e-06;-0.0303379;-5.17356e-07;0.000196055;-2.88315e-05;1;0;1;0;0;0;
68;-0.293768;0.29249;-0.286765;0.26799;-0.292486;0.292486;-0.0648338;0.0592431;-0.0664196;0.0643041;-0.064577;0.0594296;-0.013662;-2.99797e-06;-0.0312175;-1.23659e-06;0.000114229;-1.73081e-05;1;0;0.76151;0;0;0;
69;-0.300233;0.291895;-0.264017;0.254979;-0.292325;0.291684;0.0142343;-0.0174996;0.0133084;-0.0145455;0.0143857;-0.0173947;-0.0223283;0.00645513;-0.0182328;-1.354e-06;6.63857e-05;-1.04971e-05;1;1;0;0;0;0;
70;-0.285932;0.270774;-0.242751;0.229754;-0.281314;0.28094;0.0986971;-0.100599;0.0981549;-0.0988743;0.0987866;-0.100545;-0.0130401;0.0222744;-0.01065;0.0167949;3.83333e-05;-6.3258e-06;0;1;0;0;0;0;
71;-0.261492;0.252636;-0.25914;0.237104;-0.258795;0.258577;0.165743;-0.166852;0.165426;-0.16584;0.165796;-0.166826;-0.0076158;0.0130108;-0.0226595;0.035613;2.183e-05;-3.97474e-06;0;1;0;0;0;0;
72;-0.226914;0.221742;-0.229537;0.212671;-0.225339;0.225211;0.209116;-0.20976;0.208931;-0.209166;0.209147;-0.209751;-0.00444799;0.0118818;-0.0156481;0.0354917;1.22218e-05;-2.44046e-06;0;1;1;0;0;0;
73;-0.181942;0.17892;-0.183474;0.173624;-0.181023;0.180948;0.234244;-0.23462;0.234136;-0.234273;0.234262;-0.234617;-0.00259816;0.00224469;-0.00913892;0.0212733;6.69025e-06;-1.4057e-06;0;1;0;0;0;0;
74;-0.12305;0.121284;-0.123945;0.118191;-0.122513;0.12247;0.247114;-0.247336;0.247051;-0.228038;0.247125;-0.247335;-0.00151776;-0.0234121;-0.00533757;0.0124272;3.26624e-06;-7.61814e-07;0;1;0;0.846911;0;0;
75;-0.0442335;0.0431999;-0.044756;0.0413959;-0.0439195;0.0438951;0.246362;-0.251248;0.247042;-0.224702;0.247048;-0.271951;-0.000886862;-0.0210908;-0.0031176;0.00726028;1.32368e-06;-4.57938e-07;0;1;0;0.894205;0;0;
76;-0.00323687;0.00263362;-0.00354246;0.182335;-0.183815;0.183803;0.0429013;-0.0457605;0.043304;-0.0302536;0.0433068;-0.0578478;0.00312001;-0.0519734;0.0163451;-0.0519491;0.00584934;-0.00399161;1;0.0532059;1;1;0;0;
77;0.0311666;-0.031522;0.0309909;0.337896;-0.338762;0.338761;-0.0652712;0.0636003;-0.0650341;0.07267;-0.0650385;0.0565473;0.0053206;-0.0303541;0.00311721;-0.0303355;0.00341591;-0.00233107;1;0;0;1;0;0;
78;0.0550506;-0.0552584;0.0549483;0.455278;-0.455774;0.455784;-0.113172;0.112202;-0.113034;0.117502;-0.0809169;0.108083;0.0234513;-0.017727;0.0052841;-0.0177145;0.046777;-0.00136204;1;0;0;0.253781;1;0;
79;0.0696543;-0.0697776;0.0695962;0.528428;-0.528713;0.528725;-0.0815532;0.121983;-0.119989;0.125079;-0.0847703;0.119578;0.0136981;-0.0103528;0.00308677;-0.0103454;0.0273224;-0.000795757;1;0;0;0.132991;1;0;
80;0.061152;-0.0779547;0.0778486;0.569031;-0.569195;0.569208;-0.0424683;0.104451;-0.103285;0.106261;-0.0591585;0.103046;0.00800068;-0.00604645;0.00180327;-0.00604199;0.0159553;-0.000464935;1;0;0;0.604299;1;0;
81;0.0536309;-0.0819692;0.0968103;0.587421;-0.587513;0.587524;-0.0231754;0.0628521;-0.0621704;0.0639155;-0.0364003;0.0620317;0.00467321;-0.00353147;0.0010529;0.015626;0.00932003;-0.000271794;1;0;0;0.785822;1;0;
82;0.0443667;-0.0882281;0.0935895;0.615499;-0.586791;0.558573;0.0261764;-0.00299984;0.00340027;-0.00237335;0.0184511;-0.0034786;0.00111724;0.0100286;0.000614215;0.0348947;0.00544266;0.0231737;1;1;0;0.852985;1;1;
83;0.0584868;-0.0916083;0.0872327;0.587489;-0.570723;0.516963;0.0969413;-0.0724386;0.0836362;-0.0830284;0.0924294;-0.08368;-0.00448199;0.0569879;-0.0146814;0.0406405;0.00317815;0.0191589;1;1;0;1;0;1;
84;0.062567;-0.0820366;0.0778599;0.541966;-0.532176;0.500777;0.161739;-0.139396;0.153968;-0.153602;0.159104;-0.153988;-0.00261786;0.0565518;-0.0140176;0.0362558;0.00185562;0.025954;0;1;0;1;0;0.306036;
85;0.0594423;-0.0708157;0.0683732;0.47683;-0.471113;0.452773;0.206298;-0.178939;0.201761;-0.201537;0.20476;-0.201765;-0.00152926;0.0361954;-0.00818553;0.0236657;0.00108323;0.0226228;0;1;0;1;0;0.484782;
86;0.0509562;-0.0576013;0.0561718;0.392161;-0.388823;0.378111;0.23286;-0.204432;0.230212;-0.223075;0.231962;-0.230208;-0.000893571;0.0211435;-0.00477909;0.0138256;0.000632096;0.0132171;0;1;1;1;0;0.539085;
87;0.0565887;-0.0604695;0.0329548;0.202197;-0.200246;0.193989;0.02505;-0.00846602;0.023523;-0.019342;0.0245526;-0.0235116;-0.000522504;-0.0128332;0.057685;-0.031871;0.0696286;0.0077193;0.378985;0;0;1;0.844365;1;
88;0.0188822;-0.0211491;-0.00791232;0.132249;-0.131105;0.127455;-0.0934858;0.103175;-0.0943691;0.0968276;-0.0916212;0.0943906;-0.015091;-0.00749442;0.0361226;-0.0186149;0.11029;0.00450776;1;0;0;0;0.883546;0;
89;-0.00762849;0.00630154;-0.0351534;-0.0533307;0.0540128;-0.0561451;0.048432;-0.0427625;0.0479131;-0.0464709;0.0495134;-0.0479223;-0.0141694;0.064586;0.0210942;0.0301527;0.0644129;0.0026327;1;1;0;1;0;0.762702;
90;-0.0353805;0.0345978;-0.0514569;-0.247609;0.248015;-0.249263;0.12207;-0.103267;0.121768;-0.111785;0.122702;-0.121774;-0.00827529;0.0639639;0.0123198;0.0675777;0.0376167;0.00174932;1;1;0;1;0;1;
91;-0.0569377;0.0560929;-0.0663262;-0.39852;0.398765;-0.399495;0.150907;-0.101071;0.15073;-0.0971707;0.151276;-0.150735;-0.00483311;0.0373634;0.00719452;0.0394752;0.0219673;0.00102276;1;1;0;1;0;1;
92;-0.0707218;0.053534;-0.0762045;-0.495019;0.495167;-0.495593;0.14661;-0.0761775;0.140259;-0.0734604;0.134322;-0.157477;-0.00282291;0.0218244;0.00420115;0.0276413;0.0128282;0.000597354;1;1;0;1;0.144282;0.722994;
93;-0.0786403;0.0584608;-0.0818418;-0.550453;0.548913;-0.550795;0.125875;-0.0390897;0.122167;-0.0657977;0.1187;-0.132223;-0.00164908;0.0127472;0.00245394;0.011093;-0.0143713;0.000348711;1;1;0;1;1;0;
94;-0.0970653;0.0392232;-0.0692628;-0.564614;0.567238;-0.578561;0.0850305;0.00423876;0.0828659;-0.0777139;0.0917119;-0.0887371;0.00451768;0.00576062;0.00143401;-0.0133141;-0.00839483;0.00244733;1;1;0;1;1;0.411731;
95;-0.123827;0.0582855;-0.0688994;-0.57682;0.507027;-0.585925;0.0222079;0.121467;0.0209389;-0.0179322;0.0331027;-0.0243629;0.0313192;-0.0266226;0.000838572;-0.055295;0.0303846;0.00749738;1;0.281645;0;1;1;1;
96;-0.115449;0.0674597;-0.0618548;-0.585121;0.435663;-0.576124;-0.0583404;0.142258;-0.059092;0.0603162;-0.00483991;0.0570959;0.0407094;-0.0155482;0.00626273;-0.0875877;0.090354;0.00437935;1;0;0.465802;0.43095;1;1;
97;-0.0971457;0.069116;-0.065843;-0.553721;0.422098;-0.544491;-0.134908;0.183925;-0.135355;0.0885713;0.00610612;0.134191;0.0239255;-0.00908062;0.00374679;-0.0854359;0.141148;0.00255751;1;0;0.99331;0.424214;1;1;
98;-0.0812601;0.0648881;-0.063431;-0.534094;0.403292;-0.489653;-0.189724;0.218357;-0.189988;0.107297;0.0212066;0.189312;0.0147363;-0.00530356;0.00218966;-0.0721558;0.166304;0.0014932;1;0;1;0.395619;1;0.428677;
