1;-0.000363588;0.000116064;9.94838e-05;-0.000363588;0.000116064;9.94838e-05;0.0349769;0.0347456;0.0352595;0.0349769;0.0347456;0.0352595;0.808667;0.808665;0.808666;0.808667;0.808665;0.808666;0;0;0;0;0;0;
2;-0.253997;-0.0552577;-0.0181196;-0.0275437;-0.0235016;0.128311;0.201625;0.0299687;-0.0163013;0.129758;0.115618;0.0790143;0.472467;0.472316;0.472318;0.47234;0.472323;0.47232;0;1;1;1;1;1;
3;-0.150611;-0.0348677;0.0521687;-0.0436347;-0.0473476;0.0757907;0.117909;0.0941938;0.0560821;0.103533;0.0841002;0.0541988;0.275968;0.275853;0.275845;0.275874;0.275862;0.275846;0.690443;1;0.652505;1;1;0.277565;
4;-0.0877856;-0.00985779;0.04342;-0.0242164;-0.0289252;0.0456872;0.0806436;0.0739669;0.0621513;0.08097;0.0738147;0.0598624;0.161183;0.161113;0.161103;0.161129;0.161118;0.161103;1;1;0.72146;1;1;0.864189;
5;-0.0510241;0.0067955;0.0314912;-0.0123921;-0.0186473;0.0285707;0.0633738;0.0627048;0.0606871;0.0636464;0.063137;0.0581368;0.0941427;0.0941009;0.094094;0.0941121;0.0941039;0.0940937;1;1;1;1;1;1;
6;-0.0294866;0.00567838;0.0187823;-0.0050234;-0.0131063;0.0199008;0.0491967;0.051584;0.0528807;0.0483897;0.050597;0.0494734;0.0549876;0.0549636;0.0549593;0.0549706;0.0549649;0.0549587;1;1;1;1;1;1;
7;-0.0168678;0.00296176;0.0113258;-0.0004479;-0.010143;0.0154879;0.0416267;0.0421822;0.045086;0.039249;0.0425741;0.0411746;0.0321184;0.0321054;0.0321027;0.0321092;0.0321054;0.0321024;1;1;1;1;1;1;
8;-0.00955205;0.00140626;0.00693917;0.00200499;-0.00856371;0.012662;0.0378185;0.0361197;0.0404557;0.0329534;0.0374655;0.034145;0.0187612;0.0187549;0.0187529;0.0187568;0.0187538;0.018753;1;1;1;1;1;1;
9;-0.00714815;0.000667546;0.00420684;0.00050477;-0.00627048;0.00904889;0.0361013;0.0324245;0.0382461;0.0278276;0.0344401;0.0285972;0.0109596;0.0109575;0.0109555;0.0109583;0.0109553;0.0109561;1;1;1;1;1;1;
10;-0.00757883;0.000143547;0.00220131;-0.00149609;-0.00187261;0.00352573;0.036422;0.0288639;0.0383506;0.0235302;0.0330334;0.023882;0.00640274;0.00819197;0.00640106;0.00666652;0.00640011;0.00701464;1;1;1;1;1;1;
11;-0.00921599;0.00112518;0.000244073;-0.00816575;0.00619662;-0.00523113;0.0377884;0.0265564;0.0396745;0.0195604;0.0326059;0.0194155;0.00374094;0.00761771;0.00374086;0.00560753;0.00373925;0.0058721;1;1;1;1;1;1;
12;-0.0123585;0.00302787;-0.00222866;-0.0213678;0.0202154;-0.019652;0.0393695;0.0250099;0.0412661;0.0167905;0.0325374;0.0162495;0.00218607;0.00819524;0.00218712;0.00516738;0.00218489;0.00500407;1;1;1;1;1;1;
13;-0.017214;0.00618394;-0.00571795;-0.0433936;0.0427174;-0.0423897;0.0396843;0.024287;0.0415699;0.0159944;0.0330545;0.0138157;0.00127792;0.0082589;0.00181505;0.00505731;0.00127699;0.00548379;1;1;1;1;1;1;
14;-0.0237863;0.0108949;-0.0106237;-0.0763325;0.0759337;-0.0757447;0.0378646;0.0257623;0.0399381;0.0181405;0.0314939;0.0158391;0.000747891;0.00763791;0.00325673;0.00376795;0.00074724;0.00320537;1;1;1;1;1;1;
15;-0.0323723;0.0172414;-0.0170843;-0.120738;0.1205;-0.120393;0.0304341;0.0304794;0.0323763;0.0271449;0.0283773;0.0240691;0.00139922;0.00446302;0.00705506;0.0028881;0.00219599;0.00187386;1;1;1;1;1;1;
16;-0.042333;0.024786;-0.0246957;-0.17354;0.173394;-0.173336;0.013616;0.037485;0.0163292;0.0465741;0.0222487;0.0430472;0.00545985;0.00260648;0.0128817;0.00168783;0.0102665;0.00109465;1;1;1;1;1;1;
17;-0.0527496;0.0323221;-0.0322695;-0.226275;0.226183;-0.226153;-0.0235438;0.054768;-0.0185388;0.0600783;0.00375806;0.0580186;0.0195173;0.00152167;0.0260195;0.00118096;0.0239413;0.000639662;1;0.883646;1;1;1;0.791604;
18;-0.0517427;0.0379446;-0.0379129;-0.265623;0.265562;-0.265548;-0.075306;0.0935492;-0.0716061;0.0966505;-0.0223214;0.0954488;0.0260436;0.000888264;0.0332832;0.000689311;0.0513915;-5.66444e-05;1;0;1;0.43574;1;0;
19;-0.0476727;0.0395185;-0.0382234;-0.276636;0.276599;-0.276592;-0.131753;0.142416;-0.129588;0.144227;-0.0632818;0.143525;0.0264478;0.0005183;0.0305718;0.000402171;0.0713784;-3.33589e-05;1;0;1;0;1;0;
20;-0.0400686;0.0353052;-0.0345484;-0.247141;0.24712;-0.247115;-0.179061;0.185294;-0.166359;0.186352;-0.10128;0.185942;0.0176189;0.000302238;0.0272256;0.000234462;0.0671528;-1.99869e-05;1;0;1;0;1;0;
21;-0.0268941;0.0241103;-0.0236683;-0.168776;0.168765;-0.168761;-0.210888;0.214533;-0.178022;0.215151;-0.135144;0.214911;0.0102926;0.000176005;0.0280171;0.000136494;0.0449054;-1.21202e-05;1;0;1;0;1;1;
22;-0.00657218;0.00494423;-0.00468653;-0.0346161;0.0346103;-0.0346074;-0.228176;0.230306;-0.172102;0.230666;-0.155868;0.230527;0.00600999;0.000102263;0.0333853;7.9268e-05;0.0262335;-7.53518e-06;1;0;1;0;1;0;
23;0.0197746;-0.0207274;0.0208769;0.145079;-0.145085;0.145084;-0.202277;0.211404;-0.161182;0.216637;-0.148628;0.221513;-0.0621836;0.017852;0.0366647;4.58543e-05;-0.0111609;-0.00542836;1;0;1;0;1;0;
24;0.0450464;-0.0456057;0.0456916;0.319223;-0.319228;0.319226;-0.20801;0.200257;-0.130956;0.196906;-0.162833;0.193381;-0.0363191;0.010425;0.044448;2.63699e-05;-0.00679083;-0.00317086;1;0;1;0;1;0;
25;0.0632403;-0.063569;0.0636169;0.44497;-0.444971;0.444971;-0.194724;0.190194;-0.111718;0.188238;-0.132254;0.186179;-0.0212151;0.0060876;0.0259649;1.49791e-05;-0.0265574;-0.0018521;1;0;1;0;1;0;
26;0.0744147;-0.0746082;0.0746342;0.522248;-0.522248;0.522249;-0.168054;0.165408;-0.0844125;0.164265;-0.0867064;0.163063;-0.0132485;0.00355464;0.0151663;8.3024e-06;-0.0308544;-0.00108204;1;0;1;0;1;0;
27;0.0805984;-0.0807124;0.0807259;0.564981;-0.564982;0.564981;-0.128605;0.127059;-0.0315388;0.126391;-0.022381;0.125689;-0.0112223;0.00207545;0.0088573;4.42513e-06;-0.0276486;-0.000632317;1;0;1;0;1;0;
28;0.0793975;-0.0834729;0.0792573;0.584306;-0.584308;0.584307;-0.0731802;0.0722788;0.00943798;0.0718892;0.0343579;0.0714839;-0.0119895;0.0012117;0.00517312;2.28639e-06;-0.0272838;0.0051859;1;0;1;0.154001;1;1;
29;0.077554;-0.0858713;0.0757457;0.589777;-0.601659;0.595489;0.00154385;-0.00206244;0.0497967;-0.00229622;0.0643448;-0.00252327;-0.0122503;0.0540517;0.00302292;0.00964481;-0.0167529;0.0351859;1;1;0.981353;1;1;1;
30;0.087909;-0.100774;0.0747954;0.57005;-0.576991;0.573387;0.0859713;-0.0538001;0.114152;-0.086406;0.122648;-0.0865298;-0.00715641;0.0769932;0.0017649;0.0203185;-0.00978409;0.0316062;0;1;1;1;0;1;
31;0.0861403;-0.0989815;0.0715825;0.528221;-0.532276;0.530172;0.156562;-0.0992045;0.173023;-0.156811;0.177984;-0.15688;-0.00836736;0.0796469;0.00103029;0.0253756;-0.00571431;0.0212079;0;1;0;1;0;1;
32;0.0725923;-0.080095;0.0640896;0.464477;-0.466847;0.465619;0.203491;-0.154271;0.213106;-0.20363;0.216003;-0.203669;-0.0114431;0.0531622;0.000601224;0.0252248;-0.0033376;0.0123899;0;1;0;1;0;1;
33;0.0578717;-0.0622562;0.0529062;0.3796;-0.380984;0.380268;0.231138;-0.186214;0.236753;-0.231213;0.238445;-0.231236;-0.00668317;0.0310549;0.000350631;0.0163152;-0.00194965;0.00723605;0;1;0;1;0;1;
34;0.0404354;-0.0429992;0.0375356;0.268157;-0.268965;0.268549;0.245706;-0.20022;0.248985;-0.243581;0.249973;-0.238929;-0.00390343;0.0181396;0.000204251;0.00953126;-0.00113911;-0.00404751;0;1;0;1;0;1;
35;0.0181763;-0.0196772;0.0164829;0.118543;-0.119014;0.118773;0.251223;-0.200828;0.249081;-0.24452;0.250291;-0.241019;-0.00227996;0.0105949;0.000118766;0.00556757;-0.00066577;-0.0166164;1;1;0;1;0;1;
36;-0.00952323;0.00864201;-0.0105118;-0.0717276;0.0714526;-0.0715938;0.239453;-0.190702;0.233877;-0.233242;0.227803;-0.235675;-0.00133139;0.00618819;6.88278e-05;0.00325178;-0.000389324;-0.0286868;1;1;0;1;0;1;
37;-0.0373429;0.036822;-0.0379193;-0.264345;0.264184;-0.264269;0.232397;-0.16275;0.202255;-0.211359;0.207982;-0.23252;-0.000776762;0.00628883;3.96718e-05;0.00189812;-0.00022783;-0.0356216;1;1;0;1;0;1;
38;-0.0583283;0.0580183;-0.0586624;-0.409995;0.409903;-0.409954;0.213687;-0.133178;0.195889;-0.193151;0.199425;-0.213759;0.00402161;0.00405556;2.26668e-05;0.00110817;-0.000133499;-0.0333222;0;1;0;1;0;1;
39;-0.0715586;0.0713725;-0.0717511;-0.50188;0.501828;-0.501858;0.184748;-0.0945;0.174349;-0.17275;0.176415;-0.184788;0.00602611;-0.00105656;1.27627e-05;0.000645928;-7.84281e-05;-0.0276406;0;1;0;1;0;1;
40;-0.172319;0.172205;-0.172425;-0.162601;0.162584;-0.162583;0.0701712;-0.01747;0.0640958;-0.0631745;0.0653113;-0.0701984;0.0137281;-0.0405709;7.51814e-06;-0.066885;0.00538756;-0.026721;0;1;1;1;0;1;
41;-0.22877;0.228705;-0.228827;0.0331726;-0.0331802;0.0331832;0.0329271;-0.00204004;0.029382;-0.0288354;0.0300811;-0.0329309;0.0103674;-0.0236968;4.43756e-06;-0.0390691;0.00314647;-0.0155995;0;1;0;1;0.538246;1;
42;-0.25743;0.257392;-0.257461;0.143203;-0.143207;0.143208;0.0511608;-0.0124772;0.0490907;-0.0454765;0.0494963;-0.0183161;0.00605583;-0.0138339;-0.018542;-0.0228139;0.00183712;0.0185335;0;1;0.93104;1;0.24853;1;
43;-0.183465;0.183444;-0.183484;-0.148222;0.148206;-0.14821;-0.045412;0.0680087;-0.046617;0.0487371;-0.0350754;0.0645951;0.0564579;-0.0240274;0.0541056;-0.0138619;0.0719593;-0.024587;1;0;1;1;1;1;
44;-0.136389;0.13638;-0.136403;-0.291307;0.291297;-0.2913;-0.129099;0.142311;-0.129809;0.131058;-0.0741668;0.140319;0.0576809;-0.0140326;0.0316051;-0.00809536;0.0998474;-0.0143592;1;0;1;0;1;0;
45;-0.103585;0.103581;-0.103594;-0.337675;0.337668;-0.337671;-0.186718;0.194444;-0.187131;0.187872;-0.0994657;0.193281;0.0354727;-0.00819543;0.025246;-0.00472799;0.0883923;-0.00838609;1;0;1;0;1;0;
46;-0.0779992;0.0779971;-0.0780047;-0.319746;0.319741;-0.319743;-0.221517;0.226036;-0.198122;0.222198;-0.146322;0.225357;0.0211752;-0.00478658;0.0186353;-0.00276157;0.0553776;-0.00489791;1;0;1;0;1;0;
47;-0.0549006;0.0548986;-0.0549033;-0.252172;0.252171;-0.252171;-0.240646;0.243288;-0.195172;0.241047;-0.177197;0.242891;0.0123694;-0.00279587;0.0193366;-0.00161321;0.0323489;-0.00286083;1;0;1;0;1;0;
48;-0.0303144;0.0303117;-0.0303151;-0.135029;0.135031;-0.135028;-0.249269;0.250811;-0.189797;0.249503;-0.191059;0.25058;0.00722318;-0.00163333;0.0215524;-0.000942591;0.0188943;-0.0016712;1;0;1;0;1;0;
49;-0.00163841;0.0016348;-0.00163784;0.0336061;-0.0336035;0.0336065;-0.253359;0.23718;-0.174446;0.239148;-0.195221;0.238914;0.00421586;-0.000954411;0.0255636;-0.000550939;0.0110329;-0.000976447;1;0;1;0;1;0;
50;0.0283141;-0.0283183;0.0283152;0.224527;-0.224526;0.224527;-0.243729;0.217064;-0.152216;0.215831;-0.179825;0.213815;-0.00690933;-0.000557911;0.0319024;-0.000322205;-0.0112992;-0.000570693;1;0;1;0;1;0;
51;0.0522961;-0.0523006;0.0522975;0.381457;-0.381455;0.381457;-0.224708;0.209134;-0.124372;0.208414;-0.158793;0.207236;-0.00707749;-0.00032635;0.0317514;-0.000188596;-0.0259119;-0.000333686;1;0;1;0;1;0;
52;0.0679421;-0.0679469;0.0679442;0.484591;-0.484587;0.484591;-0.196472;0.187375;-0.0937976;0.186954;-0.121019;0.186267;-0.00870322;-0.0001911;0.0244283;-0.00011059;-0.0315685;-0.000195303;1;0;1;0;1;0;
53;0.0770821;-0.0770867;0.0770846;0.54484;-0.544836;0.54484;-0.159163;0.153848;-0.0529192;0.153602;-0.0705329;0.153201;-0.0110424;-0.000112078;0.016626;-6.50304e-05;-0.0316169;-0.000114488;1;0;1;0;1;0;
54;0.0803223;-0.0818604;0.081859;0.576078;-0.576076;0.576078;-0.110146;0.107041;0.00549515;0.106897;-0.00754203;0.106663;-0.0124554;-6.58781e-05;0.00971071;-3.83879e-05;-0.0442707;-6.72495e-05;1;0;1;0;1;0.0298634;
55;0.078638;-0.0836001;0.0835991;0.586985;-0.586985;0.586986;-0.0443596;0.0425492;0.0578902;0.0424627;0.0155607;0.0423331;-0.0103251;0.00111214;0.00567184;-2.28013e-05;-0.025861;0.0178985;1;1;1;0;1;1;
56;0.0735744;-0.0746772;0.0791326;0.580016;-0.581262;0.586789;0.0382344;-0.0169063;0.0979514;-0.0393442;0.0732298;-0.0394053;-0.0204552;0.0648392;0.00331205;0.00860902;-0.0225346;0.04182;0.271753;1;1;1;0.302882;1;
57;0.0609038;-0.0711337;0.0767001;0.552135;-0.552865;0.556094;0.119673;-0.0933341;0.154549;-0.120315;0.140111;-0.120342;-0.0119472;0.0728701;0.00193375;0.0309699;-0.0131606;0.0321297;0;1;0.0218235;1;0;1;
58;0.0609586;-0.0745199;0.0703009;0.501002;-0.50143;0.503316;0.179975;-0.148866;0.200342;-0.180342;0.191911;-0.180355;-0.00697753;0.0518061;0.00112887;0.0226859;-0.00768615;0.0188244;1;1;0;1;0;1;
59;0.0550068;-0.0629293;0.0604627;0.428433;-0.428684;0.429787;0.217613;-0.180268;0.229507;-0.217822;0.224583;-0.217827;-0.00407529;0.0302646;0.000658775;0.0139959;-0.00448916;0.0109951;1;1;0;1;0;1;
60;0.043957;-0.048586;0.0471431;0.333038;-0.333183;0.33383;0.238835;-0.196288;0.245782;-0.238955;0.242906;-0.238442;-0.00238043;0.0176799;0.000384204;0.00817661;-0.00262215;0.00641939;0;1;0;1;0;1;
61;0.027336;-0.0300422;0.0291967;0.206154;-0.206237;0.206618;0.249065;-0.20004;0.253122;-0.248941;0.251442;-0.240845;-0.00139067;0.0103277;0.000223847;0.00477616;-0.00153185;-0.0119617;0;1;0;1;0;1;
62;0.00402871;-0.00561161;0.00511536;0.0368519;-0.0368985;0.0371232;0.244362;-0.19518;0.244508;-0.244947;0.240216;-0.239036;-0.000812692;0.00603318;0.000130189;0.00278891;-0.000895099;-0.0250709;0;1;0;1;0;1;
63;-0.0238315;0.0229051;-0.0231969;-0.16176;0.161732;-0.161603;0.220447;-0.175474;0.221135;-0.226325;0.223386;-0.2423;-0.000475128;0.00352412;7.55038e-05;0.00162815;-0.000523219;-0.0336619;0;1;0;1;0;1;
64;-0.0485615;0.0480183;-0.0481908;-0.336967;0.336952;-0.336878;0.196856;-0.149364;0.189377;-0.208802;0.21677;-0.228012;-0.000277779;0.00225366;4.37543e-05;0.000951216;-0.000306;-0.0363407;0.126918;1;0;1;0;1;
65;-0.0655653;0.0652434;-0.0653479;-0.457216;0.457209;-0.457166;0.185235;-0.11931;0.180865;-0.19203;0.196863;-0.20343;4.41114e-05;-0.00630138;2.49595e-05;0.000557053;-0.000179196;-0.0252977;1;1;0;1;0;1;
66;-0.0757717;0.0755793;-0.0756432;-0.529373;0.52937;-0.529346;0.158822;-0.0852744;0.156265;-0.162786;0.165608;-0.169444;0.00461859;-0.0178437;1.41293e-05;0.000325117;-0.000105117;-0.0169952;1;1;0;1;0;1;
67;-0.0947282;0.0790163;-0.0812147;-0.568427;0.568425;-0.568412;0.118312;-0.0615551;0.116814;-0.120623;0.12227;-0.124509;0.00850567;-0.01237;7.85078e-06;-0.000512976;-6.1828e-05;-0.0127385;0;1;0;1;0;1;
68;-0.106637;0.081051;-0.083574;-0.582569;0.584841;-0.584966;0.0604469;-0.0272946;0.0595648;-0.0803467;0.0731922;-0.0640577;0.0219427;-0.01277;4.67474e-06;-0.0259634;0.00977517;-0.0155712;0;1;0.487265;1;0.350581;1;
69;-0.0968132;0.0812981;-0.09608;-0.558333;0.567575;-0.571163;-0.0167947;0.0361572;-0.0173073;-0.0374665;0.0747227;0.0146904;0.0128182;-0.0224083;0.0208589;-0.0461184;0.0545071;-0.0180112;0;0.559904;1;1;0.445961;1;
70;-0.0881393;0.0790771;-0.0889968;-0.518297;0.553329;-0.55475;-0.10019;0.1115;-0.100482;0.00976573;0.0893518;0.0989652;0.0202291;-0.013087;0.0303787;-0.0671532;0.103136;-0.010521;0.332945;0;1;1;0.501129;1;
71;-0.0784761;0.0731832;-0.0789771;-0.491703;0.528454;-0.512989;-0.166613;0.17322;-0.166774;0.0455889;0.104197;0.165902;0.0162261;-0.00764332;0.0211835;-0.058934;0.142593;-0.00614411;0.280887;0;1;1;0.474579;1;
72;-0.0670315;0.0639396;-0.0673234;-0.466176;0.506195;-0.447991;-0.209623;0.213483;-0.203198;0.0753994;0.12064;0.20921;0.0118184;-0.00446418;0.0123755;-0.041046;0.179951;-0.0035882;0.103512;0;1;1;0.447441;1;
73;-0.0532679;0.0514619;-0.0534378;-0.450223;0.487299;-0.360476;-0.23454;0.236794;-0.207026;0.0975539;0.133328;0.234299;0.00690464;-0.00260763;0.00722924;-0.0281935;0.204982;-0.00209544;0.335992;0;1;1;0.368195;1;
74;-0.0359071;0.0348525;-0.0360069;-0.428366;0.464929;-0.244112;-0.246071;0.248603;-0.210949;0.135636;0.160219;0.247148;0.00384484;-0.00152345;0.00422373;-0.016467;0.233352;-0.00122297;1;0;1;1;0.278335;1;
75;-0.0130758;0.0124602;-0.0131342;-0.21266;0.256105;-0.0873133;-0.2228;0.243543;-0.175885;0.183225;0.0222013;0.238287;-0.00676363;-0.000890148;0.0293069;-0.0105755;0.175336;-0.00615082;1;0;1;0.325882;1;0.426477;
76;0.0149578;-0.0153188;0.0149243;0.0339495;-0.00859641;0.107163;-0.194022;0.228964;-0.116459;0.207985;-0.0835539;0.232903;-0.00395214;-0.000520552;0.0931167;-0.00617605;0.102416;-0.00359255;1;0;1;0;1;0;
77;0.0417924;-0.0420063;0.0417726;0.251233;-0.23643;0.293994;-0.18842;0.197354;-0.11358;0.205503;-0.0946104;0.226342;-0.0103423;-0.000304607;0.0665942;-0.00360695;0.0598213;-0.00209826;1;0;1;0;1;0;
78;0.0612527;-0.0613815;0.0612422;0.404656;-0.396011;0.429638;-0.128343;0.188966;-0.0841524;0.227772;-0.127201;0.207243;-0.00647352;-0.000178358;0.0502895;0.0286198;0.0349377;-0.00122572;1;0;1;1;1;0;
79;0.0719534;-0.0733536;0.0732709;0.498854;-0.493807;0.513456;-0.0936479;0.166812;-0.0525168;0.189484;-0.115699;0.177486;0.0221954;-0.000104676;0.0293762;0.0193632;0.0203966;-0.000716232;0.94638;0;1;0;1;0;
80;0.0792238;-0.0800432;0.0799952;0.551757;-0.548811;0.56029;-0.0587816;0.130631;-0.0107841;0.143875;-0.0662407;0.136864;0.0129645;-6.16045e-05;0.018639;0.0113101;-0.0297759;-0.000418712;0.693972;0;1;0;1;0;
81;0.0827104;-0.0831892;0.0833459;0.577329;-0.575612;0.582316;-0.0361806;0.0781417;0.0553408;0.0858783;-0.039402;0.0817812;0.00757258;-3.59892e-05;0.0158439;0.00660599;-0.0173944;-0.000244952;0.905598;0.413897;1;0;1;0;
82;0.0933193;-0.0878767;0.080393;0.567653;-0.581716;0.585635;0.018577;0.00593384;0.0740859;0.0104453;0.0166961;0.00805787;-0.00422322;0.0376499;0.00925352;0.00385855;-0.0210589;0.0341876;0;1;1;0;1;1;
83;0.0939753;-0.0884912;0.0794589;0.529176;-0.567759;0.570049;0.0925013;-0.0484528;0.12492;-0.0755517;0.0914044;-0.0769297;-0.00381613;0.0765274;0.00540348;0.0219678;-0.0122989;0.0580407;0;1;0;0.482766;0;1;
84;0.0832921;-0.0935437;0.0748146;0.507908;-0.530445;0.531784;0.159146;-0.0893494;0.178079;-0.149237;0.158505;-0.150038;-0.00222901;0.0831874;0.00315518;0.0374148;-0.00718295;0.0345641;0;1;0;1;0;1;
85;0.0715456;-0.0776631;0.0665948;0.456939;-0.470102;0.470886;0.204784;-0.12815;0.215841;-0.198985;0.20441;-0.199456;-0.00130217;0.0630991;0.00184215;0.0295767;-0.00419528;0.0201898;1;1;0;1;0;1;
86;0.0580244;-0.0615998;0.0551331;0.380545;-0.388233;0.388692;0.231976;-0.166888;0.238433;-0.224358;0.231757;-0.228859;-0.000760932;0.0368616;0.0010753;0.017278;-0.00245052;0.0117918;0.791069;1;0;1;0;1;
87;0.0415518;-0.0436425;0.0398634;0.275899;-0.280389;0.280659;0.246413;-0.187121;0.250184;-0.22733;0.246286;-0.244591;-0.000444884;0.0215327;0.000627461;0.0100925;-0.00143161;0.00688324;0;1;0;1;0;1;
88;0.0202189;-0.0214422;0.0192329;0.132797;-0.135419;0.135577;0.250719;-0.191726;0.250389;-0.220054;0.250793;-0.244528;-0.000260318;0.0125773;0.000365917;0.00589609;-0.000836564;-0.0232032;0;1;0;1;0;1;
89;-0.0101677;0.00613103;-0.00742302;-0.0523318;0.0514935;-0.0514042;0.228674;-0.186863;0.235744;-0.215172;0.223206;-0.267881;0.00909715;0.0174069;0.000213245;0.0190026;0.00723899;-0.0322712;0;1;0;0.939683;0;1;
90;-0.0343177;0.0345033;-0.0352605;-0.246628;0.246542;-0.246495;0.208406;-0.162872;0.205547;-0.17979;0.211721;-0.258157;0.00531228;0.0101665;0.000123946;0.0129349;0.00422783;-0.045801;0;1;0;0.839554;0;1;
91;-0.0563163;0.0564218;-0.0568675;-0.397949;0.397904;-0.397879;0.201326;-0.131546;0.197549;-0.155619;0.203262;-0.230388;0.00310188;0.00593808;7.19342e-05;0.00755665;0.00246854;-0.0455156;0;1;0;0.792612;0;1;
92;-0.0703589;0.0704184;-0.0706804;-0.494686;0.494664;-0.49465;0.17951;-0.104045;0.177302;-0.12436;0.180639;-0.196485;0.00181265;0.00323;4.14827e-05;0.00441317;0.00144116;-0.0331839;0.808376;1;0;0.718122;0;1;
93;-0.078429;0.0784625;-0.0786158;-0.550264;0.550253;-0.550245;0.145093;-0.0628607;0.143798;-0.0912308;0.145747;-0.155004;0.0101607;-0.0114181;2.37693e-05;-0.00188385;0.000841209;-0.0262065;1;1;0;0.911045;0;1;
94;-0.102356;0.0815468;-0.0826112;-0.575759;0.577699;-0.578239;0.0962595;-0.0384484;0.0954949;-0.0763824;0.0978909;-0.102042;0.026703;-0.00667012;1.34912e-05;-0.00407632;0.00159853;-0.0226105;0;1;0;0.915063;1;1;
95;-0.0986577;0.081177;-0.0837855;-0.583131;0.508446;-0.586242;0.0287653;0.00500338;0.0283131;-0.0180069;0.0297285;-0.0321373;0.0295852;-0.0118353;8.96667e-06;-0.0544224;0.0457963;-0.0272644;0;1;1;0.696071;1;1;
96;-0.0928776;0.0781311;-0.0887084;-0.584943;0.439831;-0.594288;-0.0490914;0.0605997;-0.0547781;0.0608016;-0.0201373;0.409473;0.0425087;0.00493005;0.0338071;-0.0640073;0.172868;-0.230347;1;0.797626;1;0.380965;1;1;
97;-0.0839603;0.075348;-0.0815251;-0.57238;0.435155;-0.539787;-0.12951;0.110165;-0.132824;0.149663;0.0195195;0.342941;0.0344725;0.0331946;0.041888;-0.161896;0.153257;-0.128799;1;0;1;0.84155;1;0;
98;-0.0735575;0.0685275;-0.0721352;-0.554257;0.412727;-0.486894;-0.186571;0.175281;-0.188501;0.137891;0.0346693;0.311221;0.0205716;0.0193852;0.0244966;-0.0945679;0.179352;-0.0752182;1;0;1;0.749503;1;0.0168664;
