1;-0.000363589;0.000116065;9.94839e-05;-0.000363588;0.000116065;9.94839e-05;0.0349769;0.0347456;0.0352595;0.0349769;0.0347456;0.0352595;0.808667;0.808665;0.808666;0.808667;0.808665;0.808666;0;0;0;0;0;0;
2;0.00955399;0.00944683;-0.0203031;0.0317577;-0.00574053;-0.00564343;0.160541;0.168122;0.150079;0.216234;0.236363;0.237222;0.472409;0.472416;0.472391;0.472419;0.472536;0.472539;1;1;1;1;1;1;
3;0.0110024;0.0089599;-0.01215;0.0211498;-0.00677076;-0.00825453;0.103011;0.108403;0.0961041;0.150816;0.138129;0.138464;0.275908;0.275913;0.27589;0.275915;0.275983;0.275987;0.852033;0.699572;0;0;0.476043;1;
4;0.00706037;0.00459794;-0.00646079;0.0117165;-0.0033193;-0.00545559;0.0601398;0.0633438;0.0560957;0.0881021;0.0806456;0.0809007;0.161138;0.161142;0.16112;0.161137;0.161181;0.161187;0.941586;0.753615;0;0.152284;0.581765;1;
5;0.00499953;0.00180916;-0.00289695;0.00596617;-0.00106235;-0.00406228;0.0506522;0.0581021;0.0325028;0.051706;0.0468473;0.0529762;0.0941097;0.0941125;0.0940935;0.0941038;0.0941333;0.0941387;1;0.774518;0;0.265194;0.679634;1;
6;0.00402729;-5.09651e-05;-0.000584617;0.00237678;0.000487145;-0.00347966;0.0379701;0.0494667;0.0183247;0.0308543;0.0344805;0.0480292;0.0549639;0.0549664;0.0549515;0.0549568;0.0549773;0.0549813;1;0.764399;0.754998;0.320108;0.706498;1;
7;0.00455704;-0.00127265;0.000901559;0.000144745;0.00152791;-0.00172618;0.0323464;0.0463048;0.010252;0.0193212;0.0289786;0.0459194;0.0321022;0.0321044;0.032093;0.0320957;0.0321096;0.0321128;1;0.731435;0.683013;0.3922;0.671675;1;
8;0.00435081;-0.00114189;0.000462131;-0.00104902;0.00202603;-0.00177712;0.0309485;0.0474328;0.00867339;0.0170905;0.0282849;0.0485035;0.0187509;0.0187528;0.0187438;0.0187449;0.0187547;0.0187574;1;0.861628;0.980531;0.395645;0.681791;1;
9;0.00307952;0.000440815;-0.000987259;-0.00102289;0.00207032;0.000213754;0.0285915;0.047642;0.00510065;0.0169182;0.0275102;0.0508277;0.0109538;0.0109552;0.0109479;0.0109479;0.0109557;0.0109579;1;0.98187;0.705029;0.376089;0.709856;0.774175;
10;0.000903447;0.00538062;-0.00540031;0.000297936;0.000314018;0.00102025;0.0271948;0.0488181;0.00145495;0.0178834;0.027131;0.0535505;0.0064005;0.00640124;0.00639512;0.00639425;0.00640137;0.00640297;0.719479;0.625784;0.837766;0.351839;0.748279;1;
11;-0.00311818;0.00678853;-0.00679988;0.00382007;-0.00346244;0.00424204;0.0237718;0.0481638;-0.00165421;0.0199657;0.0268888;0.0559222;0.00810729;0.00509711;0.00373638;0.00373478;0.00630362;0.00624024;0.922829;0.650773;0.865265;0.333049;0.618586;1;
12;-0.0101206;0.0122644;-0.0122708;0.0105307;-0.0103216;0.0107773;0.0224755;0.048779;-0.00323306;0.0224561;0.0272386;0.0586723;0.00707936;0.0029795;0.00218367;0.00218153;0.0088446;0.00561722;0.946409;0.622081;0.759284;0.321496;0.83205;1;
13;-0.0213682;0.0226206;-0.022624;0.021608;-0.0214856;0.0217521;0.0227082;0.0490868;-0.00305243;0.0225919;0.0268454;0.0582538;0.00793366;0.0031347;0.00127688;0.0012744;0.00747269;0.00566905;0.948258;0.605242;0.76095;0.314814;0.981986;1;
14;-0.0379753;0.038707;-0.0387088;0.0381155;-0.0380438;0.0381999;0.0243552;0.0479544;-0.00135967;0.0202488;0.0273449;0.0557256;0.00749463;0.0043241;0.000747219;0.000744804;0.00626364;0.00583668;0.930534;0.639925;0.74367;0.329576;1;1;
15;-0.0602588;0.0606865;-0.0606872;0.0603409;-0.0602988;0.0603903;0.0316788;0.0463104;0.007377;0.013346;0.0283076;0.0483915;0.00774265;0.0108652;0.000437475;0.000435927;0.00366064;0.0101765;0.846301;0.750207;0.666891;0.369252;0.9539;1;
16;-0.0867074;0.0869575;-0.0869576;0.0867555;-0.0867308;0.0867845;0.0441689;0.0410842;0.0157441;-0.00357936;0.0315711;0.0331899;0.00452349;0.0183516;0.000256069;0.00112411;0.00213819;0.0126252;0.56593;0.976365;0.538455;0.521013;0.483529;1;
17;-0.113103;0.113249;-0.113249;0.113131;-0.113116;0.113148;0.0586722;0.0235099;0.0420716;-0.0349642;0.0513144;-0.0134849;0.00264169;0.0301887;0.000149252;0.00156674;0.00124836;0.0174445;0.412155;1;0;0.550374;0;1;
18;-0.132791;0.132877;-0.132877;0.132808;-0.132799;0.132818;0.0958292;-0.0478197;0.0861345;-0.0819809;0.0915324;-0.0694315;0.00154234;0.0336579;8.67981e-05;0.00282272;0.000728689;0.0101917;0;1;0;0.530815;0;1;
19;-0.138306;0.138357;-0.138356;0.138316;-0.138311;0.138322;0.143747;-0.115698;0.138086;-0.135658;0.141238;-0.128324;0.000900345;0.0196593;5.0335e-05;0.00164952;0.000425122;0.00595427;0;1;0;0.530516;0;1;
20;-0.123563;0.123593;-0.123593;0.123569;-0.123566;0.123573;0.186072;-0.169683;0.182766;-0.181346;0.184607;-0.17706;0.00052538;0.0114813;2.89985e-05;0.000963671;0.000247799;0.00347813;0;1;0;0.546113;0;1;
21;-0.0843832;0.0844003;-0.0844003;0.0843868;-0.084385;0.0843889;0.214987;-0.205408;0.213056;-0.212226;0.214131;-0.20972;0.000306359;0.00670348;1.64914e-05;0.000562573;0.000144208;0.00203108;0;1;0;0.565589;0;0.932058;
22;-0.0173033;0.0173133;-0.0173132;0.0173055;-0.0173046;0.0173067;0.230571;-0.19971;0.229443;-0.228956;0.230071;-0.223916;0.000178421;0.0039124;9.16304e-06;0.000327945;8.36892e-05;0.00118544;0;1;0;0.451391;0;1;
23;0.0725468;-0.0725406;0.072541;-0.0725453;0.0725453;-0.0725446;0.228857;-0.182724;0.228343;-0.212456;0.228308;-0.212132;0.000103685;0.00142852;4.84758e-06;0.000190929;4.83329e-05;0.000691777;0;1;0;0.859269;0;1;
24;0.15962;-0.159615;0.159617;-0.159619;0.159618;-0.159619;0.190696;-0.130255;0.185525;-0.189358;0.1929;-0.176234;-0.00253447;-0.00488075;-1.74482e-05;-0.00640468;2.76897e-05;-0.00143087;0;1;0;1;0;1;
25;0.222491;-0.222486;0.222489;-0.22249;0.222489;-0.222491;0.153426;-0.0735526;0.156973;-0.148516;0.169427;-0.141887;-0.00148045;0.0215821;-1.07523e-05;-0.00519823;1.58878e-05;-0.000834941;0;1;0;0.96834;0;1;
26;0.261128;-0.261123;0.261127;-0.261127;0.261125;-0.261128;0.141373;-0.0155671;0.146007;-0.0853216;0.153279;-0.0945915;-0.000865223;0.031107;-6.73803e-06;-0.00303632;8.78358e-06;0.00972329;0;1;0;0.848341;0;1;
27;0.282492;-0.282489;0.282491;-0.282491;0.282491;-0.282493;0.113026;0.0166426;0.115729;-0.0179619;0.119976;-0.0119484;-0.000503974;0.0221914;-4.33009e-06;0.0107266;4.7031e-06;0.0170139;0.951977;1;0;0.95699;0;0.923791;
28;0.292155;-0.292152;0.292154;-0.292154;0.292155;-0.292155;0.064092;0.0444082;0.0656672;0.0223577;0.0681488;0.0698205;0.0122371;0.0129631;0.0217377;0.00626607;0.020205;0.038868;0.920174;0.530336;1;0.409258;0.644384;1;
29;0.299279;-0.295584;0.296586;-0.294173;0.311117;-0.298217;-0.00684797;0.0702145;-0.00592159;0.0573374;-0.00447087;0.0973467;0.0141061;0.00756996;0.0204236;0.00365904;0.02259;0.0227002;0.621627;0;1;0;1;0.490827;
30;0.28759;-0.285432;0.286017;-0.284608;0.294504;-0.28697;-0.0890696;0.126076;-0.0885173;0.118556;-0.0876665;0.141921;0.00823912;0.00442046;0.0192068;0.00213647;0.0302036;0.0132564;0.561312;0;1;0;1;0;
31;0.265609;-0.264349;0.264691;-0.263868;0.269648;-0.265247;-0.158374;0.179986;-0.158043;0.175595;-0.157544;0.18924;0.00481242;0.00258111;0.01122;0.00124729;0.0176424;0.00774129;0.740525;0;1;0;1;0;
32;0.233115;-0.232379;0.232579;-0.232098;0.235474;-0.232903;-0.20455;0.217172;-0.204351;0.214608;-0.204056;0.222576;0.00281077;0.00150688;0.00655389;0.000727959;0.0103041;0.00452042;0.912128;0;1;0;1;0;
33;0.190312;-0.189882;0.189999;-0.189718;0.19169;-0.190188;-0.231756;0.239128;-0.230868;0.23763;-0.2089;0.242284;0.00164146;0.000879487;0.00382778;0.000424643;0.00601687;0.00263942;1;0;1;0;1;0;
34;0.134378;-0.134126;0.134195;-0.13403;0.135182;-0.134305;-0.246066;0.250371;-0.225624;0.249497;-0.203728;0.252215;0.000958136;0.000513068;0.00223557;0.000247448;0.00351297;0.0015409;1;0;1;0;1;0;
35;0.059445;-0.0592975;0.0593378;-0.0592415;0.0599149;-0.0594019;-0.239316;0.250246;-0.22225;0.249154;-0.196536;0.248792;0.000559325;0.000299071;0.00130575;0.00014399;0.00205072;0.000899363;1;0;1;0;1;0;
36;-0.0357652;0.0358517;-0.0358281;0.0358845;-0.0354904;0.0357908;-0.217451;0.225918;-0.211181;0.235912;-0.169433;0.236218;0.000327285;0.000174064;0.000762865;8.35637e-05;0.00119794;0.000524709;1;0;1;0;1;0;
37;-0.132118;0.132169;-0.132155;0.132188;-0.131957;0.132133;-0.182073;0.202915;-0.190076;0.198529;-0.148972;0.203174;0.000192052;-0.000499683;0.000446127;4.84571e-05;0.00558494;0.000306103;1;0;1;0;1;0;
38;-0.204968;0.204998;-0.204989;0.205009;-0.204874;0.204977;-0.13414;0.16558;-0.153354;0.175695;-0.0834171;0.166402;0.000113575;-0.00029234;0.000261503;2.7709e-05;0.0145781;0.000178131;0.854112;0;1;0;1;0;
39;-0.250923;0.250941;-0.250936;0.250948;-0.250869;0.250929;-0.0881874;0.156649;-0.11295;0.162557;-0.025174;0.156461;0.0188404;-0.000171222;0.0115147;1.57773e-05;0.0241585;0.000103642;1;0;0.967817;0;1;0;
40;-0.277064;0.277075;-0.277072;0.277079;-0.277033;0.277068;0.00352482;0.129207;-0.0577033;0.132657;0.0293472;0.129099;0.0333341;-0.000100425;0.00672652;8.81581e-06;0.0446429;0.00929972;1;0;0.940794;0;1;0.687678;
41;-0.289941;0.289946;-0.289945;0.289948;-0.289922;0.289944;0.0675455;0.0835108;-0.00250848;0.0855265;0.0396887;0.0834514;0.0510171;0.00705178;0.00392982;0.0173764;0.0260769;0.0113937;1;0.477184;0.667561;0.305935;0.908375;0.981293;
42;-0.293155;0.288773;-0.293157;0.293159;-0.293144;0.327054;0.0638195;0.017161;0.0304656;0.0180176;0.0551092;0.0168171;0.0297938;0.0198739;0.00229489;0.0101494;0.015229;0.0200822;0.370083;1;0;0.418699;0;1;
43;-0.287139;0.283579;-0.28714;0.287141;-0.287133;0.306937;0.112567;-0.0652614;0.0930888;-0.0647734;0.10748;-0.0654651;0.017399;0.0234554;0.00133989;0.00592882;0.00889328;0.0216071;0;1;0;0.531781;0;1;
44;-0.270062;0.267982;-0.270063;0.270063;-0.270059;0.281625;0.168334;-0.140696;0.156958;-0.140421;0.165363;-0.140819;0.0101606;0.0137004;0.000782125;0.00346381;0.0051932;0.0126211;0;1;0;0.46727;0;1;
45;-0.241491;0.240276;-0.241492;0.241491;-0.24149;0.248244;0.209641;-0.193492;0.202998;-0.193339;0.207906;-0.193566;0.00593325;0.00800102;0.000456325;0.00202358;0.00303233;0.00737146;0;1;0;0.684033;0;1;
46;-0.202302;0.201592;-0.202302;0.202302;-0.202301;0.206246;0.234912;-0.219898;0.231032;-0.22539;0.233898;-0.225519;0.0034645;0.00467087;0.000266027;0.00118203;0.00177034;0.00430468;0;1;0;0.520514;0;1;
47;-0.150864;0.15045;-0.150864;0.150863;-0.150865;0.153168;0.248471;-0.198067;0.246205;-0.242909;0.247879;-0.22862;0.00202272;0.00272632;0.000154835;0.000690299;0.00103334;0.00251317;0;1;0;0.534549;0;1;
48;-0.0819837;0.0817438;-0.0819839;0.0819825;-0.0819854;0.0833314;0.252616;-0.202863;0.252515;-0.240999;0.251822;-0.22882;0.0011807;0.00159186;8.98525e-05;0.000403045;0.000602948;0.00146682;0;1;0;0.520399;0;1;
49;0.00835625;-0.00849308;0.00835606;-0.00835799;0.00835268;-0.00756716;0.239878;-0.176784;0.240184;-0.225658;0.233878;-0.218326;0.000688965;0.000929917;5.19651e-05;0.000235624;0.000351577;0.000855706;0;1;0;0.625294;0;1;
50;0.107335;-0.107411;0.107335;-0.107337;0.10733;-0.106873;0.213676;-0.148193;0.213396;-0.194775;0.210518;-0.203511;0.000401814;0.00331623;2.97873e-05;0.000138331;0.000204816;-0.00170248;0;1;0;0.720786;0;1;
51;0.187853;-0.187895;0.187853;-0.187855;0.187848;-0.187581;0.181172;-0.109012;0.169419;-0.143819;0.174631;-0.169323;0.000234399;0.0152838;1.69925e-05;0.00984021;0.000119096;-0.000994304;0;1;0;0.782023;0;1;
52;0.240617;-0.24064;0.240617;-0.24062;0.240614;-0.240457;0.171045;-0.0441298;0.126449;-0.0897096;0.135939;-0.127636;0.000136299;0.0244116;9.50564e-06;0.0143875;6.90599e-05;-0.000580261;0;1;0;0.764564;0;1;
53;0.271439;-0.271453;0.27144;-0.271443;0.271438;-0.271345;0.144313;0.0100665;0.114136;-0.0236213;0.123809;-0.0709914;0.0101376;0.0389102;5.05374e-06;0.033923;3.99087e-05;0.00277132;0.674408;1;0;0.889099;0;1;
54;0.287466;-0.287474;0.287466;-0.28747;0.287466;-0.287411;0.101478;0.0389421;0.0838506;0.0235976;0.0894983;0.0266506;0.0161094;0.0227295;0.00981395;0.0198168;2.28986e-05;0.0190957;0.59889;1;0.44499;0.795691;0;1;
55;0.293158;-0.293163;0.293158;-0.293161;0.293158;-0.293126;0.0393074;0.0376792;0.0290144;0.0890191;0.0323247;0.0931904;0.0337527;0.0132743;0.037093;0.0240466;0.0352021;0.0239361;0.877274;0.315587;1;0.331059;0.848466;0.946151;
56;0.289813;-0.289816;0.289813;-0.289815;0.280159;-0.289794;-0.0411861;0.0861476;-0.0471869;0.11613;-0.04525;0.118566;0.0197142;0.00775168;0.0216691;0.0140426;0.0227193;0.0139782;0.661824;0;1;0;1;0;
57;0.275955;-0.275957;0.275956;-0.275956;0.270318;-0.275944;-0.121396;0.147655;-0.124893;0.165165;-0.123758;0.166588;0.0115154;0.00452656;0.0126591;0.00820046;0.0178573;0.0081628;1;0;1;0;1;0;
58;0.250436;-0.250437;0.250437;-0.250437;0.247145;-0.25043;-0.18098;0.196316;-0.183016;0.206542;-0.18235;0.207373;0.00672552;0.00264305;0.00739506;0.00478859;0.0104309;0.00476659;0.806542;0;1;0;1;0;
59;0.214178;-0.214179;0.21418;-0.214179;0.212257;-0.214175;-0.218199;0.227156;-0.219382;0.233128;-0.212391;0.233613;0.00392775;0.00154302;0.00431942;0.00279605;0.00609179;0.00278319;0.97637;0;1;0;1;0;
60;0.166495;-0.166496;0.166497;-0.166496;0.165374;-0.166494;-0.239177;0.244409;-0.225504;0.247896;-0.199527;0.248179;0.0022936;0.000900593;0.00252251;0.00163234;0.00355796;0.00162484;0.732578;0;1;0;1;0;
61;0.103062;-0.103062;0.103063;-0.103063;0.102408;-0.103061;-0.245654;0.25232;-0.224893;0.253591;-0.195664;0.253519;0.0013391;0.00052539;0.00147329;0.000952773;0.00207813;0.000948349;0.809652;0;1;0;1;0;
62;0.0184143;-0.0184137;0.0184161;-0.0184154;0.0180324;-0.0184146;-0.231576;0.238693;-0.217096;0.244283;-0.181539;0.243677;0.000781867;0.000306249;0.000860596;0.000555902;0.00121397;0.000553291;0.904351;0;1;0;1;0;
63;-0.0808895;0.0808914;-0.0808875;0.0808882;-0.0811133;0.0808886;-0.20312;0.215355;-0.204065;0.226032;-0.156305;0.226737;0.000456918;0.000178299;0.000503005;0.000324148;0.00410267;0.000322594;1;0;1;0;1;0;
64;-0.168491;0.168494;-0.168489;0.16849;-0.168624;0.16849;-0.165945;0.183267;-0.177641;0.216947;-0.114646;0.218919;0.000267777;0.000103577;0.000294568;0.000188825;0.0123796;0.000187914;1;0;1;0;1;0;
65;-0.228613;0.228616;-0.228612;0.228613;-0.228692;0.228613;-0.112167;0.14822;-0.137604;0.196965;-0.0558712;0.198117;0.0107107;6.0006e-05;0.00579422;0.000109776;0.0262235;0.000109251;1;0;1;0;1;0;
66;-0.26469;0.264692;-0.264689;0.26469;-0.264737;0.26469;-0.0590594;0.137201;-0.0914509;0.165668;-0.00544837;0.166341;0.0160099;3.45777e-05;0.00338531;6.36789e-05;0.051654;6.33986e-05;1;0;1;0;1;0;
67;-0.284216;0.284216;-0.284215;0.284214;-0.284243;0.284215;0.00363714;0.105681;0.0150828;0.122311;0.0293045;0.122698;0.0364655;1.97538e-05;0.0233268;0.0084627;0.0301736;3.6636e-05;0.949525;0;1;0.628946;1;0;
68;-0.292488;0.292489;-0.292488;0.292487;-0.292504;0.292488;0.0515011;0.0530686;0.0937978;0.0627842;0.056577;0.0630063;0.0212971;0.0268321;0.0496177;0.0203414;0.0176235;0.0308257;0.480059;0.982356;1;0.83639;0.333481;1;
69;-0.291685;0.297267;-0.291685;0.286797;-0.291695;0.293877;0.0821751;-0.0210927;0.107168;-0.0154307;0.0851394;-0.0152921;0.012437;0.0224722;0.028977;0.0118816;0.0102916;0.021266;0;1;0.134751;0.399804;0;1;
70;-0.280941;0.284202;-0.28094;0.278086;-0.280946;0.282221;0.138375;-0.102689;0.152971;-0.0993958;0.140106;-0.0993044;0.00726282;0.0314163;0.016922;0.00694018;0.00600986;0.0182927;0;1;0;0.379727;0;1;
71;-0.258577;0.260483;-0.258577;0.25691;-0.25858;0.259325;0.188916;-0.168064;0.19744;-0.166151;0.189927;-0.16609;0.00424102;0.01835;0.00988191;0.00405408;0.0035093;0.0106859;0;1;0;0.441572;0;1;
72;-0.225212;0.226325;-0.225212;0.224238;-0.225214;0.225649;0.222649;-0.208982;0.227627;-0.209354;0.22324;-0.209313;0.00247631;0.010717;0.00577055;0.00236803;0.00204891;0.00624169;0;1;0;0.466423;0;1;
73;-0.180948;0.1816;-0.180948;0.180379;-0.180949;0.181204;0.242147;-0.207636;0.245054;-0.234382;0.242492;-0.229147;0.00144566;0.00625809;0.00336946;0.00138307;0.00119603;0.00364532;0;1;0;0.497452;0;1;
74;-0.12247;0.122851;-0.12247;0.122138;-0.122471;0.122619;0.251729;-0.201944;0.253427;-0.247194;0.251931;-0.224976;0.000843751;0.00365392;0.00196722;0.000807622;0.000697903;0.00212904;0;1;0;0.514768;0;1;
75;-0.0438949;0.0441188;-0.0438949;0.043701;-0.0438953;0.0439825;0.247355;-0.192489;0.246574;-0.238368;0.246287;-0.218359;0.000492225;0.00213343;0.00114833;0.000471492;0.000406999;0.0012436;0;1;0;0.563679;0;1;
76;0.0534499;-0.053318;0.0534499;-0.053563;0.0534498;-0.0533985;0.232576;-0.169336;0.231865;-0.21747;0.221814;-0.205598;0.000286936;0.00124622;0.000670077;0.00027548;0.000237112;0.000726695;0;1;0;0.665839;0;1;
77;0.146925;-0.146847;0.146925;-0.146991;0.146925;-0.146894;0.201096;-0.140942;0.202857;-0.180393;0.195977;-0.183205;0.000167289;0.0044296;0.000391012;0.000161541;0.000137949;0.000425142;0;1;0;0.927115;0;1;
78;0.214778;-0.214732;0.214778;-0.214816;0.214778;-0.21476;0.192001;-0.0786148;0.192673;-0.125569;0.160927;-0.146731;9.70949e-05;0.0218584;0.000227735;0.00159553;8.00143e-05;0.00024951;0;1;0;0.712773;0;1;
79;0.256704;-0.256677;0.256704;-0.256726;0.256704;-0.256693;0.168585;-0.02139;0.168978;-0.0780096;0.150438;-0.105879;5.62871e-05;0.0221555;0.000132597;0.0131806;4.62448e-05;0.00766379;0;1;0;0.813351;0;0.964229;
80;0.280131;-0.280116;0.280131;-0.280144;0.280131;-0.280125;0.131667;0.060087;0.131896;-0.00274125;0.121068;-0.048386;3.25127e-05;0.056993;7.70945e-05;0.0228759;2.65115e-05;0.00450568;0;1;0;0.908112;0;0.888533;
81;0.29115;-0.291141;0.29115;-0.291157;0.291149;-0.291146;0.0787489;0.0580209;0.0788856;0.0623103;0.072563;0.0253115;0.00827799;0.0332906;0.020462;0.0457402;0.0297925;0.0168239;0.443348;0.971709;1;0.696829;0.956213;0.586256;
82;0.292813;-0.292808;0.292813;-0.292817;0.278079;-0.292811;0.00628291;0.0735917;0.00637343;0.0760966;0.00268464;0.0544891;0.00483608;0.0194414;0.0179819;0.0267118;0.0258284;0.00982469;0.633037;0;1;0;1;0;
83;0.285021;-0.285018;0.285022;-0.285023;0.259086;-0.28502;-0.0779835;0.124632;-0.0779224;0.126094;-0.080073;0.113476;0.00282588;0.0113533;0.0156983;0.0155991;0.0200732;0.00573725;0.673108;0;1;0;1;0;
84;0.265889;-0.265888;0.26589;-0.26589;0.250742;-0.265888;-0.150666;0.17791;-0.150625;0.178765;-0.151877;0.171396;0.00165161;0.00662985;0.00916994;0.00910936;0.0117252;0.00335016;0.876911;0;1;0;1;0;
85;0.235441;-0.23544;0.235441;-0.235441;0.226593;-0.23544;-0.19983;0.215742;-0.199802;0.216241;-0.20053;0.211938;0.00096597;0.00387131;0.00535577;0.00531934;0.00684743;0.00195605;0.74218;0;1;0;1;0;
86;0.194344;-0.194344;0.194344;-0.194344;0.189178;-0.194343;-0.229081;0.238375;-0.229061;0.238667;-0.204196;0.236153;0.000564943;0.00226029;0.00312741;0.00310603;-0.00464955;0.00114184;0.735919;0;1;0;1;0;
87;0.140326;-0.140327;0.140327;-0.140327;0.137312;-0.140326;-0.244721;0.25015;-0.225897;0.25032;-0.188037;0.248853;0.000330663;0.00131947;0.00182591;0.00181339;-0.00271393;0.000666252;0.775844;0;1;0;1;0;
88;0.0677849;-0.0677859;0.0677851;-0.0677851;0.0660258;-0.0677849;-0.234641;0.250719;-0.226342;0.2496;-0.190789;0.250813;0.000193776;0.000770005;0.00106604;0.0010585;-0.00158421;0.000388529;0.836647;0;1;0;1;0;
89;-0.0257063;0.0257053;-0.0257062;0.0257063;-0.0267321;0.0257064;-0.216455;0.228134;-0.211405;0.236913;-0.164374;0.237504;0.00011418;0.000449116;0.000622351;0.000617643;0.00787755;0.00022634;0.939461;0;1;0;1;0;
90;-0.123251;0.123251;-0.123251;0.123251;-0.12385;0.123251;-0.183248;0.205338;-0.194644;0.202681;-0.141747;0.203405;0.00139788;0.000261714;0.000363712;0.000360253;0.0115341;0.000131742;1;0;1;0;1;0;
91;-0.198942;0.198942;-0.198942;0.198942;-0.199291;0.198942;-0.147729;0.170678;-0.155701;0.166366;-0.0881158;0.1771;0.000817579;0.000152316;0.00021316;0.000209854;0.0220724;7.63552e-05;1;0;1;0;1;0;
92;-0.247326;0.247327;-0.247326;0.247326;-0.24753;0.247326;-0.0870645;0.160214;-0.119328;0.152836;-0.0335106;0.16536;0.0196108;8.85038e-05;0.00674565;0.000122185;0.0359485;4.41322e-05;1;0;1;0;1;0;
93;-0.275123;0.275123;-0.275123;0.275123;-0.275243;0.275123;-0.0291889;0.133819;-0.0467943;0.129514;9.74085e-06;0.136824;0.0273896;5.12005e-05;0.00786549;0.00786814;0.0275186;2.53556e-05;1;0;1;0.406068;1;0;
94;-0.28912;0.289121;-0.28912;0.28912;-0.28919;0.289121;0.0231667;0.0896671;0.0645239;0.0871612;0.0463782;0.0914231;0.0159992;2.95071e-05;0.0315912;0.0202593;0.0319622;0.00745294;1;0;1;0.622081;0.759398;0.310241;
95;-0.293238;0.293239;-0.293238;0.293238;-0.293279;0.293238;0.0491656;0.0249176;0.10399;0.0234516;0.054541;0.0259432;0.00934424;0.017193;0.0184528;0.0118356;0.0186658;0.0228303;0;0.952975;0.883883;0.833864;0;1;
96;-0.288223;0.288329;-0.288223;0.288223;-0.288247;0.288224;0.100035;-0.0567552;0.132052;-0.0576255;0.103174;-0.0561595;0.00545665;0.0275034;0.010776;0.00691356;0.0109004;0.0180144;0;1;0;0.354434;0;1;
97;-0.27234;0.272403;-0.27234;0.27234;-0.272354;0.272341;0.159267;-0.133979;0.177965;-0.134499;0.1611;-0.133634;0.00318631;0.0222019;0.00629273;0.00403874;0.00636536;0.0133256;0;1;0;0.373069;0;1;
98;-0.244882;0.24492;-0.244882;0.244882;-0.24489;0.244883;0.203956;-0.189178;0.214876;-0.189491;0.205027;-0.188979;0.00186037;0.0129675;0.00367448;0.00235936;0.00371687;0.00778413;0;1;0;0.530946;0;1;
