1;-0.000363587;0.000116064;9.94836e-05;-0.000363587;0.000116064;9.94834e-05;0.0349769;0.0347456;0.0352594;0.0349771;0.0347458;0.0352596;0.808667;0.808665;0.808666;0.808667;0.808665;0.808666;0;0;0;0;0;0;
2;0.0104765;0.00684337;0.0049381;-0.0131322;-0.0227496;-0.0221428;0.135724;0.147323;0.128689;0.108127;0.109775;0.0821278;0.472321;0.472334;0.472317;0.472319;0.472318;0.472314;1;1;1;0.946961;1;1;
3;-0.0067917;-0.0157406;-0.022522;0.0131433;0.0122654;0.00878943;0.178111;0.221433;0.246883;0.199605;0.219846;0.219959;0.275876;0.275891;0.311496;0.275859;0.281589;0.275878;0.989188;0.631247;1;0.253956;0.889215;1;
4;-0.00256913;-0.00899868;-0.0167413;0.0150166;0.0168143;0.012698;0.209646;0.228869;0.243798;0.231816;0.25546;0.229268;0.227234;0.258972;0.304991;0.239947;0.241289;0.266457;0.597922;0.717491;1;0.416973;0.848706;1;
5;-0.00350034;-0.00878315;-0.0165159;0.0124326;0.0149134;0.0111999;0.20737;0.22866;0.243284;0.230438;0.253304;0.231637;0.223802;0.255736;0.300943;0.239665;0.242219;0.261142;0.586876;0.719556;1;0.396595;0.899104;1;
6;-0.00373802;-0.00830432;-0.0160317;0.011665;0.0147078;0.0110534;0.204836;0.228366;0.243387;0.229222;0.252642;0.233219;0.221502;0.252596;0.296275;0.238811;0.241249;0.257608;0.565485;0.700846;1;0.381651;0.915732;1;
7;-0.00345408;-0.00751376;-0.0153199;0.0112304;0.0146064;0.0109992;0.20246;0.227793;0.242058;0.228681;0.251827;0.233554;0.219269;0.249832;0.293678;0.23721;0.240197;0.255185;0.561601;0.66865;1;0.373494;0.667249;1;
8;-0.00408538;-0.00816793;-0.0160107;0.0147238;0.0188201;0.0149997;0.201449;0.226859;0.237919;0.226928;0.247948;0.238762;0.221067;0.249361;0.291382;0.231806;0.239886;0.249582;0.576784;0.638427;1;0.379989;0.628595;0.66716;
9;-0.00495566;-0.00903723;-0.0167926;0.0128772;0.0165971;0.0131777;0.198973;0.22628;0.236575;0.227437;0.245618;0.239976;0.218182;0.245721;0.288634;0.230209;0.241197;0.245508;0.618111;0.597045;1;0.36174;0.66062;0.63553;
10;-0.00477857;-0.00866864;-0.0165467;0.0132512;0.0169099;0.0135624;0.195406;0.225096;0.234722;0.228063;0.244347;0.240792;0.217795;0.243245;0.286134;0.227278;0.240858;0.242232;0.618166;0.544926;1;0.355326;0.705622;0.628058;
11;-0.00403258;-0.00771806;-0.0158662;0.0143464;0.0178532;0.0146012;0.191891;0.222808;0.233774;0.228362;0.242709;0.24139;0.218203;0.241823;0.282824;0.224093;0.240325;0.238674;0.631552;0.556801;1;0.349964;0.756884;0.620496;
12;-0.0051128;-0.00751968;-0.0159756;0.012816;0.0163999;0.0138208;0.187458;0.220932;0.23174;0.230064;0.241575;0.238247;0.219091;0.239031;0.281471;0.219806;0.238779;0.237509;0.60848;0.451138;1;0.359735;0.806626;0.563278;
13;-0.00679331;-0.0087564;-0.0177344;0.0142904;0.0172735;0.0152276;0.185006;0.22119;0.228767;0.230454;0.240749;0.237746;0.219502;0.234105;0.277476;0.215261;0.237255;0.23684;0.538099;0.313059;1;0.385638;0.835395;0.505257;
14;-0.00940791;-0.0106479;-0.0202651;0.0162939;0.0185534;0.0172571;0.185097;0.218031;0.23019;0.228231;0.239827;0.234238;0.219059;0.23456;0.26929;0.211659;0.234495;0.239208;0.465139;0.418812;1;0.420368;0.826267;0.502253;
15;-0.0118747;-0.0122752;-0.0229036;0.0200389;0.0212762;0.0208106;0.189625;0.214588;0.234779;0.221749;0.239304;0.226236;0.216781;0.238483;0.259498;0.2095;0.22829;0.244794;0.489772;0.532422;1;0.360416;0.739833;0.52572;
16;-0.0211663;-0.0174052;-0.0287845;0.0308857;0.0333651;0.0322632;0.186751;0.197769;0.244699;0.204023;0.242827;0.216133;0.179738;0.254076;0.2319;0.214153;0.219606;0.265847;0.355223;0.51114;1;0.42131;0.499197;0.803381;
17;-0.0615487;-0.0273762;-0.053261;0.0690796;0.0591091;0.0684579;0.195709;0.213323;0.301067;0.105516;0.19652;0.165747;0.156099;0.305863;0.247627;0.165899;0.138299;0.245421;0.276726;0.803694;1;0.638206;0.433821;1;
18;-0.0883342;0.00150145;-0.0294301;0.107083;-0.0222461;0.10449;0.193145;0.166138;0.309705;0.0863855;0.222229;0.147693;0.0911654;0.323937;0.189191;0.213505;0.0807754;0.308647;0.247325;0.674764;1;0.46486;0.838444;0.976312;
19;-0.112343;-0.0205399;-0.0478717;0.102004;-0.0566393;0.0978613;0.228264;0.170193;0.345955;0.0451085;0.217447;0.115538;0.0532418;0.354467;0.178009;0.216706;0.047174;0.311786;0.466226;0.785245;0.683784;0.604815;0.195075;1;
20;-0.107849;-0.00644243;-0.0432808;0.101724;-0.0758705;0.0989795;0.257551;0.174761;0.367094;0.0113362;0.22768;0.0786081;0.031094;0.370853;0.154143;0.240859;0.0275488;0.317181;0.0926517;0.841212;0.708462;0.521365;0;1;
21;-0.0828664;0.00709347;-0.0324743;0.0716297;-0.0565314;0.0699041;0.280582;0.174316;0.37693;0.00443526;0.239286;0.0488172;0.0181594;0.404848;0.152422;0.23558;0.0160877;0.27487;0.522414;0.726156;0.208642;0.49239;0;1;
22;-0.0524755;0.0293244;0.0105903;0.0098608;-0.00103932;0.008848;0.303639;0.151014;0.359058;-0.00929661;0.225093;-0.00895287;0.00965852;0.418923;0.105563;0.234792;0.00939451;0.21047;1;0;0.550019;0.451019;0;1;
23;-0.0728773;0.00518235;0.0888362;-0.0759992;0.0820444;-0.077493;0.282993;0.15893;0.309151;0.0124469;0.229886;-0.0160802;0.0158813;0.405015;0.0616486;0.232981;0.00548588;0.17586;1;0.393339;0.160649;0.480336;0;1;
24;-0.035999;0.0156805;0.169131;-0.143771;0.165166;-0.162512;0.276554;0.161632;0.269245;0.0311677;0.19345;-0.0460696;0.00570184;0.373183;0.0621253;0.233554;0.00320304;0.118364;1;0.37077;0;0.335939;0;1;
25;0.0244779;-0.0260488;0.228045;-0.184959;0.225729;-0.224178;0.247506;0.117356;0.230483;0.0516055;0.179541;-0.0814757;0.0278783;0.276438;0.0362805;0.216977;0.00187012;0.0649051;1;0;0;0.380126;0;1;
26;0.00350899;-0.0808919;0.264371;-0.212833;0.263019;-0.262109;0.204036;0.101068;0.188936;0.0905828;0.159187;-0.0322364;0.0342462;0.218396;0.021187;0.2217;0.00109195;0.0436386;1;0.303751;0;0.412025;0.063157;1;
27;0.0267417;-0.0752381;0.284387;-0.203391;0.281072;-0.252868;0.185055;0.111788;0.140799;0.102032;0.127772;-0.0302981;0.0624512;0.179932;0.0123728;0.191874;0.034915;0.0200336;1;0.318585;0;0.228771;0.840018;1;
28;0.133272;-0.127491;0.300368;-0.237834;0.262636;-0.274786;0.114777;0.0855583;0.0803036;0.0945798;0.0984012;-0.0145074;0.0672337;0.105089;0.019834;0.112063;0.102743;-0.0643228;1;0.0263666;0.172652;0;0.163972;1;
29;0.181769;-0.196568;0.351844;-0.256319;0.236035;-0.273957;0.0227655;0.0930342;0.00262533;0.103633;0.0779371;0.0358086;0.0532121;0.0613709;0.059498;0.0654481;0.169531;-0.0574324;1;0;0.321613;0.308082;0.504984;1;
30;0.142934;-0.227607;0.321692;-0.262501;0.199128;-0.281329;-0.064447;0.139403;-0.0835229;0.145593;0.0756068;0.105978;0.10183;0.03584;0.0681787;0.038221;0.228868;-0.0465426;0.754109;0;0.852661;0;0.780706;0.853252;
31;0.140183;-0.23058;0.298802;-0.250957;0.12484;-0.261953;-0.0978746;0.187769;-0.0811728;0.191384;0.0476146;0.168249;0.127152;0.02093;0.115352;0.0223203;0.225901;-0.0271814;0.526911;0;1;0;1;0;
32;0.0874586;-0.212658;0.255209;-0.224558;0.127224;-0.230979;-0.0929421;0.221717;-0.108653;0.223828;0.0384198;0.210318;0.136273;0.0122224;0.10523;0.0130346;0.233902;-0.0158741;0.442468;0;1;0;1;0;
33;0.0346351;-0.178365;0.203225;-0.185314;0.0492447;-0.189064;-0.111778;0.241782;-0.124648;0.243014;0.0475385;0.235125;0.113583;0.00713737;0.0880654;0.00761151;0.242809;-0.00927098;0.690354;0;1;0;1;0;
34;-0.0192827;-0.1274;0.141929;-0.131458;0.0168502;-0.133648;-0.0874185;0.251921;-0.115776;0.252641;0.0259006;0.248034;0.136439;0.00416754;0.100629;0.00444461;0.214064;-0.0054146;0.612348;0;1;0;1;0;
35;-0.101838;-0.0553695;0.063863;-0.0577391;-0.00919433;-0.0590181;-0.0860426;0.24848;-0.150536;0.248435;0.0454214;0.250557;0.124794;0.00243322;0.0672549;0.00259515;0.228141;-0.00316255;0.715694;0;1;0;1;0;
36;-0.179441;0.0381458;-0.0331736;0.0367619;-0.0758524;0.036015;-0.0538513;0.236047;-0.139866;0.228937;0.0361876;0.22944;0.140536;0.00142047;0.0719977;0.001515;0.20544;-0.0018475;0.707043;0;1;0;1;0;
37;-0.256733;0.133509;-0.130589;0.1327;-0.155528;0.132264;-0.0310708;0.202169;-0.134411;0.209285;0.0546408;0.210589;0.133152;0.000828877;0.0643784;0.000884398;0.200492;-0.00107931;0.789557;0;1;0;1;0;
38;-0.313061;0.205781;-0.204063;0.199183;-0.218633;0.205054;0.000556781;0.190498;-0.103661;0.200188;0.0626216;0.200948;0.142892;0.000483672;0.0515415;-0.00172158;0.186101;-0.000630822;0.798786;0;0.894642;0.298404;1;0;
39;-0.331492;0.251399;-0.237475;0.226904;-0.215758;0.250974;0.040828;0.171201;-0.0771682;0.178525;0.053316;0.177304;0.15383;0.000281922;0.0301062;-0.024129;0.161071;-0.000368757;0.887478;0;1;0.621832;0.592316;0;
40;-0.322941;0.277342;-0.223819;0.213573;-0.24442;0.277094;0.0706228;0.137705;-0.0280455;0.142241;0.0566089;0.141269;0.144797;0.000164228;0.0175804;-0.0135073;0.11915;-0.000215814;0.667334;0;1;0.704755;0.530459;0;
41;-0.320925;0.293254;-0.219892;0.206123;-0.253622;0.290284;0.0933996;0.0884778;0.00878686;0.104266;0.0788949;0.0905544;0.110782;0.040422;-0.0210498;0.0351787;0.0883349;0.0173243;0.217735;0.53455;1;0.796961;0.417353;0.418243;
42;-0.31125;0.238134;-0.252243;0.231606;-0.262529;0.308748;0.0891061;0.0622792;0.037067;0.0289731;0.0668868;0.0209639;0.0646972;0.126138;-0.0158418;0.0384297;0.0515873;0.0727202;0.358704;0.478209;1;0.721589;0;1;
43;-0.297706;0.210604;-0.261167;0.211172;-0.269253;0.296243;0.127335;0.0588965;0.0969455;-0.0583621;0.114358;-0.0487679;0.0377827;0.184631;-0.0160382;0.0898605;0.0301265;0.0839091;0.211841;1;0.759032;0.520131;0;1;
44;-0.276233;0.167399;-0.254895;0.189893;-0.259617;0.27538;0.176958;0.0566144;0.159211;-0.112148;0.16938;-0.0958578;0.0220645;0.22572;-0.00936665;0.101989;0.0175934;0.0904303;0;1;0;0.358739;0;1;
45;-0.245095;0.140931;-0.232634;0.157203;-0.235392;0.244594;0.214678;0.0417361;0.204313;-0.121392;0.210252;-0.1087;0.012885;0.231132;-0.00547053;0.111501;0.0102739;0.0990046;0;1;0;0.452898;0;1;
46;-0.204407;0.0912941;-0.197129;0.116979;-0.19874;0.20411;0.237853;0.0319376;0.2318;-0.123678;0.235268;-0.110515;0.00752437;0.225639;-0.00319518;0.105195;0.00599931;0.102478;0;1;0;0.432626;0;1;
47;-0.152093;0.036338;-0.147843;0.064419;-0.148784;0.151918;0.250189;0.0316534;0.246654;-0.126865;0.248679;-0.116443;0.00439367;0.219164;-0.00186643;0.098321;0.00350297;0.0986993;0;1;0;0.494813;0;1;
48;-0.0827013;0.0150986;-0.0802193;-0.000356669;-0.080769;0.0826047;0.251444;0.0220797;0.251398;-0.107538;0.249312;-0.119715;0.00256538;0.204577;-0.00109046;0.109926;0.00204511;0.0904539;0;1;0;0.523582;0;1;
49;0.00793695;-0.0474164;0.00938638;-0.077531;0.0090653;-0.00797847;0.238856;0.0269712;0.238146;-0.0962666;0.234404;-0.126465;0.00149771;0.198698;-0.000637296;0.105623;0.00119372;0.0827931;0;1;0;0.585036;0;1;
50;0.10709;-0.130141;0.107936;-0.162491;0.107749;-0.107094;0.218391;0.0346407;0.216145;-0.0743241;0.215946;-0.116751;0.000874197;0.184823;-0.000372675;0.106585;0.000696554;0.0828836;0;1;0;0.630131;0;1;
51;0.187707;-0.200703;0.188204;-0.233493;0.188095;-0.187695;0.20991;0.0373646;0.208014;-0.038845;0.19374;-0.0904493;-0.00402253;0.166298;-0.000218036;0.116777;0.00040636;0.0817978;0.238165;1;0;0.700855;0;1;
52;0.227031;-0.194479;0.240822;-0.272209;0.240758;-0.238258;0.18783;0.0337062;0.186721;-0.000446812;0.178385;-0.0666886;-0.0230318;0.148283;-0.000127694;0.126586;0.000236699;0.0477816;0.709511;0.919327;0;0.562601;0;1;
53;0.20324;-0.23084;0.27156;-0.289889;0.271523;-0.252258;0.154121;0.0407268;0.153466;0.0311567;0.148598;-0.0218217;-0.0134511;0.11902;-7.50336e-05;0.117342;0.000137788;0.0279079;0.997859;0.638517;0;0.440909;0;1;
54;0.205029;-0.247789;0.287537;-0.286822;0.287515;-0.247667;0.109736;0.0407934;0.106818;0.0743311;0.103975;0.0259258;-0.00785476;0.070982;-4.41799e-05;0.111381;8.00598e-05;0.0162959;1;0.310243;0;0.285711;0.0248277;1;
55;0.210802;-0.254557;0.293073;-0.29245;0.255621;-0.268539;0.0441348;0.044833;0.0424173;0.0690767;0.0503124;0.078396;0.0293477;0.0414526;0.0113758;0.0650464;0.0900536;-0.0290393;1;0.440584;0.322441;0;0.385443;1;
56;0.216235;-0.26727;0.300753;-0.289399;0.232064;-0.272357;-0.0317992;0.0903253;-0.0393603;0.104484;0.0331889;0.109931;0.0731851;0.0242078;0.0785685;0.0379863;0.154926;-0.0270295;0.879199;0;0.795129;0;0.604072;1;
57;0.194771;-0.26279;0.282344;-0.275713;0.205489;-0.272068;-0.0938466;0.150095;-0.101213;0.158364;0.0336688;0.16155;0.100746;0.014137;0.0821061;0.0221833;0.204195;-0.0161864;0.783374;0;1;0;1;0.965845;
58;0.172569;-0.242748;0.254167;-0.250295;0.133878;-0.248329;-0.135335;0.197741;-0.121141;0.20257;0.0354515;0.204432;0.0959535;0.00825549;0.0844211;0.0129545;0.220468;-0.00945262;0.684278;0;1;0;1;0.497562;
59;0.132285;-0.209689;0.216354;-0.214096;0.121217;-0.212948;-0.122716;0.227988;-0.119812;0.230808;0.0150538;0.231895;0.10877;0.00482062;0.0928151;0.00756483;0.209025;-0.00552072;0.70885;0;1;0;1;0;
60;0.0830775;-0.163874;0.167766;-0.166448;0.0655001;-0.165778;-0.133426;0.244894;-0.131502;0.246541;0.0200019;0.247176;0.0955678;0.0028146;0.0828011;0.00441744;0.2098;-0.00322453;0.686721;0;1;0;1;0;
61;0.0230581;-0.101531;0.103808;-0.103034;0.0390728;-0.102642;-0.118221;0.252604;-0.134432;0.253565;0.0107837;0.253642;0.105544;0.00164317;0.0805005;0.00257916;0.193927;-0.00188364;0.812195;0;1;0;1;0;
62;-0.0473963;-0.01752;0.0188643;-0.0183976;-0.0189573;-0.018169;-0.104732;0.241637;-0.135901;0.244111;0.00948618;0.243786;0.104406;0.000958967;0.0745848;0.00150578;0.18312;-0.00110049;0.617753;0;1;0;1;0;
63;-0.132587;0.0814128;-0.0806075;0.0809002;-0.102713;0.0810336;-0.0912524;0.219313;-0.131526;0.225509;0.0202127;0.22434;0.0950166;0.000559493;0.0653269;0.000878853;0.17862;-0.000643198;0.849388;0;1;0;1;0;
64;-0.211158;0.168798;-0.168308;0.168499;-0.181231;0.168577;-0.0548438;0.189102;-0.10849;0.215995;0.0259607;0.206026;0.099571;0.00032618;0.0712713;0.000512792;0.155517;-0.000375993;1;0;0.912525;0;1;0;
65;-0.269631;0.228794;-0.228494;0.228619;-0.236048;0.228664;-0.0257687;0.180705;-0.0864749;0.19641;0.0483484;0.190588;0.0860296;0.000189948;0.056189;0.000299056;0.141548;-0.000220041;1;0;0.825162;0;1;0;
66;-0.298961;0.264796;-0.264613;0.258733;-0.261849;0.26472;0.013351;0.156172;-0.0510139;0.165344;0.0529755;0.161943;0.0923542;0.000110484;0.040397;-0.0104916;0.110033;-0.000128932;1;0;0.906817;0.321986;1;0;
67;-0.305152;0.284278;-0.27076;0.261272;-0.277733;0.284233;0.0556298;0.116759;-0.00709394;0.12212;0.052333;0.12013;0.0892033;6.41109e-05;0.0235913;-0.00741938;0.070508;-7.57164e-05;0.894046;0;1;0.584865;0.971875;0;
68;-0.303133;0.29284;-0.266842;0.261897;-0.283344;0.291693;0.0865235;0.0595407;0.0390641;0.0626754;0.0617932;0.0615044;0.0629886;0.049742;-0.0196907;0.0517591;0.0411823;0.0267478;0.117487;0.707867;1;0.680562;0.411498;1;
69;-0.297902;0.246633;-0.281539;0.266844;-0.286345;0.294546;0.102628;0.0500378;0.0749182;-0.0154827;0.0881855;-0.016166;0.0367846;0.11873;-0.00185221;0.0686603;0.0240498;0.0648664;0;0.860866;0.794307;0.541523;0;1;
70;-0.284571;0.196515;-0.275506;0.225102;-0.277822;0.258276;0.15032;0.0454098;0.134137;-0.0994114;0.141885;-0.0962134;0.0214816;0.185491;-0.00108205;0.0988133;0.0140447;0.0657279;0;1;0;0.392094;0;1;
71;-0.260697;0.151441;-0.255403;0.176414;-0.256756;0.209351;0.195891;0.0298118;0.186441;-0.121596;0.190966;-0.134012;0.0125446;0.208282;-0.000632416;0.100916;0.0082016;0.0802694;0;1;0;0.486822;0;1;
72;-0.226449;0.120951;-0.223358;0.151227;-0.224148;0.183274;0.226723;0.0137279;0.221204;-0.124271;0.223846;-0.125477;0.00732557;0.202519;-0.000369739;0.109734;0.00478912;0.0870087;0;1;0;0.483941;0;1;
73;-0.181671;0.0627247;-0.179865;0.130321;-0.180327;0.156457;0.244526;0.0166043;0.241303;-0.137552;0.242846;-0.128123;0.00427759;0.205724;-0.000216382;0.0908343;0.00279623;0.0866153;0;1;0;0.504782;0;1;
74;-0.122892;0.0346408;-0.121838;0.0882097;-0.122107;0.108174;0.253119;0.00805342;0.251237;-0.129224;0.252138;-0.125607;0.00249759;0.193899;-0.00012689;0.0965888;0.00163241;0.0838748;0;1;0;0.532437;0;1;
75;-0.0441411;-0.00740048;-0.0435254;0.0238732;-0.043683;0.0355591;0.247895;0.00721174;0.246562;-0.118603;0.244977;-0.132434;0.00145812;0.185263;-7.45484e-05;0.0937956;0.000952684;0.0783104;0;1;0;0.58182;0;1;
76;0.0533064;-0.083405;0.0536659;-0.0651584;0.0535739;-0.0583022;0.229646;0.014911;0.229721;-0.108063;0.228137;-0.132678;0.000851044;0.17648;-4.40387e-05;0.0871621;0.000555789;0.0754023;0;1;0;0.646192;0;1;
77;0.146841;-0.164413;0.147051;-0.153777;0.146998;-0.149744;0.20258;0.0205222;0.200332;-0.0762462;0.196316;-0.107712;0.0004966;0.151786;-2.61704e-05;0.0905769;0.000323995;0.0750132;0;1;0;0.721163;0;1;
78;0.214729;-0.224985;0.214852;-0.21879;0.214821;-0.216414;0.193365;0.0384764;0.192053;-0.049558;0.160715;-0.0886106;0.000289587;0.141482;-1.56872e-05;0.078452;0.000188832;0.0656002;0;1;0;0.765495;0;1;
79;0.253755;-0.261893;0.256747;-0.259053;0.256729;-0.257652;0.169382;0.0465032;0.168615;-0.00770952;0.150314;-0.0536791;-0.00389529;0.109939;-9.60667e-06;0.078912;0.000109703;0.0547662;0.244815;1;0;0.781953;0;1;
80;0.263116;-0.273857;0.280157;-0.27936;0.280146;-0.280684;0.132135;0.0464764;0.131684;0.0329425;0.120996;-0.0154792;-0.0082559;0.0792592;-5.97737e-06;0.0797264;6.36392e-05;0.0319875;0.778729;0.893035;0;0.616554;0;1;
81;0.254852;-0.286698;0.291165;-0.289232;0.290911;-0.286968;0.0790289;0.0620741;0.078756;0.0625499;0.0725175;0.032008;0.0356178;0.0462938;-3.80325e-06;0.0639731;0.014489;-0.00977441;1;0.617974;0;0.329954;0.486474;1;
82;0.267;-0.290147;0.301604;-0.291693;0.252401;-0.299887;0.00646021;0.0754099;0.00629324;0.0762363;0.0427532;0.0688092;0.0578905;0.0270347;0.0405202;0.0373596;0.0999683;-0.0113965;1;0;0.9381;0;0.749485;1;
83;0.251829;-0.283465;0.28912;-0.284367;0.209994;-0.289153;-0.0778653;0.125693;-0.0769324;0.126176;0.0376571;0.121841;0.0929794;0.0157878;0.069339;0.0218174;0.165682;-0.00665463;0.768567;0;1;0;1;0.772426;
84;0.213423;-0.26498;0.256571;-0.265507;0.17184;-0.268302;-0.122985;0.17853;-0.129026;0.178812;0.0360448;0.176281;0.0948253;0.00921968;0.0612712;0.0127407;0.211369;-0.00388674;0.710242;0;1;0;1;0;
85;0.19792;-0.234909;0.229993;-0.235217;0.130663;-0.236849;-0.129665;0.216104;-0.125255;0.216269;0.0163956;0.214791;0.10469;0.00538375;0.0831796;0.00744006;0.204834;-0.00227033;0.811874;0;1;0;1;0;
86;0.169014;-0.194034;0.191163;-0.194213;0.0747715;-0.195166;-0.135633;0.238587;-0.124471;0.238683;0.00965643;0.23782;0.0960039;0.00314347;0.0886163;0.00434451;0.199069;-0.00132626;0.793865;0;1;0;1;0;
87;0.123465;-0.140145;0.138477;-0.14025;0.0167945;-0.140807;-0.141944;0.250274;-0.130528;0.25033;0.0112954;0.249826;0.0824474;0.00183522;0.0820195;0.00253664;0.198519;-0.000775066;0.869734;0;1;0;1;0;
88;0.056555;-0.0676794;0.0667195;-0.0677402;-0.00436089;-0.0680654;-0.123364;0.249009;-0.132974;0.248924;0.00126756;0.248082;0.0982214;0.00107116;0.080262;0.00148087;0.178776;-0.00045311;0.906134;0;1;0;1;0;
89;-0.0322812;0.0257678;-0.0263113;0.0257324;-0.0678391;0.0255425;-0.113313;0.233872;-0.139223;0.237128;0.00844732;0.235902;0.0842057;0.000624952;0.0657411;0.000864361;0.179018;-0.000265095;0.994315;0;1;0;1;0;
90;-0.127105;0.123287;-0.123589;0.123267;-0.147853;0.123156;-0.0871445;0.207993;-0.122238;0.206725;0.0157167;0.204738;0.0855327;0.000364439;0.0649938;0.000504286;0.1579;-0.000155337;1;0;1;0;1;0;
91;-0.201203;0.198964;-0.199129;0.198951;-0.213304;0.198886;-0.0550087;0.201084;-0.100583;0.200344;0.0274238;0.199032;0.0820175;0.000212262;0.0612888;0.000294087;0.141214;-9.11101e-05;1;0;0.848795;0;1;0;
92;-0.248652;0.247339;-0.247429;0.247332;-0.255709;0.247294;-0.0227761;0.179367;-0.0759559;0.178934;0.0467247;0.178168;0.0715852;0.000123451;0.0487653;0.000171305;0.118019;-5.36518e-05;1;0;0.816436;0;1;0;
93;-0.274884;0.275131;-0.275185;0.267798;-0.276926;0.275105;0.0209933;0.145004;-0.0386617;0.144751;0.055164;0.144304;0.0667998;7.16472e-05;0.0284838;-0.00325474;0.082688;-3.17451e-05;1;0;0.887168;0.387365;1;0;
94;-0.285579;0.287956;-0.288321;0.274991;-0.289987;0.28911;0.0653851;0.0961995;0.000623197;0.096057;0.0505131;0.0957902;0.0701602;0.00474278;0.0166303;0.000620974;0.0482988;-1.89061e-05;0.903238;0.169078;1;0.720899;1;0;
95;-0.291121;0.276313;-0.294485;0.267142;-0.302035;0.297262;0.0748763;0.044709;0.0279479;0.0315913;0.0606155;0.0284872;0.0409744;0.076783;-0.00448041;0.0645194;0.0282042;0.0325049;0;0.801104;1;0.847245;0.531626;0.732796;
96;-0.286986;0.227826;-0.294509;0.257441;-0.293361;0.288103;0.11505;0.0419295;0.0876471;-0.0528572;0.106721;-0.054671;0.0239284;0.143831;-0.00424925;0.0872808;0.0164707;0.0560553;0;0.960613;0.646133;0.681985;0;1;
97;-0.271618;0.185342;-0.276011;0.227067;-0.275341;0.26367;0.168035;0.0384033;0.152032;-0.112845;0.163172;-0.121877;0.0139736;0.203627;-0.00248198;0.0932317;0.00961853;0.0603794;0;1;0;0.495749;0;1;
98;-0.24446;0.145464;-0.247026;0.206985;-0.246634;0.237036;0.209077;0.0166117;0.199731;-0.128833;0.206237;-0.127851;0.00816;0.212238;-0.00144995;0.105236;0.00561672;0.0780503;0;1;0;0.679182;0;1;
