1;-0.000363587;0.000116064;9.94836e-05;-0.000363587;0.000116064;9.94837e-05;0.0349769;0.0347456;0.0352594;0.034977;0.0347457;0.0352595;0.808667;0.808665;0.808666;0.808667;0.808665;0.808666;0;0;0;0;0;0;
2;-0.0226117;-0.0287708;-0.0265908;0.0141442;0.0133576;0.0111468;0.154594;0.14509;0.103525;0.0950705;0.113788;0.145057;0.472332;0.472319;0.472316;0.472302;0.472311;0.472331;1;1;1;1;1;1;
3;-0.01142;-0.0164143;-0.0151034;0.0127799;0.011199;0.00915446;0.120881;0.129715;0.0694687;0.0735411;0.0827946;0.0990853;0.275858;0.275857;0.275841;0.27584;0.275841;0.275855;0;0;0.0434782;0.422508;0.126542;0.240676;
4;-0.00733392;-0.0105451;-0.00980623;0.00758665;0.0063754;0.00492092;0.194419;0.202812;0.161667;0.158985;0.163006;0.175812;0.189254;0.196342;0.173582;0.161121;0.161123;0.161129;1;0.871464;0.945664;0.429783;0.491394;1;
5;-0.00461037;-0.00698696;-0.0065873;0.00784677;0.00748337;0.00592199;0.189412;0.200338;0.158805;0.165662;0.168654;0.183054;0.167849;0.172444;0.151778;0.174468;0.174927;0.171745;1;0.991658;0.81367;0.371593;0.501853;1;
6;-0.00438066;-0.00637449;-0.00609304;0.00832936;0.00847032;0.00675383;0.182052;0.193826;0.154094;0.167291;0.169667;0.185207;0.167542;0.169767;0.146882;0.178095;0.179802;0.176044;1;0.998414;0.743454;0.343895;0.505557;1;
7;-0.00475015;-0.00646519;-0.00615592;0.0073087;0.00767624;0.00605567;0.181575;0.193951;0.153431;0.164935;0.166216;0.183002;0.170417;0.171222;0.149618;0.175262;0.178132;0.172688;1;0.984049;0.729396;0.337427;0.528923;1;
8;-0.00486972;-0.00629174;-0.00596249;0.00689367;0.00757645;0.00597616;0.181818;0.195266;0.153024;0.163684;0.163469;0.181765;0.172197;0.17092;0.151399;0.171297;0.176044;0.168821;1;0.981144;0.735497;0.336805;0.563442;1;
9;-0.00449072;-0.00585585;-0.005624;0.00719707;0.00785079;0.00625759;0.180342;0.195035;0.150867;0.164699;0.162303;0.18252;0.171823;0.168101;0.150983;0.168828;0.176339;0.16706;0.997207;0.965924;0.765193;0.330734;0.587992;1;
10;-0.00511778;-0.0063669;-0.00620069;0.00746912;0.0081116;0.00660549;0.177455;0.193734;0.147765;0.166551;0.161987;0.184164;0.171789;0.16473;0.149243;0.166718;0.177522;0.166804;0.97892;0.94506;0.794076;0.323687;0.616133;1;
11;-0.00531465;-0.0063704;-0.00641646;0.00805782;0.00855131;0.00722297;0.174854;0.192673;0.144142;0.168385;0.161322;0.185352;0.172039;0.161821;0.148994;0.164089;0.178463;0.166282;0.951993;0.909196;0.829273;0.31661;0.642864;1;
12;-0.0068091;-0.00766941;-0.00803605;0.00924837;0.0093784;0.00839089;0.172452;0.192274;0.141661;0.169258;0.160531;0.186452;0.173898;0.159307;0.147131;0.160859;0.178674;0.166166;0.913279;0.870182;0.896021;0.327086;0.668142;0.971848;
13;-0.00851487;-0.00899412;-0.00991652;0.0111048;0.0106233;0.0101888;0.170798;0.191697;0.139218;0.16927;0.160021;0.187063;0.175722;0.157776;0.145438;0.157871;0.178046;0.166485;0.8589;0.836012;0.972265;0.350259;0.681555;0.916567;
14;-0.010801;-0.0109224;-0.0126375;0.0135694;0.0118508;0.0123208;0.170558;0.190721;0.139014;0.166785;0.159587;0.185457;0.177781;0.158714;0.142419;0.155795;0.17551;0.168062;0.870556;0.867955;1;0.401585;0.663722;0.860415;
15;-0.014782;-0.0144186;-0.0169939;0.0174773;0.014314;0.0158452;0.166389;0.181567;0.139611;0.168263;0.170096;0.185579;0.186386;0.170916;0.137451;0.14649;0.158467;0.168529;0.856011;0.99328;1;0.504637;0.569347;0.909824;
16;-0.0175811;-0.01653;-0.0204026;0.0226802;0.017453;0.0202455;0.189057;0.18982;0.159075;0.144252;0.162853;0.161;0.171153;0.171402;0.118623;0.159731;0.154143;0.189417;0.497594;1;0.855978;0.622305;0.343315;0.927866;
17;-0.0315967;-0.00720863;-0.0143643;0.0722274;-0.0248545;0.0702221;0.187399;0.168274;0.18561;0.0989677;0.156712;0.146451;0.117597;0.231683;0.0900711;0.151177;0.0900266;0.202609;0.23097;0.829261;1;0.44582;0.427439;1;
18;-0.05229;-0.0132131;-0.021046;0.0980771;-0.0729831;0.0941677;0.216399;0.168123;0.224751;0.0426119;0.149147;0.10874;0.0799766;0.278854;0.068323;0.161147;0.0525771;0.222375;0.190769;0.824792;0.800085;0.626285;0.0500677;1;
19;-0.0352879;0.0312902;-0.0680899;0.099559;-0.103379;0.098359;0.267424;0.164755;0.249113;-0.00926129;0.174884;0.031951;0.0467144;0.364205;0.0399035;0.175653;0.0307045;0.202615;0.612114;0.893199;0.676799;0.555114;0;1;
20;-0.0469197;0.0328453;-0.0799001;0.0678689;-0.11096;0.0681148;0.285644;0.155923;0.256185;-0.0163626;0.204256;0.00753747;0.0285835;0.370955;0.0233048;0.194791;0.0179307;0.204359;0.608758;1;0.177055;0.496808;0;1;
21;-0.0404715;0.0382598;-0.0633803;0.0518546;-0.0770229;0.0520002;0.285972;0.150831;0.249593;-0.0237512;0.225606;-0.00523467;0.016697;0.372292;0.0136116;0.212222;0.0104708;0.202132;0.651667;1;0.276546;0.462665;0;1;
22;-0.0550768;0.0183034;-0.0104333;-0.00168525;-0.0130053;-0.00161292;0.290672;0.147689;0.241672;-0.0185308;0.236772;-0.0175438;0.00820244;0.380735;0.0122895;0.207168;0.00611437;0.180355;0.838901;1;0;0.417889;0;1;
23;-0.0660759;0.00329746;0.0744927;-0.0804162;0.075056;-0.083601;0.285792;0.13689;0.22912;-0.00156877;0.227926;-0.0293682;-0.0101605;0.390106;0.0123258;0.216508;0.00357013;0.154874;1;0.602983;0;0.318321;0;1;
24;-0.0823144;-0.0189081;0.160757;-0.148341;0.161085;-0.166078;0.275866;0.148597;0.203426;0.015194;0.188868;-0.0289475;-0.0192694;0.367843;0.00719791;0.233178;0.00208461;0.136099;1;0.166213;0;0.26579;0;1;
25;0.0133538;-0.0266083;0.223155;-0.18511;0.223346;-0.226258;0.241976;0.0982957;0.192044;0.0462498;0.15985;-0.0844858;-0.00127173;0.298304;0.00420307;0.204586;0.00121672;0.0744515;1;0;0;0.356781;0;1;
26;0.0422865;-0.0701315;0.261516;-0.207738;0.261627;-0.263324;0.208418;0.0870288;0.166488;0.0653431;0.147687;-0.0843492;0.0308567;0.218342;0.00245387;0.188919;0.00071028;0.0306494;1;0.369371;0;0.382449;0;1;
27;0.00984926;-0.119142;0.28272;-0.21689;0.275398;-0.270654;0.175213;0.0868367;0.12769;0.10322;0.116713;-0.00838323;0.031764;0.171021;0.00143284;0.185734;0.0147539;-0.00195087;1;0.269118;0;0.327723;0.42282;1;
28;0.127448;-0.168688;0.292287;-0.238905;0.283703;-0.284679;0.121529;0.0646955;0.0726475;0.104395;0.0700571;-0.0332377;0.0623735;0.0998814;0.000836501;0.108483;0.0716646;-0.0739631;1;0;0;0.0815622;0.350832;1;
29;0.196529;-0.220627;0.295042;-0.261632;0.239205;-0.306688;0.0267125;0.0820618;-0.00185801;0.0958506;0.0583041;0.0248593;0.0740344;0.0583292;0.000487975;0.0633549;0.156338;-0.128151;1;0;0;0.198421;0.104135;1;
30;0.175271;-0.241657;0.285115;-0.265604;0.215518;-0.291916;-0.0613878;0.132995;-0.0861589;0.141048;0.0262027;0.0995819;0.0687171;0.0340636;0.000284797;0.0369985;0.223942;-0.0946426;1;0;0;0;0.456137;1;
31;0.14936;-0.240017;0.264164;-0.25277;0.215947;-0.26814;-0.0990684;0.184027;-0.15667;0.18873;0.036742;0.164505;0.0913733;0.0198926;0.0196678;0.0216065;0.251212;-0.100967;1;0;0.870637;0;0.639322;1;
32;0.123442;-0.218169;0.232271;-0.225617;0.193926;-0.24455;-0.122679;0.219532;-0.18351;0.222278;0.0484653;0.206262;0.106374;0.0116168;0.0249113;0.0126175;0.242881;-0.0715466;0.936708;0;0.90031;0;0.93765;0.497626;
33;0.12384;-0.181584;0.189819;-0.185933;0.0507567;-0.196991;-0.10882;0.240505;-0.0983409;0.242109;-0.013859;0.232756;0.131487;0.00678351;0.116575;0.00736826;0.16831;-0.0417834;0.626605;0;1;0;1;0;
34;0.0643295;-0.12928;0.134096;-0.131819;-0.00457091;-0.138277;-0.135622;0.251176;-0.144301;0.252113;0.0176664;0.24665;0.0859737;0.00396088;0.0782835;0.0043025;0.208008;-0.0244015;0.802559;0;1;0;1;0;
35;-0.00201669;-0.0564677;0.0592923;-0.0579504;-0.0201648;-0.0617216;-0.109342;0.249198;-0.137044;0.249405;0.0044298;0.248868;0.107904;0.00231269;0.0689467;0.00251198;0.183738;-0.014251;0.891845;0;1;0;1;0;
36;-0.0802539;0.0375043;-0.0358353;0.0366385;-0.0822572;0.0344361;-0.0888386;0.227389;-0.137346;0.236632;0.00543659;0.23138;0.109904;0.00134987;0.0696705;0.00146667;0.169742;-0.00832282;0.879571;0;0.861854;0;1;0;
37;-0.162674;0.133134;-0.132137;0.132628;-0.159265;0.131342;-0.080961;0.209935;-0.133842;0.202356;0.0285202;0.206242;0.0977126;0.000787832;0.0536451;0.000856106;0.170829;-0.00486105;1;0;0.876585;0;1;0;
38;-0.227633;0.205562;-0.20496;0.205266;-0.220815;0.204515;-0.0292587;0.200566;-0.100031;0.173021;0.0291481;0.198409;0.104544;0.000459537;0.0578272;0.000499452;0.137877;-0.00283922;1;0;0.705971;0;1;0;
39;-0.271436;0.251271;-0.250498;0.246861;-0.260078;0.250659;-0.00297526;0.177081;-0.0735122;0.160996;0.0470409;0.175821;0.0948327;0.000267811;0.0363894;-0.00194487;0.123586;-0.00165849;1;0;0.790662;0.317376;1;0;
40;-0.289838;0.277268;-0.272064;0.265038;-0.272602;0.276911;0.0361395;0.141139;-0.0404665;0.131749;0.0464233;0.140403;0.0969709;0.000155947;0.0212516;-0.0151703;0.0936536;-0.000968959;0.881933;0;1;0.671617;0.869065;0;
41;-0.291156;0.291261;-0.271998;0.262442;-0.283024;0.288873;0.0667923;0.0904799;0.0102333;0.085003;0.0582958;0.0900484;0.0775872;0.0243877;-0.0244304;0.0229161;0.0614395;0.00966481;0.562752;0.373864;1;0.942495;0.553043;0.552891;
42;-0.294831;0.262561;-0.279731;0.264549;-0.288999;0.29259;0.0873624;0.0619085;0.0379108;0.0177231;0.0659747;0.0206681;0.0453125;0.09896;-0.0179237;0.0514135;0.0358801;0.0570436;0.211604;0.740894;0.88294;0.736784;0;1;
43;-0.288117;0.22075;-0.280427;0.241443;-0.284712;0.269924;0.126316;0.0588663;0.0974372;-0.0649335;0.113826;-0.0601023;0.0264618;0.163774;-0.0125585;0.0832907;0.0209535;0.065247;0;0.82862;0.328545;0.43012;0;1;
44;-0.270634;0.174077;-0.266143;0.197684;-0.268645;0.228439;0.176363;0.0419449;0.159498;-0.111137;0.169069;-0.113118;0.0154531;0.210376;-0.00733457;0.0957065;0.0122364;0.0765772;0;0.806788;0;0.424451;0;1;
45;-0.241825;0.138965;-0.239202;0.15964;-0.240664;0.188716;0.21433;0.0248862;0.204481;-0.12013;0.21007;-0.124012;0.00902407;0.215306;-0.00428383;0.103744;0.00714551;0.0868309;0;0.882618;0;0.538544;0;1;
46;-0.202497;0.100535;-0.200965;0.142423;-0.201819;0.170859;0.23765;0.0229945;0.231898;-0.132723;0.235162;-0.122145;0.00526954;0.212553;-0.00250214;0.102462;0.00417235;0.0895977;0;0.941231;0;0.508956;0;1;
47;-0.150978;0.0574905;-0.150084;0.111297;-0.150582;0.132505;0.25007;0.0189128;0.246711;-0.134127;0.248617;-0.122108;0.00307691;0.207604;-0.00146175;0.0959371;0.00243606;0.0898629;0;0.937152;0;0.542706;0;1;
48;-0.0820501;0.0274496;-0.0815278;0.0574964;-0.0818192;0.0712726;0.249082;0.0119119;0.249179;-0.121389;0.248751;-0.125537;0.00179638;0.19739;-0.000854114;0.0973028;0.00142206;0.0865152;0;0.922085;0;0.608439;0;1;
49;0.0083171;-0.0402031;0.00862207;-0.022671;0.008452;-0.0145964;0.238056;0.0173116;0.240097;-0.114385;0.237562;-0.128166;0.00104859;0.190269;-0.000499294;0.0887392;0.000829876;0.0792529;0;0.977012;0;0.66821;0;1;
50;0.107312;-0.125928;0.10749;-0.115709;0.107391;-0.110964;0.218757;0.0226557;0.211483;-0.0924342;0.215326;-0.112841;0.000611887;0.17422;-0.000292085;0.0870248;0.000484081;0.0798305;0;1;0;0.779997;0;1;
51;0.187839;-0.198703;0.187943;-0.192755;0.187885;-0.189959;0.210122;0.0337331;0.182286;-0.060484;0.208119;-0.089716;0.0003569;0.158153;-0.000170835;0.0816668;0.000282155;0.0772206;0;1;0;0.87225;0;0.927198;
52;0.240609;-0.246944;0.24067;-0.243489;0.240636;-0.241837;0.187952;0.0532243;0.171696;-0.0286307;0.186782;-0.0629372;0.000207981;0.135001;-0.000100305;0.0726737;0.000164248;0.0651517;0;1;0;0.961433;0;0.888685;
53;0.271435;-0.275128;0.271471;-0.273122;0.271451;-0.272146;0.154185;0.0706361;0.144691;0.0116229;0.153502;-0.0326498;0.000121059;0.0996804;-5.8974e-05;0.061531;9.54071e-05;0.0520624;0.00276236;1;0;1;0;0.829983;
54;0.285141;-0.286798;0.286918;-0.28608;0.287473;-0.287878;0.107241;0.0658815;0.101694;0.0621024;0.106839;0.0157639;-0.00288948;0.0592088;0.00687062;0.0655395;5.53304e-05;0.0304064;0.575831;0.66127;0.254811;0.845015;0;1;
55;0.281995;-0.293505;0.286683;-0.285203;0.283153;-0.282237;0.0426735;0.063557;0.0436061;0.090527;0.0666244;0.0509507;0.0501768;0.0345785;0.0463672;0.038281;0.0622376;0.017757;0.676705;0.256367;1;0.331706;0.837693;0.758664;
56;0.260796;-0.290015;0.264262;-0.288299;0.22249;-0.290439;-0.0392108;0.10126;-0.0386586;0.117011;0.0526737;0.0938989;0.060732;0.0201933;0.0567784;0.0223559;0.143548;0.0103702;0.460863;0;1;0.129704;1;0.35336;
57;0.218657;-0.276073;0.22549;-0.275071;0.185015;-0.27632;-0.102559;0.156481;-0.106923;0.16568;0.0357549;0.152182;0.0967276;0.0117924;0.0782727;0.0130553;0.196726;0.00605571;0.660375;0;1;0;1;0;
58;0.179268;-0.250505;0.188139;-0.24992;0.150344;-0.250649;-0.12268;0.20147;-0.132;0.206842;0.0263321;0.19896;0.0981346;0.00688627;0.0821229;0.00762373;0.215524;0.00353601;0.719218;0;1;0;1;0;
59;0.150984;-0.214219;0.157207;-0.213877;0.110248;-0.214303;-0.131494;0.230166;-0.120972;0.233303;0.0163734;0.2287;0.10858;0.00402102;0.0838671;0.00445172;0.203615;0.0020646;0.634339;0;1;0;1;0;
60;0.12959;-0.166519;0.13268;-0.16632;0.0583104;-0.166569;-0.139686;0.246166;-0.125391;0.247999;0.0178515;0.24531;0.0889061;0.00234763;0.0884975;0.00259934;0.206082;0.00120525;0.769235;0;1;0;1;0;
61;0.0815056;-0.103076;0.083314;-0.102959;0.0398794;-0.103104;-0.128491;0.253346;-0.128;0.254416;0.0108498;0.252846;0.0939729;0.00137044;0.0857106;0.00151745;0.195004;0.000703331;0.824589;0;1;0;1;0;
62;0.00582188;-0.0184222;0.00688395;-0.0183539;-0.0184845;-0.0184388;-0.119072;0.239875;-0.128819;0.24166;0.0100478;0.243361;0.0895084;0.000799696;0.0834708;0.000885735;0.184193;0.00041028;0.885316;0;1;0;1;0;
63;-0.0882454;0.080886;-0.0876221;0.0809256;-0.102437;0.080876;-0.105558;0.222542;-0.120742;0.222361;0.0177157;0.221903;0.0799995;0.000466465;0.0773475;0.000516773;0.17681;0.0002391;1;0;1;0;1;0;
64;-0.172784;0.168491;-0.172426;0.168514;-0.181072;0.168485;-0.0724017;0.185405;-0.0940452;0.188914;0.0242784;0.187951;0.078831;0.000271898;0.0759294;0.000301482;0.156529;0.00013925;1;0;1;0;1;0;
65;-0.231114;0.228614;-0.230916;0.228627;-0.235957;0.22861;-0.0512182;0.161433;-0.0785176;0.180594;0.0492922;0.180032;0.068892;0.00015836;0.0700371;0.000175584;0.140185;8.08779e-05;1;0;0.885451;0;1;0;
66;-0.26493;0.264691;-0.26604;0.264698;-0.268976;0.264689;-0.00417532;0.144917;-0.0423433;0.156107;0.0597951;0.155779;0.0615874;9.19097e-05;0.0588945;0.000102133;0.103297;4.68186e-05;1;0;0.819207;0;1;0;
67;-0.276484;0.284216;-0.285079;0.275426;-0.282765;0.284215;0.0407985;0.110187;0.00495516;0.116724;0.0580647;0.11653;0.0654328;5.32761e-05;0.0343987;-0.00924648;0.0646393;2.6962e-05;1;0;1;0.435888;0.959395;0;
68;-0.285059;0.286881;-0.288379;0.251629;-0.312623;0.292488;0.0642356;0.0557007;0.0394772;0.0647758;0.0770105;0.0593981;0.0399071;0.0353498;0.0200823;0.0429793;0.0377519;1.541e-05;0.355473;0.725867;1;0.710482;0.59456;0;
69;-0.287347;0.244748;-0.304574;0.262119;-0.30414;0.298991;0.0896121;0.0313917;0.0751606;-0.0142545;0.0970719;-0.0173997;0.0233051;0.111254;0.0207474;0.0752035;0.0205406;0.0575622;0;0.998038;0.92318;0.603148;0;1;
70;-0.278407;0.195969;-0.288468;0.242658;-0.288214;0.284502;0.142719;0.0344992;0.134281;-0.0974925;0.147075;-0.0994119;0.0136097;0.181647;0.0121174;0.0924337;0.0119952;0.0655588;0;1;0.559062;0.433021;0;1;
71;-0.257097;0.16786;-0.262973;0.212633;-0.262825;0.255622;0.191452;0.0294813;0.186525;-0.127063;0.193996;-0.134087;0.0079474;0.211252;0.00707597;0.0986134;0.00700482;0.0622537;0;1;0;0.448158;0;1;
72;-0.224347;0.109363;-0.227779;0.196343;-0.227692;0.223484;0.22413;0.00725004;0.221253;-0.130915;0.225616;-0.120091;0.00464084;0.195012;0.00413191;0.105893;0.00409022;0.0902655;0;1;0;0.438902;0;1;
73;-0.180443;0.064324;-0.182447;0.158383;-0.182397;0.179943;0.243012;0.00938447;0.241332;-0.138422;0.24388;-0.132789;0.00270974;0.198147;0.00241258;0.0926981;0.00238806;0.0834255;0;1;0;0.455492;0;1;
74;-0.122175;0.0173495;-0.123346;0.108044;-0.123316;0.121893;0.252235;0.00424654;0.251253;-0.135678;0.252741;-0.132961;0.00158198;0.189652;0.00140836;0.091545;0.00139407;0.0790247;0;1;0;0.49235;0;1;
75;-0.0437224;-0.0174996;-0.0444059;0.0354546;-0.0443891;0.043573;0.248209;-0.000932617;0.247189;-0.118431;0.24523;-0.137709;0.000923378;0.175611;0.000822034;0.0959508;0.000813502;0.0743771;0;1;0;0.535315;0;1;
76;0.0535509;-0.0893036;0.0531517;-0.058393;0.0531615;-0.0536237;0.229437;0.00905751;0.229101;-0.108852;0.228902;-0.141296;0.000538759;0.172654;0.000479555;0.085887;0.000474513;0.0636614;0;1;0;0.614981;0;1;
77;0.146984;-0.16786;0.146751;-0.149819;0.146757;-0.147017;0.200339;0.00971897;0.197847;-0.0730773;0.193992;-0.116829;0.000314348;0.153454;0.000279603;0.0873157;0.000276583;0.0631743;0;1;0;0.691328;0;0.962147;
78;0.214813;-0.227001;0.214677;-0.216465;0.21468;-0.214832;0.191515;0.0335939;0.190535;-0.0496555;0.158211;-0.0999724;0.000183038;0.141185;0.000162844;0.0739779;0.000161039;0.050428;0;1;0;0.744623;0;0.855754;
79;0.256724;-0.263842;0.256645;-0.257652;0.256647;-0.256741;0.168301;0.0491616;0.167729;-0.0113832;0.148851;-0.0711944;0.000106443;0.109988;9.46534e-05;0.0683347;9.35342e-05;0.0403231;0;1;0;0.808646;0;0.859154;
80;0.280143;-0.284302;0.280097;-0.277108;0.280098;-0.280157;0.1315;0.0713528;0.131166;0.0305494;0.120142;-0.0407611;6.18116e-05;0.0662378;5.49141e-05;0.0519445;5.41638e-05;0.0235515;0;1;0;0.82542;0;0.762978;
81;0.289825;-0.294423;0.28887;-0.283056;0.281349;-0.289872;0.0786531;0.0735772;0.0784568;0.0640153;0.0720207;-0.0141464;0.0180493;0.0386899;0.0200227;0.04588;0.0381982;0.0137538;0.618539;1;0.383839;0.501911;0.442351;0.783987;
82;0.286234;-0.299858;0.282653;-0.286047;0.252976;-0.291156;0.00623475;0.0825508;0.00744822;0.0822584;0.0576353;0.0314473;0.0534466;0.0225936;0.0496263;0.0267951;0.100436;0.00376582;0.607957;0;1;0.339015;1;0.557152;
83;0.238662;-0.289135;0.242405;-0.28107;0.213828;-0.284054;-0.0779991;0.129863;-0.0772861;0.129693;0.0546834;0.10002;0.0937127;0.0131943;0.05485;0.0156478;0.157317;0.00219891;0.582985;0;1;0;1;0;
84;0.20235;-0.268291;0.203313;-0.263582;0.154191;-0.265324;-0.119842;0.180966;-0.126042;0.180866;0.0362972;0.163537;0.084989;0.00770502;0.0658607;0.00913777;0.212796;0.00128366;0.815014;0;1;0;1;0;
85;0.163718;-0.236843;0.165789;-0.234093;0.139338;-0.23511;-0.118488;0.217527;-0.131121;0.217468;0.0114395;0.207348;0.107631;0.00449915;0.08514;0.00533598;0.210173;0.000749185;0.758619;0;1;0;1;0;
86;0.150641;-0.195163;0.146181;-0.193556;0.0770281;-0.194151;-0.141392;0.239417;-0.131293;0.239383;0.0195489;0.233473;0.0902741;0.00262689;0.0832076;0.00311571;0.211826;0.00043711;0.76246;0;1;0;1;0;
87;0.114804;-0.140805;0.112195;-0.139867;0.0404953;-0.140214;-0.138278;0.250759;-0.12698;0.250739;0.013973;0.247287;0.0873157;0.00153355;0.0871031;0.00181902;0.201196;0.000254721;0.831009;0;1;0;1;0;
88;0.0528791;-0.0680643;0.0513544;-0.0675163;0.00948233;-0.067719;-0.126358;0.24888;-0.129322;0.250497;0.00837249;0.249897;0.0898646;0.000894949;0.0851319;0.00106182;0.189003;0.000148309;0.858304;0;1;0;1;0;
89;-0.0344091;0.0255432;-0.0353041;0.0258632;-0.0597532;0.0257448;-0.120438;0.233958;-0.132117;0.235923;0.0139754;0.234936;0.0780686;0.000522084;0.076311;0.0006196;0.187424;8.60963e-05;0.96227;0;1;0;1;0;
90;-0.128329;0.123156;-0.128859;0.123343;-0.143131;0.123274;-0.0924606;0.207617;-0.109981;0.209844;0.0152178;0.208898;0.0791928;0.000304329;0.0785608;0.00036135;0.167445;4.9793e-05;1;0;1;0;1;0;
91;-0.201899;0.198887;-0.202222;0.198996;-0.210548;0.198955;-0.0747303;0.175899;-0.0966662;0.202166;0.0379879;0.201613;0.0714691;0.000177386;0.074563;0.000210646;0.154307;2.86936e-05;1;0;0.851441;0;1;0;
92;-0.247977;0.247295;-0.24925;0.247358;-0.254102;0.247335;-0.0304284;0.164658;-0.0619296;0.179998;0.0469668;0.179676;0.0640588;0.000102973;0.0650699;0.000122556;0.125263;1.62969e-05;1;0;0.846101;0;1;0;
93;-0.269232;0.275105;-0.276258;0.270795;-0.275447;0.275128;0.00842011;0.136414;-0.0267048;0.145373;0.0622416;0.145184;0.0521332;5.97158e-05;0.041971;7.10235e-05;0.0900289;9.09631e-06;1;0;0.870263;0.129108;1;0;
94;-0.278322;0.28911;-0.289784;0.281854;-0.289211;0.289124;0.0569896;0.0911828;0.0217463;0.0964197;0.0534249;0.0963043;0.0573212;3.44847e-05;0.0245098;-0.0031317;0.052587;4.9325e-06;0.880851;0;1;0.416315;1;0;
95;-0.286134;0.27434;-0.29338;0.277016;-0.303902;0.292502;0.075418;0.0355084;0.0563033;0.028865;0.0536982;0.0287872;0.033476;0.0709254;0.0143113;0.0488056;0.0307094;0.015945;0;0.95274;1;0.594811;0.441062;1;
96;-0.284074;0.225593;-0.297298;0.255239;-0.294451;0.269831;0.115366;0.0229098;0.104207;-0.0544501;0.102681;-0.0544966;0.0195494;0.125307;0.0095091;0.0925354;0.0179338;0.0585394;0;1;0.639444;0.346087;0;1;
97;-0.269917;0.165265;-0.277639;0.214875;-0.275977;0.224383;0.16822;0.0218236;0.161704;-0.115821;0.160812;-0.132654;0.0114163;0.188907;0.00555286;0.0894928;0.0104729;0.0598805;0;1;0;0.345744;0;1;
98;-0.243467;0.148915;-0.247977;0.171814;-0.247005;0.185463;0.209185;0.00659826;0.205379;-0.121433;0.204859;-0.149434;0.0066666;0.195807;0.00324228;0.101284;0.00611568;0.0679796;0;1;0;0.446747;0;1;
