1;-0.000363588;0.000116064;9.94838e-05;-0.000363588;0.000116064;9.94838e-05;0.0349769;0.0347456;0.0352595;0.0349769;0.0347456;0.0352595;0.808667;0.808665;0.808666;0.808667;0.808665;0.808666;0;0;0;0;0;0;
2;-0.0433862;-0.0106049;0.15873;0.0134682;0.079161;0.0890068;-0.0289477;-0.0200429;0.149392;-0.0374593;0.0949251;0.275101;0.472339;0.472331;0.472402;0.472436;0.472375;0.472487;0.813459;0.881027;0;1;1;1;
3;-0.0268554;0.0725598;0.0931232;-0.0350283;0.0666708;0.07271;0.0693167;0.0598244;0.0904342;-0.0219626;0.0617124;0.168429;0.275863;0.275855;0.275917;0.275908;0.275873;0.275967;1;0;0;0;1;1;
4;-0.0221073;0.0631054;0.055018;-0.0210914;0.03957;0.0418323;0.0404609;0.0461102;0.0527843;-0.0128004;0.0360113;0.0984049;0.161109;0.161106;0.161136;0.161128;0.161109;0.161178;0;0;0;0;1;1;
5;0.00950917;0.036604;0.0405475;-0.0105651;0.0213573;0.0261861;0.0252889;0.0791556;0.0382072;-0.00819502;0.022814;0.0624545;0.0940899;0.0940926;0.094104;0.0940974;0.0940878;0.0941315;0;0;0.750173;0;1;1;
6;0.0203539;0.0210601;0.0343244;-0.0039553;0.010259;0.017509;0.0154256;0.0455723;0.0740028;-0.00824789;0.0222902;0.0694765;0.0549485;0.0549553;0.0549617;0.0549523;0.0549512;0.0549816;0;0.101591;1;0.488014;1;1;
7;0.0122423;0.0119453;0.0204031;0.000176701;0.00350491;0.0127122;0.0103088;0.0269101;0.0549527;0.0091708;0.0312209;0.0555943;0.0320902;0.0320987;0.0321051;0.0320928;0.0320957;0.0321189;0.220521;0.8186;1;1;1;1;
8;0.00747373;0.00665275;0.0122402;0.00237019;-0.00021991;0.00969151;0.0195706;0.0284576;0.046707;0.0145331;0.0308881;0.041158;0.0187418;0.0187494;0.0187549;0.018744;0.0187471;0.0187642;0.840589;0.981909;1;1;1;1;
9;0.00451862;0.00373162;0.00730257;0.00243096;-0.00120514;0.00673695;0.0272981;0.0285005;0.042938;0.0178471;0.031948;0.0333733;0.0109466;0.0109536;0.010957;0.0109488;0.0109508;0.0109634;0.998585;1;1;1;1;1;
10;0.00238316;0.00243509;0.00400915;-0.000370658;0.00108626;0.00214426;0.0324397;0.0275956;0.0422029;0.0180523;0.0327862;0.0274339;0.00639443;0.00679912;0.00640207;0.00639686;0.00639733;0.00794726;1;1;1;1;1;1;
11;0.000350128;0.00193445;0.00129979;-0.00750794;0.00792506;-0.00603911;0.0363398;0.0262863;0.0433459;0.0163903;0.0340912;0.0227923;0.00373607;0.00732899;0.00374154;0.00373877;0.0037378;0.00646507;1;1;1;1;1;1;
12;-0.00216669;0.00350071;-0.00161211;-0.020983;0.0212252;-0.0201251;0.0391049;0.0253522;0.0450867;0.0142727;0.0351278;0.0193606;0.00218357;0.0081193;0.00218759;0.00357785;0.00218456;0.00541739;1;1;1;1;1;1;
13;-0.00568164;0.00646033;-0.00535786;-0.0431683;0.0433076;-0.0426672;0.0400144;0.0248984;0.0455069;0.0134935;0.0351675;0.0175545;0.00127697;0.00858007;0.00200263;0.00357577;0.00127756;0.00434753;1;1;1;1;1;1;
14;-0.0106024;0.0110565;-0.0104135;-0.0762004;0.0762789;-0.0759078;0.0371876;0.0256651;0.0430406;0.0158683;0.0328723;0.01918;0.00113754;0.00705193;0.00335313;0.00317338;0.000748121;0.0028946;1;1;1;1;1;1;
15;-0.0170717;0.0173359;-0.0169616;-0.12066;0.120702;-0.120489;0.0290861;0.0295618;0.0355265;0.0242081;0.0287802;0.0272747;0.00217265;0.00412046;0.00664313;0.00246636;0.00295371;0.00169213;1;1;1;1;1;1;
16;-0.0246883;0.0248414;-0.0246242;-0.173493;0.173513;-0.173394;0.0111948;0.0359559;0.0194203;0.0425899;0.0219184;0.0467793;0.00804937;0.00240585;0.0131887;0.00144109;0.0101621;-0.00185289;1;0.687053;1;1;1;1;
17;-0.0322653;0.0323542;-0.0322278;-0.226247;0.226253;-0.226189;-0.0209923;0.0538734;-0.0145153;0.0577507;0.00598358;0.0601983;0.0214451;-0.00196155;0.0266481;0.000841787;0.0244957;-0.00108227;1;0;1;1;1;1;
18;-0.0350386;0.0379628;-0.0378893;-0.265607;0.265607;-0.265572;-0.0738147;0.0930221;-0.0697784;0.0952912;-0.0245076;0.0967205;0.0351187;-0.0181224;0.0268495;0.000491244;0.0481747;-0.00170499;1;0;1;0.548371;1;1;
19;-0.0361988;0.039529;-0.0392021;-0.276627;0.276626;-0.276607;-0.130883;0.142107;-0.128521;0.143433;-0.0706514;0.144268;0.0287411;-0.0162538;0.0259587;0.000286533;0.0693935;-0.000996103;1;0;1;0;1;0;
20;-0.0335999;0.0353113;-0.0351208;-0.247135;0.247135;-0.247124;-0.178553;0.185114;-0.171199;0.185888;-0.105324;0.186376;0.0167907;-0.00949258;0.0263866;0.000166914;0.0625467;-0.000582159;1;0;1;0;1;0;
21;-0.0231151;0.0241148;-0.0240046;-0.168772;0.168774;-0.168766;-0.210592;0.214427;-0.175033;0.21488;-0.137343;0.215165;0.00980885;-0.00554485;0.0288324;9.70332e-05;0.0427612;-0.000340439;1;1;1;0;1;0;
22;-0.00436348;0.00494681;-0.00488484;-0.0346137;0.0346159;-0.0346098;-0.228003;0.230244;-0.172117;0.230508;-0.158925;0.230674;0.00572692;-0.0032387;0.0311544;5.62297e-05;0.0249806;-0.000199252;1;1;1;0;1;0;
23;0.0801049;-0.0797618;0.0797997;-0.102865;0.102863;-0.10286;-0.0337074;0.0350195;-0.00110037;0.0351652;0.00664417;0.0352701;-0.0189677;0.0482797;0.00558391;0.00217021;-0.0624465;0.0832431;0;0;0;0.134857;1;1;
24;0.164037;-0.163825;0.163853;-0.177325;0.177323;-0.177319;0.0690152;-0.0627908;0.0880824;-0.0681667;0.0925783;-0.0680895;-0.0110801;0.0626608;0.0032624;0.00126784;-0.0364707;0.0587004;0;1;0;1;0;1;
25;0.225069;-0.224939;0.224962;-0.232829;0.23283;-0.232826;0.11355;-0.0637127;0.124685;-0.109334;0.127311;-0.106261;-0.00647047;0.0452375;0.00190483;0.0335335;-0.0212991;0.0350274;0;1;0;1;0;1;
26;0.262633;-0.262552;0.262567;-0.267164;0.267166;-0.267163;0.120648;-0.0556608;0.119288;-0.0850451;0.119821;-0.0933144;-0.0037788;0.0264225;0.00111191;0.0195876;-0.0124389;0.0204576;0;1;0;1;0;1;
27;0.283371;-0.283324;0.283331;-0.286017;0.286019;-0.286017;0.10092;-0.0230864;0.100125;-0.0417809;0.100437;-0.0428155;-0.00220701;0.0154281;0.000648848;0.0114391;-0.00726462;0.0114235;0;1;0;1;0;1;
28;0.292667;-0.29264;0.292644;-0.294212;0.294214;-0.294212;0.0570155;0.0329068;0.0565533;-0.0166504;0.0567316;-0.0139569;0.000803279;-0.0220258;0.0106682;0.00668087;-0.00424284;0.00667107;0.624774;1;1;1;0;1;
29;0.283245;-0.308041;0.28536;-0.300197;0.283333;-0.298398;-0.0109778;0.0634941;-0.0112442;0.0345573;-0.00770001;0.0361336;0.0246927;-0.025183;0.0296774;0.0036381;0.0442338;0.0038956;1;0.0565026;1;1;1;1;
30;0.248366;-0.292705;0.251624;-0.288126;0.255936;-0.287075;-0.0914744;0.122147;-0.0916231;0.105253;-0.0701824;0.106173;0.0345096;-0.0147123;0.0394911;0.00212432;0.0595612;0.000545119;0.795871;0;1;0;1;1;
31;0.23062;-0.268596;0.243561;-0.265922;0.247122;-0.265309;-0.159771;0.177691;-0.159852;0.167825;-0.12577;0.168363;0.0268782;-0.0102181;0.0331003;0.00124019;0.0556337;0.000318003;1;0;1;0;1;0;
32;0.212679;-0.234859;0.220238;-0.233297;0.222318;-0.232939;-0.205361;0.215832;-0.204009;0.21007;-0.147769;0.210384;0.016161;-0.00596777;0.0193367;0.000723829;0.0429729;0.000185244;1;1;1;0;1;0;
33;0.178377;-0.19133;0.182791;-0.190418;0.184007;-0.190209;-0.232226;0.238345;-0.212416;0.23498;-0.173612;0.235163;0.00944237;-0.00348552;0.0112958;0.00042222;0.0260652;0.000107679;1;1;1;0;1;0;
34;0.127408;-0.134972;0.129987;-0.134439;0.130696;-0.134317;-0.245602;0.249915;-0.211943;0.247949;-0.188038;0.248056;0.00551675;-0.00203561;0.00659837;0.000246067;0.0152262;6.23783e-05;1;1;1;0;1;0;
35;0.055376;-0.0597913;0.0568825;-0.0594801;0.0572985;-0.0594088;-0.24326;0.24967;-0.21048;0.249186;-0.192709;0.2499;0.00322268;-0.00118933;0.00385396;0.000143187;0.00889276;3.59191e-05;1;1;1;0;1;0;
36;-0.0381398;0.0355634;-0.0372594;0.0357452;-0.0370144;0.0357869;-0.232909;0.240275;-0.206185;0.233699;-0.186974;0.233867;0.00188215;-0.000694542;0.00224976;8.30998e-05;0.00519196;2.04429e-05;0.990146;1;1;0;1;0;
37;-0.133504;0.132;-0.13299;0.132106;-0.132846;0.132131;-0.210741;0.232877;-0.189517;0.202676;-0.167583;0.201187;-0.00257072;-0.00040516;-0.00782794;4.81303e-05;-0.00472277;1.14067e-05;1;1;1;0;1;0;
38;-0.205777;0.2049;-0.205477;0.204962;-0.205394;0.204976;-0.19896;0.213966;-0.166054;0.196326;-0.134297;0.193369;-0.00150169;-0.000235532;-0.0062311;2.7575e-05;-0.0219283;6.2427e-06;1;1;1;0;1;0;
39;-0.251396;0.250884;-0.251221;0.25092;-0.251172;0.250928;-0.176145;0.18491;-0.152383;0.174605;-0.0967258;0.172878;-0.00544631;-0.00013595;-0.00364062;1.56626e-05;-0.0174401;3.1781e-06;1;0;1;0;1;0;
40;-0.27734;0.277038;-0.277238;0.277063;-0.277209;0.277068;-0.140599;0.145718;-0.126717;0.139693;-0.0419379;0.138685;-0.0171837;0.0204445;-0.00629753;8.72221e-06;-0.0181409;1.43718e-06;0.514489;0;1;0;1;0;
41;-0.2901;0.289925;-0.290042;0.289939;-0.290026;0.289942;-0.0901663;0.0931594;-0.0820571;0.0896325;0.0126453;0.0890454;-0.0100382;0.0119435;-0.0128793;4.72365e-06;-0.0192086;0.000369973;0;0;1;0;1;0.792745;
42;-0.287179;0.269428;-0.284149;0.293154;-0.305079;0.292648;-0.0207294;0.0224762;-0.0159874;0.0204145;0.0393139;0.0200751;-0.0216949;0.00845993;-0.0104583;3.68538e-06;-0.0144228;0.0141933;0.700259;0;1;1;1;1;
43;-0.268328;0.253157;-0.265996;0.287137;-0.294103;0.286843;0.0631882;-0.0406376;0.0659623;-0.0633702;0.0982558;-0.0635634;-0.0201971;0.0667376;-0.00669837;0.0229363;-0.00842333;0.0232422;0;1;0.775894;1;0;1;
44;-0.259076;0.223633;-0.257716;0.27006;-0.274129;0.26989;0.129556;-0.0748667;0.141116;-0.139594;0.155423;-0.132053;-0.00468914;0.0710107;-0.00486472;0.0311975;-0.000916746;0.0331888;0;1;0;1;0;1;
45;-0.235075;0.214376;-0.234284;0.24149;-0.243867;0.241391;0.185241;-0.016052;0.193746;-0.192849;0.197756;-0.181674;-0.00667246;-0.163757;-0.00284073;0.029243;0.00278605;0.023299;0;1;0;1;0;1;
46;-0.198554;0.186468;-0.198097;0.2023;-0.203689;0.202244;0.22066;-0.121836;0.22563;-0.218047;0.227971;-0.205234;-0.00443285;-0.0956242;-0.00165831;0.0179171;0.00162646;0.0207405;0;1;0;1;0;1;
47;-0.148675;0.14162;-0.148414;0.150862;-0.151674;0.15083;0.240148;-0.181715;0.243052;-0.221725;0.244417;-0.230493;-0.00258957;-0.0558376;-0.000967439;0.0104673;0.00094929;0.0121151;0;1;0;1;0;1;
48;-0.0807067;0.0765874;-0.0805547;0.081983;-0.0824569;0.0819647;0.248979;-0.206504;0.24543;-0.227628;0.251471;-0.231426;-0.00151091;-0.0326085;-0.000565383;0.00611567;0.000553809;0.00707337;0;1;0;1;0;1;
49;0.009099;-0.0115034;0.00918964;-0.00835597;0.00807934;-0.0083665;0.258067;-0.200167;0.231667;-0.228669;0.238782;-0.229392;0.00292321;-0.0190458;-0.00449124;0.00357309;0.000322865;-0.00705694;0;1;0;1;0;1;
50;0.107761;-0.109165;0.107821;-0.107334;0.107173;-0.107341;0.24648;-0.189464;0.212346;-0.204329;0.212508;-0.212879;0.00538624;-0.0111257;-0.00262447;0.00321857;0.000188025;-0.0276318;0;1;0;1;0;1;
51;0.061131;-0.0463553;0.112859;0.187635;-0.187723;0.187631;0.0615794;-0.0283016;0.0416424;-0.0369832;0.0417545;-0.0419731;0.0184326;-0.073948;-0.0176743;-0.092088;0.00833395;-0.0380372;0;0;0;1;0;1;
52;0.165816;-0.15797;0.196818;-0.0197837;0.0212711;-0.0213221;0.0568135;-0.0599598;0.0895598;-0.0902293;0.0623384;0.0552369;0.0457184;-0.0402321;-0.0158198;-0.045897;0.0270467;-0.24052;0;1;0.697541;1;0;1;
53;0.227757;-0.223172;0.245857;-0.142471;0.143341;-0.143369;0.0776011;-0.0587432;0.0967276;-0.0724007;0.0808283;-0.0121606;0.026699;-0.0234936;-0.0092357;-0.026802;0.0157948;-0.140464;0;1;0;1;0;1;
54;0.261956;-0.259278;0.269249;-0.212147;0.212658;-0.212672;0.0625131;-0.0215949;0.073686;-0.0594755;0.0643978;-0.0242586;0.0155917;-0.0172359;-0.00518165;-0.0156521;0.0092237;-0.082032;0;1;0;1;0;1;
55;0.27826;-0.276696;0.27427;-0.249171;0.249471;-0.249478;0.0165428;0.00735159;0.0230714;-0.0147725;0.0176453;0.00579817;0.0091052;-0.0142643;0.0104288;-0.00914415;0.00538728;-0.0479096;0;1;1;1;0.691891;1;
56;0.269384;-0.273141;0.263949;-0.264125;0.264297;-0.264302;-0.054477;0.0684319;-0.0506586;0.0555162;-0.0386087;0.0675286;0.0250275;-0.0192079;0.0294739;-0.00534046;0.0462632;-0.027983;1;0;1;0.547852;1;1;
57;0.24271;-0.266218;0.236171;-0.260953;0.258488;-0.261057;-0.12915;0.137308;-0.126916;0.129767;-0.0769159;0.136782;0.0324827;-0.0142037;0.0301252;-0.00311916;0.0640219;-0.0163424;1;0;1;0;1;0;
58;0.242113;-0.244398;0.18406;-0.241059;0.192338;-0.241358;-0.179652;0.17871;0.655644;0.197027;-0.0194756;0.189967;0.0352773;0.0178063;-0.447323;-0.010429;-0.161158;-0.00954358;1;0;0.0812383;0;1;1;
59;0.160804;-0.162137;0.117151;-0.00494323;-0.0235113;-0.00513716;0.00758748;-0.00812573;0.495404;0.00265658;0.101125;-0.0016774;-0.0179457;0.0725807;-0.261239;0.0276299;-0.0941313;0.097729;0.551168;0.717806;0;0.60608;0.221011;1;
60;0.135327;-0.136103;0.0780205;-0.0443011;0.0276811;-0.0444128;-0.107303;0.107003;0.177605;0.113246;-0.0526716;0.110856;0.0890477;0.0423841;-0.152594;0.0161351;-0.0498546;0.0570727;1;0;0;0;1;1;
61;0.0807002;-0.0811502;0.0472341;-0.014214;0.00450811;-0.0142805;0.0469157;-0.0470661;0.213302;-0.0434472;0.0788225;-0.0448223;0.0519998;0.133123;-0.0891207;0.0364588;-0.0505814;0.0909768;0;1;0;0.822235;0;1;
62;0.0351933;-0.0354559;0.015649;-0.0918464;0.0861794;-0.0918854;0.130177;-0.0738402;0.23027;-0.126038;0.143255;-0.136642;0.0364615;0.0895691;-0.0520462;0.0849972;-0.0194769;0.0595421;0;1;0;1;0;1;
63;-0.0710889;0.0709332;-0.0825066;0.0380033;-0.0413129;0.0379792;-0.0225467;0.055442;0.0359124;0.0249586;-0.0149038;0.0187678;0.050064;0.0264597;-0.0303972;0.0496346;0.00281087;0.0299996;0.653972;0;0.00528048;0.457875;1;1;
64;-0.162766;0.162679;-0.169434;0.143446;-0.145373;0.143432;-0.09966;0.118882;-0.0655205;0.101081;-0.0700549;0.0974653;0.0462872;0.0154507;0.0414859;0.0289861;0.0607089;0.0175195;1;0;1;0;1;0;
65;-0.225269;0.22522;-0.229164;0.213987;-0.215106;0.21398;-0.120088;0.139697;-0.10758;0.129301;-0.0570967;0.127189;0.0270381;0.0090227;0.0246662;0.0169273;0.0450484;0.0102309;1;0;1;0;1;0;
66;-0.262736;0.262708;-0.265011;0.256148;-0.256799;0.256144;-0.0879777;0.132225;-0.0858781;0.126154;-0.0513657;0.107787;0.0157913;0.00526967;0.0144059;0.00988647;0.0263126;0.00597441;1;0;1;0.475028;1;0;
67;-0.283074;0.283058;-0.284403;0.279226;-0.279606;0.279225;-0.0540916;0.093356;-0.046365;0.099232;-0.0186525;0.0885027;0.00922162;0.0147239;0.00827916;0.00738909;0.0220373;0.00348879;0.767249;0;1;1;1;0.2318;
68;-0.291821;0.291778;-0.292597;0.289572;-0.289795;0.289574;-0.0229365;0.0458667;-0.0184195;0.0492999;-0.00223726;0.0430328;0.0044504;0.00859936;0.00483482;0.00605043;0.0128679;0.00203839;0.844186;0;1;1;1;1;
69;-0.292236;0.279919;-0.288124;0.274753;-0.292326;0.29764;0.0387042;-0.0253068;0.0413441;-0.0233046;0.0507918;-0.0269583;-0.00334206;0.0524231;-0.00264108;0.0224104;-0.00728642;0.0311846;0.029465;1;1;0.381435;0.720842;1;
70;-0.202269;0.195082;-0.19987;-0.0607029;0.0504364;-0.0473284;-0.0677719;0.0756035;-0.06623;0.0767646;-0.0606909;0.0746355;0.0658225;0.0285485;0.0504337;0.0130882;0.0756326;0.0182123;1;0;1;0.202279;1;0;
71;-0.212633;0.208148;-0.211233;0.0590545;-0.0650491;0.0668665;0.0595054;-0.0694514;0.0694262;-0.0632684;0.0640856;-0.0708349;0.0503547;0.0836859;0.0294512;0.0363662;0.0575243;0.0578625;0;1;0;1;0;1;
72;-0.198381;0.195761;-0.197563;0.10869;-0.112193;0.113252;0.147074;-0.0913518;0.152868;-0.149258;0.149748;-0.153674;0.0294068;0.0742458;0.0171992;0.0415628;0.033594;0.0621479;0;1;0;1;0;1;
73;-0.165279;0.163749;-0.164801;0.111095;-0.115739;0.1099;0.198011;-0.111229;0.201395;-0.197079;0.199573;-0.194812;0.017173;0.0612578;0.0100438;0.0257614;0.0196183;0.0367117;0;1;0;1;0;1;
74;-0.101321;0.100429;-0.101043;0.0312858;-0.033997;0.0305925;0.00532692;0.0453463;0.00730379;-0.0047891;0.00624753;-0.00347154;0.0100294;-0.0489421;0.0208633;-0.0451124;0.0190744;-0.070474;0;0;0.148282;1;0.259587;1;
75;-0.0512789;0.0507557;-0.0511168;0.0735248;-0.0751035;0.0731199;-0.103891;0.13349;-0.102732;0.104217;-0.0838703;0.104988;0.0427934;-0.028585;0.060432;-0.0263462;0.0780858;-0.0411576;1;0;1;0;1;0;
76;0.0491368;-0.0494408;0.0492328;-0.0361432;0.0352203;-0.0363808;0.0289506;-0.0348731;0.0409823;-0.0401117;0.0437863;-0.0468931;0.0307383;0.0683458;0.0352903;0.0729976;0.0587559;0.0178266;0;0.741843;0;1;0;1;
77;0.144406;-0.144571;0.144455;-0.136815;0.136278;-0.136954;0.107234;-0.069332;0.114262;-0.113739;0.115898;-0.117701;0.0179509;0.0598257;0.02061;0.048951;0.0343134;0.0358851;0;1;0;1;0;1;
78;0.121182;-0.121418;0.121211;0.178019;-0.178324;0.177945;-0.0124308;0.0345651;-0.0083296;0.00865191;-0.00739659;0.00634247;0.055367;-0.0232137;0.0192808;-0.0573692;0.0338366;0.0209584;0.605502;0;0.766462;1;1;1;
79;0.202043;-0.202166;0.202049;-0.0273035;0.0271206;-0.0273441;0.0491973;-0.0311099;0.051597;-0.0514117;0.0521411;-0.0527574;0.0323328;0.0410503;0.0112619;0.041685;0.0197596;0.0155031;0;1;0.461508;1;0;1;
80;0.24821;-0.248275;0.248208;-0.146157;0.146054;-0.146182;0.0619447;-0.00817432;0.0633469;-0.0387692;0.0636645;-0.0422582;0.0188819;0.0239759;0.00657774;0.0246717;0.0115389;0.00905373;0;1;0.425904;1;0;1;
81;0.272508;-0.272544;0.272504;-0.212906;0.21285;-0.212921;0.0380297;0.0261104;0.0397818;-0.02264;0.0390338;-0.0226392;0.0110269;0.0140011;0.0139043;0.0144114;0.00673862;0.00528677;0.26973;1;1;1;0.193623;1;
82;0.194224;-0.194262;0.194232;0.121202;-0.121211;0.12119;0.0619179;-0.0031263;0.0629386;-0.0529268;0.0625014;-0.0318722;0.00644063;0.030783;-0.0138965;-0.0223132;0.00393549;0.04379;0.432337;1;0.53796;1;0;1;
83;0.227445;-0.227469;0.227448;-0.04323;0.0432207;-0.0432352;-0.0454888;0.0599291;-0.0448876;0.0507456;-0.0344975;0.0664824;0.0743953;-0.0159693;0.0444536;-0.0170799;0.0857085;0.0267076;1;0;1;1;1;1;
84;0.221915;-0.227656;0.222406;-0.124684;0.124677;-0.124687;-0.131674;0.140119;-0.131326;0.134761;-0.0853033;0.143952;0.0575045;-0.0246108;0.0356881;-0.00997486;0.0748395;0.0155967;1;0;1;0;1;0;
85;0.209758;-0.213112;0.210046;-0.152977;0.152972;-0.152979;-0.187879;0.193673;-0.188528;0.190543;-0.118833;0.195911;0.0335935;-0.0143731;0.0208482;-0.00582566;0.0571132;0.00910796;1;0;1;0;1;0;
86;0.179345;-0.181304;0.179513;-0.146186;0.146183;-0.146187;-0.21588;0.225487;-0.219158;0.223659;-0.140428;0.226794;0.0196245;-0.00839427;0.012179;-0.00340263;0.0436389;0.0053185;1;1;1;0;1;0;
87;0.112403;-0.113549;0.112508;-0.0317137;0.0317176;-0.0317178;-0.015148;0.0207703;-0.017067;0.0196943;0.0289278;0.0215315;-0.00622325;0.0768474;-0.0517459;0.00983163;-0.0470821;0.0839327;0;0;0;1;1;1;
88;0.0615962;-0.0622639;0.061659;-0.0468507;0.0468527;-0.0468528;0.0992754;-0.0959756;0.0981526;-0.0966141;0.125009;-0.0955408;-0.00363462;0.061448;-0.0302223;0.0159579;-0.0274973;0.0490222;0;0.539359;0;1;0;1;
89;0.0173168;-0.0177064;0.017355;-0.157942;0.157945;-0.157944;0.161003;-0.104236;0.160346;-0.159439;0.176032;-0.158814;-0.00212307;0.0538149;-0.0176518;0.0404211;-0.0160589;0.0286336;0;1;0;1;0;1;
90;-0.0208124;0.020586;-0.0207902;-0.308709;0.308714;-0.308713;0.187812;-0.111238;0.187428;-0.153706;0.196588;-0.186529;-0.00124029;0.0369794;-0.010309;0.0332614;-0.00937864;0.0167219;0;1;0;1;0;1;
91;-0.0484298;0.0482984;-0.048417;-0.434206;0.434213;-0.434213;0.182302;-0.107051;0.184164;-0.128214;0.17702;-0.177424;-0.000724733;0.021601;-0.00602039;0.0266724;-0.00547749;0.00976156;0;1;0.153562;1;0;1;
92;-0.0657529;0.0656765;-0.0657457;-0.51586;0.515869;-0.515868;0.168398;-0.0809786;0.169486;-0.102819;0.165313;-0.165549;-0.00042365;0.0126159;-0.00351577;0.0155804;-0.00319924;0.00555162;0;1;1;1;0;1;
93;-0.169085;0.16903;-0.169081;-0.170616;0.170624;-0.170613;0.0580873;-0.00704698;0.0587229;-0.0198039;0.0562979;-0.0564372;-0.000247677;-0.0639075;-0.0167835;-0.0615526;-0.00186858;-0.0151475;0;0.669079;0;1;0;1;
94;-0.227194;0.227157;-0.227193;0.0287994;-0.0287981;0.0288019;0.0224041;0.0074032;0.0227732;-7.78887e-05;0.0213531;-0.0214316;0.00435802;-0.0373265;-0.0098052;-0.0359588;-0.00109051;-0.00884381;0.142758;0.744754;0;1;0.984628;1;
95;-0.257073;0.257051;-0.25707;0.14121;-0.14121;0.141211;0.0405399;-0.000176742;0.0407547;-0.0274775;0.0399246;-0.0162297;0.00254486;-0.0214774;-0.020419;-0.0209989;-0.000637178;0.0132392;0.262273;1;1;1;0.7868;1;
96;-0.267103;0.267089;-0.267053;0.199438;-0.19944;0.199438;0.0949975;-0.0329535;0.0951221;-0.0873621;0.0946377;-0.0807884;0.00148581;0.054748;-0.0147834;-0.00928334;-0.00037248;0.0361912;0;1;0.500791;1;0;1;
97;-0.260006;0.259661;-0.259977;0.220489;-0.220491;0.220488;0.152512;0.0546554;0.156398;-0.151858;0.151971;-0.15031;0.00650627;-0.194154;-0.00863476;0.0356622;0.00409168;0.0471567;0;1;0;1;0;1;
98;-0.237679;0.237476;-0.237662;0.202246;-0.214603;0.209282;0.198393;0.0730756;0.202281;-0.19733;0.191109;-0.189252;0.00798931;-0.335085;-0.00504414;0.0330279;0.0101533;0.0377112;0;1;0;1;0;1;
