1;-0.000363588;0.000116064;9.94838e-05;-0.000363588;0.000116064;9.94838e-05;0.0349769;0.0347456;0.0352595;0.0349769;0.0347456;0.0352595;0.808667;0.808665;0.808666;0.808667;0.808665;0.808666;0;0;0;0;0;0;
2;0.0169912;0.0202165;-0.0620294;-0.0581819;-0.00423614;-0.00212061;0.0980913;0.118665;0.157848;0.0960604;0.146344;0.243459;0.472351;0.472363;0.472373;0.472364;0.472388;0.472416;0;1;1;1;1;1;
3;0.0128719;0.0410364;-0.0358798;-0.0344021;0.0220042;0.0096721;0.0650789;0.0829126;0.0945749;0.0560162;0.088506;0.155717;0.275876;0.275887;0.275891;0.275869;0.27589;0.275926;1;0;0.822406;0;0;1;
4;0.0276697;0.055317;-0.0407535;-0.0207249;0.0177257;0.00391292;0.067263;0.0491166;0.05521;0.0388366;0.0516622;0.0909762;0.161121;0.161128;0.16113;0.161112;0.161122;0.161152;0;0;0;0;0;1;
5;0.0203536;0.0314311;-0.0268365;-0.012979;0.0112283;-0.00413833;0.0897188;0.0289387;0.0643483;0.0261815;0.0299146;0.0585501;0.0941046;0.0940996;0.0941039;0.0940943;0.0940954;0.0941173;0;0;1;0;0;1;
6;0.0129937;0.0172493;-0.0145675;-0.0086865;0.0128798;0.00931428;0.0517357;0.0209835;0.0623801;0.0159481;0.0168134;0.0542412;0.0549564;0.054956;0.0549667;0.0549521;0.0549538;0.0549707;0;0.34008;1;0;0.277493;1;
7;0.00826994;0.0398282;-0.00665239;-0.00247459;0.00506224;0.0099412;0.0199211;0.0205501;0.0549155;0.0160581;0.018526;0.0440054;0.0437063;0.0397247;0.0321082;0.0246861;0.0317132;0.0250852;0.0382278;0.732893;1;0.0901423;0.623366;1;
8;0.00515329;0.0229375;-0.00430467;0.000821489;0.000690134;0.0081113;0.019394;0.0226608;0.0443941;0.0130941;0.0252805;0.037275;0.0255267;0.0232022;0.0187567;0.0144194;0.0185226;0.0146552;0.768713;0.886828;1;0.615964;0.724807;1;
9;0.00316327;0.0132428;-0.00239112;0.00096485;-0.000673429;0.00581413;0.0250509;0.0239131;0.0420926;0.0151052;0.0280127;0.0317473;0.0149091;0.0135533;0.0109578;0.00842307;0.0108192;0.00883322;0.918955;1;1;0.743202;0.762562;1;
10;0.00159152;0.00799022;-0.00199395;-0.00122696;0.00139692;0.00160542;0.0299287;0.0241653;0.041874;0.0155731;0.0295953;0.0268749;0.00870849;0.00791859;0.00640251;0.00492158;0.00632006;0.00705604;0.974643;1;1;0.81889;0.764055;1;
11;-0.000112274;0.00570822;-0.00278129;-0.00800793;0.00810662;-0.00635373;0.0340361;0.0236313;0.0429466;0.0149032;0.0305953;0.0226857;0.00508727;0.00557743;0.00374175;0.00330781;0.00369207;0.0062637;0.991524;1;1;0.870223;0.744497;1;
12;-0.00243696;0.00590764;-0.00399551;-0.0212749;0.0213314;-0.0203088;0.0366502;0.023228;0.0440015;0.0131591;0.0311927;0.019067;0.00297245;0.00617616;0.00218764;0.00400926;0.00215691;0.00526027;0.975264;1;1;0.886774;0.730261;1;
13;-0.00583955;0.00786621;-0.00674974;-0.043338;0.0433694;-0.0427744;0.0380899;0.0232973;0.0448273;0.0132717;0.0309629;0.0174006;0.00173735;0.00677476;0.00128001;0.00491554;0.00126019;0.00451342;0.996541;1;1;0.890211;0.741863;1;
14;-0.0106947;0.0118778;-0.0112261;-0.0762978;0.0763143;-0.0759704;0.0361232;0.0248165;0.0422945;0.0168199;0.0289927;0.0186947;0.00101635;0.00616301;0.00343599;0.00580727;0.000736701;0.00263856;1;1;1;0.845236;0.834807;1;
15;-0.0171257;0.0178158;-0.017436;-0.120713;0.12072;-0.120526;0.0298224;0.0304887;0.0355247;0.0248272;0.0242136;0.0257255;0.00139679;0.00414265;0.00708829;0.00549022;0.000805801;0.00154236;1;1;1;0.728776;1;1;
16;-0.0247198;0.025122;-0.0249008;-0.173518;0.1729;-0.173414;0.0129856;0.040216;0.0215262;0.0351628;0.0209899;0.0453607;0.0100061;0.00241966;0.0128924;0.00320572;0.00849334;-0.00179908;1;0.65487;1;0.677323;1;1;
17;-0.0322832;0.0325184;-0.0323892;-0.226255;0.225887;-0.226199;-0.0237934;0.056363;-0.0132954;0.0534122;0.00485918;0.0593699;0.0240944;0.00141262;0.0275395;-0.0036118;0.025896;-0.00105126;1;0;1;0.437218;1;1;
18;-0.0379825;0.0380592;-0.0379842;-0.26548;0.265389;-0.265575;-0.0887142;0.0799047;-0.069319;0.0971673;-0.010493;0.0962376;0.0373724;0.0166616;0.0292191;-0.00503268;0.0569014;0.0103469;1;0;1;0.006626;1;1;
19;-0.0395163;0.0395854;-0.0398641;-0.276551;0.276498;-0.276609;-0.139585;0.134447;-0.128253;0.144526;-0.0532319;0.143986;0.0218329;0.0097299;0.0309027;-0.0069355;0.082315;0.00604215;1;0;1;0;1;0;
20;-0.0346969;0.035701;-0.0380845;-0.247096;0.247064;-0.247125;-0.183635;0.180641;-0.172148;0.186526;-0.103298;0.186211;0.0128225;0.00568171;0.0274725;-0.00467377;0.066733;0.00352816;1;0;1;0;1;0;
21;-0.0237562;0.0249207;-0.0257361;-0.168753;0.168736;-0.168766;-0.21356;0.211814;-0.183628;0.215254;-0.147871;0.215068;0.00829195;0.003316;0.0258983;-0.00272918;0.0467333;0.00205997;1;0;1;0;1;0;
22;0.0181021;-0.0174216;0.0169465;-0.130523;0.13052;-0.130535;-0.0197096;0.0186907;-0.00222076;0.0207067;0.0186426;0.020586;-0.0585057;0.00364936;-0.0328667;0.041129;-0.103512;0.0418502;0.567188;0;1;0;0;0.974993;
23;0.0932229;-0.0928191;0.092546;-0.158874;0.158878;-0.158887;0.0879507;-0.0885315;0.0981657;-0.0873618;0.110345;-0.0874251;-0.0341682;0.0825971;-0.0191938;0.0505937;-0.0604563;0.054907;0;1;0;0.940853;0;1;
24;0.171694;-0.171455;0.171294;-0.210032;0.210037;-0.210041;0.140064;-0.0884458;0.146033;-0.139363;0.153142;-0.139748;-0.0199544;0.0488581;-0.0112054;0.0295566;-0.0353067;0.0320752;0;1;0;1;0;1;
25;0.137205;-0.137066;0.138555;0.135852;-0.135834;0.135858;0.00855292;0.0215905;0.0120402;-0.00817948;0.0162278;-0.00839071;-0.0116537;-0.0386721;0.0070852;-0.0660535;0.105001;0.0162948;0.0123836;0.897111;1;0;0;1;
26;0.117611;-0.11753;0.120445;0.341718;-0.341687;0.341718;-0.0493396;0.0669439;-0.0342965;0.0495747;-0.0396887;0.0494557;0.0358056;-0.0225851;0.0495219;-0.0385781;0.0613416;0.0252822;0.607763;0;1;0;1;1;
27;0.198893;-0.198628;0.20033;0.0695882;-0.0695837;0.069596;-0.0850271;0.00863378;0.0104355;-0.0015266;0.00425859;0.00819612;0.0778667;-0.0131888;0.0289194;-0.00650529;0.0430015;0.02236;1;0.543935;1;0.299312;0.570918;1;
28;0.151907;-0.152341;0.153338;0.294986;-0.294969;0.294979;-0.0336619;0.0265021;0.0360423;-0.0143117;0.012734;0.0375957;0.0454837;-0.00641215;0.0168871;-0.00380186;0.0251112;0.013062;1;0.627902;1;0.480311;1;1;
29;0.210825;-0.211079;0.211662;0.0501963;-0.0501894;0.0501719;-0.0639364;0.0597572;-0.0232251;0.0359234;0.00404323;0.0662351;0.0265631;-0.00776371;0.034585;-0.00814276;0.0461198;0.00755151;1;0;1;0;1;1;
30;0.235932;-0.236082;0.236421;-0.0834873;0.0834858;-0.0835096;-0.122402;0.119969;-0.0986241;0.10605;-0.0571447;0.123752;0.0355728;-0.00453438;0.0298944;-0.00706439;0.0727154;0.00440973;1;0;1;0;1;0;
31;0.229437;-0.237599;0.236907;-0.146414;0.146412;-0.146427;-0.17783;0.17642;-0.163942;0.168291;-0.107807;0.178629;0.0404966;-0.0026485;0.0220457;-0.0041259;0.0704351;0.00257481;1;0;1;0;1;0;
32;0.211989;-0.216756;0.216352;-0.163506;0.163503;-0.163513;-0.215091;0.215088;-0.207021;0.210342;-0.141562;0.21638;0.0281949;-0.00154839;0.014453;-0.00240994;0.0483371;0.0015032;1;0;1;1;1;0;
33;0.177974;-0.180759;0.180522;-0.14966;0.149657;-0.149665;-0.233447;0.237911;-0.21877;0.235139;-0.170991;0.238665;0.0164714;-0.000904058;0.00844315;-0.00140787;0.0289315;0.000877347;1;0;1;0.20902;1;0;
34;0.127172;-0.1288;0.12866;-0.110637;0.110634;-0.110639;-0.243508;0.249663;-0.223666;0.248042;-0.186693;0.250101;0.00962163;-0.000526993;0.00493162;-0.000822684;0.0169006;0.000511838;1;0;1;0;1;0;
35;0.0552392;-0.0561964;0.0561096;-0.0455798;0.0455778;-0.0455813;-0.248295;0.253536;-0.213207;0.250509;-0.194302;0.249746;0.00561855;0.000434476;0.00288019;-0.000480935;0.00987075;0.000298395;1;0;1;0;1;0;
36;-0.0382177;0.0376478;-0.0377059;0.0438624;-0.0438646;0.0438615;-0.246935;0.239176;-0.193125;0.231399;-0.189124;0.23252;0.00327904;0.00155663;0.00168274;-0.000280975;0.00576202;0.000173738;1;0;1;0.148226;1;0;
37;-0.133549;0.133213;-0.133249;0.136847;-0.136848;0.136846;-0.232709;0.232234;-0.182798;0.233698;-0.168568;0.20366;-0.000872887;0.000908888;0.000983093;0.00367979;-0.00572108;0.000100966;1;0;1;0.755266;1;0;
38;-0.205805;0.205608;-0.205629;0.207729;-0.207731;0.20773;-0.213863;0.213589;-0.156306;0.214448;-0.14115;0.196901;-0.000510609;0.000531678;-0.00986819;0.00577083;-0.0179159;5.85105e-05;1;0;1;1;1;0;
39;-0.251413;0.251297;-0.25131;0.252533;-0.252537;0.252537;-0.184845;0.184688;-0.114964;0.185193;-0.113427;0.174941;-0.00264916;0.00034141;-0.015194;0.0092222;-0.0241089;3.37039e-05;1;0;1;1;1;0;
40;-0.277351;0.277283;-0.277291;0.278003;-0.278008;0.278007;-0.145671;0.145581;-0.0587392;0.145883;-0.0884659;0.139889;-0.0019003;0.000198928;-0.014187;0.0143459;-0.0280341;1.92565e-05;1;0;1;0;1;0;
41;-0.290107;0.290068;-0.290074;0.290486;-0.290493;0.290491;-0.0931208;0.0930712;0.00191385;0.0932535;-0.0597156;0.089747;-0.00221459;0.00011577;-0.0126725;0.0137904;-0.02102;1.082e-05;1;0;1;0;1;0;
42;-0.304822;0.293229;-0.318204;0.28916;-0.29371;0.293476;-0.022452;0.0224205;0.0330541;0.0225306;-0.00294691;0.0204829;-0.00431361;6.726e-05;-0.00739956;0.0080564;-0.0331645;0.0108834;0.532333;0;1;0;0.732832;1;
43;-0.293952;0.287182;-0.301768;0.273613;-0.287463;0.287327;0.0621851;-0.0526958;0.0946024;-0.0621391;0.0735756;-0.063323;-0.00251944;0.0599816;-0.00432148;0.0133093;-0.0193685;0.034297;0;1;0.160287;0.185009;0;1;
44;-0.274041;0.270085;-0.278606;0.262161;-0.270252;0.270172;0.13891;-0.105611;0.157842;-0.138878;0.145562;-0.13956;-0.00147184;0.06606;-0.00252446;0.0234353;-0.0113117;0.0309256;0;1;0;0.629994;0.492802;1;
45;-0.243815;0.241504;-0.246482;0.236876;-0.241602;0.241555;0.192458;-0.137868;0.203515;-0.192434;0.196342;-0.192828;0.0080386;0.0983211;0.00637495;0.0233647;-0.00660649;0.019138;0;1;0;0.835529;0;1;
46;-0.203659;0.202309;-0.205217;0.199607;-0.202367;0.20234;0.224877;-0.187216;0.231335;-0.224859;0.227145;-0.225085;0.00469416;0.0574261;0.00372326;0.0136485;-0.00385862;0.0111783;0;1;0;0.819878;0;1;
47;-0.151661;0.150872;-0.152569;0.14929;-0.150902;0.150887;0.242612;-0.202106;0.246385;-0.229951;0.243935;-0.231995;0.00274258;0.0335406;0.00217659;0.00862259;-0.00225392;0.00652772;0;1;0;0.882855;0;1;
48;-0.0824558;0.0819943;-0.0829817;0.0810648;-0.082006;0.0819985;0.250418;-0.205366;0.252622;-0.221954;0.25119;-0.227631;0.00160236;0.0195874;0.00294493;0.0108569;-0.00131683;0.00381012;0;1;0;0.776874;0;1;
49;0.00807147;-0.00834106;0.00777005;-0.00889191;0.00834235;-0.00834614;0.245624;-0.202647;0.260394;-0.202841;0.238514;-0.22616;0.000936404;0.0114369;0.00552967;0.0141996;-0.000769582;-0.00599907;0;1;0;0.876248;0;1;
50;0.107167;-0.107322;0.10699;-0.107647;0.107326;-0.107329;0.23921;-0.181202;0.247839;-0.187163;0.212637;-0.217454;0.000547181;0.00667678;0.0032306;0.00829492;-0.000450003;-0.0198314;0;1;0;1;0;1;
51;0.187754;-0.18784;0.187643;-0.188034;0.187847;-0.187849;0.222067;-0.140674;0.227106;-0.14918;0.205287;-0.207277;0.000319287;-0.0139965;0.00188621;0.00690919;-0.000263258;-0.011692;0;1;0;1;0;1;
52;0.147052;-0.147104;0.146987;0.151988;-0.152069;0.152093;0.0644462;-0.0169214;0.0673889;-0.0219035;0.0546749;-0.0558255;0.000186267;-0.0767347;0.00110136;-0.0809944;0.0501244;-0.016754;0;1;0;0;1;1;
53;0.216797;-0.216823;0.216759;-0.0421544;0.0421044;-0.04208;0.0820577;-0.041409;0.083776;-0.0572149;0.0763562;-0.0537513;-0.00861567;-0.0448101;0.000642712;-0.0473005;0.0292734;-0.0097823;0;1;0;0.0176329;0;1;
54;0.255556;-0.255573;0.255533;-0.153564;0.153532;-0.15352;0.0651157;-0.000843594;0.0661199;-0.0525057;0.0659341;-0.0468066;-0.00503179;-0.0261697;0.000375033;-0.0276242;0.0170974;-0.00728627;0;1;0;0.273279;0;1;
55;0.274522;-0.274534;0.274507;-0.21496;0.214937;-0.214932;0.0180632;0.0194716;0.018655;-0.0107025;0.0185505;-0.00737357;-0.00293797;-0.0152851;0.0140927;-0.0161343;0.0124653;-0.00979834;0.336633;0.813571;1;0;0;1;
56;0.274557;-0.278937;0.275952;-0.244146;0.244128;-0.244127;-0.0535912;0.0755142;-0.0532388;0.0578911;-0.0356635;0.059837;0.0186912;-0.00892687;0.0293835;-0.00942508;0.05308;-0.00960716;1;0;1;0;1;1;
57;0.267045;-0.269603;0.26786;-0.249286;0.24313;-0.249275;-0.128636;0.141445;-0.128421;0.131152;-0.0854989;0.13229;0.0321932;-0.00521372;0.0401463;-0.0119049;0.0683315;-0.005611;0.840961;0;1;0;1;0;
58;0.24523;-0.246726;0.245707;-0.234862;0.231264;-0.234855;-0.185201;0.192689;-0.185071;0.186679;-0.131049;0.187343;0.0266752;-0.00304583;0.0243134;-0.00695283;0.0569921;-0.00327722;1;0;1;1;1;0;
59;0.211138;-0.212012;0.211417;-0.205084;0.202981;-0.20508;-0.220658;0.225037;-0.21462;0.221528;-0.163472;0.221916;0.016206;-0.00177954;0.0142034;-0.00406074;0.0370758;-0.00191435;1;0;1;1;1;0;
60;0.16472;-0.165231;0.164883;-0.161188;0.159957;-0.161182;-0.240611;0.243172;-0.222477;0.241123;-0.186314;0.241348;0.00946796;-0.0010387;0.00829592;-0.00237152;0.0216593;-0.00111846;1;0;1;1;1;0;
61;0.102026;-0.102325;0.102122;-0.0999669;0.0992451;-0.0999586;-0.249733;0.2516;-0.227925;0.250404;-0.195476;0.250533;0.00553013;-0.000604864;0.00484339;-0.00138485;0.0126533;-0.000653688;1;0;1;0;1;0;
62;0.0178131;-0.0179964;0.0178698;-0.0166083;0.016186;-0.0166022;-0.251164;0.254202;-0.201724;0.266305;-0.198248;0.244097;0.00322756;2.25204e-05;-0.00341543;-0.000808932;0.0073901;-0.000382294;1;0;1;0;1;0;
63;-0.0812372;0.0811209;-0.0812023;0.0819444;-0.0821918;0.081948;-0.245252;0.246288;-0.185412;0.254092;-0.173753;0.219963;-0.0102187;1.31212e-05;-0.000203991;-0.000472929;-0.00775705;-0.000223763;1;0;1;0;1;0;
64;-0.168695;0.168627;-0.168675;0.169108;-0.169253;0.169111;-0.22689;0.230337;-0.17597;0.234895;-0.15077;0.195917;-0.00597041;7.49653e-06;-0.00194559;0.00369845;-0.0134705;-0.000130964;1;0;1;0;1;0;
65;-0.135723;0.135683;-0.135712;-0.161618;0.161545;-0.161635;-0.0622418;0.0642565;-0.0325042;0.0669387;-0.0178079;0.0441631;-0.0630821;0.0360337;-0.0837488;0.0957897;-0.0933603;-7.67865e-05;0.904648;0;1;0;0.583924;0;
66;-0.210441;0.210418;-0.210435;0.0367866;-0.0368241;0.0367783;-0.0843348;0.0881667;-0.0591552;0.0897392;-0.0606275;0.0764356;-0.0368357;0.0210429;-0.048903;0.0559366;-0.0545162;-4.43635e-05;1;0;1;0;1;0.665024;
67;-0.159937;0.159923;-0.159936;-0.237748;0.237741;-0.237767;-0.0236922;0.0259309;-0.00899345;0.0268591;-0.0098594;0.0190849;-0.0193474;0.012289;-0.0336957;0.0543091;-0.05931;-2.52521e-05;0.891115;0;1;0;0.704223;1;
68;-0.129546;0.129541;-0.129546;-0.391853;0.391853;-0.391863;-0.00528322;0.00934983;0.0092663;0.0404031;-0.0148447;0.033893;-0.0112957;0.00717782;-0.0196788;0.0317188;-0.0346414;-1.36455e-05;0.433603;0.197918;1;0;1;1;
69;-0.110189;0.110186;-0.110189;-0.465324;0.470582;-0.470592;-0.0551789;0.0575588;-0.0462858;0.0756927;-0.0429913;0.071892;0.030084;0.00419143;0.0274157;0.00206634;-0.00352036;-0.00139985;1;0;1;0.396942;1;1;
70;-0.0959505;0.0990107;-0.0959507;-0.454952;0.478153;-0.496019;-0.122602;0.123997;-0.117403;0.105735;-0.0536822;0.13237;0.0303333;-0.00600077;0.0359501;-0.0445428;0.0249447;-0.000817841;1;0;1;0.342681;1;0.777021;
71;-0.0830382;0.0848272;-0.083431;-0.450988;0.467253;-0.478691;-0.179696;0.180518;-0.174771;0.169853;-0.120528;0.185409;0.0319665;-0.00804062;0.0378308;-0.0260143;0.0675718;-0.000478057;1;0;1;0;1;0;
72;-0.122697;0.123742;-0.122922;-0.189195;0.198687;-0.205375;0.00737708;-0.0068921;0.0102497;-0.0131431;0.0419158;-0.00410441;0.0186694;-0.00469605;-0.0524645;0.0606439;0.0283198;0.0202559;0;0;1;0;0;1;
73;-0.0857776;0.0863898;-0.0859088;-0.209341;0.212749;-0.217016;-0.107803;0.108092;-0.106121;0.104453;-0.0866012;0.109768;0.0734578;-0.0158447;0.0813665;0.0354149;0.0921111;0.0118291;1;0;1;0;1;0;
74;-0.0548949;0.0552531;-0.054971;-0.155849;0.157842;-0.16033;-0.173264;0.17344;-0.172075;0.171317;-0.118043;0.17442;0.0433283;-0.00964311;0.0542528;0.020682;0.0713545;0.00690786;1;0;1;0;1;0;
75;-0.0241656;0.024374;-0.0242098;-0.0357773;0.0369383;-0.0383798;-0.208192;0.208299;-0.191257;0.207061;-0.135485;0.208872;0.0253073;-0.00563196;0.0316909;0.0120779;0.0506247;0.0040338;1;0;1;0;1;0;
76;0.0649698;-0.0648404;0.0649419;-0.0999707;0.100648;-0.101498;-0.0206131;0.0206725;-0.0107241;0.0199464;0.0218459;0.021006;-0.056325;-0.00267504;-0.0433689;0.0154878;-0.113465;0.0359442;0.219116;0;0.940407;0;1;1;
77;0.0701837;-0.0696233;0.0709857;0.172993;-0.172598;0.172129;-0.102358;0.102398;-0.0965749;0.10197;-0.0775448;0.102592;0.0216287;-0.0125299;0.0532638;-0.000234464;-0.0662518;0.0209912;1;0;1;0;1;0;
78;0.0778354;-0.0775089;0.078304;0.358967;-0.358735;0.358464;-0.134833;0.13486;-0.11132;0.134612;-0.0919193;0.134975;0.0177072;-0.00731793;0.0327923;-0.0208968;-0.038685;0.0122582;1;0;1;0;1;1;
79;0.0808837;-0.0827733;0.0814126;0.472178;-0.472044;0.471889;-0.096634;0.126455;-0.0819304;0.128084;-0.0884166;0.126533;0.00967257;-0.00427379;0.0219709;-0.0122029;-0.0225931;0.00715917;1;0;1;0;1;1;
80;0.0844333;-0.0855447;0.0844487;0.536176;-0.536099;0.536014;-0.0499369;0.107063;-0.0344964;0.108011;-0.0675157;0.107111;0.00680187;-0.00249619;0.0128332;-0.0120524;-0.0221532;0.00433975;1;0;1;0;1;1;
81;0.0846342;-0.0903826;0.0852629;0.568229;-0.568187;0.568137;-0.0309212;0.0643774;0.0209336;0.0649314;-0.041283;0.0644115;0.00397472;-0.00145806;0.00749439;-0.00703828;-0.016185;0.0124724;1;0;1;0;1;0;
82;0.082188;-0.0917138;0.0833428;0.570903;-0.577385;0.571434;0.0216497;-0.00210746;0.0519362;-0.00178828;0.0155952;-0.00208467;-0.00810685;0.0334276;0.00437687;-0.00410826;-0.0245146;0.0334291;0.12004;1;1;0;0.666146;1;
83;0.0805744;-0.0861378;0.0812488;0.54568;-0.56523;0.561753;0.0942976;-0.0584923;0.111985;-0.0826938;0.0907616;-0.0828545;-0.00473474;0.0598273;0.000395196;0.0293698;-0.0143168;0.0482965;0;1;0;0.754531;1;1;
84;0.0799733;-0.0940736;0.0758598;0.517548;-0.528968;0.526938;0.160194;-0.113523;0.170525;-0.153411;0.15813;-0.1535;-0.00276677;0.0674509;0.000230375;0.0237902;-0.00836138;0.028707;0;1;0;0.854648;0;1;
85;0.0469813;-0.061823;0.0672053;0.462571;-0.46924;0.468056;0.205396;0.250392;0.211429;-0.201435;0.20419;-0.201484;0.00557598;-0.205107;0.000134267;0.0165808;-0.00488359;0.0165505;0;0;0;0.055589;0;1;
86;0.0436789;-0.0465766;0.0554895;0.383835;-0.38773;0.387038;0.232332;0.0338685;0.235856;-0.215749;0.231629;-0.195594;0.00325578;-0.119771;-0.00536688;0.0165651;-0.00285251;0.0209916;0;1;0;1;0;1;
87;0.0331765;-0.0377081;0.0400714;0.277819;-0.280095;0.27969;0.24662;-0.0911424;0.248679;-0.219307;0.24621;-0.221493;-0.00690806;-0.0699349;-0.00313466;0.013641;-0.0016664;0.0122637;0;1;0;1;0;1;
88;0.0153304;-0.0179795;0.0193543;0.133917;-0.135247;0.13501;0.240419;-0.161332;0.24794;-0.208769;0.250768;-0.237119;-0.00732429;-0.0408357;-0.00183118;0.00954321;-0.000973694;0.00716129;0;1;0;1;0;1;
89;-0.00970118;0.00814947;-0.00735181;-0.0523714;0.0515907;-0.0517355;0.228106;-0.190458;0.243886;-0.19716;0.231618;-0.23632;-0.00601252;-0.0238481;-0.0010688;0.0220467;-0.000569558;-0.00712911;0;1;0;0.981484;1;1;
90;-0.0365909;0.0356792;-0.035218;-0.247052;0.246593;-0.246686;0.214453;-0.185763;0.236217;-0.177071;0.248533;-0.222486;-0.00351174;-0.0182583;-0.000160918;0.0229684;-0.0103634;-0.00807759;0;1;0;0.449362;0;1;
91;-0.0576444;0.056022;-0.0568411;-0.3982;0.397933;-0.397991;0.204857;-0.149143;0.21757;-0.12768;0.224761;-0.209548;-0.00205123;-0.0370871;0.00404912;0.0193546;0.00148586;-0.00486427;0;1;0;1;0;1;
92;-0.071134;0.0517325;-0.0706626;-0.494835;0.494677;-0.494713;0.18157;-0.0925385;0.188998;-0.122183;0.193198;-0.184312;-0.00119838;-0.0216624;0.00884873;0.0113028;0.0154299;-0.0107706;0;1;0;1;0;1;
93;-0.0788806;0.063757;-0.0786041;-0.550352;0.550261;-0.550282;0.146291;-0.0493783;0.15063;-0.102867;0.153084;-0.147893;-0.000700342;-0.0198721;0.00757038;0.00660132;0.00901235;-0.00929582;0;1;0;0.690627;0;1;
94;-0.0827658;0.0737826;-0.0848893;-0.578301;0.57825;-0.578262;0.0969505;-0.00443512;0.0994851;-0.0820413;0.100924;-0.0978895;-0.000409346;-0.0165935;0.00442094;0.0038542;0.00526517;-0.0144789;0;1;0;0.360152;0.0195694;1;
95;-0.0842082;0.0767226;-0.0839305;-0.582693;0.580887;-0.586489;0.0291618;0.0248669;0.0306432;-0.057229;0.075476;-0.0297116;0.00819208;-0.0117534;0.0210068;-0.0319243;0.0318645;-0.0154266;0.42714;0.830629;0.932306;0.615455;0.375125;1;
96;-0.0828288;0.082717;-0.0824361;-0.542402;0.566756;-0.576453;-0.0542895;0.0858436;-0.0534185;-0.00859717;0.0907176;0.0539718;0.0120005;-0.00686462;0.0244921;-0.0487588;0.0848379;-0.00900921;0.940107;0;1;1;0.465247;1;
97;-0.0810119;0.0957181;-0.0814898;-0.524794;0.543895;-0.544684;-0.132547;0.150974;-0.132031;0.02481;0.10304;0.132366;0.0215528;-0.0143387;0.0273513;-0.0500038;0.109153;-0.00526167;0.971736;0;1;1;0.467566;1;
98;-0.0718366;0.0837033;-0.072116;-0.485413;0.523958;-0.489766;-0.188348;0.199108;-0.188041;0.0663017;0.120989;0.188247;0.0125911;-0.0164241;0.0159783;-0.0415655;0.166096;-0.00307318;1;0;1;1;0.472787;1;
