1;-0.000363587;0.000116065;9.94838e-05;-0.000363587;0.000116064;9.94836e-05;0.0349769;0.0347456;0.0352594;0.0349769;0.0347456;0.0352595;0.808667;0.808665;0.808666;0.808667;0.808665;0.808666;0;0;0;0;0;0;
2;0.00892396;0.00929785;0.0106407;-0.010423;-0.00876245;-0.00999487;0.0691725;0.0388321;0.0476954;0.0402795;0.0513463;-0.0495072;0.472362;0.472302;0.472304;0.472333;0.472295;0.472329;0;0;0;1;1;0;
3;0.0056364;0.00500466;0.0106996;-0.00651192;-0.00469197;-0.0225017;0.040479;0.0225936;0.0279386;0.0338164;0.0411425;0.00950424;0.27586;0.275825;0.275825;0.275851;0.275831;0.275846;0;0;0;0.750301;0.877448;1;
4;-0.00705656;0.00228769;0.0129628;-0.0135511;-0.00210547;-0.0137755;0.0391392;0.0247026;0.0217766;0.033995;0.0425731;0.0261664;0.161106;0.161083;0.161084;0.161103;0.161092;0.161098;0.232072;0;0;1;1;1;
5;-0.00445145;0.00115517;0.0084471;-0.00879087;0.0089399;-0.00892113;0.0495686;0.0408989;0.0370514;0.0448281;0.0506372;0.0382627;0.0940935;0.0940783;0.0940783;0.09409;0.0940841;0.0940865;0.978487;0.639826;0.870133;1;0.125241;1;
6;-0.004894;0.000492995;0.00604081;-0.00699019;0.0087306;-0.00631786;0.0479481;0.0417082;0.0386341;0.0463599;0.0463544;0.042173;0.0549581;0.0549476;0.0549476;0.0549545;0.0549534;0.0549524;1;0.812162;1;1;0.673325;1;
7;-0.00378508;0.00101022;0.00477225;-0.00608551;0.00736077;-0.00510407;0.0413418;0.0386463;0.0357443;0.0424125;0.0417283;0.0412533;0.0321022;0.0320944;0.0320946;0.0320989;0.0320998;0.0320975;1;0.866221;1;1;0.833304;1;
8;-0.002704;0.00121209;0.00393288;-0.0050897;0.00616681;-0.00446504;0.0344101;0.0352275;0.0311781;0.0384154;0.0366533;0.0393814;0.0187533;0.018747;0.0187479;0.0187502;0.0187523;0.0187494;1;0.842778;1;1;0.902392;1;
9;-0.00250285;0.00217515;0.00283528;-0.00353199;0.00443935;-0.00321462;0.0283299;0.0325039;0.0264072;0.0361506;0.0316448;0.0370469;0.0109567;0.0109513;0.0109531;0.0109535;0.0120188;0.0109534;1;0.785231;1;1;0.952535;1;
10;-0.0028772;0.00434486;0.000760586;0.0512991;0.00184038;-0.00122398;0.0206378;0.028288;0.0166325;0.182385;0.0337218;0.0412236;0.00752708;0.00639729;0.0068497;-0.0625641;0.00963048;0.00639963;1;0.602935;1;1;1;1;
11;-0.00532677;0.00618323;-0.00320163;0.00218189;-0.00257037;0.00293051;0.0215453;0.0288233;0.0107143;0.113379;0.0311752;0.0394845;0.00620072;0.00373731;0.00471325;-0.0365365;0.011625;0.00374033;1;0.594813;1;0.726731;1;1;
12;-0.0114108;0.0119096;-0.0101688;0.009223;-0.00979934;0.0100102;0.0206328;0.0310872;0.00821093;0.0745648;0.0275523;0.0378267;0.00890458;0.00218387;0.00363644;-0.0213353;0.0108746;0.00218653;1;0.561393;1;1;1;1;
13;-0.0221217;0.0224112;-0.0213951;0.020843;-0.0211785;0.0213028;0.0199543;0.0322433;0.00829004;0.0523788;0.0231177;0.0357778;0.0106601;0.001277;0.00212632;-0.012457;0.00933222;0.00127884;1;0.557284;1;1;1;0.910113;
14;-0.0384147;0.0385817;-0.0379887;0.0376671;-0.0378622;0.0379356;0.0199996;0.0303404;0.0101809;0.038446;0.0200361;0.0334451;0.00930608;0.00074778;0.00124371;-0.00727246;0.00545349;0.00129426;1;0.612874;1;1;1;0.854165;
15;-0.0605141;0.060609;-0.0602633;0.0600768;-0.0601896;0.0602334;0.0268701;0.0262683;0.0175112;0.027031;0.0213761;0.0263423;0.00607619;0.00336168;0.000727133;-0.00424495;0.00318647;0.004799;1;0.787278;1;1;0.936739;0.89261;
16;-0.0868546;0.0869069;-0.086706;0.0865987;-0.0866633;0.0866897;0.045263;0.0202633;0.0357261;0.00575458;0.0240868;0.00917042;0.00355013;0.011897;0.000423828;0.0024328;0.00186007;0.0116632;0.7551;1;1;1;0.522742;1;
17;-0.113187;0.113214;-0.113097;0.113038;-0.113077;0.11309;0.0593131;0.0055547;0.0537419;-0.0295101;0.0469435;-0.0239373;0.00212064;0.0277349;-0.000451862;0.0104674;0.00108583;0.0248007;0.478806;1;0.831207;1;0;1;
18;-0.13284;0.132851;-0.132785;0.132753;-0.132776;0.132783;0.0962036;-0.0223541;0.0929494;-0.0787921;0.0889797;-0.072897;0.00123807;0.0523981;-0.00231432;0.0196875;0.000633753;0.0316571;0;1;0.0773172;1;1;1;
19;-0.138335;0.13834;-0.138303;0.138283;-0.138298;0.138301;0.143966;-0.0731752;0.142065;-0.13379;0.139747;-0.130341;0.000722645;0.0639864;-0.00135192;0.0285355;0.000369662;0.0351432;0;1;0;1;0;1;
20;-0.12358;0.123582;-0.123561;0.123549;-0.123558;0.12356;0.1862;-0.113388;0.18509;-0.180249;0.183736;-0.178232;0.000421603;0.0555014;-0.000789905;0.0223089;0.000215431;0.0205309;1;1;1;1;0;1;
21;-0.0843932;0.0843941;-0.0843822;0.0843748;-0.0843805;0.0843812;0.215062;-0.143471;0.214414;-0.210276;0.213623;-0.204897;0.00024574;0.0368576;-0.000461789;0.0150303;0.000125336;0.0119942;0.759054;1;1;1;0;1;
22;-0.0173093;0.01731;-0.0173029;0.0172987;-0.0173019;0.0173025;0.230614;-0.165869;0.230236;-0.216487;0.229774;-0.20724;0.000143044;0.0215311;-0.00027016;0.00878117;7.26679e-05;0.00700673;0;1;0.188789;1;0;1;
23;0.0725429;-0.0725419;0.0725466;-0.072549;0.0725472;-0.0725467;0.229884;-0.165843;0.229141;-0.207456;0.230362;-0.203322;8.30799e-05;0.0125754;-0.000158239;0.00512888;4.18934e-05;0.00409274;0;1;0;1;0;1;
24;0.159617;-0.159617;0.15962;-0.159621;0.15962;-0.15962;0.222953;-0.147487;0.222519;-0.178747;0.223231;-0.1825;4.84348e-05;0.00734261;-9.28656e-05;-0.00128864;2.39382e-05;-0.00361011;0.37832;1;0.14208;1;0;1;
25;0.22249;-0.222491;0.222491;-0.222492;0.222491;-0.222491;0.203451;-0.126332;0.203196;-0.132547;0.203611;-0.144727;2.93761e-05;-0.0070306;-5.37723e-05;-0.0156862;1.34517e-05;-0.00807171;1;1;0.762538;1;0;1;
26;0.261127;-0.261129;0.261128;-0.261129;0.261128;-0.261129;0.173153;-0.102777;0.173004;-0.0823413;0.173243;-0.0995025;0.000509333;-0.0204053;0.000324266;-0.0109478;7.35095e-06;-0.0115349;1;1;1;1;0;1;
27;0.282492;-0.282495;0.282493;-0.282495;0.282493;-0.282494;0.131586;-0.0904822;0.131498;-0.0313022;0.131635;-0.0619164;0.000299428;-0.0119202;0.000190722;-0.0113625;3.88887e-06;-0.00673796;0.29308;1;1;1;0;1;
28;0.292154;-0.292158;0.292154;-0.292157;0.292155;-0.292157;0.0749282;-0.0509224;0.0748766;-0.00332975;0.0749525;-0.0342363;0.00493486;-0.0159255;0.00430596;-0.00663677;0.00835363;-0.00393629;0;0.630679;0;1;0.377245;1;
29;0.280912;-0.292085;0.292465;-0.313729;0.300088;-0.299824;-0.000520558;0.0145421;-0.000549742;0.0423365;-0.000498386;0.0242864;0.0101953;-0.00930074;0.00645767;-0.00387763;0.0449158;-0.00744239;0.123244;0;0;1;1;0;
30;0.250715;-0.283389;0.2552;-0.296029;0.264635;-0.287908;-0.0853649;0.0935637;-0.0853819;0.109796;-0.0721538;0.0992545;0.0400825;-0.00543206;0.0443941;-0.00226482;0.0597056;-0.00434661;1;0;1;0;1;1;
31;0.238239;-0.263156;0.238412;-0.270537;0.250971;-0.265795;-0.156205;0.160999;-0.156207;0.170479;-0.108659;0.164323;0.0234157;-0.00317274;0.0290686;-0.00132306;0.0693348;-0.00253881;0.933047;1;1;0;1;0;
32;0.217129;-0.231682;0.21723;-0.235993;0.224565;-0.233223;-0.203279;0.206084;-0.201718;0.21162;-0.1428;0.208025;0.01368;-0.00185331;0.0180097;-0.000773116;0.0497039;-0.00148312;1;0;1;0;1;0;
33;0.180975;-0.189475;0.181034;-0.191992;0.185317;-0.190375;-0.23101;0.232652;-0.214666;0.235885;-0.168522;0.233786;0.00799286;-0.00108282;0.010521;-0.000451996;0.029373;-0.000866626;1;0;1;0;1;0;
34;0.128924;-0.133888;0.128959;-0.135358;0.13146;-0.134414;-0.242374;0.24659;-0.213683;0.248478;-0.185578;0.247252;0.00467002;-0.000632904;0.00614629;-0.000264472;0.0171584;-0.000506614;1;0;1;0;1;0;
35;0.0562593;-0.0591584;0.0562799;-0.060017;0.0577412;-0.0594654;-0.239023;0.249133;-0.217059;0.24933;-0.192383;0.250109;0.00272722;-0.000370174;0.00359056;-0.000154948;0.0100213;-0.000296365;1;0;1;0;1;0;
36;-0.0376263;0.0359331;-0.037614;0.0354317;-0.0367601;0.0357538;-0.222011;0.230501;-0.212208;0.232892;-0.186352;0.232847;0.00159135;-0.000216739;0.00209645;-9.10014e-05;0.00585058;-0.000173597;1;0;1;0;1;0;
37;-0.133205;0.132216;-0.133198;0.131923;-0.132699;0.132112;-0.193306;0.206875;-0.194197;0.207546;-0.159092;0.204847;-0.0119569;-0.000127148;-0.00746397;-5.3611e-05;-0.00738255;-0.000101857;1;0;1;0;1;0;
38;-0.205603;0.205026;-0.2056;0.204855;-0.205309;0.204965;-0.143182;0.198779;-0.157434;0.19917;-0.133788;0.197594;-0.0129348;-7.47548e-05;-0.00755123;-3.17647e-05;-0.019867;-5.99421e-05;1;0;1;0;1;0;
39;-0.251296;0.250958;-0.251294;0.250858;-0.251125;0.250922;-0.107496;0.17604;-0.131322;0.176266;-0.0813906;0.175345;-0.0128047;-4.25351e-05;-0.00441156;-1.90196e-05;-0.0296637;-3.54713e-05;1;0.601506;1;0;1;0;
40;-0.277282;0.277084;-0.277282;0.277026;-0.277184;0.277063;-0.0629673;0.140537;-0.114415;0.140663;-0.0444948;0.140129;-0.0120067;0.0160824;-0.0025751;-1.15209e-05;-0.0271375;0.00615529;1;1;0.972843;0;1;1;
41;-0.290067;0.276001;-0.290067;0.289918;-0.29231;0.289938;-0.0448239;0.0901327;-0.0748732;0.0902009;-0.00414685;0.0898948;-0.00701466;0.0190527;-0.00381503;-6.02065e-06;-0.0158522;0.0201284;1;0;0.761293;0.763905;1;1;
42;-0.293621;0.285014;-0.293229;0.289919;-0.313568;0.286697;0.00575847;0.0207111;-0.0117944;0.0207502;0.0295076;0.0205746;-0.00847789;0.0111295;-0.0045933;0.00724899;-0.0134269;0.0231104;1;0;0.253152;1;1;0;
43;-0.288619;0.254466;-0.287182;0.265013;-0.29906;0.262236;0.0786599;-0.0530948;0.0684092;-0.0631716;0.0925291;-0.0632713;-0.00561167;0.0613184;-0.00268276;0.0315716;-0.00784163;0.0416468;0;1;0;1;0;1;
44;-0.270927;0.22687;-0.270087;0.231961;-0.277024;0.234805;0.148532;-0.104716;0.142546;-0.13948;0.156631;-0.139532;-0.00327756;0.0643964;-0.00156711;0.0267633;-0.00457994;0.0285646;0;1;0;1;0;1;
45;-0.241996;0.216265;-0.241506;0.219238;-0.245557;0.220901;0.198077;-0.141977;0.194581;-0.192784;0.202807;-0.19281;-0.00191451;0.0498905;-0.00214049;0.0169505;-0.00267512;0.016688;1;1;1;1;0;1;
46;-0.202597;0.187569;-0.202311;0.189305;-0.204676;0.190277;0.228158;-0.170258;0.226116;-0.225063;0.23092;-0.221322;-0.00111855;0.0311833;-0.0012505;0.00990301;-0.00156274;0.00974889;0;1;1;1;0;1;
47;-0.151036;0.14226;-0.150869;0.143274;-0.152251;0.143842;0.244527;-0.190021;0.243335;-0.242401;0.24614;-0.224351;-0.000653728;0.0182156;-0.000730783;0.00578577;-0.000913168;0.00569404;0;1;0;1;0;1;
48;-0.0820843;0.0769593;-0.0819867;0.077551;-0.0827935;0.0778831;0.251535;-0.197035;0.250839;-0.242362;0.252477;-0.222552;-0.000382286;0.0106384;-0.000427291;0.0033789;-0.000533842;0.00332532;0;1;0;1;0;1;
49;0.00829713;-0.0112895;0.00835416;-0.010945;0.00788301;-0.0107502;0.238762;-0.191848;0.240042;-0.230183;0.234996;-0.21644;-0.00022379;0.00621094;-0.000250059;0.00197198;-0.000312324;0.00194139;0.0869944;1;0;1;0;1;
50;0.1073;-0.109048;0.107333;-0.108847;0.107059;-0.108732;0.235012;-0.171477;0.211419;-0.2101;0.21336;-0.200201;-0.000131338;-0.00161317;-0.000146499;-0.00601316;-0.000182963;-0.00702638;0.967589;1;0.187152;1;0;1;
51;0.187832;-0.188854;0.187852;-0.188736;0.187691;-0.188668;0.219617;-0.146586;0.205838;-0.170558;0.206354;-0.168574;-7.74777e-05;-0.0109279;-8.55787e-05;-0.0135853;-0.000107341;-0.0118186;1;1;0.481014;1;0;1;
52;0.240605;-0.241203;0.240616;-0.241133;0.240523;-0.241094;0.193499;-0.121904;0.185452;-0.116273;0.185752;-0.126593;0.000503706;-0.0164367;-4.92881e-05;-0.0151769;-6.31582e-05;-0.00991543;1;1;1;1;0;1;
53;0.271433;-0.271785;0.271439;-0.271742;0.271385;-0.271719;0.157429;-0.0909374;0.152729;-0.0551343;0.1529;-0.0772252;0.0113879;-0.0184457;4.07862e-05;-0.0103139;-3.73586e-05;-0.00684992;1;1;1;1;0;1;
54;0.287463;-0.287671;0.287466;-0.287644;0.287435;-0.287631;0.10914;-0.0703038;0.10639;0.0129001;0.106487;-0.0355879;0.0163019;-0.012775;0.00187343;-0.00911461;-2.21781e-05;-0.00400108;0;1;1;1;0;1;
55;0.292768;-0.294824;0.293158;-0.293506;0.288926;-0.293267;0.0437811;-0.0210963;0.0421727;0.0646971;0.0422302;-0.00081802;0.0131102;-0.0202294;0.00608323;-0.00532343;0.0300042;-0.00233617;0;0.119326;0;1;1;1;
56;0.27211;-0.290785;0.284393;-0.290134;0.260588;-0.289877;-0.038567;0.0518231;-0.0395092;0.101926;-0.0394643;0.0636653;0.0400389;-0.0118142;0.0222147;-0.00353458;0.0464214;-0.00263906;1;0;0.714324;0;1;1;
57;0.265087;-0.276523;0.272788;-0.276142;0.228936;-0.275992;-0.119861;0.127609;-0.120405;0.15687;-0.0943615;0.134526;0.0272247;-0.0124341;0.0371678;-0.00206458;0.0611942;-0.0015415;1;1;1;0;1;1;
58;0.244088;-0.250768;0.248586;-0.250546;0.206827;-0.250458;-0.180077;0.18461;-0.18039;0.201698;-0.124161;0.188649;0.0229303;-0.00726193;0.0217136;-0.00120614;0.0621373;-0.000900681;1;0;1;0;1;0;
59;0.21047;-0.214373;0.213098;-0.214243;0.188709;-0.214191;-0.217666;0.220319;-0.214367;0.230299;-0.149668;0.222678;0.0186595;-0.0042414;0.0126856;-0.000704884;0.0436509;-0.000526483;1;0;1;0;1;0;
60;0.16433;-0.166609;0.165865;-0.166533;0.151621;-0.166503;-0.237531;0.240416;-0.217447;0.246244;-0.183998;0.241794;0.0115861;-0.00247749;0.00741061;-0.000412133;0.0254994;-0.000307954;1;0;1;0;1;0;
61;0.101797;-0.103128;0.102693;-0.103084;0.0943751;-0.103066;-0.241966;0.249988;-0.223125;0.253392;-0.194259;0.250793;0.00676723;-0.00144739;0.0043286;-0.000241196;0.0148934;-0.000180356;1;0;1;0;1;0;
62;0.0176753;-0.0184527;0.0181992;-0.0184268;0.0133415;-0.0184166;-0.232223;0.242857;-0.220097;0.242305;-0.193549;0.245263;0.00395138;-0.000845829;0.00252747;-0.000141372;0.00869663;-0.000105842;1;0;1;0;1;0;
63;-0.081322;0.080868;-0.081016;0.0808831;-0.0838526;0.080889;-0.211801;0.221047;-0.208733;0.223139;-0.176716;0.219614;0.00230606;-0.000494519;-0.00256862;-8.30489e-05;0.0050759;-6.23236e-05;1;0;1;0;1;0;
64;-0.168745;0.16848;-0.168567;0.168489;-0.170223;0.168492;-0.17408;0.21544;-0.18168;0.2168;-0.148245;0.185806;-0.00784442;-0.000289412;-0.0154888;-4.89801e-05;-0.00755826;-3.67885e-05;1;0.727496;1;0;1;0;
65;-0.228763;0.228608;-0.228659;0.228613;-0.229627;0.228615;-0.121474;0.196087;-0.145452;0.19688;-0.116359;0.178779;-0.0103583;-0.000169707;-0.00904687;-2.90811e-05;-0.0246933;-2.20015e-05;1;1;1;0;1;0;
66;-0.264778;0.264687;-0.264718;0.26469;-0.265284;0.264691;-0.0821183;0.165157;-0.135071;0.165618;-0.0575326;0.155047;-0.00834181;-9.95449e-05;-0.00528291;-1.7388e-05;-0.0312499;-1.32463e-05;1;1;1;0;1;0;
67;-0.284268;0.284214;-0.284233;0.284216;-0.284566;0.284216;-0.0482743;0.122013;-0.104438;0.122278;-0.00559834;0.116103;-0.00487353;0.00230661;-0.00648084;-9.65622e-06;-0.0307928;-8.15233e-06;1;1;0.996432;0.729208;1;0;
68;-0.29252;0.292487;-0.292499;0.29235;-0.292918;0.292489;-0.019535;0.0626075;-0.05234;0.0627608;0.0242395;0.05915;-0.0028449;0.0137056;-0.00897774;0.0145204;-0.0179874;-4.28445e-06;1;0;0.825298;1;1;1;
69;-0.299894;0.27435;-0.29503;0.284288;-0.297724;0.289185;0.0406921;-0.0137566;0.0215328;-0.015439;0.0662536;-0.0175514;-0.00252423;0.0584076;-0.0102964;0.0175089;-0.0156759;0.00735336;0.521182;1;0.74644;1;0.386568;1;
70;-0.285734;0.235383;-0.282894;0.27662;-0.284467;0.279479;0.114149;-0.0736149;0.10296;-0.0993951;0.129077;-0.100621;-0.00147456;0.0702692;-0.00601347;0.033637;-0.00915509;0.0415741;0;1;0;1;0;1;
71;-0.261376;0.20596;-0.259718;0.256052;-0.260636;0.257722;0.174768;-0.119744;0.168234;-0.166144;0.183486;-0.166854;-0.000861511;0.0623804;-0.0035122;0.0281234;-0.00534699;0.0260275;1;1;0;1;0;1;
72;-0.226846;0.194481;-0.225878;0.223735;-0.226414;0.224712;0.214387;-0.151804;0.210571;-0.209343;0.219478;-0.209756;-0.00050357;0.0413238;-0.00205136;0.0217035;-0.00312309;0.015205;0.470847;1;1;1;0;1;
73;-0.181903;0.163;-0.181337;0.180086;-0.18165;0.180656;0.237322;-0.177335;0.235093;-0.232508;0.240295;-0.221469;-0.000294582;0.0241411;-0.0011985;0.0126802;-0.00182438;0.00888142;0;1;0.275157;1;0;1;
74;-0.123027;0.111988;-0.122697;0.121966;-0.12288;0.1223;0.248912;-0.193065;0.24761;-0.239628;0.250648;-0.222788;-0.000172522;0.014101;-0.00070041;0.00740761;-0.00106599;0.00518759;0;1;0;1;0;1;
75;-0.0442204;0.0377738;-0.0440275;0.0436007;-0.0441343;0.0437958;0.247552;-0.195595;0.247953;-0.236467;0.248313;-0.222244;-0.000101244;0.00823433;-0.000409539;0.0043259;-0.000623087;0.00302934;0;1;0;1;0;1;
76;0.05326;-0.0570243;0.0533726;-0.0536219;0.0533103;-0.0535078;0.230185;-0.184441;0.230741;-0.221576;0.226031;-0.213846;-5.96402e-05;0.00434228;-0.000239691;0.00252447;-0.000364446;-0.00229424;0;1;0;1;0;1;
77;0.146814;-0.149013;0.14688;-0.147026;0.146844;-0.146959;0.224308;-0.160437;0.22217;-0.186736;0.199016;-0.189968;-3.51778e-05;-0.00929729;-0.000140435;-0.00620741;-0.000213369;-0.015265;0.129383;1;0;1;0;1;
78;0.214713;-0.215999;0.214752;-0.214838;0.214731;-0.214799;0.206057;-0.139831;0.204807;-0.138847;0.191284;-0.152123;-1.96205e-05;-0.0201706;-8.19565e-05;-0.0130619;-0.000125107;-0.00891659;1;1;0.409865;1;0;1;
79;0.256666;-0.257419;0.256689;-0.25674;0.256677;-0.256717;0.176797;-0.110849;0.176066;-0.0939232;0.168166;-0.110783;-9.66676e-06;-0.0186441;-4.64775e-05;-0.0100909;-7.35371e-05;-0.0101931;1;1;1;1;0;1;
80;0.280109;-0.280551;0.280122;-0.280154;0.280115;-0.28014;0.136467;-0.0979479;0.136038;-0.0320049;0.131422;-0.0695541;0.00175361;-0.0108922;0.000130935;-0.0158867;-4.33331e-05;-0.0122731;0;1;1;1;0;1;
81;0.291137;-0.291397;0.291145;-0.291165;0.291141;-0.291157;0.0815559;-0.0590572;0.0813041;0.0288421;0.0786043;-0.0424692;0.0115544;-0.0218191;0.00475426;-0.0154539;-2.49813e-05;-0.00716707;0;0.997283;0;1;0.724804;1;
82;0.281872;-0.322806;0.28621;-0.306139;0.281934;-0.303296;0.00792529;0.00521652;0.00778062;0.056552;0.00763837;0.0149057;0.0247044;-0.0181038;0.0129671;-0.0104599;0.0500455;-0.00692851;0.478287;0.485568;0;1;1;1;
83;0.260265;-0.302538;0.25531;-0.292803;0.236109;-0.291144;-0.0770169;0.0846984;-0.0770965;0.114681;-0.0394519;0.0903591;0.0386145;-0.0292702;0.0488445;-0.00610887;0.0795167;-0.00901001;0.926315;0;1;0;1;1;
84;0.251431;-0.276123;0.235268;-0.270434;0.212593;-0.269465;-0.150092;0.154584;-0.137043;0.172099;-0.0989115;0.157895;0.0557937;-0.030266;0.0581173;-0.00356794;0.0721463;-0.00526216;0.791229;1;1;0;1;0;
85;0.226996;-0.241417;0.217556;-0.238094;0.204313;-0.237528;-0.199489;0.20212;-0.191864;0.212348;-0.137644;0.204054;0.0325915;-0.0176757;0.0339482;-0.0020841;0.0559024;-0.0030735;1;1;1;0;1;0;
86;0.189411;-0.197834;0.183899;-0.195894;0.176164;-0.195563;-0.228879;0.23042;-0.219913;0.236393;-0.165265;0.231549;0.0190378;-0.010323;0.019829;-0.0012176;0.0336901;-0.00179541;1;1;1;0;1;0;
87;0.137446;-0.142365;0.134227;-0.141231;0.129709;-0.141038;-0.239947;0.245505;-0.220742;0.248993;-0.188598;0.246164;0.0111206;-0.0060291;0.0115811;-0.00071159;0.0196802;-0.00104903;1;1;1;0;1;0;
88;0.0661029;-0.0689757;0.0642232;-0.0683136;0.0615845;-0.0682009;-0.237679;0.250822;-0.219795;0.25044;-0.195525;0.251167;0.00649509;-0.0035215;0.00676383;-0.000416077;0.0114936;-0.000613136;1;1;1;0;1;0;
89;-0.0266886;0.0250109;-0.0277859;0.0253975;-0.029327;0.0254633;-0.224448;0.231936;-0.214882;0.235015;-0.188345;0.23503;0.00379214;-0.00205711;0.00394938;-0.000243495;0.00671017;-0.000358587;1;0;1;0;1;0;
90;-0.123825;0.122845;-0.124466;0.123071;-0.125366;0.123109;-0.194838;0.211312;-0.195925;0.210325;-0.164182;0.20799;-0.00616078;-0.0012019;-0.00382585;-0.000142677;-0.0097485;-0.000209901;1;0;1;0;1;0;
91;-0.199278;0.198705;-0.199652;0.198837;-0.200178;0.198859;-0.153195;0.203023;-0.163794;0.202446;-0.134827;0.201083;-0.0118651;-0.000702414;-0.00855739;-8.37761e-05;-0.0170218;-0.000123034;1;0;1;0;1;0;
92;-0.247524;0.247188;-0.247742;0.247265;-0.248051;0.247278;-0.109533;0.1805;-0.134654;0.180162;-0.0900551;0.179366;-0.0143787;-0.000409637;-0.00499924;-4.93871e-05;-0.0255408;-7.23061e-05;1;0.880607;1;0;1;0;
93;-0.275241;0.275043;-0.275367;0.275088;-0.275548;0.275095;-0.076837;0.14567;-0.118892;0.145468;-0.0385955;0.145003;-0.0116487;0.00392;-0.00301551;-2.92607e-05;-0.029899;-4.26466e-05;1;1;1;0;1;0;
94;-0.289191;0.288772;-0.289262;0.2891;-0.308334;0.289104;-0.0563913;0.0965963;-0.0809521;0.0964729;0.0260525;0.0962;-0.00828252;0.0173102;-0.0137758;0.00174499;-0.0348065;-2.46255e-05;1;0;1;1;1;0.743733;
95;-0.29328;0.286963;-0.293465;0.289199;-0.3174;0.293228;-0.00547491;0.0289643;-0.0198183;0.0288892;0.0426709;0.0287282;-0.00723111;0.0329437;-0.0127019;0.0143811;-0.020332;0.0146576;0.699133;0;1;1;1;1;
96;-0.288248;0.265626;-0.290031;0.257447;-0.302334;0.267066;0.0681251;-0.0300354;0.05975;-0.0544433;0.0962415;-0.0545347;-0.00422326;0.0742905;-0.00866012;0.0313167;-0.0118742;0.0222879;0;1;0.952578;1;0;1;
97;-0.272355;0.228492;-0.273396;0.228498;-0.280581;0.237708;0.140632;-0.0891575;0.135741;-0.132633;0.157052;-0.132679;-0.00246652;0.0755256;-0.00505798;0.0335748;-0.006935;0.054066;0;1;0;1;0;1;
98;-0.244891;0.219273;-0.245498;0.219276;-0.249694;0.224655;0.193074;-0.130961;0.190217;-0.188396;0.202663;-0.188416;-0.00144047;0.0586657;-0.00295423;0.0224071;-0.00405048;0.0315845;1;1;1;1;0;1;
