1;-0.000363587;0.000116064;9.94837e-05;-0.000363587;0.000116064;9.94835e-05;0.034977;0.0347457;0.0352595;0.0349769;0.0347456;0.0352595;0.808667;0.808665;0.808666;0.808667;0.808665;0.808666;0;0;0;0;0;0;
2;-0.00939168;0.0115973;-0.00242676;-0.00307335;0.00443614;0.00791815;-0.011811;0.240787;0.153206;0.106168;0.183608;0.270139;0.472303;0.472407;0.472366;0.472381;0.472377;0.472456;1;0;1;1;1;1;
3;-0.0027903;-0.046124;0.0229452;0.0261158;0.03654;0.0334158;0.0830964;0.161711;0.0995109;0.0619142;0.108122;0.165054;0.275837;0.27593;0.275896;0.27588;0.275887;0.275942;1;0;0;1;1;1;
4;0.0538479;-0.0310532;0.0135819;0.0165204;0.0200689;0.0207839;0.0669253;0.0944127;0.058142;0.0361301;0.0631763;0.0963745;0.161101;0.161151;0.161128;0.161114;0.161124;0.161156;0;0;0;1;1;1;
5;0.0405492;-0.0327293;0.0216671;0.00877156;0.012597;0.0112632;0.0391519;0.0626558;0.0854308;0.0232029;0.0477894;0.0788832;0.0940848;0.0941212;0.0941111;0.0940903;0.0941032;0.0941259;0.144782;0.868696;1;1;1;1;
6;0.0247918;-0.0236689;0.0137619;0.00401518;0.00846351;0.00547008;0.0325865;0.0508225;0.0573731;0.0376209;0.0459676;0.0591079;0.0549499;0.054975;0.0549713;0.0549538;0.0549641;0.054981;1;0.83684;1;1;1;1;
7;0.0148362;-0.0172747;0.0083927;0.00471329;0.00245652;0.00485386;0.0355545;0.0434393;0.0474956;0.0345025;0.0421651;0.0453336;0.0320945;0.0321127;0.0321098;0.0320982;0.0321045;0.0321164;1;0.961245;1;1;1;1;
8;0.00903826;-0.0114052;0.00522545;0.00501967;-0.000832336;0.00472768;0.0356994;0.0361662;0.0428368;0.0298393;0.0377152;0.0368969;0.0187467;0.0187596;0.0187569;0.0187499;0.0187534;0.0187616;1;1;1;1;1;1;
9;0.0054328;-0.00681517;0.00320556;0.00400827;-0.00156295;0.00383769;0.0350162;0.0315082;0.0407635;0.024948;0.0347979;0.0308378;0.0109513;0.0109601;0.0109578;0.0109538;0.0109551;0.0109613;1;1;1;1;1;1;
10;0.0029174;-0.00372477;0.00161631;0.000550524;0.00087724;0.000450897;0.0350893;0.0284222;0.0411691;0.0203532;0.0334161;0.0263244;0.00639809;0.00670253;0.00640245;0.00640057;0.00640011;0.00704823;1;1;1;1;1;1;
11;0.000662373;-0.001134;-9.77638e-05;-0.00697001;0.00780314;-0.0070282;0.0359833;0.0258092;0.0428216;0.0160654;0.0328933;0.0224613;0.00373856;0.00627853;0.00374171;0.00479504;0.00373936;0.00555853;1;1;1;1;1;1;
12;-0.00198424;0.00170855;-0.00242835;-0.0206689;0.0211543;-0.0207029;0.0371107;0.0241297;0.0446953;0.0127779;0.0327505;0.0192594;0.00218505;0.0064554;0.00218768;0.00403817;0.00218507;0.00505566;0.968327;1;1;1;1;1;
13;-0.00557507;0.00541357;-0.00583461;-0.0429849;0.0432664;-0.0430047;0.0374403;0.0234678;0.0452162;0.0115034;0.0323468;0.0175381;0.00127769;0.00651664;0.00191944;0.00321897;0.00127725;0.00422296;0.96167;1;1;1;1;1;
14;-0.0105402;0.0104451;-0.0106919;-0.0760934;0.0762548;-0.076105;0.0349398;0.0246416;0.0430855;0.0136699;0.0309782;0.0193184;0.000748;0.00536217;0.00328117;0.0023559;0.000747475;0.0025793;1;1;1;1;1;1;
15;-0.0170354;0.0169788;-0.0171243;-0.120598;0.120688;-0.120604;0.0269308;0.0289081;0.0355194;0.0223986;0.0276701;0.0274599;0.00146827;0.00313351;0.00674375;0.00137785;0.00219859;0.00150798;1;1;1;1;1;1;
16;-0.0246673;0.0246328;-0.0247193;-0.173457;0.173505;-0.173461;0.00897353;0.0359991;0.0192887;0.0409049;0.0212006;0.0471764;0.00609997;0.00182965;0.0127396;0.000805286;0.00979139;-0.00177287;1;0.634535;1;1;1;1;
17;-0.0322534;0.0322326;-0.0322834;-0.226226;0.226249;-0.226228;-0.0267913;0.0539002;-0.0178163;0.0567669;0.00458655;0.0604307;0.0173162;0.00106786;0.0246152;0.000470906;0.0240464;-0.00103488;1;0;1;1;1;1;
18;-0.0374863;0.0521944;-0.0379224;-0.265594;0.265605;-0.265595;-0.0772036;0.0930419;-0.0719595;0.0947167;-0.0212158;0.0968564;0.0211453;0.000622754;0.0203608;0.000274657;0.0486855;-0.001064;1;0;1;0.494509;1;1;
19;-0.0532746;0.0556452;-0.0489223;-0.27662;0.276626;-0.27662;-0.132862;0.142118;-0.129795;0.143097;-0.0768148;0.144347;0.0296623;-0.000455724;0.028189;0.000160042;0.059033;-0.000621788;1;0;1;0;1;0;
20;-0.073903;0.0752887;-0.0713616;-0.118758;0.118762;-0.118764;0.0245314;-0.0191188;0.026321;-0.0185542;0.0572594;-0.0178203;0.0173226;0.047624;-0.0359724;0.0036689;0.0266917;0.026096;0;0.916352;1;1;0.0637742;1;
21;-0.055382;0.0561943;-0.0535172;-0.0571322;0.0571331;-0.0571359;0.120647;-0.0919351;0.121692;-0.117147;0.139761;-0.116713;0.010116;0.0795484;-0.0210097;0.0320696;0.0155877;0.0567784;0;1;1;1;0;1;
22;-0.000369786;0.000846767;0.000722117;-0.0653404;0.0653411;-0.0653429;0.175477;-0.12125;0.176087;-0.173425;0.186639;-0.173167;0.00590759;0.0581897;-0.0122699;0.0201529;0.00910274;0.0331677;0;1;1;1;0;1;
23;0.0824354;-0.0821551;0.0830731;-0.12081;0.120811;-0.120811;0.20194;-0.122743;0.202296;-0.193999;0.208458;-0.187176;0.00344951;0.0384836;-0.00716605;0.0117728;0.00531552;0.0193745;0;1;0.157146;1;0;1;
24;0.165395;-0.16523;0.165767;-0.187805;0.187806;-0.187806;0.206634;-0.13347;0.20653;-0.161091;0.203037;-0.16652;0.00201443;0.0224788;-0.00418537;0.00687701;0.00310369;0.0120674;0;1;0.434374;1;0;1;
25;0.225864;-0.225766;0.226079;-0.238952;0.238952;-0.238953;0.19392;-0.120821;0.193859;-0.123568;0.191818;-0.148546;0.00117699;0.0131277;-0.00244477;0.00401681;0.00181202;0.00704766;0;1;1;1;0;1;
26;0.263098;-0.26304;0.263222;-0.270742;0.270741;-0.270743;0.167586;-0.0899287;0.16755;-0.0891705;0.166356;-0.111526;0.000688321;0.00636387;-0.00142851;-0.00686298;0.00105774;-0.0161234;0;1;1;1;0;1;
27;0.283643;-0.28361;0.283716;-0.288108;0.288107;-0.288109;0.128335;-0.045293;0.12831;-0.0588834;0.127612;-0.0931072;0.000403585;-0.0173224;-0.000835468;-0.00527947;0.000617282;-0.0094179;0;1;0;1;0;1;
28;0.292826;-0.292809;0.292869;-0.295435;0.295433;-0.295435;0.0730283;-0.0245267;0.0730099;-0.0324653;0.0726021;-0.0524491;0.000237225;-0.0101185;-0.000489396;-0.00308475;0.000360121;-0.0059697;0;1;0;1;0;1;
29;0.293407;-0.307827;0.302022;-0.300135;0.291559;-0.299755;0.000903964;0.0299584;-0.00164101;0.0253205;-0.00187683;0.0363627;0.0078777;-0.00931331;0.00323167;-0.00835981;0.0319736;-0.0305717;0.131613;0.802757;1;1;1;1;
30;0.28416;-0.292582;0.28919;-0.28809;0.275662;-0.287868;-0.0845376;0.102566;-0.0860153;0.0998585;-0.0597078;0.106307;0.0297292;-0.00543947;0.0383748;-0.0048824;0.0664129;-0.0178545;0.794483;0;1;0;1;1;
31;0.263604;-0.268525;0.266542;-0.265901;0.258642;-0.265772;-0.155722;0.166257;-0.156576;0.164675;-0.105928;0.168441;0.0204118;-0.00317712;0.0331786;-0.0028517;0.0745306;-0.0104274;1;0;1;0;1;0;
32;0.231942;-0.234817;0.233658;-0.233285;0.229044;-0.233209;-0.202997;0.209154;-0.200951;0.208231;-0.142451;0.21043;0.0124054;-0.00185587;0.0195373;-0.00166583;0.0500868;-0.00609003;1;0;1;0;1;0;
33;0.189626;-0.191306;0.190628;-0.190411;0.187934;-0.190367;-0.230845;0.234445;-0.212474;0.233906;-0.173784;0.23519;0.00751792;-0.00108437;0.0114137;-0.00097332;0.0294947;-0.00355703;1;0;1;0;1;0;
34;0.133977;-0.134961;0.134562;-0.134435;0.132987;-0.134409;-0.245248;0.247638;-0.217999;0.247322;-0.192709;0.248072;0.00439247;-0.000633408;0.00666767;-0.000568911;0.0172284;-0.0020778;1;0;1;0;1;0;
35;0.0592138;-0.0597914;0.0595533;-0.0594779;0.0586325;-0.0594628;-0.243836;0.249663;-0.212615;0.24975;-0.197904;0.249362;0.0025649;-0.00036976;0.00389565;-0.000332716;0.0100606;-0.0012139;1;0;1;0;1;0;
36;-0.0359007;0.0355633;-0.035703;0.0357465;-0.0362392;0.0357554;-0.222802;0.23051;-0.216395;0.232615;-0.186978;0.233167;0.00135659;-0.00021648;0.00227458;-0.000194842;0.00587319;-0.000709446;1;1;1;0;1;0;
37;-0.132197;0.132001;-0.132082;0.132107;-0.132395;0.132113;-0.192506;0.204865;-0.197882;0.203373;-0.159311;0.206383;-0.0148663;-0.000126978;-0.0105372;-0.000114272;-0.0105856;-0.000414803;1;0.646444;1;0;1;0;
38;-0.205013;0.204895;-0.204947;0.204962;-0.205132;0.204965;-0.165405;0.211959;-0.168126;0.196735;-0.132399;0.198492;-0.00868377;0.0046059;-0.00615574;0.000920643;-0.0176248;-0.000242724;1;1;1;0.342316;1;0;
39;-0.250948;0.250874;-0.250911;0.250919;-0.251021;0.250922;-0.147759;0.183738;-0.131674;0.174847;-0.0972141;0.175869;-0.00596835;0.0029242;-0.0176604;0.0096912;-0.0260019;-0.000142247;1;0;1;1;1;0;
40;-0.277079;0.277035;-0.277058;0.27706;-0.277122;0.277064;-0.124012;0.145029;-0.114009;0.139842;-0.0536641;0.140432;-0.00330645;0.00170857;-0.0103142;0.020843;-0.0222577;-8.34578e-05;1;0;1;1;1;0;
41;-0.289949;0.289923;-0.289938;0.289936;-0.289975;0.28994;-0.0804739;0.0927541;-0.0746318;0.0897251;-0.0385179;0.0900637;-0.00192939;0.00436227;-0.00602489;0.0125052;-0.0130031;-4.91206e-05;0.671832;0;1;0;1;0;
42;-0.204715;0.20471;-0.20471;-0.0782727;0.0782802;-0.0782709;-0.0363703;0.0901608;-0.0862911;0.0931238;-0.0502807;0.0809247;0.0243115;0.00516467;-0.0304455;0.0186063;-0.0075957;-2.86457e-05;0.4975;0;1;0.224795;1;0;
43;-0.152674;0.152675;-0.152673;-0.277577;0.277582;-0.277576;-0.0965248;0.127951;-0.12569;0.129681;-0.0692744;0.122555;0.0433404;0.00301582;-0.0177855;0.0108674;0.0349177;-1.70372e-05;1;0;1;0;1;0;
44;-0.118408;0.118411;-0.118408;-0.366853;0.366853;-0.366853;-0.158955;0.177317;-0.17599;0.178328;-0.111455;0.174167;0.0312195;0.00176075;-0.0103843;0.00634606;0.0593459;-1.03627e-05;1;1;1;0;1;0;
45;-0.0930855;0.0930875;-0.0930852;-0.381794;0.381793;-0.381793;-0.204158;0.214887;-0.213018;0.215478;-0.145125;0.213047;0.0183822;0.00102778;-0.0056668;0.00370563;0.0456966;-6.51329e-06;1;0;1;0;1;0;
46;-0.0718682;0.0718691;-0.0718674;-0.34551;0.34551;-0.34551;-0.231705;0.237975;-0.215734;0.23832;-0.177633;0.236901;0.0107382;0.000599634;-0.00248285;0.00216358;0.0289368;-4.29586e-06;1;0.152278;1;0;1;0;
47;-0.0513202;0.0513203;-0.051319;-0.267219;0.26722;-0.267219;-0.246598;0.25026;-0.209629;0.250461;-0.193775;0.249632;0.00627094;0.000349496;0.00743535;0.00126302;0.0169023;-3.01629e-06;1;0.393858;1;0;1;0;
48;-0.0238511;0.0144319;-0.0238489;-0.162176;0.162181;-0.162178;-0.0352988;0.0374369;-0.0137019;0.037548;-0.00445416;0.037067;-0.0602243;0.0284467;-0.041875;0.00147036;-0.149113;0.0432883;0;1;0.812871;0.367309;1;1;
49;0.00213747;-0.00763916;0.00214004;0.0177486;-0.0177492;0.0177474;-0.124761;0.126012;-0.112134;0.12607;-0.106728;0.125789;-0.0351655;0.016612;0.0962425;-0.000960287;-0.0870731;0.0252828;1;1;1;0.575324;1;0;
50;0.103698;-0.10691;0.103702;-0.0920885;0.0920853;-0.092086;0.0229052;-0.0221647;0.0302788;-0.022143;0.0334319;-0.0223041;-0.0488618;0.061697;0.0562047;0.0320465;-0.0723198;0.0259438;0.10152;1;1;1;0.675547;1;
51;0.185715;-0.187581;0.185731;-0.178948;0.178946;-0.178944;0.0957457;-0.0487388;0.100052;-0.0952925;0.101893;-0.0953809;-0.0285358;0.0714822;0.0328228;0.0561286;-0.0422352;0.0445735;0;1;1;1;0;1;
52;0.239364;-0.240452;0.239378;-0.235416;0.235415;-0.235414;0.121158;-0.0516627;0.123672;-0.0908661;0.124748;-0.106534;-0.0166644;0.0417566;0.0191679;0.032788;-0.0246654;0.0260371;0;1;0.555226;1;0;1;
53;0.270706;-0.271343;0.270716;-0.268402;0.268402;-0.268401;0.115179;-0.0415839;0.116646;-0.0627556;0.117274;-0.0715818;-0.00973113;0.0243882;0.0111934;0.0191522;-0.0144048;0.0152061;0;1;0.492901;1;0;1;
54;0.287036;-0.287409;0.287044;-0.285693;0.285693;-0.285693;0.0844592;-0.000758191;0.0853157;-0.0465884;0.0856818;-0.0497509;-0.00568192;0.0142412;0.00653646;0.011186;-0.00841264;0.00887919;0;1;0.925559;1;0;1;
55;0.292905;-0.293126;0.292912;-0.292123;0.292122;-0.292123;0.0293604;0.0195208;0.0298646;-0.00724315;0.0300747;-0.00908799;-0.00273736;0.0083131;0.0119396;0.00653255;-0.00491253;0.00518467;0.340647;1;1;1;0.668351;1;
56;0.283941;-0.292644;0.288548;-0.289208;0.275653;-0.289355;-0.0469927;0.0755431;-0.0466924;0.0599132;-0.0231069;0.0588375;0.0162677;0.00485407;0.022769;0.0038144;0.0591534;0.00195544;1;0;1;1;1;1;
57;0.272524;-0.277609;0.275216;-0.275602;0.263851;-0.275688;-0.124783;0.141462;-0.124598;0.132335;-0.080605;0.131706;0.0269045;0.00283452;0.0445475;0.00222725;0.0740242;0.00114144;0.775397;1;1;0;1;0;
58;0.24843;-0.251402;0.250004;-0.25023;0.243365;-0.25028;-0.182953;0.1927;-0.182837;0.187369;-0.134546;0.187002;0.0191633;0.0016549;0.0276209;0.00130031;0.0565497;0.000666202;1;1;1;0;1;0;
59;0.213006;-0.214743;0.213926;-0.214058;0.210048;-0.214088;-0.219347;0.225044;-0.217257;0.221931;-0.167003;0.221717;0.0111956;0.000965967;0.0161348;0.000758902;0.035528;0.000388589;1;1;1;0;1;0;
60;0.165811;-0.166825;0.166348;-0.166426;0.164083;-0.166443;-0.239845;0.243175;-0.223234;0.241357;-0.188842;0.241232;0.0065408;0.000563589;0.00942379;0.000442691;0.0207537;0.000226427;1;1;1;0;1;0;
61;0.102662;-0.103254;0.102976;-0.103021;0.101653;-0.103031;-0.244048;0.251599;-0.22278;0.250538;-0.19822;0.250465;0.00382029;0.00032858;0.00550369;0.000258013;0.0121211;0.000131712;1;0.546349;1;0;1;0;
62;0.0181804;-0.0185264;0.0183642;-0.0183901;0.0175917;-0.0183959;-0.233983;0.242337;-0.219471;0.243999;-0.195771;0.245191;0.00223004;0.000191321;0.00321374;0.000150169;0.007077;7.64016e-05;1;0;1;0;1;0;
63;-0.0810266;0.0808233;-0.0809194;0.0809044;-0.0813706;0.0809011;-0.220023;0.221179;-0.212378;0.223564;-0.170377;0.220576;-0.00386608;0.00161859;-0.00211829;0.00114924;-0.00485852;4.409e-05;1;0.659762;1;0.218123;1;0;
64;-0.168572;0.168453;-0.16851;0.1685;-0.168773;0.168499;-0.178448;0.225669;-0.177099;0.218369;-0.159151;0.189508;-0.0105446;0.00532118;-0.0078406;0.00275314;-0.00827562;2.52598e-05;1;1;1;0.844423;1;0;
65;-0.228662;0.228592;-0.228625;0.228618;-0.228779;0.228619;-0.13115;0.202065;-0.14104;0.1978;-0.127269;0.180941;-0.00615761;0.00562611;-0.00604162;0.0114988;-0.0298561;1.43026e-05;1;0;1;1;1;0;
66;-0.17102;0.170974;-0.170999;-0.128782;0.128726;-0.128782;-0.0259523;0.0673752;-0.0317297;0.0649045;-0.023695;0.0550465;-0.0202526;0.0423461;-0.0246011;0.048533;-0.0537425;8.50064e-06;0;0;1;1;1;0;
67;-0.136914;0.136891;-0.136902;-0.334473;0.334445;-0.334471;0.0104001;0.0137921;0.00702976;0.01234;0.011724;0.00658425;-0.0118286;0.0247324;-0.0143695;0.0379762;-0.0313891;0.00688093;0;0;1;1;0.831702;1;
68;-0.116104;0.116094;-0.116095;-0.448346;0.448322;-0.448338;-0.0025789;0.0159528;0.0195545;0.0116658;-0.00171737;0.0224244;-0.00690649;0.0144453;0.00899097;0.0221774;-0.0183288;0.00401641;0.689149;0.309918;1;1;1;1;
69;-0.102342;0.102337;-0.102334;-0.472951;0.485677;-0.50357;-0.0535995;0.0614149;-0.0395532;0.0282663;-0.0307063;0.0651953;0.0238176;0.00843571;0.0401629;-0.0452061;-0.0107043;-0.00840037;1;0;1;1;1;1;
70;-0.0913672;0.0913651;-0.0913627;-0.434325;0.472693;-0.515278;-0.121685;0.126251;-0.113473;0.0668331;-0.0171786;0.128459;0.0153912;0.00492608;0.0249261;-0.0554543;0.0455793;-0.00490609;0.990946;0;1;1;1;1;
71;-0.0803609;0.0803592;-0.0803585;-0.437347;0.439519;-0.489938;-0.179165;0.181835;-0.171398;0.147129;-0.0997748;0.183125;0.0195778;0.00287639;0.0361256;-0.0416508;0.0955273;-0.00286563;1;0;1;0;1;0;
72;-0.121128;0.121122;-0.121132;-0.181235;0.182499;-0.211937;0.0076774;-0.00611752;0.0122191;-0.0263919;0.0540407;-0.00539651;-0.0558369;0.033674;-0.015917;0.0810648;0.0557887;0.0536136;0;0;0;0;0;1;
73;-0.0977229;0.157239;-0.128112;-0.0564161;0.0571547;-0.0743451;0.116602;-0.0740702;0.119256;-0.127529;0.143678;-0.115239;-0.0326104;0.106651;-0.00929757;0.0473442;0.0325806;0.0592681;0;1;0;0.97629;0;1;
74;-0.0618725;0.096632;-0.0796175;-0.0616788;0.0669717;-0.0617693;-0.0422161;0.0670515;-0.0406618;0.0358378;-0.0263963;0.0430147;0.0278554;0.0596175;0.041955;0.027649;0.0734351;-0.019263;0.384247;0;1;1;1;1;
75;-0.0282401;0.048539;-0.0386032;0.0192332;-0.0161378;0.0191804;-0.131657;0.146168;-0.130742;0.127939;-0.0899068;0.13213;0.0175089;0.0348165;0.0519425;0.0161468;0.0874645;-0.0112501;1;1;1;0.69335;1;0;
76;0.00610242;0.00575118;5.06857e-05;0.169397;-0.167587;0.169366;-0.177864;0.186343;-0.161387;0.175697;-0.117877;0.178145;0.0102276;0.020332;0.0399933;0.00942954;0.0510953;-0.00657036;1;0.683064;1;0.168125;1;0;
77;0.119271;-0.112356;0.115738;-0.0167771;0.0178305;-0.0167939;-0.0135522;0.0185131;-0.00393894;0.0123034;0.0214856;0.0137242;-0.02888;0.0121096;0.0168014;0.0531158;-0.0672695;0.0180222;0;1;0;1;1;1;
78;0.106667;-0.102466;0.10637;0.248128;-0.247512;0.248119;-0.0829674;0.085869;-0.0372458;0.082242;-0.0625015;0.0830713;0.0278992;0.00463588;0.0829062;0.0310221;-0.0292954;0.0105237;0.793485;1;1;1;1;1;
79;0.193564;-0.191108;0.193389;0.0136429;-0.0132891;0.0136442;0.00800457;-0.00630481;0.0347072;-0.00843;0.0199642;-0.00794493;-0.0106612;0.0488204;0.0484163;0.0272113;-0.0282471;0.0221591;0.275313;1;1;1;1;1;
80;0.243256;-0.241814;0.243148;-0.122247;0.122454;-0.122243;0.0378885;-0.00604389;0.0534864;-0.0352356;0.0448728;-0.0293733;-0.00622566;0.0285195;0.0282778;0.0301081;-0.0164963;0.0129472;0;1;1;0;0;1;
81;0.269615;-0.268771;0.269545;-0.198945;0.199067;-0.198943;0.0239804;0.00862255;0.0330945;-0.00451145;0.0280614;0.0150907;-0.00363554;0.016653;0.0165176;0.017587;-0.00963284;0.00755939;0;1;1;0.267264;1;1;
82;0.280234;-0.279741;0.280194;-0.238966;0.239031;-0.238961;-0.0257009;0.0447417;-0.0203708;0.0370728;-0.0108148;0.0485234;0.0100462;0.00400333;0.024539;0.0102704;0.0338041;0.00441514;1;1;1;0.103264;1;1;
83;0.256552;-0.276789;0.268056;-0.253575;0.25361;-0.253572;-0.0966577;0.107783;-0.0935372;0.103305;-0.0511584;0.109992;0.0251175;0.00233743;0.0307126;0.00599754;0.0675993;0.00096417;0.912259;1;1;1;1;0.961031;
84;0.241264;-0.261082;0.255981;-0.247525;0.23017;-0.247523;-0.161567;0.168071;-0.159736;0.165456;-0.110473;0.169361;0.0224393;0.00136463;0.0350239;0.00350217;0.0678488;0.00056267;0.943926;1;1;0.251833;1;0;
85;0.221057;-0.232633;0.229654;-0.224716;0.214578;-0.224714;-0.206192;0.209996;-0.205118;0.208469;-0.150987;0.210749;0.0143308;0.00079646;0.0204606;0.00204481;0.0456889;0.00032816;1;1;1;0;1;0;
86;0.185943;-0.192704;0.190965;-0.18808;0.182159;-0.18808;-0.232794;0.235019;-0.22066;0.234128;-0.178842;0.235459;0.00837276;0.000464625;0.0119513;0.00119366;0.0266908;0.000191138;1;1;1;0;1;0;
87;0.13542;-0.139369;0.138353;-0.136669;0.13321;-0.136668;-0.245341;0.248191;-0.222943;0.24767;-0.193751;0.248447;0.0048913;0.000270793;0.00698026;0.000696579;0.0155905;0.000111108;1;0.681234;1;0;1;0;
88;0.0649195;-0.0672257;0.0666333;-0.0656489;0.0636295;-0.0656487;-0.240516;0.250192;-0.22171;0.250152;-0.198341;0.250915;0.0028561;0.000157579;0.0040765;0.000406298;0.0091046;6.4366e-05;1;0;1;0;1;0;
89;-0.0273797;0.0260327;-0.0263785;0.0269537;-0.0281326;0.0269538;-0.226486;0.232442;-0.216246;0.235081;-0.188814;0.235236;0.00166659;9.16294e-05;0.00237991;0.000236773;0.00531469;3.7082e-05;1;0.0389708;1;0;1;0;
90;-0.124228;0.12344;-0.123643;0.12398;-0.124668;0.12398;-0.201723;0.243891;-0.196529;0.209133;-0.167072;0.202742;-0.00728338;0.00307697;-0.00496569;0.000138496;-0.00673962;2.11206e-05;1;1;1;0.737607;1;0;
91;-0.199513;0.199053;-0.199171;0.199367;-0.19977;0.199368;-0.158634;0.222053;-0.163697;0.203584;-0.14331;0.171493;-0.00425402;0.00267831;-0.00832508;0.00435816;-0.0190259;1.18665e-05;1;1;1;1;1;0;
92;-0.153987;0.153715;-0.153788;-0.145797;0.145599;-0.145797;-0.0307107;0.0677567;-0.03367;0.0569943;-0.0217725;0.03824;-0.0236609;0.040792;-0.0180913;0.0593393;-0.0678947;7.11782e-06;0;0;1;1;1;0;
93;-0.127266;0.127106;-0.127149;-0.346506;0.346395;-0.3465;0.0223199;-0.000682792;0.0205953;-0.00698436;0.0275399;-0.0179385;-0.0138197;0.0238273;-0.00186264;0.0412562;-0.0401382;-0.013527;0;0;0.979422;1;0.317038;1;
94;-0.111023;0.112434;-0.110955;-0.459256;0.45919;-0.459249;0.0131501;0.00287236;0.0527514;-0.0240671;0.0119023;0.00121314;-0.00807115;0.0139185;0.00399171;0.0240934;-0.0255168;-0.009349;0.443415;1;1;1;0.541753;1;
95;-0.100483;0.102504;-0.100338;-0.489253;0.508107;-0.51698;-0.0197725;0.0291333;0.00637509;-0.0151882;-0.0203967;0.028165;0.0191095;0.00812643;0.0319226;-0.0507102;-0.0301389;-0.00549461;1;0.318566;1;0.81984;1;1;
96;-0.0958231;0.0886217;-0.119388;-0.705721;1.39104;-0.484242;-0.72568;-0.454988;-0.367021;1.37649;0.568807;1.12976;0.513741;0.213586;0.0323686;0.428128;2.51675;-0.54629;1;0;1;0;0;1;
97;0.384992;0.472455;-0.248792;-0.904358;1.00876;-0.925326;-0.742458;-0.577379;-0.440467;1.12079;0.121115;0.675177;0.310632;0.50789;0.571859;0.644068;-0.684565;0.362875;0;0;0;0;0;0;
98;0.139943;0.361737;-0.4391;-0.590414;0.650114;-0.456592;-0.321452;-0.448477;-0.147801;0.545834;0.291677;0.283887;0.181209;0.296967;0.335116;0.376302;-0.320448;0.213491;0;0;0;0;0;0;
