1;-0.000363586;0.000116064;9.94836e-05;-0.000363586;0.000116064;9.94837e-05;0.0349769;0.0347456;0.0352595;0.0349768;0.0347455;0.0352594;0.808667;0.808665;0.808666;0.808667;0.808665;0.808666;0;0;0;0;0;0;
2;-0.0381822;-0.0405828;-0.0299328;0.017597;0.0269106;0.0239911;0.152231;0.162486;-0.0146117;0.115767;0.14969;0.238072;0.472349;0.472356;0.472313;0.472352;0.472347;0.472365;1;1;1;1;1;1;
3;-0.0378221;-0.0495759;-0.0178706;0.0272202;0.0422115;0.0171446;0.313435;0.281771;0.0845898;0.195743;0.254888;0.193097;0.306717;0.329961;0.275841;0.275912;0.275896;0.275899;1;0.755795;0.393314;1;0.806627;0.416782;
4;-0.024523;-0.0362567;-0.0188812;0.0197278;0.0312208;0.00739324;0.298956;0.273654;0.147486;0.181963;0.258436;0.227335;0.307297;0.338366;0.161121;0.293381;0.260329;0.214023;1;1;0.590949;1;0.977612;1;
5;-0.0196709;-0.0317391;-0.0186334;0.018529;0.028228;0.00481956;0.303771;0.271277;0.14721;0.179869;0.249412;0.218589;0.305644;0.346731;0.145444;0.283396;0.252833;0.202969;1;1;0.934351;1;0.925233;1;
6;-0.0181461;-0.0308251;-0.018795;0.0196117;0.0286244;0.00534507;0.302294;0.268923;0.140297;0.190225;0.250884;0.218798;0.291126;0.330376;0.141865;0.280006;0.258444;0.210616;1;0.969617;0.342556;1;0.889673;1;
7;-0.0172673;-0.0301329;-0.0194257;0.020396;0.0281915;0.00524845;0.30168;0.265697;0.141334;0.189381;0.249995;0.216104;0.284029;0.324348;0.137211;0.280664;0.25769;0.2129;1;0.982338;0.0923088;1;0.82086;1;
8;-0.0145302;-0.0269562;-0.0194494;0.0184277;0.0255762;0.00316762;0.296118;0.259805;0.127484;0.188759;0.2485;0.21182;0.281016;0.32272;0.128458;0.282414;0.255794;0.21118;1;0.870845;0.326564;1;0.770798;1;
9;-0.0140109;-0.0263698;-0.0198946;0.0180085;0.024927;0.00263351;0.298673;0.260141;0.134287;0.185775;0.245162;0.206905;0.278642;0.321379;0.123927;0.277254;0.25061;0.208788;1;0.946565;0.162006;1;0.771051;1;
10;-0.0117487;-0.0232188;-0.0187718;0.0136733;0.0201335;-0.00169575;0.305049;0.25983;0.125476;0.178421;0.238049;0.194894;0.280499;0.333695;0.124321;0.268629;0.236799;0.196483;1;0.899817;0.839759;1;0.766082;1;
11;-0.0106479;-0.0213396;-0.0172087;0.00723464;0.0136481;-0.00725915;0.303241;0.253513;0.118264;0.179586;0.237803;0.189437;0.270009;0.330321;0.102815;0.272353;0.235866;0.1963;1;0.745762;0.518703;1;0.740735;1;
12;-0.0096823;-0.019538;-0.017119;-0.00152263;0.004821;-0.015637;0.303092;0.246944;0.110941;0.174136;0.23505;0.180377;0.265552;0.337634;0.0864629;0.275574;0.228423;0.190018;1;0.714245;0.643428;1;0.701228;1;
13;-0.0114722;-0.021493;-0.0205891;-0.00724454;0.000226076;-0.0212045;0.302791;0.248015;0.11639;0.175596;0.234088;0.180136;0.260109;0.329016;0.0787471;0.272666;0.227148;0.187495;1;0.690983;0.47065;1;0.727981;1;
14;-0.00958633;-0.0184523;-0.0174989;-0.0194926;-0.0104754;-0.0327353;0.30171;0.245491;0.105037;0.172885;0.228987;0.174818;0.255571;0.332391;0.0811128;0.274582;0.222733;0.174501;1;0.522942;0.465359;1;0.791825;1;
15;-0.0140205;-0.0231913;-0.0233581;-0.0283236;-0.0171159;-0.0416698;0.296521;0.247682;0.10254;0.178766;0.227676;0.182003;0.254426;0.322501;0.0831359;0.267678;0.223514;0.164798;1;0.43742;0.502632;1;0.934625;1;
16;-0.0190286;-0.0239631;-0.0312085;-0.0427163;-0.0298523;-0.0573687;0.271169;0.250671;0.0907754;0.186803;0.224297;0.189916;0.301581;0.298499;0.127119;0.229567;0.196961;0.122825;1;0.682733;0.33218;1;1;1;
17;-0.0268949;-0.0273202;-0.04489;-0.0513384;-0.0354158;-0.0657118;0.243994;0.254642;0.0472377;0.212025;0.223195;0.224022;0.282228;0.221354;0.120334;0.243565;0.241159;0.123815;1;0.422734;0.24866;1;1;0.993649;
18;-0.027798;-0.012112;-0.0611939;-0.075832;-0.0510208;-0.0851711;0.19159;0.254277;0.00826305;0.232994;0.205781;0.240212;0.346492;0.13577;0.163954;0.205864;0.241561;0.0804552;1;0.488604;0.828425;1;1;0.733952;
19;0.0096757;0.010286;-0.0530955;-0.0600822;-0.0106477;-0.165034;0.185367;0.241637;-0.0829597;0.25446;0.127819;0.184013;0.407483;0.0792929;0.0957513;0.120256;0.256088;0.0469844;1;0.477813;0;1;1;0;
20;0.0390232;0.0160988;-0.0432344;-0.0884867;-0.0312777;-0.181965;0.171071;0.237333;-0.150575;0.270214;0.128729;0.209587;0.399612;0.0463081;0.0559186;0.119171;0.23882;0.0274383;1;0.210764;0;1;1;0;
21;0.0935329;0.0213977;-0.0113093;-0.0945146;-0.136871;-0.135878;0.0409336;0.23113;-0.194253;0.298853;0.136597;0.234059;0.293372;0.0270436;0.0326585;0.0742458;0.387328;0.0160242;1;0;1;0.226785;0.713049;0.772883;
22;0.0909775;-0.00685802;0.0253725;-0.0813643;-0.0479559;-0.117877;0.164343;0.059385;-0.00842856;0.0695398;0.184789;0.0316958;0.171349;0.27816;-0.0538051;0.169915;0.226199;0.133894;0;1;0;0.701604;0;1;
23;0.106147;-0.0608079;0.0963088;-0.123368;0.0546485;-0.161648;0.261838;0.125197;0.0945406;-0.0412643;0.207378;-0.0636819;0.100073;0.354886;-0.031423;0.165303;0.132099;0.146488;0.650972;1;0.139402;0.659842;0;1;
24;0.136316;-0.142647;0.173497;-0.177588;0.149167;-0.21166;0.244459;0.122393;0.143913;0.000721023;0.200174;-0.00807065;0.058443;0.305854;-0.0183513;0.173157;0.077145;0.161326;0.643632;1;0;0.498687;0;1;
25;0.170476;-0.112993;0.230595;-0.204146;0.216387;-0.252881;0.235516;0.118622;0.15729;0.0184497;0.190146;0.00138547;0.0341291;0.300542;-0.0107173;0.188505;0.0450516;0.118989;1;1;0;0.295268;0;1;
26;0.157455;-0.141917;0.265861;-0.228801;0.257563;-0.273685;0.200326;0.109134;0.146192;0.0484212;0.165379;0.0472954;0.00293081;0.253809;-0.00625927;0.182629;0.0263094;0.125294;1;1;0;0.191189;0;1;
27;0.166744;-0.142637;0.285257;-0.228037;0.280411;-0.264271;0.152033;0.127519;0.115837;0.0693727;0.127043;0.0992873;0.0201917;0.18923;-0.00365585;0.134288;0.0195806;0.0976902;1;0.982719;0;0;0;1;
28;0.19214;-0.135102;0.293769;-0.254132;0.248988;-0.276901;0.0868776;0.128455;0.065725;0.0731384;0.0970425;0.150913;0.0187575;0.119685;-0.0021355;0.0784298;0.0956807;0.0813377;1;0.565062;0;0;0.246207;1;
29;0.197998;-0.183387;0.298787;-0.270525;0.251041;-0.272534;0.02664;0.137086;-0.00286324;0.086993;0.0648612;0.182062;0.0904095;0.0699017;0.0829086;0.0458021;0.142357;0.0475042;1;0.0807741;0.600073;0;0.512799;1;
30;0.201635;-0.219909;0.297063;-0.274957;0.201055;-0.292333;-0.0513027;0.165129;-0.0627271;0.135875;0.0567325;0.253722;0.109612;0.0408218;0.100439;0.0267478;0.210189;0.0295994;1;0;0.992722;0;0.88236;0.855321;
31;0.174974;-0.226085;0.275699;-0.258232;0.197922;-0.28774;-0.0793724;0.202793;-0.0863502;0.185709;0.0455814;0.279846;0.147688;0.0238392;0.104312;0.0156203;0.226089;0.0236723;0.749101;0;1;0;1;0.431068;
32;0.141406;-0.210033;0.239009;-0.228806;0.115058;-0.24648;-0.107445;0.230491;-0.107327;0.220514;0.0440858;0.277972;0.122402;0.0139213;0.107213;0.0091218;0.240659;0.0138267;0.8511;0;1;0;1;0.470372;
33;0.094509;-0.176832;0.193754;-0.187795;0.106435;-0.202377;-0.0978027;0.246906;-0.112317;0.241079;0.0336571;0.27127;0.136843;0.00812936;0.098494;0.0053266;0.229697;0.00807603;0.890875;0;0.997358;0;1;0.0715229;
34;0.0315959;-0.126505;0.136391;-0.132907;0.0830855;-0.145503;-0.0920985;0.254914;-0.126844;0.251511;0.0349998;0.2528;0.138356;0.0047468;0.0855443;0.00311036;0.220581;0.00471637;0.878189;0;1;0;1;0;
35;-0.0340389;-0.054847;0.0606304;-0.0585858;0.029484;-0.0659418;-0.0803338;0.249449;-0.128909;0.249305;0.0295429;0.247836;0.137343;0.00277149;0.0779949;0.00181598;0.210523;0.00275386;0.960201;0;1;0;1;0;
36;-0.111298;0.0384509;-0.035054;0.0362673;-0.0532644;0.0319713;-0.0663986;0.228108;-0.127076;0.23489;0.0324673;0.231648;0.135859;0.00161786;0.0776082;0.00106014;0.198036;0.00160786;1;0;0.956577;0;1;0;
37;-0.193732;0.133687;-0.13168;0.132411;-0.142334;0.129902;-0.04478;0.208472;-0.114373;0.204329;0.0473371;0.206321;0.128311;0.000944213;0.0703835;0.000618722;0.188578;0.000938569;1;0;0.855288;0;1;0;
38;-0.260637;0.205885;-0.204694;0.205139;-0.210927;0.203674;-0.0117619;0.199711;-0.0921922;0.197292;0.0626218;0.198456;0.12658;0.000550799;0.0666812;0.000360952;0.17204;0.000547759;1;0;0.722994;0;1;0;
39;-0.297879;0.251459;-0.250288;0.251024;-0.24327;0.240184;0.0294566;0.176582;-0.0653907;0.175169;0.0748191;0.175849;0.129335;0.00032109;0.0576601;0.000210405;0.139463;0.00129215;1;0;0.733162;0;1;0;
40;-0.308803;0.275664;-0.265594;0.277123;-0.252712;0.25427;0.0758803;0.140849;-0.0336112;0.140023;0.0782431;0.140423;0.122367;0.00514407;0.0432959;0.0027965;0.10189;0.016885;1;0.252301;0.548916;0.133742;1;0.535211;
41;-0.275288;0.313201;-0.269695;0.289975;-0.27286;0.252443;0.10318;0.11134;-0.0197531;0.0898259;0.0767514;0.0901173;0.0739723;0.0728583;0.0252855;0.00187152;0.0749189;0.0261694;1;0.75009;0;0.201445;0.616837;1;
42;-0.276135;0.309456;-0.281332;0.287032;-0.280629;0.251304;0.133917;0.0946968;0.0203944;0.0205357;0.0664253;0.0449834;0.0489894;0.100996;0.0147662;0.0773764;0.0437534;0.0693081;0.530597;1;0;0.4198;0.0038953;1;
43;-0.285431;0.228264;-0.283438;0.272007;-0.284211;0.227568;0.153506;0.0732326;0.0872074;-0.0632923;0.114089;-0.0403793;0.0286103;0.201084;0.00862306;0.0653813;0.0255515;0.0772631;0.518833;1;0;0.232179;0;1;
44;-0.269065;0.180078;-0.267901;0.208914;-0.268352;0.169048;0.192242;0.0562326;0.153524;-0.111739;0.169222;-0.104083;0.0167077;0.236129;0.00503532;0.0889076;0.0149216;0.0995675;0;1;0;0.486023;0;1;
45;-0.240909;0.155607;-0.240229;0.19218;-0.240493;0.152481;0.223603;0.0524973;0.200992;-0.133899;0.21016;-0.110525;0.00975664;0.245134;0.00294009;0.0982416;0.00871376;0.0971203;0;1;0;0.461134;0;1;
46;-0.201962;0.0954672;-0.201565;0.172779;-0.201719;0.124716;0.243065;0.0409617;0.22986;-0.140239;0.235214;-0.101544;0.00569725;0.235712;0.00171649;0.0904264;0.00508829;0.113027;0;1;0;0.479038;0;1;
47;-0.150665;0.0884122;-0.150434;0.133622;-0.150524;0.0927153;0.253233;0.0419254;0.245521;-0.138927;0.248648;-0.110521;0.00332659;0.234248;0.00100189;0.0898809;0.002971;0.100731;0;1;0;0.532221;0;1;
48;-0.0818678;0.045513;-0.0817325;0.071919;-0.0817849;0.0452196;0.252648;0.035715;0.252116;-0.13364;0.251862;-0.107801;0.00194211;0.223282;0.000584507;0.0864142;0.00173455;0.101929;0;1;0;0.601148;0;1;
49;0.00842339;-0.0296513;0.00850249;-0.0142219;0.00847215;-0.0298403;0.237948;0.0351805;0.237159;-0.125263;0.233057;-0.103249;0.00113366;0.209784;0.00034081;0.0802451;0.00101241;0.106188;0;1;0;0.663782;0;1;
50;0.107374;-0.119766;0.10742;-0.110745;0.107403;-0.119896;0.217159;0.0450291;0.217312;-0.10953;0.211274;-0.0888041;0.000661495;0.202944;0.000198477;0.0677019;0.000590767;0.0992566;0;1;0;0.795136;0;1;
51;0.187875;-0.195105;0.187902;-0.189827;0.187892;-0.195202;0.209189;0.0601277;0.209279;-0.0821931;0.179727;-0.0684571;0.000385798;0.183073;0.000115397;0.0650025;0.000344508;0.103871;0;1;0;0.886114;0;0.976826;
52;0.24063;-0.244845;0.240646;-0.238711;0.24064;-0.244921;0.187407;0.0760627;0.187459;-0.0478421;0.170201;-0.0383017;0.000224813;0.161878;6.68947e-05;0.0534402;0.000200746;0.0921916;0;1;0;1;0;0.895198;
53;0.271448;-0.273248;0.271457;-0.261993;0.271453;-0.273962;0.153867;0.0829211;0.153899;-0.000701746;0.143819;-0.00358329;0.00013076;0.125958;3.95812e-05;0.0456035;0.000116865;0.0851429;0;1;0.489881;1;0;0.83833;
54;0.287471;-0.274462;0.285045;-0.281247;0.283635;-0.307626;0.107053;0.0847938;0.107076;0.0616136;0.101184;0.0400697;0.00172122;0.0750908;0.0331707;0.0505066;0.00472137;0.0608196;0.311659;1;0.724089;1;0.221069;0.77571;
55;0.289912;-0.285671;0.287927;-0.276462;0.273866;-0.303494;0.0425614;0.0893234;0.0620627;0.0984517;0.0712592;0.0844753;0.0525112;0.0438606;0.0558666;0.0295009;0.0717545;0.0355224;0.6718;0.321407;1;0.549221;0.775068;0.557768;
56;0.26304;-0.290637;0.26077;-0.279321;0.223463;-0.296375;-0.0392743;0.116307;-0.0259942;0.12164;0.0568989;0.113477;0.0789839;0.0256138;0.0748569;0.0172288;0.145038;0.0207457;0.575304;0;1;0.331954;1;0.312803;
57;0.213274;-0.276436;0.216232;-0.269827;0.17499;-0.279787;-0.0961782;0.165268;-0.10188;0.168383;0.0416719;0.163616;0.0916244;0.0149579;0.0952641;0.0100611;0.204441;0.012115;0.796596;0;0.972229;0;1;0;
58;0.186103;-0.250717;0.189818;-0.246857;0.156982;-0.252674;-0.11652;0.206602;-0.116362;0.208421;0.0308926;0.205637;0.112071;0.00873478;0.0967527;0.00587527;0.216343;0.00707469;0.815107;0;1;0;1;0;
59;0.160758;-0.214343;0.159967;-0.212089;0.101487;-0.215485;-0.129194;0.233163;-0.107322;0.234225;0.0229324;0.232599;0.111518;0.00510046;0.0993738;0.00343066;0.209857;0.00413123;0.815917;0;1;0;1;0;
60;0.135298;-0.166592;0.134831;-0.165275;0.0628924;-0.167259;-0.131725;0.247917;-0.11244;0.248537;0.0227985;0.247588;0.0974566;0.00297795;0.103333;0.00200311;0.208969;0.00241221;0.926309;0;1;0;1;0;
61;0.0848401;-0.103118;0.0845681;-0.102349;0.0425555;-0.103507;-0.120297;0.254368;-0.115909;0.254731;0.0163828;0.254176;0.102388;0.00173845;0.0996423;0.00116936;0.198402;0.00140827;0.893674;0;1;0;1;0;
62;0.00777124;-0.0184468;0.00761386;-0.0179976;-0.0169216;-0.0186741;-0.110609;0.238918;-0.117784;0.240948;0.0169605;0.2435;0.0981755;0.00101455;0.0956843;0.000682517;0.18852;0.00082203;0.949693;0;0.986804;0;1;0;
63;-0.0871045;0.0808717;-0.0871982;0.0811338;-0.101524;0.0807386;-0.0937334;0.221282;-0.108929;0.22418;0.0232587;0.223563;0.0926834;0.000591865;0.0918791;0.000398187;0.179398;0.000479651;1;0;0.846373;0;1;0;
64;-0.172116;0.168482;-0.172179;0.168635;-0.180538;0.168404;-0.0618922;0.189266;-0.0870849;0.212237;0.0333328;0.209596;0.0899137;0.000345012;0.0910834;0.000232209;0.163107;0.000279799;1;0;1;0;1;0;
65;-0.228152;0.228609;-0.230774;0.223345;-0.235643;0.228563;-0.0315126;0.180032;-0.0590943;0.194215;0.0477321;0.192673;0.0863078;0.000200913;0.0792031;-0.000797862;0.146554;0.000162995;1;0;1;0.170338;1;0;
66;-0.250097;0.264688;-0.265956;0.250397;-0.233265;0.264661;0.0100122;0.155779;-0.0251915;0.164064;0.042344;0.163161;0.0998167;0.000116769;0.0511746;-0.0206181;0.114455;9.48942e-05;1;0;1;0.437948;0.842051;0;
67;-0.264492;0.27784;-0.281025;0.235287;-0.260993;0.284199;0.046712;0.116531;0.0183194;0.121377;0.0504274;0.120841;0.0902737;0.0135696;0.0298897;-0.00454113;0.0814613;5.5083e-05;0.770007;0.235522;1;0.790714;0.670559;0;
68;-0.273965;0.258887;-0.286845;0.244674;-0.26765;0.29603;0.0452984;0.0759329;0.07071;0.0622418;0.0524492;0.0619171;0.0527218;0.0932819;-0.00802458;0.0276702;0.0475771;0.0112916;0.429309;0.528386;1;0.797235;0.46182;0.314731;
69;-0.280868;0.240843;-0.28618;0.241177;-0.277092;0.294536;0.0785529;0.0625948;0.106044;-0.00984457;0.0827282;-0.0159274;0.0307888;0.143926;-0.00595016;0.0762428;0.0277837;0.0675384;0;0.839753;1;0.698492;0;1;
70;-0.274623;0.190756;-0.277987;0.222527;-0.272418;0.278774;0.13626;0.0544722;0.152318;-0.0866848;0.138698;-0.0900488;0.01798;0.21612;0.000484025;0.0912006;0.0162254;0.0812234;0;1;0.716787;0.525448;0;1;
71;-0.254888;0.160472;-0.256852;0.199287;-0.2536;0.254393;0.18768;0.0554326;0.197059;-0.123979;0.189104;-0.120786;0.0104997;0.240532;0.000282245;0.101751;0.00947524;0.0742506;0;1;0.296821;0.447825;0;1;
72;-0.223057;0.120722;-0.224204;0.171775;-0.222305;0.222762;0.221928;0.0360443;0.227405;-0.125276;0.222759;-0.117175;0.00613124;0.230319;0.000164302;0.108033;0.00553302;0.0932709;0;1;0;0.452866;0;1;
73;-0.17969;0.0590617;-0.18036;0.136681;-0.179251;0.179518;0.241726;0.0345494;0.244924;-0.134043;0.242211;-0.121209;0.00358005;0.228656;9.54269e-05;0.0930404;0.00323074;0.092186;0;1;0;0.496493;0;1;
74;-0.121735;0.0185254;-0.122126;0.084759;-0.121478;0.121643;0.251483;0.0285458;0.253351;-0.129146;0.251767;-0.122266;0.00209017;0.218332;5.512e-05;0.0953097;0.00188624;0.0873087;0;1;0;0.533749;0;1;
75;-0.0434654;-0.0168115;-0.043694;0.0138049;-0.043316;0.0434278;0.247737;0.026415;0.245852;-0.115383;0.246452;-0.131335;0.00122008;0.206166;3.16579e-05;0.099732;0.00110101;0.0819407;0;1;0;0.581098;0;1;
76;0.053701;-0.0889003;0.0535674;-0.0721649;0.0537882;-0.0537033;0.231352;0.0340243;0.230306;-0.103026;0.227512;-0.132469;0.000711969;0.198775;1.7917e-05;0.0942552;0.000642477;0.0754284;0;1;0;0.680866;0;1;
77;0.147072;-0.167621;0.146994;-0.157875;0.147123;-0.147052;0.225325;0.0401563;0.197989;-0.07222;0.198736;-0.111222;0.000415266;0.178726;9.9952e-06;0.096658;0.000374707;0.0749126;0;1;0;0.759633;0;1;
78;0.214864;-0.226856;0.214819;-0.221932;0.214894;-0.214835;0.206648;0.0572235;0.190684;-0.0404172;0.19112;-0.0892056;0.00024201;0.162424;5.30238e-06;0.0873922;0.00021836;0.0663542;0;1;0;0.798278;0;1;
79;0.256755;-0.263749;0.256728;-0.263103;0.256772;-0.256725;0.177139;0.0730471;0.167816;-0.00186776;0.168071;-0.0605628;0.000140823;0.134104;2.59897e-06;0.0795756;0.000127095;0.0546403;0;1;0;0.814658;0;1;
80;0.280161;-0.280939;0.275855;-0.285101;0.280171;-0.280137;0.136661;0.0867325;0.131218;0.047928;0.131366;-0.022671;8.17236e-05;0.092326;0.00630666;0.0668;7.38834e-05;0.0321381;0;1;0.226809;0.834511;0;1;
81;0.291168;-0.291609;0.275673;-0.292549;0.284493;-0.288388;0.0816629;0.0952972;0.0790858;0.0869542;0.078577;0.00350569;4.73685e-05;0.0648731;0.0486901;0.0471812;0.031898;0.0187692;0;0.949639;1;0.587115;0.902006;0.401704;
82;0.275339;-0.300253;0.260245;-0.293231;0.272685;-0.2912;0.00798706;0.10426;0.0201864;0.125126;0.059955;0.0417549;0.035773;0.0378852;0.0642992;0.0275541;0.0857023;0.010961;0.539977;0;1;0.354435;1;0;
83;0.23794;-0.289366;0.222235;-0.285265;0.211834;-0.284079;-0.0769782;0.142542;-0.0630977;0.154728;0.0376148;0.106039;0.0664045;0.0221243;0.086945;0.0160916;0.159947;0.0064009;0.765795;0;1;0;1;0;
84;0.200265;-0.268426;0.185461;-0.266031;0.172569;-0.265339;-0.128385;0.18837;-0.114308;0.195486;0.0282894;0.167053;0.0819537;0.01292;0.0907697;0.00939695;0.206533;0.0037377;1;0;1;0;1;0;
85;0.167198;-0.236922;0.152892;-0.235523;0.140292;-0.235119;-0.134502;0.22185;-0.113658;0.226007;0.0110471;0.209401;0.0942521;0.00754462;0.104911;0.00548734;0.200273;0.00218236;1;0;1;0;1;0;
86;0.112514;-0.195209;0.100237;-0.194392;0.0854123;-0.194155;-0.142245;0.241942;-0.115286;0.24437;0.00770695;0.234672;0.0894126;0.00440537;0.101461;0.00320411;0.191953;0.00127414;0.862537;0;1;0;1;0;
87;0.0925333;-0.140831;0.0790239;-0.140354;0.0623734;-0.140216;-0.146354;0.252233;-0.117505;0.253651;0.00885441;0.247988;0.0824301;0.00257206;0.0946992;0.00187076;0.193382;0.000743637;1;0;1;0;1;0;
88;0.0398736;-0.0680797;0.0319803;-0.067801;0.0222595;-0.0677205;-0.134866;0.250889;-0.11195;0.251225;-0.000338111;0.250314;0.0816428;0.00150141;0.102665;0.00109205;0.178497;0.000433827;1;0;1;0;1;0;
89;-0.0420071;0.0255343;-0.0466185;0.0256969;-0.052291;0.0257439;-0.128749;0.230661;-0.108704;0.235425;0.00412236;0.235087;0.0701834;0.000876149;0.0989147;0.000637355;0.170602;0.000252948;1;0;1;0;1;0;
90;-0.132772;0.123151;-0.135464;0.123246;-0.138772;0.123273;-0.108127;0.211022;-0.0929307;0.206224;0.0124089;0.210098;0.0638833;0.000511072;0.101797;0.000371779;0.153246;0.000147296;1;0;1;0;1;0;
91;-0.2045;0.198884;-0.206078;0.183408;-0.198732;0.198956;-0.0688211;0.201535;-0.0596987;0.188063;0.00962963;0.199089;0.0661593;0.000297941;0.092474;-0.00152464;0.136829;8.56774e-05;1;0;1;0.180205;1;0;
92;-0.245463;0.247293;-0.251503;0.197853;-0.200262;0.247335;-0.039442;0.17963;-0.0393626;0.171763;0.0165596;0.178202;0.0734246;0.000173389;0.0628037;-0.0190455;0.113563;4.96813e-05;0.924259;0;1;0.616582;1;0;
93;-0.268692;0.275104;-0.277564;0.190158;-0.223266;0.275128;-0.00464118;0.145158;-6.21014e-05;0.140567;0.0199368;0.144323;0.0695435;0.000100758;0.0385465;-0.0182145;0.0866958;2.86769e-05;0.829761;0;1;1;0.820401;0;
94;-0.28049;0.28911;-0.288746;0.187982;-0.245202;0.289124;0.0456654;0.0962889;0.0495469;0.0936167;0.0138556;0.0958016;0.065473;5.84171e-05;0.0225106;-0.0164805;0.050639;1.64134e-05;0.625315;0;1;1;0.37755;0;
95;-0.258208;0.293232;-0.264306;0.233135;-0.26759;0.29324;0.119278;0.0287745;0.132218;0.0272277;0.0355471;0.0284891;0.0542392;3.37751e-05;-0.0337067;-0.00946686;0.0295726;9.29407e-06;0.411033;0;1;1;0;0;
96;-0.255455;0.250789;-0.255262;0.221971;-0.273245;0.288224;0.141081;-0.0545095;0.211118;-0.055408;0.0920816;-0.0546871;0.033047;0.122176;-0.0326448;0.0275239;0.01727;5.20789e-06;0;0.331838;1;1;0;0;
97;-0.253415;0.216615;-0.258994;0.201304;-0.263593;0.27234;0.183238;-0.0424518;0.268749;-0.125839;0.154622;-0.132777;0.0192987;0.154607;-0.0213812;0.0617165;0.0100853;0.0327751;0;0.737395;1;1;0;1;
98;-0.23383;0.211533;-0.253912;0.168757;-0.239773;0.244881;0.217955;-0.040618;0.289602;-0.143159;0.201244;-0.168949;0.0112698;0.161096;-0.00837534;0.0778853;0.00588938;0.0439112;0;1;0.871746;0.784324;0;1;
