1;-0.000363587;0.000116064;9.94837e-05;-0.000363587;0.000116064;9.94836e-05;0.0349769;0.0347456;0.0352594;0.0349771;0.0347458;0.0352596;0.808667;0.808665;0.808666;0.808667;0.808665;0.808666;0;0;0;0;0;0;
2;-0.000159889;-0.000262068;0.000215206;0.000899188;0.0127691;0.00136455;0.149512;0.151308;0.151994;0.175363;0.180083;0.178531;0.472447;0.472447;0.47245;0.472443;0.472445;0.47245;1;1;1;1;1;1;
3;0.00081999;6.38458e-05;-0.00408269;-0.00401984;0.0201285;0.00379911;0.0874058;0.0909079;0.0905726;0.102334;0.108265;0.105608;0.275926;0.275926;0.275928;0.275926;0.275926;0.27593;0.645418;0.775812;0.975857;0.454791;0.668369;1;
4;0.0021034;-0.000597602;-0.00174946;-0.00298236;0.0123897;0.00158377;0.0510232;0.053123;0.0528732;0.0597954;0.0632049;0.061708;0.161146;0.161147;0.161148;0.161147;0.161147;0.16115;0.779395;0.758382;1;0.493194;0.581624;0.823564;
5;0.00243199;-0.00122515;-0.00014557;-0.00261783;0.00811164;4.88322e-05;0.0300203;0.031797;0.0318633;0.0351807;0.0366615;0.0362984;0.0941129;0.0941134;0.0941143;0.0941128;0.0941133;0.0941152;0.809199;0.544294;0.877765;0.490763;0.612082;0.898845;
6;0.00253144;-0.0018229;0.00102234;-0.00258948;0.00584455;-0.00107897;0.029191;0.0327105;0.0342432;0.0311723;0.0332136;0.0361699;0.0549646;0.0549648;0.0549657;0.0549643;0.0549651;0.054966;0.754478;0.603251;0.908925;0.491021;0.629884;0.889165;
7;0.00272167;-0.00230787;0.00184035;-0.00275554;0.00465651;-0.00187342;0.0266473;0.0301406;0.0299683;0.0295632;0.0300179;0.0328019;0.032102;0.0321019;0.032103;0.0321015;0.0321026;0.0321028;0.763371;0.585225;0.908709;0.485816;0.64112;0.871976;
8;0.0028553;-0.00248137;0.00220836;-0.00259705;0.00385298;-0.00222766;0.0248023;0.0296881;0.0286381;0.0303511;0.0299673;0.0341447;0.0187502;0.0187497;0.0187512;0.0187495;0.018751;0.0187507;0.782673;0.574093;0.943303;0.481319;0.669245;0.873839;
9;0.00220589;-0.0019875;0.00182807;-0.00205504;0.00278853;-0.00183933;0.0230455;0.0295988;0.0270891;0.0318803;0.0300648;0.035876;0.0109529;0.0109518;0.0109538;0.0109518;0.0109539;0.0109528;0.602697;0.544809;0.959092;0.46926;0.695286;0.849417;
10;0.000393001;-0.000265436;0.000172361;-0.000304863;0.000733252;-0.000178904;0.0207148;0.0290887;0.0245105;0.0334423;0.0295899;0.0371902;0.00639935;0.00639746;0.00640019;0.00639781;0.00640064;0.00639869;0.665638;0.508733;0.98138;0.453541;0.728415;0.822074;
11;-0.0034165;0.00349101;-0.00354539;0.00346801;-0.0032178;0.00354157;0.0185642;0.0292162;0.0223611;0.0355518;0.0291216;0.0397156;0.00374022;0.00373742;0.00616844;0.00373813;0.00770344;0.00373897;0.707048;0.474703;1;0.440471;0.760918;0.800771;
12;-0.010295;0.0103385;-0.0103702;0.0103251;-0.0101789;0.010368;0.0162878;0.0291588;0.0193896;0.0376281;0.0289069;0.0411057;0.00531156;0.00218372;0.00703857;0.00218476;0.0078799;0.00218557;0.693052;0.445084;1;0.430753;0.792463;0.780105;
13;-0.0214702;0.0214956;-0.0215142;0.0214878;-0.0214024;0.0215129;0.0163962;0.0297366;0.0195704;0.0382692;0.028105;0.0414015;0.00570772;0.00127628;0.00522397;0.00127758;0.0100602;0.00127835;0.633579;0.437193;1;0.428779;0.80132;0.772279;
14;-0.038035;0.0380498;-0.0380607;0.0380453;-0.0379953;0.0380599;0.0184324;0.0294232;0.021461;0.0359992;0.028539;0.0395652;0.00366571;0.000746706;0.00566459;0.000747946;0.00812427;0.000748694;0.849572;0.474064;1;0.442051;0.76529;0.79603;
15;-0.0602937;0.0603023;-0.0603087;0.0602998;-0.0602705;0.0603083;0.0244645;0.0279203;0.027925;0.02768;0.0281129;0.0311466;0.00351595;0.0022764;0.00331089;0.00142506;0.00474735;0.00284324;0.762036;0.59469;0.921054;0.488894;0.638313;0.883017;
16;-0.0867278;0.0867327;-0.0867365;0.0867314;-0.0867142;0.0867363;0.0424402;0.0281703;0.0465362;0.0123459;0.0326227;0.0183481;0.00205455;0.0124463;0.00193544;0.00745099;0.00277291;0.00995589;0.55314;0.865591;0.771753;0.60579;0.355247;1;
17;-0.113115;0.113117;-0.11312;0.113117;-0.113107;0.11312;0.0576621;0.0168335;0.0600556;-0.0256623;0.0519285;-0.0221541;0.0011996;0.0232838;0.00113077;0.00771653;0.00161901;0.0101818;0.146932;1;0.501201;0.564391;0;1;
18;-0.132798;0.1328;-0.132801;0.1328;-0.132794;0.132801;0.0952393;-0.0517189;0.0966371;-0.0765482;0.091891;-0.074494;0.000700184;0.0344836;0.000659973;0.0047068;0.000945124;0.0127568;0;1;0;0.507678;0;1;
19;-0.138311;0.138312;-0.138312;0.138311;-0.138308;0.138312;0.143403;-0.117974;0.144219;-0.132484;0.141447;-0.13128;0.000408518;0.0201435;0.000385041;0.00275043;0.000551534;0.00745294;0;1;0;0.407112;0;1;
20;-0.123566;0.123567;-0.123567;0.123566;-0.123564;0.123567;0.185871;-0.17101;0.186348;-0.179492;0.184729;-0.178785;0.00023814;0.0117664;0.000224432;0.00160725;0.000321641;0.00435404;0;1;0;0.732446;0;1;
21;-0.0843847;0.0843855;-0.0843853;0.084385;-0.0843839;0.0843854;0.21487;-0.193205;0.215148;-0.211143;0.214203;-0.210727;0.000138622;0.00687223;0.000130619;0.000939041;0.000187344;0.00254313;0;1;0;0.664261;0;1;
22;-0.0173043;0.0173051;-0.0173046;0.0173045;-0.0173039;0.0173047;0.230502;-0.185382;0.230665;-0.228323;0.230113;-0.218275;8.0437e-05;0.00401382;7.57656e-05;0.0005484;0.000108901;0.00148496;0;1;0;0.383722;0;1;
23;0.0725459;-0.0725448;0.0725457;-0.0725457;0.072546;-0.0725455;0.228957;-0.163012;0.229013;-0.209578;0.228972;-0.207935;4.64569e-05;0.00234485;4.37178e-05;0.00032011;6.30763e-05;0.000867176;0;1;0;0.629443;0;1;
24;0.159619;-0.159618;0.159619;-0.159619;0.159619;-0.159619;0.192437;-0.134774;0.191355;-0.169142;0.19471;-0.177332;2.67827e-05;0.00654302;2.51828e-05;0.000187473;3.6294e-05;0.000324983;0;1;0;0.698414;0;1;
25;0.222491;-0.22249;0.22249;-0.22249;0.222491;-0.22249;0.154396;-0.0730469;0.152035;-0.12496;0.184727;-0.148157;1.51159e-05;0.0165534;-0.000446188;0.00660417;2.0681e-05;0.000190617;0;1;0;0.618212;0;1;
26;0.261128;-0.261128;0.261128;-0.261128;0.261128;-0.261128;0.144502;-0.0131585;0.142653;-0.0631855;0.162215;-0.101276;8.39476e-06;0.034732;-0.000260968;0.0213217;1.15855e-05;0.00339989;0;1;0;1;0;0.933949;
27;0.282492;-0.282494;0.282492;-0.282493;0.282493;-0.282493;0.114852;0.0369363;0.11377;0.0140529;0.125194;-0.0303599;0.00683543;0.0346424;-0.000152769;0.0327014;6.28949e-06;0.00832881;0.615629;1;0;1;0;0.8708;
28;0.292154;-0.292155;0.292154;-0.292155;0.292154;-0.292155;0.0651558;0.0584507;0.0645237;0.0652176;0.0711942;0.0642839;0.00804137;0.0202361;0.0181926;0.019102;0.0174459;0.0243245;0.746296;0.716095;1;0.562248;0.618791;1;
29;0.292552;-0.293921;0.292276;-0.292757;0.292336;-0.292737;-0.00622788;0.0784155;-0.00658731;0.0823675;-0.00268805;0.081823;0.00667374;0.0118174;0.0224717;0.0111552;0.028035;0.0142056;0.543298;0;1;0;1;0;
30;0.283661;-0.284461;0.2835;-0.283781;0.283535;-0.283769;-0.088707;0.130866;-0.0889072;0.133174;-0.0866261;0.132856;0.0038992;0.00690091;0.018182;0.00651418;0.035148;0.0082956;0.62263;0;1;0;1;0;
31;0.263315;-0.263782;0.263221;-0.263385;0.263242;-0.263378;-0.158162;0.182783;-0.158272;0.184131;-0.156936;0.183946;0.00227827;0.00402967;0.0106211;0.00380384;0.0205303;0.00484418;0.783904;0;1;0;1;0;
32;0.231774;-0.232047;0.23172;-0.231816;0.231733;-0.231812;-0.204426;0.218806;-0.204484;0.219593;-0.200245;0.219485;0.00133119;0.00235287;0.00620388;0.00222095;0.0155357;0.00282848;0.95019;0;1;0;1;0;
33;0.189529;-0.189688;0.189497;-0.189553;0.189504;-0.189551;-0.231682;0.240082;-0.231713;0.240541;-0.208254;0.240478;0.000777525;0.00137353;0.00362317;0.00129652;0.00907291;0.00165131;0.860152;0;1;0;1;0;
34;0.133919;-0.134012;0.133901;-0.133934;0.133905;-0.133932;-0.246022;0.250929;-0.22794;0.251197;-0.203166;0.25116;0.000453858;0.00080158;0.00211566;0.000756628;0.00529798;0.000963825;0.737526;0;1;0;1;0;
35;0.0591769;-0.059231;0.059166;-0.0591851;0.0591685;-0.0591843;-0.238853;0.250018;-0.224839;0.248989;-0.194409;0.249155;0.00026466;0.000467555;0.00123543;0.000441324;0.0030936;0.000562325;0.907999;0;1;0;1;0;
36;-0.0359222;0.0358908;-0.0359285;0.0359174;-0.0359271;0.0359179;-0.218889;0.225846;-0.211545;0.236001;-0.173067;0.236178;0.00015443;0.00027248;0.000721542;0.000257196;0.00180687;0.000327867;1;0;1;0;1;0;
37;-0.13221;0.132192;-0.132213;0.132207;-0.132213;0.132207;-0.182356;0.20262;-0.190307;0.200092;-0.14849;0.201783;9.05526e-05;0.000158613;0.000421783;0.000149863;0.00490564;0.000191143;1;0;1;0;1;0;
38;-0.205022;0.205011;-0.205024;0.20502;-0.205024;0.20502;-0.132071;0.16917;-0.154947;0.173782;-0.0851478;0.172048;0.000890971;9.21021e-05;0.000247162;8.69291e-05;0.0161242;0.000111012;1;0;1;0;1;0;
39;-0.250955;0.250949;-0.250957;0.250954;-0.250957;0.250954;-0.0882595;0.158746;-0.114927;0.161439;-0.0332144;0.160426;0.0137172;5.33115e-05;0.00198539;5.03686e-05;0.0236727;6.44373e-05;0.916725;0;1;0;0.924111;0;
40;-0.277084;0.27708;-0.277084;0.277082;-0.277085;0.277083;-0.00471948;0.130432;-0.0534333;0.132006;0.0358205;0.131413;0.0238548;3.06747e-05;0.00465487;0.00324348;0.0510265;3.72203e-05;1;0;1;0.280548;1;0;
41;-0.289952;0.289949;-0.289952;0.28995;-0.289953;0.289951;0.0511369;0.0842239;0.0465409;0.0851485;0.0618621;0.0847986;0.0230384;1.75985e-05;0.0302891;0.0104138;0.0298063;0.00801028;1;0.147404;1;0.549527;1;0.700736;
42;-0.293161;0.29316;-0.293162;0.29316;-0.293162;0.293161;0.0660178;0.0172684;0.0644013;0.0178001;0.0661639;0.0176013;0.0134546;0.0278413;0.0176902;0.00642049;0.0174067;0.0195514;0;1;0.478514;0.651058;0;1;
43;-0.287143;0.287142;-0.287143;0.287142;-0.287143;0.287142;0.113851;-0.0651962;0.112907;-0.0649007;0.113936;-0.0650058;0.00785702;0.0358202;0.0103306;0.00413579;0.010165;0.020901;0;1;0;0.427561;0;1;
44;-0.270064;0.270064;-0.270065;0.270064;-0.270065;0.270064;0.169084;-0.140657;0.168532;-0.140495;0.169133;-0.140549;0.00458807;0.0209237;0.00603264;0.00241663;0.0059359;0.0122097;0;1;0;0.43621;0;1;
45;-0.241493;0.241493;-0.241493;0.241492;-0.241493;0.241493;0.210079;-0.193467;0.209757;-0.193382;0.210108;-0.193408;0.00267896;0.0122213;0.00352258;0.00141201;0.00346607;0.00713179;0;1;0;0.464797;0;1;
46;-0.202303;0.202303;-0.202303;0.202303;-0.202303;0.202303;0.235167;-0.209198;0.234979;-0.225415;0.235184;-0.225426;0.00156402;0.00713723;0.00205669;0.000824699;0.00202365;0.00416499;0;1;0;0.49338;0;1;
47;-0.150865;0.150865;-0.150865;0.150864;-0.150865;0.150865;0.24862;-0.205114;0.24851;-0.242924;0.24863;-0.230026;0.000912834;0.00416786;0.00120055;0.000481355;0.00118126;0.00243177;0;1;0;0.525258;0;1;
48;-0.0819839;0.0819843;-0.0819839;0.0819839;-0.081984;0.081984;0.251666;-0.196045;0.251985;-0.24277;0.25112;-0.226158;0.00053256;0.0024338;0.000700563;0.000280584;0.000689309;0.00141975;0;1;0;0.545872;0;1;
49;0.00835584;-0.00835508;0.00835581;-0.00835585;0.00835573;-0.00835573;0.240046;-0.177111;0.240583;-0.226723;0.233674;-0.215236;0.00031046;0.00142173;0.000408579;0.000163531;0.00040199;0.000828887;0;1;0;0.607934;0;1;
50;0.107335;-0.107334;0.107335;-0.107334;0.107334;-0.107334;0.211211;-0.149528;0.210894;-0.199162;0.210343;-0.200814;0.000180793;0.000831111;0.000238087;9.56161e-05;0.000234209;0.000484258;0;1;0;0.664783;0;0.819214;
51;0.187852;-0.187852;0.187852;-0.187852;0.187852;-0.187852;0.176414;-0.105128;0.17433;-0.153905;0.17382;-0.164751;0.000105098;0.0126732;0.000138539;-0.00192545;0.000136224;0.000276659;0;1;0;0.748892;0;0.99945;
52;0.240617;-0.240617;0.240616;-0.240617;0.240617;-0.240616;0.168266;-0.0479179;0.153536;-0.0926488;0.134508;-0.126264;6.09098e-05;0.0266607;8.05621e-05;0.0105995;7.91018e-05;0.00121836;0;1;0;0.601215;0;0.819352;
53;0.27144;-0.271441;0.27144;-0.27144;0.27144;-0.27144;0.142689;0.0219651;0.134086;-0.0308588;0.122974;-0.0787446;3.51888e-05;0.0394332;4.66006e-05;0.0269588;4.57419e-05;0.00164014;0;1;0;1;0;0.911227;
54;0.287466;-0.287468;0.287466;-0.287467;0.287467;-0.287467;0.100529;0.0513705;0.0955;0.0382756;0.0890106;0.0216599;0.011638;0.0362503;2.68585e-05;0.0453772;2.62835e-05;0.0147694;0.698011;1;0;0.982794;0;1;
55;0.293158;-0.293159;0.293158;-0.293159;0.293158;-0.293159;0.0387498;0.0668262;0.0358189;0.0699139;0.0373754;0.0776239;0.0078292;0.021171;0.0261063;0.0265008;0.0390149;0.00862735;0.739359;0.0960857;1;0.142697;1;0.848042;
56;0.289813;-0.289814;0.289813;-0.289813;0.289813;-0.289813;-0.0415121;0.103169;-0.0432125;0.104973;-0.0422996;0.109475;0.00457402;0.0123633;0.0206675;0.0154759;0.0316915;0.00503788;0.550092;0;1;0;1;0;
57;0.275955;-0.275955;0.275955;-0.275955;0.275955;-0.275955;-0.121587;0.157596;-0.122572;0.158649;-0.122035;0.161279;0.00267271;0.00721972;0.0120739;0.00903746;0.0185132;0.00294171;0.644951;0;1;0;1;0;
58;0.250436;-0.250436;0.250436;-0.250436;0.250436;-0.250436;-0.181091;0.202122;-0.181661;0.202737;-0.181344;0.204272;0.00156171;0.00421582;0.00705295;0.00527739;0.0108141;0.0017175;0.685294;0;1;0;1;0;
59;0.214179;-0.214179;0.214179;-0.214179;0.214179;-0.214179;-0.218264;0.230546;-0.218591;0.230905;-0.212252;0.231802;0.000912268;0.00246151;0.00411921;0.00308149;0.00631579;0.00100253;0.727037;0;1;0;1;0;
60;0.166496;-0.166496;0.166496;-0.166496;0.166496;-0.166496;-0.239214;0.246389;-0.231606;0.246598;-0.202584;0.247122;0.000532578;0.00143699;0.00240509;0.00179902;0.00368832;0.00058494;0.790491;0;1;0;1;0;
61;0.103062;-0.103062;0.103062;-0.103062;0.103062;-0.103062;-0.246461;0.253476;-0.227075;0.253599;-0.198828;0.253904;0.000310592;0.00083864;0.0014041;0.00105008;0.00215369;0.000341051;0.804493;0;1;0;1;0;
62;0.018414;-0.0184141;0.0184141;-0.018414;0.0184147;-0.018414;-0.232069;0.238271;-0.218979;0.244537;-0.183241;0.244008;0.000181005;0.0004892;0.000819707;0.000612695;0.00125794;0.000198625;0.888605;0;1;0;1;0;
63;-0.0808906;0.0808904;-0.0808905;0.0808906;-0.0808897;0.0808906;-0.204897;0.217111;-0.204149;0.226337;-0.158318;0.226691;0.000105624;0.000285158;0.000478745;0.000357277;0.000735488;0.000115457;0.746395;0;1;0;1;0;
64;-0.168493;0.168493;-0.168493;0.168493;-0.168492;0.168493;-0.165808;0.185722;-0.17898;0.218685;-0.119862;0.218892;-0.000906818;0.000166003;-0.001866;0.000208148;0.00998988;6.69049e-05;1;0;1;0;1;0;
65;-0.228615;0.228615;-0.228615;0.228615;-0.228615;0.228615;-0.111538;0.147668;-0.139027;0.197981;-0.0658607;0.198102;0.00411501;9.64478e-05;-0.00108874;0.00012108;0.0259601;3.85781e-05;1;0;1;0;1;0;
66;-0.264692;0.264691;-0.264691;0.264691;-0.264692;0.264691;-0.0580506;0.136879;-0.0938653;0.166261;0.00158099;0.166332;0.0195437;5.58666e-05;-0.000634607;7.02946e-05;0.0297751;2.21206e-05;1;0;0.89046;0;1;0;
67;-0.284217;0.284216;-0.284217;0.284216;-0.284218;0.284216;0.0419768;0.105492;-0.0115769;0.122654;0.0414926;0.122693;0.0376721;3.21768e-05;0.025351;0.011851;0.0349452;1.25189e-05;1;0;1;0.430591;1;0;
68;-0.292489;0.292489;-0.292489;0.292488;-0.29249;0.292489;0.0548966;0.0529598;0.0702586;0.0629804;0.0732346;0.0630052;0.0220038;0.0175952;0.0241618;0.00712682;0.0204119;0.0365459;0.729032;0.72986;1;0.443967;0.566547;1;
69;-0.291686;0.292108;-0.291686;0.291685;-0.291739;0.291686;0.0841581;-0.021154;0.0931296;-0.0153169;0.0948673;-0.0152913;0.0128498;0.0302054;0.0141101;0.0050237;0.01192;0.0213504;0;1;0;0.365228;0;1;
70;-0.280941;0.281188;-0.280941;0.28094;-0.280972;0.280941;0.139533;-0.102725;0.144773;-0.0993288;0.145787;-0.099305;0.00750383;0.0270499;0.00823988;0.00293548;0.00696082;0.0158743;0;1;0;0.420566;0;1;
71;-0.258577;0.258721;-0.258577;0.258577;-0.258595;0.258577;0.189592;-0.168085;0.192652;-0.166112;0.193245;-0.166091;0.00438178;0.0158004;0.00481162;0.00171533;0.00406464;0.00927304;0;1;0;0.584717;0;1;
72;-0.225212;0.225296;-0.225212;0.225211;-0.225222;0.225211;0.223044;-0.209759;0.224831;-0.209331;0.225177;-0.209314;0.00255846;0.00922841;0.00280948;0.00100218;0.00237324;0.00541614;0;1;0;0.664852;0;1;
73;-0.180948;0.180997;-0.180948;0.180948;-0.180954;0.180948;0.242378;-0.205051;0.243421;-0.234368;0.243623;-0.233612;0.00149361;0.00538904;0.00164021;0.000585158;0.00138543;0.00316269;0;0.974588;0;0.686845;0;1;
74;-0.12247;0.122499;-0.12247;0.12247;-0.122473;0.12247;0.251864;-0.200642;0.252474;-0.247185;0.252592;-0.22901;0.000871724;0.00314689;0.000957328;0.000341362;0.000808531;0.00184648;0;0.992104;0;0.728676;0;1;
75;-0.0438947;0.043912;-0.0438947;0.0438946;-0.0438968;0.0438948;0.247608;-0.188115;0.247513;-0.236759;0.24616;-0.222404;0.000508537;0.00183785;0.000558529;0.000198867;0.000471619;0.00107802;0;1;0;0.801794;0;1;
76;0.0534502;-0.0534396;0.0534502;-0.0534502;0.053449;-0.0534501;0.232798;-0.16582;0.232214;-0.214448;0.221501;-0.208892;0.000296445;0.00107403;0.000325629;0.000115954;0.000274875;0.000629506;0;1;0;0.730857;0;1;
77;0.146925;-0.146919;0.146925;-0.146925;0.146924;-0.146925;0.209678;-0.138513;0.205835;-0.175534;0.197529;-0.185532;0.000172752;0.00597368;0.00018982;-0.000278368;-0.000855305;0.000368027;0;1;0;0.513649;0;1;
78;0.214778;-0.214775;0.214778;-0.214778;0.214778;-0.214778;0.197511;-0.0783367;0.195266;-0.128302;0.189743;-0.151426;0.000100305;0.0211959;0.000110241;0.000604262;-0.000499992;0.000215754;0;1;0;0.756274;0;1;
79;0.256704;-0.256703;0.256704;-0.256704;0.256704;-0.256704;0.171803;-0.019723;0.170492;-0.0764747;0.167266;-0.107966;5.81657e-05;0.0274484;6.39685e-05;0.0187084;-0.000292489;0.0027673;0;1;0;0.795526;0;0.918336;
80;0.280131;-0.280132;0.280131;-0.280132;0.280131;-0.280132;0.133547;0.0385381;0.13278;0.0155332;0.130896;-0.0345614;0.00969872;0.0407364;3.69311e-05;0.0433991;-0.000171294;0.00787673;0.260611;1;0;0.902384;0;0.940294;
81;0.291149;-0.291151;0.29115;-0.291151;0.29115;-0.29115;0.0798498;0.066882;0.0793993;0.0554816;0.0782976;0.0584243;0.0104677;0.0237962;0.0191419;0.0253507;0.00244512;0.0253462;0.497456;0.935842;0.878452;0.719489;0.441533;1;
82;0.292813;-0.292814;0.292813;-0.292814;0.292813;-0.292813;0.00692735;0.0787663;0.00667219;0.0721092;0.00922255;0.0738288;0.00611577;0.0138965;0.0227163;0.0148047;0.0314073;0.0148028;0.876054;0;1;0;1;0.414494;
83;0.285021;-0.285022;0.285021;-0.285022;0.285021;-0.285021;-0.0776075;0.127654;-0.0777463;0.123766;-0.0762531;0.12477;0.00357326;0.00811511;0.0230725;0.00864553;0.0333414;0.00864436;0.530199;0;1;0;1;0;
84;0.265889;-0.265889;0.265889;-0.265889;0.265889;-0.265889;-0.150447;0.179675;-0.150521;0.177405;-0.149645;0.177991;0.002088;0.00473875;0.0134776;0.00504854;0.0194757;0.00504786;0.657443;0;1;0;0.982037;0;
85;0.23544;-0.23544;0.23544;-0.23544;0.235441;-0.23544;-0.199703;0.216773;-0.19974;0.215447;-0.196047;0.215789;0.00122002;0.00276693;0.00787205;0.00294784;0.0113754;0.00294745;0.704676;0;1;0;1;0;
86;0.194343;-0.194344;0.194344;-0.194344;0.194344;-0.194344;-0.229007;0.238977;-0.229025;0.238203;-0.206303;0.238403;0.000712452;0.00161535;0.00459714;0.00172105;0.00664318;0.00172082;0.74973;0;1;0;1;0;
87;0.140326;-0.140326;0.140326;-0.140326;0.140327;-0.140326;-0.244678;0.250502;-0.229587;0.25005;-0.202686;0.250166;0.000415777;0.000942813;0.00268418;0.00100454;0.00387949;0.00100439;0.787977;0;1;0;1;0;
88;0.0677848;-0.0677849;0.0677849;-0.0677848;0.0677854;-0.0677849;-0.240411;0.251134;-0.225392;0.250109;-0.193465;0.250509;0.000242279;0.000550047;0.00156719;0.000586106;0.00226543;0.000586016;0.833876;0;1;0;1;0;
89;-0.0257063;0.0257062;-0.0257062;0.0257063;-0.0257055;0.0257063;-0.222391;0.228374;-0.21343;0.237389;-0.173205;0.237698;0.00014124;0.000320663;0.000915061;0.000341737;0.00132352;0.000341682;0.928778;0;1;0;1;0;
90;-0.123251;0.123251;-0.123251;0.123251;-0.123251;0.123251;-0.189175;0.205576;-0.194464;0.204889;-0.14959;0.204487;8.2725e-05;0.000186701;0.000534647;0.000199078;0.000774063;0.000199051;1;0;1;0;1;0;
91;-0.198942;0.198942;-0.198942;0.198942;-0.198942;0.198942;-0.141469;0.170341;-0.157223;0.171417;-0.0966017;0.167644;0.00189855;0.000108492;0.00031294;0.000115765;0.0143909;0.000115718;1;0;1;0;1;0;
92;-0.247327;0.247327;-0.247327;0.247327;-0.247327;0.247327;-0.0868998;0.161413;-0.119847;0.162041;-0.0346737;0.156404;0.00569932;6.29197e-05;0.00254356;6.71542e-05;0.0274267;6.71704e-05;1;0;0.95697;0;1;0;
93;-0.275124;0.275124;-0.275124;0.275124;-0.275125;0.275124;-0.0183539;0.134519;-0.0682001;0.134886;0.0303382;0.131594;0.027887;3.62672e-05;0.0014868;3.88555e-05;0.0389098;3.88433e-05;1;0;0.890028;0;1;0;
94;-0.289121;0.289121;-0.289121;0.28912;-0.289122;0.289121;0.0437808;0.0900759;0.0405374;0.090296;0.0574857;0.0883683;0.0372574;2.07656e-05;0.0198163;0.00881415;0.0351625;0.005331;1;0;1;0.413932;1;0.216473;
95;-0.293239;0.293238;-0.293239;0.293238;-0.293239;0.293238;0.0567246;0.0271179;0.0847302;0.0252796;0.0535834;0.024162;0.0217588;0.0315437;0.0115739;0.00515017;0.0205349;0.0248741;0.373395;1;0.486398;0.429442;0.130605;1;
96;-0.288224;0.288223;-0.288223;0.288223;-0.288224;0.288223;0.104449;-0.0554692;0.120804;-0.0565577;0.102615;-0.0571994;0.0127066;0.0346103;0.00675865;0.00300952;0.0119919;0.0213523;0;1;0;0.484878;0;1;
97;-0.27234;0.27234;-0.27234;0.27234;-0.272341;0.27234;0.161845;-0.133228;0.171396;-0.133875;0.160774;-0.134242;0.00742024;0.0202174;0.00394662;0.00175894;0.00700283;0.0124735;0;1;0;0.536671;0;1;
98;-0.244882;0.244882;-0.244882;0.244881;-0.244882;0.244882;0.205462;-0.188739;0.21104;-0.189127;0.204836;-0.189335;0.00433294;0.0118091;0.00230435;0.00102796;0.00408916;0.00728602;0;1;0;0.46179;0;1;
