1;-0.000363588;0.000116064;9.94838e-05;-0.000363588;0.000116065;9.94838e-05;0.0349769;0.0347456;0.0352595;0.0349769;0.0347456;0.0352594;0.808667;0.808665;0.808666;0.808667;0.808665;0.808666;0;0;0;0;0;0;
2;-0.00159287;-0.00229971;-0.00162722;-0.00189991;-0.00170008;-0.00184834;0.114562;0.115263;0.120026;0.114155;0.11526;0.119833;0.472342;0.472342;0.472347;0.47234;0.47234;0.472346;1;1;1;1;1;1;
3;-0.00254301;-0.00194537;-0.000835268;-0.00419724;-0.00178783;-0.0024028;0.0720024;0.0738893;0.076518;0.0723188;0.0746711;0.078613;0.275854;0.275855;0.275858;0.275853;0.275853;0.275858;0;0;0;0;0;0;
4;0.00266744;0.00353871;0.00399655;-0.00553937;-0.00328623;-0.00388989;0.140124;0.145238;0.151983;0.133521;0.149536;0.151448;0.161117;0.161118;0.161121;0.161112;0.161123;0.16112;0.742956;0.717465;0.990219;0.621412;0.381477;1;
5;0.00257907;0.00280653;0.00342741;-0.00358134;-0.00163848;-0.00246031;0.14946;0.152323;0.155042;0.155007;0.157628;0.164119;0.150522;0.151884;0.155978;0.127803;0.146233;0.141526;0.728682;0.678637;0.963381;0.569511;0.484629;0.976545;
6;0.0024787;0.00278118;0.00343511;-0.00363912;-0.00156999;-0.0024234;0.146558;0.14966;0.152932;0.153411;0.157315;0.1637;0.149128;0.150254;0.154219;0.131379;0.14771;0.143509;0.726668;0.693688;0.969219;0.57047;0.473975;0.972792;
7;0.00214957;0.00220447;0.0029623;-0.0027132;-0.0006517;-0.00165748;0.144227;0.148493;0.148993;0.154083;0.157795;0.165874;0.14723;0.146313;0.152432;0.132069;0.148965;0.144063;0.733431;0.723177;1;0.557906;0.485935;0.976977;
8;0.00197498;0.00197951;0.00278931;-0.00297539;-0.000943149;-0.00191338;0.142845;0.148814;0.147651;0.154407;0.15669;0.166207;0.147075;0.144137;0.15227;0.130372;0.148515;0.14205;0.748406;0.699333;1;0.550502;0.510794;0.963779;
9;0.0018276;0.00184871;0.00264987;-0.00282682;-0.00078855;-0.00176382;0.141232;0.149155;0.146101;0.154557;0.154753;0.166156;0.147999;0.142539;0.152715;0.128112;0.148545;0.140203;0.758026;0.671958;1;0.538471;0.540665;0.942293;
10;0.00122538;0.0013377;0.00210144;-0.00230761;-0.000282058;-0.00121257;0.138553;0.149048;0.14367;0.155767;0.153103;0.167192;0.148798;0.139655;0.151901;0.125998;0.150137;0.139408;0.767412;0.639095;1;0.524097;0.580376;0.903583;
11;0.00029961;0.000602744;0.00122151;-0.00146346;0.000433904;-0.000349538;0.135463;0.149072;0.140966;0.157374;0.151951;0.168891;0.149581;0.135787;0.15027;0.123958;0.151977;0.138997;0.777773;0.598233;1;0.514758;0.620322;0.858269;
12;-0.00119525;-0.000585841;-0.000268598;-1.0793e-05;0.00157505;0.00108831;0.133165;0.149391;0.138937;0.158485;0.151395;0.170162;0.150834;0.132468;0.148078;0.121131;0.152158;0.138892;0.775637;0.559326;1;0.518318;0.64949;0.813246;
13;-0.0033717;-0.00213816;-0.00238602;0.00230943;0.00342794;0.00343204;0.131794;0.149457;0.138141;0.158092;0.150781;0.170769;0.15287;0.130725;0.144838;0.118226;0.151164;0.139153;0.745238;0.543195;1;0.537984;0.662812;0.761838;
14;-0.00631495;-0.00447481;-0.00557967;0.00576474;0.00582456;0.0066168;0.133625;0.148069;0.140289;0.155341;0.150237;0.168412;0.153642;0.132669;0.138809;0.115545;0.148194;0.142145;0.678301;0.590898;1;0.581693;0.645981;0.721644;
15;-0.0103431;-0.00781951;-0.0100705;0.0104446;0.00894938;0.010833;0.149012;0.151601;0.152423;0.141956;0.142726;0.153201;0.143699;0.13367;0.124342;0.119917;0.148791;0.157127;0.551583;0.76527;1;0.665157;0.521858;0.677183;
16;-0.0207347;-0.00839301;-0.0124063;0.0242248;0.0230739;0.0248049;0.160573;0.152245;0.172216;0.114617;0.136462;0.13391;0.139352;0.163185;0.120826;0.112128;0.122963;0.157558;0.488087;0.862232;1;0.764756;0.358895;0.78741;
17;-0.0538192;0.00333876;-0.00429106;0.0718282;-0.0329991;0.0706196;0.160604;0.130613;0.194758;0.0818578;0.132468;0.121952;0.0874542;0.203939;0.0836934;0.114041;0.0718143;0.183062;0.174704;0.711487;1;0.524835;0.486834;0.907851;
18;-0.0981674;0.00615365;-0.00303067;0.108687;-0.0860108;0.106026;0.178002;0.128249;0.240189;0.0127016;0.138728;0.0775276;0.0510769;0.268486;0.0704154;0.126759;0.0419388;0.199764;0.583532;0.851649;1;0.631764;0;1;
19;-0.116264;-0.00191788;-0.0108462;0.117286;-0.110987;0.110437;0.212597;0.128761;0.274894;-0.0280853;0.1688;0.0401205;0.0298321;0.299284;0.0558618;0.141516;0.0244915;0.218934;0.409116;1;1;0.609769;0;1;
20;-0.0955663;0.0348277;-0.0448641;0.0658723;-0.109157;0.0653118;0.25417;0.128963;0.273453;-0.0506912;0.200702;-0.0333161;0.0174209;0.368259;0.0326261;0.148439;0.0143024;0.179823;0.7774;1;0.715683;0.520906;0;1;
21;-0.0811725;0.0512989;-0.0384237;0.0506913;-0.07597;0.0503628;0.254501;0.121452;0.267911;-0.0488964;0.223531;-0.0276213;-0.022394;0.349065;0.0190548;0.182178;0.00835202;0.173683;0.786971;1;0.723027;0.512404;0;1;
22;-0.0944902;0.0315192;0.0095362;-0.00236244;-0.0123904;-0.00257063;0.265624;0.123928;0.266921;-0.0511129;0.23556;-0.0456613;-0.0226314;0.36673;0.0111293;0.175189;0.00487691;0.14981;0.95773;0.967622;0.48777;0.513596;0;1;
23;-0.115318;0.00554935;0.0882208;-0.0804174;0.0754153;-0.084161;0.261966;0.123687;0.255343;-0.0381163;0.229213;-0.0529968;-0.029292;0.36526;0.00649917;0.182092;0.0028475;0.129467;1;0.69622;0.290225;0.40709;0;1;
24;-0.111022;-0.014085;0.168774;-0.147837;0.161295;-0.166406;0.262099;0.118985;0.23782;-0.0155188;0.209086;-0.0644183;-0.0433135;0.325676;0.00379517;0.18269;0.00166235;0.0989806;1;0;0;0.381789;0;1;
25;-0.0242985;-0.0142542;0.227837;-0.181853;0.223469;-0.226452;0.229581;0.0807276;0.212131;0.00729394;0.19535;-0.109477;-0.0260122;0.293427;0.00221581;0.161466;0.000970279;0.0369346;1;0.477009;0;0.413802;0;1;
26;0.0426574;-0.0384402;0.26425;-0.201724;0.261699;-0.26344;0.191355;0.0760126;0.178219;0.0356768;0.168419;-0.0947;-0.0151894;0.205064;0.00129335;0.156197;0.00056623;-0.0507034;1;0.429872;0;0.344989;0;1;
27;-0.0168907;-0.121928;0.284316;-0.227906;0.282826;-0.278683;0.143438;0.0558875;0.13454;0.0852683;0.128817;-0.013326;-0.0318352;0.141621;0.000755072;0.153072;0.000330177;-0.0324718;1;0.547816;0;0.39132;0;1;
28;0.104731;-0.175097;0.29322;-0.228787;0.31716;-0.284613;0.0818615;0.0403056;0.076648;0.0940664;0.0733107;-0.0587392;0.0403421;0.0827103;0.000440742;0.0971366;0.0343016;-0.0997909;1;0;0;0.0683525;0.347793;1;
29;0.183166;-0.22437;0.297198;-0.255724;0.304484;-0.262774;0.00353746;0.0678184;0.000479207;0.0961001;0.0411811;0.00564332;0.0473835;0.0483016;0.000256861;0.056727;0.161383;-0.157143;1;0;0;0;0.172128;1;
30;0.172153;-0.243843;0.287698;-0.262154;0.254789;-0.263816;-0.0829906;0.124677;-0.084795;0.141194;0.0382154;0.088352;0.0398433;0.0282076;-0.015914;0.0331278;0.22329;-0.140871;1;0;0.690417;0;0.432037;1;
31;0.140831;-0.240062;0.265669;-0.250755;0.235751;-0.255283;-0.140714;0.179169;-0.155875;0.188815;0.0517383;0.149532;0.0656383;0.0164728;-0.00830466;0.0193459;0.260019;-0.128772;1;0;1;0;0.738353;1;
32;0.14487;-0.218194;0.232085;-0.22444;0.154219;-0.228995;-0.129111;0.216695;-0.105817;0.222327;-0.00477411;0.199385;0.112328;0.00961973;0.102029;0.0112974;0.185252;-0.0794043;0.812687;0;1;0;1;0;
33;0.107181;-0.181599;0.18971;-0.185245;0.0561716;-0.187905;-0.143405;0.238848;-0.104246;0.242139;-0.00713727;0.22874;0.0892968;0.005617;0.114216;0.00659735;0.180774;-0.0463717;0.615043;0;1;0;1;0;
34;0.0389665;-0.129289;0.134024;-0.131418;0.0480282;-0.132971;-0.151408;0.250208;-0.144699;0.25213;0.0153045;0.244305;0.0680168;0.00327988;0.0667202;0.00385218;0.205045;-0.0270814;0.94831;0;1;0;1;0;
35;-0.0228308;-0.0564725;0.0592466;-0.0577159;0.00901531;-0.058623;-0.114466;0.248009;-0.120356;0.249835;-0.0158165;0.249477;0.101719;0.00191485;0.0901267;0.00224914;0.16116;-0.0158159;0.862431;0;1;0;1;0;
36;-0.107918;0.0375017;-0.0358655;0.0367755;-0.0652149;0.0362457;-0.114622;0.228284;-0.136899;0.236935;0.00414868;0.233134;0.0816847;0.00111756;0.0700566;0.00131313;0.170509;-0.00923676;0.978628;0;1;0;1;0;
37;-0.19356;0.133132;-0.132159;0.132708;-0.149311;0.132399;-0.089147;0.208846;-0.121292;0.202816;0.0115293;0.204479;0.09009;0.000652212;0.0753072;0.00076635;0.149605;-0.00539481;1;0;1;0;1;0;
38;-0.261859;0.205561;-0.204979;0.205313;-0.215002;0.205132;-0.0445779;0.19993;-0.091643;0.19617;0.0196008;0.19738;0.0875687;0.000380249;0.0705393;0.000447167;0.12659;-0.00315085;1;0;1;0;1;0;
39;-0.306841;0.25127;-0.250925;0.248151;-0.256398;0.25102;-0.0232799;0.176709;-0.0709453;0.174514;0.0452396;0.17522;0.0730133;0.000221591;0.048533;0.000260812;0.113919;-0.00184054;1;0;1;0.0938133;1;0;
40;-0.324334;0.277267;-0.276914;0.270718;-0.268212;0.277121;0.0270217;0.140922;-0.027747;0.139642;0.0384736;0.140052;0.0807555;0.000128942;0.0283474;-0.0170955;0.0776703;-0.00107523;1;0;1;0.483779;0.998498;0;
41;-0.319554;0.290452;-0.270819;0.272777;-0.283918;0.289973;0.0678469;0.0903509;0.0145899;0.0896114;0.0346255;0.0898423;0.0690571;0.00965298;0.0159259;0.00391816;0.0453653;-0.000628286;0.810836;0.125983;1;0.722525;0.697665;0;
42;-0.316603;0.277599;-0.278792;0.266841;-0.28972;0.293392;0.0765755;0.0398388;0.0411225;0.0278847;0.0520621;0.0205409;0.0403312;0.0816218;-0.0080771;0.0616653;0.0264913;0.0408923;0.0952994;0.904664;1;0.688935;0.174033;0.782364;
43;-0.300832;0.216599;-0.292518;0.239679;-0.285133;0.26707;0.120017;0.0338397;0.0993164;-0.058997;0.105701;-0.0632849;0.0235528;0.146076;8.30888e-06;0.0868361;0.0154705;0.0588076;0;1;0.899262;0.531352;0;1;
44;-0.278059;0.164901;-0.273204;0.207459;-0.268891;0.229464;0.172684;0.0297332;0.160595;-0.117897;0.164324;-0.127245;0.0137543;0.200519;4.40305e-06;0.0961232;0.0090344;0.0634063;0;1;0;0.450261;0;1;
45;-0.246161;0.144505;-0.243326;0.163202;-0.240807;0.1878;0.212182;0.0135555;0.205122;-0.120344;0.207299;-0.140727;0.00803194;0.202014;2.05958e-06;0.106757;0.00527559;0.0730303;0;1;0;0.512572;0;1;
46;-0.205029;0.0840382;-0.203373;0.153826;-0.201903;0.170576;0.236395;0.00852825;0.232272;-0.134165;0.233544;-0.130071;0.00469017;0.196224;8.19753e-07;0.0990067;0.00308031;0.0833411;0;1;0;0.51882;0;1;
47;-0.152457;0.0359299;-0.15149;0.122549;-0.150631;0.132338;0.249337;0.00838114;0.246929;-0.13913;0.247672;-0.133654;0.00273852;0.197248;-3.83859e-08;0.0855963;0.00179832;0.080725;0;1;0;0.559958;0;1;
48;-0.0829137;0.0148591;-0.082349;0.0654391;-0.0818476;0.0711718;0.252375;0.00140652;0.252938;-0.125556;0.250903;-0.136579;0.00159877;0.180149;-4.97939e-07;0.0970819;0.00104964;0.0796631;0;1;0;0.588947;0;0.940055;
49;0.00781288;-0.047557;0.00814263;-0.0180268;0.00843542;-0.0146611;0.237387;0.00588355;0.239086;-0.116846;0.235478;-0.140895;0.000933213;0.175767;-7.72354e-07;0.0870407;0.000612353;0.0710084;0;1;0;0.640395;0;0.807933;
50;0.107017;-0.130226;0.10721;-0.112987;0.107381;-0.11101;0.217277;0.0110823;0.213726;-0.0948251;0.2141;-0.125438;0.000544494;0.16248;-9.58383e-07;0.0829809;0.000357071;0.0669393;0;1;0;0.722347;0;0.761389;
51;0.187667;-0.201217;0.18778;-0.19115;0.18788;-0.189999;0.209258;0.024805;0.207185;-0.0651711;0.207017;-0.104579;0.000317572;0.144114;-9.71435e-07;0.0785807;0.00020797;0.0644727;0;1;0;0.771481;0;0.927708;
52;0.240509;-0.24842;0.240574;-0.242533;0.240633;-0.241875;0.187448;0.0432642;0.186237;-0.0334237;0.186139;-0.0788334;0.000185018;0.123016;-1.006e-06;0.0676804;0.000120925;0.0517491;0;1;0;0.832512;0;0.884056;
53;0.265264;-0.271009;0.271415;-0.266129;0.271449;-0.272178;0.15389;0.0472676;0.153183;0.00871159;0.153126;-0.0396959;-0.00987089;0.0886948;-1.00482e-06;0.0689164;7.01496e-05;0.0326444;0.405845;1;0;0.816159;0;0.941253;
54;0.269504;-0.28705;0.287452;-0.279358;0.287472;-0.287897;0.107071;0.0463884;0.106652;0.0542156;0.106619;0.000702214;-0.0080981;0.0518092;-9.91026e-07;0.0688911;4.05643e-05;0.0190616;0.921316;0.930242;0;0.59661;0;0.945735;
55;0.270619;-0.29595;0.294769;-0.287593;0.279878;-0.292627;0.0438515;0.0500797;0.0423225;0.067047;0.0423101;0.0243719;0.0460024;0.0302546;0.0191353;0.0402331;0.0726962;0.00898946;0.878652;0.458772;0.482441;0.223108;0.622974;1;
56;0.254622;-0.291443;0.280681;-0.286563;0.241282;-0.300183;-0.0385187;0.0933893;-0.0394144;0.103298;0.0345485;0.0783814;0.0875266;0.0176682;0.0535875;0.0234955;0.128703;0.0102666;0.885415;0;1;0;0.908341;0.811564;
57;0.226943;-0.276907;0.248746;-0.274057;0.17132;-0.282012;-0.113669;0.151884;-0.112306;0.157672;0.0321593;0.14312;0.0927397;0.0103178;0.0622046;0.0137208;0.192768;0.00599538;0.642279;0;1;0;1;0.0502437;
58;0.169044;-0.250992;0.193263;-0.249327;0.159165;-0.253973;-0.112833;0.198786;-0.140679;0.202166;0.01354;0.193668;0.102531;0.00602515;0.0673441;0.00801239;0.202964;0.00350075;0.774798;0;1;0;1;0;
59;0.140003;-0.214504;0.156929;-0.213531;0.0908394;-0.216244;-0.129508;0.228598;-0.134163;0.230572;0.0058736;0.225609;0.103205;0.00351806;0.0791751;0.00467879;0.193384;0.00204404;0.754853;0;1;0;1;0;
60;0.118942;-0.166686;0.133063;-0.166118;0.0556985;-0.167702;-0.136517;0.245251;-0.138179;0.246404;0.00800882;0.243505;0.0917097;0.00205396;0.0761298;0.00273184;0.196058;0.00119322;0.868068;0;0.948731;0;1;0;
61;0.0752839;-0.103173;0.0835427;-0.102841;0.0384966;-0.103766;-0.123241;0.252812;-0.1384;0.253485;-0.000467038;0.251792;0.0992048;0.00119891;0.0748579;0.00159489;0.182539;0.000696334;0.87694;0;1;0;1;0;
62;0.00218368;-0.0184788;0.00702307;-0.018285;-0.0192939;-0.0188254;-0.117967;0.240485;-0.143648;0.241408;0.00318298;0.24372;0.0909581;0.00069953;0.0691763;0.000930951;0.176386;0.000406184;0.94072;0;1;0;1;0;
63;-0.0903737;0.0808529;-0.0875367;0.0809659;-0.102911;0.0806502;-0.101666;0.22244;-0.132778;0.222855;0.00783543;0.221016;0.0849983;0.00040797;0.0664484;0.000543176;0.165167;0.000236704;1;0;1;0;1;0;
64;-0.174028;0.168471;-0.172374;0.168537;-0.18135;0.168353;-0.0712344;0.192161;-0.110337;0.210407;0.0133265;0.189135;0.0803872;0.000237836;0.0652306;0.000316833;0.152855;0.000138004;0.814344;0;0.961371;0;1;0;
65;-0.231838;0.228603;-0.230886;0.228641;-0.236122;0.228533;-0.0453959;0.18249;-0.0878302;0.193147;0.0389245;0.180489;0.0678945;0.000138271;0.0521793;0.000184559;0.131112;8.00453e-05;0.956237;0;0.91417;0;1;0;
66;-0.265275;0.264684;-0.266022;0.264707;-0.269075;0.264644;-0.00423384;0.157215;-0.0565728;0.163438;0.0526527;0.156046;0.0609057;8.02582e-05;0.0424671;0.000107364;0.0961641;4.63374e-05;1;0;0.846395;0;1;0;
67;-0.277595;0.284212;-0.284995;0.276265;-0.286773;0.284189;0.0400671;0.117368;-0.0123812;0.121005;0.0508871;0.116686;0.0659007;4.64503e-05;0.0248014;-0.00991086;0.0578507;2.66735e-05;0.835496;0;1;0.452494;0.982727;0;
68;-0.284983;0.288924;-0.289832;0.264884;-0.30482;0.290525;0.0715272;0.0598933;0.0421549;0.0620222;0.0626369;0.0594908;0.0437129;0.0323092;-0.024312;0.0453551;0.0337867;0.0113637;0.539318;0.513316;1;0.662731;0.532052;0.75472;
69;-0.287302;0.242968;-0.30671;0.269472;-0.298887;0.290674;0.0938706;0.0357012;0.0767233;-0.015864;0.0886782;-0.0173442;0.0255278;0.110855;-0.0125565;0.0720731;0.0197309;0.0574862;0.128377;0.867809;0.84324;0.597277;0;1;
70;-0.278381;0.192056;-0.289715;0.239583;-0.285147;0.259336;0.145205;0.0346465;0.135192;-0.0968434;0.142173;-0.100495;0.0149077;0.182046;-0.0074277;0.0923152;0.0115224;0.0571518;0;1;0.290717;0.41573;0;1;
71;-0.257082;0.160269;-0.263701;0.178822;-0.261033;0.204953;0.192905;0.0209828;0.187056;-0.116487;0.191134;-0.141357;0.00870553;0.201538;-0.00433831;0.100547;0.00672865;0.0677122;0;1;0;0.482569;0;1;
72;-0.224338;0.106852;-0.228204;0.148022;-0.226646;0.16677;0.224979;0.00674226;0.221563;-0.125106;0.223944;-0.139258;0.00508359;0.194044;-0.00253396;0.105062;0.0039289;0.0837213;0;1;0;0.522792;0;1;
73;-0.180438;0.0706544;-0.182695;0.130693;-0.181786;0.146819;0.243507;0.00890375;0.241513;-0.135383;0.242903;-0.138856;0.00296825;0.197513;-0.00148028;0.0946153;0.00229389;0.0759468;0;1;0;0.541067;0;1;
74;-0.122172;0.0474899;-0.12349;0.0931144;-0.122959;0.102543;0.252524;0.00206906;0.251359;-0.127574;0.252171;-0.138756;0.00173296;0.187089;-0.000864992;0.0988066;0.00133904;0.0741567;0;1;0;0.570542;0;1;
75;-0.0437206;0.000104534;-0.0444906;0.0267428;-0.0441804;0.0322659;0.247746;0.0011336;0.247154;-0.118897;0.246222;-0.1425;0.00101155;0.178476;-0.000505618;0.0936887;0.000781374;0.0696821;0;1;0;0.609005;0;1;
76;0.0535518;-0.0790245;0.0531021;-0.0634727;0.0532835;-0.0602346;0.229426;0.00708356;0.228775;-0.107953;0.227865;-0.138993;0.000590249;0.169759;-0.000295784;0.0857389;0.000455751;0.0662972;0;1;0;0.678302;0;1;
77;0.146985;-0.161858;0.146722;-0.152776;0.146828;-0.150886;0.200174;0.0154043;0.201356;-0.0804805;0.198931;-0.117199;0.000344316;0.148634;-0.000173202;0.0858259;0.000265587;0.0663274;0;1;0;0.762886;0;1;
78;0.214813;-0.223497;0.21466;-0.218186;0.214722;-0.217096;0.19196;0.0331885;0.192651;-0.0526222;0.191234;-0.0956471;0.000200619;0.136695;-0.000101562;0.0722059;0.00015456;0.0557397;0;1;0;0.808628;0;1;
79;0.251885;-0.261086;0.256635;-0.253697;0.256671;-0.258062;0.168561;0.0421884;0.168964;-0.0134867;0.168137;-0.0610868;-0.0028381;0.110543;-5.9772e-05;0.0656544;8.98017e-05;0.0407117;0.206382;1;0;0.833036;0;1;
80;0.259838;-0.277507;0.280091;-0.270782;0.280112;-0.280926;0.131654;0.0429843;0.131888;0.0256407;0.131405;-0.0225843;-0.0108229;0.0752509;-3.52817e-05;0.0715148;5.19891e-05;0.0237781;0.944978;0.945014;0;0.63254;0;1;
81;0.256299;-0.288409;0.291127;-0.281675;0.289429;-0.289489;0.0787474;0.0525986;0.078875;0.0632816;0.0785947;0.0243005;0.0246571;0.0439515;-2.09317e-05;0.055845;0.0140365;-0.0145771;1;0.628368;0;0.455344;0.23344;1;
82;0.266967;-0.291431;0.299961;-0.28728;0.257051;-0.300357;0.00629581;0.0699776;0.00636204;0.0766637;0.0388575;0.0564984;0.0586551;0.0256666;0.0456467;0.0326128;0.104376;-0.0166256;1;0;0.870538;0;0.695631;1;
83;0.244536;-0.284214;0.281731;-0.28179;0.217446;-0.291378;-0.0744082;0.122521;-0.0774576;0.126426;0.0349163;0.114653;0.0935802;0.0149889;0.0713391;0.0190453;0.164262;-0.00978828;1;0;1;0;1;0.907736;
84;0.204753;-0.265418;0.24391;-0.264002;0.165803;-0.269601;-0.123902;0.176677;-0.127706;0.178958;0.0333862;0.172083;0.0938822;0.00875309;0.0632265;0.0111219;0.208471;-0.00571676;0.902603;0;1;0;1;0;
85;0.179449;-0.235165;0.215427;-0.234338;0.140212;-0.237608;-0.126883;0.215022;-0.127776;0.216354;0.01465;0.212339;0.10872;0.00511126;0.080353;0.00649466;0.202137;-0.00333903;1;0;1;0;1;0;
86;0.160218;-0.194183;0.182653;-0.1937;0.0742901;-0.195609;-0.138786;0.237955;-0.127134;0.238733;0.0112058;0.236388;0.0955191;0.00298433;0.0888556;0.00379242;0.198759;-0.00195037;1;0;1;0;1;0;
87;0.120085;-0.140232;0.133504;-0.13995;0.0227673;-0.141066;-0.140048;0.249905;-0.128985;0.250359;0.00874244;0.24899;0.0856766;0.00174227;0.0856376;0.00221423;0.195113;-0.00113952;1;0;1;0;1;0;
88;0.0559508;-0.0677303;0.0638129;-0.0675652;-0.000872403;-0.0682165;-0.123195;0.24825;-0.131477;0.249764;0.000537676;0.249274;0.0956451;0.00101686;0.0805166;0.00129261;0.179526;-0.000665936;1;0;1;0;1;0;
89;-0.0326315;0.0257381;-0.0280115;0.0258346;-0.0658013;0.0254542;-0.114562;0.232566;-0.137727;0.234806;0.00824989;0.236531;0.0849211;0.000593241;0.0704703;0.000754413;0.176315;-0.000389388;1;0;1;0;1;0;
90;-0.127306;0.12327;-0.124586;0.123326;-0.146663;0.123104;-0.0872078;0.209508;-0.118888;0.212623;0.0126463;0.205415;0.0850802;0.000345903;0.0689116;0.000440085;0.158179;-0.000227903;1;0;1;0;1;0;
91;-0.201315;0.198953;-0.199715;0.198986;-0.21261;0.198856;-0.0582996;0.201969;-0.099035;0.203789;0.0286483;0.199579;0.0790949;0.000201434;0.0640219;0.000256615;0.14133;-0.000133487;1;0;0.91654;0;1;0;
92;-0.248709;0.247333;-0.247778;0.247352;-0.255305;0.247277;-0.0242449;0.179883;-0.0725589;0.180946;0.0460736;0.178488;0.069497;0.000117117;0.0519243;0.000149425;0.117355;-7.83883e-05;1;0;0.870891;0;1;0;
93;-0.271595;0.275128;-0.275391;0.268706;-0.274999;0.275095;0.0182016;0.145306;-0.0336266;0.145926;0.0525293;0.14449;0.0677844;6.7934e-05;0.0303292;-0.00746561;0.0816473;-4.61735e-05;1;0;0.94603;0.34861;1;0;
94;-0.284268;0.289123;-0.289275;0.274154;-0.288775;0.289104;0.066988;0.0963754;0.00697505;0.0967432;0.0473249;0.0958991;0.0670637;3.92654e-05;0.0177083;-0.00531335;0.0476907;-2.73508e-05;1;0;1;0.780386;1;0;
95;-0.290322;0.276733;-0.292109;0.267974;-0.302672;0.292377;0.0768219;0.0449898;0.0315335;0.0290532;0.0553273;0.0285521;0.0391662;0.0807268;0.0102004;0.0581081;0.0278495;0.0342374;0.213684;0.676179;1;0.964514;0.197605;0.863068;
96;-0.28652;0.229815;-0.298746;0.254062;-0.293733;0.279447;0.116186;0.0419072;0.0897417;-0.0543401;0.103633;-0.0546321;0.0228724;0.144083;0.0185024;0.0850339;0.0162636;0.0593432;0;1;0.607717;0.638632;0;1;
97;-0.271346;0.170954;-0.278486;0.21154;-0.275558;0.231768;0.168699;0.036127;0.153256;-0.118014;0.161368;-0.12228;0.013357;0.194741;0.0108049;0.100524;0.00949756;0.0641712;0;1;0;0.524023;0;1;
98;-0.244301;0.139402;-0.248471;0.162989;-0.24676;0.185658;0.209465;0.0151759;0.200446;-0.120252;0.205183;-0.14135;0.00779992;0.206916;0.00630952;0.100275;0.00554606;0.0771868;0;1;0;0.77961;0;1;
