1;-0.000363588;0.000116064;9.94838e-05;-0.000363588;0.000116064;9.94838e-05;0.0349769;0.0347456;0.0352595;0.0349769;0.0347456;0.0352594;0.808667;0.808665;0.808666;0.808667;0.808665;0.808666;0;0;0;0;0;0;
2;-0.00130403;-0.00197159;-0.00245556;-9.37902e-05;0.000410821;0.0022235;0.126327;0.12929;0.133708;0.12512;0.133211;0.128193;0.472346;0.47235;0.472359;0.472358;0.472376;0.472358;1;1;1;1;1;1;
3;-0.000261356;0.00283987;0.00141366;-0.00593302;-0.00368671;-0.00547707;0.0792018;0.0825662;0.0853265;0.0734514;0.0790975;0.0869806;0.275857;0.275858;0.275863;0.275865;0.275873;0.275867;0;0;0;0;0;0.0897932;
4;0.00190615;0.00584766;0.00417735;-0.0030485;-0.00347191;-0.00546353;0.146286;0.165583;0.174367;0.144572;0.160216;0.168588;0.161119;0.161129;0.16113;0.161124;0.161136;0.161132;1;0.8394;1;0.560789;0.753608;1;
5;0.00102124;0.00369371;0.00273186;-0.000323548;-0.00120211;-0.00369251;0.145384;0.153974;0.162147;0.155693;0.161158;0.167026;0.142689;0.159813;0.160108;0.133592;0.146559;0.151962;1;0.826792;1;0.514531;0.812638;0.979419;
6;-6.21011e-05;0.00199066;0.00158108;0.000727827;0.000171296;-0.00249423;0.137938;0.14827;0.155702;0.149426;0.155023;0.16304;0.134271;0.152463;0.153117;0.129806;0.142447;0.146649;0.972605;0.741573;1;0.499006;0.8384;0.890622;
7;-0.000559567;0.00113778;0.00119077;0.00116223;0.00105718;-0.00178038;0.132371;0.143221;0.150473;0.144754;0.150327;0.159485;0.12497;0.146233;0.145976;0.125021;0.137077;0.140332;0.931638;0.689208;1;0.490521;0.861465;1;
8;-0.000634746;0.000711712;0.00101073;0.00184391;0.0020301;-0.00100316;0.126648;0.139005;0.144624;0.139621;0.144556;0.15515;0.119749;0.139175;0.141058;0.118791;0.131042;0.132855;0.857066;0.634809;1;0.481641;0.887077;1;
9;-0.00107668;3.29681e-05;0.000461921;0.002864;0.00325464;0.000120279;0.120463;0.133368;0.137264;0.135469;0.138701;0.15126;0.116234;0.129823;0.135582;0.111393;0.125688;0.125769;0.737938;0.628032;1;0.465405;0.918329;1;
10;-0.0014901;-0.000455188;-0.000133739;0.00324203;0.00313501;0.000401041;0.113932;0.128387;0.129502;0.132369;0.133473;0.147733;0.112288;0.120449;0.129524;0.104902;0.121165;0.119037;0.638884;0.624838;1;0.45791;0.949956;1;
11;-0.00304821;-0.0012242;-0.00177016;0.00395654;0.00286913;0.00124627;0.107719;0.124156;0.1224;0.130202;0.128643;0.144495;0.108724;0.111138;0.123166;0.0977308;0.117088;0.113254;0.848472;0.635124;1;0.454236;0.993666;0.954681;
12;-0.00538478;-0.0015409;-0.00413988;0.00643437;0.00334818;0.00381094;0.101942;0.120358;0.116264;0.127328;0.123943;0.141398;0.106443;0.102997;0.116458;0.0908256;0.112822;0.10806;0.83293;0.584532;0.996229;0.456676;1;0.890552;
13;-0.00967521;-0.00207338;-0.00841185;0.0105228;0.0037718;0.0079661;0.0972542;0.116483;0.111351;0.123304;0.119564;0.13758;0.104945;0.0966653;0.108918;0.0844058;0.107925;0.104497;0.80079;0.552088;1;0.476424;1;0.809271;
14;-0.0160544;-0.00257785;-0.0149942;0.0166612;0.00359083;0.01387;0.0957723;0.112487;0.109859;0.117183;0.115642;0.131803;0.102638;0.0932647;0.0991478;0.0783971;0.100936;0.102667;0.738456;0.554212;1;0.513245;0.988346;0.734713;
15;-0.0237457;-0.00159599;-0.0230795;0.0266808;0.00434629;0.0233582;0.104844;0.111496;0.115731;0.103888;0.107905;0.114893;0.0935252;0.0921959;0.0850753;0.0757183;0.0939941;0.111377;0.626637;0.672247;1;0.57906;0.810879;0.648381;
16;-0.03379;-8.65575e-05;-0.0332302;0.0371357;0.00214643;0.0335155;0.117896;0.108094;0.126792;0.0827021;0.104095;0.0946107;0.0873736;0.102371;0.0735985;0.0763086;0.0755241;0.116684;0.418925;0.89125;1;0.703174;0.499722;0.677961;
17;-0.0796095;0.0248045;-0.0266706;0.0841523;-0.0612123;0.0820359;0.117813;0.0992725;0.155435;0.0348103;0.0936685;0.0664646;0.0510306;0.143399;0.0495242;0.0756277;0.0441057;0.126896;0.477118;0.979783;1;0.575489;0.118236;1;
18;-0.109872;0.0517502;-0.0584558;0.115886;-0.102488;0.114641;0.156214;0.0983845;0.195557;-0.0300719;0.116267;0.0110852;0.0298041;0.20352;0.0289272;0.0857961;0.0257571;0.118015;0.365727;1;0.78146;0.530852;0;1;
19;-0.124922;0.0810531;-0.0808626;0.128352;-0.120609;0.126573;0.179013;0.0940994;0.217298;-0.0750986;0.155683;-0.0398763;0.0174056;0.239222;0.0168954;0.105778;0.0150416;0.11389;0.256239;1;0.560225;0.532488;0;1;
20;-0.115747;0.0897764;-0.0900166;0.11088;-0.113229;0.10512;0.206667;0.0844476;0.229025;-0.0959481;0.193042;-0.0794254;0.0101642;0.254411;0.00986629;0.113891;0.00878373;0.10797;0;1;0;0.541915;0;1;
21;-0.0798186;0.0646496;-0.0647923;0.0769734;-0.0783479;0.0736097;0.227014;0.0630467;0.240072;-0.0999027;0.219058;-0.0884614;0.00593541;0.242934;0.00576135;0.116946;0.0051291;0.116199;0;1;0;0.584487;0;1;
22;-0.0146378;0.00577981;-0.00586247;0.0129754;-0.0137789;0.0110104;0.237595;0.0549775;0.243408;-0.10288;0.232948;-0.0964573;0.00346582;0.232705;0.00336413;0.103406;0.00299476;0.111118;0;1;0;0.60669;0;1;
23;0.074103;-0.0792714;0.0792278;-0.0750737;0.0746048;-0.0762216;0.226139;0.0520892;0.223191;-0.0950096;0.229058;-0.0918319;0.00202353;0.215186;0.00196414;0.0937178;0.00174836;0.10868;0;1;0;0.682546;0;0.992666;
24;0.160528;-0.163539;0.163521;-0.161094;0.160822;-0.161765;0.191505;0.0571594;0.195214;-0.0724487;0.190279;-0.0760632;0.00118139;0.188856;0.00114662;0.0899478;0.00102057;0.110362;0;1;0;0.709266;0;0.805097;
25;0.223022;-0.22477;0.22477;-0.22335;0.223193;-0.223743;0.168235;0.0647172;0.185317;-0.0398653;0.154649;-0.0476104;0.000689574;0.172291;0.000669177;0.0737293;0.000595392;0.0906928;0;1;0;0.796652;0;0.694561;
26;0.255777;-0.227374;0.262459;-0.257809;0.261538;-0.261863;0.152584;0.0645017;0.162559;-0.00674977;0.144649;-0.0273095;-0.0184122;0.138652;0.000390431;0.0809444;0.000347216;0.0657009;0.574451;1;0;0.702796;0;0.841119;
27;0.253106;-0.252949;0.28327;-0.278249;0.282732;-0.282921;0.119572;0.0705498;0.125395;0.0302197;0.114936;0.0163155;-0.0122026;0.103236;0.000227581;0.0715468;0.000202366;0.0405675;0.842878;0.956887;0;0.62167;0;1;
28;0.263706;-0.263597;0.292608;-0.278682;0.288127;-0.28258;0.0679147;0.0711887;0.0713119;0.0688456;0.0652065;0.0604523;0.0136072;0.0603006;0.0295519;0.0615712;0.0429375;0.0236936;1;0.595148;0.715265;0.325656;0.638615;0.909993;
29;0.268664;-0.276053;0.294186;-0.284863;0.261206;-0.286441;-0.00460843;0.0858543;0.00155414;0.0844871;0.0468106;0.107355;0.047218;0.0352147;0.0665294;0.0359575;0.102452;0.0138393;0.730199;0;1;0.169118;0.949016;0.678826;
30;0.227833;-0.274026;0.258081;-0.279171;0.221617;-0.281626;-0.0877503;0.13521;-0.084143;0.134412;0.0366707;0.147767;0.0787168;0.0205649;0.0630506;0.0209986;0.165112;0.0128799;0.584109;0;1;0;1;0;
31;0.185114;-0.257688;0.212846;-0.260692;0.159213;-0.262126;-0.13298;0.18532;-0.13222;0.184854;0.0166723;0.192654;0.0782196;0.0120094;0.0767751;0.0122626;0.19506;0.00752127;0.776807;0;1;0;1;0;
32;0.156792;-0.228489;0.185251;-0.230243;0.146961;-0.23108;-0.142339;0.220287;-0.135245;0.220015;-0.00244498;0.22457;0.0973436;0.0070129;0.0816944;0.00716083;0.181964;0.00439193;0.735147;0;1;0;1;0;
33;0.139447;-0.18761;0.162358;-0.188635;0.0866902;-0.189124;-0.157749;0.240947;-0.13472;0.240788;-0.00853691;0.243448;0.0745354;0.00409489;0.0781824;0.00418147;0.179844;0.00256441;0.751002;0;1;0;1;0;
34;0.104665;-0.132799;0.118056;-0.133397;0.0567642;-0.133683;-0.155697;0.251434;-0.138253;0.251341;-0.0189007;0.252894;0.0704266;0.00239085;0.0729918;0.00244139;0.16808;0.00149705;0.867558;0;1;0;1;0;
35;0.0420845;-0.0585225;0.049919;-0.0588717;0.0141172;-0.0590385;-0.147173;0.248051;-0.141879;0.249631;-0.0280991;0.248383;0.0713154;0.00139562;0.0741753;0.00142529;0.147192;0.000873807;0.869372;0;0.952313;0;1;0;
36;-0.0459102;0.0363045;-0.0413231;0.0361005;-0.0622353;0.036003;-0.141205;0.230566;-0.144016;0.233935;-0.0253555;0.234561;0.0554979;0.000814459;0.0612084;0.000831866;0.1409;0.000509794;0.989;0;0.813387;0;1;0;
37;-0.138046;0.132433;-0.13536;0.132314;-0.147573;0.132257;-0.113681;0.207174;-0.123748;0.208883;-0.0234313;0.207406;0.0547315;0.0004751;0.0600981;0.000485312;0.112996;0.00029722;1;0;1;0;1;0;
38;-0.20843;0.205153;-0.206861;0.205083;-0.21399;0.20505;-0.0878722;0.198953;-0.106327;0.199952;-0.011214;0.199089;0.0461546;0.00027689;0.0527412;0.000283009;0.0965684;0.000173158;1;0;0.90172;0;1;0;
39;-0.252944;0.251032;-0.252031;0.250991;-0.256191;0.250972;-0.0516164;0.176139;-0.0776916;0.176722;0.00323466;0.176218;0.0357094;0.000161222;0.0378128;0.000164815;0.0663742;0.000100664;1;0;0.910419;0;1;0;
40;-0.278242;0.277128;-0.277715;0.277104;-0.280142;0.277093;-0.0138076;0.140589;-0.049854;0.14093;0.0169748;0.140635;0.0208586;9.36479e-05;0.0220859;9.58987e-05;0.0387693;5.84173e-05;1;0;0.814565;0;1;0;
41;-0.290628;0.289978;-0.290927;0.288971;-0.292149;0.289957;0.0370252;0.0901558;-0.0247579;0.0903578;0.0233303;0.0901826;-0.00701666;5.43566e-05;0.012896;0.00484266;0.0226389;3.36831e-05;1;0;0.798576;0.374426;1;0;
42;-0.301901;0.274104;-0.298848;0.276501;-0.32052;0.294644;0.0582069;0.0207262;0.0174762;0.0208478;0.0455565;0.0207366;0.00216491;0.0673589;0.00684299;0.0442854;-0.0224061;0.0169067;0.384174;0.841513;0.871352;0.654186;0.483558;0.698453;
43;-0.292246;0.221241;-0.291075;0.266286;-0.30312;0.282287;0.10929;0.015967;0.0855045;-0.0631098;0.101902;-0.0631722;0.00126395;0.118669;-8.97151e-06;0.0673433;-0.0130856;0.0531516;0;1;0.517415;0.43367;0;1;
44;-0.273045;0.189402;-0.272361;0.240695;-0.279395;0.260453;0.16642;0.00775798;0.152529;-0.132066;0.162105;-0.13692;0.000737687;0.176871;-5.62379e-06;0.0867907;-0.00764239;0.0583909;0;1;0;0.461602;0;1;
45;-0.243233;0.141238;-0.242834;0.224151;-0.246942;0.235875;0.208523;-0.00691562;0.200411;-0.152726;0.206003;-0.147331;0.000430302;0.181416;-3.82156e-06;0.0773081;-0.00446355;0.0622232;0;1;0;0.533919;0;1;
46;-0.203319;0.102203;-0.203086;0.192173;-0.205485;0.19902;0.234259;-0.0306758;0.229521;-0.15067;0.232787;-0.137341;0.000250866;0.156272;-2.62027e-06;0.084094;-0.00260728;0.0783383;0;1;0;0.494787;0;1;
47;-0.151458;0.0646108;-0.151322;0.144944;-0.152723;0.148949;0.24809;-0.0273012;0.245323;-0.163267;0.24723;-0.157327;0.000146078;0.160889;-2.00586e-06;0.0657869;-0.00152323;0.0553138;0;1;0;0.530764;0;1;
48;-0.0823305;0.0316081;-0.082251;0.0785218;-0.0830694;0.0808683;0.250298;-0.0432476;0.250561;-0.148233;0.251481;-0.156629;8.47229e-05;0.141295;-1.73253e-06;0.0658085;-0.000890048;0.0531113;0;0.996578;0;0.609562;0;1;
49;0.00815342;-0.0377758;0.00819985;-0.010379;0.00772191;-0.00900572;0.237286;-0.0476297;0.238936;-0.138527;0.236117;-0.156734;4.90453e-05;0.122137;-1.45044e-06;0.0637536;-0.000520442;0.052353;0;1;0;0.61901;0;1;
50;0.107216;-0.124515;0.107243;-0.108514;0.106965;-0.107715;0.215774;-0.0357036;0.213958;-0.129954;0.214849;-0.153197;2.81356e-05;0.114335;-1.36147e-06;0.0494501;-0.000304472;0.0397538;0;0.940888;0;0.718098;0;1;
51;0.187783;-0.197885;0.187799;-0.188537;0.187636;-0.188077;0.208381;-0.033229;0.20732;-0.0928568;0.20784;-0.126051;1.59692e-05;0.0844884;-1.25444e-06;0.0512878;-0.00017832;0.0400062;0;1;0;0.755798;0;0.955016;
52;0.240576;-0.246476;0.240586;-0.241011;0.240491;-0.240751;0.186935;-0.012632;0.186316;-0.0656051;0.186619;-0.104516;8.92634e-06;0.0629825;-1.14115e-06;0.0352373;-0.000104695;0.0239017;0;1;0;0.807148;0;0.862909;
53;0.271416;-0.274865;0.271422;-0.271666;0.271366;-0.271522;0.153591;-0.0041324;0.153229;-0.0250937;0.153407;-0.0760851;4.77057e-06;0.0367893;-1.10783e-06;0.0239005;-6.15916e-05;0.0139585;0;1;0;0.802521;0;0.847875;
54;0.286969;-0.28947;0.287456;-0.287598;0.287424;-0.291348;0.106892;0.0104772;0.106679;0.00743942;0.106783;-0.0602311;0.00161866;0.0214808;-1.06032e-06;0.0139553;-3.63548e-05;0.00815074;0.180755;1;0;0.812069;0;0.868495;
55;0.277634;-0.31922;0.293152;-0.308834;0.284253;-0.309846;0.0424678;0.0260836;0.0423355;0.0594838;0.0423992;-0.0152076;0.0260977;-0.0230435;-9.63235e-07;0.00814992;0.026507;-0.00577173;0.765916;0.74095;0;0.384282;0.468745;1;
56;0.270595;-0.316123;0.293545;-0.298967;0.25359;-0.306202;-0.0393277;0.0793747;-0.0394118;0.0988817;0.0125996;0.0552642;0.0648;-0.0286316;0.0211801;0.00475925;0.109015;-0.0269992;0.769044;0;1;0;0.674421;0.778835;
57;0.249342;-0.29132;0.267885;-0.281301;0.186028;-0.285526;-0.120298;0.1437;-0.116408;0.155092;-0.00145824;0.12962;0.0906556;-0.0167213;0.0658156;0.00277886;0.153803;-0.0157678;0.677342;0;1;0;1;0;
58;0.229685;-0.259409;0.24572;-0.253558;0.15959;-0.256025;-0.151652;0.194006;-0.155916;0.200659;-0.00195587;0.185784;0.0767597;-0.00976563;0.0499671;0.00162241;0.182863;-0.00920879;0.747331;0;1;0;1;0;
59;0.202059;-0.219419;0.211421;-0.216002;0.11305;-0.217443;-0.151708;0.225807;-0.143911;0.229692;-0.0292756;0.221005;0.0814467;-0.00570355;0.071352;0.000946961;0.159704;-0.00537839;0.789451;0;1;0;1;0;
60;0.159415;-0.169556;0.164885;-0.167561;0.0577778;-0.168402;-0.160761;0.243621;-0.149089;0.24589;-0.0351901;0.240816;0.0686016;-0.00333149;0.0668593;0.000552636;0.150696;-0.00314132;0.74164;0;1;0;1;0;
61;0.0989217;-0.104849;0.102124;-0.103684;0.0395674;-0.104175;-0.158222;0.25186;-0.164978;0.253185;-0.0378066;0.250222;0.0625695;-0.00194607;0.046002;0.000322144;0.146693;-0.00183507;0.651447;0;1;0;1;0;
62;0.0159936;-0.0194579;0.0178688;-0.0187771;-0.0186678;-0.0190641;-0.14112;0.242129;-0.159618;0.24108;-0.0522195;0.244532;0.0684983;-0.00113709;0.0541221;0.000187651;0.119402;-0.00107216;0.646754;0;0.952051;0;1;0;
63;-0.0823023;0.0802811;-0.0812096;0.0806785;-0.102546;0.0805109;-0.132665;0.221823;-0.158679;0.224976;-0.0437878;0.219782;0.0533373;-0.00066466;0.0407899;0.000109148;0.112769;-0.0006266;0.789278;0;0.858115;0;1;0;
64;-0.169313;0.168137;-0.168681;0.168369;-0.18114;0.168271;-0.108109;0.194087;-0.141096;0.21789;-0.0338752;0.189164;0.0513857;-0.000388471;0.0386187;6.32495e-05;0.0887469;-0.000366438;0.948607;0;0.968892;0;1;0;
65;-0.229089;0.228408;-0.228728;0.228543;-0.236001;0.228486;-0.0707009;0.183615;-0.11294;0.197517;-0.0235775;0.18074;0.0417882;-0.000227529;0.0273385;3.6522e-05;0.0635428;-0.000214392;0.994527;0;0.858606;0;1;0;
66;-0.264963;0.26457;-0.264761;0.264649;-0.269008;0.264616;-0.0376336;0.157872;-0.0902438;0.16599;-0.00566783;0.156193;0.0258427;-0.000133326;0.0159663;2.0875e-05;0.0371184;-0.000125636;1;0;0.863053;0;1;0;
67;-0.284373;0.284146;-0.284262;0.284192;-0.28674;0.284172;-0.0129159;0.117752;-0.0782226;0.122493;0.0127541;0.116771;0.0150905;-7.82918e-05;0.00932548;1.17907e-05;0.0216768;-7.3762e-05;1;0;0.845423;0;1;0;
68;-0.295796;0.292448;-0.293186;0.284984;-0.306886;0.292463;0.0332104;0.060112;-0.0370243;0.0628882;0.041212;0.059539;0.00881086;-4.60346e-05;-0.00671211;0.0180402;-0.0369998;-4.34604e-05;0.611151;0;1;0.763371;1;0;
69;-0.296803;0.257525;-0.300009;0.274306;-0.31316;0.28841;0.0714939;0.0127356;0.0304797;-0.0153597;0.0761644;-0.0173241;0.00510853;0.0901467;-0.0210806;0.0490853;-0.0374895;0.00874094;0;0.768144;0.919248;0.864724;0;1;
70;-0.283929;0.202148;-0.285802;0.25761;-0.293482;0.267551;0.132138;-0.00183015;0.108185;-0.0993419;0.134865;-0.0983693;0.00298293;0.13481;-0.0146486;0.0882111;-0.0218943;0.0631949;0;1;0;0.549218;0;1;
71;-0.260322;0.16671;-0.261416;0.241193;-0.265901;0.250699;0.185273;0.00122774;0.171285;-0.148847;0.186866;-0.158332;0.00174159;0.184312;-0.00855514;0.0724381;-0.0127867;0.0520325;0;1;0;0.668218;0;1;
72;-0.226231;0.133311;-0.226869;0.215058;-0.229488;0.220606;0.220522;-0.0245205;0.212353;-0.151325;0.221452;-0.148004;0.00101654;0.164917;-0.00499673;0.0822325;-0.0074678;0.06505;0;1;0;0.722937;0;1;
73;-0.181543;0.0745448;-0.181916;0.175018;-0.183446;0.178255;0.240905;-0.0374618;0.236134;-0.157742;0.241448;-0.145102;0.000593305;0.148045;-0.00291839;0.0746563;-0.00436182;0.0710588;0;1;0;0.662728;0;1;
74;-0.122817;0.0600384;-0.123035;0.119003;-0.123928;0.120898;0.251004;-0.0346187;0.248218;-0.161274;0.251321;-0.16882;0.000345909;0.151853;-0.00170486;0.0627579;-0.00254779;0.0437759;0;1;0;0.82161;0;1;
75;-0.0440976;0.00743314;-0.0442248;0.0418682;-0.0447467;0.0429784;0.247226;-0.0543192;0.247603;-0.141926;0.246197;-0.158953;0.000201486;0.122447;-0.000996167;0.0693432;-0.00148845;0.0524767;0;0.886306;0;0.832491;0;1;
76;0.0533317;-0.0747442;0.0532574;-0.0546316;0.0529528;-0.0539865;0.228695;-0.04693;0.228508;-0.137874;0.227529;-0.162435;0.000117254;0.115559;-0.000582183;0.0551686;-0.000869894;0.0415517;0;1;0;0.913395;0;1;
77;0.146856;-0.15936;0.146813;-0.147612;0.146635;-0.14724;0.194653;-0.0373765;0.202223;-0.116249;0.198818;-0.147048;6.79378e-05;0.0933712;-0.000340514;0.0497169;-0.000508518;0.0388531;0;0.994156;0;0.975264;0;1;
78;0.214738;-0.222041;0.214713;-0.215173;0.214609;-0.214966;0.183507;-0.0310572;0.193157;-0.0808474;0.191168;-0.121724;3.93226e-05;0.0698377;-0.000199266;0.0462277;-0.000297519;0.0353121;0;1;0;1;0;0.955075;
79;0.256681;-0.260948;0.256666;-0.256929;0.256606;-0.256818;0.163625;-0.0100574;0.16926;-0.0491385;0.168099;-0.0980707;2.25055e-05;0.0424246;-0.000116804;0.0283374;-0.00017422;0.0206242;0;1;0;1;0;1;
80;0.280118;-0.282614;0.280109;-0.280259;0.280074;-0.280202;0.128769;-0.00339211;0.13206;-0.00998277;0.131382;-0.0721304;1.27231e-05;0.0247779;-6.86405e-05;0.0165503;-0.000102169;0.0120427;0;1;0;1;0;1;
81;0.287774;-0.294363;0.291137;-0.291225;0.291117;-0.292354;0.0770592;0.0242065;0.0789758;0.0449673;0.0785798;-0.0439763;0.0150174;-0.0247431;-4.04398e-05;-0.0125008;-6.00612e-05;0.00137326;0.856574;0.942029;0;0.932264;0;1;
82;0.267856;-0.323767;0.293753;-0.302274;0.264559;-0.309697;0.00530792;0.0538418;0.00641488;0.0659695;0.0111321;0.0140291;0.0556766;-0.0413625;0.00721198;-0.00730031;0.0757745;-0.0231505;1;0.0865873;0.836291;0;0.782021;1;
83;0.2652;-0.303098;0.285524;-0.290546;0.207391;-0.294882;-0.0785416;0.113097;-0.0778956;0.12018;0.00879622;0.0898476;0.075525;-0.0241561;0.0543537;-0.00426375;0.1237;-0.0152061;0.728147;0;1;0;1;0.326876;
84;0.243755;-0.276446;0.266179;-0.269116;0.180221;-0.271648;-0.136092;0.171174;-0.147294;0.175311;0.00283089;0.157597;0.0832812;-0.0141076;0.0582551;-0.00249041;0.177331;-0.00888067;0.678685;0;1;0;1;0;
85;0.22251;-0.241605;0.235608;-0.237325;0.132808;-0.238803;-0.153719;0.211809;-0.152844;0.214224;-0.0128205;0.203879;0.0766296;-0.00823919;0.0593094;-0.00145495;0.177129;-0.00518685;0.839987;0;1;0;1;0;
86;0.18679;-0.197944;0.194439;-0.195444;0.0896294;-0.196307;-0.149206;0.236078;-0.138844;0.237489;-0.0378645;0.231447;0.0843543;-0.00481226;0.0760054;-0.000850089;0.148255;-0.00302945;0.701629;0;1;0;1;0;
87;0.13591;-0.142429;0.140385;-0.140969;0.0558198;-0.141473;-0.163535;0.248809;-0.164755;0.249633;-0.0303981;0.246104;0.0638373;-0.00281092;0.0477814;-0.000496887;0.157766;-0.00176966;0.737201;0;1;0;1;0;
88;0.065201;-0.0690129;0.0678227;-0.06816;0.0184296;-0.0684546;-0.148218;0.248378;-0.162219;0.248516;-0.046354;0.248523;0.0710314;-0.00164206;0.0525677;-0.000290791;0.130985;-0.00103405;0.783357;0;1;0;1;0;
89;-0.0272152;0.0249891;-0.0256834;0.0254872;-0.0545305;0.0253152;-0.134527;0.234091;-0.160333;0.236266;-0.0512146;0.236195;0.064145;-0.00095962;0.0493212;-0.000170213;0.115777;-0.000604288;0.738151;0;1;0;1;0;
90;-0.124129;0.122833;-0.12324;0.123123;-0.140085;0.123023;-0.123536;0.206031;-0.153658;0.206119;-0.0358287;0.209039;0.0476199;-0.000560939;0.0336116;-9.99405e-05;0.106123;-0.000353429;0.888363;0;1;0;1;0;
91;-0.19945;0.198698;-0.198938;0.198868;-0.208773;0.198809;-0.0871858;0.191824;-0.127637;0.199009;-0.033457;0.201695;0.0506321;-0.000328025;0.0351068;-5.87958e-05;0.0784704;-0.00020685;0.895237;0;0.945512;0;1;0;
92;-0.247617;0.247184;-0.247328;0.247283;-0.25307;0.247249;-0.058213;0.173959;-0.106233;0.178155;-0.0116921;0.179724;0.0335612;-0.000192138;0.0205062;-3.47431e-05;0.0539462;-0.000121207;0.938946;0;0.8463;0;1;0;
93;-0.275289;0.27504;-0.275128;0.275098;-0.278482;0.275078;-0.0160875;0.141845;-0.0772802;0.144296;-0.00617724;0.145212;0.0220682;-0.000112631;0.0119738;-2.07361e-05;0.0315101;-7.12285e-05;0.908535;0;0.855598;0;1;0;
94;-0.289218;0.289072;-0.29662;0.288473;-0.294894;0.289094;0.0237934;0.0943546;-0.0566481;0.095788;0.00874383;0.0963206;0.0128857;-6.6167e-05;0.00699119;0.0047877;0.0085373;-4.19805e-05;0.836464;0;0.970967;0.314051;1;0;
95;-0.305329;0.281037;-0.309275;0.269481;-0.329114;0.293223;0.0562123;0.0276501;-0.00562238;0.0284933;0.0325633;0.0287924;0.00752657;0.044973;-0.0174298;0.0471376;-0.0350485;-2.47961e-05;0.399453;0.570593;1;0.698984;0.704793;0;
96;-0.295284;0.244746;-0.302293;0.263817;-0.310403;0.288653;0.10415;0.0152224;0.0680407;-0.0546677;0.0903382;-0.0544978;0.00439517;0.121259;-0.0248682;0.0688336;-0.0275779;0.0220778;0;0.954597;0.686789;0.520572;0;1;
97;-0.276464;0.177591;-0.280557;0.243231;-0.285293;0.262102;0.16167;-0.00185319;0.140582;-0.127013;0.153604;-0.122156;0.00256628;0.162021;-0.0145233;0.0894077;-0.0161059;0.0644869;0;1;0;0.452912;0;1;
98;-0.24729;0.152338;-0.24968;0.222965;-0.252446;0.2389;0.20536;-0.00513477;0.193045;-0.152057;0.200649;-0.153935;0.00149823;0.182525;-0.00848203;0.0775936;-0.00940626;0.0527915;0;1;0;0.519788;0;1;
