1;-0.000363587;0.000116065;9.94839e-05;-0.000363587;0.000116065;9.94839e-05;0.0349769;0.0347456;0.0352594;0.0349769;0.0347455;0.0352594;0.808667;0.808665;0.808666;0.808667;0.808665;0.808666;0;0;0;0;0;0;
2;0.00165988;-0.00409692;-0.00311033;0.0144126;0.0289042;0.00772965;0.199817;0.174628;0.176331;0.0927899;0.109858;0.12123;0.472481;0.472351;0.472343;0.472408;0.472365;0.472385;1;1;1;1;1;1;
3;-0.00861353;-0.00720855;-0.00607084;0.00926121;0.0166139;-0.0101736;0.119909;0.102072;0.102895;0.0671253;0.0780926;0.0932186;0.275956;0.275869;0.275863;0.275897;0.275879;0.275895;1;0.530673;0.396892;0;0.502259;1;
4;-0.00439598;-0.00484419;-0.0029102;0.00477377;0.0103383;-0.0107065;0.070012;0.0596427;0.0600651;0.0392262;0.0488829;0.0764298;0.16117;0.161114;0.161108;0.161124;0.161122;0.161134;0.638899;0.562899;0.515389;0;0.670073;1;
5;-0.00169152;-0.00370503;-0.000823293;0.00191151;0.0076927;-0.00727091;0.0630307;0.044026;0.0348234;0.023163;0.0437373;0.0649182;0.0941291;0.0940951;0.0940887;0.0940967;0.0941009;0.0941107;0.804849;0.667538;0.533583;0.151466;0.798126;1;
6;0.000119225;-0.00354691;0.000626563;8.44027e-06;0.00804157;-0.00676617;0.054959;0.0365475;0.0196801;0.0141859;0.0387759;0.0602834;0.054977;0.0549553;0.0549489;0.0549536;0.0549594;0.0549668;1;0.628281;0.587625;0.397871;0.893589;1;
7;0.00111205;-0.00369704;0.00160917;-0.00123868;0.00755814;-0.00732677;0.0499804;0.0324203;0.0101942;0.00958614;0.0337121;0.056911;0.0321115;0.0320968;0.0320914;0.0320937;0.0321002;0.0321059;1;0.599162;0.639058;0.459617;0.891366;1;
8;0.00061564;-0.00380365;0.00204713;-0.00552033;0.00839849;-0.00637599;0.0484221;0.0319536;0.00695351;0.0110174;0.0318377;0.0578278;0.0187577;0.0187469;0.0187429;0.0187435;0.0187502;0.0187547;1;0.581765;0.655266;0.405024;0.886638;1;
9;-0.000691293;-0.00275992;0.000520869;-0.00396191;0.00659735;-0.00456856;0.0456965;0.0312392;0.00433959;0.012121;0.0297654;0.0593548;0.0109591;0.0109502;0.0109473;0.0109469;0.0109538;0.0109574;1;0.557302;0.66904;0.254153;0.876731;1;
10;-0.00503419;-0.000716749;-0.000591221;-0.00141893;0.0039746;-0.00179267;0.0422837;0.0320353;0.00178746;0.0144896;0.028716;0.0608383;0.0109856;0.00639672;0.00639476;0.00639346;0.00731255;0.0103831;1;0.533463;0.689599;0.305808;0.850364;1;
11;-0.00658627;0.00322722;-0.00399143;0.0028169;-0.00132357;0.00259845;0.0394943;0.0317942;-0.000196789;0.016463;0.0258629;0.0627618;0.0115476;0.00373716;0.00373619;0.00373427;0.00834443;0.0112101;1;0.496907;0.722334;0.304768;0.771728;1;
12;-0.0121464;0.0101842;-0.0106308;0.00994432;-0.00907131;0.0098165;0.0373492;0.0320211;-0.00195728;0.0179648;0.0239902;0.0655486;0.0112999;0.00218373;0.00218369;0.00218128;0.00827048;0.00888014;1;0.469095;0.748249;0.302899;0.700749;1;
13;-0.0225517;0.0214051;-0.0216665;0.0212649;-0.0207541;0.0211901;0.0368316;0.0325246;-0.00268932;0.0193216;0.0225452;0.0658264;0.0117602;0.00127647;0.00127701;0.00127432;0.00806102;0.01004;1;0.461203;0.753647;0.305201;0.623202;1;
14;-0.0386667;0.0379963;-0.0381495;0.0379144;-0.0376152;0.0378704;0.0393885;0.0329867;-0.00128328;0.0195859;0.0225625;0.0640517;0.011654;0.00074703;0.000747238;0.000744771;0.00699518;0.011056;1;0.503624;0.717845;0.319572;0.553175;1;
15;-0.0606626;0.0602702;-0.0603605;0.0602227;-0.0600472;0.0601967;0.0463431;0.0330241;0.00648813;0.0125745;0.0238846;0.0581697;0.00997884;0.00335934;0.000437287;0.00043601;0.00408763;0.0125512;0.883708;0.630121;0.634546;0.365961;0.462169;1;
16;-0.0869431;0.0867129;-0.0867665;0.0866858;-0.0865831;0.0866702;0.0584203;0.0291657;0.0152244;-0.00408822;0.0249645;0.0412512;0.00583069;0.0112432;0.000255581;0.000657752;0.00238736;0.018234;0.792011;0.859079;0.491126;0.47884;0.269256;1;
17;-0.11324;0.113105;-0.113137;0.11309;-0.11303;0.11308;0.0672642;0.00814146;0.041768;-0.0352616;0.0474561;-0.00877572;0.00340632;0.0216895;0.000148937;0.00189613;0.00139385;0.0226765;0.497776;1;0;0.500206;0;1;
18;-0.132871;0.132792;-0.132811;0.132783;-0.132749;0.132778;0.100847;-0.0566154;0.0859573;-0.0821536;0.0892792;-0.0666808;0.00198889;0.0360544;8.66505e-05;0.00593937;0.000813616;0.0149272;0;1;0;0.526753;0;1;
19;-0.138353;0.138306;-0.138318;0.138302;-0.138282;0.138298;0.146678;-0.120833;0.137982;-0.135757;0.139922;-0.126717;0.00116112;0.0210619;5.02424e-05;0.0054536;0.000474722;0.0109127;0;1;0;0.522001;0;1;
20;-0.123591;0.123563;-0.12357;0.12356;-0.123549;0.123558;0.187783;-0.172679;0.182705;-0.181403;0.183838;-0.17612;0.000677667;0.0123033;2.89266e-05;0.00318687;0.000276764;0.00637534;0;1;0;0.5353;0;0.959114;
21;-0.0843991;0.0843823;-0.0843872;0.0843814;-0.0843748;0.0843799;0.215987;-0.191626;0.213021;-0.212258;0.213683;-0.20917;0.000395308;0.00718604;1.64518e-05;0.00186211;0.000161124;0.00372406;0;0.889461;0;0.533629;0;1;
22;-0.0173126;0.0173025;-0.0173056;0.0173022;-0.0172984;0.0173012;0.231154;-0.187489;0.229423;-0.228091;0.229809;-0.221459;0.000230355;0.00419662;9.10765e-06;0.00108772;9.35774e-05;0.0021748;0;1;0;0.636615;0;1;
23;0.0725411;-0.0725473;0.0725452;-0.0725472;0.0725494;-0.0725479;0.228321;-0.166628;0.229096;-0.208283;0.229038;-0.209277;0.000134034;0.00245054;4.81806e-06;0.000635018;5.41077e-05;0.00127003;0;1;0;0.499455;0;1;
24;0.159616;-0.159621;0.159619;-0.15962;0.159621;-0.159621;0.203758;-0.135206;0.209903;-0.16827;0.222459;-0.182744;7.79392e-05;0.00556564;2.41673e-06;-0.00269803;3.10907e-05;-0.0028949;0;1;0;0.708557;0;1;
25;0.222489;-0.222493;0.222491;-0.222492;0.222492;-0.222492;0.192238;-0.0830034;0.195827;-0.119299;0.20316;-0.150067;4.49675e-05;0.0170774;8.79409e-07;-0.001233;1.76141e-05;-0.00168988;0;1;0;0.775327;0;0.958106;
26;0.261127;-0.261132;0.261128;-0.26113;0.261129;-0.261129;0.166602;-0.0208718;0.168697;-0.0623314;0.172979;-0.105886;2.58865e-05;0.0184767;1.28205e-07;0.0114531;9.76818e-06;-0.000986088;0;1;0;0.825419;0;0.883359;
27;0.282491;-0.282497;0.282493;-0.282495;0.282493;-0.282494;0.127761;0.00636528;0.12898;-0.000426055;0.131481;-0.0195003;0.00708206;0.0188692;-3.20783e-07;0.0285577;5.23196e-06;0.0109972;0.906387;1;0;0.808325;0;1;
28;0.292152;-0.292158;0.292155;-0.292156;0.292155;-0.292156;0.0726995;0.0633686;0.0734013;0.0537682;0.0748614;0.10497;0.0221625;0.017377;0.00165189;0.0173246;2.87305e-06;0.0496945;1;0.827409;0.355102;0.579357;0.0525716;1;
29;0.292729;-0.295388;0.29204;-0.292731;0.289238;-0.292914;-0.00181948;0.0812876;-0.00140422;0.0756815;-0.000548354;0.137216;0.012947;0.0101477;0.0217678;0.0101174;0.0335031;0.0290246;0.772741;0;1;0;1;0.629094;
30;0.283764;-0.285317;0.283362;-0.283766;0.281726;-0.283872;-0.0861319;0.132543;-0.0858796;0.129269;-0.0853749;0.165205;0.00756386;0.00592582;0.0230935;0.00590815;0.0373391;0.0169497;0.760518;0;1;0;0.912594;0;
31;0.263375;-0.264282;0.26314;-0.263376;0.262185;-0.263438;-0.156657;0.183763;-0.156503;0.181851;-0.156204;0.202837;0.00441973;0.00346021;0.0134903;0.00344993;0.0218115;0.00989806;0.835533;0;1;0;1;0;
32;0.231809;-0.232339;0.231673;-0.23181;0.231115;-0.231847;-0.203546;0.219378;-0.203451;0.218261;-0.202266;0.230517;0.00258217;0.00202027;0.00787991;0.00201427;0.0127407;0.00577992;0.686801;0;1;0;1;0;
33;0.189549;-0.189859;0.189469;-0.18955;0.189143;-0.189571;-0.231169;0.240416;-0.231109;0.239764;-0.204605;0.246921;0.00150812;0.0011793;0.00460172;0.00117582;0.00744089;0.00337491;0.651604;0;1;0;1;0;
34;0.133931;-0.134112;0.133885;-0.133932;0.133695;-0.133944;-0.245723;0.251124;-0.230165;0.250743;-0.202437;0.254923;0.000880436;0.000688165;0.00268663;0.000686136;0.00434529;0.00197038;0.729082;0;1;0;1;0;
35;0.0591838;-0.0592893;0.0591567;-0.0591839;0.0590458;-0.0591912;-0.240193;0.250037;-0.223897;0.249494;-0.193465;0.249228;0.000513434;0.000401337;0.00156843;0.000400155;0.0025373;0.00115014;0.987876;0;1;0;1;0;
36;-0.0359181;0.0358566;-0.035934;0.0359182;-0.0359983;0.0359139;-0.219266;0.22675;-0.212694;0.235897;-0.17444;0.235447;0.000299351;0.000233816;0.000915583;0.000233156;0.00148162;0.000671135;1;0;0.988353;0;1;0;
37;-0.132208;0.132172;-0.132217;0.132208;-0.132254;0.132205;-0.185459;0.203788;-0.191029;0.201647;-0.14599;0.20022;-0.00334691;0.000136;-0.00286543;0.00013576;0.00475414;0.000391502;1;0;1;0;1;0;
38;-0.205021;0.205;-0.205026;0.205021;-0.205048;0.205019;-0.136297;0.194385;-0.156902;0.168767;-0.0987068;0.159845;-0.00195402;7.89667e-05;-0.00167298;7.89136e-05;0.0130701;0.000228205;1;0;1;0;1;0;
39;-0.250955;0.250942;-0.250958;0.250955;-0.250972;0.250954;-0.0797001;0.173471;-0.115071;0.15851;-0.0402352;0.139244;0.00619911;4.56063e-05;-0.000976198;4.5536e-05;0.0208406;0.000132903;1;0;0.948915;0;1;0;
40;-0.277084;0.277076;-0.277085;0.277083;-0.277094;0.277082;-0.00441565;0.139031;-0.0609517;0.130294;0.0256705;0.119042;0.0244825;2.61697e-05;-0.000569491;2.62099e-05;0.0244943;7.71684e-05;1;0;0.817103;0;1;0;
41;-0.289952;0.289947;-0.289953;0.28995;-0.289959;0.289951;0.0663018;0.0892463;0.0245027;0.084149;0.0307204;0.0775768;0.0345787;1.52151e-05;0.0150488;0.00705629;0.0143092;0.0093789;1;0.265271;1;0.624869;0.637158;0.62474;
42;-0.293162;0.293158;-0.293162;0.290621;-0.293165;0.294067;0.0683623;0.0240475;0.0462423;0.0172162;0.0498709;0.0133855;0.0201944;0.0334099;0.00878966;0.0109642;0.0083562;0.0262926;0.29737;0.885145;0.446972;0.465481;0;1;
43;-0.287143;0.28714;-0.287143;0.262813;-0.287145;0.287673;0.11522;-0.0612357;0.102302;-0.0652397;0.104421;-0.0674666;0.0117931;0.041331;0.00513278;0.012402;0.00487958;0.0265563;0;0.88833;0;0.625805;0;1;
44;-0.270065;0.270062;-0.270065;0.255855;-0.270066;0.270376;0.169883;-0.138343;0.162339;-0.140693;0.163577;-0.141986;0.00688672;0.0241436;0.00299716;0.00724491;0.00284924;0.0155134;0;1;0;0.62073;0;1;
45;-0.241493;0.241491;-0.241493;0.233193;-0.241494;0.241675;0.210546;-0.192115;0.20614;-0.193497;0.206863;-0.194247;0.00402134;0.0141033;0.00174988;0.00423198;0.00166349;0.00906162;0;1;0;0.659792;0;1;
46;-0.202303;0.202301;-0.202303;0.197455;-0.202303;0.20241;0.23544;-0.206841;0.232867;-0.225482;0.233289;-0.225916;0.00234794;0.00823705;0.00102143;0.0024717;0.00097097;0.00529203;0;1;0;0.623396;0;1;
47;-0.150864;0.150864;-0.150865;0.148032;-0.150865;0.150928;0.248779;-0.202915;0.247277;-0.242963;0.247523;-0.229925;0.00137064;0.00481039;0.000595975;0.00144333;0.000566509;0.00309004;0;1;0;0.485369;0;1;
48;-0.0819837;0.0819839;-0.0819838;0.0803294;-0.0819843;0.0820212;0.252023;-0.197686;0.252598;-0.240943;0.251689;-0.232326;0.000799909;0.00280924;0.000347467;0.000842133;0.000330306;0.000327543;0;1;0;0.569019;0;1;
49;0.00835601;-0.00835548;0.00835597;-0.00932226;0.00835555;-0.00833414;0.240221;-0.178766;0.240514;-0.226461;0.233725;-0.217466;0.000466611;0.00164046;0.000202365;0.000491146;0.000192336;-0.00232412;0;1;0;0.603282;0;1;
50;0.107335;-0.107334;0.107335;-0.107899;0.107334;-0.107322;0.21143;-0.151528;0.210696;-0.199661;0.212218;-0.200434;0.000271991;0.000958334;0.000117657;-0.00197168;0.00011177;-0.00201663;0;1;0;0.657462;0;1;
51;0.187852;-0.187852;0.187852;-0.188182;0.187852;-0.187845;0.176566;-0.116702;0.173856;-0.150157;0.179023;-0.164444;0.00015843;0.0100868;6.82485e-05;-0.00492491;6.47352e-05;-0.00379682;0;1;0;0.735399;0;1;
52;0.240617;-0.240618;0.240617;-0.240809;0.240617;-0.240612;0.167999;-0.0527954;0.160187;-0.0973742;0.16979;-0.129247;9.20231e-05;0.0176332;3.9441e-05;-0.0028747;3.73417e-05;-0.00221658;0;0.982996;0;0.790633;0;0.96477;
53;0.271438;-0.271441;0.27144;-0.271553;0.27144;-0.271438;0.142535;-0.0218319;0.13797;-0.0412891;0.143579;-0.063863;0.00110667;0.017121;2.26033e-05;0.0197836;2.13262e-05;0.00613444;0.719469;1;0;0.827438;0;1;
54;0.287465;-0.287468;0.287467;-0.287533;0.287467;-0.287466;0.100443;0.0246638;0.0977681;0.0058295;0.101044;0.0380536;0.0195661;0.0156745;1.27838e-05;0.0147431;1.20523e-05;0.0250357;0.924246;0.917344;0;0.572975;0;1;
55;0.293157;-0.293159;0.293159;-0.293197;0.293158;-0.293157;0.0387041;0.0349222;0.0371401;0.0364072;0.0390513;0.112306;0.022786;0.00915406;0.0202609;0.00861148;0.0277484;0.0307777;0.769345;0.23986;1;0.26146;1;1;
56;0.289812;-0.289814;0.289813;-0.289836;0.289814;-0.289812;-0.0415374;0.0845375;-0.0424414;0.0854049;-0.0413213;0.129731;0.0135752;0.00534557;0.0250992;0.00502868;0.0348683;0.0179745;0.532494;0;1;0;1;0;
57;0.275954;-0.275956;0.275956;-0.275968;0.275957;-0.275955;-0.121601;0.146715;-0.12212;0.147222;-0.121462;0.173108;0.0080978;0.0031214;0.01854;0.0029364;0.0250266;0.0104966;0.579009;0;1;0;1;0;
58;0.250436;-0.250437;0.250437;-0.250444;0.250438;-0.250436;-0.181099;0.195767;-0.181395;0.196063;-0.181008;0.211181;0.00473099;0.00182244;0.0108306;0.00171445;0.0146193;0.00612952;0.587301;0;1;0;1;0;
59;0.214179;-0.214179;0.21418;-0.214183;0.214181;-0.214179;-0.218268;0.226835;-0.218435;0.227008;-0.208959;0.235837;0.00276376;0.00106379;0.00632625;0.00100079;0.00853883;0.00357914;0.850304;0;1;0;1;0;
60;0.166496;-0.166496;0.166497;-0.166499;0.166498;-0.166496;-0.239217;0.244221;-0.227435;0.244322;-0.207164;0.249478;0.00161423;0.00062072;0.0036945;0.00058395;0.00498617;0.00208968;0.948188;0;1;0;1;0;
61;0.103062;-0.103062;0.103063;-0.103064;0.103064;-0.103062;-0.248393;0.25221;-0.222951;0.252269;-0.199941;0.253538;0.000942542;0.000361933;0.00215762;0.000340515;0.00291111;0.00121985;0.963249;0;1;0;1;0;
62;0.0184144;-0.0184145;0.0184152;-0.0184152;0.018417;-0.0184143;-0.233427;0.240212;-0.216205;0.244624;-0.189181;0.243082;0.000550067;0.000210794;0.00126016;0.000198343;0.00169914;0.000711852;0.895933;0;1;0;1;0;
63;-0.08089;0.0808901;-0.0808894;0.0808898;-0.0808874;0.0808903;-0.207878;0.21714;-0.201919;0.226143;-0.164875;0.226557;0.000321141;0.000122539;0.000736129;0.000115326;0.000991611;0.000415209;0.801881;0;1;0;1;0;
64;-0.168492;0.168493;-0.168492;0.168492;-0.16849;0.168493;-0.167697;0.188909;-0.174625;0.218572;-0.126886;0.218814;-0.00543985;7.10112e-05;-0.00442333;6.68716e-05;0.00148638;0.00024199;1;0;1;0;1;0;
65;-0.228614;0.228615;-0.228614;0.228615;-0.228613;0.228615;-0.11876;0.180592;-0.139895;0.197915;-0.0751814;0.198056;-0.00317558;4.09634e-05;-0.00258236;3.85844e-05;0.0105749;0.000140844;1;0;1;0;1;0;
66;-0.264691;0.264691;-0.264691;0.264691;-0.26469;0.264691;-0.060702;0.156106;-0.0943974;0.166223;-0.01345;0.166305;0.0112946;2.34185e-05;-0.00150704;2.21234e-05;0.0158599;8.18306e-05;0.832411;0;1;0;1;0;
67;-0.284216;0.284216;-0.284216;0.284216;-0.284216;0.284216;0.0335756;0.116721;-0.080681;0.122629;0.0577517;0.122677;0.0271175;1.32308e-05;-0.000878735;1.2508e-05;0.0329658;4.73913e-05;1;0;0.942298;0;1;0;
68;-0.292489;0.292487;-0.292489;0.292488;-0.292489;0.292488;0.0768618;0.0595134;-0.0384578;0.062968;0.0608882;0.0629918;0.0236861;0.00986198;0.00604974;0.0123157;0.0192561;0.00790838;1;0.501122;0.830564;0.489794;0.793223;0.761286;
69;-0.288726;0.26944;-0.286274;0.286115;-0.292137;0.292195;0.096986;-0.0173253;0.0296396;-0.0153229;0.087657;-0.0152991;0.0138324;0.0414721;0.00353273;0.00784866;0.011245;0.023152;0;1;0;0.407372;0;1;
70;-0.279212;0.245399;-0.27778;0.277687;-0.281204;0.281238;0.147025;-0.100487;0.107695;-0.0993298;0.141577;-0.0993102;0.00807761;0.0290176;0.00206281;0.00887616;0.00656665;0.0155549;0;1;0;0.522139;0;1;
71;-0.257568;0.237818;-0.256731;0.256677;-0.258731;0.258751;0.193967;-0.166776;0.170999;-0.16611;0.190785;-0.166095;0.00471682;0.0185057;0.0012043;0.00881772;0.00383446;0.00908593;0;1;0;0.621216;0;1;
72;-0.224622;0.213088;-0.224134;0.224102;-0.225302;0.225314;0.225599;-0.199622;0.212186;-0.209328;0.223741;-0.209316;0.00275412;0.0108107;0.000702824;0.00515201;0.00223885;0.00530617;0;1;0;0.670406;0;1;
73;-0.180604;0.173867;-0.180319;0.1803;-0.181001;0.181008;0.24387;-0.197214;0.236036;-0.234365;0.242785;-0.234356;0.00160785;0.00631504;0.000409925;0.00301051;0.00130697;0.00309784;0;1;0;0.660331;0;1;
74;-0.122269;0.118335;-0.122102;0.122091;-0.122501;0.122505;0.252735;-0.190929;0.248161;-0.240773;0.252102;-0.228166;0.000938407;0.00368853;0.000238825;0.00175944;0.000762736;0.0018077;0;1;0;0.718778;0;1;
75;-0.0437772;0.0414819;-0.04368;0.0436739;-0.0439134;0.0439153;0.246609;-0.1906;0.247172;-0.236317;0.247353;-0.222937;0.000547547;0.00215397;0.000138915;0.00102776;0.000444871;0.00105499;0;1;0;0.671562;0;1;
76;0.0535189;-0.0548579;0.0535757;-0.0535791;0.053439;-0.0534382;0.231946;-0.169146;0.233015;-0.214755;0.22305;-0.209449;0.000319239;0.0012579;8.05811e-05;0.000600102;0.000259243;0.000199616;0;1;0;0.859551;0;0.965077;
77;0.146965;-0.147747;0.146998;-0.147;0.146918;-0.146918;0.219378;-0.137958;0.223593;-0.178381;0.19943;-0.187533;0.000185996;0.00362021;4.65623e-05;-0.0035146;0.000150882;-0.00672784;0;1;0;0.931284;0;1;
78;0.214802;-0.215259;0.214821;-0.214822;0.214775;-0.214774;0.203175;-0.0858287;0.205637;-0.130763;0.191526;-0.153459;0.000108093;0.0116058;2.66709e-05;-0.00231272;8.76162e-05;-0.00392864;0;1;0;0.783842;0;1;
79;0.256718;-0.256985;0.256729;-0.25673;0.256702;-0.256702;0.175111;-0.0297869;0.176548;-0.072981;0.168308;-0.109304;6.27001e-05;0.018806;1.51383e-05;0.012172;5.06637e-05;-0.00229362;0;1;0;0.603458;0;0.935343;
80;0.280138;-0.280297;0.280146;-0.280147;0.28013;-0.280131;0.135483;-0.00292496;0.136317;-0.0182149;0.131504;-0.0243324;0.00947119;0.0162084;8.40644e-06;0.0226389;2.91308e-05;0.0121034;0.897342;0.891084;0;0.851779;0;1;
81;0.291153;-0.291247;0.291159;-0.291159;0.291149;-0.29115;0.0809855;0.0461326;0.0814628;0.0385176;0.0786518;0.0936463;0.0266931;0.0141985;0.00591802;0.0136341;0.00225136;0.0436208;1;0.79418;0.635775;0.717036;0.122802;1;
82;0.292815;-0.293197;0.292818;-0.292819;0.293923;-0.292813;0.00759289;0.0666485;0.00787723;0.0622019;0.00623833;0.125357;0.0155933;0.00829141;0.0238809;0.00796216;0.0294417;0.0254773;0.628119;0;1;0;1;0.649945;
83;0.285022;-0.285245;0.285025;-0.285025;0.285671;-0.285021;-0.0772185;0.120577;-0.0770411;0.11798;-0.0779945;0.154862;0.00910912;0.00484177;0.0250603;0.00464954;0.0342161;0.0148781;0.498547;0;1;0;1;0;
84;0.26589;-0.26602;0.265892;-0.265891;0.26627;-0.265889;-0.150219;0.175542;-0.150108;0.174026;-0.150661;0.195565;0.00532228;0.00282714;0.0152953;0.00271496;0.0211523;0.00868835;0.833539;0;1;0;1;0;
85;0.23544;-0.235517;0.235442;-0.235442;0.235663;-0.23544;-0.199569;0.214359;-0.199498;0.213474;-0.197045;0.226052;0.00310966;0.00165056;0.00893477;0.00158508;0.012356;0.00507349;0.647886;0;1;0;1;0;
86;0.194344;-0.194388;0.194345;-0.194344;0.194474;-0.194344;-0.228929;0.237568;-0.228774;0.237051;-0.203412;0.244396;0.0018169;0.000963403;0.00521864;0.000925194;0.00721687;0.00296239;0.716709;0;1;0;1;0;
87;0.140326;-0.140353;0.140328;-0.140327;0.140404;-0.140326;-0.244633;0.249679;-0.225536;0.249377;-0.204915;0.253667;0.00106136;0.000562066;0.00304761;0.000539816;0.00421391;0.0017295;0.736829;0;1;0;1;0;
88;0.0677852;-0.0678005;0.0677862;-0.0677853;0.0678316;-0.0677851;-0.24278;0.250353;-0.220148;0.250967;-0.197707;0.249807;0.000619534;0.000327684;0.00177988;0.000314733;0.00245994;0.00100949;0.774985;0;1;0;1;0;
89;-0.0257058;0.025697;-0.025705;0.0257059;-0.0256775;0.025706;-0.223452;0.230999;-0.210918;0.238135;-0.180421;0.237032;0.000361609;0.000190783;0.00103956;0.000183291;0.00143567;0.000589019;0.906355;0;1;0;1;0;
90;-0.123251;0.123246;-0.12325;0.123251;-0.123233;0.123251;-0.192853;0.206715;-0.192704;0.20993;-0.152562;0.203305;-0.000591518;0.000110842;0.000607514;0.000106763;0.000838119;0.000343473;1;0;1;0;1;0;
91;-0.198942;0.198939;-0.198941;0.198942;-0.198931;0.198942;-0.144976;0.195474;-0.158724;0.171794;-0.108443;0.169602;-0.00472692;6.42533e-05;-0.00472979;6.18611e-05;0.00767555;0.000200108;1;0;1;0;1;0;
92;-0.247326;0.247325;-0.247326;0.247326;-0.24732;0.247326;-0.0925369;0.17609;-0.119507;0.162261;-0.0468912;0.160981;0.00691121;3.69765e-05;-0.00276125;3.56235e-05;0.0117367;0.000116426;1;0;0.984065;0;1;0;
93;-0.275123;0.275122;-0.275123;0.275123;-0.27512;0.275123;-0.0211219;0.14309;-0.0674362;0.135014;0.0127269;0.134267;0.0179539;2.10767e-05;-0.00097718;2.04427e-05;0.0260093;6.76246e-05;1;0;0.903714;0;1;0;
94;-0.289121;0.289119;-0.289121;0.28912;-0.289119;0.28912;0.0649638;0.0950834;-0.00965462;0.0903675;0.0576295;0.0899304;0.0431744;0.0124997;-0.00056968;0.00796761;0.0302154;0.00119159;1;0.271445;0.791279;0.463608;1;0.736;
95;-0.293238;0.293237;-0.293238;0.293238;-0.293238;0.293238;0.0769025;0.0457826;0.0218184;0.0253203;0.0536301;0.0250757;0.0252142;0.039829;-0.000332562;0.00523749;0.0176459;0.0255617;0.291851;0.949379;0;0.375938;0.208043;1;
96;-0.288223;0.288222;-0.288223;0.288223;-0.288223;0.288223;0.116233;-0.044567;0.0840639;-0.0565332;0.102642;-0.0566651;0.0147245;0.045969;-0.000194581;0.0060544;0.0103047;0.0245989;0;1;0;0.390085;0;1;
97;-0.27234;0.272339;-0.27234;0.27234;-0.27234;0.27234;0.168727;-0.126859;0.14994;-0.13386;0.16079;-0.13393;0.00859863;0.0274615;-0.00011402;0.00454577;0.00601755;0.0143699;0;1;0;0.433998;0;1;
98;-0.244882;0.244881;-0.244882;0.244881;-0.244882;0.244882;0.209481;-0.185018;0.198509;-0.189117;0.204846;-0.189153;0.00502107;0.0160423;-6.70543e-05;0.00265592;0.00351379;0.00839334;0;1;0;0.469532;0;1;
