1;-0.000363588;0.000116064;9.94836e-05;-0.000363588;0.000116064;9.94836e-05;0.0349769;0.0347456;0.0352595;0.0349769;0.0347456;0.0352595;0.808667;0.808665;0.808666;0.808667;0.808665;0.808666;0;0;0;0;0;0;
2;-0.00776069;-0.10344;-0.0132903;0.0070674;0.0371756;0.00801175;0.272925;0.213939;0.146934;0.170113;0.181699;0.258345;0.472573;0.47249;0.472404;0.472444;0.472438;0.472541;1;1;1;1;1;1;
3;0.0076262;-0.0710796;-0.0106669;0.00370213;0.0382775;0.00425374;0.159487;0.124857;0.0878528;0.0992616;0.112258;0.150804;0.276015;0.275958;0.275896;0.27592;0.27592;0.275997;0.717295;0.451779;0;0;0.159723;1;
4;0.00508882;-0.0421467;-0.00559466;0.00152726;0.0229902;0.00184939;0.0931261;0.0729464;0.0512773;0.0579935;0.065534;0.0890343;0.161204;0.161165;0.161124;0.161138;0.161141;0.161196;1;0.685371;0;0;0.488992;1;
5;-0.00281071;-0.0254902;-0.00239124;1.5874e-05;0.014304;0.000204054;0.0541393;0.0428607;0.0296889;0.0341217;0.0380195;0.074465;0.0941475;0.0941233;0.0940958;0.0941031;0.0941082;0.0941458;1;0.668101;0;0;0.54082;1;
6;-0.00302339;-0.0159938;-0.000289041;-0.0025916;0.0110936;-0.00925648;0.0626048;0.0416828;0.0172889;0.020584;0.0432398;0.0628137;0.0549879;0.0549717;0.0549531;0.0549556;0.0549622;0.0549867;1;0.660765;0.477124;0.286494;1;1;
7;-0.000522589;-0.0105837;0.00107453;-0.00632925;0.0102392;-0.00735529;0.0543791;0.0354346;0.0087967;0.0133207;0.033168;0.060988;0.0321185;0.0321068;0.0320935;0.0320935;0.0321014;0.0321175;1;0.622007;0.45996;0.217089;0.684405;1;
8;0.000828184;-0.0073146;0.00176108;-0.00608994;0.00852718;-0.00622174;0.0503105;0.0328724;0.00327173;0.0100264;0.024419;0.0625303;0.0187623;0.0187531;0.018744;0.0187427;0.0187502;0.0187617;1;0.591092;0.657867;0.316504;0.640554;1;
9;-0.000472703;-0.00481026;0.000569412;-0.00412699;0.00703243;-0.00523534;0.0484293;0.033286;0.0020682;0.0141779;0.0182346;0.066526;0.0124596;0.0109541;0.0109478;0.0109462;0.0109527;0.0149363;1;0.633834;0.628677;0.333573;0.611859;1;
10;-0.00523007;-0.0019141;-0.000562845;-0.00151535;0.00321277;-0.00216283;0.044993;0.0327266;-0.000820648;0.0194351;0.0124038;0.0708567;0.0130975;0.00639915;0.00639495;0.00639329;0.00639888;0.0145517;1;0.755894;0.657738;0.407538;0.596707;1;
11;-0.00670071;0.00252802;-0.00397485;0.00276088;-0.00176847;-0.00686909;0.0440045;0.0338531;-0.00402492;0.024382;0.0084291;0.0755585;0.0147712;0.0037388;0.00373596;0.00373448;0.00373932;0.0183066;1;0.683575;0.672361;0.490549;0.595196;1;
12;-0.0122132;0.00977599;-0.0106212;0.00991186;-0.00933131;0.0042872;0.0407792;0.0337485;-0.00454766;0.0263985;0.0056184;0.0778307;0.0135039;0.00218489;0.0021833;0.0021817;0.00218616;0.0139899;1;0.477304;0.714724;0.295887;0.606356;1;
13;-0.0225908;0.021167;-0.0216609;0.0212461;-0.0209063;0.0179611;0.0393043;0.0336913;-0.00568056;0.0294164;0.00298861;0.0800137;0.0142471;0.00127729;0.00127657;0.00127501;0.00127901;0.0152435;1;0.471051;0.721987;0.35551;0.566665;1;
14;-0.0386897;0.0378577;-0.0381464;0.0379037;-0.0377048;0.035985;0.0410592;0.034161;-0.00366156;0.0281817;-0.000530223;0.0783351;0.0135258;0.000747642;0.000746835;0.000745851;0.00074867;0.0178882;1;0.513352;0.590539;0.385088;0.705097;1;
15;-0.0606764;0.0601899;-0.0603589;0.0602169;-0.0601008;0.059096;0.046678;0.0335328;0.00440497;0.0206813;0.000820967;0.0726742;0.0120723;0.00345733;0.000436969;0.000437398;0.000437682;0.0237623;1;0.639794;0.642703;0.44337;0.467069;1;
16;-0.0869514;0.0866666;-0.0867658;0.0866827;-0.0866151;0.0860277;0.0602101;0.0284256;0.0140073;0.000646308;0.0119135;0.0482502;0.0070535;0.0120679;0.000255241;0.00175308;0.000255313;0.0198531;0.669254;0.878385;0.258624;0.458687;0;1;
17;-0.113245;0.113078;-0.113137;0.113088;-0.113049;0.112705;0.0702091;0.00488964;0.0410572;-0.0324968;0.0398344;-0.00468884;0.00412024;0.0225636;0.000148774;0.00102608;0.000148763;0.023317;0.481955;1;0;0.510683;0;1;
18;-0.132874;0.132776;-0.132811;0.132782;-0.13276;0.132559;0.102567;-0.0586946;0.0855423;-0.0805392;0.0848281;-0.0642948;0.00240582;0.0314208;8.656e-05;0.00453412;8.65057e-05;0.0136219;0;1;0;0.539148;0;1;
19;-0.138355;0.138297;-0.138318;0.138301;-0.138288;0.13817;0.147682;-0.122048;0.13774;-0.134815;0.137323;-0.125324;0.0014046;0.018354;5.0186e-05;0.00264966;5.00924e-05;0.00795843;0;1;0;0.531675;0;1;
20;-0.123592;0.123557;-0.12357;0.12356;-0.123553;0.123483;0.18837;-0.17339;0.182564;-0.180853;0.18232;-0.175307;0.000819848;0.0107205;2.88947e-05;0.0015485;2.87866e-05;0.00464944;0;1;0;0.484899;0;1;
21;-0.0843996;0.0843788;-0.0843871;0.0843811;-0.0843769;0.0843361;0.216329;-0.196371;0.212938;-0.211937;0.212796;-0.208696;0.000478342;0.00626066;1.64378e-05;0.000904844;1.63025e-05;0.0027159;0;1;0;0.75782;0;0.932381;
22;-0.0173129;0.0173004;-0.0173055;0.0173019;-0.0172996;0.0172755;0.231354;-0.186325;0.229374;-0.228329;0.229291;-0.21929;0.000278845;0.00365603;9.09993e-06;0.000528572;9.00367e-06;0.00158614;0;1;0;0.85162;0;1;
23;0.072541;-0.0725486;0.0725453;-0.0725475;0.0725487;-0.072563;0.228516;-0.164098;0.228848;-0.206389;0.228678;-0.20871;0.000162347;0.00213536;4.80545e-06;0.000308844;4.71909e-06;0.000926587;0;1;0;0.897825;0;0.899732;
24;0.159616;-0.159621;0.159619;-0.15962;0.159621;-0.159629;0.190958;-0.134335;0.191181;-0.1655;0.196497;-0.178038;9.44528e-05;0.0058477;2.45205e-06;0.000181372;2.19371e-06;0.000541895;0;1;0;1;0;1;
25;0.222489;-0.222493;0.222491;-0.222492;0.222492;-0.222497;0.153548;-0.0784929;0.15162;-0.115845;0.185936;-0.147773;5.47636e-05;0.0189777;-0.000710489;0.0107859;7.86128e-07;0.000317578;0;1;0;1;0;1;
26;0.261127;-0.261132;0.261128;-0.261129;0.261129;-0.261132;0.145909;-0.0202878;0.14288;-0.0562225;0.162921;-0.0943417;3.22366e-05;0.0285163;-0.000415303;0.0196964;-6.55003e-08;0.00449759;0.737249;1;0;0.778974;0;1;
27;0.282491;-0.282496;0.282493;-0.282494;0.282493;-0.282495;0.115677;0.0105998;0.113903;-0.0152271;0.125606;-0.0128154;0.00956538;0.0312362;-0.000242903;0.0169033;-4.93398e-07;0.0179029;0.706343;1;0;0.717681;0;1;
28;0.292153;-0.292157;0.292155;-0.292156;0.292155;-0.292157;0.0662385;0.0583898;0.0645974;0.0558971;0.0714312;0.114369;0.0231336;0.0182458;0.00766699;0.0213272;-3.48158e-07;0.0554195;1;0.792232;0.418723;0.613857;0.403651;1;
29;0.29273;-0.294255;0.291925;-0.292731;0.290735;-0.294832;-0.00559224;0.0783799;-0.0065475;0.0769247;-0.0025539;0.136812;0.0135138;0.010655;0.0158159;0.0124548;0.0202775;0.0323681;0.83458;0;1;0;1;0.710751;
30;0.283765;-0.284656;0.283295;-0.283766;0.2826;-0.284992;-0.0883359;0.130845;-0.0888842;0.129995;-0.0865479;0.164969;0.00789372;0.00622211;0.0211351;0.00727318;0.0267674;0.0189023;0.576273;0;1;0;1;0;
31;0.263375;-0.263896;0.263101;-0.263376;0.262696;-0.264092;-0.157945;0.182771;-0.158258;0.182275;-0.15689;0.202699;0.00461114;0.00363325;0.0123458;0.0042471;0.0156362;0.0110384;0.671366;0;1;0;1;0;
32;0.23181;-0.232114;0.23165;-0.23181;0.231413;-0.232229;-0.204299;0.218799;-0.204477;0.218509;-0.203674;0.230437;0.00269345;0.00212132;0.00721089;0.00247981;0.00913276;0.00644585;0.708841;0;1;0;1;0;
33;0.189549;-0.189727;0.189456;-0.18955;0.189318;-0.189794;-0.231609;0.240077;-0.231709;0.239908;-0.205866;0.246874;0.00157293;0.00123831;0.00421094;0.0014477;0.00533322;0.00376383;0.754736;0;1;0;1;0;
34;0.133931;-0.134035;0.133877;-0.133932;0.133797;-0.134074;-0.245979;0.250926;-0.229325;0.250827;-0.201366;0.254895;0.000918266;0.000722624;0.00245863;0.000844911;0.00311438;0.0021975;0.791493;0;1;0;0.990527;0;
35;0.0591838;-0.0592444;0.059152;-0.0591839;0.0591054;-0.0592672;-0.239028;0.250034;-0.223972;0.249528;-0.191534;0.249367;0.000535751;0.000421454;0.00143549;0.000492877;0.00181873;0.00128278;0.842755;0;1;0;1;0;
36;-0.0359182;0.0358828;-0.0359367;0.0359182;-0.0359635;0.0358695;-0.219533;0.225486;-0.211938;0.236146;-0.170629;0.235361;0.000312652;0.000245569;0.000838185;0.000287299;0.00106272;0.000748586;0.939122;0;1;0;1;0;
37;-0.132208;0.132187;-0.132218;0.132208;-0.132234;0.132179;-0.18415;0.202285;-0.192;0.201437;-0.146014;0.19839;0.000182907;0.000142877;0.000489822;0.00016741;0.00062196;0.000436767;1;0;1;0;1;0;
38;-0.20502;0.205008;-0.205027;0.205019;-0.205036;0.205004;-0.141004;0.170305;-0.14135;0.172039;-0.111891;0.170168;0.00510715;8.29101e-05;0.000286844;9.81819e-05;0.0166949;0.000254499;1;0;1;0.386487;0.962027;0;
39;-0.250955;0.250947;-0.250958;0.250953;-0.250963;0.250945;-0.095451;0.159409;-0.106523;0.171234;-0.0396209;0.159328;0.00298415;4.7993e-05;0.00424156;5.78933e-05;0.016545;0.000148254;0.999414;0;1;1;1;0;
40;-0.277082;0.277078;-0.277085;0.275372;-0.277087;0.277077;-0.0403633;0.130819;-0.0130398;0.175196;-0.0331838;0.130772;0.0245679;2.7561e-05;0.0235427;0.0331389;0.0142924;8.6093e-05;0.798091;0;1;0.554261;0.924527;0;
41;-0.289951;0.289948;-0.289952;0.288953;-0.289954;0.289948;0.0059061;0.08445;0.100033;0.112383;0.00390134;0.0844251;0.0143493;1.5733e-05;0.0425334;0.0444704;0.00834764;0.0157978;0.708312;0;1;0.744768;0.465034;0.79541;
42;-0.293161;0.29316;-0.293161;0.292578;-0.293163;0.314611;0.0353809;0.0173929;0.138593;0.0337112;0.0342084;0.01738;0.0083803;0.014689;0.0248466;0.0259785;0.00487466;0.0154197;0;0.677778;1;0.567375;0;0.92329;
43;-0.287142;0.288394;-0.287142;0.286802;-0.287144;0.299671;0.0959595;-0.0651282;0.156615;-0.0556064;0.0952746;-0.0651368;0.00489375;0.0138639;0.0145121;0.0160009;0.00284645;0.0237845;0;1;0.662451;0.387259;0;1;
44;-0.270065;0.270798;-0.270064;0.269865;-0.270066;0.277385;0.158635;-0.140617;0.194057;-0.135068;0.158235;-0.140622;0.0028576;0.0133415;0.00847471;0.00934603;0.00166192;0.0194215;0;1;0;0.394761;0;1;
45;-0.241493;0.241924;-0.241493;0.241376;-0.241494;0.245769;0.203977;-0.193445;0.224663;-0.190215;0.203743;-0.193448;0.00166843;0.00779256;0.00494875;0.00545802;0.000970126;0.0113454;0;1;0;0.405779;0;0.992735;
46;-0.202303;0.202557;-0.202303;0.202235;-0.202305;0.204801;0.231604;-0.214639;0.243684;-0.223567;0.231467;-0.225449;0.000973902;0.00455003;0.00288957;0.00318656;0.000566059;0.00662612;0;1;0;0.466584;0;1;
47;-0.150865;0.151016;-0.150865;0.150825;-0.150867;0.152323;0.246539;-0.20874;0.253594;-0.241846;0.24646;-0.22727;0.00056822;0.00265603;0.00168696;0.00185956;0.000330076;0.00386936;0;1;0;0.431083;0;1;
48;-0.0819842;0.082075;-0.0819843;0.0819615;-0.081987;0.0828359;0.252263;-0.202219;0.25102;-0.249969;0.252664;-0.225204;0.000331278;0.00155017;0.000984629;0.00108411;0.000192264;0.0022593;0;1;0;0.636015;0;1;
49;0.00835587;-0.00829894;0.00835571;-0.00836912;0.00835116;-0.00785882;0.239884;-0.180699;0.241279;-0.214677;0.235161;-0.221888;0.000192953;0.000904878;0.000574487;-0.00706056;0.00011173;0.00131891;0;1;0;0.49927;0;1;
50;0.107335;-0.107299;0.107335;-0.107343;0.10733;-0.107045;0.21649;-0.150433;0.209003;-0.19355;0.210899;-0.202167;0.000112179;0.000529245;0.000334915;-0.0041224;6.47108e-05;0.000769996;0;1;0;0.689807;0;0.871231;
51;0.187853;-0.18783;0.187853;-0.187858;0.187849;-0.187684;0.20819;-0.105525;0.173278;-0.150259;0.179238;-0.16803;6.50701e-05;0.00894487;0.00019504;-0.00240605;3.72595e-05;0.000450182;0;1;0;0.734731;0;1;
52;0.240615;-0.240603;0.240617;-0.24062;0.240615;-0.240518;0.186827;-0.079797;0.163629;-0.109964;0.169916;-0.112154;0.00417362;0.0170236;0.000113518;0.0125216;2.12868e-05;0.00386274;1;1;0;0.930092;0;1;
53;0.271438;-0.271432;0.27144;-0.271442;0.271438;-0.271382;0.159927;-0.0521783;0.13998;-0.0634524;0.143652;-0.0333757;0.0171162;0.00994483;6.57966e-05;0.0073149;1.19791e-05;0.0171322;0.876703;1;0;0.598782;0;1;
54;0.287466;-0.287462;0.287466;-0.287468;0.287466;-0.287433;0.129982;0.00170422;0.0989422;-0.0197837;0.101086;0.0702829;0.0341878;0.00580943;3.80124e-05;0.00427302;6.5884e-06;0.04572;1;0.652163;0;0.424838;0;1;
55;0.29707;-0.293156;0.293158;-0.293159;0.315289;-0.293138;0.0583931;0.0209587;0.0378216;0.00841033;0.039073;0.150132;0.0383646;0.003393;0.022582;0.00249597;0.00365475;0.0453989;1;0;0.807226;0.140333;0.607966;1;
56;0.292098;-0.289812;0.289814;-0.289814;0.302739;-0.289801;-0.0300377;0.0763829;-0.0420458;0.0690549;-0.0413125;0.177066;0.0224086;0.00198117;0.016727;0.00145736;0.0252663;0.0265152;1;0;1;0;1;0.906714;
57;0.27729;-0.275955;0.275957;-0.275956;0.283506;-0.275948;-0.114887;0.141953;-0.121889;0.137673;-0.121458;0.200751;0.0130881;0.0011566;0.0182362;0.000850787;0.0162854;0.0154842;0.622856;0;1;0;1;0;
58;0.251215;-0.250436;0.250438;-0.250436;0.254848;-0.250432;-0.17718;0.192986;-0.18126;0.190487;-0.181007;0.227324;0.00764312;0.000675023;0.0106534;0.000496449;0.00951255;0.00904227;1;0;1;0;1;0;
59;0.214633;-0.214179;0.214181;-0.214179;0.216758;-0.214177;-0.215981;0.225211;-0.218356;0.223752;-0.216525;0.245264;0.00446278;0.00039372;0.00622351;0.000289496;0.00555489;0.00528012;0.5334;0;1;0;1;0;
60;0.166761;-0.166496;0.166498;-0.166496;0.168004;-0.166495;-0.237883;0.243273;-0.219072;0.242421;-0.211625;0.254984;0.00260483;0.000229403;0.00363542;0.000168587;0.00324241;0.00308306;0.720588;0;1;0;1;0;
61;0.103216;-0.103063;0.103064;-0.103062;0.103945;-0.103061;-0.248509;0.251657;-0.218191;0.251159;-0.205823;0.25363;0.00151965;0.000133406;0.00212429;9.7949e-05;0.00189198;0.00179995;0.737121;0;1;0;1;0;
62;0.0185032;-0.0184147;0.0184161;-0.0184144;0.0189336;-0.0184139;-0.245829;0.241978;-0.206404;0.242621;-0.199105;0.243159;0.000885401;7.73327e-05;0.00124156;5.66767e-05;-0.0184687;0.0010506;0.803648;0;1;0;1;0;
63;-0.0808387;0.0808904;-0.0808878;0.0808892;-0.0805825;0.0808894;-0.242136;0.217787;-0.200947;0.225391;-0.205439;0.22621;-0.00572614;4.45098e-05;0.000725911;3.28256e-05;-0.0342434;0.00061314;0.828418;0;1;0;1;0;
64;-0.168463;0.168493;-0.168489;0.168491;-0.168311;0.168491;-0.227912;0.188312;-0.170669;0.218133;-0.161204;0.218611;-0.00525395;2.54332e-05;0.00042519;1.86992e-05;-0.0728575;0.000357566;1;0;1;0;1;0;
65;-0.228599;0.228615;-0.228611;0.228613;-0.228506;0.228612;-0.203367;0.180243;-0.131586;0.197658;-0.128203;0.19794;-0.00494812;1.4355e-05;0.00762755;1.04255e-05;-0.0425529;0.000208958;1;0;0.711923;0;0.997664;0.590001;
66;-0.264686;0.264691;-0.264688;0.264691;-0.264625;0.264688;-0.169402;0.155903;-0.104647;0.166073;-0.111459;0.166246;-0.00363344;7.8868e-06;0.00445509;5.61756e-06;-0.0248537;0.00457438;1;0;0.832176;0;0.671927;1;
67;-0.284217;0.284216;-0.284213;0.284216;-0.284174;0.284214;-0.12448;0.116602;-0.0866679;0.122541;-0.0906466;0.12265;-0.00212352;4.1461e-06;0.00260249;2.86782e-06;-0.0145181;0.00391175;1;0;0.915374;0;0.904501;1;
68;-0.34234;0.292489;-0.292486;0.292488;-0.28388;0.292487;-0.0640354;0.0594404;-0.0419585;0.0629086;-0.0442808;0.0629786;-0.00124041;2.05777e-06;0.00152018;1.31776e-06;-0.00848128;0.00228634;1;0;0.754394;0;0.895796;1;
69;-0.327463;0.291686;-0.280551;0.292968;-0.271088;0.283672;0.0147148;-0.0173878;0.0275956;-0.0153632;0.0262409;-0.0153129;0.00530993;9.96432e-07;0.00088665;4.51713e-07;-0.00495457;0.0025955;1;0;0.378594;0;0.592486;1;
70;-0.301836;0.280942;-0.274439;0.28169;-0.240864;0.27626;0.0989798;-0.100527;0.1065;-0.0993576;0.105714;-0.0993211;0.0031012;0.0184626;0.000517426;0.00523664;-0.0028935;0.0123252;0;0.918948;0;0.492792;0.674356;1;
71;-0.27078;0.258578;-0.25478;0.259015;-0.235173;0.255844;0.165909;-0.166801;0.170301;-0.166129;0.169842;-0.166099;0.00181072;0.0107852;0.000301833;0.00305962;-0.00169021;0.0104921;0;1;0;0.415927;0;1;
72;-0.232338;0.225213;-0.222994;0.225468;-0.211544;0.223616;0.209213;-0.209607;0.211778;-0.20934;0.21151;-0.209318;0.00105701;0.00629933;0.000175848;0.00178767;-0.00098754;0.00612845;0;1;0;0.459097;0;1;
73;-0.18511;0.180949;-0.179653;0.181098;-0.172966;0.180016;0.234301;-0.206494;0.235799;-0.234374;0.235642;-0.230963;0.000616799;0.00367825;0.000102229;0.00104426;-0.000577227;0.00357901;0;1;0;0.624223;0;1;
74;-0.1249;0.122471;-0.121714;0.122558;-0.117808;0.121926;0.247147;-0.200772;0.248022;-0.247189;0.24793;-0.226758;0.000359689;0.00214763;5.91807e-05;0.000609779;-0.000337646;0.00208997;0;1;0;0.536837;0;1;
75;-0.0453142;0.0438959;-0.0434531;0.0439462;-0.0411726;0.0435773;0.247122;-0.191314;0.247278;-0.236628;0.24804;-0.221931;0.000209527;0.00125397;3.40337e-05;0.000355821;-0.000197733;0.0012204;0;1;0;0.561656;0;1;
76;0.0526212;-0.0534488;0.053708;-0.05342;0.0550399;-0.0536354;0.232814;-0.168605;0.232459;-0.215097;0.22296;-0.20738;0.00012182;0.000732728;1.93367e-05;0.000207766;-0.000116039;0.000712782;0;1;0;0.627617;0;1;
77;0.146441;-0.146924;0.147076;-0.146907;0.147853;-0.147033;0.209863;-0.139241;0.20923;-0.175328;0.195739;-0.184555;7.07783e-05;0.00329195;1.09212e-05;0.000121759;-6.82776e-05;0.000416713;0;1;0;0.69198;0;0.868084;
78;0.214495;-0.214778;0.214866;-0.214768;0.215321;-0.214841;0.19762;-0.0991943;0.197249;-0.136244;0.159653;-0.139292;0.00596523;0.015639;5.78919e-06;0.00182477;-4.04196e-05;0.000244385;0.477158;1;0;0.730307;0;0.880775;
79;0.256538;-0.256704;0.256756;-0.256698;0.257021;-0.256741;0.171873;-0.074133;0.17165;-0.0960764;0.149694;-0.0786664;0.0140086;0.00913618;2.91234e-06;0.00902903;-2.40627e-05;0.00687235;0.784317;1;0;0.618515;0;1;
80;0.280035;-0.280131;0.280161;-0.280128;0.280316;-0.280153;0.149024;-0.0284985;0.133456;-0.0490314;0.120634;0.00977572;0.0297226;0.00971598;1.23952e-06;0.00527454;-1.44783e-05;0.0270261;1;0.817822;0;0.532985;0;1;
81;0.291094;-0.29115;0.291168;-0.291148;0.291258;-0.291162;0.0943575;0.0211172;0.0797922;-0.0304865;0.0723029;0.120846;0.0345635;0.00567532;0.0068806;0.00308142;-8.79158e-06;0.0536683;1;0.52066;0.503162;0.362503;0;1;
82;0.305289;-0.292813;0.300305;-0.29279;0.302797;-0.289241;0.0154077;0.0520396;0.00689656;0.0219047;0.00252236;0.160653;0.0222979;0.00331402;0.0169947;0.00179971;0.020188;0.0313504;1;0;1;0;0.481655;0.978528;
83;0.292307;-0.285022;0.289397;-0.285008;0.290853;-0.282935;-0.0726537;0.112045;-0.0776165;0.0944468;-0.080169;0.177825;0.0130246;0.00193501;0.0184102;0.00105076;0.0141712;0.0183096;0.648674;0;1;0;1;0.36753;
84;0.270144;-0.26589;0.268446;-0.265882;0.269298;-0.264671;-0.147555;0.17056;-0.150443;0.160282;-0.151932;0.208975;0.00760819;0.00112961;0.0144638;0.000613332;0.0122868;0.0106923;0.629525;0;1;0;1;0;
85;0.237926;-0.235441;0.236934;-0.235436;0.237433;-0.234729;-0.198014;0.21145;-0.199693;0.205448;-0.200561;0.233884;0.00444472;0.000659202;0.00844957;0.000357821;0.00717623;0.00624378;1;0;1;0;1;0;
86;0.195795;-0.194344;0.195217;-0.194341;0.19551;-0.193928;-0.228021;0.235868;-0.225911;0.232363;-0.212212;0.24897;0.00259627;0.000384449;0.00493584;0.000208542;0.00418998;0.00364588;1;0;1;0;1;0;
87;0.141174;-0.140327;0.140837;-0.140325;0.14101;-0.140084;-0.244103;0.248686;-0.21828;0.246639;-0.201337;0.256337;0.00151651;0.000223944;0.00288352;0.000121324;0.00244577;0.00212868;1;0;1;0;1;0;
88;0.0682803;-0.0677857;0.0680845;-0.0677845;0.0681866;-0.0676438;-0.243125;0.251025;-0.215434;0.250987;-0.199811;0.250339;0.000885805;0.00013021;0.00168508;7.03961e-05;0.00142696;0.00124262;1;0;1;0;1;0;
89;-0.0254165;0.0257055;-0.0255303;0.0257062;-0.0254691;0.0257884;-0.226252;0.228916;-0.206557;0.23763;-0.180243;0.237951;0.000517495;7.54353e-05;0.000984991;4.06063e-05;0.000832393;0.0007252;1;0;1;0;1;0;
90;-0.123081;0.123251;-0.123148;0.123251;-0.12311;0.123299;-0.194895;0.206736;-0.188647;0.204202;-0.155765;0.20263;0.000302807;4.34554e-05;0.000576289;2.32708e-05;0.000485662;0.000423123;1;0;1;0;1;0;
91;-0.198842;0.198942;-0.198881;0.198942;-0.198858;0.19897;-0.146021;0.169161;-0.151941;0.168345;-0.103896;0.178275;0.00132751;2.47997e-05;0.000337871;1.3109e-05;0.00546782;0.000246565;1;0;1;0;1;0;
92;-0.247267;0.247326;-0.24729;0.247326;-0.247276;0.247342;-0.0968271;0.154855;-0.116203;0.159436;-0.0562564;0.166046;0.0152174;1.39898e-05;0.00719549;7.23953e-06;0.00526664;0.000143572;0.807152;0;0.863565;0;1;0;
93;-0.275088;0.275123;-0.275102;0.275123;-0.275092;0.275132;-0.023924;0.130689;-0.0645661;0.133365;0.0231837;0.137225;0.022058;7.69209e-06;0.00420376;3.82561e-06;0.0291063;8.36423e-05;1;0;0.951311;0;1;0.46962;
94;-0.289099;0.28912;-0.289108;0.28912;-0.289102;0.289126;0.079835;0.0878416;-0.0450563;0.0894018;0.0498366;0.0916619;0.0488786;4.76587e-06;0.00245606;1.86857e-06;0.023826;0.0095995;1;0.595546;0.280376;0;1;0.945485;
95;-0.293225;0.288022;-0.29323;0.293238;-0.293227;0.293281;0.0891759;0.0238521;0.00114322;0.0247554;0.0537588;0.0260856;0.028548;0.00928149;0.00143414;0.00781768;0.0139144;0.0160969;0.654921;1;0;0.553923;0.147885;1;
96;-0.288215;0.258926;-0.288218;0.288223;-0.288217;0.295913;0.123401;-0.0573812;0.0719899;-0.0568635;0.102717;-0.0560815;0.0166714;0.00635933;0.000837206;0.00456719;0.00812558;0.0139211;0;1;0;0.401942;0;1;
97;-0.272335;0.226754;-0.272337;0.272341;-0.272336;0.276834;0.172913;-0.134349;0.142889;-0.134053;0.160833;-0.133596;0.00973553;-0.0149356;0.00048849;0.00266868;0.00474498;-0.0210306;0;1;0;0.486515;0;1;
98;-0.244879;0.218259;-0.24488;0.244883;-0.244879;0.247509;0.211925;-0.189397;0.194391;-0.18923;0.204871;-0.188964;0.00568495;-0.0149184;0.000284645;0.00155963;0.00277065;-0.025014;0;1;0;0.480783;0;1;
