1;-0.000363587;0.000116064;9.94837e-05;-0.000363587;0.000116064;9.94837e-05;0.0349769;0.0347456;0.0352595;0.0349769;0.0347456;0.0352595;0.808667;0.808665;0.808666;0.808667;0.808665;0.808666;0;0;0;0;0;0;
2;-0.0120807;-0.0228193;-0.0202354;0.00697314;0.0243438;0.0187903;0.140052;0.118706;0.0919163;0.0805269;0.0787097;0.119406;0.472297;0.472299;0.472333;0.472317;0.472322;0.472339;1;1;1;0.872131;0.934778;1;
3;0.0567604;0.0248267;0.0184516;-0.0258467;-0.0271791;-0.028133;0.234881;0.156947;0.0893787;0.169121;0.122688;0.10614;0.275866;0.275846;0.275854;0.275867;0.275862;0.275862;0.62933;1;0.491195;0.445529;0.286374;0.55064;
4;0.041224;0.00242883;-0.00165726;-0.0149617;-0.0189677;-0.0213084;0.226255;0.202796;0.159441;0.19842;0.175008;0.194069;0.237702;0.207525;0.161126;0.223353;0.212708;0.192517;0.795872;0.654196;0.596829;0.544304;0.452191;1;
5;0.0391511;-0.00134271;-0.00492075;-0.0122632;-0.0178402;-0.0201731;0.234302;0.208912;0.168189;0.198972;0.173679;0.188577;0.238022;0.206917;0.154302;0.207506;0.201005;0.189352;0.790333;0.643459;0.641204;0.581321;0.40828;1;
6;0.0392836;-0.00121727;-0.00479337;-0.0113738;-0.0168441;-0.0192348;0.231659;0.20737;0.166409;0.200073;0.175722;0.19118;0.232589;0.200449;0.149033;0.208268;0.200736;0.189668;0.818854;0.658336;0.689181;0.595883;0.413353;1;
7;0.0391349;-0.00135157;-0.00487551;-0.0107977;-0.0160881;-0.018498;0.227205;0.20432;0.162767;0.201768;0.176762;0.193704;0.228145;0.194668;0.144884;0.209606;0.202915;0.191356;0.83675;0.65138;0.691238;0.589077;0.425642;1;
8;0.0386435;-0.00181404;-0.00525445;-0.010619;-0.0157887;-0.0181528;0.223495;0.202449;0.159805;0.20205;0.176001;0.194664;0.226429;0.191087;0.143484;0.209136;0.203772;0.191302;0.836384;0.622775;0.699458;0.584013;0.440353;1;
9;0.0377078;-0.00286751;-0.00614964;-0.0105359;-0.0157463;-0.0179922;0.220875;0.201515;0.157326;0.202191;0.174309;0.194959;0.22624;0.188959;0.14379;0.206146;0.203245;0.189742;0.829663;0.584365;0.723951;0.586606;0.463743;1;
10;0.0368891;-0.00351801;-0.00687093;-0.0101565;-0.0153314;-0.0174273;0.218202;0.201019;0.154779;0.20231;0.172724;0.195727;0.226478;0.186614;0.14442;0.202854;0.20235;0.187397;0.816832;0.549545;0.75787;0.589879;0.491243;1;
11;0.036945;-0.0030267;-0.00655489;-0.00907791;-0.0142892;-0.0161584;0.215439;0.200338;0.151769;0.202846;0.17082;0.197054;0.225971;0.183737;0.145113;0.200052;0.202668;0.184862;0.809915;0.510048;0.796892;0.586214;0.527836;0.987636;
12;0.0351069;-0.00455157;-0.0083161;-0.00783635;-0.0132506;-0.0147082;0.212267;0.199159;0.148279;0.203645;0.16942;0.199339;0.226411;0.180958;0.144667;0.196387;0.202966;0.183154;0.766005;0.46952;0.874772;0.604319;0.428775;0.917517;
13;0.0327466;-0.00636486;-0.0106491;-0.00571486;-0.0116508;-0.0124379;0.210025;0.19786;0.146938;0.203181;0.16823;0.199776;0.226963;0.17889;0.141316;0.193045;0.202564;0.183939;0.707303;0.460231;0.92683;0.630271;0.458304;0.859411;
14;0.0293628;-0.00894481;-0.0140711;-0.00260149;-0.00942667;-0.00927602;0.210288;0.196108;0.148072;0.200602;0.167414;0.196592;0.227147;0.179073;0.135388;0.189644;0.200158;0.188548;0.59457;0.503324;0.965369;0.685488;0.435195;0.81451;
15;0.0250989;-0.0118506;-0.0182735;0.00151186;-0.00653236;-0.00515736;0.216128;0.193073;0.154506;0.193634;0.168104;0.187534;0.224469;0.184019;0.12485;0.187769;0.193063;0.198126;0.388;0.668652;0.930995;0.793392;0.306074;0.804452;
16;0.0165084;-0.0104119;-0.0189237;0.0174745;-0.00310739;0.0106033;0.218187;0.18273;0.168075;0.16771;0.162926;0.170852;0.202679;0.207017;0.110518;0.191072;0.151288;0.211914;0.453958;0.697173;0.900029;0.680567;0.518757;0.745093;
17;0.000719793;0.00706044;-0.00494258;0.0709154;-0.0642785;0.0640469;0.22702;0.168983;0.194977;0.121819;0.147439;0.139313;0.154491;0.252013;0.0803949;0.190118;0.0883581;0.245711;0.597327;0.676012;1;0.640766;0.723032;0.67435;
18;-0.0298227;-0.00306911;-0.0158878;0.0902806;-0.0990644;0.080732;0.242781;0.157888;0.232962;0.0718756;0.144424;0.122055;0.112387;0.30226;0.0561803;0.195745;0.0516018;0.243508;0.320838;0.774638;1;0.843479;0.3499;0.900937;
19;-0.0529957;-0.00975793;-0.0228231;0.0974146;-0.11861;0.0849783;0.280748;0.163252;0.277299;0.0182457;0.172126;0.0685523;0.0749667;0.351758;0.0550574;0.200455;0.0301349;0.255686;0.454576;0.977932;0.680936;0.660517;0;1;
20;-0.0197848;0.0269819;-0.0516353;0.0597825;-0.112061;0.0514445;0.319781;0.159012;0.269348;-0.00698006;0.202645;0.0114204;0.0437882;0.410332;0.0321558;0.216524;0.017598;0.213717;0.755999;0.721518;0.597807;0.60135;0;1;
21;-0.0249309;0.0202938;-0.0490451;0.0471328;-0.0776659;0.037681;0.305741;0.14873;0.265861;-0.00178649;0.224666;0.0202275;0.0255788;0.382471;0.0187799;0.2386;0.0102765;0.227213;0.836629;0.946661;0.470255;0.525771;0;1;
22;-0.0361786;0.00571547;0.00333266;-0.00423029;-0.0133806;-0.0099803;0.311046;0.145565;0.260282;-0.000293664;0.236223;0.00667786;0.0207073;0.399168;0.0109685;0.233275;0.00600087;0.199954;1;0.695714;0.276106;0.543242;0;1;
23;-0.0574669;-0.0207261;0.0845981;-0.0807513;0.0748371;-0.08849;0.305991;0.141526;0.251465;0.0118026;0.22718;-0.00221403;0.0120941;0.403383;0.0064052;0.240437;0.00350383;0.178653;1;0.276014;0;0.467952;0;1;
24;0.00787851;-0.0236567;0.166658;-0.144085;0.160956;-0.168936;0.295886;0.11473;0.235556;0.0228562;0.19653;-0.0635646;0.0337637;0.34537;0.00374027;0.217164;0.00204554;0.104352;1;0;0;0.532368;0;1;
25;0.0459463;-0.0601037;0.226601;-0.180991;0.223272;-0.227935;0.263526;0.0932011;0.210808;0.045386;0.162841;-0.077169;0.0503739;0.258959;0.00218376;0.209894;0.00119434;0.0603965;1;0.532334;0;0.546974;0;1;
26;0.0601698;-0.104137;0.263529;-0.206242;0.261584;-0.264308;0.232071;0.0630092;0.177446;0.0839335;0.149433;-0.0615751;0.0511899;0.192651;0.00127495;0.199575;0.000696867;0.0352735;1;0.48595;0;0.609977;0;1;
27;0.115925;-0.123511;0.283895;-0.214657;0.282759;-0.284998;0.196919;0.0586328;0.134089;0.102879;0.11773;-0.0479781;0.0841225;0.124505;0.000744195;0.182751;0.000407033;-0.0465786;1;0.133948;0;0.57487;0.435906;1;
28;0.102935;-0.109895;0.212617;0.128915;-0.0891452;0.0879441;0.157895;0.047353;0.0802287;0.0786171;0.0706815;0.0750063;0.16464;0.0727042;-0.0255698;0.106744;0.000237833;0.0541413;0.431221;1;1;0.497109;0;1;
29;0.179433;-0.182869;0.22326;-0.0437628;-0.0803884;0.015634;0.0479404;0.071934;0.00257466;0.134548;0.0430058;0.140763;0.107044;-0.00252999;-0.00720146;0.0623439;0.111155;0.0316167;1;0;1;0.0589626;1;0.949154;
30;0.217598;-0.219607;0.271829;-0.138369;-0.0577317;0.0270638;-0.0340148;0.12708;-0.0835565;0.163648;0.0488643;0.189435;0.138596;-0.00147791;0.0639116;0.0364079;0.172729;0.0330074;0.807017;0;1;0;1;0.861551;
31;0.176399;-0.225908;0.26957;-0.178464;0.0284214;-0.0642439;-0.0484352;0.180572;-0.155137;0.201928;0.0380739;0.21699;0.170866;-0.000863514;0.0587636;0.0212614;0.230913;0.0441916;0.65253;0;1;0;1;0;
32;0.119379;-0.209929;0.236419;-0.182223;0.0842726;-0.115518;-0.0408301;0.217515;-0.192568;0.229986;0.0403362;0.238782;0.191728;-0.000504746;0.0343261;0.012416;0.24149;0.0258069;0.689075;0;1;0;1;0;
33;0.0999464;-0.176771;0.192249;-0.160591;-0.00308572;-0.121636;-0.0596675;0.239327;-0.182039;0.246611;0.0397752;0.251748;0.170742;-0.000295317;0.0361727;0.00725036;0.236068;0.0150705;0.727861;0;1;0;1;0;
34;0.0554874;-0.126469;0.135516;-0.117019;-0.0353769;-0.0942699;-0.0513476;0.250488;-0.18499;0.254741;0.0350622;0.257471;0.172266;-0.00017302;0.0350187;0.00423358;0.225103;0.00880057;0.757438;0;1;0;1;0;
35;0.0122604;-0.0548254;0.060123;-0.0493075;-0.142557;-0.0360219;-0.0638641;0.250011;-0.177822;0.249292;0.0435842;0.249164;0.150147;-0.000101649;0.0399661;0.00247192;0.227334;0.00513897;0.854371;0;1;0;1;0;
36;-0.0633285;0.0384638;-0.0353566;0.0416862;-0.218766;0.049445;-0.045244;0.232677;-0.167961;0.235179;0.0468175;0.23215;0.148039;-5.99032e-05;0.0419122;0.00144304;0.218723;0.0030006;0.960308;0;1;0;1;0;
37;-0.148199;0.133693;-0.131879;0.13556;-0.185414;0.140108;-0.00304215;0.203047;-0.17946;0.213864;0.0300121;0.203448;0.189812;-3.55236e-05;0.0244785;-0.030533;0.208382;0.00175185;0.76398;0;1;0.544948;0.805469;0;
38;-0.200044;0.205889;-0.204826;0.136712;-0.224969;0.209635;0.0203065;0.168443;-0.159981;0.213309;0.0401246;0.181243;0.180893;-2.1244e-05;-0.000454702;-0.0230365;0.207586;0.00102277;0.752905;0;1;0.990463;0.806965;0;
39;-0.225201;0.251462;-0.250806;0.146554;-0.223612;0.253649;0.0416305;0.158321;-0.131812;0.185394;0.0475312;0.165796;0.1831;-1.28198e-05;-0.0447261;-0.0145687;0.191552;0.000596689;0.412124;0;1;1;0.317917;0;
40;-0.236637;0.277379;-0.276991;0.181575;-0.221858;0.278657;0.0634886;0.130184;-0.137777;0.166428;0.0433451;0.134549;0.140981;-7.86133e-06;-0.0943718;0.0261028;0.131662;0.000348072;0.549863;0;1;1;0.395216;0;
41;-0.242858;0.287275;-0.282754;0.175585;-0.253977;0.29087;0.0965236;0.0840835;-0.104153;0.128699;0.0355978;0.0866284;0.1163;0.0243515;-0.121828;0.0541434;0.0768961;0.000202835;0.410383;0.452908;1;1;0.260519;0;
42;-0.262429;0.248669;-0.285688;0.198573;-0.272152;0.298856;0.100901;0.0541974;-0.0289089;0.0432454;0.0189953;0.0186574;0.0679198;0.122395;-0.141651;0.0493879;0.0253764;-0.00148254;0.447776;0.0199203;1;1;0.180747;0.134894;
43;-0.269195;0.216982;-0.273504;0.19002;-0.274985;0.295219;0.134224;0.0567086;0.0583973;-0.0500253;0.0863897;-0.0644016;0.039665;0.210928;-0.141866;0.0755319;0.0148196;-0.00828891;0.230338;0.560101;1;1;0;0.795301;
44;-0.259583;0.195479;-0.264123;0.160413;-0.262965;0.274783;0.180982;0.0711802;0.124799;-0.112517;0.153046;-0.140201;0.0231643;0.257022;-0.121976;0.096343;0.00865423;-0.000664609;0.211564;0.61456;1;0.927808;0;1;
45;-0.235372;0.0998521;-0.238023;0.169394;-0.237346;0.244247;0.217027;0.00574299;0.184216;-0.100168;0.200713;-0.0886247;0.0135273;0.191434;-0.0712354;0.137604;0.00505362;0.12201;0;0.937121;0;0.948691;0;1;
46;-0.198728;0.0986719;-0.200276;0.111643;-0.199882;0.203914;0.239225;0.0214485;0.220064;-0.107921;0.229697;-0.130806;0.00789965;0.215068;-0.0416012;0.121188;0.00295048;0.0897914;0;1;0;0.920958;0;1;
47;-0.148777;0.0215113;-0.149681;0.0607006;-0.149451;0.151806;0.25099;0.0315806;0.2398;-0.124752;0.245426;-0.138623;0.00461272;0.22036;-0.0242955;0.0990794;0.00172264;0.0759157;0;0.957489;0;0.914262;0;1;
48;-0.0807647;-0.0159893;-0.0812928;0.00415731;-0.0811583;0.0825443;0.253695;0.00245594;0.248774;-0.0913745;0.25086;-0.115588;0.00269342;0.180692;-0.0141888;0.131464;0.0010053;0.0963919;0;1;0;0.947554;0;1;
49;0.00906812;-0.0655734;0.00875973;-0.0765793;0.00883795;-0.00800993;0.239925;0.0302066;0.240541;-0.0980764;0.2334;-0.145391;0.00157251;0.202922;-0.00828656;0.10529;0.000586443;0.061841;0;1;0;0.942487;0;1;
50;0.107751;-0.140746;0.10757;-0.157794;0.107616;-0.107109;0.21746;0.0228508;0.216617;-0.0594982;0.214249;-0.120487;0.000917799;0.172523;-0.00483985;0.124386;0.000341973;0.0723918;0;1;0;0.946261;0;1;
51;0.180743;-0.206154;0.18799;-0.230172;0.188017;-0.187701;0.209366;0.034839;0.208114;-0.0336668;0.196637;-0.102147;0.000535977;0.163711;-0.00282675;0.127907;0.000199146;0.0643139;0.219253;1;0;0.982254;0;1;
52;0.219866;-0.201241;0.240697;-0.268105;0.240713;-0.236727;0.187592;0.0273642;0.186779;0.011704;0.180077;-0.0780495;-0.0274224;0.143858;-0.00165118;0.136574;0.00011572;0.0375671;0.877893;0.631344;0;0.938249;0;1;
53;0.195699;-0.237146;0.271487;-0.286713;0.271496;-0.252883;0.15406;0.0340526;0.1535;0.0419938;0.149586;-0.0384177;-0.0160152;0.117595;-0.000964686;0.130166;6.71107e-05;0.0219394;1;0.572804;0;0.797765;0;1;
54;0.201956;-0.24347;0.287494;-0.280525;0.2875;-0.24524;0.120166;0.0432062;0.106838;0.0771061;0.104552;0.017622;-0.00922974;0.0692734;-0.000563702;0.120563;3.91066e-05;-0.0199355;1;0.317284;0;0.667753;0.153608;1;
55;0.204394;-0.259621;0.293174;-0.28785;0.251659;-0.26444;0.0502269;0.0391214;0.0424279;0.0719892;0.0524119;0.0632193;0.0226996;0.0404549;-0.000329537;0.07041;0.0981641;-0.039995;1;0.24844;0;0.207791;0.444927;1;
56;0.210244;-0.270227;0.303692;-0.286713;0.229001;-0.267373;-0.0303248;0.0869891;-0.0393574;0.106185;0.0357343;0.101064;0.0713238;0.0197451;0.0566989;0.0411185;0.161883;-0.0458885;1;0;0.755347;0;0.60222;1;
57;0.190358;-0.264517;0.284061;-0.274145;0.194405;-0.268636;-0.0966745;0.148147;-0.114652;0.159357;0.0397461;0.156369;0.0958567;0.0115308;0.0748057;0.0240125;0.209793;-0.0277305;0.915398;0;1;0;0.971118;0.773109;
58;0.169443;-0.243756;0.25517;-0.249379;0.13009;-0.246162;-0.128651;0.196603;-0.120134;0.20315;0.0310931;0.201405;0.100584;0.00673355;0.0817935;0.0140227;0.216862;-0.016195;0.678814;0;1;0;1;0;
59;0.127581;-0.210278;0.216941;-0.213561;0.117685;-0.211683;-0.120206;0.227323;-0.127729;0.231147;0.0168771;0.230128;0.10704;0.0039318;0.0834071;0.0081887;0.212861;-0.00945821;0.734741;0;1;0;1;0;
60;0.0784156;-0.164218;0.168108;-0.166135;0.0468781;-0.165038;-0.135056;0.244506;-0.137235;0.246739;0.0221855;0.246144;0.0909018;0.00229561;0.0786944;0.00478165;0.213485;-0.00552407;0.782842;0;1;0;1;0;
61;0.0228742;-0.101732;0.104008;-0.102851;-0.0071114;-0.102211;-0.122196;0.252377;-0.128583;0.253681;0.00923413;0.253333;0.100612;0.00134007;0.0871993;0.0027919;0.19243;-0.00322655;0.831196;0;1;0;1;0;
62;-0.0503035;-0.0176373;0.0189802;-0.0182909;-0.0459285;-0.0179167;-0.10864;0.241332;-0.139689;0.244297;0.0131092;0.243664;0.0989329;0.000781991;0.0717778;0.00162996;0.188588;-0.00188476;0.90512;0;1;0;1;0;
63;-0.133802;0.0813442;-0.0805404;0.0809626;-0.118464;0.081181;-0.0889773;0.219769;-0.13356;0.224763;0.0199524;0.223811;0.0968363;0.00045618;0.063679;0.000951335;0.179424;-0.00110126;1;0;1;0;1;0;
64;-0.211235;0.168758;-0.168269;0.168535;-0.19043;0.168663;-0.0539508;0.189712;-0.114655;0.216753;0.0283624;0.206008;0.0998317;0.000265843;0.0666086;0.000555128;0.158572;-0.000643498;0.814866;0;0.895292;0;1;0;
65;-0.268145;0.22877;-0.228471;0.22864;-0.24142;0.228714;-0.0256846;0.18106;-0.0936358;0.196852;0.050715;0.190577;0.0905423;0.000154748;0.0522684;0.000323742;0.141747;-0.000376295;1;0;0.8239;0;1;0;
66;-0.292945;0.264782;-0.262429;0.262733;-0.251992;0.26475;0.0193839;0.15638;-0.054832;0.165604;0.0428856;0.161937;0.1026;8.99451e-05;0.0305299;-0.0182548;0.112345;-0.000220183;0.872957;0;1;0.451693;1;0;
67;-0.29894;0.28427;-0.266623;0.257953;-0.274508;0.284251;0.0581826;0.116881;-0.0122894;0.122276;0.045121;0.120126;0.0969036;5.21589e-05;0.0178261;-0.010221;0.0753904;-0.000129068;0.568466;0;1;0.696383;0.645019;0;
68;-0.300141;0.287203;-0.266887;0.251749;-0.283408;0.293837;0.0829979;0.0596105;0.0377054;0.0642653;0.0614057;0.0615004;0.0566022;0.0484329;-0.0315927;0.0466295;0.0440335;0.0128814;0;0.639937;1;0.772615;0.313233;0.559274;
69;-0.296155;0.248341;-0.276735;0.258049;-0.286382;0.299641;0.100569;0.0445326;0.0741233;-0.0145537;0.0879592;-0.016172;0.0330549;0.121305;-0.0195846;0.0735738;0.0257149;0.0559682;0;0.763787;0.968516;0.649711;0;1;
70;-0.283551;0.191117;-0.273382;0.239113;-0.277844;0.28165;0.149117;0.0420653;0.133673;-0.0984895;0.141753;-0.0901622;0.0193035;0.184511;-0.0132273;0.0973202;0.015017;0.071399;0;1;0.459291;0.465706;0;1;
71;-0.260101;0.169048;-0.254163;0.200387;-0.256769;0.246775;0.195189;0.030879;0.18617;-0.120599;0.190888;-0.125637;0.0112726;0.210766;-0.00772518;0.10566;0.00876947;0.0733278;0;1;0;0.491264;0;1;
72;-0.226101;0.110465;-0.222634;0.183457;-0.224155;0.218314;0.226313;0.0154673;0.221046;-0.130155;0.223801;-0.118325;0.00658278;0.202583;-0.00451186;0.105327;0.00512073;0.092674;0;1;0;0.519473;0;1;
73;-0.181467;0.0658508;-0.179442;0.148648;-0.180331;0.176922;0.244287;0.0116968;0.241211;-0.133775;0.24282;-0.123253;0.00384383;0.199468;-0.00263531;0.0972738;0.00298986;0.0924279;0;1;0;0.539795;0;1;
74;-0.122773;0.0254873;-0.121591;0.098282;-0.12211;0.120128;0.252979;0.00755366;0.251183;-0.13075;0.252122;-0.126138;0.00224434;0.19195;-0.0015395;0.0962689;0.00174545;0.0858234;0;1;0;0.568083;0;1;
75;-0.0440717;-0.0127471;-0.0433811;0.0284147;-0.0436846;0.0425423;0.248009;0.00515821;0.247125;-0.117862;0.24561;-0.132296;0.0013102;0.179214;-0.000899485;0.0991714;0.0010187;0.0805919;0;1;0;0.626298;0;1;
76;0.0533469;-0.0865279;0.0537502;-0.0625074;0.053573;-0.054223;0.229918;0.0100238;0.229006;-0.103242;0.228011;-0.130255;0.000764711;0.173239;-0.000525755;0.0897101;0.000594305;0.072769;0;1;0;0.48918;0;1;
77;0.146865;-0.166238;0.1471;-0.152229;0.146997;-0.147361;0.203702;0.020153;0.196452;-0.0751415;0.19875;-0.111303;0.000446184;0.150295;-0.00030748;0.0908739;0.000346477;0.0736169;0;1;0;0.545408;0;1;
78;0.214743;-0.226051;0.214881;-0.217886;0.214821;-0.215023;0.194021;0.0336864;0.189787;-0.0433995;0.191129;-0.0879611;0.000260177;0.13542;-0.000179939;0.0838223;0.000201759;0.0659817;0;1;0;0.473898;0;0.878419;
79;0.253222;-0.26254;0.256764;-0.258523;0.256729;-0.256841;0.169765;0.046986;0.167292;-0.00684417;0.168076;-0.0572159;-0.00173177;0.109361;-0.000105494;0.0775994;0.000117314;0.0510707;0.166239;1;0;0.554004;0;0.917456;
80;0.265821;-0.2797;0.280167;-0.279196;0.280146;-0.28021;0.132358;0.0471984;0.130911;0.0348175;0.131369;-0.0164411;-0.00590655;0.0768434;-6.19571e-05;0.0802587;6.80378e-05;0.0298289;0.74525;0.949062;0;0.488096;0;1;
81;0.259519;-0.290899;0.291171;-0.289125;0.290844;-0.287228;0.0804464;0.0609851;0.0783047;0.0672012;0.078575;0.0290118;0.0349483;0.0448824;-3.6459e-05;0.0645411;0.0170976;-0.00986077;1;0.654095;0;0.415059;0.372496;0.985658;
82;0.269607;-0.292825;0.297897;-0.291631;0.249579;-0.305902;0.00728798;0.0745784;0.00603002;0.0789533;0.0391174;0.0619101;0.0617336;0.0262104;0.0458989;0.0376917;0.106777;-0.0111974;0.999188;0;0.988527;0.114626;0.826403;1;
83;0.248434;-0.285028;0.281066;-0.284331;0.208671;-0.292666;-0.0773815;0.125208;-0.0781159;0.127763;0.0393506;0.117813;0.0939468;0.0153065;0.0641097;0.0220113;0.169237;-0.00653803;0.722641;0;1;0;1;0.614571;
84;0.204997;-0.265894;0.242631;-0.265486;0.168623;-0.270353;-0.121135;0.178247;-0.131602;0.179739;0.0365402;0.173928;0.0956252;0.00893862;0.0578739;0.0128539;0.213451;-0.00381869;0.647788;0;1;0;1;0;
85;0.177927;-0.235443;0.210743;-0.235205;0.13215;-0.238047;-0.126654;0.215939;-0.130874;0.21681;0.0174476;0.213417;0.107522;0.00521963;0.0766452;0.00750615;0.206635;-0.0022306;0.726447;0;1;0;1;0;
86;0.159142;-0.194345;0.179917;-0.194206;0.077035;-0.195866;-0.137017;0.23849;-0.132879;0.238999;0.0150768;0.237017;0.0970006;0.00304764;0.0828957;0.00438307;0.204156;-0.00130309;0.763032;0;1;0;1;0;
87;0.119761;-0.140327;0.131907;-0.140246;0.0231791;-0.141216;-0.139161;0.250217;-0.133399;0.250514;0.0122671;0.249357;0.0868118;0.00177928;0.0810781;0.00255916;0.200153;-0.000761565;0.800511;0;1;0;1;0;
88;0.0557632;-0.0677855;0.0628782;-0.0677378;-0.00063321;-0.068304;-0.123004;0.247641;-0.137284;0.24857;0.00494233;0.24836;0.0966235;0.00103849;0.0776324;0.001494;0.184149;-0.000445237;0.857589;0;1;0;1;0;
89;-0.0327386;0.0257059;-0.0285599;0.0257339;-0.0656621;0.0254031;-0.113509;0.234752;-0.141414;0.23552;0.0115023;0.235883;0.0846552;0.000605918;0.065239;0.000871985;0.182183;-0.000260539;0.957227;0;1;0;1;0;
90;-0.127365;0.123251;-0.124909;0.123267;-0.146583;0.123074;-0.0864798;0.20903;-0.122773;0.212409;0.0165273;0.210644;0.0839832;0.000353333;0.0632294;0.000508704;0.164098;-0.000152686;0.797737;0;1;0;1;0;
91;-0.201342;0.198942;-0.19991;0.198952;-0.212564;0.198839;-0.058498;0.20169;-0.103993;0.203663;0.0331541;0.202632;0.0777263;0.000205806;0.0588835;0.000296656;0.14773;-8.95985e-05;0.902797;0;0.886787;0;1;0;
92;-0.248718;0.247327;-0.247897;0.247332;-0.255281;0.247267;-0.0252319;0.17972;-0.0782347;0.180873;0.0510774;0.180271;0.0682168;0.000119706;0.047332;0.000172774;0.123855;-5.27951e-05;0.983543;0;0.838553;0;1;0;
93;-0.273691;0.275124;-0.275461;0.275127;-0.279769;0.275089;0.0185482;0.14521;-0.0434883;0.145883;0.0675292;0.145532;0.0555224;6.94566e-05;0.02897;0.00010047;0.0847042;-3.12625e-05;1;0;0.786904;0;1;0;
94;-0.284259;0.289121;-0.293628;0.289123;-0.297103;0.287509;0.0724436;0.0963198;-0.0106686;0.0967126;0.0761778;0.0965079;0.0324304;4.02465e-05;0.0169168;5.82276e-05;0.049476;0.00128999;1;0;0.832363;0;1;0.363697;
95;-0.288505;0.277844;-0.303293;0.283282;-0.316556;0.281002;0.10167;0.0513817;0.0212257;0.0290274;0.0828168;0.0339825;0.0191099;0.0579429;0.00987876;0.0481273;0.0288919;0.0550101;0.568271;0.931256;0;0.38308;0.537686;1;
96;-0.285231;0.219745;-0.294095;0.248609;-0.301841;0.251826;0.130697;0.0375206;0.0837181;-0.0543593;0.119687;-0.0514573;0.0111601;0.141505;0.00576891;0.0615879;0.0168723;0.0592456;0.088171;1;0;0.361412;0;1;
97;-0.270592;0.165934;-0.275769;0.207641;-0.280292;0.212484;0.177174;0.0229549;0.149738;-0.11565;0.170743;-0.116138;0.00651702;0.192892;0.00336862;0.0828893;0.00985291;0.0834463;0;1;0;0.577207;0;1;
98;-0.243861;0.155497;-0.246884;0.17403;-0.249526;0.18219;0.214414;0.0152871;0.198391;-0.129284;0.210659;-0.134445;0.00380544;0.205323;0.00196677;0.096009;0.00575355;0.0797409;0;1;0;0.539533;0;1;
