1;-0.000363588;0.000116064;9.94836e-05;-0.000363588;0.000116065;9.94838e-05;0.0349769;0.0347456;0.0352595;0.0349769;0.0347456;0.0352594;0.808667;0.808665;0.808666;0.808667;0.808665;0.808666;0;0;0;0;0;0;
2;-0.00168681;0.00037249;-0.00810844;0.000580294;0.0149945;0.0081372;0.131782;0.128915;0.14305;0.140607;0.145357;0.152906;0.472394;0.472393;0.4724;0.472362;0.472371;0.472366;1;1;1;0.95159;1;1;
3;-0.000559866;-0.00777519;-0.0120347;-0.00319206;0.0121619;0.00615086;0.0770507;0.0752088;0.0836297;0.082034;0.0849772;0.0892196;0.275892;0.275893;0.275895;0.275875;0.275879;0.27588;0.925802;1;1;0.647175;1;1;
4;0.00035719;-0.0051752;-0.00965517;-0.00249902;0.00773732;0.00335992;0.0449776;0.0472707;0.0580195;0.0479375;0.0496034;0.0527145;0.161127;0.161128;0.161126;0.161114;0.161118;0.161121;1;0.622253;1;0.6268;0.938612;1;
5;0.00108483;-0.00389824;-0.00476333;-0.00240065;0.00539475;0.00108607;0.0339066;0.0344701;0.0336312;0.028254;0.028717;0.0359504;0.0941015;0.0941019;0.0940998;0.0940922;0.0940947;0.0940981;1;0.911385;1;0.626439;0.979944;1;
6;0.00401656;0.000847747;-0.00391376;-0.00250937;0.00425798;-0.000473107;0.0329336;0.0344057;0.0216841;0.0225667;0.0266211;0.0366702;0.0549581;0.0549582;0.0549565;0.0549513;0.0549531;0.0549555;1;0.805696;1;0.652933;0.924847;1;
7;0.00500809;-0.000747893;-0.00208739;-0.00266711;0.00373004;-0.00151951;0.0316738;0.036485;0.015197;0.018713;0.0254085;0.0407911;0.0320985;0.0320984;0.0320965;0.0320927;0.0320945;0.0320964;1;1;1;0.839909;0.912503;1;
8;0.00745153;-0.00113761;-0.00177468;-0.002276;0.00380648;-0.0015425;0.0319917;0.0404837;0.00883167;0.0160212;0.0263553;0.0457579;0.0187486;0.0187482;0.0187459;0.018743;0.0187452;0.0187469;1;0.959077;0.822492;0.535959;0.985615;1;
9;0.00900788;0.00054648;-0.00360247;-0.00186748;0.00276161;0.000415376;0.0320888;0.0429769;0.00308459;0.0153586;0.0231785;0.0488174;0.0109524;0.0109518;0.0109488;0.0109466;0.0109494;0.0109511;1;1;1;0.453819;1;1;
10;0.00436544;0.00121452;-0.00675792;-0.000195322;0.000717827;0.00575579;0.0262611;0.0443167;0.00157964;0.0263548;0.0150644;0.0523536;0.00639985;0.00639885;0.00639524;0.00639464;0.00639651;0.00639826;1;0.884024;0.925234;0.482144;1;1;
11;-0.00109648;0.00435549;-0.016282;0.00353208;-0.00322678;0.0150754;0.0228412;0.0484056;0.00174775;0.0334722;0.0216723;0.0526505;0.00815462;0.00444022;0.00373641;0.00373659;0.00871835;0.00373927;1;0.674378;1;0.526062;1;1;
12;-0.00893988;0.0108436;-0.0287665;0.0103627;-0.010184;0.0195807;0.0200806;0.0511703;0.00137571;0.036381;0.0216925;0.0558531;0.0058375;0.00388946;0.00218393;0.00218433;0.0105982;0.00530803;1;1;1;0.470982;0.71142;1;
13;-0.0206787;0.0217909;-0.0324007;0.02151;-0.0214052;0.0268938;0.0181646;0.0514994;-0.000369098;0.0352696;0.0231851;0.0548844;0.00561277;0.0048137;0.0012774;0.00127764;0.011728;0.00310229;1;1;1;0.72026;1;1;
14;-0.0375725;0.0382226;-0.0444193;0.0380584;-0.0379967;0.0412031;0.0205515;0.0510502;0.000557677;0.0302164;0.0245145;0.0542604;0.00654288;0.00762503;0.000747802;0.000748045;0.0130394;0.00181423;1;1;1;0.556569;1;1;
15;-0.0600235;0.0604036;-0.0640229;0.0603077;-0.060271;0.0621448;0.0302859;0.0505314;0.00749231;0.018784;0.0273383;0.0464983;0.00789647;0.0113795;0.000437907;0.00118654;0.00761843;0.00389622;1;1;0.877293;0.391056;0.854044;1;
16;-0.0865699;0.0867922;-0.088906;0.0867362;-0.0867143;0.0878099;0.045933;0.0460104;0.0158109;-0.000460916;0.0338475;0.0322358;0.00461367;0.0371912;0.000255893;0.00471202;0.00445005;0.00979935;0.920922;1;0.698844;0.895605;0.396751;1;
17;-0.113022;0.113153;-0.114387;0.11312;-0.113107;0.113748;0.0597038;0.0123339;0.0421105;-0.0331431;0.0526438;-0.0127349;0.00269519;0.0251492;0.000149136;0.00683974;0.00259847;0.021918;0.541152;1;0;0.706982;0;1;
18;-0.132744;0.132821;-0.133541;0.132801;-0.132794;0.133168;0.0964317;-0.0543455;0.0861573;-0.0809167;0.0923087;-0.0689912;0.00157362;0.0281122;8.68105e-05;0.00792966;0.00151708;0.021699;0;1;0;0.711487;0;1;
19;-0.138279;0.138324;-0.138744;0.138312;-0.138308;0.138526;0.144099;-0.119507;0.138099;-0.135036;0.141691;-0.128065;0.000918559;0.0164233;5.03182e-05;0.00463204;0.000885574;0.0129918;0;1;0;0.627322;0;1;
20;-0.123548;0.123574;-0.123819;0.123567;-0.123564;0.123692;0.186277;-0.171905;0.182773;-0.180984;0.184871;-0.17691;0.000535926;0.00959446;2.88936e-05;0.0027043;0.000516801;0.00758596;0;1;0;0.542738;0;1;
21;-0.0843741;0.0843895;-0.0845328;0.0843856;-0.0843839;0.0844589;0.215107;-0.192187;0.213061;-0.212015;0.214286;-0.209634;0.000312448;0.0056047;1.63408e-05;0.00157795;0.000301401;0.00442814;0;1;0;0.858514;0;1;
22;-0.0172981;0.0173073;-0.0173908;0.017305;-0.0173038;0.0173478;0.230641;-0.184097;0.229446;-0.228834;0.230161;-0.227442;0.00018188;0.00327448;8.95139e-06;0.000919778;0.000175586;0.00258355;0;1;0;0.931989;0;1;
23;0.0725495;-0.0725439;0.0724954;-0.0725454;0.0725461;-0.0725204;0.229444;-0.168378;0.229613;-0.217969;0.230256;-0.218316;0.000105641;0.00191378;4.65133e-06;4.42933e-05;0.000102101;-0.00766423;0;1;0;1;0;1;
24;0.159621;-0.159618;0.15959;-0.159619;0.159619;-0.159604;0.215489;-0.131812;0.214346;-0.183229;0.22317;-0.188195;6.11755e-05;0.00810723;2.20729e-06;-0.0114173;5.91726e-05;-0.00447723;0;1;0;1;0;1;
25;0.222492;-0.22249;0.222473;-0.22249;0.222491;-0.222482;0.199089;-0.0739982;0.198422;-0.122521;0.203575;-0.149619;3.51635e-05;0.0168987;7.22649e-07;-0.00666741;3.40727e-05;-0.00261523;0;1;0;1;0;1;
26;0.261129;-0.261128;0.261118;-0.261128;0.261128;-0.261123;0.170602;-0.0159325;0.170213;-0.0565373;0.173222;-0.106561;2.00353e-05;0.0344468;-7.81769e-08;0.0123282;1.94296e-05;-0.00152706;0;1;0;1;0;1;
27;0.282493;-0.282493;0.282487;-0.282493;0.282493;-0.28249;0.130095;0.0300577;0.129865;0.0217859;0.131622;-0.0339873;0.0122416;0.0391137;-4.95259e-07;0.0403146;1.08926e-05;0.00791806;0.556527;1;0;1;0;1;
28;0.292154;-0.292155;0.29215;-0.292154;0.292154;-0.292153;0.0740589;0.0748105;0.0739204;0.0604058;0.0749479;0.0668895;0.0146884;0.0290642;0.00956886;0.0235489;0.0139392;0.0326282;1;1;1;0.697241;0.793136;1;
29;0.296526;-0.291627;0.277623;-0.292715;0.289569;-0.29273;-0.00102637;0.0882395;-0.00110352;0.0795581;0.000446856;0.0833471;0.00858153;0.0169736;0.0159764;0.0137526;0.0393887;0.0190561;1;0;1;0;1;0.697032;
30;0.285982;-0.283121;0.244038;-0.283756;0.281919;-0.283765;-0.0856688;0.136603;-0.0857033;0.131533;-0.0847925;0.133746;0.00501348;0.00991212;0.0145645;0.00803104;0.0373362;0.0111281;0.844317;0;1;0;1;0;
31;0.264671;-0.262999;0.215887;-0.26337;0.262297;-0.263376;-0.156386;0.186134;-0.1564;0.183173;-0.155863;0.184465;0.00797081;0.00578822;0.00850846;0.00468969;0.0218115;0.00649834;1;0;1;0;1;0;
32;0.232567;-0.23159;0.204076;-0.231807;0.231181;-0.23181;-0.203388;0.220763;-0.203392;0.219033;-0.191943;0.219788;0.00465605;0.00337982;0.0049702;0.00273829;0.0127427;0.00379451;1;0;1;0;1;0;
33;0.189992;-0.189422;0.173354;-0.189548;0.189184;-0.18955;-0.231077;0.241224;-0.179182;0.240214;-0.194275;0.240655;0.00271974;0.00197334;0.0223348;0.00159857;0.00744481;0.00221556;0.858519;0;1;0;1;0;
34;0.13419;-0.133858;0.124477;-0.133931;0.133724;-0.133932;-0.245672;0.251596;-0.17543;0.251006;-0.188899;0.251263;0.00158854;0.00115177;0.0339984;0.000933166;-0.0181719;0.00129343;0.450296;0;1;0;1;0;
35;0.0593346;-0.0591412;0.0536632;-0.059184;0.0590659;-0.0591847;-0.237916;0.249959;-0.210176;0.248828;-0.211749;0.249867;0.000927636;0.00067203;0.019857;0.000544524;-0.0106159;0.000754885;1;0;1;0;1;0;
36;-0.0358297;0.0359432;-0.0391416;0.0359178;-0.0359862;0.0359174;-0.223229;0.228887;-0.213731;0.235759;-0.197106;0.236063;0.000541689;0.000391828;0.0115969;0.000317556;-0.0154048;0.000440419;1;0;1;0;1;0;
37;-0.132155;0.132222;-0.134089;0.132207;-0.132247;0.132207;-0.189775;0.201015;-0.190059;0.219767;-0.151793;0.215519;0.000316495;0.000228246;0.00677324;0.000185116;-0.0131421;0.000256884;1;0;1;0;1;0;
38;-0.204989;0.205029;-0.206119;0.20502;-0.205043;0.20502;-0.141465;0.166885;-0.157413;0.206307;-0.0931025;0.203827;0.00128241;0.000132721;0.0039565;0.00010759;-0.00216345;0.000149478;1;0;1;0;1;0;
39;-0.250936;0.25096;-0.251596;0.250954;-0.250968;0.250954;-0.0878627;0.157411;-0.1143;0.180434;-0.0352322;0.178985;0.0137038;7.69802e-05;0.00231183;6.2376e-05;0.0303926;8.6864e-05;1;0;1;0;1;0;
40;-0.277071;0.277086;-0.277457;0.277082;-0.27709;0.277082;-0.0148097;0.129652;-0.0603438;0.143097;0.0408612;0.142251;0.0211752;4.44897e-05;0.00592094;3.60427e-05;0.0483767;5.03258e-05;1;0;1;0;1;0;
41;-0.289944;0.289952;-0.29017;0.28995;-0.289955;0.289951;0.0546081;0.0837734;0.00882499;0.0916246;0.0535327;0.0911303;0.042868;0.0195907;0.00345971;0.0218359;0.0282603;0.00620785;1;0.743944;1;0.454397;1;1;
42;-0.293157;0.293162;-0.293289;0.29316;-0.293163;0.29314;0.0666639;0.0228958;0.0370852;0.0215797;0.0638944;0.0213014;0.0250355;0.0311243;0.00202075;0.0127545;0.0165042;0.0297664;0.441607;1;0.258578;0.522439;0;1;
43;-0.28714;0.287144;-0.287217;0.287141;-0.287144;0.271271;0.114228;-0.0619079;0.0969545;-0.0626941;0.112611;-0.0628402;0.0146202;0.0333783;0.00117982;0.00745019;0.00963793;0.0474673;0;1;0;0.37505;0;1;
44;-0.270063;0.270066;-0.270108;0.270064;-0.270065;0.260795;0.169304;-0.138735;0.159216;-0.139206;0.168359;-0.139283;0.00853779;0.0194986;0.000688664;0.00435266;0.00562808;0.0277267;0;1;0;0.541271;0;1;
45;-0.241492;0.241494;-0.241518;0.241492;-0.241493;0.23608;0.210207;-0.192345;0.204316;-0.192629;0.209656;-0.192669;0.00498559;0.01139;0.000401718;0.00254306;0.00328634;0.0161932;0;1;0;0.676538;0;1;
46;-0.202303;0.202304;-0.202318;0.202302;-0.202303;0.199143;0.235242;-0.203614;0.231802;-0.224975;0.23492;-0.224996;0.00291109;0.00665282;0.000234052;0.0014859;0.00191872;0.00945429;0;1;0;0.696469;0;1;
47;-0.150865;0.150865;-0.150874;0.150865;-0.150865;0.14902;0.248664;-0.200491;0.246655;-0.242666;0.248476;-0.242678;0.00169952;0.00388632;0.000136086;0.000868312;0.00112002;0.00551842;0;1;0;0.790506;0;1;
48;-0.0819851;0.0819838;-0.0819905;0.081985;-0.0819837;0.0809082;0.250373;-0.195839;0.252284;-0.242043;0.251869;-0.239042;0.000991908;0.00227068;7.89111e-05;-0.00258591;0.000653579;-0.00418573;0;1;0;0.780144;0;1;
49;0.00835386;-0.00835648;0.00835073;-0.00835371;0.00835642;-0.00898258;0.240751;-0.181422;0.240231;-0.234518;0.233967;-0.228214;0.000578668;0.00132728;4.54819e-05;-0.00461275;0.000381204;-0.0146696;0;1;0;0.961803;0;1;
50;0.107332;-0.107336;0.10733;-0.107332;0.107335;-0.107699;0.211506;-0.151363;0.211297;-0.209556;0.211864;-0.207443;0.000337364;0.000776833;2.59983e-05;-0.00420454;0.000222139;-0.00856881;0;1;0;1;0;1;
51;0.18785;-0.187853;0.187849;-0.18785;0.187853;-0.188064;0.173973;-0.112346;0.172914;-0.162287;0.17521;-0.168624;0.00019653;0.00979763;1.46877e-05;-0.00410356;0.000129235;-0.00500493;0;1;0;1;0;1;
52;0.240615;-0.240617;0.240614;-0.240615;0.240617;-0.24074;0.16358;-0.0526353;0.155318;-0.110392;0.167564;-0.130356;0.000114247;0.025386;8.15091e-06;-0.0035638;7.50851e-05;-0.00292275;0;1;0;1;0;1;
53;0.271439;-0.27144;0.271438;-0.27144;0.27144;-0.271512;0.139952;0.0156227;0.135127;-0.0490691;0.142278;-0.0728747;6.62622e-05;0.0376839;4.33025e-06;0.0107395;4.33928e-05;0.00644055;0;1;0;1;0;1;
54;0.287466;-0.287467;0.287466;-0.287468;0.287466;-0.287508;0.0989292;0.0472815;0.0961097;0.029816;0.100284;0.0258579;0.00202398;0.0316182;0.00326624;0.0194352;2.49148e-05;0.0235457;0.897759;1;0.943869;1;0;1;
55;0.293158;-0.293158;0.293158;-0.293159;0.293158;-0.293182;0.0378157;0.0671124;0.0361736;0.0785947;0.0386107;0.0775508;0.00472225;0.018466;0.0200421;0.0113517;0.0162418;0.0137542;1;0.320805;1;0.412741;1;1;
56;0.289813;-0.289813;0.289812;-0.289813;0.265214;-0.289827;-0.0420566;0.103336;-0.043005;0.110042;-0.0415281;0.109433;0.00764749;0.0107837;0.0278875;0.00662878;0.047371;0.00803241;0.810054;0;1;0;1;0;
57;0.275954;-0.275955;0.275955;-0.275955;0.261589;-0.275963;-0.121905;0.157694;-0.122449;0.16161;-0.121582;0.161254;0.00446763;0.00629726;0.0249245;0.00387074;0.035317;0.00469051;0.922134;0;1;0;1;0;
58;0.250435;-0.250436;0.250436;-0.250436;0.242047;-0.250441;-0.181277;0.202179;-0.181588;0.204466;-0.181076;0.204258;0.00261024;0.00367715;0.0145589;0.00226001;0.020631;0.00273876;0.968285;0;1;0;1;0;
59;0.214178;-0.214179;0.214178;-0.214179;0.20928;-0.214182;-0.218372;0.23058;-0.218548;0.231915;-0.198395;0.231794;0.00152511;0.00214693;0.00850371;0.00131939;0.0120511;0.00159896;0.996559;0;1;0;1;0;
60;0.166495;-0.166496;0.166495;-0.166496;0.163636;-0.166498;-0.239277;0.246408;-0.228433;0.247188;-0.219731;0.247117;0.000891257;0.00125321;0.00496696;0.000770039;0.00703588;0.00093326;1;0;1;0;1;0;
61;0.103061;-0.103062;0.103061;-0.103062;0.101392;-0.103063;-0.245002;0.253487;-0.225449;0.253943;-0.220763;0.253902;0.000520746;0.000731235;0.00290131;0.000449248;-0.0268125;0.000544556;1;0;1;0;1;0;
62;0.0184137;-0.0184143;0.0184138;-0.0184139;0.0174395;-0.0184145;-0.233026;0.239372;-0.22325;0.24341;-0.222894;0.24426;0.000304153;0.000426368;0.0016949;0.000261956;-0.0240533;0.00031758;1;0;1;0;1;0;
63;-0.0808907;0.0808906;-0.0808906;0.0808906;-0.0814597;0.0808903;-0.20768;0.218702;-0.205231;0.223775;-0.179118;0.222565;0.000177866;0.000248373;0.000990317;0.000152563;-0.0217413;0.00018503;1;0;1;0;1;0;
64;-0.168493;0.168493;-0.168493;0.168493;-0.168826;0.168493;-0.165456;0.187707;-0.177668;0.216475;-0.11944;0.209663;0.000104864;-0.000648653;0.000579327;8.86909e-05;-0.0126986;0.000107692;1;0;1;0;1;0;
65;-0.228615;0.228615;-0.228615;0.228615;-0.228811;0.228615;-0.11112;0.17989;-0.141032;0.19669;-0.0767031;0.192711;0.0130583;-0.000379343;0.00359238;5.13413e-05;0.0221883;6.24135e-05;1;0;1;0;1;0;
66;-0.264691;0.264692;-0.264691;0.264691;-0.264807;0.264691;-0.0502126;0.155696;-0.0948487;0.165508;0.00112838;0.163184;0.0125547;-0.000222047;0.00209937;2.95827e-05;0.037317;3.60559e-05;1;0;1;0;1;0;
67;-0.284217;0.284217;-0.284216;0.284216;-0.284284;0.284216;0.00849787;0.116481;-0.00474553;0.122215;0.0426039;0.120854;0.0280831;-0.000130182;0.0264412;0.0008986;0.0339563;2.06913e-05;1;0;1;0.614573;1;0;
68;-0.292489;0.292489;-0.292489;0.292488;-0.292528;0.292488;0.0638125;0.059377;0.0713216;0.0627245;0.0582459;0.0619338;0.016404;0.0160785;0.022557;0.00484593;0.0198337;0.0306228;1;1;1;1;0.691105;1;
69;-0.291686;0.293031;-0.290532;0.289611;-0.291999;0.284394;0.0893652;-0.0174074;0.0937512;-0.0154666;0.086114;-0.0159165;0.00957963;0.0287597;0.0131734;0.0028313;0.0115824;0.0335388;0;1;0.131223;0.470625;0;1;
70;-0.280941;0.281727;-0.280267;0.279729;-0.281124;0.276682;0.142574;-0.100536;0.145135;-0.0994169;0.140675;-0.0996671;0.00559405;0.0256621;0.00769287;0.00165418;0.00676364;0.0262786;0;1;0;0.467291;0;1;
71;-0.258577;0.259037;-0.258184;0.257869;-0.258684;0.256089;0.191368;-0.166806;0.192864;-0.166163;0.190259;-0.166302;0.0032665;0.0149908;0.00449225;0.000967489;0.00394948;0.0153508;0;1;0;0.615546;0;1;
72;-0.225212;0.225481;-0.224982;0.224798;-0.225275;0.223759;0.224081;-0.208243;0.224955;-0.20936;0.223434;-0.209438;0.00190714;0.00875659;0.00262288;0.000566186;0.00230602;0.00896406;0;1;0;0.690301;0;1;
73;-0.180948;0.181105;-0.180814;0.180706;-0.180985;0.180101;0.242983;-0.198737;0.243493;-0.234384;0.242605;-0.234429;0.00111329;0.00511486;0.00153115;0.00033146;0.0013462;0.00523179;0;1;0;0.752902;0;1;
74;-0.12247;0.122562;-0.122392;0.122328;-0.122491;0.121975;0.252218;-0.200308;0.252516;-0.241304;0.251997;-0.245793;0.000649601;0.00298813;0.000893579;0.000193812;0.000785642;-0.00710104;0;1;0;0.985515;0;1;
75;-0.0438949;0.0439481;-0.0438493;0.0438124;-0.043907;0.0436063;0.247476;-0.190711;0.247001;-0.243085;0.247307;-0.234559;0.000378763;0.001746;0.000521242;-0.00156213;0.000458339;-0.00922691;0;1;0;0.932117;0;1;
76;0.05345;-0.0534193;0.0534767;-0.0534982;0.0534431;-0.0536185;0.232568;-0.171651;0.231661;-0.223247;0.224383;-0.220969;0.00022057;0.00102112;0.000303783;-0.0135528;0.000267193;-0.00861503;0;1;0;1;0;1;
77;0.146925;-0.146907;0.146941;-0.146953;0.146921;-0.147023;0.219858;-0.138976;0.215015;-0.188657;0.198494;-0.19148;0.000128308;0.00630687;0.000176946;-0.00791647;0.000155587;-0.00503257;0;1;0;1;0;1;
78;0.214778;-0.214768;0.214787;-0.214795;0.214776;-0.214836;0.203456;-0.0801357;0.200627;-0.140889;0.190979;-0.153859;7.43486e-05;0.0170577;0.000102735;-0.00462368;9.04171e-05;-0.00293952;0;1;0;1;0;1;
79;0.256704;-0.256699;0.25671;-0.256715;0.256703;-0.256738;0.175275;-0.0241064;0.173623;-0.0849488;0.167988;-0.109521;4.29034e-05;0.028516;5.95011e-05;-0.0026991;5.23666e-05;-0.00171643;0;1;0;1;0;1;
80;0.280131;-0.280129;0.280135;-0.280139;0.280131;-0.280152;0.135575;0.0148659;0.134608;-0.0010278;0.131318;-0.0381506;0.00734797;0.0319067;3.42816e-05;0.0366197;3.01861e-05;0.00174802;0.636426;1;0;1;0;1;
81;0.29115;-0.291149;0.291152;-0.291155;0.29115;-0.291162;0.0810351;0.0611255;0.0804668;0.042858;0.0785444;0.0617427;0.0108929;0.027856;0.0161285;0.0213897;1.84497e-05;0.0282722;1;1;1;1;0.763805;1;
82;0.292813;-0.292813;0.292814;-0.292816;0.271131;-0.29226;0.00762128;0.0754052;0.00729318;0.0647386;0.00617308;0.0758363;0.00787508;0.0162678;0.0192785;0.0124925;0.0317008;0.0165121;1;0;1;0;1;0.617572;
83;0.285021;-0.285021;0.285022;-0.285023;0.26555;-0.284698;-0.0772022;0.125691;-0.077382;0.119461;-0.0757707;0.125942;0.00460075;0.00950003;0.0211209;0.00729506;0.0628147;0.0096425;0.843945;0;1;0;1;0;
84;0.265889;-0.265889;0.265889;-0.26589;0.254518;-0.265701;-0.15021;0.178529;-0.150308;0.174891;-0.149362;0.178676;0.00268853;0.00554758;0.0123382;0.00425987;0.0366912;0.0056308;1;0;1;0;1;0;
85;0.23544;-0.235441;0.23544;-0.235441;0.228799;-0.23533;-0.199564;0.216104;-0.199616;0.213979;-0.192507;0.216189;0.00157127;0.00323931;0.00720735;0.00248727;0.0214323;0.00328789;1;0;1;0;1;0;
86;0.194343;-0.194344;0.194343;-0.194344;0.190466;-0.194279;-0.228925;0.238586;-0.225084;0.237346;-0.19725;0.238636;0.000918448;0.00189123;0.00421002;0.00145206;0.0125189;0.0019196;1;0;1;0;1;0;
87;0.140326;-0.140327;0.140326;-0.140326;0.138064;-0.140289;-0.244631;0.250274;-0.226198;0.249549;-0.203636;0.250303;0.000536879;0.00110386;0.00245961;0.000847555;-0.0231248;0.0011205;0.978065;0;1;0;1;0;
88;0.0677844;-0.0677853;0.0677846;-0.0677849;0.0664643;-0.0677629;-0.239745;0.250463;-0.225488;0.250607;-0.221447;0.250276;0.000313788;0.00064399;0.00143702;0.000494556;-0.0336045;0.000653927;1;0;1;0;1;0;
89;-0.0257066;0.0257061;-0.0257065;0.0257063;-0.0264772;0.0257191;-0.224604;0.230216;-0.218248;0.237238;-0.214801;0.237667;0.000183331;0.000375411;0.00083973;0.000288431;-0.0260487;0.000381473;1;0;1;0;1;0;
90;-0.123251;0.123251;-0.123251;0.123251;-0.123702;0.123259;-0.19134;0.207072;-0.192973;0.206128;-0.151134;0.2065;0.000107843;0.000218614;0.000491164;0.000167994;-0.015215;0.000222326;1;0;1;0;1;0;
91;-0.198942;0.198942;-0.198942;0.198942;-0.199206;0.198946;-0.139647;0.170036;-0.159235;0.187501;-0.106962;0.17679;-0.00202737;0.000127139;0.000287955;9.77835e-05;-0.00756458;0.000129597;1;0;1;0;1;0;
92;-0.247327;0.247327;-0.247327;0.247327;-0.247482;0.247329;-0.0867191;0.161234;-0.122052;0.171434;-0.048399;0.165179;0.0105203;7.36915e-05;0.00427631;5.66569e-05;0.0176169;7.51889e-05;1;0;1;0;1;0;
93;-0.275124;0.275124;-0.275123;0.275124;-0.275217;0.275125;-0.0127567;0.134415;-0.0743968;0.140372;0.0121698;0.136718;0.0289859;4.25783e-05;-0.000373243;3.30555e-05;0.0352933;4.3546e-05;1;0;1;0.351975;1;0;
94;-0.289121;0.289121;-0.289121;0.28912;-0.289177;0.289122;0.0366184;0.090015;0.0399868;0.0934997;0.0581984;0.091361;0.0252742;2.43912e-05;0.0207935;0.00867954;0.0380978;0.0207045;1;0;1;0.955594;1;0.920996;
95;-0.293238;0.279134;-0.293238;0.293238;-0.293272;0.293238;0.0815995;0.0312797;0.0925001;0.0271507;0.0782868;0.0259117;0.0147606;0.0409975;0.0121454;0.00577471;0.0222494;0.0345026;0.496435;1;0.652997;0.599945;0;1;
96;-0.288223;0.276926;-0.288223;0.288223;-0.288243;0.288222;0.118976;-0.0530376;0.125342;-0.0554648;0.117041;-0.0561758;0.00861966;0.0314809;0.00709243;0.00337437;0.0129931;0.0262569;0;1;0;0.466205;0;1;
97;-0.27234;0.265743;-0.27234;0.272339;-0.272352;0.272339;0.170329;-0.131808;0.174046;-0.133236;0.169199;-0.133643;0.00503349;0.0183905;0.00414161;0.0030119;0.00758748;0.0153397;0;1;0;0.746985;0;1;
98;-0.244882;0.24103;-0.244882;0.244881;-0.244889;0.24488;0.210416;-0.187909;0.212587;-0.188753;0.209756;-0.188984;0.0029391;0.0107431;0.00241819;0.00176034;0.00443054;0.00896113;0;1;0;0.852887;0;1;
