1;-0.000363588;0.000116064;9.94837e-05;-0.000363588;0.000116064;9.94837e-05;0.0349769;0.0347456;0.0352595;0.0349769;0.0347456;0.0352595;0.808667;0.808665;0.808666;0.808667;0.808665;0.808666;0;0;0;0;0;0;
2;0.0281035;0.0327193;0.0258386;-0.00994201;-0.0085679;-0.00384644;0.096235;0.177055;0.179169;0.0993855;0.193652;0.154678;0.472307;0.472317;0.472314;0.472306;0.472326;0.472313;1;0;1;1;1;1;
3;0.00876586;0.0226299;0.0150965;0.00319825;-0.00939763;-0.00542775;0.222936;0.247533;0.281479;0.229772;0.300176;0.251227;0.275869;0.33398;0.324696;0.288968;0.313745;0.349599;0.846034;0;1;0.0759414;1;1;
4;-0.0119439;0.00130303;-0.003533;0.019776;0.0129126;0.0146569;0.189638;0.249339;0.276504;0.199497;0.277641;0.233605;0.230768;0.329154;0.330453;0.226527;0.285358;0.345666;1;0;1;0.366654;1;1;
5;-0.00610049;0.0107334;0.00349365;0.0140375;0.0101785;0.0131489;0.190845;0.247351;0.264129;0.212589;0.29756;0.25782;0.20435;0.31456;0.334757;0.22261;0.279971;0.322634;1;0;1;0.527532;1;1;
6;-0.00750859;0.0110816;0.00279216;0.0124725;0.00954065;0.0127352;0.19179;0.249854;0.263287;0.212644;0.297058;0.25541;0.198347;0.309252;0.331046;0.21977;0.280293;0.322831;1;0;1;0.546255;1;1;
7;-0.00818631;0.0112676;0.00205731;0.0114202;0.00870309;0.0128885;0.191253;0.249654;0.26062;0.211965;0.294914;0.255781;0.195856;0.308144;0.331064;0.216159;0.280125;0.316324;1;0;1;0.576291;1;1;
8;-0.00887205;0.0112204;0.00112061;0.0109868;0.00818289;0.013218;0.189258;0.24878;0.257861;0.212151;0.292758;0.256393;0.19393;0.305645;0.328967;0.21316;0.281744;0.312203;1;0;1;0.588429;1;1;
9;-0.0094971;0.0114004;0.000366493;0.0111538;0.00828106;0.0140081;0.186598;0.247857;0.255187;0.212639;0.290663;0.257061;0.193156;0.303061;0.326486;0.209723;0.28337;0.308233;1;0;1;0.587812;1;1;
10;-0.00989043;0.0118366;-0.000203613;0.0118331;0.00810759;0.0146178;0.183191;0.24667;0.252473;0.214096;0.287782;0.258186;0.192907;0.300174;0.323912;0.205972;0.28624;0.303662;1;0;1;0.540643;1;1;
11;-0.0109381;0.0116348;-0.00130341;0.0124876;0.0087888;0.0159834;0.179939;0.245462;0.248584;0.214788;0.28534;0.260678;0.192986;0.296786;0.320929;0.202651;0.28907;0.29833;1;0;1;0.5415;1;1;
12;-0.0213875;-0.000851715;-0.0128997;0.0293035;0.0298073;0.0344249;0.179792;0.245033;0.24167;0.204037;0.256756;0.252703;0.193669;0.274629;0.275963;0.208226;0.334732;0.284258;1;0;1;0.728325;1;1;
13;-0.0298356;-0.00845397;-0.0214848;0.0319235;0.0313736;0.0357943;0.180907;0.238745;0.220144;0.208837;0.265568;0.252652;0.197267;0.278523;0.28658;0.192619;0.314008;0.226983;1;0;1;0.73155;0.646439;0.186062;
14;-0.0397956;-0.018054;-0.0315034;0.0372502;0.0334966;0.0421811;0.165393;0.226876;0.202997;0.218578;0.260341;0.244241;0.187421;0.250758;0.248588;0.205334;0.305136;0.24034;1;0;1;1;1;0.981696;
15;-0.0459365;-0.0243923;-0.0393408;0.0444986;0.0388943;0.0473855;0.189908;0.244213;0.222381;0.193622;0.240973;0.207367;0.182746;0.248886;0.232733;0.20368;0.295535;0.224693;1;0;1;1;1;0.889712;
16;-0.0508361;-0.0284622;-0.045099;0.0463955;0.0404848;0.0496609;0.19337;0.239613;0.224251;0.186243;0.255638;0.200663;0.190353;0.265317;0.233515;0.194848;0.259684;0.222415;1;0;1;1;0.953074;0.591766;
17;-0.0489495;-0.028052;-0.0484641;0.0544449;0.0298919;0.060463;0.198719;0.21546;0.25429;0.175585;0.279264;0.160429;0.174786;0.279793;0.180847;0.21012;0.19844;0.2351;1;0;1;1;0.221328;0.0317869;
18;-0.0517715;-0.00239399;-0.087268;0.0803954;-0.0323426;0.0869899;0.240291;0.167692;0.226987;0.124632;0.231997;0.0661472;0.102387;0.32958;0.105626;0.252577;0.115898;0.206466;1;0;1;1;0;0;
19;-0.0894475;0.0124926;-0.0878802;0.103381;-0.0748315;0.109604;0.258495;0.167785;0.264887;0.0705347;0.222614;0.0261219;0.0598002;0.374366;0.0616938;0.266124;0.0676836;0.223643;1;0;1;1;0;0.993854;
20;-0.0856618;0.0273361;-0.085968;0.082302;-0.0864944;0.0896537;0.27773;0.161429;0.277902;0.049483;0.231516;-0.00388684;0.034927;0.403272;0.0360344;0.287785;0.0395261;0.21229;1;0;1;1;0;1;
21;-0.0770999;0.0329171;-0.0629465;0.0602727;-0.062735;0.0657567;0.282247;0.158556;0.283049;0.0468182;0.241526;-0.0224613;0.020399;0.412513;0.021048;0.295711;0.0230824;0.204142;1;0;1;1;0;1;
22;-0.0725407;0.0157425;-0.00478569;0.00323353;-0.00466083;0.00643127;0.269989;0.150364;0.278395;0.056049;0.242673;-0.0234191;0.00960618;0.415831;0.0169595;0.306575;0.0134794;0.176492;1;0;1;1;0;1;
23;-0.0676374;0.0130724;0.0798495;-0.0413077;0.0251171;-0.041585;0.275623;0.154729;0.268408;0.0670725;0.231452;-0.0334783;-0.0145757;0.415568;0.0243305;0.310804;0.00787341;0.154733;1;0;1;1;0.528394;1;
24;-0.0665601;0.00766942;0.163869;-0.0620829;0.0146666;-0.0644638;0.261656;0.154821;0.261768;0.0781256;0.232963;-0.0288143;-0.0135862;0.404514;0.0359373;0.312663;0.0147677;0.14531;1;0;1;1;1;1;
25;-0.0566036;0.0131688;0.171912;-0.0648523;0.0136697;-0.0701894;0.240738;0.151506;0.240057;0.107843;0.225574;-0.00460785;-0.00851796;0.390306;0.0544717;0.29201;0.0384397;0.117535;0;0;1;1;1;1;
26;-0.0542814;0.011586;0.17475;-0.0641283;0.0154032;-0.0721108;0.214086;0.14991;0.212589;0.129924;0.216194;0.0186227;0.00276151;0.368146;0.0698781;0.280841;0.0688023;0.104029;0;0;1;1;1;1;
27;-0.0538295;0.00979784;0.177798;-0.0629677;0.0178109;-0.0733788;0.181111;0.154468;0.182623;0.158342;0.202802;0.0512503;0.0260379;0.336993;0.0871702;0.264812;0.107184;0.0800619;0.169188;0;1;1;1;1;
28;-0.0523205;0.00550363;0.181346;-0.0608564;0.0194054;-0.0741676;0.172929;0.161521;0.1429;0.196264;0.18645;0.0933623;0.0640698;0.282026;0.0986874;0.259171;0.170701;0.0662648;1;0;1;0.629327;1;1;
29;-0.0419132;0.0140619;0.197409;-0.0709543;0.0232196;-0.0718968;0.100752;0.160469;0.0905218;0.241502;0.178531;0.161265;0.0862215;0.207731;0.114885;0.198613;0.243825;0.0399864;1;0;0;0.294506;1;0.864862;
30;-0.0361349;0.0191632;0.210665;-0.0743243;0.0585064;-0.12949;0.0282774;0.154478;0.04603;0.271646;0.162061;0.220115;0.111622;0.127124;0.123829;0.116008;0.339107;0.0233543;0.0528176;1;0;0.768321;1;0;
31;-0.0176071;-0.0105313;0.211089;-0.0434226;0.0901422;-0.173281;-0.0370203;0.169077;-0.0258618;0.302979;0.156885;0.228712;0.193465;0.0747075;0.205546;0.0679616;0.353913;0.0136378;0.120344;1;0;1;1;0;
32;0.00563394;-0.0841501;0.236132;-0.0645071;0.075056;-0.179194;-0.0478424;0.210805;-0.00376489;0.317809;0.158542;0.245628;0.190183;0.0436315;0.223812;0.0570674;0.346396;0.0079642;0.146146;0.775708;0;0.741838;1;0;
33;-0.0260919;-0.103317;0.205673;-0.066153;0.0714398;-0.158822;-0.0384783;0.23541;-0.0078863;0.304385;0.141126;0.255745;0.212316;0.0254801;0.224299;0.0367228;0.33245;0.00465048;1;0.274553;0;0.387385;1;0;
34;-0.0786282;-0.0835721;0.159065;-0.0705899;0.0649129;-0.115987;-0.0330881;0.2482;-0.0276778;0.303763;0.139301;0.254238;0.218143;0.0148798;0.193004;0.0306794;0.33786;0.00271533;1;0;0;0.467909;1;0;
35;-0.14786;-0.0297739;0.0861433;-0.0800911;0.033993;-0.0487038;-0.0174245;0.24252;-0.0420969;0.296053;0.135438;0.245228;0.222039;0.00868911;0.163632;0.025578;0.3356;0.00158525;1;0;0;0.146841;1;0;
36;-0.236817;0.0530935;-0.00962086;-0.0631533;0.0297849;0.0420395;-0.0047269;0.232946;-0.0853529;0.297232;0.122793;0.227821;0.227306;0.00507374;0.102769;0.02739;0.334376;0.000925396;1;0;0;0.244669;0.788858;0;
37;-0.310263;0.142237;-0.105517;-0.0133693;0.00298305;0.135783;0.0182587;0.209302;-0.1353;0.279879;0.0757577;0.201679;0.225224;0.00296262;0.0477216;0.0362191;0.292252;0.000283259;1;0;0;0.465728;0.653363;0;
38;-0.249352;0.174471;-0.0240527;-0.132077;0.084705;-0.176309;0.0876121;0.0875142;-0.00104346;0.105756;0.106756;0.0398286;0.131707;0.141793;0.0451709;0.249173;0.170677;0.000165217;1;1;1;1;1;0;
39;-0.238738;0.165762;-0.0201986;-0.118081;0.128321;-0.365403;0.166622;0.133572;0.0593461;0.0911116;0.103708;-0.0367021;0.121285;0.169783;0.0263781;0.176848;0.0996707;9.61866e-05;1;1;1;1;0.881746;0;
40;-0.22817;0.183562;-0.00527479;-0.142263;0.133633;-0.474446;0.166413;0.145017;0.124661;0.11311;0.120536;-0.0591622;0.132675;0.178147;-0.011329;0.143371;0.0582135;5.58216e-05;1;1;1;1;1;0;
41;-0.251054;0.153051;-0.0637754;-0.112601;0.0831216;-0.148971;0.101014;0.125872;0.064751;0.16432;0.136008;-0.0265003;0.14191;0.104055;-0.0303923;0.157678;0.115343;3.24781e-05;1;1;1;1;1;0;
42;-0.233707;0.173739;-0.0319646;-0.132549;0.11579;-0.334654;0.11094;0.162899;0.0302194;0.185392;0.0932809;0.0164526;0.169866;0.0973647;0.069055;0.0921007;0.127622;1.87811e-05;1;0.673871;1;1;1;0;
43;-0.192532;0.134589;0.0197632;-0.116472;0.146782;-0.42731;0.038096;0.168922;-0.0152351;0.228096;0.066006;0.0849048;0.208809;0.0568602;0.122379;0.0537957;0.193949;1.05435e-05;1;0;1;1;1;0;
44;-0.188774;0.107849;0.0320279;-0.18888;0.19793;-0.454296;-0.00613836;0.201244;-0.0807107;0.291805;0.0759763;0.152179;0.220169;0.0332057;0.120805;0.0314997;0.248881;5.72396e-06;1;0;1;0.534198;1;0;
45;-0.229673;0.0970863;-0.0487084;-0.0446335;0.0625302;-0.18154;0.10775;0.0563906;0.0641904;0.0591217;0.155699;-0.022467;0.128598;0.102003;-0.172643;0.247714;0.145348;0.0120192;1;1;1;0;0;0;
46;-0.151651;0.119989;0.038634;-0.131853;0.088421;-0.228563;-0.0495248;0.145408;-0.0749809;0.225159;0.014996;0.0993653;0.182056;0.0398259;0.0378884;0.144691;0.208559;0.00701867;1;0;1;0.0632196;1;0;
47;-0.152455;0.0784548;0.0169256;-0.0630418;0.0801795;-0.100759;0.0823632;0.0241731;0.0674881;0.0553453;0.120023;-0.0532544;0.114094;0.175253;-0.1471;0.246734;0.0531642;0.00409882;1;0;1;1;0;0;
48;-0.0992639;0.123542;0.0616561;-0.0715357;0.0529443;-0.0649629;0.156843;0.072012;0.148131;0.010778;0.178825;-0.139835;0.095576;0.228736;-0.103436;0.207882;0.0310478;0.00239352;1;0;1;1;0;0;
49;-0.051662;0.124297;0.0634897;-0.114343;0.0871539;-0.0941719;0.195748;0.0520912;0.190649;0.0159586;0.208585;-0.185817;0.0558276;0.286373;-0.0944049;0.20528;0.0181314;0.00139788;1;0;1;1;0;0;
50;0.0722785;0.0432567;-0.00161555;-0.16224;0.153353;-0.157461;0.210663;0.0785989;0.18714;0.000656817;0.217579;-0.196355;0.0326027;0.271064;-0.0831614;0.181877;0.0105881;0.0181362;1;0;1;1;0;1;
51;0.123371;0.0850456;0.0366853;-0.202456;0.214727;-0.217128;0.198155;0.0643383;0.175632;0.0470246;0.209009;-0.194009;-0.0325494;0.247059;-0.0485756;0.212613;0.00618276;0.00751251;1;0;1;1;0;1;
52;0.124928;0.0797787;0.0349947;-0.225227;0.256311;-0.257709;0.180965;0.0679916;0.169587;0.0729274;0.187302;-0.178542;-0.0266548;0.236455;-0.0283703;0.197072;0.00361021;-0.0185473;1;0;1;1;0;1;
53;0.127573;0.0791338;0.0363306;-0.226808;0.275248;-0.258064;0.1583;0.0606663;0.144232;0.100969;0.153809;-0.148693;-0.0243554;0.218581;-0.0165697;0.185797;0.03261;-0.0397151;1;0;1;1;0.599532;1;
54;0.115537;0.0679764;0.0206482;-0.227756;0.266833;-0.264506;0.109652;0.100407;0.101434;0.128147;0.128989;-0.109068;0.0245422;0.153715;0.0149586;0.156945;0.0727893;-0.0688141;1;1;1;0.694252;1;1;
55;0.119941;0.0522082;0.0212396;-0.219974;0.257965;-0.249275;0.0461073;0.104903;0.0392855;0.179609;0.118004;-0.0499832;0.0502743;0.0897893;0.0384012;0.143284;0.144343;-0.0949646;1;0.949091;1;0.236279;1;1;
56;0.156179;-0.0621978;0.0514738;-0.224526;0.245249;-0.233447;-0.0372016;0.0819328;-0.0360246;0.226313;0.112872;0.0190729;0.0772729;0.0478649;0.0799874;0.0836875;0.231242;-0.131913;1;1;1;0.23884;1;1;
57;0.197737;-0.143027;0.0861137;-0.232957;0.217121;-0.221893;-0.119056;0.145192;-0.109074;0.247649;0.126832;0.0976311;0.0586184;0.0250837;0.081804;0.0488751;0.338417;-0.136751;1;0;1;0.313326;1;1;
58;0.212763;-0.172806;0.111659;-0.225326;0.17409;-0.222323;-0.118237;0.194878;-0.053776;0.250922;0.0817719;0.167096;0.108125;0.0146486;0.163837;0.0285421;0.278085;-0.0866195;1;0;1;0;1;0;
59;0.192177;-0.16989;0.0886;-0.199514;0.125633;-0.19776;-0.128206;0.226315;-0.0386391;0.259046;0.0777568;0.210092;0.11212;0.00855376;0.176163;0.0166683;0.261382;-0.0505855;1;0;1;0;1;0.0101513;
60;0.153645;-0.140631;0.0408834;-0.157932;0.118147;-0.156908;-0.141133;0.243918;-0.0747321;0.252994;0.0886906;0.234443;0.0931848;0.00499499;0.139152;0.00973339;0.289484;-0.0295424;1;0;1;0;1;0;
61;0.0955545;-0.087957;-0.00911775;-0.0980604;0.0751434;-0.0974624;-0.12478;0.248028;-0.0515142;0.252116;0.068082;0.2465;0.108872;0.00291639;0.160687;0.00568391;0.247421;-0.0172529;1;0;1;0;1;0;
62;0.0140391;-0.00959262;-0.0690829;-0.0154935;0.00211987;-0.0151441;-0.132053;0.242369;-0.052129;0.239756;0.0821788;0.240583;0.0816135;0.00170255;0.153769;0.00331884;0.249656;-0.0100761;1;0;1;0;1;0;
63;-0.083425;0.0860426;-0.143299;0.0825958;-0.0903923;0.0827999;-0.116911;0.22027;-0.0242759;0.219197;0.0761703;0.2234;0.0797618;0.000993688;0.167087;0.00193774;0.23246;-0.00588482;1;0;1;0;1;0;
64;-0.169482;0.171502;-0.214882;0.169489;-0.174022;0.169605;-0.09838;0.189177;-0.00465246;0.190268;0.0908081;0.216757;0.0705062;0.000579725;0.179488;0.00113117;0.223177;0.000950254;1;0;1;0;1;0.34267;
65;-0.225096;0.230372;-0.275339;0.229197;-0.204447;0.229259;-0.054526;0.180748;0.0263087;0.181385;0.0942688;0.196858;0.0723478;0.000338045;0.170379;0.000660193;0.195607;0.0165006;1;0;1;0;1;0.604708;
66;-0.262513;0.265718;-0.337753;0.265031;-0.18545;0.263537;0.00527775;0.156197;0.0363686;0.15657;0.104266;0.16561;0.0706959;0.000196931;0.15334;0.000385179;0.15452;0.0189945;1;0;1;0;1;0.606371;
67;-0.273024;0.284816;-0.349001;0.284415;-0.20974;0.254912;0.0538583;0.116774;0.0799794;0.116991;0.1093;0.122277;0.055012;0.00011457;0.141752;0.000224599;0.112525;0.0353986;1;0;1;0;1;1;
68;-0.270183;0.289016;-0.344607;0.292604;-0.226384;0.250968;0.088476;0.0595473;0.131631;0.0596692;0.126573;0.0745407;0.0321301;0.042217;0.106551;0.0262983;0.0657269;0.0692396;1;1;1;0.250754;1;1;
69;-0.272622;0.26788;-0.343669;0.287108;-0.253081;0.244516;0.139323;0.0329559;0.203652;-0.0172429;0.115284;0.0154761;0.0187628;0.109937;0.0759758;0.0754577;0.0383799;0.0928584;1;1;1;0.586605;1;1;
70;-0.27077;0.248125;-0.322618;0.257757;-0.277725;0.217769;0.171755;0.0174886;0.265219;-0.079882;0.15771;-0.0509936;0.0202892;0.170505;0.0610662;0.111695;-0.00660177;0.104084;1;1;0.678821;0.516266;0;1;
71;-0.252638;0.161022;-0.28292;0.24213;-0.256699;0.189093;0.20841;0.0225041;0.281562;-0.138239;0.200207;-0.0994431;0.0118489;0.209255;0.0356671;0.0935301;-0.00385593;0.108186;0.308054;0.23138;1;0.966917;0;1;
72;-0.221742;0.133268;-0.23943;0.19507;-0.224115;0.144269;0.234034;0.0169594;0.278246;-0.140951;0.229243;-0.116068;0.00691906;0.205978;0.0208317;0.0909734;-0.00225236;0.106418;0.0676691;0;0.565457;1;0;1;
73;-0.178922;0.12819;-0.189259;0.16334;-0.180307;0.11685;0.248796;0.0140635;0.276178;-0.137954;0.245998;-0.116408;0.00404023;0.198891;0.0121681;0.0963394;-0.00131598;0.0950806;0;0;0.757169;1;0;1;
74;-0.121286;0.092162;-0.135844;0.112189;-0.122095;0.0736451;0.255612;0.0125924;0.271631;-0.139579;0.253978;-0.12283;0.00235898;0.196078;0.00863381;0.0889753;-0.000769128;0.0878419;0;0.181494;1;1;0;1;
75;-0.0432035;0.033653;-0.0517246;0.037896;-0.0436758;0.0146757;0.243994;0.0113516;0.262984;-0.137986;0.246419;-0.124265;0.00137717;0.193476;0.0047449;0.075645;-0.000449777;0.0795612;0.0716554;1;1;1;0;1;
76;0.0538495;-0.0367331;-0.0030062;-0.0569404;0.0535783;-0.0705306;0.231834;0.00339998;0.254474;-0.119325;0.228259;-0.112946;-0.00829119;0.174487;-0.00561644;0.0827895;-0.000263227;0.0815341;0.414572;1;1;1;0;1;
77;0.0987851;-0.0685316;0.113931;-0.140982;0.147;-0.156919;0.193798;-0.00957429;0.238942;-0.0772007;0.196529;-0.0928155;-0.0322768;0.151814;0.0175074;0.101708;-0.000154322;0.0711247;1;1;1;1;0;1;
78;0.0909587;-0.0979088;0.195489;-0.192443;0.214822;-0.220623;0.159157;-0.015743;0.215393;-0.038172;0.182919;-0.0669418;-0.0471269;0.130039;0.0439909;0.112788;-9.05648e-05;0.0584991;1;1;0.827428;1;0;1;
79;0.0978639;-0.112046;0.196424;-0.21592;0.25673;-0.260116;0.126462;-0.010633;0.185811;-0.000458826;0.163281;-0.0346761;-0.0503083;0.0999813;0.0656971;0.111322;-5.33439e-05;0.0341716;1;1;0.539962;1;0;1;
80;0.0916039;-0.130389;0.191143;-0.225506;0.280147;-0.271672;0.107066;-0.0025249;0.148792;0.0382797;0.128569;-0.00190561;-0.057898;0.0650519;0.0803117;0.0952039;-3.155e-05;0.0199593;1;1;1;1;0;1;
81;0.144595;-0.198532;0.234564;-0.207235;0.293623;-0.253517;0.0643801;0.00209053;0.116289;0.0821849;0.0769382;0.0307698;-0.0503738;0.0379915;0.117609;0.0846408;0.0222116;-0.0132825;1;0.186853;1;0.880228;0.125213;1;
82;0.164816;-0.238725;0.255013;-0.231927;0.280596;-0.242999;-0.0021083;0.040928;0.0503476;0.130621;0.0476832;0.0676277;-0.0312162;0.0221865;0.143724;0.0494338;0.123127;-0.0102533;1;0;1;0;0.578078;1;
83;0.149731;-0.253434;0.246475;-0.249464;0.243908;-0.249728;-0.0828747;0.105556;-0.0240645;0.157937;0.0341107;0.121159;-0.00496383;0.0129565;0.146965;0.0288688;0.208169;0.00302165;1;0;1;0.271321;1;1;
84;0.113717;-0.247442;0.218534;-0.245124;0.231369;-0.246211;-0.147692;0.16677;-0.0756459;0.197361;0.0363084;0.175886;0.0581934;0.0075661;0.145126;0.0168588;0.236051;-0.00382838;1;0;1;0.0508877;1;1;
85;0.0928673;-0.224667;0.207945;-0.223313;0.226292;-0.23884;-0.16491;0.209236;-0.0958006;0.227101;0.0439219;0.214562;0.0592825;0.00441805;0.124597;0.00984497;0.252328;-0.00921653;1;0;1;0;1;1;
86;0.0526997;-0.188052;0.178287;-0.187261;0.219221;-0.238796;-0.168098;0.234576;-0.107668;0.245009;0.0484038;0.237686;0.0662335;0.0025795;0.10722;0.00574895;0.246969;-0.0103112;1;0;1;0;1;1;
87;-0.00432788;-0.136652;0.130951;-0.13619;0.215835;-0.215072;-0.161374;0.247931;-0.115179;0.254024;0.0480344;0.249229;0.0792693;0.00150576;0.0849299;0.0033569;0.235936;-0.00602118;1;0;1;0;1;0.992391;
88;-0.0833917;-0.0656388;0.0623104;-0.0653692;0.133301;-0.167464;-0.159978;0.249559;-0.120458;0.250728;0.0419191;0.239374;0.0597696;0.000878753;0.0838932;0.00196003;0.233061;-0.00748784;1;0;1;0;1;1;
89;-0.158332;0.0269594;-0.0288923;-0.00186112;0.110415;-0.0325378;-0.130972;0.234936;-0.117981;0.221517;0.027454;0.226161;0.0876569;0.000512526;0.0749094;-0.0217281;0.206979;-0.0072258;1;0;1;0.920124;1;1;
90;-0.229518;0.123983;-0.125096;-0.0384432;0.0502901;0.0892208;-0.102203;0.210865;-0.107353;0.201107;0.0227404;0.229449;0.0973512;0.000298672;0.0717963;-0.0251743;0.181977;-0.00421827;1;0;1;1;1;0.480212;
91;-0.291718;0.19937;-0.200007;-0.0647949;0.00920703;0.179064;-0.0654808;0.202762;-0.0883675;0.177671;0.0189586;0.213616;0.0997555;0.000173836;0.0565218;-0.0208677;0.167067;0.0177601;1;0;1;1;1;0.105504;
92;-0.32471;0.247577;-0.246858;-0.0522727;0.0160226;0.227575;-0.0275026;0.180346;-0.0829525;0.165694;0.026088;0.186688;0.0859662;0.000101048;0.0330138;-0.0297417;0.151552;0.0290053;1;0;1;1;1;0.100687;
93;-0.28263;0.181926;-0.181499;-0.286209;0.270667;-0.0873566;0.0291159;0.0650693;0.044419;0.0565268;0.055068;0.0687733;0.0238193;5.88467e-05;0.112511;0.166214;0.0885151;-0.136815;1;0;0;1;0.811494;1;
94;-0.219372;0.171669;-0.142694;-0.450301;0.313337;-0.303638;0.125375;0.0822031;-0.000458051;0.0306415;-0.0236596;-0.168947;0.0689997;0.115461;0.0657071;0.097082;-0.00437906;-0.130305;1;0.156966;0;0.910369;1;1;
95;-0.170598;0.135796;-0.118873;-0.511764;0.254573;-0.421128;0.0751046;0.0754617;-0.0277245;0.084354;-0.0335046;-0.149904;0.0823263;0.0674283;0.0383722;0.0566991;-0.0164121;-0.224371;1;0;0;0;1;1;
96;-0.195071;0.112725;-0.103139;-0.532815;0.22956;-0.35104;-0.0271766;0.115391;-0.0875167;0.120585;-0.0341078;-0.0392121;0.094175;0.0393774;0.0197092;0.0331115;0.105263;-0.247021;1;0;1;0;1;1;
97;-0.147773;0.165878;-0.164251;-0.247201;0.0300763;-0.100976;0.0849738;-0.0334563;0.0497334;-0.030417;0.0809189;-0.0716472;-0.0382121;0.0446885;-0.0191889;0.0236492;0.0568893;-0.144233;1;0.292796;0;1;0;0.573683;
98;-0.167797;0.181116;-0.181922;-0.0585704;-0.0682699;0.0534503;0.160568;-0.0730854;0.139988;-0.128701;0.158201;-0.152771;-0.0223294;0.107012;-0.064295;0.0634573;0.0332228;0.0794346;0;1;0.475929;1;0;1;
