1;-0.000363588;0.000116064;9.94835e-05;-0.000363588;0.000116064;9.94836e-05;0.0349769;0.0347456;0.0352595;0.0349768;0.0347455;0.0352594;0.808667;0.808665;0.808666;0.808667;0.808665;0.808666;0;0;0;0;0;0;
2;-0.00677843;0.0061882;0.00463833;0.00623945;0.000113965;-0.00032175;0.1621;0.159716;0.145299;0.150462;0.151536;0.12788;0.472376;0.472373;0.472337;0.472389;0.472389;0.472366;1;1;1;1;1;1;
3;-0.0037339;0.00857669;0.00373991;0.0035426;0.00863689;-0.00466366;0.0947532;0.0931927;0.0866824;0.0937295;0.0974266;0.0863614;0.27588;0.275883;0.27586;0.275893;0.275896;0.275881;1;1;1;0.925959;1;1;
4;-0.0011472;0.00437414;0.00437537;0.0014341;0.0125618;-0.00335844;0.0553135;0.0544574;0.0506013;0.0547691;0.0575695;0.0504672;0.161119;0.161122;0.161108;0.161126;0.16113;0.161119;1;1;1;1;1;1;
5;0.000206161;0.00167831;0.00343114;-3.86672e-05;0.00821215;-0.00283747;0.0320518;0.0320632;0.0293827;0.0322452;0.0333702;0.0311297;0.0940958;0.0940972;0.0940899;0.0941004;0.0941029;0.0940969;1;1;1;1;1;1;
6;0.00122795;-0.000127147;0.00308014;-0.00112993;0.00590322;-0.00301543;0.0247144;0.0285725;0.0282886;0.0301444;0.030798;0.0338272;0.0549537;0.0549541;0.0549499;0.054957;0.0549588;0.0549551;1;1;1;1;1;1;
7;0.00195168;-0.00131763;0.00206158;-0.00190311;0.00469081;-0.00261921;0.0219088;0.0279978;0.0299644;0.0305616;0.0293146;0.0345992;0.0320943;0.0320948;0.0320933;0.0320972;0.0320988;0.0320965;1;1;1;1;1;1;
8;0.00141457;-0.00190308;0.00108268;-0.00224492;0.00387308;-0.00223259;0.0205189;0.0291999;0.028364;0.0315648;0.0275242;0.035233;0.0187444;0.0187453;0.0187454;0.0187471;0.0187486;0.0187471;1;1;1;1;1;1;
9;0.000519217;-0.00164979;0.000377352;-0.00184937;0.0028003;-0.00184218;0.0199119;0.0302245;0.0251838;0.0338629;0.0259611;0.0367245;0.0109487;0.0109491;0.0109502;0.0109507;0.0109523;0.010951;1;1;1;1;1;1;
10;-0.000592096;-6.82398e-05;-0.000675021;-0.000184737;0.000740115;-0.000180551;0.0173437;0.0314423;0.0219062;0.0363971;0.0240975;0.0391834;0.00639636;0.00639602;0.00639774;0.00639748;0.00639946;0.00639791;1;1;1;1;1;1;
11;-0.00399177;0.00360622;-0.00404021;0.00353819;-0.00321383;0.00354063;0.0149449;0.0329903;0.0186767;0.0396202;0.0222004;0.0420559;0.003738;0.0037368;0.00373904;0.00373837;0.00695672;0.00373885;1;1;1;1;1;1;
12;-0.0106309;0.0104058;-0.0106592;0.0103661;-0.0101767;0.0103675;0.0131515;0.034435;0.0163605;0.0425304;0.0208413;0.0447628;0.00290329;0.00218368;0.00302772;0.0021854;0.00747828;0.00218589;1;1;1;1;1;1;
13;-0.0216663;0.021535;-0.0216829;0.0215119;-0.0214012;0.0215127;0.0127536;0.034824;0.0147614;0.0439689;0.0204481;0.0454777;0.00298218;0.00127663;0.00292053;0.00127847;0.0066086;0.00127893;1;0.764839;1;1;1;1;
14;-0.0381494;0.0380729;-0.0381591;0.0380594;-0.0379948;0.0380598;0.0168189;0.0342356;0.0185513;0.0412307;0.0226412;0.0424988;0.00288921;0.000747166;0.00263783;0.000802725;0.0060075;0.00218234;1;0.949537;1;1;1;1;
15;-0.06036;0.0603144;-0.0603655;0.0603081;-0.0602704;0.0603083;0.024671;0.030552;0.0295561;0.0302774;0.0292791;0.0340748;0.00363969;0.00572754;0.00244195;0.00303899;0.00351117;0.00365238;1;1;1;1;1;1;
16;-0.0867665;0.0867385;-0.0867693;0.0867363;-0.0867143;0.0867364;0.0434782;0.0222763;0.0480039;0.00625227;0.0396524;0.0105271;0.00212702;0.0104655;0.00461234;0.00539187;0.00205195;0.00701662;1;1;1;1;1;1;
17;-0.113137;0.113121;-0.113139;0.11312;-0.113107;0.11312;0.0582692;-0.00214192;0.060914;-0.0292202;0.056034;-0.0267222;0.00124239;0.0200852;0.00269468;0.017175;0.00119808;0.00928174;0.885392;1;1;1;0;1;
18;-0.132812;0.132802;-0.132812;0.132802;-0.132794;0.132801;0.0955939;-0.0521568;0.0971387;-0.0786253;0.0942886;-0.0771619;0.000725148;0.0337024;0.00157339;0.0145573;0.00069932;0.00962893;0;1;0;1;0;1;
19;-0.138318;0.138314;-0.138319;0.138313;-0.138308;0.138312;0.14361;-0.118229;0.144512;-0.133698;0.142848;-0.132837;0.000423092;0.0248256;0.00091843;0.00850291;0.000408;0.00851555;0;1;0;1;0;1;
20;-0.12357;0.123569;-0.123571;0.123567;-0.123564;0.123567;0.185992;-0.171159;0.186519;-0.180201;0.185547;-0.179694;0.000246698;0.0144997;0.000535933;0.00496647;0.00023778;0.00497487;0;1;0;1;0;1;
21;-0.0843874;0.0843871;-0.0843877;0.0843855;-0.084384;0.0843855;0.21494;-0.206271;0.215248;-0.211557;0.21468;-0.211258;0.000143645;0.00846559;0.000312565;0.00290077;0.000138341;0.00290599;0;1;0;1;0;1;
22;-0.0173059;0.0173063;-0.0173061;0.0173047;-0.0173039;0.0173048;0.230543;-0.207077;0.230723;-0.228566;0.230392;-0.220077;8.34613e-05;-0.0100424;0.000182087;0.00169411;8.02188e-05;0.00169735;0;1;0;1;0;1;
23;0.0725447;-0.0725442;0.0725446;-0.0725454;0.0725463;-0.0725453;0.229781;-0.183788;0.229526;-0.211215;0.227736;-0.209363;4.83328e-05;-0.0133455;0.000105873;0.000989454;4.62555e-05;0.000991733;0;1;0;1;0;1;
24;0.159618;-0.159618;0.159618;-0.159618;0.15962;-0.159618;0.222892;-0.131695;0.222226;-0.174848;0.193869;-0.181179;2.7799e-05;-0.0116153;6.13993e-05;0.00057879;2.64094e-05;0.000580021;0;1;0;1;0;1;
25;0.22249;-0.222491;0.22249;-0.22249;0.222491;-0.22249;0.203413;-0.0831174;0.203024;-0.124999;0.155807;-0.145098;1.57766e-05;0.0206276;3.53975e-05;0.0195566;1.49792e-05;0.00515869;0;1;0;1;0;1;
26;0.261127;-0.26113;0.261127;-0.261127;0.261128;-0.261127;0.173127;-0.00935341;0.1729;-0.0649637;0.145326;-0.101761;8.81017e-06;0.0390059;2.02852e-05;0.0171727;8.19485e-06;0.00819764;0;1;0;1;0;1;
27;0.282492;-0.282495;0.282492;-0.282492;0.282492;-0.282492;0.13157;0.0378132;0.131434;-0.00611412;0.115331;-0.0149163;0.00234128;0.0423418;1.14779e-05;0.0288726;4.33567e-06;0.0313959;0.845721;1;0;1;0;1;
28;0.292154;-0.292155;0.292154;-0.292154;0.292154;-0.292154;0.0749191;0.0624067;0.0748407;0.0500836;0.065436;0.0494004;0.00997651;0.0312225;0.0196201;0.0168658;0.0260884;0.0183395;1;1;1;1;0.925823;1;
29;0.289344;-0.297207;0.281485;-0.292342;0.292778;-0.290695;-0.000525018;0.0807262;-0.000562082;0.0735309;-0.00404088;0.0731343;0.0107936;0.0182336;0.0367238;0.00985014;0.0325811;0.0107121;1;0;1;0.516746;1;1;
30;0.281788;-0.28638;0.26604;-0.283538;0.283794;-0.282577;-0.0853768;0.132215;-0.0853882;0.128013;-0.0874163;0.127782;0.00800913;0.010648;0.0244606;0.00575206;0.0376888;0.00625545;1;0;1;0;1;0;
31;0.262221;-0.264903;0.253024;-0.263243;0.263393;-0.262681;-0.156217;0.183571;-0.156216;0.181117;-0.157396;0.180982;0.00467787;0.00621794;0.0142883;0.00335873;0.0263384;0.00365271;1;0;1;0;0.21098;0;
32;0.231136;-0.232702;0.225764;-0.231733;0.231821;-0.231405;-0.203291;0.219266;-0.203284;0.217833;-0.182251;0.217754;0.0027314;0.00363082;0.00834503;0.00196101;0.0177179;0.00213266;1;0;1;0;0.0381698;0;
33;0.189156;-0.19007;0.186018;-0.189505;0.189556;-0.189313;-0.23102;0.24035;-0.22578;0.239513;-0.186334;0.239467;0.00159472;0.0021199;0.00487477;0.00114465;0.0103522;0.00124489;1;0;1;0;0.183003;0;
34;0.133702;-0.134236;0.131869;-0.133905;0.133936;-0.133794;-0.245635;0.251085;-0.222162;0.250597;-0.20069;0.25057;0.000931073;0.00123746;0.00284754;0.000667937;0.00604727;0.000726485;1;0;1;0;0.234978;0;
35;0.0590494;-0.0593614;0.0579795;-0.0591686;0.0591864;-0.0591032;-0.240877;0.249306;-0.223282;0.249028;-0.194443;0.249916;0.000542588;0.000722137;0.00166266;0.000389534;0.00353155;0.000423722;1;0;1;0;0.241522;0;
36;-0.0359967;0.0358145;-0.0366214;0.0359272;-0.0359163;0.0359653;-0.214634;0.230397;-0.210715;0.235401;-0.177065;0.234952;-0.00250054;0.000421175;-0.000659692;0.000226942;0.00206255;0.000246906;1;0;1;0;0.265461;0;
37;-0.132253;0.132147;-0.132618;0.132213;-0.132206;0.132235;-0.179177;0.207127;-0.185946;0.206646;-0.141263;0.206247;-0.00264575;0.000245413;-0.00559498;0.000132041;0.00120553;0.00014369;1;0;1;0;0.204948;0;
38;-0.205047;0.204985;-0.205261;0.205024;-0.20502;0.205037;-0.131252;0.198926;-0.151896;0.198645;-0.102654;0.198412;-0.0064474;0.000142822;0.00746978;7.66217e-05;0.00530811;8.34128e-05;1;0;1;0;0.349075;0;
39;-0.250971;0.250934;-0.251096;0.250957;-0.250955;0.250964;-0.081417;0.176123;-0.103371;0.175959;-0.0371017;0.175823;0.00186362;8.29361e-05;0.0116614;4.42819e-05;0.0217427;4.82516e-05;1;0;1;0;0.2835;0;
40;-0.277094;0.277071;-0.277166;0.277084;-0.277083;0.277088;-0.0228292;0.14058;-0.0412043;0.140485;0.0195575;0.140405;0.0165865;4.80291e-05;0.0126494;0.00953086;0.0326881;2.77887e-05;1;0;1;0.49713;0.124766;0.0955587;
41;-0.289957;0.289944;-0.29;0.289952;-0.289952;0.289954;0.0560558;0.0901534;0.0311268;0.0901005;0.0511492;0.0900526;0.0383577;0.0050649;0.0267769;0.0093303;0.0277841;0.0109647;1;1;1;1;1;1;
42;-0.293165;0.291958;-0.29319;0.293162;-0.296566;0.293162;0.0721308;0.0207309;0.0501124;0.0206922;0.0618043;0.0206674;0.0224014;0.0394148;0.0156393;0.00555265;0.0162273;0.0139031;0.910785;1;1;1;1;1;
43;-0.287144;0.291463;-0.287159;0.287143;-0.289131;0.222765;0.117421;-0.0608393;0.104563;-0.0632117;0.11139;-0.0607198;0.0130819;0.0447825;0.00913322;0.00814465;0.00947627;0.0692733;0;1;0;0.847918;0;1;
44;-0.270066;0.272592;-0.270074;0.270065;-0.271226;0.200287;0.171168;-0.107968;0.163659;-0.13951;0.167646;-0.136744;0.00763947;0.0665851;0.00533338;0.00475738;0.00553363;0.0511641;0;1;0;0.82388;0;1;
45;-0.241493;0.24297;-0.241498;0.241494;-0.242171;0.154394;0.211296;-0.145944;0.206911;-0.192805;0.20924;-0.191182;0.00446091;0.0508649;0.0031141;0.00277964;0.00323119;0.0298861;0;1;0;1;0;1;
46;-0.202303;0.203165;-0.202306;0.202304;-0.202699;0.135726;0.235878;-0.197702;0.233317;-0.225078;0.234677;-0.224126;0.00260465;0.0297081;0.00181815;0.00162404;0.0018865;0.0174539;0;1;0;1;0;1;
47;-0.150865;0.151369;-0.150867;0.150866;-0.151096;0.111984;0.249035;-0.22443;0.24754;-0.242727;0.248334;-0.230343;0.00152065;0.017346;0.00106131;0.000948711;0.0011011;0.0101932;0;1;0;1;0;1;
48;-0.0819842;0.0822792;-0.0819853;0.0819853;-0.0821191;0.059278;0.249848;-0.209288;0.250269;-0.239411;0.249868;-0.224843;0.000887573;-0.010328;0.000619318;0.000554228;0.000642457;0.005953;0;1;0;1;0;1;
49;0.00835548;-0.00818305;0.00835486;-0.00835426;0.00827693;-0.021616;0.240006;-0.191511;0.240917;-0.224038;0.234686;-0.217773;0.000517863;-0.0106251;0.000361197;0.00032394;0.000374571;0.00347683;0;1;0;1;0;1;
50;0.107334;-0.107234;0.107334;-0.107333;0.107288;-0.115079;0.211942;-0.151306;0.209784;-0.198537;0.209603;-0.200522;0.000301959;-0.00859477;0.000210471;0.000189854;0.000218163;0.00203106;0;1;0;1;0;1;
51;0.187852;-0.187795;0.187852;-0.18785;0.187825;-0.192376;0.201003;-0.10826;0.177111;-0.153793;0.175289;-0.164993;0.000175952;0.00521144;0.000122397;0.00764448;0.00012688;0.00543746;0;1;0;1;0;1;
52;0.240616;-0.240586;0.240616;-0.240614;0.240601;-0.24326;0.182627;-0.0568285;0.168674;-0.0943037;0.167125;-0.139461;0.000102309;0.0189149;7.11028e-05;0.026688;7.36031e-05;0.00317515;0;1;0;1;0;1;
53;0.27144;-0.271426;0.27144;-0.271437;0.271431;-0.272984;0.151077;-0.00455293;0.142927;-0.0315015;0.142022;-0.0668372;0.0139519;0.0303569;4.12286e-05;0.0250241;4.25122e-05;0.0018552;0.718896;1;0;1;0;1;
54;0.287466;-0.287459;0.287466;-0.287464;0.287461;-0.288369;0.105428;0.0529207;0.100665;0.0128992;0.100137;0.0218877;0.00815025;0.0516529;0.0143333;0.0146185;0.0035985;0.044723;1;1;1;1;0.669271;1;
55;0.292949;-0.293154;0.284681;-0.293156;0.293155;-0.293685;0.0416103;0.063359;0.0404702;0.0279294;0.0385257;0.0784196;0.0110056;0.0301667;0.0540442;0.008539;0.0166643;0.0261208;1;1;1;1;1;1;
56;0.289022;-0.289811;0.27088;-0.289811;0.28847;-0.29012;-0.0398404;0.101144;-0.0404954;0.080454;-0.041629;0.109942;0.00991648;0.0176168;0.0383607;0.00498644;0.0348132;0.0152551;1;0;1;0;0.0526948;0.801407;
57;0.275493;-0.275954;0.26485;-0.275954;0.275171;-0.276134;-0.120611;0.156413;-0.120984;0.14433;-0.121642;0.161551;0.00579226;0.0102877;0.0224088;0.00291166;0.0417744;0.00890849;1;0;1;0;0.214669;0;
58;0.250166;-0.250435;0.243949;-0.250436;0.24998;-0.250541;-0.180521;0.201431;-0.18073;0.194375;-0.138681;0.204431;0.00338366;0.00600762;0.0171642;0.00169998;0.048041;0.00520201;1;0;1;0;1;0;
59;0.214021;-0.214178;0.210388;-0.214179;0.213914;-0.21424;-0.21793;0.230143;-0.200618;0.226022;-0.163842;0.231895;0.00197705;0.00350795;0.015861;0.000992261;0.0332308;0.00303739;1;0;1;0;0.142249;0;
60;0.166403;-0.166496;0.16428;-0.166496;0.16634;-0.166532;-0.239019;0.246153;-0.218358;0.243746;-0.180154;0.247176;0.00115509;0.00204808;0.0119554;0.00057896;0.0374261;0.00177337;1;0;1;0;1;0;
61;0.103008;-0.103062;0.101768;-0.103062;0.102971;-0.103083;-0.241852;0.253338;-0.214072;0.251933;-0.193845;0.253936;0.000675732;0.00119546;0.00698384;0.00033759;0.0218583;0.0010351;1;0;1;0;1;0;
62;0.0183821;-0.018414;0.0176587;-0.018414;0.018362;-0.0184263;-0.234562;0.240981;-0.217517;0.243882;-0.190985;0.243613;0.000393549;0.000697583;0.00407903;0.000196635;0.0127646;0.000603971;1;0;1;0;1;0;
63;-0.0809093;0.0808907;-0.0813315;0.0808905;-0.0809207;0.0808834;-0.211962;0.218649;-0.205941;0.224946;-0.176034;0.224941;-0.0055962;0.000406821;0.00169392;0.000114347;0.00745185;0.000352222;1;0;1;0;1;0;
64;-0.168504;0.168493;-0.168751;0.168493;-0.168511;0.168489;-0.171052;0.189138;-0.177262;0.217873;-0.148313;0.21787;-0.00843633;0.000237037;-0.00938172;6.6305e-05;-0.00967027;0.000205216;1;0;1;0;1;0;
65;-0.228623;0.228615;-0.228767;0.228615;-0.228626;0.228613;-0.130993;0.180725;-0.140069;0.197506;-0.0981353;0.197505;-0.0092311;0.000137903;-0.00547777;3.83007e-05;-0.0206184;0.000119404;1;0;1;0;1;0;
66;-0.264698;0.264692;-0.264781;0.264691;-0.264699;0.26469;-0.0726594;0.156184;-0.0914762;0.165984;-0.0380134;0.165983;-0.00789796;8.0038e-05;-0.00319857;2.19607e-05;-0.0147423;6.9312e-05;1;0;1;0;1;0;
67;-0.284222;0.284217;-0.284269;0.284217;-0.284223;0.284216;0.01233;0.116766;-0.0352338;0.122492;-0.000262688;0.122491;0.00185586;4.63539e-05;-0.00186795;0.0086328;-0.0161836;4.14505e-05;1;0;1;0.615279;1;0.864256;
68;-0.292494;0.292489;-0.29252;0.292488;-0.292216;0.292488;0.0587071;0.0595415;-0.0119176;0.0628849;0.0562676;0.0628842;0.0100584;0.0102257;0.00648349;0.00504394;-0.0651383;0.00450427;1;1;1;1;1;1;
69;-0.291806;0.279507;-0.291708;0.281139;-0.288109;0.286621;0.0863844;-0.0138358;0.0451405;-0.0153712;0.0849596;-0.0153643;0.00587418;0.0469301;0.00378667;0.00704671;-0.0380404;0.0167607;0.227632;1;0.8388;1;0.0890051;1;
70;-0.281011;0.273829;-0.280954;0.274781;-0.278852;0.277983;0.140833;-0.0984484;0.116747;-0.0993608;0.140001;-0.0993462;0.00343006;0.0382911;0.00221098;0.00689667;-0.0222158;0.0179696;0;1;0;0.925899;0;1;
71;-0.258618;0.254424;-0.258585;0.25498;-0.257357;0.256849;0.190352;-0.165588;0.176285;-0.166131;0.189866;-0.166116;0.00200275;0.0223656;0.00129084;0.00402848;-0.0129744;0.0104964;0;1;0;1;0;1;
72;-0.225235;0.222785;-0.225216;0.223111;-0.224499;0.224202;0.223488;-0.209017;0.215273;-0.209341;0.223204;-0.209328;0.00116913;0.0130602;0.000753389;0.00235388;-0.00757753;0.0061305;0;1;0;0.885569;0;1;
73;-0.180962;0.179531;-0.18095;0.179721;-0.180532;0.180359;0.242637;-0.223316;0.237839;-0.234374;0.242471;-0.234363;0.00068232;0.0018148;0.000439518;0.00137506;-0.0044258;0.00358;0;1;0;1;0;1;
74;-0.122478;0.121642;-0.122471;0.121753;-0.122227;0.122125;0.252015;-0.211754;0.249214;-0.247188;0.251919;-0.23161;0.000397975;-0.00713972;0.000256173;0.000803552;-0.00258523;0.00209041;0;1;0;1;0;1;
75;-0.0438993;0.0434117;-0.0438954;0.0434759;-0.0437528;0.0436934;0.248043;-0.198513;0.247657;-0.245521;0.246339;-0.222864;0.000231889;-0.00424272;0.000149072;-0.00228569;-0.00151032;0.00122078;0;1;0;1;0;1;
76;0.0534476;-0.0537314;0.0534498;-0.0536951;0.0535331;-0.053568;0.232034;-0.17866;0.233048;-0.224242;0.221453;-0.212156;0.000134899;-0.0104195;8.65278e-05;-0.00391568;-0.000882581;0.000713253;0;1;0;1;0;1;
77;0.146924;-0.147089;0.146925;-0.147069;0.146974;-0.146994;0.225248;-0.1511;0.226136;-0.190878;0.198436;-0.185645;7.83238e-05;-0.00753966;5.00563e-05;-0.00659136;-0.000515962;0.000858466;0;1;0;1;0;1;
78;0.214778;-0.214874;0.214778;-0.214865;0.214807;-0.214819;0.206603;-0.108456;0.207122;-0.144685;0.190945;-0.149202;4.5262e-05;-0.0111905;2.87517e-05;-0.0133335;-0.000301807;0.0065038;0;1;0;1;0;1;
79;0.256704;-0.256761;0.256704;-0.256758;0.256721;-0.256728;0.177113;-0.0521491;0.177416;-0.0877845;0.167969;-0.103279;2.60216e-05;-0.0121491;1.63644e-05;-0.0077877;-0.000176759;0.00379968;0;1;0;1;0;1;
80;0.280131;-0.280167;0.280132;-0.280167;0.280142;-0.280145;0.136649;0.00656189;0.136823;-0.0168261;0.131306;-0.037122;1.6131e-05;-0.0112609;9.19092e-06;-0.0101849;-0.000103738;0.0245113;0.848883;1;0;1;0;1;
81;0.290362;-0.290894;0.29115;-0.299313;0.291156;-0.291158;0.0816623;0.0546234;0.0817598;0.0439241;0.0785374;0.0670031;0.0257387;0.0265902;0.0168921;0.0046831;0.000884466;0.0504322;1;1;1;0.899921;0.584342;1;
82;0.28366;-0.292555;0.283816;-0.299443;0.288901;-0.292818;0.00798813;0.0716084;0.00805202;0.0653609;0.00617015;0.124475;0.0159335;0.0155289;0.0489039;0.00273549;0.04796;0.0294554;1;0.257753;1;0.542663;1;1;
83;0.279397;-0.284871;0.244135;-0.288893;0.28321;-0.285024;-0.0769874;0.123473;-0.0769358;0.119825;-0.0684883;0.154348;0.0153823;0.00906848;0.0361508;0.00159707;0.0631417;0.0172018;1;0;1;0;1;0.053388;
84;0.262605;-0.265802;0.198444;-0.268151;0.264834;-0.265891;-0.150085;0.177234;-0.150042;0.175103;-0.143191;0.195265;0.00898404;0.00529552;0.0331039;0.000932297;0.0439589;0.0100453;1;0;1;0;1;0;
85;0.233522;-0.235389;0.166838;-0.236761;0.234826;-0.235441;-0.199491;0.215347;-0.199457;0.214103;-0.178591;0.225877;0.00524805;0.00309204;0.0194189;0.000544075;0.0264629;0.00586591;1;0;1;0;1;0;
86;0.193223;-0.194313;0.154279;-0.195115;0.193985;-0.194344;-0.228882;0.238145;-0.225535;0.237418;-0.187179;0.244294;0.00306603;0.00180521;0.011343;0.00031724;0.0154588;0.00342513;1;0;1;0;1;0;
87;0.139673;-0.140309;0.116928;-0.140777;0.140117;-0.140327;-0.244604;0.250016;-0.227455;0.249591;-0.19747;0.253607;0.00179159;0.00105369;0.00662423;0.000184746;0.00902998;0.00199971;1;0;1;0;1;0;
88;0.0674035;-0.0677746;0.0541205;-0.068048;0.0676631;-0.0677852;-0.242807;0.250468;-0.223428;0.250806;-0.200567;0.250711;0.00104558;0.000614794;0.00386805;0.000107366;0.00527273;0.00116729;1;0;1;0;1;0;
89;-0.0259289;0.0257123;-0.0336862;0.0255526;-0.0257769;0.0257061;-0.2257;0.232076;-0.214327;0.235611;-0.190579;0.235777;0.000214664;0.000358478;0.00225813;6.21733e-05;-0.00356494;0.000681156;1;0;1;0;1;0;
90;-0.123381;0.123255;-0.127912;0.123162;-0.123293;0.123251;-0.200115;0.208607;-0.199683;0.211052;-0.164923;0.208319;-0.00931806;0.000208785;-0.00522201;3.58334e-05;-0.00865445;0.000397305;1;0;1;0;1;0;
91;-0.199019;0.198944;-0.201665;0.19889;-0.198967;0.198942;-0.156156;0.201443;-0.163097;0.202871;-0.129795;0.201275;-0.011185;0.000121421;-0.00412291;2.04659e-05;-0.0152404;0.000231558;1;0;1;0;1;0;
92;-0.247373;0.247328;-0.248918;0.247296;-0.247342;0.247327;-0.107025;0.179576;-0.117149;0.18041;-0.0732027;0.179478;-0.00833981;7.03872e-05;-0.00240709;1.15357e-05;-0.0178773;0.000134793;1;0;1;0;1;0;
93;-0.275153;0.275124;-0.276053;0.275106;-0.275134;0.275124;-0.0415206;0.145126;-0.0667463;0.145613;-0.00561411;0.145069;-0.00898531;4.06334e-05;-0.0014052;6.32634e-06;-0.0141653;7.83044e-05;1;0;1;0;1;0;
94;-0.290696;0.289121;-0.289664;0.28911;-0.289289;0.289121;0.0353376;0.0962706;0.0173916;0.0965599;0.0353566;0.0962371;0.0170236;2.33533e-05;-0.0010303;0.010169;-0.0147944;4.53557e-05;1;0;1;1;1;0;
95;-0.299925;0.291379;-0.29498;0.293232;-0.302235;0.292652;0.0481124;0.0287717;0.0376189;0.0289406;0.0589458;0.0287522;0.00994349;0.0314343;0.00209929;0.017559;-0.00863935;0.0228606;1;1;1;1;1;1;
96;-0.292129;0.288201;-0.28924;0.288219;-0.293478;0.260845;0.0994197;-0.0434043;0.0932925;-0.0544187;0.105746;-0.0545162;0.00580653;0.0632543;0.00122611;0.0154325;-0.0050457;0.0361042;0;1;0.418289;1;0;1;
97;-0.274621;0.27233;-0.272934;0.272338;-0.275409;0.20556;0.158908;-0.125885;0.155329;-0.132627;0.162602;-0.132668;0.00339061;0.048189;0.000715628;0.00901342;-0.00294708;0.0368029;0;1;0;0.94105;0;1;
98;-0.246214;0.244877;-0.245229;0.244881;-0.246674;0.174011;0.203747;-0.172339;0.201657;-0.188396;0.205904;-0.188412;0.00197974;0.0292962;0.000417506;0.00526545;-0.00172159;0.0216256;0;1;0;1;0;1;
