1;-0.000363587;0.000116064;9.94837e-05;-0.000363587;0.000116064;9.94836e-05;0.0349769;0.0347456;0.0352595;0.0349769;0.0347456;0.0352595;0.808667;0.808665;0.808666;0.808667;0.808665;0.808666;0;0;0;0;0;0;
2;0.00242789;0.00190386;0.0078627;-0.00235482;0.000122974;0.000283192;0.115825;0.152474;0.0495653;0.194313;0.187681;0.186136;0.472326;0.47233;0.472303;0.472378;0.472375;0.472301;0;0;1;1;1;1;
3;0.00433761;0.00434844;0.00844683;-0.00683107;-0.008786;-0.00882339;0.102153;0.144345;0.0937544;0.127368;0.123144;0.147451;0.275864;0.275867;0.275855;0.275882;0.275883;0.275857;0;0;0;0.588276;1;1;
4;0.00579804;0.00786389;0.0119047;-0.00609343;-0.00618023;-0.00692568;0.149846;0.222213;0.166211;0.169397;0.178083;0.197957;0.177697;0.161131;0.165712;0.180877;0.182061;0.178894;0;0;0;1;1;1;
5;0.00183919;0.00770003;0.00993704;0.00534058;0.00778942;0.00489924;0.10138;0.151078;0.102189;0.111722;0.114291;0.123618;0.110031;0.101463;0.117146;0.117442;0.10994;0.104844;0;0;0;1;1;1;
6;-0.0125827;0.0170197;-0.00302651;0.00235792;0.00571716;0.0017732;0.0674879;0.0888976;0.0781993;0.0687412;0.0721874;0.0830515;0.0703138;0.0592552;0.0700688;0.0686;0.0642217;0.061247;0;0;0;1;1;1;
7;-0.0269277;0.0189642;-0.0186942;0.00526248;0.0102069;0.00451588;0.0413771;0.0666911;0.0715682;0.0471115;0.0462037;0.0543555;0.0419335;0.0346099;0.0467803;0.0400705;0.0375151;0.0357794;0;0;0;1;1;1;
8;-0.023648;0.0236222;-0.017227;0.00531103;0.0108412;0.00534271;0.0219176;0.0560569;0.0569625;0.0423952;0.0403346;0.0492995;0.0244882;0.0202173;0.0382765;0.023407;0.0219157;0.0209022;0;0;0;1;1;1;
9;-0.0229776;0.0245047;-0.0185031;0.00596538;0.0090038;0.00588663;0.00926694;0.0507785;0.0466013;0.0376855;0.0340228;0.0469092;0.0143002;0.0118099;0.032501;0.0136738;0.0128044;0.0122122;0;0;0;1;1;1;
10;-0.0235739;0.023967;-0.0207047;0.00843095;0.00900718;0.00861876;0.00028386;0.048545;0.0374515;0.0359817;0.0296542;0.0476498;0.00835044;0.00689797;0.0292393;0.00798817;0.0135696;0.00760329;0;0;0;1;1;1;
11;-0.0260129;0.0216103;-0.0243249;0.0121659;0.00858444;0.0124622;-0.00669956;0.0501872;0.0320162;0.036698;0.0277296;0.0514359;0.00487574;0.00402854;0.028534;0.00466675;0.0177678;0.0044436;0;0;0;1;1;1;
12;-0.0292325;0.0180444;-0.0284576;0.0154048;0.00226875;0.0155777;-0.00996384;0.0553519;0.028109;0.0385351;0.0254784;0.0538329;0.00284789;0.00235114;0.0329385;0.0027265;0.0191903;0.00394501;0.238651;0;0;1;1;1;
13;-0.0323491;0.0156505;-0.0320769;0.0244538;-0.00688197;0.0245549;-0.0117013;0.0595881;0.02704;0.0399912;0.0247847;0.0571415;0.00166473;0.000771358;0.0323982;0.00159352;0.0199354;0.00471533;0.434891;0;0;1;1;1;
14;-0.03966;0.00799956;-0.0405741;0.039776;-0.024777;0.039835;-0.0111348;0.0631031;0.0264914;0.0361485;0.0255597;0.0559642;0.000973635;0.000449403;0.0309805;0.000932187;0.0188813;0.00636919;0.524448;0;0.015646;1;1;1;
15;-0.0473503;0.00516815;-0.0495488;0.061309;-0.0525435;0.0613432;-0.00841119;0.064521;0.028755;0.0224267;0.0286638;0.0442957;0.000569974;0.000261084;0.0260797;0.00103205;0.0110299;0.0106746;0.617514;0;0.301225;1;1;1;
16;-0.0617473;0.00885369;-0.0597144;0.0873193;-0.0821966;0.0873385;0.00651961;0.0376604;0.0470997;0.0045117;0.030563;0.014906;0.00513206;-0.0151925;0.0192947;0.00102273;0.00644005;0.0161672;0.511671;0;0;1;1;1;
17;-0.0830962;0.0119904;-0.0623006;0.113461;-0.110468;0.113471;0.0366803;0.0127158;0.0603857;-0.0302366;0.0507256;-0.0239331;0.00523196;-0.0162014;0.0164565;0.00866668;0.00376063;0.0217475;0.0258204;0.625564;0;1;0.581125;1;
18;-0.113937;0.0699961;-0.0813757;0.133;-0.131253;0.133008;0.0829829;-0.0246442;0.0968305;-0.0792162;0.0911884;-0.0755324;0.0030539;0.0330561;0.00963764;0.0182577;0.00219579;0.030839;0;1;0;1;0;1;
19;-0.0901008;0.101625;-0.108277;0.139241;-0.137408;0.137076;0.133071;-0.0282578;0.14433;-0.134038;0.141037;-0.123359;-0.00965212;0.027272;0.0120385;0.0322463;0.00128196;0.0451629;0;1;0;1;0;1;
20;-0.0751831;0.120849;-0.0980374;0.120066;-0.123039;0.122845;0.17205;-0.0595402;0.186412;-0.164983;0.184489;-0.174155;-0.0101167;0.0697181;0.00703071;0.0423751;0.000748134;0.0348508;0;1;1;1;0;1;
21;-0.079333;0.104933;-0.069955;0.0823398;-0.0840772;0.0839615;0.171484;-0.0701282;0.215183;-0.188304;0.214063;-0.198072;-0.0059109;0.0568065;-0.00352395;0.0279433;0.000436442;0.0203563;0;1;1;1;0;1;
22;-0.0809187;0.0651906;-0.0088856;0.0161102;-0.017125;0.0170544;0.180193;-0.0881401;0.214377;-0.176903;0.230031;-0.210116;-0.00606042;0.0413655;-0.0146395;0.0340307;0.000254358;0.0118872;0;1;1;1;0;1;
23;0.00876373;-0.0445666;0.0774624;-0.0732412;0.0726501;-0.0726922;0.203561;-0.140308;0.224657;-0.151368;0.224111;-0.199495;-0.00354024;0.0385896;-0.0085499;0.0551328;0.00014793;0.00694089;0;1;0;1;0;1;
24;0.122361;-0.143276;0.16249;-0.160022;0.15968;-0.159705;0.202056;-0.128992;0.197852;-0.135906;0.190383;-0.190197;-0.0238993;0.0225419;-0.00335296;0.0395287;8.60734e-05;0.00405172;0;1;0.0299222;1;0;1;
25;0.200719;-0.212931;0.218191;-0.222715;0.222526;-0.222541;0.166292;-0.111296;0.190037;-0.0999748;0.159775;-0.152932;-0.0270892;0.0164046;0.020356;0.0576114;4.96291e-05;-0.0220629;0;1;0;1;0;1;
26;0.237371;-0.255534;0.243115;-0.234206;0.261149;-0.261155;0.14971;-0.0947277;0.178607;-0.0646222;0.147643;-0.107167;-0.0436152;0.00957845;0.0500983;0.0435583;2.85543e-05;-0.0287104;0;1;0.669205;1;0;1;
27;0.234789;-0.277039;0.242094;-0.248742;0.282505;-0.282506;0.117893;-0.0869629;0.139027;-0.0323955;0.116684;-0.0309603;-0.0296809;-0.0252794;0.0592903;0.0254408;1.6273e-05;-0.0290246;0;1;1;1;0;1;
28;0.257787;-0.280065;0.256485;-0.272439;0.285821;-0.291603;0.0669337;-0.0993773;0.115467;0.0247329;0.066224;0.0410867;-0.0197327;-0.0412821;0.0598933;0.014857;0.0466503;-0.0199146;0;1;1;1;1;1;
29;0.264098;-0.271969;0.260574;-0.281776;0.275159;-0.300512;0.0177316;-0.0918571;0.0920777;0.0587225;0.0276427;0.0686926;0.0339329;-0.0477031;0.109203;-0.0189482;0.0921926;-0.0116309;0;1;1;1;1;1;
30;0.262382;-0.290902;0.256561;-0.277368;0.247579;-0.293644;-0.0333798;-0.0567566;0.0943261;0.119365;-0.00275484;0.125188;0.0698637;-0.0559022;0.104704;-0.011066;0.132866;-0.0113326;0;0.875294;1;0;1;1;
31;0.277968;-0.294582;0.256662;-0.25964;0.179198;-0.269145;-0.0854788;-0.000524643;0.0924199;0.176067;-0.0239693;0.179468;0.0862027;-0.057403;0.141363;-0.00646294;0.148222;-0.00661847;0;0;1;0;1;1;
32;0.245839;-0.323372;0.233094;-0.229629;0.148134;-0.235179;-0.101581;0.0297904;0.0678516;0.214884;-0.0340328;0.216869;0.0914552;-0.0526515;0.158466;-0.0037747;0.153804;-0.00386556;0;0;1;0;1;0;
33;0.226269;-0.330664;0.218333;-0.188276;0.118092;-0.191517;-0.0999152;0.0397725;0.0767525;0.237791;-0.0418167;0.238951;0.0844854;-0.0409664;0.158796;-0.00220487;0.147054;-0.00225794;0;0;1;0;1;0;
34;0.195997;-0.345276;0.199025;-0.133188;0.0921976;-0.135081;-0.0992789;0.0448506;0.0794774;0.249591;-0.0452673;0.250268;0.082201;-0.025511;0.156693;-0.0012881;0.138752;-0.00131911;0;0;1;0;1;0;
35;0.138211;-0.34379;0.179786;-0.0587504;0.0348123;-0.0598555;-0.111053;0.0600589;0.0925369;0.24711;-0.0471614;0.249084;0.0630787;0.0279595;0.139308;-0.000752677;0.144429;-0.000770782;0;0;1;0;1;0;
36;0.00521098;-0.187024;0.142705;0.0361698;-0.0501437;0.0355246;-0.124146;0.106438;0.0189298;0.221885;-0.0557158;0.217655;0.0767533;0.0149474;0.200564;-0.00565161;0.122004;-0.00721248;0;0;0;0;1;0;
37;-0.108204;0.00200834;-0.0273221;0.132353;-0.130785;0.113792;-0.152011;0.154715;-0.0769098;0.19878;-0.0218738;0.241177;0.0635679;0.00872728;0.117161;-0.00330087;0.158872;0.0122799;0;0;1;0;1;0;
38;-0.191011;0.128968;-0.139218;0.205105;-0.204175;0.194266;-0.11427;0.168318;-0.0679378;0.162162;0.00396507;0.218811;0.0371265;0.00108736;0.0715937;-0.00192825;0.125596;0.007171;0;1;1;0;1;0;
39;-0.240131;0.203436;-0.212511;0.251004;-0.25035;0.244673;-0.104312;0.158248;-0.062658;0.154653;0.034252;0.187736;0.0216828;-0.00221179;0.0448407;-0.00112641;0.107391;0.00467482;0;0;1;0;1;0.81594;
40;-0.254805;0.189044;-0.247551;0.277112;-0.266868;0.273409;-0.0809779;0.156211;-0.0419973;0.128042;0.0517095;0.147365;0.0126626;0.012503;0.0307504;-0.000658234;0.0730535;0.00871159;0;0;1;0;1;1;
41;-0.25688;0.199126;-0.259706;0.289968;-0.276412;0.279605;-0.0553456;0.134333;-0.0291641;0.082828;0.0523236;0.0941249;-0.00584249;0.0542225;0.0179614;-0.000384753;0.0450955;0.0407531;0;0;0.62355;0;1;1;
42;-0.269346;0.227362;-0.240711;0.275725;-0.285256;0.269776;-0.000390951;0.0574816;0.0149007;0.0164472;0.0624894;0.0230518;-0.014142;0.110805;0.0104871;0.0539978;0.0263356;0.057778;1;0;1;1;1;1;
43;-0.260496;0.217074;-0.245766;0.259506;-0.282526;0.260996;0.0664602;0.0540749;0.0839983;-0.065681;0.11179;-0.0618225;-0.0376879;0.0802785;-0.0012263;0.0502735;0.0153796;0.041598;0.243506;0;0.230799;1;0;1;
44;-0.241991;0.216819;-0.25057;0.21283;-0.267368;0.209984;0.141399;-0.0378019;0.151649;-0.140939;0.16788;-0.130178;-0.0281975;0.11451;-0.00485004;0.0628188;0.00898135;0.0570709;0;0;0;1;0;1;
45;-0.226331;0.202426;-0.230108;0.181321;-0.239918;0.17437;0.193911;-0.117533;0.199897;-0.18039;0.209376;-0.166365;-0.0164677;0.0668937;-0.00283277;0.0620253;0.00524446;0.0539563;0;0.728907;0.908859;1;0;1;
46;-0.214667;0.17949;-0.195654;0.167162;-0.201383;0.163103;0.225724;-0.103234;0.229221;-0.193714;0.234757;-0.191229;-0.0101831;0.0726969;-0.00165474;0.0485951;0.00306219;0.0315205;0;0.704501;0;1;0;1;
47;-0.177824;0.137549;-0.146982;0.130343;-0.150328;0.127972;0.237853;-0.10237;0.245148;-0.204629;0.24838;-0.21097;-0.0181563;0.0761242;-0.000966904;0.0356358;0.00178778;0.0184116;0;0.707521;0;1;0;1;
48;-0.159904;0.0742262;-0.0797166;0.0700025;-0.0816704;0.0686146;0.224612;-0.105078;0.251898;-0.208273;0.251859;-0.21832;-0.0192321;0.0719096;-0.000565185;0.025592;0.0010435;0.0107524;0;0.794659;0;1;0;1;
49;-0.0461086;-0.0128718;0.00967987;-0.0153495;0.00853893;-0.016163;0.206132;-0.114945;0.237659;-0.203825;0.236579;-0.204219;-0.0401598;0.0574127;-0.000330554;0.0206933;0.000608794;0.00627812;0;0.935819;0;1;0;1;
50;0.0755066;-0.103531;0.105398;-0.111415;0.107441;-0.111894;0.172353;-0.109242;0.204272;-0.186596;0.214234;-0.187503;-0.0566961;0.0335386;-0.00463345;0.0168441;0.000354997;0.000694297;0;1;1;1;0;1;
51;0.167532;-0.159271;0.129205;-0.190228;0.187915;-0.190514;0.131737;-0.122289;0.181479;-0.160395;0.207481;-0.165511;-0.0558486;0.0195829;0.0337423;0.0173222;0.000206787;-0.0205708;0;1;1;1;0;1;
52;0.228747;-0.22253;0.148714;-0.241998;0.240653;-0.242171;0.130446;-0.109876;0.1715;-0.0910123;0.18641;-0.121322;-0.0326175;-0.0278501;0.0266789;0.0249385;0.000120304;-0.017626;0;1;1;1;0;1;
53;0.264503;-0.2172;0.154046;-0.272244;0.271461;-0.272345;0.100183;-0.114701;0.153982;-0.0564018;0.153284;-0.0871843;-0.0209201;-0.0269028;0.0354747;0.0145657;6.97945e-05;-0.010297;0;1;1;1;0;1;
54;0.283413;-0.252642;0.161853;-0.287934;0.287479;-0.287992;0.0757017;-0.0876857;0.13175;-0.00239545;0.106712;-0.0681082;-0.0122209;-0.0323218;0.0552928;-0.0065349;4.03634e-05;-0.00637952;0;1;1;1;0;1;
55;0.318421;-0.245984;0.164318;-0.292245;0.289806;-0.289837;0.0242545;-0.0660583;0.103382;0.0371225;0.0423627;-0.0198115;-0.00544538;-0.0465224;0.0693138;-0.00381747;0.0747458;-0.00862912;0;0.402703;1;1;1;1;
56;0.309008;-0.227575;0.16449;-0.298612;0.27621;-0.288218;-0.0499688;-0.0241049;0.0837135;0.0858231;0.0133657;0.052573;0.037882;-0.0357798;0.103884;-0.0281309;0.113423;-0.0113054;1;0;1;1;1;0.156813;
57;0.291516;-0.232848;0.159417;-0.281168;0.244479;-0.275023;-0.0918607;-0.0178284;0.0583896;0.147465;-0.00701038;0.128048;0.0472638;-0.0410397;0.11799;-0.0164307;0.154224;-0.00660275;1;0;1;0.566535;1;0;
58;0.264552;-0.232278;0.149986;-0.25348;0.203347;-0.249892;-0.107066;-0.00139573;0.0598673;0.196205;-0.0300596;0.184865;0.0474825;-0.0302423;0.128404;-0.00959593;0.172295;-0.0038564;1;0;1;0;1;0;
59;0.222428;-0.211837;0.138284;-0.215957;0.184798;-0.213861;-0.144433;0.0598227;-0.0047229;0.227091;-0.0183177;0.220469;0.05815;-0.0176659;0.144359;-0.0056045;0.165513;-0.00225255;1;0;0;0;1;0;
60;0.171308;-0.165128;0.0768973;-0.167534;0.149348;-0.16631;-0.196094;0.146686;-0.0744117;0.244371;0.000796512;0.240503;0.0402621;-0.0103174;0.139148;-0.00327343;0.186742;-0.00131593;1;0;0;0;1;0;
61;0.105873;-0.102267;0.0251602;-0.103668;0.0930565;-0.102953;-0.192305;0.187845;-0.0516892;0.251218;-0.0169999;0.250039;0.0245481;-0.0161404;0.120014;-0.00191223;0.180746;-0.000769129;1;1;0;0;1;0;
62;0.0200622;-0.0179538;-0.0285995;-0.0187683;0.0125825;-0.0183508;-0.203184;0.200565;-0.0564518;0.245153;-0.00880637;0.243133;0.021131;-0.0110882;0.137776;-0.00111707;0.16138;-0.000449476;1;1;0;0;1;0;
63;-0.0799247;0.0643547;-0.10834;0.0806837;-0.084286;0.0809274;-0.17167;0.206979;-0.0707263;0.220605;-0.0539553;0.216054;0.0136964;-0.0327575;0.13365;-0.000653038;0.120414;-0.000262948;1;1;0;0;1;0;
64;-0.167934;0.120229;-0.179292;0.168372;-0.170461;0.168514;-0.176634;0.188406;-0.0972238;0.209543;-0.0274839;0.18427;0.00994401;-0.0206738;0.0780681;-0.000381659;0.0959077;-0.000154157;1;0;1;0;1;0;
65;-0.197204;0.113266;-0.229284;0.228544;-0.229756;0.228627;-0.142309;0.187226;-0.100096;0.192641;-0.0169757;0.177883;0.00580692;-0.0134426;0.0456006;-0.000223348;0.076334;-9.04316e-05;1;0;1;0;1;0;
66;-0.195568;0.129919;-0.239018;0.26465;-0.26254;0.264698;-0.131189;0.182115;-0.0719237;0.163143;0.00311897;0.154524;0.00339097;-0.00533847;0.026636;-0.000130883;0.0537793;-5.31848e-05;1;0;0.876581;0;1;0;
67;-0.211463;0.142674;-0.269218;0.274833;-0.282958;0.271425;-0.102171;0.152912;-0.0423774;0.120833;0.0287303;0.115802;0.00137969;0.0334899;0.015555;0.0262814;0.0314118;0.0285751;1;0;1;1;1;1;
68;-0.197905;0.163268;-0.275123;0.280529;-0.291755;0.274544;-0.0515401;0.156245;-0.0160948;0.0619213;0.0584956;0.0589848;-0.0206876;0.0534984;0.0111397;0.0673388;0.0183444;0.0429634;1;0;0;0.737755;1;1;
69;-0.187642;0.183132;-0.27463;0.267601;-0.296897;0.277491;0.0219837;0.125191;0.0427002;0.00660518;0.0862596;-0.0176409;-0.0198086;0.126534;0.00789401;0.0996392;0.0107121;0.0378336;0;0;0;1;0.748744;1;
70;-0.207946;0.191185;-0.264588;0.234679;-0.283984;0.242306;0.101376;0.0404334;0.115322;-0.0825276;0.14076;-0.100675;-0.016206;0.214311;0.00400257;0.107878;0.00625554;0.0587834;0;0;1;1;0;1;
71;-0.215949;0.139902;-0.249027;0.214991;-0.260354;0.202946;0.167309;-0.00334059;0.175453;-0.111851;0.190309;-0.136682;-0.00946465;0.174554;0.00233709;0.126158;0.00365269;0.079858;1;0;0;1;0;1;
72;-0.200317;0.123659;-0.219635;0.199756;-0.226249;0.192722;0.210031;-0.0278519;0.214787;-0.127467;0.223463;-0.165958;-0.00552789;0.153074;0.00136429;0.106421;0.00213281;0.0466502;0.103318;0;0;1;0;1;
73;-0.16641;0.0692695;-0.177691;0.166082;-0.181554;0.161973;0.234778;-0.0644499;0.237555;-0.16522;0.242622;-0.182045;-0.00322885;0.123423;0.000796193;0.0705355;0.00124506;0.0348013;0;0;0;0.73903;0;1;
74;-0.113979;0.0572482;-0.120568;0.113788;-0.122824;0.111388;0.247426;-0.105437;0.249048;-0.181984;0.252007;-0.184823;-0.00188615;0.0743506;0.000464437;0.0498929;0.000726559;0.0300587;0;0;0;0.784554;0;1;
75;-0.0389364;0.00580782;-0.042784;0.0388252;-0.0441015;0.0374238;0.248235;-0.12646;0.248208;-0.198081;0.247592;-0.194163;-0.00110203;0.0496722;0.000270666;0.0291471;0.000423786;0.0175601;0;0;0;0.877781;0;1;
76;0.0563459;-0.0756898;0.0540989;-0.0564101;0.0533295;-0.0572284;0.228103;-0.133742;0.226433;-0.196954;0.228353;-0.193988;-0.000644139;0.0290178;0.000157506;0.0170265;0.000246976;0.010258;0;0;0;1;0;1;
77;0.148616;-0.15991;0.147304;-0.148653;0.146855;-0.149131;0.20064;-0.135412;0.2009;-0.173657;0.197693;-0.181076;-0.000376524;0.0169494;9.14416e-05;0.0099449;0.000143737;0.00599127;0;0;0;1;0;1;
78;0.215766;-0.22236;0.215;-0.215787;0.214737;-0.216067;0.191238;-0.121066;0.192384;-0.145954;0.190511;-0.159656;-0.000220501;0.00927784;5.29015e-05;0.00580642;8.3486e-05;-0.00501699;0;0;0;1;0;1;
79;0.257282;-0.261125;0.236211;-0.257293;0.25668;-0.257458;0.168141;-0.107708;0.174064;-0.0829192;0.167715;-0.149499;-0.000129141;-0.00804472;0.00986005;-0.0196849;4.84256e-05;-0.00960403;0;0;1;1;0;1;
80;0.269806;-0.278174;0.235608;-0.280474;0.280118;-0.280567;0.131407;-0.0374372;0.134873;-0.0514469;0.131158;-0.120522;0.00163332;-0.04552;0.0390477;-0.0162758;2.78031e-05;-0.0261103;0.986495;1;0;1;0;1;
81;0.268134;-0.287624;0.236539;-0.291349;0.291142;-0.291403;0.0785986;-0.0237461;0.103495;-0.0259155;0.078449;-0.0722407;0.023142;-0.0265877;0.0547679;-0.00950583;1.58644e-05;-0.0160036;1;1;0;1;0;1;
82;0.274251;-0.288834;0.243866;-0.293162;0.285885;-0.290448;0.00620159;-0.0117402;0.0816019;0.0245801;0.0102924;-0.00248699;0.0580468;-0.0246789;0.0666742;-0.00555183;0.0829815;-0.0582601;1;0.785809;0;1;1;1;
83;0.289254;-0.289529;0.251293;-0.289512;0.246572;-0.289156;-0.0773882;0.0160667;0.0264947;0.0960121;0.00379929;0.0801973;0.0690912;-0.0250331;0.0999451;-0.00324193;0.13188;-0.050564;1;0;0;0.472125;1;0.841843;
84;0.273284;-0.268521;0.279877;-0.268512;0.197967;-0.268304;-0.143225;0.109763;-0.068831;0.161196;-0.0589758;0.15196;0.0768748;-0.0361251;0.0736215;-0.00189359;0.136553;-0.02953;1;0;0;1;1;0;
85;0.235755;-0.236977;0.244446;-0.236972;0.128978;-0.23685;-0.180629;0.175944;-0.152023;0.205982;-0.0779392;0.200588;0.0503191;-0.0210976;0.0611128;-0.00110627;0.0986921;-0.0172457;1;0;0.515103;1;1;0;
86;0.194524;-0.195241;0.199605;-0.195238;0.116745;-0.195167;-0.197121;0.215134;-0.196702;0.232675;-0.1156;0.229525;0.0459282;-0.0123214;0.0356975;-0.000646446;0.0759745;-0.0100719;1;0;1;1;1;0;
87;0.140429;-0.14085;0.143402;-0.140848;0.0950056;-0.140807;-0.195758;0.236577;-0.220651;0.246821;-0.12977;0.244982;0.0330653;-0.00719618;0.0208502;-0.000377998;0.0599231;-0.00588239;1;0;1;0.654654;1;0;
88;0.0678453;-0.0680911;0.0695826;-0.0680901;0.041316;-0.0680659;-0.199942;0.24628;-0.211975;0.247926;-0.157743;0.248733;0.0228313;-0.00420308;0.0121772;-0.000221281;0.0366622;-0.00343587;1;0;1;0;1;0;
89;-0.0256704;0.0255274;-0.0246561;0.0223474;-0.0411575;0.0255423;-0.207081;0.234575;-0.219237;0.23284;-0.151078;0.237713;0.013337;-0.00245508;0.00711059;-0.000129771;0.0214178;-0.00200698;1;0;1;0.663813;1;0;
90;-0.123227;0.123146;-0.12264;0.121273;-0.132264;0.123156;-0.165763;0.206477;-0.205112;0.201562;-0.152228;0.205838;0.0202235;-0.00143433;-0.0163874;-0.0093143;0.012508;-0.00117256;1;0;1;1;1;0;
91;-0.198915;0.198881;-0.198594;0.193923;-0.204194;0.198887;-0.137101;0.19238;-0.209086;0.152098;-0.127562;0.199826;0.0182969;-0.000838089;-0.0278748;-0.032084;0.0073031;-0.000685188;1;0;1;0;1;0;
92;-0.247308;0.247291;-0.247123;0.232918;-0.250386;0.247295;-0.110584;0.174284;-0.184045;0.125047;-0.09384;0.178632;0.0106851;-0.00048994;-0.0389994;-0.0214783;-0.0057215;-0.000400656;1;0;1;0;1;0;
93;-0.275111;0.261066;-0.275001;0.250043;-0.276906;0.275105;-0.0763166;0.142036;-0.147739;0.113395;-0.0662305;0.144575;0.00623793;-0.000286837;-0.030383;-0.0126444;-0.016715;-0.000234435;1;0.850483;1;0;1;0;
94;-0.289113;0.259233;-0.28849;0.25771;-0.29016;0.28911;-0.0560846;0.094469;-0.0977983;0.0825753;-0.0501953;0.0959483;0.00364288;0.0170273;-0.026377;0.0166222;-0.00976364;-0.000137312;1;1;1;0;1;0;
95;-0.293234;0.255126;-0.29287;0.260095;-0.291557;0.293191;-0.00529818;0.0277185;-0.0296557;0.0419819;-0.0018636;0.0285751;-0.0084751;0.0446663;-0.0221211;0.0531991;-0.0449918;0.00636545;0.573382;0;1;0;1;0.214506;
96;-0.28822;0.240734;-0.288265;0.265248;-0.287241;0.29563;0.0682283;-0.0326743;0.0540048;-0.0295584;0.0702335;-0.0482461;-0.00494969;0.0886951;-0.0193372;0.113136;-0.0262758;0.0871117;0;1;1;0;0;1;
97;-0.272339;0.220653;-0.272366;0.279018;-0.270607;0.270836;0.14069;-0.117157;0.132383;-0.0932975;0.141863;0.283292;-0.00289106;0.0850146;-0.0217331;0.100687;-0.0153453;-0.13599;0;1;0;0;0;0;
98;-0.244882;0.222536;-0.244897;0.266519;-0.24387;0.24193;0.193108;-0.118822;0.188256;-0.165423;0.193791;0.0545179;-0.00168864;0.055403;-0.0126923;0.0588111;-0.00896229;-0.0405602;0;1;0;0;0;1;
