1;-0.000363587;0.000116064;9.94836e-05;-0.000363587;0.000116064;9.94836e-05;0.0349769;0.0347456;0.0352595;0.0349769;0.0347456;0.0352595;0.808667;0.808665;0.808666;0.808667;0.808665;0.808666;0;0;0;0;0;0;
2;0.00050269;0.000129397;0.000368892;0.00342982;0.00527414;-0.0123877;0.0541271;0.0713026;0.0716626;-0.0638859;-0.035841;0.111834;0.472311;0.472299;0.4723;0.472375;0.472345;0.472304;1;1;1;1;1;0.130625;
3;0.0256312;0.028564;0.0249705;-0.00767079;-0.00751401;-0.0268316;0.164905;0.172095;0.190595;0.108146;0.11755;0.236286;0.277317;0.280083;0.272025;0.278663;0.280119;0.275859;1;1;1;1;1;0.158828;
4;0.0246336;0.0275298;0.0236306;-0.0125652;-0.0126251;-0.0469389;0.188527;0.205087;0.216399;0.178969;0.185369;0.212367;0.175062;0.215609;0.23298;0.189345;0.191184;0.26942;1;1;1;1;1;0;
5;0.0151638;0.0171021;0.0150281;0.00132901;0.00463966;-0.0412892;0.1667;0.188479;0.21365;0.171509;0.177952;0.190466;0.135607;0.164873;0.200349;0.165978;0.183315;0.176083;1;1;1;1;1;1;
6;-0.00294899;-0.000875946;0.00334951;0.0209452;0.0294459;-0.0219032;0.157965;0.171414;0.203877;0.157784;0.17186;0.17345;0.112529;0.176921;0.159126;0.156823;0.184277;0.1433;1;1;1;1;1;1;
7;-0.0141904;-0.0176203;-0.00819328;0.0335463;0.045607;-0.010306;0.160653;0.145784;0.179766;0.150062;0.170043;0.163;0.0842673;0.192859;0.143477;0.148729;0.17244;0.107945;1;1;1;1;1;1;
8;-0.0102614;-0.0334583;-0.0216858;0.04576;0.0602464;-0.0030609;0.158908;0.141309;0.174009;0.13225;0.155293;0.143461;0.0692921;0.187301;0.117949;0.157134;0.148285;0.0846257;1;1;1;1;1;1;
9;-0.00747762;-0.0448086;-0.0310311;0.0562789;0.0732873;0.00567849;0.1566;0.131203;0.148881;0.132039;0.150701;0.129548;0.0651359;0.18464;0.113805;0.153839;0.11506;0.0716078;1;1;1;1;1;1;
10;-0.00542232;-0.0519415;-0.0351535;0.0582043;0.0755402;-0.00378246;0.153296;0.12109;0.131522;0.127813;0.146012;0.113659;0.0655052;0.184618;0.108148;0.16105;0.101595;0.0721667;1;1;1;1;1;1;
11;-0.0053055;-0.0565463;-0.0393517;0.0586287;0.063728;-0.00976008;0.152693;0.118696;0.129535;0.121906;0.139659;0.10582;0.0632819;0.180604;0.0995113;0.167642;0.0703396;0.0731363;1;1;1;1;1;1;
12;-0.00616797;-0.058599;-0.0411575;0.0477599;0.0538184;-0.0222987;0.154137;0.116224;0.123429;0.110068;0.131754;0.0967074;0.0569855;0.173902;0.0926298;0.160774;0.0525025;0.0757794;1;1;1;1;1;1;
13;-0.00419289;-0.0489053;-0.0330834;-0.00301572;0.0606887;-0.043937;0.146606;0.121517;0.132586;0.0983684;0.12211;0.0820651;0.0478989;0.141477;0.0637385;0.119311;0.0535694;0.0803321;1;1;1;1;1;1;
14;0.00101594;-0.0243468;-0.0104568;-0.0527471;0.0864272;-0.0766535;0.131203;0.0959876;0.121125;0.100433;0.108156;0.0707719;0.0376727;0.141012;0.0507734;0.0696956;0.043878;0.0699569;1;1;1;1;1;1;
15;-0.00825027;-0.00396843;-0.0132656;-0.10696;0.126626;-0.120925;0.110098;0.0864557;0.10159;0.0938846;0.093609;0.0671096;0.0328607;0.109447;0.0397951;0.0525864;0.0451116;0.0591482;1;1;1;1;1;1;
16;-0.0563266;0.028436;-0.0592568;-0.010958;0.0224524;-0.0191214;0.111974;0.0641594;0.0869824;0.0669364;0.0836481;0.0452708;0.0283567;0.0918286;0.0232468;0.0463238;0.0336108;0.0542292;1;1;1;1;1;1;
17;-0.061491;0.0341797;-0.0669464;-0.131314;0.0634847;-0.12485;0.0339987;0.0847535;0.0179293;0.126383;0.0727294;0.0582224;0.0681798;0.0536274;0.0596864;0.0270574;0.100943;0.0316631;1;1;1;1;1;1;
18;-0.102642;0.082539;-0.105396;-0.00995646;-0.02966;-0.00617844;0.0814248;0.0501764;0.0720359;0.0122567;0.104039;-0.0268893;0.0398206;0.134131;0.0348531;0.0487636;0.0589506;0.0927902;1;1;1;1;0;1;
19;-0.1207;0.108958;-0.122264;0.0549417;-0.0780786;0.0571437;0.135335;0.0368818;0.129852;-0.0806134;0.148542;-0.0777753;0.0232546;0.175358;0.0203515;0.0562573;0.0344265;0.0807309;0.497869;1;1;1;0;1;
20;-0.113281;0.11029;-0.114195;0.0748787;-0.088391;0.0761612;0.181159;0.00702301;0.177957;-0.149188;0.188872;-0.0989741;0.0135801;0.169892;0.0118846;0.064704;0.0201044;0.0910818;0;1;1;1;0;1;
21;-0.078379;0.0766373;-0.0789125;0.0560833;-0.0638433;0.0564547;0.212118;-0.0219926;0.210248;-0.166201;0.216622;-0.102475;0.00793031;0.147852;0.0069401;0.0610381;0.0117403;0.0962881;0;1;0;1;0;1;
22;-0.0137972;0.0127892;-0.0141088;0.000778155;-0.00530833;0.000992489;0.228895;-0.0331729;0.227803;-0.184613;0.231526;-0.11281;0.00463079;0.144522;0.00405252;0.0403312;0.00685575;0.0830957;0;1;0;1;0;1;
23;0.0745933;-0.0751696;0.0744113;-0.0821956;0.0795511;-0.082067;0.23046;-0.0266235;0.225567;-0.176578;0.221698;-0.109156;0.00270398;0.116263;0.00236617;0.043947;0.0040031;0.0689872;0;1;0;1;0;1;
24;0.160815;-0.16114;0.160709;-0.165251;0.16371;-0.165178;0.217675;-0.0428009;0.198433;-0.127954;0.193789;-0.123767;0.0015786;0.099248;0.00138142;0.0290426;0.00233727;0.0505053;0;1;0;1;0;1;
25;0.223189;-0.21685;0.223127;-0.225768;0.22488;-0.225734;0.200366;-0.0241969;0.189129;-0.112258;0.186417;-0.0988334;0.000921389;0.0827148;0.000806255;0.0278477;0.00136444;0.0295013;0;1;0;1;0;1;
26;0.261536;-0.239839;0.261499;-0.256998;0.262523;-0.263017;0.171348;-0.00361911;0.164785;-0.0962927;0.163202;-0.0725497;0.000537642;0.052218;0.00047041;0.0162644;0.00079635;0.0172316;0;1;0;1;0;1;
27;0.282731;-0.264855;0.282709;-0.279887;0.283307;-0.283591;0.130528;0.00510297;0.126695;-0.058431;0.12577;-0.0215795;0.000313565;0.0304991;0.000274319;0.00949619;0.000464605;0.00881768;0;1;0;1;0;1;
28;0.287667;-0.281853;0.279798;-0.285784;0.29263;-0.292795;0.0743075;0.0476191;0.072075;-0.0321998;0.0715263;0.0325025;0.0216249;0.0178107;0.0493365;-0.00887087;0.000270935;-0.0133124;1;1;1;1;0;1;
29;0.283764;-0.286715;0.276378;-0.282725;0.294976;-0.283869;-0.000878164;0.0720901;0.0212035;0.0254752;0.0112212;0.063267;0.0738279;0.0103994;0.0747424;-0.0383642;0.0728556;-0.0077732;1;1;1;1;1;1;
30;0.257227;-0.280253;0.252022;-0.277922;0.266214;-0.27859;-0.0855704;0.127171;-0.0726706;0.0999484;0.00716767;0.122019;0.0738945;0.00607285;0.0609471;-0.0224056;0.127597;-0.00453999;0.959375;0;1;0.346467;1;0.0629831;
31;0.246234;-0.261324;0.241232;-0.259964;0.19874;-0.260354;-0.149775;0.180626;-0.135405;0.164728;-0.00773483;0.177617;0.0761681;0.00354616;0.0533212;-0.0130852;0.171842;-0.00265184;1;0;1;0;1;0;
32;0.221799;-0.230612;0.21853;-0.229817;0.150218;-0.230045;-0.158894;0.217546;-0.143383;0.208261;-0.0341944;0.215789;0.0739673;0.00207049;0.064102;-0.00764225;0.15799;-0.00154915;1;0;1;0;1;0;
33;0.183701;-0.18885;0.181793;-0.188386;0.114223;-0.188519;-0.183808;0.239346;-0.163417;0.233924;-0.0496064;0.23832;0.0601348;0.00120857;0.0498668;-0.00446349;0.139911;-0.000905127;1;0;1;0;1;1;
34;0.130514;-0.133523;0.129404;-0.133252;0.0899398;-0.13333;-0.164077;0.250499;-0.159607;0.247332;-0.0719775;0.2499;0.0622118;0.000705215;0.0567535;-0.00260711;0.110928;-0.000529061;1;0;1;0;1;0.997293;
35;0.0571896;-0.0589455;0.0565386;-0.0587871;0.0334989;-0.0588338;-0.187021;0.248742;-0.160393;0.251089;-0.075291;0.247087;0.0408404;0.000411319;0.0426768;-0.00152304;0.0995507;-0.00142766;1;0;1;0;1;0.264533;
36;-0.0370802;0.0360575;-0.0374636;0.0361499;-0.0509136;0.0361226;-0.169308;0.231675;-0.15861;0.232675;-0.0831325;0.233295;0.0343997;0.000239608;0.0475782;-0.00088995;0.0827354;-0.000834218;1;0;1;0;1;0;
37;-0.132885;0.132289;-0.133108;0.132343;-0.14096;0.132327;-0.152745;0.210099;-0.158656;0.210039;-0.0740105;0.204188;0.0214006;0.000139407;0.0277929;-0.000520197;0.062873;-0.000487686;1;0;1;0;1;0;
38;-0.205413;0.205068;-0.205545;0.2051;-0.210126;0.20509;-0.123699;0.200662;-0.137287;0.200627;-0.0614744;0.19686;0.0181905;8.08861e-05;0.0162344;-0.000304256;0.0465587;-0.000285237;1;0;1;0;1;0;
39;-0.25118;0.250983;-0.251256;0.251001;-0.2535;0.250995;-0.102716;0.177137;-0.0965035;0.177116;-0.051209;0.174917;0.0106241;4.67569e-05;0.00948096;-0.000178138;0.0271955;-0.000167038;1;0;1;0;1;0;
40;-0.277212;0.277099;-0.277257;0.27711;-0.278567;0.277107;-0.074188;0.141172;-0.0607742;0.14116;-0.0186533;0.139875;0.00620213;2.68382e-05;-0.0074981;-0.000104446;0.0158835;-9.79624e-05;1;0;1;0;1;0;
41;-0.287862;0.289961;-0.290051;0.286529;-0.290816;0.28347;-0.051378;0.0904959;-0.0421046;0.0904913;0.0342778;0.089743;-0.00264367;1.52599e-05;-0.0043796;0.0233022;-0.0124469;0.0394531;1;0;1;0.869522;1;1;
42;-0.290747;0.308881;-0.287733;0.276763;-0.30466;0.279426;0.00192823;0.0209229;0.00734682;0.0247453;0.0519511;0.0274792;-0.00811441;0.0472213;-0.00320164;0.0891297;-0.00727149;0.0816904;1;1;1;1;1;1;
43;-0.2894;0.242586;-0.295903;0.248608;-0.293858;0.253306;0.076428;-0.00678518;0.0795941;-0.0608295;0.105636;-0.059231;-0.00410707;0.131636;0.0186992;0.0744715;-0.00424718;0.0653344;0.937502;1;1;1;0;1;
44;-0.271383;0.192394;-0.275182;0.215104;-0.273986;0.211231;0.147229;-0.01481;0.14908;-0.130046;0.164285;-0.127919;-0.00239888;0.161272;0.010921;0.079311;-0.00248077;0.073419;0;1;1;1;0;1;
45;-0.242263;0.163962;-0.244481;0.191947;-0.243783;0.18567;0.197316;-0.0210613;0.198397;-0.149476;0.207277;-0.135582;-0.00140142;0.158043;0.00637756;0.0860031;-0.00144921;0.0701086;1;1;1;1;0;1;
46;-0.202753;0.133851;-0.204048;0.17337;-0.20364;0.166104;0.227714;-0.0298899;0.228345;-0.157451;0.233531;-0.135528;-0.000818769;0.15116;0.00372407;0.0863101;-0.000846929;0.0703814;1;1;0;1;0;1;
47;-0.151127;0.110887;-0.151884;0.133971;-0.151646;0.12972;0.244267;-0.037997;0.244636;-0.154301;0.247664;-0.143209;-0.00047866;0.146023;0.00217434;0.0819473;-0.000495171;0.0690705;0;1;0;1;0;1;
48;-0.0821373;0.0586371;-0.0825792;0.0721253;-0.0824402;0.0696292;0.251383;-0.0420645;0.251599;-0.151829;0.251425;-0.144257;-0.000280009;0.13453;0.00126932;0.0774358;-0.000289747;0.0639859;0;1;0;1;0;1;
49;0.0082661;-0.0219879;0.0080081;-0.014098;0.00808941;-0.0155833;0.237121;-0.0427352;0.237958;-0.14818;0.235715;-0.141882;-0.000163997;0.125142;0.000740803;0.0685632;-0.000169823;0.0567778;0;1;0;1;0;1;
50;0.10728;-0.115291;0.107132;-0.105241;0.107179;-0.111574;0.220137;-0.0397437;0.213711;-0.129832;0.21368;-0.134568;0.00116356;0.108762;0.000432151;0.0675189;-9.97504e-05;0.0482395;0.192416;1;0;1;0;1;
51;0.187819;-0.192491;0.187734;-0.186609;0.187761;-0.190332;0.21093;-0.0203896;0.207176;-0.109139;0.207157;-0.125149;0.000974692;0.104568;0.000251919;0.0617139;-5.87865e-05;0.0281793;1;1;0;1;0;1;
52;0.24059;-0.243315;0.240548;-0.236574;0.240564;-0.242066;0.188424;-0.0119631;0.186231;-0.0769519;0.186221;-0.103128;-0.0389322;0.0973837;0.000146689;0.0460651;-3.48435e-05;0.0164589;1;1;0;1;0;1;
53;0.262866;-0.258615;0.269747;-0.25941;0.271409;-0.272283;0.154461;0.00343129;0.15318;-0.0505539;0.153174;-0.0589371;-0.0255305;0.0665587;0.00211846;0.0269069;-2.0805e-05;0.00961029;1;1;0.218875;1;0;1;
54;0.268494;-0.279667;0.273341;-0.280439;0.287449;-0.287957;0.107406;0.0155213;0.106655;-0.00924741;0.106647;0.0116862;0.00985308;0.0388751;0.0342612;0.0157134;-1.2581e-05;-0.0167182;0;1;1;1;0;1;
55;0.264546;-0.288604;0.273803;-0.286472;0.282867;-0.293443;0.0448405;0.0290311;0.0423321;0.0145639;0.0423227;0.0894104;0.0677219;0.0227036;0.0711914;0.00915731;0.0637029;-0.0183185;0;0.894563;1;1;1;1;
56;0.249373;-0.287745;0.269205;-0.28609;0.280537;-0.275565;-0.0187369;0.0810967;-0.0247961;0.0726492;0.0223042;0.151512;0.113938;0.0118203;0.0833277;7.36009e-05;0.130433;-0.0106961;0;1;1;1;1;1;
57;0.249578;-0.274748;0.267963;-0.273781;0.233242;-0.27374;-0.0910459;0.144705;-0.0870878;0.139773;0.0209396;0.185836;0.104063;0.0069027;0.0871821;4.26483e-05;0.195836;0.014645;0;0;1;0.43389;1;1;
58;0.237888;-0.249731;0.23955;-0.249167;0.17697;-0.249143;-0.154312;0.194593;-0.10486;0.191713;0.0122192;0.218614;0.0918794;0.00403071;0.094166;2.44836e-05;0.207512;0.00855277;1;0;1;0;1;0.555295;
59;0.206851;-0.213767;0.201374;-0.213437;0.140214;-0.213424;-0.177476;0.22615;-0.113304;0.224467;0.0103746;0.240178;0.0585078;0.0023534;0.0936047;1.37996e-05;0.199564;0.0049943;1;0;1;0;1;0.244806;
60;0.162215;-0.166257;0.159015;-0.166063;0.122574;-0.166055;-0.164739;0.262506;-0.125863;0.205487;-0.0307799;0.252013;0.0546595;0.00137386;0.0966027;7.6535e-06;0.164696;0.00291627;1;0;0.658138;0;1;0;
61;0.125556;-0.0600908;0.380586;-0.102822;0.131518;-0.106025;-0.0888796;0.196787;-0.984245;0.209468;-0.119479;0.130165;-0.0403916;0.0293936;-0.929886;-0.00288921;0.159995;-0.0183776;1;0;1;0;1;0;
62;0.140577;0.00668068;0.180507;-0.0182767;0.0350185;-0.0201473;-0.151089;0.220625;-0.68064;0.22803;-0.172059;0.181711;0.06828;0.0171651;-0.543501;-0.00168787;0.0934311;-0.0107344;1;0;0;0;1;0;
63;0.0502025;0.0955438;0.013783;0.0809672;-0.071201;0.0798754;-0.0786397;0.216865;-0.49771;0.227996;-0.204097;0.20469;0.0884553;0.0100238;-0.317503;-0.00098604;0.0545527;-0.00626925;1;0.050855;1;0;1;0;
64;-0.0919067;0.172339;-0.1132;0.168537;-0.162849;0.167899;-0.101305;0.196832;-0.377191;0.176135;-0.161894;0.194506;0.0638761;0.0401284;-0.18546;-0.00057614;-0.0193289;-0.00366146;1;0;1;0;1;0;
65;-0.183192;0.230861;-0.196324;0.228641;-0.22532;0.228269;-0.108055;0.185219;-0.290565;0.148578;-0.125433;0.18386;0.0373134;0.0234347;-0.108335;-0.000337022;-0.0222647;-0.0021386;1;0.55452;1;0;1;0;
66;-0.193084;0.265782;-0.245831;0.264707;-0.262767;0.264489;-0.0927087;0.158812;-0.220342;0.13741;-0.0812187;0.158015;0.0261351;0.0135795;-0.0632867;-0.00019721;-0.020468;-0.00124934;1;1;1;0;1;0;
67;-0.202364;0.278634;-0.273203;0.279418;-0.283093;0.284098;-0.0796989;0.128153;-0.154244;0.105804;-0.0221813;0.117836;0.0152678;0.0208703;-0.0502006;0.0104086;-0.021782;-0.000730002;1;1;1;0.371189;1;0;
68;-0.215442;0.270211;-0.286057;0.281295;-0.291833;0.290171;-0.0379006;0.111963;-0.0814327;0.0567064;0.00626519;0.0601618;0.00842599;0.0182031;-0.0385951;0.0661042;-0.0127225;0.0159077;0.876093;0;0.853409;1;1;0.893608;
69;-0.236832;0.269364;-0.276583;0.275692;-0.297925;0.28145;0.0299585;0.0594994;0.00453867;-0.00700902;0.0557571;-0.0154759;-0.00613284;0.0904915;-0.0331556;0.0670071;-0.0124456;0.0782976;0;0;0;1;1;1;
70;-0.248907;0.274176;-0.272644;0.222851;-0.284584;0.219296;0.107881;-0.0124937;0.0930348;-0.0944714;0.122947;-0.0985296;-0.00358196;0.130943;-0.0248513;0.0756159;-0.00726851;0.0643915;1;0;1;1;0;1;
71;-0.239869;0.216408;-0.253732;0.210213;-0.260705;0.205968;0.171107;-0.0542172;0.162437;-0.16326;0.179906;-0.153404;-0.00209222;0.135049;-0.0145135;0.0748228;-0.0042452;0.050397;0;0;0;1;0;1;
72;-0.214286;0.157961;-0.222382;0.196966;-0.226454;0.181334;0.212249;-0.0804432;0.207186;-0.205736;0.217387;-0.156233;-0.00122236;0.104511;-0.00847631;0.0437094;-0.00247963;0.0530116;0;0;0;1;0;1;
73;-0.174568;0.141673;-0.179295;0.164451;-0.181674;0.155323;0.236073;-0.109495;0.233116;-0.202873;0.239074;-0.182863;-0.000714364;0.0783351;-0.00495063;0.0320986;-0.00144859;0.0344265;0;0;0;1;0;1;
74;-0.118744;0.099533;-0.121505;0.112835;-0.122894;0.107504;0.248182;-0.131818;0.246456;-0.212346;0.249935;-0.197814;-0.000417722;0.0529939;-0.00289165;0.0205914;-0.000846493;0.020112;0;0;0;1;0;1;
75;-0.041719;0.0305012;-0.0433315;0.0382683;-0.0441422;0.0351548;0.234248;-0.177131;0.237776;-0.227964;0.245219;-0.204252;-0.000244471;0.0309524;-0.00168927;0.0120278;-0.000494926;0.0117478;0;0;0;1;0;1;
76;0.0547209;-0.0612721;0.0537792;-0.0567363;0.0533056;-0.0585539;0.230471;-0.178428;0.231079;-0.225453;0.23037;-0.212461;-0.00014325;0.019099;-0.000986993;0.00702258;-0.000289546;0.00686065;0;0.992718;0;1;0;1;
77;0.147667;-0.151494;0.147117;-0.148845;0.146841;-0.149906;0.196967;-0.153753;0.198057;-0.185458;0.196557;-0.190168;-8.39811e-05;0.0111524;-0.000576703;-0.0182412;-0.00016959;-0.00724478;0;1;0;1;0;1;
78;0.215212;-0.217439;0.202643;-0.215898;0.214729;-0.21652;0.15974;-0.122993;0.150988;-0.120567;0.183446;-0.149095;-4.97003e-05;-0.0167518;9.87027e-05;-0.000662447;-9.9461e-05;-0.0119637;0;1;1;1;0;1;
79;0.256958;-0.242609;0.216649;-0.257356;0.256676;-0.257719;0.149745;-0.0824236;0.124533;-0.0929745;0.163589;-0.123747;-2.93813e-05;-0.0213721;-0.00466063;-0.000385996;-5.86301e-05;-0.00788773;0;1;1;1;0;1;
80;0.279508;-0.243751;0.222852;-0.28051;0.280115;-0.280722;0.120663;-0.065799;0.121822;-0.0477782;0.128748;-0.105482;-0.000409189;-0.0124818;0.00638637;-0.0119309;-3.46695e-05;-0.00755791;0.626949;1;1;1;0;1;
81;0.290784;-0.256193;0.228774;-0.29137;0.291141;-0.286596;0.0723229;-0.0410681;0.0897751;-0.000508553;0.0770419;-0.0634601;0.0227315;-0.00844506;0.0423375;-0.0173509;-2.05937e-05;-0.0468866;1;1;0;1;0;1;
82;0.287736;-0.272398;0.252088;-0.29649;0.286699;-0.290153;0.00253682;0.0157208;0.0127326;0.0394135;0.00529268;0.00264242;0.0728824;-0.0206022;0.0541092;-0.0101359;0.0833898;-0.0283816;1;0.493357;0;1;1;1;
83;0.288368;-0.280711;0.263479;-0.287168;0.258122;-0.289205;-0.0774802;0.0908317;-0.0692502;0.104672;-0.0048917;0.0831941;0.102314;-0.0286851;0.0548972;-0.0059196;0.121048;-0.0238525;1;0;1;1;1;1;
84;0.268349;-0.263372;0.230372;-0.267143;0.191052;-0.268333;-0.15036;0.158171;-0.131239;0.166254;-0.019121;0.153711;0.0721208;-0.0167526;0.0588799;-0.00345738;0.156136;-0.0139302;1;0;1;0;1;1;
85;0.236872;-0.23397;0.184248;-0.236172;0.149612;-0.236867;-0.18114;0.204215;-0.146355;0.208935;-0.0337791;0.20161;0.0537671;-0.00978392;0.057667;-0.00201961;0.159984;-0.0081356;1;0;1;0;1;0;
86;0.104795;-0.202511;0.0908882;-0.196743;0.152369;-0.19667;-0.163951;0.231641;0.9131;0.235291;-0.102568;0.22813;0.0512127;-0.0131994;-0.788674;-0.0131255;0.137354;0.0277918;1;0.76507;1;0;0.730065;0;
87;0.106324;-0.145096;0.0189017;-0.141728;0.136646;-0.186736;-0.191795;0.246218;0.42237;0.248349;-0.0832302;0.244671;0.048231;-0.00770883;-0.460671;-0.00766576;0.102204;-0.0160088;1;0;0;0;1;1;
88;0.0479348;-0.0705714;-0.00195803;-0.0686041;0.0664691;-0.0948893;-0.213363;0.250056;0.138583;0.251233;-0.0860304;0.242142;0.0348394;-0.00450253;-0.26904;-0.00447723;0.0809611;-0.00934924;0.723317;0;1;0;1;1;
89;-0.0373005;0.0240786;-0.0664353;0.0252277;-0.0264681;0.00987734;-0.219399;0.233055;-0.0220792;0.233993;-0.131153;0.236458;0.0203472;-0.00262994;-0.157111;-0.00261522;0.053222;-0.00546035;1;0;1;0;1;0;
90;-0.130022;0.122301;-0.14704;0.122971;-0.123688;0.114007;-0.215305;0.208585;-0.106667;0.207458;-0.0990454;0.204195;0.0118794;-0.00153641;-0.0917403;-0.00152774;0.0431291;-0.00318931;1;0;1;0;1;0;
91;-0.202896;0.198387;-0.212837;0.198775;-0.19919;0.193544;-0.135877;0.18156;-0.135981;0.186438;-0.099598;0.173994;-0.0358606;-0.000897506;-0.053568;-0.000892503;0.0251949;-0.00186303;1;0;1;0.94705;1;0;
92;-0.249634;0.247003;-0.255442;0.240091;-0.247465;0.244174;-0.114714;0.167964;-0.155479;0.170814;-0.0677317;0.163546;-0.0209441;-0.000524752;-0.0312887;0.010691;0.0147143;-0.00108841;1;0;1;1;1;0;
