1;-0.000363588;0.000116064;9.94838e-05;-0.000363588;0.000116064;9.94838e-05;0.0349769;0.0347456;0.0352595;0.0349769;0.0347456;0.0352595;0.808667;0.808665;0.808666;0.808667;0.808665;0.808666;0;0;0;0;0;0;
2;-0.0029784;-0.0237746;-0.00279489;-0.000892957;-8.05431e-05;-0.000527059;0.1631;0.170754;0.176257;0.162885;0.164727;0.166872;0.472455;0.47246;0.472461;0.472455;0.472456;0.47246;1;1;1;1;1;1;
3;-0.00108916;-0.0328561;0.00239044;-0.000429062;-0.000149571;-0.00163767;0.0953416;0.0996438;0.103023;0.0950445;0.0974891;0.0973755;0.275931;0.275937;0.275934;0.275929;0.275931;0.275935;0.764689;0.844372;0.788555;0.421599;0.727592;0.945698;
4;-3.27286e-06;-0.0198225;0.00203082;-0.000825954;0.0005475;-0.0015912;0.0556577;0.0582246;0.0601433;0.055537;0.0569121;0.0569002;0.161149;0.161153;0.161151;0.161147;0.161149;0.161152;0.823649;0.684708;0.912195;0.508096;0.726299;1;
5;0.000875566;-0.0124524;0.00206214;-0.00135848;0.00119589;-0.0018054;0.0322536;0.0342636;0.0348731;0.0326931;0.0329864;0.0334905;0.0941139;0.0941164;0.094115;0.0941126;0.0941143;0.094116;0.76818;0.680976;0.969943;0.529203;0.696253;1;
6;0.00161876;-0.0083795;0.0023117;-0.00190074;0.00180582;-0.00216175;0.0294097;0.0329057;0.034032;0.0305236;0.032345;0.0351263;0.0549648;0.0549663;0.0549658;0.0549639;0.0549654;0.0549662;0.989556;0.660511;1;0.619805;0.693103;1;
7;0.00218868;-0.00613688;0.00259334;-0.00235331;0.00229791;-0.00250575;0.0254267;0.0296527;0.0295719;0.0314663;0.0280659;0.031383;0.032102;0.0321026;0.0321029;0.0321012;0.0321026;0.0321029;1;0.644475;1;0.618871;0.608134;1;
8;0.0024118;-0.00471748;0.00290679;-0.0025079;0.00247558;-0.00257401;0.0245797;0.0297548;0.0284852;0.0296535;0.0289574;0.0336574;0.0187502;0.0187501;0.018751;0.0187493;0.0187509;0.0187506;1;0.633251;1;0.667675;0.834031;1;
9;0.0019469;-0.00329337;0.00223595;-0.00200297;0.00198413;-0.00204159;0.0224116;0.0295453;0.0265435;0.0325903;0.0302012;0.0366567;0.0109528;0.010952;0.0109536;0.0109516;0.0109537;0.0109527;1;0.603599;1;0.474299;0.96717;1;
10;0.000241746;-0.00102803;0.000410529;-0.000274446;0.000263496;-0.000297009;0.0205978;0.0294012;0.0234734;0.0336843;0.0285618;0.0364682;0.00639921;0.00639758;0.00639997;0.0063977;0.00640043;0.00639866;0.822027;0.555517;1;0.500305;1;1;
11;-0.00350486;0.0030457;-0.0034063;0.0034858;-0.00349218;0.00347261;0.0173079;0.0287913;0.024863;0.0364495;0.0285372;0.0398332;0.00374007;0.00373756;0.00792422;0.00373809;0.00842487;0.00373901;0.938594;0.521852;1;0.485432;1;1;
12;-0.0103466;0.0100785;-0.0102891;0.0103355;-0.0103392;0.0103278;0.0162758;0.031331;0.0220053;0.0370698;0.0281602;0.0435745;0.00374861;0.00218379;0.00831124;0.00218484;0.00883013;0.00218551;0.970178;0.484351;1;0.47553;1;0.785922;
13;-0.0215004;0.0213439;-0.0214668;0.021494;-0.0214961;0.0214895;0.01645;0.0302253;0.0180855;0.0380142;0.0291263;0.039763;0.00441566;0.00127641;0.00485713;0.00127766;0.00965442;0.00127832;0.984507;0.475469;1;0.474581;1;0.825343;
14;-0.0380527;0.0379613;-0.0380331;0.038049;-0.0380502;0.0380463;0.0188344;0.0306139;0.0212397;0.0356801;0.0308045;0.0385466;0.00366321;0.000746817;0.00632253;0.0007479;0.00989427;0.000748638;0.943549;0.521786;1;0.474358;1;0.95068;
15;-0.0603042;0.0602508;-0.0602927;0.060302;-0.0603027;0.0603005;0.0232894;0.0269814;0.0271747;0.026888;0.0278702;0.030891;0.00224285;0.00182101;0.00369514;0.00156802;0.00578118;0.00344497;0.845326;0.659443;0.941699;0.523257;0.888431;1;
16;-0.086734;0.0867029;-0.0867273;0.0867328;-0.0867332;0.0867318;0.0431255;0.0263998;0.0474785;0.0115552;0.0344198;0.0177479;0.00131117;0.0147707;0.00215999;0.00630261;0.00337676;0.00849032;0.600897;0.971209;0.681521;0.676561;0.510195;1;
17;-0.113118;0.1131;-0.113114;0.113118;-0.113118;0.113117;0.0580623;0.0134184;0.0606062;-0.026124;0.052978;-0.0225049;0.000765486;0.0219303;0.00126204;0.00830822;0.00197166;0.010561;0.195942;1;0.551389;0.647216;0;1;
18;-0.1328;0.13279;-0.132798;0.1328;-0.1328;0.1328;0.095473;-0.0537131;0.0969586;-0.0768182;0.0925039;-0.074699;0.000446653;0.0366464;0.000736633;0.00485401;0.00115108;0.0102494;0;1;0;0.640138;0;1;
19;-0.138312;0.138306;-0.13831;0.138312;-0.138312;0.138311;0.143539;-0.119139;0.144407;-0.132642;0.141805;-0.1314;0.000260457;0.0214063;0.000429799;0.00283598;0.000671818;0.00598824;0;1;0;0.648183;0;1;
20;-0.123567;0.123564;-0.123566;0.123566;-0.123567;0.123566;0.185951;-0.17169;0.186457;-0.179585;0.184938;-0.178856;0.000151672;0.0125036;0.000250561;0.00165681;0.000391889;0.00349838;0;1;0;0.590926;0;1;
21;-0.0843851;0.0843837;-0.0843847;0.084385;-0.0843852;0.084385;0.214916;-0.19386;0.215212;-0.211197;0.214325;-0.210768;8.81234e-05;0.00730251;0.000145872;0.000967698;0.00022837;0.00204332;0;1;0;0.613477;0;1;
22;-0.0173045;0.017304;-0.0173042;0.0173044;-0.0173046;0.0173044;0.230529;-0.187285;0.230702;-0.228355;0.230184;-0.219157;5.09558e-05;0.00426455;8.46825e-05;0.000564996;0.000132854;0.00119317;0;1;0;0.666539;0;1;
23;0.0725455;-0.0725441;0.0725457;-0.0725459;0.0725457;-0.0725458;0.228759;-0.167776;0.228528;-0.213415;0.228375;-0.203489;2.92679e-05;0.00249089;4.88904e-05;0.000329874;7.70529e-05;0.000697034;0;1;0;0.682475;0;1;
24;0.159618;-0.159618;0.159619;-0.159619;0.159619;-0.159619;0.190824;-0.130537;0.190165;-0.170002;0.193985;-0.179462;1.66558e-05;0.00613005;2.80653e-05;0.000193416;4.44083e-05;0.000407741;0;1;0;0.824096;0;1;
25;0.22249;-0.222491;0.22249;-0.22249;0.222491;-0.22249;0.153333;-0.0824348;0.147422;-0.12053;0.184736;-0.146392;9.39584e-06;0.0139624;1.60388e-05;0.00537256;2.54649e-05;0.00023915;0;1;0;0.911604;0;1;
26;0.261127;-0.261129;0.261127;-0.261128;0.261128;-0.261127;0.143881;-0.0183301;0.13304;-0.0623827;0.16222;-0.100852;4.99342e-06;0.035902;8.99611e-06;0.0169316;1.43545e-05;0.00680631;0;1;0;0.980853;0;1;
27;0.282492;-0.282495;0.282492;-0.282493;0.282493;-0.282492;0.11449;0.0311532;0.108156;0.0156941;0.125197;-0.0279103;0.00667884;0.0358397;4.87108e-06;0.0305777;7.86778e-06;0.0139305;0.708806;1;0;0.780178;0;1;
28;0.292154;-0.292156;0.292154;-0.292155;0.292155;-0.292154;0.0649438;0.0567374;0.061246;0.0624254;0.0711956;0.0659599;0.00621587;0.0209354;0.0222973;0.0178619;0.0205177;0.0479675;0.797325;0.879169;1;0.752133;0.632421;0.970054;
29;0.29273;-0.292908;0.29273;-0.292744;0.290869;-0.29273;-0.006352;0.0774151;-0.00850202;0.0807371;0.000486644;0.0828018;0.0036455;0.0122259;0.0205336;0.0104311;0.0368241;0.0280128;0.83451;0;1;0;1;0.173353;
30;0.283765;-0.283869;0.283765;-0.283774;0.282679;-0.283765;-0.08878;0.130281;-0.0900252;0.132222;-0.0847721;0.133427;0.00213005;0.00713946;0.0218986;0.00609131;0.0362002;0.0163589;0.669979;0;1;0;1;0;
31;0.263376;-0.263436;0.263376;-0.263381;0.262742;-0.263376;-0.158204;0.182442;-0.158925;0.183575;-0.155853;0.184279;0.00124461;0.00416899;0.0127913;0.00355688;0.0211453;0.00955313;0.728781;0;1;0;1;0;
32;0.23181;-0.231846;0.23181;-0.231813;0.23144;-0.23181;-0.204451;0.218607;-0.204866;0.219268;-0.203069;0.219679;0.000727057;0.00243419;0.0074709;0.00207673;0.01235;0.0055785;0.785786;0;1;0;1;0;
33;0.18955;-0.18957;0.18955;-0.189551;0.189334;-0.18955;-0.231698;0.239965;-0.231936;0.240352;-0.209552;0.240592;0.000424463;0.00142103;0.00436279;0.0012123;0.00721175;0.00325732;1;0;1;0;1;0;
34;0.133932;-0.133944;0.133932;-0.133932;0.133806;-0.133932;-0.246031;0.250861;-0.228855;0.251086;-0.203564;0.251226;0.000247559;0.00082932;0.00254753;0.000707442;0.004211;0.00190171;1;0;1;0;1;0;
35;0.0591837;-0.0591911;0.0591838;-0.0591843;0.0591109;-0.0591838;-0.238092;0.250244;-0.224019;0.248753;-0.195379;0.248286;0.00014418;0.000483762;0.00148756;0.000412621;0.00245874;0.00111005;0.669882;0;1;0;1;0;
36;-0.0359183;0.035914;-0.0359182;0.0359179;-0.0359602;0.0359182;-0.22151;0.226415;-0.213831;0.236165;-0.176469;0.235363;8.40396e-05;0.000281942;0.000868801;0.000240455;0.00143565;0.000647729;1;0;1;0;1;0;
37;-0.132208;0.132205;-0.132208;0.132207;-0.132232;0.132208;-0.190444;0.202614;-0.193625;0.204093;-0.143614;0.202116;4.95604e-05;0.000164089;0.000507806;0.000139922;0.000839195;0.000377754;1;0;1;0;1;0;
38;-0.20502;0.205019;-0.20502;0.20502;-0.205035;0.20502;-0.131617;0.166268;-0.156501;0.170351;-0.0975083;0.159774;0.0119615;9.53018e-05;0.00626516;8.14554e-05;0.0100124;0.000220158;1;0;1;0;1;0;
39;-0.250955;0.250954;-0.250955;0.250954;-0.250964;0.250955;-0.0804425;0.157051;-0.115202;0.159435;-0.038917;0.134598;0.0178398;5.51848e-05;0.00366012;4.70038e-05;0.0224487;0.000128324;1;0;1;0;1;0;
40;-0.277083;0.277082;-0.277083;0.277083;-0.27709;0.277083;-0.0109033;0.129442;-0.0556703;0.130835;0.0413056;0.116329;0.0355874;3.17812e-05;0.00213912;0.0101698;0.043595;7.44807e-05;1;0;0.998298;0.689567;1;0;
41;-0.289951;0.289951;-0.289951;0.289951;-0.289955;0.289951;0.0497438;0.0836467;0.0483149;0.0844649;0.0572594;0.0759912;0.0207894;1.85594e-05;0.0407195;0.0114293;0.0254663;0.0231312;1;0.318132;1;0.525291;0.989489;0.989641;
42;-0.293161;0.293161;-0.293161;0.293161;-0.293163;0.293161;0.0659106;0.0169293;0.0614387;0.017401;0.0676497;0.0124566;0.0121414;0.0241826;0.0237818;0.00667781;0.0148722;0.0174563;0.0579187;1;0.943233;0.431496;0;1;
43;-0.287142;0.285885;-0.287142;0.287142;-0.287144;0.286736;0.113789;-0.065395;0.111177;-0.0651339;0.114804;-0.0680109;0.0070901;0.0350217;0.013888;0.0039011;0.00868491;0.0216741;0;1;0;0.381231;0;1;
44;-0.270064;0.269331;-0.270064;0.270064;-0.270065;0.269827;0.169047;-0.140773;0.167522;-0.140632;0.16964;-0.142304;0.00414019;0.0236938;0.00811016;0.00227905;0.00507153;0.0126609;0;1;0;0.497041;0;1;
45;-0.241493;0.241064;-0.241493;0.241492;-0.241493;0.241354;0.210058;-0.193535;0.209167;-0.193462;0.210404;-0.194433;0.00241737;0.0138394;0.00473583;0.00133131;0.0029613;0.00739501;0;1;0;0.640237;0;1;
46;-0.202303;0.202053;-0.202303;0.202303;-0.202303;0.202222;0.235155;-0.211188;0.234635;-0.225462;0.235357;-0.226025;0.00141125;0.00808188;0.00276522;0.000777425;0.00172887;0.00431865;0;1;0;0.744058;0;1;
47;-0.150865;0.150719;-0.150865;0.150864;-0.150865;0.150817;0.248613;-0.205337;0.248309;-0.242952;0.248731;-0.229762;0.00082363;0.00471916;0.00161433;0.00045373;0.0010091;0.00252171;0;1;0;0.812026;0;1;
48;-0.0819839;0.0818994;-0.0819839;0.0819838;-0.0819842;0.0819564;0.251056;-0.197442;0.250837;-0.241638;0.252047;-0.225113;0.0004805;0.00275521;0.000942234;0.000264543;0.000588756;0.00147244;0;1;0;0.846544;0;1;
49;0.00835585;-0.0084047;0.00835583;-0.00835592;0.00835568;-0.00837191;0.240527;-0.182792;0.240007;-0.227343;0.233648;-0.218092;0.000280072;0.00160872;0.000549719;0.000154266;0.000343256;0.000859868;0;1;0;0.95505;0;1;
50;0.107334;-0.107363;0.107334;-0.107335;0.107335;-0.107344;0.212656;-0.153657;0.2112;-0.200233;0.209839;-0.199424;0.00016305;0.000939929;0.000320506;9.0357e-05;0.0001999;0.000502492;0;1;0;0.988835;0;1;
51;0.187852;-0.187869;0.187852;-0.187852;0.187852;-0.187857;0.178663;-0.108779;0.174357;-0.152252;0.174903;-0.166141;9.47545e-05;0.00915836;0.000186689;0.00383034;0.000116174;0.000294289;0;1;0;1;0;1;
52;0.240616;-0.240627;0.240616;-0.240617;0.240617;-0.24062;0.16958;-0.0535986;0.151695;-0.0917164;0.137863;-0.127425;5.48715e-05;0.0190178;0.00010872;0.0175352;6.73753e-05;0.00390601;0;1;0;1;0;1;
53;0.27144;-0.271447;0.271439;-0.27144;0.27144;-0.271441;0.143456;0.0282587;0.133011;-0.0315188;0.124933;-0.0762741;3.16726e-05;0.0430798;6.30449e-05;0.0260906;3.8875e-05;0.00228265;0;1;0;1;0;1;
54;0.287466;-0.287471;0.287466;-0.287467;0.287467;-0.287468;0.100977;0.0618154;0.0948728;0.0362234;0.0901547;0.0292878;0.0153427;0.0379095;0.00574355;0.0452575;2.22628e-05;0.0204479;0.778;1;0.517504;1;0;1;
55;0.293158;-0.293161;0.293158;-0.293158;0.293158;-0.293159;0.0390114;0.0654481;0.035452;0.0677606;0.0337242;0.0767383;0.00896307;0.0221399;0.0197184;0.0264309;0.024377;0.0119438;0.874123;0.125767;1;0.180614;1;0.702422;
56;0.289813;-0.289815;0.288592;-0.289813;0.280609;-0.289813;-0.0413596;0.102365;-0.043427;0.103715;-0.0444317;0.108958;0.00523585;0.0129292;0.0238899;0.0154351;0.0420965;0.00697472;0.854126;0;1;0;1;0;
57;0.275955;-0.275956;0.275242;-0.275955;0.27058;-0.275955;-0.121498;0.157126;-0.122698;0.157915;-0.123281;0.160977;0.00305872;0.00755018;0.0139555;0.00901362;0.0250986;0.00407281;0.712775;0;1;0;0.99914;0;
58;0.250436;-0.250437;0.25002;-0.250436;0.247297;-0.250436;-0.18104;0.201847;-0.181734;0.202308;-0.182071;0.204096;0.00178675;0.00440882;0.00815158;0.00526346;0.0146599;0.00237804;0.756966;0;1;0;1;0;
59;0.214179;-0.214179;0.213936;-0.214179;0.212346;-0.214179;-0.218234;0.230386;-0.218634;0.230655;-0.212719;0.231699;0.0010435;0.00257422;0.00476073;0.00307335;0.00856141;0.00138829;0.806653;0;1;0;1;0;
60;0.166496;-0.166496;0.166354;-0.166496;0.165426;-0.166496;-0.239197;0.246295;-0.230605;0.246452;-0.207793;0.247062;0.000609172;0.0015028;0.00277984;0.00179428;0.00499909;0.000810232;0.873409;0;1;0;1;0;
61;0.103062;-0.103062;0.102979;-0.103062;0.102437;-0.103062;-0.245934;0.253421;-0.227289;0.253513;-0.200489;0.253715;0.000355338;0.00087707;0.00162318;0.00104732;0.00291884;0.000472618;0.886191;0;1;0;1;0;
62;0.0184138;-0.0184143;0.0183655;-0.0184139;0.0180499;-0.0184139;-0.233006;0.237726;-0.220338;0.244292;-0.187835;0.243665;0.000207217;0.000511635;0.000947824;0.000611116;0.00170416;0.000275482;0.97815;0;1;0;1;0;
63;-0.0808908;0.0808903;-0.0809189;0.0808907;-0.0811026;0.0808906;-0.206597;0.216725;-0.205321;0.22675;-0.162194;0.226412;0.000121082;0.000298245;0.000553749;0.000356362;0.000995696;0.000160333;1;0;1;0;1;0;
64;-0.168493;0.168493;-0.16851;0.168493;-0.168617;0.168493;-0.166008;0.184201;-0.178065;0.218926;-0.121505;0.218729;7.16379e-05;0.000173636;0.000324085;0.000207618;0.00709318;9.31281e-05;1;0;1;0;1;0;
65;-0.228615;0.228615;-0.228625;0.228615;-0.228688;0.228615;-0.109559;0.145395;-0.139808;0.198122;-0.0602684;0.198006;0.0110131;0.000100903;0.00471767;0.000120788;0.0221121;5.39145e-05;1;0;1;0;1;0;
66;-0.264692;0.264691;-0.264697;0.264691;-0.264735;0.264691;-0.050074;0.135551;-0.0915426;0.166343;-0.00490654;0.166276;0.0283715;5.84406e-05;0.00275654;7.01038e-05;0.0295419;3.10854e-05;1;0;0.984132;0;1;0;
67;-0.284217;0.284217;-0.28422;0.284216;-0.284243;0.284216;0.0299514;0.104717;-0.00531973;0.122702;0.0493747;0.12266;0.0335518;3.36821e-05;0.0310249;0.00909071;0.0409521;1.77897e-05;1;0;0.999473;0.530214;1;0;
68;-0.292489;0.292489;-0.292491;0.292489;-0.292504;0.292489;0.0649489;0.0525074;0.0767987;0.0630081;0.0670927;0.0629863;0.0195971;0.0261354;0.0257406;0.00533565;0.0239201;0.0280779;0.831216;0.872089;1;0.653812;0.610238;1;
69;-0.291686;0.279754;-0.291628;0.291686;-0.29173;0.291686;0.0900285;-0.0214182;0.0969489;-0.015301;0.0912805;-0.0153026;0.0114442;0.0323123;0.0150321;0.00451935;0.0139688;0.020874;0;1;0;0.561691;0;1;
70;-0.280941;0.273973;-0.280907;0.280941;-0.280967;0.280941;0.142961;-0.102879;0.147003;-0.0993196;0.143693;-0.0993116;0.00668293;0.0250118;0.00877824;0.00264046;0.00815731;0.0133054;0;1;0;0.578689;0;1;
71;-0.258577;0.254508;-0.258557;0.258577;-0.258592;0.258577;0.191594;-0.168175;0.193955;-0.166107;0.192021;-0.166096;0.00390235;0.0146103;0.00512602;0.00154263;0.00476341;0.00777235;0;1;0;0.454226;0;1;
72;-0.225211;0.222835;-0.2252;0.225211;-0.22522;0.225212;0.224213;-0.210528;0.225592;-0.209328;0.224463;-0.209316;0.00227847;0.00853286;0.00299308;0.000901042;0.00278132;0.00453959;0;1;0;0.53776;0;1;
73;-0.180948;0.17956;-0.180941;0.180948;-0.180953;0.180948;0.243061;-0.207593;0.243865;-0.234367;0.243206;-0.233792;0.00133011;0.00498243;0.00174744;0.000526037;0.00162374;0.00265081;0;1;0;0.681364;0;1;
74;-0.12247;0.12166;-0.122466;0.12247;-0.122473;0.12247;0.252263;-0.202251;0.252733;-0.247185;0.252348;-0.228178;0.000776243;0.00290912;0.00101995;0.000306853;0.0009477;0.00154776;0;1;0;0.817914;0;1;
75;-0.0438945;0.0434223;-0.0438922;0.0438945;-0.0438967;0.0438946;0.245984;-0.193501;0.245463;-0.235907;0.246006;-0.222919;0.000452808;0.00169839;0.000595113;0.000178834;0.000552892;0.000903708;0;1;0;0.86877;0;1;
76;0.0534504;-0.0537255;0.0534518;-0.0534505;0.053449;-0.0534504;0.232614;-0.17264;0.23198;-0.21641;0.223578;-0.211387;0.000263927;0.000991611;0.000347012;0.000104337;0.000322324;0.00052787;0;1;0;0.828737;0;1;
77;0.146925;-0.147086;0.146926;-0.146925;0.146924;-0.146925;0.19477;-0.139733;0.195031;-0.178097;0.194655;-0.185851;0.000153685;0.000580406;0.000202122;6.16222e-05;0.000187656;0.000308824;0;1;0;0.963504;0;1;
78;0.214778;-0.214873;0.214779;-0.214778;0.214778;-0.214778;0.158505;-0.0859038;0.156023;-0.122902;0.160292;-0.147865;8.92846e-05;0.00646846;0.000117558;0.00991081;0.000109055;0.00101422;0;1;0;1;0;1;
79;0.256704;-0.256761;0.256705;-0.256704;0.256704;-0.256704;0.149023;-0.0271956;0.147574;-0.0706848;0.150067;-0.106904;5.17133e-05;0.0229155;6.82702e-05;0.0211098;6.32196e-05;0.00289278;0;1;0;1;0;1;
80;0.280131;-0.280166;0.280132;-0.280132;0.280131;-0.280132;0.120244;0.0434573;0.119396;0.000851526;0.120852;-0.0381592;0.0138573;0.0386225;3.95267e-05;0.0239604;3.64562e-05;0.0191854;0.677713;1;0;1;0;1;
81;0.29115;-0.29117;0.29115;-0.29115;0.29115;-0.29115;0.07208;0.0657769;0.0715845;0.0585102;0.072433;0.0550941;0.0080949;0.0225618;0.0155634;0.0237753;0.0169477;0.0480137;0.724212;0.99691;0.930128;0.978171;0.520911;1;
82;0.292813;-0.292825;0.292813;-0.292813;0.281338;-0.292813;0.0023899;0.0781208;0.00210784;0.0738774;0.00437285;0.0718843;0.00472988;0.0131757;0.0189556;0.0138844;0.0336519;0.0280405;0.719177;0;1;0;1;0.463089;
83;0.285021;-0.285028;0.285021;-0.285021;0.2762;-0.285021;-0.0802576;0.127277;-0.0804119;0.124798;-0.0790853;0.123634;0.0027634;0.00769413;0.0203505;0.00810804;0.0340097;0.0163751;0.692933;0;1;0;1;0;
84;0.265889;-0.265893;0.265889;-0.265889;0.260738;-0.265889;-0.151995;0.179455;-0.152078;0.178008;-0.151299;0.177328;0.00161459;0.00449293;0.0118874;0.00473462;0.0198662;0.00956259;0.744482;0;1;0;1;0;
85;0.23544;-0.235443;0.23544;-0.23544;0.232432;-0.23544;-0.200607;0.216644;-0.20065;0.215799;-0.200192;0.215402;0.000943168;0.00262337;0.00694311;0.00276453;0.0116029;0.00558404;0.749295;0;1;0;1;0;
86;0.194343;-0.194345;0.194344;-0.194343;0.192587;-0.194343;-0.229535;0.238902;-0.229556;0.238409;-0.210723;0.238177;0.000550698;0.00153151;0.00405463;0.00161398;0.00677549;0.00326056;0.836977;0;1;0;1;0;
87;0.140326;-0.140327;0.140326;-0.140326;0.139301;-0.140326;-0.244987;0.250458;-0.229082;0.25017;-0.204813;0.250034;0.000321294;0.000893844;0.00236752;0.000942017;0.00395616;0.00190361;0.772052;0;1;0;1;0;
88;0.0677847;-0.0677855;0.0677849;-0.0677848;0.0671864;-0.0677848;-0.238996;0.250569;-0.22473;0.249799;-0.196305;0.250047;0.000187231;0.000521437;0.00138244;0.00054961;0.00230989;0.00111115;0.967459;0;1;0;1;0;
89;-0.0257064;0.0257059;-0.0257063;0.0257064;-0.0260552;0.0257063;-0.223764;0.229609;-0.215361;0.237735;-0.179071;0.236762;0.000109147;0.000303949;0.000807358;0.000320451;0.00134867;0.000648383;0.958345;0;1;0;1;0;
90;-0.123251;0.123251;-0.123251;0.123251;-0.123455;0.123251;-0.193701;0.205858;-0.195651;0.206016;-0.147253;0.206067;6.4143e-05;0.000176945;0.000471895;0.000186632;0.000788238;0.000378123;1;0;1;0;1;0;
91;-0.198942;0.198942;-0.198942;0.198942;-0.199062;0.198942;-0.140154;0.170933;-0.160026;0.167973;-0.102613;0.168288;0.00876847;0.000102774;0.00305889;0.000108594;0.0121696;0.000220335;1;0;1;0;1;0;
92;-0.247327;0.247327;-0.247327;0.247327;-0.247397;0.247327;-0.0860297;0.161526;-0.118398;0.158917;-0.0373608;0.159704;0.0168726;5.95602e-05;0.00178766;6.2953e-05;0.0199807;0.000128264;1;0;1;0;1;0;
93;-0.275124;0.275124;-0.275123;0.275123;-0.275166;0.275123;-0.0245416;0.134585;-0.069682;0.133062;0.0310662;0.133521;0.0195185;3.43081e-05;0.0128437;3.63961e-05;0.0392826;7.45576e-05;1;0;1;0.028064;1;0;
94;-0.289121;0.289121;-0.289121;0.28912;-0.289146;0.289121;0.0460529;0.0901145;0.0446834;0.0892307;0.0600557;0.0894945;0.0239616;1.9594e-05;0.0320455;0.00748858;0.0308624;0.0102012;1;0;1;0.564298;1;0.641642;
95;-0.293238;0.291226;-0.293238;0.293238;-0.293253;0.293238;0.0770921;0.0276586;0.0870438;0.0246578;0.0524447;0.0248188;0.0139937;0.0314212;0.0187161;0.00437606;0.0180236;0.0238669;0;1;0.706169;0.521632;0.302023;1;
96;-0.288223;0.284747;-0.288223;0.288223;-0.288232;0.288223;0.116344;-0.0551537;0.122155;-0.0569211;0.10195;-0.0568161;0.00817182;0.0371682;0.0109297;0.00255691;0.0105254;0.0178366;0;1;0;0.474613;0;1;
97;-0.27234;0.270311;-0.27234;0.27234;-0.272345;0.27234;0.168791;-0.133044;0.172185;-0.134088;0.160385;-0.134019;0.0047719;0.021711;0.00638246;0.00149409;0.00614638;0.0104199;0;1;0;0.474768;0;1;
98;-0.244882;0.243697;-0.244882;0.244882;-0.244885;0.244882;0.209519;-0.188632;0.211501;-0.189251;0.204609;-0.189205;0.00278631;0.0126811;0.00372686;0.000872916;0.003589;0.00608649;0;1;0;0.667507;0;1;
