1;-0.000363588;0.000116064;9.94838e-05;-0.000363588;0.000116064;9.94838e-05;0.0349769;0.0347456;0.0352595;0.0349769;0.0347456;0.0352594;0.808667;0.808665;0.808666;0.808667;0.808665;0.808666;0;0;0;0;0;0;
2;0.0331939;-0.011062;-0.019629;0.0165133;0.0101895;0.0035561;0.0451024;0.0914225;0.0771978;0.0981391;0.112914;-0.0694005;0.472309;0.472308;0.472302;0.472295;0.47228;0.472372;1;1;1;1;1;0;
3;0.043833;-0.0477247;-0.0380531;0.053721;0.00637596;-0.0066691;0.0264254;0.0662057;0.078529;0.0713403;0.0784038;-0.0406163;0.275835;0.275846;0.275841;0.275836;0.275825;0.275863;1;0;0;0.491948;0;0;
4;0.0536836;-0.0285085;-0.0223687;0.0321701;0.00826622;-0.00452988;0.0277834;0.0386908;0.0458355;0.0416919;0.0457643;-0.0236941;0.161091;0.161096;0.161095;0.161091;0.161085;0.161102;0;0;0;1;0;0;
5;0.0333008;-0.0188085;-0.0121875;0.017911;0.00937343;-0.00354508;0.0159718;0.0228511;0.0265111;0.0246018;0.0264728;-0.0135834;0.0940779;0.0940816;0.0940793;0.0940759;0.0940744;0.0940822;0;0;0;0.52725;0;0;
6;0.0205568;-0.0120917;-0.00601023;0.00935244;0.00658148;-0.00351875;0.00866942;0.0140015;0.014823;0.0150237;0.0148017;-0.00727613;0.0549413;0.054943;0.0549417;0.0549392;0.054939;0.054943;0;0;0;0.510342;0;0;
7;0.0132501;-0.00830488;-0.00617174;0.00421886;0.00517558;-0.00375747;0.00376178;-0.0166299;0.0184936;0.0100738;0.00734371;-0.00464613;0.0320855;0.0320864;0.0320869;0.0320842;0.0320846;0.0320862;0;0;1;0.503822;0;0.152021;
8;0.00887232;-0.00598377;-0.00247116;0.0121034;0.00473827;-0.00332798;-0.00262818;-0.00746602;0.0237338;0.0193646;0.00158987;0.013011;0.0187377;0.0187381;0.0187409;0.018738;0.0187373;0.0187393;0;0;1;0.0744824;0;1;
9;0.00603984;-0.00403304;-0.00156516;0.00891235;0.00316261;-0.010873;-0.0169364;-0.000827734;0.0267639;0.0171753;-0.0182327;0.0324541;0.0109426;0.0109428;0.0109473;0.0109439;0.0109425;0.0109459;0;0;1;0;0;1;
10;0.00263273;-0.00146016;0.00294561;0.0114803;0.000951283;-0.0054558;-0.0173624;0.00458949;0.02404;0.0187052;-0.0193454;0.0403872;0.00639035;0.00639032;0.00639614;0.00639191;0.00639027;0.00639595;0;0;1;0;0;1;
11;-0.00210817;0.00279317;-0.00168473;0.0205563;-0.00309062;-0.000864009;-0.0269548;0.00576678;0.0202917;0.0281625;-0.0272463;0.0481636;0.0037318;0.0037317;0.00373802;0.00373357;0.00373199;0.00958541;0;0;1;0;0;0;
12;-0.00953031;0.00993079;-0.00907372;0.0316537;-0.0101049;0.0077932;-0.0246793;0.0117169;0.0146678;0.0306059;-0.0282304;0.0647154;0.00217928;0.00217908;0.00311111;0.00218129;0.00217917;0.0118351;0;0;1;0;0;0;
13;-0.0210235;0.0212575;-0.0207548;0.0481074;-0.0213594;0.0200075;-0.0357819;0.00640975;0.00670228;0.0269384;-0.0310084;0.0633931;0.0012725;0.00127228;0.00181895;0.00127469;0.0012724;0.0155496;0;0;1;0;0;0;
14;-0.0377736;0.0379108;-0.0376151;0.0535915;-0.0379674;0.0371787;-0.0279523;0.00690925;0.00644885;0.0200801;0.000670624;0.044076;0.000742753;0.000742764;0.00106368;0.000744644;-0.00658656;0.00908238;0.323041;0.00417781;1;0;1;0.530848;
15;-0.0601386;0.0602181;-0.0600463;0.0693784;-0.0602506;0.0597903;-0.0166045;0.00932929;0.0154812;0.0128611;0.0154513;0.0293582;0.000434292;0.000434491;0.000621732;0.00043484;-0.00384755;0.00743313;1;0.540032;1;0.396878;0.953088;1;
16;-0.0866344;0.0866794;-0.0865809;0.0920319;-0.0866982;0.0864304;0.00174088;0.00564837;0.0324455;-0.00392155;0.0204598;0.0119013;0.000254531;0.00571247;0.00036248;0.000255585;-0.00224792;0.011072;1;0.944356;0.970598;0.783267;0.723953;1;
17;-0.113057;0.113082;-0.113026;0.116212;-0.113097;0.11294;0.0338946;-0.00444439;0.0518264;-0.0351626;0.0448252;-0.0200359;-0.000180585;0.0195821;0.000210957;0.00392269;-0.00497034;0.0202392;0.492665;1;0.786498;1;0;1;
18;-0.132765;0.132779;-0.132746;0.134607;-0.132788;0.132695;0.0813594;-0.024328;0.0918315;-0.0820931;0.0877426;-0.0732542;-0.000105778;0.0430983;-0.00135041;0.0145203;-0.00290305;0.0234492;0;1;0.101467;1;0;1;
19;-0.138291;0.138299;-0.13828;0.139366;-0.138304;0.13825;0.135297;-0.0537028;0.141413;-0.135718;0.139025;-0.127547;-6.2142e-05;0.0593895;-0.000789023;0.0168763;-0.00169579;0.0227321;0;1;0;1;0;1;
20;-0.123556;0.12356;-0.123548;0.124182;-0.123563;0.123531;0.181137;-0.0908584;0.184709;-0.181375;0.183314;-0.161718;-3.65752e-05;0.0526288;-0.000461256;0.0194515;-0.000991233;0.0184098;0;1;0;1;0;1;
21;-0.08438;0.0843825;-0.0843746;0.0847456;-0.0843878;0.0843666;0.212105;-0.12779;0.214191;-0.205258;0.213374;-0.164232;-2.16877e-05;0.0349253;-0.000269837;0.0171656;-0.00525834;0.0193451;0;1;0;1;0;1;
22;-0.0173017;0.017304;-0.0172986;0.0175163;-0.0173121;0.0172966;0.228888;-0.140079;0.230106;-0.220115;0.229628;-0.176644;-1.30943e-05;0.0204021;-0.000158034;0.0100279;-0.00861795;0.0128772;0;1;0;0.97097;0;1;
23;0.072547;-0.0725454;0.0725488;-0.0724189;0.0725262;-0.0725426;0.230295;-0.143285;0.23009;-0.223696;0.227328;-0.169025;-8.11771e-06;0.0119185;-9.27622e-05;0.0058557;-0.00503359;0.00921461;0.806667;1;0;0.957577;0;1;
24;0.159619;-0.159618;0.15962;-0.159543;0.159598;-0.159611;0.192823;-0.133169;0.19551;-0.197635;0.190997;-0.152708;0.00468005;0.00696091;-5.46593e-05;-0.01561;-0.0029408;0.0297456;0;1;0;0.874486;0;1;
25;0.222491;-0.222491;0.222491;-0.222446;0.222477;-0.222486;0.185852;-0.117474;0.187422;-0.16504;0.156481;-0.128479;0.00273258;-0.00154094;-3.243e-05;-0.0102185;-0.00171849;0.0173706;0;1;0;1;0;1;
26;0.261128;-0.26113;0.261128;-0.261102;0.26112;-0.261126;0.162872;-0.0804491;0.163789;-0.112694;0.145719;-0.0913927;0.00159538;-0.0262489;-1.93619e-05;-0.0196989;-0.00100403;0.010145;0;1;0;1;0;1;
27;0.282493;-0.282495;0.282493;-0.282478;0.282488;-0.282492;0.125578;-0.0296059;0.126113;-0.0918089;0.115561;-0.0589273;0.000931284;-0.0228235;-1.17064e-05;-0.0115055;-0.000586778;0.00592276;0;1;0;1;0;1;
28;0.292154;-0.292156;0.292155;-0.292146;0.292152;-0.292155;0.071414;-0.00359682;0.0717267;-0.0516927;0.065564;-0.0324892;0.000543525;-0.0133321;-7.1886e-06;-0.00672135;-0.000343064;0.00345873;0.0268499;1;0;0.878949;0;1;
29;0.29273;-0.300009;0.292599;-0.297267;0.284774;-0.295546;-0.00257349;0.0421791;-0.00238959;0.0140921;-0.0059899;0.0253089;0.00667882;-0.0201949;0.0135782;-0.00730666;0.03435;-0.00287108;1;0.108507;1;0.456905;0.704017;0.983854;
30;0.283765;-0.288016;0.283689;-0.286415;0.273482;-0.28541;-0.086567;0.109703;-0.086452;0.0933012;-0.0609626;0.0998519;0.0302399;-0.0117942;0.0445599;-0.0042674;0.0541344;-0.00419501;1;0;1;0;1;0;
31;0.263376;-0.265858;0.263332;-0.264926;0.25737;-0.264338;-0.156906;0.170425;-0.147329;0.160845;-0.102323;0.164672;0.0279916;-0.00688825;0.0369074;-0.00249335;0.0542897;-0.00244978;1;0;1;0;1;0;
32;0.231812;-0.233262;0.231787;-0.232721;0.228305;-0.232373;-0.203688;0.211589;-0.175149;0.205992;-0.132701;0.208229;0.0190006;-0.0040228;0.0219321;-0.00145831;0.0376912;-0.00143064;1;0;1;0;1;0;
33;0.189553;-0.190403;0.189539;-0.190088;0.187506;-0.189879;-0.23125;0.235867;-0.188012;0.232597;-0.154431;0.233905;0.0111006;-0.00234913;0.012813;-0.00376351;0.0221128;-0.000835954;1;0;1;0;1;0;
34;0.133936;-0.134432;0.133928;-0.134252;0.132743;-0.134124;-0.245479;0.248468;-0.199142;0.244679;-0.16785;0.247322;0.00648528;-0.00137216;0.00748558;-0.00623157;0.0129186;-0.000488545;1;0;1;0;1;0;
35;0.0591876;-0.0594763;0.0591844;-0.0593711;0.0584932;-0.0592967;-0.240452;0.249035;-0.1938;0.250623;-0.181291;0.252167;0.00378861;-0.000801786;0.00437298;-0.00363969;0.00754538;-0.000285346;1;0;1;0;1;0;
36;-0.0359132;0.0357425;-0.0359143;0.0357992;-0.0363127;0.0358504;-0.224913;0.260046;-0.198616;0.237711;-0.182871;0.254447;0.00374664;0.00623933;0.00255399;-0.00212563;0.00440555;-0.000165615;1;0;1;0;1;0;
37;-0.1322;0.132095;-0.132201;0.132127;-0.132429;0.132167;-0.212388;0.244427;-0.193758;0.203672;-0.16044;0.241152;0.0021884;0.0131561;-0.0044115;-0.0012419;-0.00855418;-9.78016e-05;1;0;1;0;1;0;
38;-0.205011;0.204945;-0.205013;0.204968;-0.205145;0.204997;-0.201573;0.220709;-0.158549;0.166232;-0.131204;0.218796;0.00127734;0.0080642;-0.0154419;-0.00955164;-0.01754;-5.81167e-05;1;0;1;0;1;0;
39;-0.250946;0.250905;-0.250947;0.250924;-0.251026;0.250941;-0.177669;0.188843;-0.1192;0.144634;-0.089417;0.187727;-0.00688968;0.00470761;-0.0160592;-0.00557879;-0.0229822;-3.44977e-05;1;0;1;0;1;0;
40;-0.277076;0.277051;-0.277078;0.277064;-0.277124;0.277075;-0.141483;0.148007;-0.101891;0.12219;-0.0411256;0.147356;-0.0131817;0.00274796;-0.00937993;-0.00325882;-0.0279101;-2.04791e-05;1;0;1;0;1;0;
41;-0.289947;0.289932;-0.289948;0.289941;-0.289976;0.289946;-0.0906796;0.0944878;-0.0675555;0.0794112;0.00298109;0.0941078;-0.0107844;0.00160427;-0.00547979;-0.00190301;-0.0200263;-1.23427e-05;1;0;1;0;1;0;
42;-0.293203;0.29315;-0.293159;0.293312;-0.307123;0.293158;-0.0210262;0.023248;-0.00752076;0.014445;0.0336702;0.0230291;-0.0119823;0.000936593;-0.0072201;-0.00107597;-0.0220698;0.00936668;0.939738;0;1;0.468491;0.780012;1;
43;-0.287167;0.287619;-0.286571;0.254603;-0.295434;0.145473;0.0630172;-0.0604278;0.0709048;-0.0668553;0.0915648;-0.0746886;-0.00878705;0.0910982;-0.00548692;0.041628;-0.012889;0.021592;1;1;0;0.886726;0;1;
44;-0.270079;0.270342;-0.269731;0.241869;-0.274907;0.187329;0.139397;-0.0931421;0.144003;-0.14163;0.156068;-0.129858;-0.00513185;0.0572744;-0.00320469;0.0395238;-0.00752773;0.0424128;1;1;0;0.514292;0;1;
45;-0.241501;0.241656;-0.241298;0.225028;-0.244322;0.193175;0.192742;-0.123329;0.195432;-0.194041;0.202478;-0.172055;-0.00299743;0.0518719;-0.00187202;0.023089;-0.00439705;0.0247762;0;1;0;0.575074;0;1;
46;-0.202308;0.202398;-0.202189;0.19269;-0.20396;0.174086;0.225043;-0.161457;0.226613;-0.225796;0.230726;-0.173171;-0.00175093;0.0304455;-0.00109371;0.0160049;-0.00257041;0.0209018;0;1;0;0.580191;0;1;
47;-0.150868;0.15092;-0.150798;0.145253;-0.151839;0.134388;0.242707;-0.179433;0.243625;-0.243144;0.245414;-0.179313;-0.00102301;0.0177838;-0.000639194;0.00935041;-0.00511451;0.0164227;0;1;0;0.687657;0;1;
48;-0.0821028;0.0813268;-0.0819454;0.0776028;-0.0836383;0.0722232;0.240118;-0.190065;0.247445;-0.246577;0.23627;-0.18917;-0.000597851;0.0103674;-0.000373741;0.0178551;-0.0118502;0.0350613;0;1;0;0.99781;0;1;
49;0.00828623;-0.00873754;0.00837807;-0.0109124;0.00738361;-0.0140547;0.23658;-0.181008;0.239844;-0.230587;0.219718;-0.186657;-0.000349677;0.0050917;-0.000218776;0.0104274;-0.0187694;0.0204777;0;1;0;0.844294;0;1;
50;0.107293;-0.107557;0.107347;-0.108824;0.106754;-0.110658;0.216288;-0.155901;0.216475;-0.22369;0.219311;-0.178537;-0.00020467;-0.0181213;-0.00012827;0.00608697;-0.0109617;0.01196;0;1;0;0.882346;0;1;
51;0.187828;-0.187982;0.187859;-0.188718;0.187502;-0.189789;0.208681;-0.129733;0.20879;-0.213005;0.204372;-0.159887;-0.000120014;-0.0105826;-7.537e-05;-0.013905;-0.0064027;0.00698427;0;1;0;1;0;1;
52;0.240602;-0.240692;0.240621;-0.241122;0.240408;-0.241746;0.18711;-0.101904;0.187174;-0.189635;0.184591;-0.125975;-7.05684e-05;-0.00636574;-4.44803e-05;-0.00812371;-0.00505451;-0.00862698;0;1;0;1;0;1;
53;0.271431;-0.271484;0.271442;-0.271735;0.271316;-0.2721;0.153693;-0.0608605;0.153731;-0.155166;0.152222;-0.0992862;-4.16736e-05;-0.0271929;-2.64256e-05;-0.0075055;-0.00295333;-0.00503975;0;1;0;1;0;1;
54;0.287462;-0.287494;0.287468;-0.28764;0.287395;-0.287853;0.106951;-0.0117756;0.106972;-0.107811;0.106091;-0.0751767;-2.47243e-05;-0.0191381;-1.58148e-05;-0.0101316;-0.00172505;-0.0029442;0;1;0;0.995;0;1;
55;0.293155;-0.302801;0.292191;-0.304805;0.293117;-0.310367;0.0424952;0.0130865;0.0425071;-0.0429989;0.041993;-0.0239391;-1.40561e-05;-0.011181;0.0014815;-0.0101053;-0.00100672;-0.00588146;0.712683;0.943924;0.14844;0.548969;0;1;
56;0.289811;-0.295609;0.288684;-0.297036;0.286185;-0.299864;-0.0393239;0.0717852;-0.0393129;0.0390314;-0.0396117;0.050163;0.0145465;-0.00653032;0.0240965;-0.00856227;0.0560268;-0.00638496;1;0;1;0.102476;1;0.607463;
57;0.275953;-0.279339;0.275294;-0.280175;0.273833;-0.281825;-0.120303;0.139266;-0.120248;0.120139;-0.0907368;0.126641;0.0332483;-0.0100761;0.0425385;-0.00500103;0.0551129;-0.00372914;1;0;1;0;1;0;
58;0.250435;-0.252412;0.25005;-0.252906;0.249196;-0.253864;-0.180338;0.191417;-0.166372;0.180246;-0.125939;0.184044;0.0197903;-0.00588487;0.0293921;-0.00292244;0.0458672;-0.00217824;1;0;1;0;1;0;
59;0.214179;-0.215333;0.213955;-0.215628;0.213456;-0.216181;-0.217822;0.224295;-0.189448;0.217769;-0.151592;0.219989;0.0119873;-0.00343723;0.0171702;-0.00170914;0.0312506;-0.00127253;1;0;1;0;1;0;
60;0.166497;-0.16717;0.166367;-0.16735;0.166077;-0.167665;-0.238955;0.242738;-0.20388;0.238925;-0.166798;0.240223;0.00700361;-0.00200786;0.0100299;-0.00476337;0.0182563;-0.000743634;1;1;1;0;1;0;
61;0.103063;-0.103456;0.102988;-0.103564;0.102819;-0.103745;-0.245685;0.251344;-0.203256;0.241063;-0.18227;0.249875;0.0040916;-0.00117312;0.0058583;-0.0075696;0.0106645;-0.000434805;1;0;1;0;1;0;
62;0.0184147;-0.0186442;0.0183713;-0.0187109;0.0182749;-0.0188127;-0.233469;0.243187;-0.206784;0.246482;-0.187703;0.243512;0.00238915;-0.000685635;0.00342196;-0.00442075;0.00622791;-0.000254513;1;0;1;0;1;0;
63;-0.0808899;0.0807555;-0.0809153;0.0807067;-0.0809629;0.0806572;-0.197881;0.219061;-0.200914;0.220102;-0.186281;0.218984;0.0139878;-0.000400961;0.00173441;-0.00258162;-0.00982675;-0.00243365;1;0;1;0;1;0;
64;-0.168491;0.168414;-0.168507;0.168377;-0.168529;0.168357;-0.170042;0.189469;-0.188773;0.177237;-0.150369;0.19391;0.0081716;-0.000234743;-0.0146941;-0.010722;-0.0261503;-0.00142189;1;0;1;0;1;0;
65;-0.228613;0.228569;-0.228623;0.228545;-0.228636;0.228535;-0.126014;0.180919;-0.161813;0.143666;-0.118245;0.183512;0.00154724;-0.000137524;-0.00858392;-0.0134789;-0.0490301;-0.000830871;1;0;1;0;1;0;
66;-0.264691;0.264665;-0.264697;0.264651;-0.264706;0.264645;-0.0991465;0.156297;-0.145139;0.134542;-0.0743146;0.157812;-0.00810071;-8.08125e-05;-0.00501413;-0.00787195;-0.0286382;-0.000485622;1;0;1;0;1;0;
67;-0.284217;0.284201;-0.28422;0.284193;-0.284228;0.284189;-0.0834565;0.116832;-0.110317;0.104127;-0.0273932;0.117717;-0.00473243;-4.76076e-05;-0.00634117;-0.00459755;-0.0177354;-0.000284014;1;0;1;0;1;0;
68;-0.29249;0.29248;-0.292491;0.292475;-0.293759;0.292473;-0.0400847;0.0595747;-0.0557713;0.052155;-0.00734234;0.0600912;-0.00413485;-2.81564e-05;-0.0072623;-0.00268529;-0.0103605;-0.000166208;1;0;1;0;1;0;
69;-0.293714;0.282439;-0.292897;0.28382;-0.303907;0.286741;0.0286891;-0.0173022;0.0195289;-0.021638;0.0478099;-0.0170036;-0.00813153;0.0421122;-0.00882215;0.00893156;-0.0208602;0.00490434;1;1;0.82087;0.90116;0;1;
70;-0.282125;0.268382;-0.281648;0.276347;-0.288267;0.278052;0.10714;-0.0839938;0.10179;-0.103015;0.118305;-0.100301;-0.00474916;0.0593899;-0.00515248;0.0313141;-0.0121835;0.0479948;0;1;0;0.559786;0;1;
71;-0.259269;0.251241;-0.25899;0.255895;-0.262862;0.256891;0.170675;-0.125426;0.16755;-0.16826;0.177194;-0.150419;-0.00277388;0.0469147;-0.00300943;0.0251263;-0.00711698;0.0400226;0;1;0;0.430972;0;1;
72;-0.226801;0.221475;-0.225453;0.224952;-0.230732;0.885419;0.211996;-0.158808;0.210172;-0.199718;0.215803;1.44239;-0.00162049;0.0330928;-0.00175804;0.0152116;-0.0041581;-0.943868;0;1;0;0.72208;0;1;
73;-0.181877;0.178764;-0.181089;0.180796;-0.184178;0.0833392;0.235925;-0.200837;0.23486;-0.22029;0.238147;0.698194;-0.000946797;0.0217045;-0.00102713;0.0137303;-0.00243033;-0.551499;0;1;0;1;0;0;
74;-0.123012;0.121195;-0.122552;0.122383;-0.124363;0.0620682;0.248096;-0.216926;0.247474;-0.230987;0.247011;0.297483;-0.000553437;0.0126782;-0.000600354;0.00802026;-0.00211414;-0.322141;0;1;0;1;0;0;
75;-0.044212;0.0431536;-0.0439434;0.0438474;-0.0450074;0.00861782;0.249455;-0.193879;0.249126;-0.240854;0.226751;0.0667348;-0.000323651;0.00740362;-0.000351038;-0.00203887;-0.0111777;-0.188138;0;1;0;0.907179;0;1;
76;0.0532646;-0.0538787;0.0534216;-0.0534759;0.0527928;-0.0740502;0.227856;-0.147801;0.22668;-0.253774;0.233403;-0.0619957;-0.000189542;0.0083024;-0.000205619;-0.0117713;-0.00652749;-0.109866;0;1;0;0.715415;0;1;
77;0.146816;-0.147171;0.146908;-0.146937;0.146525;-0.15895;0.199421;-0.123445;0.197719;-0.23939;0.181386;-0.126519;-0.00011125;0.0070544;-0.000120612;-0.0192017;-0.0147669;-0.064154;0;1;0;0.863181;0;1;
78;0.214715;-0.21492;0.214768;-0.214784;0.214538;-0.221799;0.191521;-0.102449;0.190527;-0.214862;0.150605;-0.128614;-6.54368e-05;0.00411938;-7.08835e-05;-0.0113202;-0.0138559;-0.0374639;0;1;0;1;0;1;
79;0.256667;-0.256784;0.256694;-0.256706;0.256561;-0.260803;0.168305;-0.0737466;0.167722;-0.181933;0.114589;-0.110807;-3.86719e-05;-0.0120222;-0.00272998;-0.00721962;-0.008094;-0.0218802;0;1;0;1;0;1;
80;0.28011;-0.280178;0.280124;-0.280132;0.280046;-0.282526;0.131502;-0.0334194;0.131163;-0.139459;0.100132;-0.0966005;-2.30078e-05;-0.0304978;-0.00159446;-0.00613979;-0.00472829;-0.0127777;0;1;0;1;0;1;
81;0.291137;-0.291178;0.291144;-0.291151;0.291101;-0.292549;0.0786499;-0.0171717;0.0784521;-0.083296;0.0603304;-0.0582678;-1.37898e-05;-0.0178148;-0.000930839;-0.0041976;-0.00276099;-0.00746373;0;1;0;0.846448;0;1;
82;0.291298;-0.305435;0.288858;-0.302775;0.296214;-0.30558;0.00622582;0.029678;0.0061077;-0.00893699;-0.00447636;0.00568135;0.00467739;-0.0238185;0.00207431;-0.00681003;0.00819999;-0.00781167;1;1;0.797532;0.381838;0.161033;1;
83;0.284136;-0.292392;0.282458;-0.290839;0.279814;-0.292477;-0.0780118;0.0989858;-0.0780773;0.0764351;-0.0662266;0.084972;0.0284769;-0.0139104;0.0361029;-0.00397738;0.0552292;-0.00792153;1;0;1;0;1;0;
84;0.265371;-0.270194;0.264392;-0.269289;0.262845;-0.270244;-0.150679;0.162933;-0.149542;0.149763;-0.110679;0.154749;0.0228999;-0.00812408;0.0354008;-0.00232361;0.0534893;-0.00462654;1;0;1;0;1;0;
85;0.235138;-0.237954;0.234567;-0.237432;0.233663;-0.237983;-0.199835;0.206996;-0.187022;0.199303;-0.144006;0.202216;0.0162296;-0.00474488;0.021072;-0.00135878;0.0383901;-0.00270233;1;0;1;0;1;0;
86;0.194167;-0.195812;0.193835;-0.195512;0.193307;-0.195829;-0.229082;0.233267;-0.204606;0.228774;-0.169362;0.230476;0.00960875;-0.00277148;0.0123095;-0.00112994;0.0233331;-0.00157863;1;0;1;0;1;0;
87;0.140223;-0.141184;0.14003;-0.141008;0.139721;-0.141194;-0.244721;0.247167;-0.213202;0.244543;-0.186375;0.245537;0.00561353;-0.00161908;0.0071906;-0.000660355;0.0136303;-0.000922393;1;0;1;0;1;0;
88;0.0677245;-0.0682858;0.0676121;-0.0681869;0.0674339;-0.0682915;-0.235726;0.249706;-0.215941;0.250932;-0.196368;0.245828;0.00327847;-0.000946036;0.00419929;-0.00038563;0.00796066;-0.0005397;1;0;1;0;1;0;
89;-0.0257406;0.0254133;-0.0258058;0.0254613;-0.0259032;0.0254093;-0.21845;0.232652;-0.220933;0.218625;-0.181113;0.230409;0.00554611;-0.00055307;0.00217172;-0.0117707;-0.00883137;-0.00254526;1;0;1;0;1;0;
90;-0.12327;0.12308;-0.123308;0.1231;-0.123362;0.123078;-0.197188;0.204655;-0.205059;0.192973;-0.155555;0.214714;0.00323825;-0.00032355;-0.019517;-0.0189114;-0.0188855;-0.0014869;1;0;1;0;1;0;
91;-0.198953;0.198842;-0.198975;0.198853;-0.199007;0.19884;-0.151184;0.174385;-0.172996;0.172185;-0.136131;0.20501;-0.0118242;-0.000189251;-0.0114006;-0.0110448;-0.0224507;-0.000868848;1;0;1;0;1;0;
92;-0.247333;0.247268;-0.247347;0.247275;-0.247362;0.24726;-0.105791;0.163774;-0.162962;0.162489;-0.103366;0.181659;-0.0113098;-0.000111119;-0.00665883;-0.0064505;-0.0227204;-0.00050822;1;0;1;0;1;0;
93;-0.275127;0.27509;-0.275135;0.275093;-0.275145;0.275084;-0.0772192;0.135898;-0.135424;0.135148;-0.0607129;0.146342;-0.00660597;-6.53427e-05;-0.00521148;-0.00376743;-0.0224766;-0.000297286;1;0;1;0;1;0;
94;-0.289122;0.289101;-0.289127;0.289103;-0.289134;0.289098;-0.056612;0.0908812;-0.0906068;0.090443;-0.0415002;0.0969807;-0.00385804;-3.85522e-05;-0.00732566;-0.00220053;-0.0131285;-0.000174004;1;0;1;0;1;0;
95;-0.293286;0.293227;-0.293242;0.291199;-0.31826;0.293225;-0.00560608;0.0256168;-0.0254599;0.0253603;0.0032185;0.0291778;-0.00624289;-2.23664e-05;-0.0126039;0.00151328;-0.0184881;-0.000101947;1;0.239051;0.744588;0.202067;0.732306;0;
96;-0.288251;0.254369;-0.288226;0.286053;-0.302836;0.288215;0.0680484;-0.0408948;0.0564539;-0.0565063;0.0732013;-0.0542763;-0.00364611;0.0648985;-0.00736093;0.0168624;-0.0107977;0.0224906;0.978367;1;0.217819;0.881201;0;1;
