1;-0.000363587;0.000116065;9.94839e-05;-0.000363587;0.000116065;9.94839e-05;0.0349769;0.0347456;0.0352595;0.0349769;0.0347456;0.0352595;0.808667;0.808665;0.808666;0.808667;0.808665;0.808666;0;0;0;0;0;0;
2;0.0135888;0.0196726;0.0185378;-0.0930342;0.0237072;0.0206043;0.080157;0.083091;0.092464;0.236714;-0.014024;-0.0208103;0.472327;0.472328;0.472332;0.472369;0.472377;0.4724;1;0;0;1;1;1;
3;0.0392677;0.0113668;0.0109475;-0.0596305;0.0243967;0.0338437;0.0480393;0.0677551;0.0655739;0.13834;0.0388426;0.0827464;0.27585;0.275852;0.275854;0.275898;0.275874;0.275894;1;0;0;0;0;0.62686;
4;0.0235683;0.00600368;-0.0208848;-0.0354633;0.0148839;0.0192674;0.0280285;0.0498946;0.0382736;0.0808221;0.0226574;0.0510645;0.161097;0.161104;0.161105;0.16113;0.16111;0.161129;1;0;0;0;0.45641;1;
5;0.0262939;-0.0179701;-0.0225654;-0.0189599;0.00694185;0.013006;0.0166252;0.0378208;0.0226533;0.0469453;0.0161827;0.0401181;0.0940798;0.0940893;0.0940887;0.0940999;0.0940907;0.0941027;0;0;0;0;0.535005;1;
6;0.0216403;-0.0149127;-0.0129722;-0.00885887;0.0018402;0.00981062;0.0103677;0.0215423;0.0418033;0.0267581;0.0168389;0.0375057;0.0549412;0.0549506;0.0549516;0.0549542;0.0549507;0.0549604;0;0.267183;1;0;0.258597;1;
7;0.0132863;-0.00906442;-0.00722069;-0.00585946;-0.00110772;0.00821632;0.0133073;0.0236913;0.0436983;0.0143783;0.0336455;0.043219;0.0320852;0.0320937;0.0320962;0.0320947;0.0320951;0.0321029;0.634989;0.86421;1;0.375546;0.536734;1;
8;0.00808445;-0.00561768;-0.00389338;-0.00115582;-0.0029137;0.00809709;0.0240664;0.0287619;0.043575;0.0188629;0.0334989;0.0387416;0.0187386;0.018746;0.0187488;0.0187456;0.018747;0.0187534;0.96594;1;1;0.709351;0.806032;1;
9;0.004876;-0.00343469;-0.0021201;0.000105867;-0.00292684;0.00580607;0.0306224;0.0296922;0.0426781;0.0210733;0.0338316;0.0333159;0.0109449;0.0109515;0.0109534;0.0109502;0.010951;0.0109569;1;1;1;0.819479;0.855739;1;
10;0.00259233;-0.00175028;-0.001494;-0.00172867;8.07591e-05;0.00160086;0.0347988;0.0285796;0.0425997;0.0203245;0.0339863;0.0276937;0.00639366;0.00734805;0.00640019;0.00639806;0.00639761;0.00826416;1;1;1;0.884733;0.834237;1;
11;0.000472596;1.98793e-05;-0.00187688;-0.00830086;0.0073379;-0.00635633;0.0376149;0.0269164;0.0437683;0.0180577;0.0343086;0.0231996;0.00373573;0.00781636;0.00374068;0.00481189;0.00373793;0.00683405;1;1;1;0.921425;0.783801;1;
12;-0.00209496;0.00238216;-0.0034673;-0.0214455;0.0208824;-0.0203104;0.0395528;0.0257697;0.045226;0.0155564;0.0346707;0.0196971;0.00218331;0.00815928;0.00243677;0.0047429;0.00218437;0.00571689;1;1;1;0.942767;0.73146;1;
13;-0.00563954;0.00580706;-0.00644121;-0.0434372;0.0431075;-0.0427757;0.0400781;0.0252678;0.0454961;0.0144847;0.0345018;0.0175265;0.00127655;0.00813289;0.00241851;0.00498419;0.00127711;0.00440296;1;1;1;0.941787;0.707425;1;
14;-0.0105775;0.010675;-0.011046;-0.0763561;0.0761619;-0.0759713;0.0374412;0.0261504;0.0431764;0.0168552;0.0335499;0.0193758;0.000776363;0.00714;0.00372776;0.00401434;0.000747722;0.00257393;1;1;1;0.908177;0.751922;1;
15;-0.0170571;0.0171131;-0.0173311;-0.120751;0.120634;-0.120526;0.0292185;0.0301913;0.0350403;0.0258765;0.0308265;0.0279395;0.00171451;0.00417217;0.00684698;0.0027535;0.00370645;0.00150494;1;1;1;0.81268;0.922944;1;
16;-0.0246799;0.0247111;-0.0248406;-0.173546;0.173473;-0.173415;0.0113756;0.0366324;0.0178286;0.0449858;0.0250377;0.0471804;0.00630204;0.00243646;0.0130502;0.00160899;0.0125946;-0.0011269;1;0.647853;1;0.613562;1;1;
17;-0.0322606;0.0322788;-0.0323555;-0.226277;0.22623;-0.226201;-0.0245325;0.0542697;-0.0151351;0.0591501;0.00701242;0.0604331;0.0194862;0.00138732;0.0254802;0.000940097;0.0263192;-0.000657577;1;0;1;0.366752;1;0.981017;
18;-0.0379092;0.0581234;-0.0468444;-0.265624;0.265592;-0.265576;-0.0758839;0.093257;-0.0702761;0.0961085;-0.0208464;0.096857;0.0256042;-0.000675129;0.0282711;0.000548827;0.0483923;-0.00115753;1;0;1;0;1;0.336271;
19;-0.0442812;0.0536685;-0.0500325;-0.276637;0.276617;-0.276608;-0.132091;0.142244;-0.128811;0.14391;-0.0736178;0.144347;0.0252292;-0.00379354;0.0314309;0.000320146;0.0635412;-0.000676648;1;0;1;0.0746275;1;1;
20;-0.0380869;0.0435687;-0.0414467;-0.247141;0.24713;-0.247124;-0.179259;0.185194;-0.16997;0.186167;-0.115067;0.186422;0.0148194;-0.00221585;0.0270174;0.000186555;0.0611785;-0.000395599;1;0;1;1;1;0;
21;-0.0257353;0.0289361;-0.0276985;-0.168777;0.168772;-0.168766;-0.211005;0.214475;-0.176509;0.215044;-0.146694;0.215192;0.008657;-0.00129454;0.0262669;0.000109439;0.0409024;-0.000231494;1;1;1;1;1;0;
22;-0.00589352;0.00776242;-0.00704123;-0.0346324;0.0346273;-0.0346086;-0.228242;0.230271;-0.186486;0.230608;-0.154442;0.23069;0.00521769;-0.000756509;0.0153451;0.00951518;0.0299403;-0.000135659;1;1;1;0;1;0;
23;0.0201726;-0.0190816;0.0195022;0.145065;-0.145072;0.145083;-0.232576;0.233013;-0.1513;0.266823;-0.180182;0.228784;0.00304638;-0.000441419;0.0339902;0.00926516;0.0174907;-7.97043e-05;0.963641;1;1;0;1;0;
24;0.129033;-0.128393;0.128641;-0.0325291;0.0325193;-0.0325189;-0.0471336;0.0473964;0.000416451;0.0671449;-0.0165429;0.0449275;-0.0196948;0.0462951;-0.0496746;0.0216029;-0.0677158;0.0669447;0;0;0;0;0.826001;1;
25;0.113586;-0.111918;0.109056;0.239515;-0.23952;0.239534;-0.100767;0.100925;-0.0730485;0.11246;-0.0807516;0.0994832;-0.00673254;0.0270365;0.0240403;0.0126159;-0.0287877;0.0390935;1;0;1;0;1;0.714643;
26;0.0879118;-0.102844;0.0890298;0.402258;-0.402261;0.402269;-0.0986299;0.113275;-0.0715197;0.120685;-0.069086;0.112684;-0.00502262;0.0157889;0.0270871;0.00736789;-0.0168094;0.0228321;1;0;1;0;1;1;
27;0.0746435;-0.0972018;0.079177;0.494906;-0.494908;0.494911;-0.0612932;0.096616;-0.040478;0.100942;-0.0336567;0.0962735;-0.0169281;0.0092213;0.0196961;0.00430245;-0.0166431;0.0133371;1;0;0.706741;0;1;1;
28;0.078404;-0.0931025;0.0822689;0.543383;-0.543384;0.543383;-0.0338705;0.0545042;-0.0217152;0.0570265;-0.0169322;0.0543079;-0.00988794;0.00538648;0.0115057;0.0025123;-0.0097203;0.0141211;1;0;0.633694;0;1;0;
29;0.0746565;-0.0980901;0.0809872;0.561559;-0.561561;0.561558;0.0245022;-0.0124451;0.0315983;-0.0109741;0.0343912;-0.01256;-0.00922776;0.0478431;0.00671785;0.019579;-0.017276;0.0247742;1;1;0.419662;0.776486;0.0777994;1;
30;0.08205;-0.0895177;0.0795281;0.535339;-0.553573;0.553392;0.0993804;-0.0586325;0.103524;-0.0914715;0.105156;-0.0923936;-0.00538956;0.0673158;0.00392175;0.0353137;-0.0100895;0.0281685;0;1;0;0.719506;1;1;
31;0.145565;-0.14993;0.144098;0.215005;-0.225659;0.225555;-0.0483124;0.0721068;-0.0458883;0.05293;-0.0449238;0.0523905;0.0413096;-0.0424912;0.0804508;0.0206244;0.0972372;-0.0181118;1;0;1;0;0.508706;1;
32;0.160946;-0.163997;0.162152;0.0475693;-0.0537885;0.0537307;-0.140258;0.154169;-0.138849;0.142973;-0.103469;0.142658;0.0695223;-0.0248167;0.0469932;0.0120442;0.0866327;-0.0105778;1;0;1;0;1;0;
33;0.148166;-0.149948;0.148872;-0.0263935;0.0227618;-0.0227953;-0.194198;0.202334;-0.193378;0.195797;-0.136706;0.195612;0.0409572;-0.0144933;0.0274487;0.00703355;0.0556244;-0.00617779;1;0;1;0;1;0;
34;0.109764;-0.110804;0.110176;-0.0386496;0.0365285;-0.0365483;-0.220237;0.228884;-0.220991;0.225066;-0.158249;0.224959;0.0239257;-0.00846445;0.0160329;0.00410705;0.0352805;-0.0036083;1;1;1;0;1;0;
35;0.0453464;-0.044889;0.0455672;-0.00379787;0.00174224;-0.00256831;-0.225155;0.240002;-0.174024;0.238665;-0.161599;0.239107;0.0147802;-0.00332488;-0.098388;-0.00660963;0.0181629;-0.0021077;1;1;1;0;1;0;
36;-0.043998;0.0442662;-0.0438694;0.0682611;-0.0694617;0.0689815;-0.224583;0.237663;-0.203938;0.221607;-0.162611;0.23668;0.00863141;-0.00194217;-0.0574597;-0.00658469;0.0106116;-0.00123143;1;1;1;0;1;0;
37;-0.136926;0.137083;-0.136852;0.151095;-0.151797;0.151517;-0.193682;0.231352;-0.210173;0.197275;-0.149;0.22939;0.00503835;-0.00113379;-0.0335579;-0.00939313;0.00619647;-0.000719603;1;1;1;0;1;0;
38;-0.116481;0.0517612;-0.11644;-0.167328;0.166941;-0.167091;-0.0351515;0.057166;-0.0447878;0.0372812;-0.00908115;0.0560312;-0.0251046;0.0692201;-0.0415793;0.0602729;-0.110699;0.0964312;0;0;0;0;1;1;
39;-0.104519;0.0677205;-0.105493;-0.360141;0.359921;-0.360021;0.0394247;-0.0265588;0.0337969;-0.0381892;0.04872;-0.0272407;-0.014663;0.0404293;-0.0242814;0.0352065;-0.0753717;0.0563294;0;0;0;0.882668;0;1;
40;-0.0983305;0.0726566;-0.0988995;-0.471367;0.471243;-0.471301;0.0607501;-0.0315915;0.0574659;-0.0540275;0.0564852;-0.0536301;-0.00856431;0.0236158;-0.0141764;0.0205666;-0.0440184;0.0328998;0;1;0;0.698354;0;1;
41;-0.093948;0.0731718;-0.0943661;-0.50382;0.52692;-0.531506;0.043532;0.0198799;0.0416163;-0.0702009;0.0197737;-0.0393744;-0.000284109;0.0137914;0.00848539;-0.0202512;-0.0425577;0.0192132;0.46058;1;0.808011;0.84394;0.519325;1;
42;-0.0902455;0.0781123;-0.0904891;-0.504325;0.518715;-0.558057;-0.00650423;0.043539;-0.0076185;-0.040732;0.0121231;0.00893699;0.0135304;-0.00137592;0.0273851;-0.0509843;-0.0248553;0.0112212;1;0;1;1;0.518383;1;
43;-0.0858277;0.0941574;-0.08597;-0.460726;0.500544;-0.541425;-0.0790922;0.100723;-0.0797374;0.00533602;0.0283806;0.0805168;0.0107045;-0.00276447;0.0236983;-0.0618996;0.0353811;0.00655343;1;0;1;1;0.526213;1;
44;-0.0793734;0.0901556;-0.0794564;-0.432522;0.464031;-0.520938;-0.148782;0.161415;-0.149151;0.0594122;0.0369505;0.149617;0.00946726;-0.0136043;0.0229015;-0.0624632;0.094791;0.00382701;0.972099;0;1;1;0.635125;1;
45;-0.0702899;0.0765865;-0.0703388;-0.41362;0.44084;-0.471778;-0.198221;0.205601;-0.19785;0.0820474;0.0489092;0.19871;0.00553114;-0.00794537;0.0135806;-0.0501677;0.123019;0.00223455;0.973451;1;1;1;0.712084;1;
46;-0.0585559;0.0622323;-0.0585838;-0.364105;0.380002;-0.398061;-0.222564;0.232552;-0.175789;0.15404;-0.0579442;0.228528;0.0242206;-0.00464038;0.0316556;-0.036458;0.105519;0.00130443;1;1;1;0;1;0;
47;-0.0524768;0.0569678;-0.0669342;-0.17994;0.189215;-0.199757;-0.0187054;0.0245512;0.00861118;-0.0213143;0.0774359;0.0222107;-0.031865;0.0498638;-0.0391038;0.0310527;0.0616189;0.0628969;0;0;0;1;0;1;
48;-0.0288982;0.0315188;-0.0373406;-0.0928463;0.0982743;-0.104417;-0.11965;0.123071;-0.10369;0.0962837;-0.0634896;0.121692;0.0380287;0.0291208;0.0743489;-0.0207964;0.0820056;0.0367326;1;0;1;0;1;0;
49;-0.000811194;0.00233979;-0.00574102;0.0582413;-0.0550661;0.0514848;-0.174023;0.176024;-0.154529;0.160379;-0.0982893;0.175219;0.0236588;0.017006;0.0516736;-0.0136088;0.0689479;0.0214514;1;0;1;0;1;0;
50;0.10198;-0.101087;0.0991003;-0.0684317;0.0702863;-0.0723848;-0.00587425;0.00705449;0.00551967;-0.00211797;0.0383589;0.00657737;-0.00592033;0.0548147;-0.0320266;0.0495886;-0.00646124;0.0173554;0;0;0;0.781051;0.474572;1;
51;0.0753167;-0.0956377;0.0736494;0.210349;-0.209269;0.20804;-0.0857897;0.0864866;-0.0791392;0.0811459;-0.047565;0.0862044;0.0199879;0.0320115;0.0747416;0.0289607;0.0798425;0.0101362;1;0;1;0;1;0;
52;0.068287;-0.0932549;0.0712545;0.384659;-0.384029;0.38331;-0.115323;0.11575;-0.086647;0.112633;-0.0323847;0.115587;0.0116733;0.0186942;0.0436611;0.0169121;0.0501309;0.00591899;1;0;1;0;1;0;
53;0.170791;-0.185374;0.172533;0.0937583;-0.0933896;0.0929555;-0.0229296;0.0231782;-0.00618275;0.0213642;0.0255055;0.0230886;-0.0349572;0.0109184;0.0254959;0.0149535;0.0292749;0.00458384;1;0;0;0.61174;0.56076;1;
54;0.228682;-0.237196;0.2297;-0.0741817;0.0744001;-0.0746544;0.00380352;-0.0032893;0.0135894;0.00705103;0.0309119;-0.00371563;-0.0289878;0.00885132;0.0153173;0.0274152;0.0170954;0.00267718;1;1;0.625379;0.641315;0.146166;1;
55;0.258823;-0.263794;0.259416;-0.168595;0.168714;-0.168869;-0.0132737;0.018041;-0.00346437;0.024082;0.0124943;0.0177942;-0.0169271;0.00516601;0.0201087;0.0160117;0.0205033;-0.00217225;1;0.526384;1;0.385805;0.745934;1;
56;0.267724;-0.272278;0.269837;-0.217069;0.217132;-0.217224;-0.071889;0.0746774;-0.0661556;0.0782067;-0.0239615;0.0745348;0.0168038;0.00301501;0.0274244;0.00935009;0.0545719;-0.00500225;1;0;1;0;1;1;
57;0.263054;-0.265714;0.262518;-0.233472;0.233506;-0.233563;-0.139322;0.140957;-0.135966;0.143015;-0.0763497;0.140874;0.0205385;0.00176014;0.034505;-0.00396224;0.0769805;-0.0029217;1;0;1;0;1;0;
58;0.242901;-0.244456;0.242587;-0.225626;0.225643;-0.22568;-0.191444;0.192405;-0.189111;0.193605;-0.123693;0.192356;0.0142866;0.00102779;0.0255274;-0.00387654;0.0649814;-0.00170668;1;0;1;0;1;0;
59;0.209779;-0.210689;0.209594;-0.19969;0.199699;-0.199721;-0.224306;0.224873;-0.208309;0.225573;-0.165299;0.224843;0.00993565;0.000601077;0.0150279;-0.00226436;0.0416936;-0.000997164;1;1;1;0;1;0;
60;0.163926;-0.164458;0.163819;-0.158036;0.15804;-0.158053;-0.242742;0.243075;-0.229054;0.243482;-0.177827;0.243058;0.00580374;0.000350476;0.00877774;-0.00384125;0.0243548;-0.000582824;1;1;1;0;1;0;
61;0.105374;-0.10309;0.107706;-0.100943;0.0998529;-0.101194;-0.23325;0.250199;-0.121799;0.238027;-0.0295001;0.246041;0.000847586;0.00035557;-0.221992;-0.0012243;-0.249983;-0.000340844;1;1;1;0;0.796967;0;
62;0.0197651;-0.0184308;0.0211268;-0.01718;0.0165432;-0.0173235;-0.222768;0.244491;-0.176828;0.224433;-0.122917;0.24358;0.00230924;0.000207125;-0.129643;-0.00994159;-0.145991;-0.000199654;1;1;1;0;1;0;
63;-0.0801008;0.0808805;-0.0793059;0.0816075;-0.0819804;0.0815275;-0.204205;0.236435;-0.201838;0.218279;-0.170348;0.223361;0.00134965;0.000121136;-0.0757141;-0.00580705;-0.08526;-0.000117088;1;1;1;0;1;0;
64;-0.168032;0.168487;-0.167568;0.168911;-0.169129;0.168865;-0.175434;0.224585;-0.196463;0.213981;-0.177906;0.216947;-0.00115325;0.0113849;-0.0442193;-0.00339015;-0.0497978;-6.88506e-05;1;1;1;0;1;0;
65;-0.228346;0.228612;-0.228076;0.228859;-0.228989;0.228832;-0.151473;0.20143;-0.185004;0.195234;-0.121239;0.196966;-0.00439444;0.00665029;-0.0258272;-0.00198008;-0.0319585;-4.06542e-05;1;1;1;0;1;0;
66;-0.264535;0.264689;-0.264377;0.264834;-0.264913;0.264818;-0.1387;0.16828;-0.158684;0.164657;-0.0628172;0.165668;-0.00267094;0.00388606;-0.0150865;-0.00115681;-0.0337253;-2.42001e-05;1;0;1;0;1;0;
67;-0.284126;0.284215;-0.284033;0.2843;-0.28435;0.28429;-0.106555;0.123835;-0.118229;0.121714;-0.0251242;0.122308;-0.0064355;0.0022719;-0.0118046;-0.000675993;-0.0243091;0.00506665;1;0;1;0;1;1;
68;-0.292437;0.292488;-0.292382;0.292537;-0.335088;0.29253;-0.0535731;0.063671;-0.0603935;0.0624259;-0.00601868;0.0627777;-0.00505632;0.0069619;-0.0100961;-0.000395117;-0.0142023;0.00744041;1;0;0.636616;0;1;1;
69;-0.300138;0.260319;-0.280082;0.294659;-0.318415;0.278189;0.0208143;-0.0149088;0.0168277;-0.0156383;0.0485813;-0.0154317;-0.00553606;0.0547381;-0.00629614;0.0172799;-0.0265117;0.0220752;1;1;0.472603;0.868054;0;0.604874;
70;-0.285876;0.237999;-0.274164;0.282675;-0.296551;0.252212;0.10254;-0.0653142;0.100211;-0.099511;0.118756;-0.0993847;-0.00628903;0.0715657;-0.00367874;0.0317093;-0.0154832;0.0337796;0;1;0;0.694406;0;1;
71;-0.261448;0.215379;-0.255295;0.259518;-0.267458;0.241607;0.167961;-0.103317;0.196473;-0.166382;0.177628;-0.165661;-0.00323629;0.0664229;-0.0210559;0.0287567;-0.0088273;0.0244938;0;1;0;0.785301;1;1;
72;-0.226888;0.199983;-0.223163;0.22576;-0.230398;0.215301;0.210411;-0.1454;0.227062;-0.209483;0.216057;-0.209058;-0.00189046;0.0547322;-0.0122979;0.0220278;-0.00515555;0.0143091;0.196312;1;0;0.753827;1;1;
73;-0.181927;0.166215;-0.179754;0.181268;-0.183978;0.17516;0.235;-0.17929;0.244725;-0.228515;0.238298;-0.222177;-0.00110453;0.031973;-0.00617701;0.0129789;-0.0030107;0.00835885;0;1;0;0.875683;1;1;
74;-0.123041;0.11387;-0.121779;0.122657;-0.124241;0.11909;0.247556;-0.203371;0.257139;-0.232254;0.249484;-0.227256;-0.000645507;0.0186746;0.0100647;0.00853614;-0.00175744;0.00488311;1;1;1;0.78477;1;1;
75;-0.0442288;0.038874;-0.0434945;0.0440056;-0.0449313;0.0419227;0.24885;-0.208963;0.272785;-0.233753;0.268312;-0.221598;-0.00037739;0.0109045;0.00878637;0.00498679;-0.00102495;0.00285203;1;1;1;0.856513;0;1;
76;0.0532549;-0.0563821;0.0536821;-0.0533835;0.0528404;-0.0545998;0.238892;-0.200625;0.265194;-0.227754;0.270806;-0.21071;-0.000220174;-0.00459141;0.0155638;0.00291294;0.00815622;0.00372883;1;1;1;0.695185;0;1;
77;0.146804;-0.148633;0.147061;-0.146885;0.146564;-0.147596;0.229842;-0.188107;0.245202;-0.200907;0.249336;-0.199936;0.00421622;-0.0180152;0.00909047;0.00170067;0.00749709;0.00217653;0;1;1;0.61147;0;1;
78;0.214699;-0.215769;0.214858;-0.214755;0.214566;-0.215171;0.209289;-0.15818;0.218258;-0.156718;0.220675;-0.191664;0.00246395;-0.020498;0.0053095;-0.0191041;0.00577527;-0.00927259;0;1;0;1;0;1;
79;0.256658;-0.257283;0.256749;-0.256691;0.256579;-0.256934;0.178685;-0.125005;0.183922;-0.11603;0.185332;-0.168388;0.00954203;-0.0142922;0.00310219;-0.0175282;0.00337368;-0.00738174;0;1;0;1;0;1;
80;0.280101;-0.280469;0.280158;-0.280125;0.280056;-0.280267;0.13757;-0.106216;0.140627;-0.0850973;0.141448;-0.131552;0.012369;-0.0125423;0.00181347;-0.0102377;0.00672794;-0.0106044;0;1;0;1;0;1;
81;0.29113;-0.292358;0.283576;-0.291146;0.291106;-0.29123;0.0821958;-0.0638856;0.0839869;-0.0462658;0.0844583;-0.0786809;0.00722547;-0.0365142;0.0194038;-0.00597678;0.0039287;-0.0106082;0;1;0;1;0;1;
82;0.27916;-0.31326;0.274153;-0.302337;0.285673;-0.297425;0.00829786;0.00239345;0.00934197;0.012695;0.00961565;-0.00624314;0.0157057;-0.049366;0.013475;-0.00316036;0.0260949;-0.00619776;1;0.918903;0;0.983452;0.509454;1;
83;0.257496;-0.29696;0.253327;-0.29075;0.249645;-0.287714;-0.0767997;0.0830505;-0.0761909;0.0890681;-0.0596118;0.0780084;0.0264153;-0.0288317;0.0286711;-0.00675538;0.0680341;-0.00361979;1;0;1;0;1;1;
84;0.244464;-0.272861;0.228022;-0.269235;0.220512;-0.267462;-0.14997;0.153627;-0.149607;0.157141;-0.111623;0.150682;0.0216386;-0.0168387;0.029525;-0.00394552;0.0651744;-0.00211435;0.930088;0;1;0;1;0;
85;0.222927;-0.239512;0.213325;-0.237394;0.208939;-0.236359;-0.19942;0.201561;-0.199203;0.203613;-0.147319;0.199841;0.0141381;-0.00983418;0.0172488;-0.0023046;0.0469645;-0.00123519;1;0;1;0;1;0;
86;0.187035;-0.196721;0.181429;-0.195489;0.178868;-0.19488;-0.228839;0.230093;-0.22774;0.231292;-0.16907;0.229089;0.0082609;-0.0057436;0.0100743;-0.00134655;0.0287129;-0.000721829;1;1;1;0;1;0;
87;0.136058;-0.141715;0.132786;-0.141002;0.131293;-0.140639;-0.239887;0.245314;-0.235548;0.246013;-0.184629;0.244727;0.00502368;-0.00335474;0.00588091;-0.000787435;0.0167738;-0.000422071;1;1;1;0;1;0;
88;0.0652924;-0.0685962;0.063383;-0.0681885;0.0625152;-0.0679676;-0.234955;0.251098;-0.237334;0.243858;-0.186319;0.250594;0.0029354;-0.00195969;-0.00852841;-0.00046146;0.00979751;-0.000246993;1;0.923315;1;0;1;0;
89;-0.02722;0.0259626;-0.0275837;0.0256308;-0.0294318;0.025719;-0.223227;0.243716;-0.181389;0.228198;-0.174174;0.237314;0.00188169;-0.000118642;-0.1103;-0.0139062;0.00359471;-0.000144748;1;1;1;0;1;0;
90;-0.124135;0.123401;-0.124348;0.123207;-0.125426;0.123259;-0.194213;0.236116;-0.199652;0.207052;-0.158951;0.206178;-0.00938957;-6.88796e-05;-0.0644154;-0.0081217;-0.0201241;-8.51131e-05;1;1;1;0;1;0;
91;-0.199458;0.199029;-0.199583;0.198916;-0.200214;0.198946;-0.162045;0.217512;-0.183898;0.19893;-0.138947;0.200026;-0.00774891;0.0214047;-0.037621;-0.00474343;-0.0117557;2.5684e-05;1;1;1;0;1;0.333229;
92;-0.247627;0.24737;-0.2477;0.247312;-0.24807;0.247326;-0.13132;0.193113;-0.169332;0.178109;-0.104516;0.178755;-0.0116205;0.026548;-0.0219731;-0.00277058;-0.0285768;0.0108231;1;0;0.990749;0;1;1;
93;-0.275299;0.275147;-0.275342;0.275115;-0.275558;0.275119;-0.0954691;0.153039;-0.139147;0.144269;-0.0781169;0.144655;-0.0102985;0.0191734;-0.0130796;-0.00161845;-0.0166931;0.0128753;1;0;0.991675;0;1;1;
94;-0.289223;0.289134;-0.289248;0.289116;-0.289377;0.288876;-0.0646147;0.100897;-0.0927823;0.0957699;-0.0565335;0.0960033;-0.00601215;0.0111997;-0.00906697;-0.000945544;-0.00979897;0.0188873;1;0;0.836262;0;1;0;
95;-0.30676;0.293246;-0.306347;0.285754;-0.321767;0.282741;-0.0102743;0.0314731;-0.0267303;0.0284744;-0.00555923;0.0286128;-0.00513083;0.0264322;-0.0118407;0.00847606;-0.0176487;0.0110338;1;0;0.831852;0.543638;0.934468;0;
96;-0.297589;0.25842;-0.296514;0.272355;-0.304884;0.267645;0.065322;-0.0352472;0.0557121;-0.0546852;0.0680752;-0.0546063;-0.00832343;0.0729817;-0.0103225;0.0239654;-0.0103073;0.0344343;0;1;0.122106;1;0;1;
97;-0.277809;0.229985;-0.277183;0.263072;-0.28207;0.259435;0.138992;-0.0813455;0.133383;-0.132776;0.140602;-0.132722;-0.00569629;0.0780893;-0.00602771;0.022115;-0.00601988;0.0386411;0;1;0;0.628258;0;1;
98;-0.248076;0.220145;-0.247711;0.239468;-0.250567;0.237343;0.192116;-0.140556;0.188841;-0.188478;0.193053;-0.171266;-0.00536173;0.059663;-0.00352015;0.0352778;-0.0110325;0.0369903;0;1;0;0.852204;0;1;
