1;-0.000363587;0.000116064;9.94836e-05;-0.000363587;0.000116064;9.94834e-05;0.0349768;0.0347454;0.0352593;0.034977;0.0347457;0.0352596;0.808667;0.808665;0.808666;0.808667;0.808665;0.808666;0;0;0;0;0;0;
2;0.00199723;0.0132697;0.00234013;-0.00440575;-0.00491139;-0.00456447;0.176242;0.178901;0.180401;0.164365;0.166671;0.167144;0.472456;0.472459;0.472462;0.472456;0.472457;0.472461;1;1;1;1;1;1;
3;0.0032833;0.00732439;0.00239253;-0.00587966;-0.0064838;-0.00700846;0.105884;0.11005;0.111045;0.0959094;0.0991124;0.0983265;0.275933;0.275935;0.275936;0.275931;0.275932;0.275936;0.896861;0.70414;0.657655;0.318029;0.669533;1;
4;0.0025523;0.00364257;0.00203204;-0.00406845;-0.00315167;-0.00472771;0.0618143;0.0643013;0.064828;0.0560423;0.0578599;0.0574554;0.161151;0.161152;0.161152;0.161148;0.16115;0.161152;1;0.528501;0.83045;0.463704;0.818028;0.721415;
5;0.00236671;0.00125108;0.00206207;-0.00325207;-0.000964397;-0.0036371;0.035849;0.0378121;0.0376091;0.0329882;0.03354;0.0338147;0.094115;0.0941157;0.0941161;0.0941133;0.0941148;0.0941162;0.953448;0.590502;0.860894;0.464696;0.609626;1;
6;0.00248958;-0.000376814;0.00231165;-0.00300658;0.000544231;-0.00323146;0.0273765;0.0326811;0.0328816;0.0300606;0.0322758;0.0355142;0.0549655;0.0549659;0.0549665;0.0549644;0.0549656;0.0549664;0.736585;0.785211;0.881627;0.464946;0.611526;1;
7;0.00253639;-0.00146339;0.00247097;-0.00507864;0.0015612;-0.00172916;0.0291851;0.0321142;0.0291913;0.0368729;0.0296792;0.0307215;0.0321023;0.0321024;0.0321032;0.0321019;0.0321028;0.032103;0.750832;0.671757;0.887085;0.655791;0.633718;0.806895;
8;0.00243842;-0.00198821;0.00240348;-0.00396749;0.00204534;-0.00189618;0.0241826;0.0288316;0.0275879;0.0309035;0.0301828;0.0340352;0.0187504;0.01875;0.0187513;0.0187499;0.0187511;0.0187506;0.763322;0.571381;1;0.616079;0.656328;0.859361;
9;0.00196244;-0.00169949;0.00194202;-0.00285537;0.00173288;-0.00164575;0.0223101;0.0290969;0.0271;0.0315542;0.0301645;0.0362866;0.0109529;0.0109519;0.0109537;0.010952;0.0109539;0.0109527;0.78638;0.537513;1;0.458445;0.788128;0.834417;
10;0.000250825;-9.72329e-05;0.00023889;-0.000772236;0.000116815;-6.58651e-05;0.0202326;0.0285185;0.0241619;0.0337589;0.0300693;0.0376217;0.00639933;0.00639748;0.00640013;0.00639787;0.00640059;0.00639861;0.834417;0.502145;1;0.44662;0.714308;0.804685;
11;-0.00349955;0.00358928;-0.00350655;0.00319509;-0.00357787;0.00360762;0.0178786;0.0288524;0.0223794;0.0352481;0.0290597;0.0401262;0.0063638;0.00373743;0.00741301;0.00373817;0.00890543;0.00373893;1;0.470638;1;0.435572;0.747947;1;
12;-0.0103435;0.0103959;-0.0103476;0.0101657;-0.0103892;0.0104066;0.0168274;0.0295872;0.0206793;0.0374604;0.0289215;0.0414398;0.00517416;0.00218368;0.00686824;0.0021848;0.00889217;0.0021855;0.856858;0.437938;1;0.428134;0.774376;0.743594;
13;-0.0214986;0.0215293;-0.021501;0.0213948;-0.0215254;0.0215355;0.017057;0.0293643;0.0185438;0.0392287;0.0280191;0.0408128;0.00551229;0.00127625;0.00571753;0.00127759;0.0117944;0.0012783;0.858462;0.431748;1;0.421147;0.784447;0.750703;
14;-0.0380516;0.0380696;-0.0380531;0.0379911;-0.0380673;0.0380732;0.0188257;0.0293084;0.0214941;0.0356239;0.0279495;0.0386015;0.00322216;0.000746654;0.00450977;0.000747949;0.00801057;0.000748656;1;0.46491;0.991285;0.432419;0.749372;1;
15;-0.0603035;0.0603141;-0.0603044;0.0602682;-0.0603127;0.0603162;0.0241249;0.0276771;0.0281477;0.0270408;0.028076;0.0314205;0.0032419;0.00361941;0.00529851;0.00203069;0.00468095;0.00324946;0.690757;0.584402;0.908599;0.617758;0.628746;0.65477;
16;-0.0867336;0.0867398;-0.0867341;0.086713;-0.086739;0.086741;0.0428414;0.0281787;0.0473764;0.0128009;0.0338375;0.0190396;0.00189452;0.0161063;0.00309629;0.0067325;0.00273405;0.00881344;0.546042;0.85768;0.74823;0.598424;0.323525;1;
17;-0.113118;0.113122;-0.113118;0.113106;-0.113121;0.113122;0.0578963;0.0184414;0.060546;-0.0253968;0.0526379;-0.0217504;0.00110612;0.0355762;0.00180858;0.00886102;0.00159631;0.011365;0.0826565;1;0.478239;0.543493;0;1;
18;-0.1328;0.132803;-0.1328;0.132793;-0.132802;0.132803;0.0953761;-0.0507802;0.0969235;-0.0763935;0.0923053;-0.0742586;0.000645597;0.0280736;0.00105582;0.00517681;0.000931872;0.0112548;0;1;0;0.505;0;1;
19;-0.138312;0.138313;-0.138312;0.138308;-0.138313;0.138313;0.143483;-0.117426;0.144386;-0.132394;0.141689;-0.131143;0.000376637;0.0163993;0.000616208;0.0030245;0.000543797;0.00657538;0;1;0;0.681687;0;1;
20;-0.123566;0.123568;-0.123567;0.123564;-0.123567;0.123567;0.185917;-0.17069;0.186445;-0.17944;0.18487;-0.178705;0.000219517;0.0095792;0.000359428;0.00176691;0.000317125;0.00384124;0;1;0;0.521962;0;1;
21;-0.0843851;0.0843859;-0.0843851;0.0843837;-0.0843856;0.0843856;0.214897;-0.194414;0.215205;-0.211112;0.214285;-0.210681;0.000127743;0.00559455;0.000209452;0.00103198;0.000184708;0.00224353;0;1;0;0.687605;0;1;
22;-0.0173044;0.0173052;-0.0173044;0.0173035;-0.017305;0.0173047;0.230518;-0.188157;0.230698;-0.228306;0.230161;-0.217917;7.40761e-05;0.00326746;0.000121801;0.000602536;0.000107362;0.00131009;0;1;0;0.586021;0;0.93179;
23;0.0725461;-0.0725449;0.0725461;-0.0725466;0.0725451;-0.0725459;0.227708;-0.166229;0.228223;-0.207095;0.228508;-0.207804;4.27338e-05;0.00190894;7.0588e-05;0.000351871;6.2185e-05;0.000765195;0;1;0;0.631384;0;1;
24;0.159619;-0.159618;0.159619;-0.15962;0.159618;-0.159619;0.189736;-0.130721;0.189181;-0.1695;0.193556;-0.179607;2.45082e-05;0.00774291;4.07381e-05;0.000206306;3.57291e-05;0.000447513;0;1;0;0.706134;0;1;
25;0.222491;-0.22249;0.222491;-0.222491;0.22249;-0.222491;0.150703;-0.0748452;0.145837;-0.115861;0.159732;-0.139948;1.39233e-05;0.0232942;2.34115e-05;0.00951721;2.03745e-05;0.000262479;0;1;0;0.749715;0;1;
26;0.261128;-0.261128;0.261128;-0.261128;0.261127;-0.261128;0.137069;-0.00990649;0.102789;-0.0583447;0.147618;-0.100384;7.67537e-06;0.0319989;1.33939e-05;0.0151007;1.14577e-05;0.0021899;0;1;0;0.819086;0;1;
27;0.282492;-0.282493;0.282493;-0.282493;0.282492;-0.282493;0.110512;0.0366893;0.0904894;0.0174026;0.11667;-0.0190155;0.00620327;0.0348991;7.36861e-06;0.0511717;6.19133e-06;0.014947;0.811803;1;0;0.886126;0;0.818082;
28;0.292154;-0.292155;0.292154;-0.292155;0.292154;-0.292155;0.0626208;0.0488028;0.050929;0.0642236;0.0662166;0.0575145;0.0130541;0.0203854;0.016983;0.0298886;0.0266564;0.0369097;0.993176;0.808354;0.882623;0.558374;0.727783;0.919464;
29;0.29273;-0.29287;0.29273;-0.292733;0.297651;-0.29273;-0.00770895;0.0727811;-0.0145265;0.0817868;-0.00559437;0.0778693;0.00762529;0.0119046;0.0188532;0.0174544;0.0247998;0.021555;0.690054;0;1;0;1;0;
30;0.283765;-0.283847;0.283765;-0.283767;0.286639;-0.283765;-0.0895723;0.127575;-0.0935444;0.132835;-0.0883245;0.130547;0.00445431;0.00695183;0.0159622;0.0101929;0.0252165;0.0125876;0.759291;0;1;0;1;0;
31;0.263376;-0.263423;0.263376;-0.263377;0.265054;-0.263376;-0.158667;0.180862;-0.16098;0.183933;-0.157928;0.182597;0.00260196;0.00405941;0.00932422;0.00595219;0.0147295;0.00735071;0.824732;0;1;0;1;0;
32;0.23181;-0.231838;0.23181;-0.231811;0.23279;-0.23181;-0.204721;0.217684;-0.206067;0.219477;-0.204281;0.218697;0.00151974;0.0023702;0.00544599;0.00347557;0.00860272;0.0042923;0.929464;0;1;0;1;0;
33;0.18955;-0.189566;0.18955;-0.18955;0.190122;-0.18955;-0.231855;0.239426;-0.232637;0.240474;-0.207864;0.240018;0.000887385;0.00138366;0.00318015;0.0020292;0.00502337;0.0025062;1;0;1;0;1;0;
34;0.133932;-0.133941;0.133932;-0.133932;0.134265;-0.133931;-0.246123;0.250546;-0.232629;0.251158;-0.206515;0.250891;0.000517879;0.000807493;0.00185679;0.00118451;0.00127294;0.00146308;1;0;1;0;1;0;
35;0.0591837;-0.0591896;0.0591838;-0.0591838;0.0593792;-0.0591837;-0.239541;0.249735;-0.222913;0.248791;-0.190729;0.248535;0.000302064;0.000471023;0.00108417;0.000691182;0.000743457;0.000853863;0.866411;0;1;0;1;0;
36;-0.0359185;0.0359146;-0.0359184;0.0359185;-0.0358037;0.0359185;-0.218791;0.225809;-0.213335;0.236261;-0.17152;0.23557;0.000176315;0.000274516;0.000633181;0.000403106;0.000434865;0.000498113;1;0;1;0;1;0;
37;-0.132208;0.132205;-0.132208;0.132208;-0.132141;0.132208;-0.183902;0.200735;-0.191138;0.198821;-0.144821;0.199688;0.000103457;0.000159764;0.000370221;0.000234985;0.00235205;0.000290407;1;0;1;0;1;0;
38;-0.205021;0.205019;-0.205021;0.205021;-0.204981;0.205021;-0.133051;0.166523;-0.15463;0.173453;-0.0762262;0.16236;0.00629282;9.27854e-05;0.00409692;0.000136707;0.0259055;0.000169064;1;0;1;0;1;0;
39;-0.250955;0.250954;-0.250955;0.250955;-0.250932;0.250955;-0.0792821;0.156435;-0.110579;0.161247;-0.031123;0.147509;0.026056;5.3745e-05;0.00475842;7.93876e-05;0.0392145;9.83557e-05;1;0;1;0;1;0;
40;-0.277083;0.277082;-0.277083;0.277083;-0.27707;0.277083;-0.016071;0.129082;-0.0544901;0.131893;0.0437254;0.123869;0.0264586;3.09316e-05;0.00572192;0.000642623;0.0434999;5.70204e-05;1;0;0.829131;0.111152;1;0;
41;-0.289951;0.289951;-0.289951;0.289951;-0.289944;0.289951;0.0517655;0.0834369;0.0507595;0.0850824;0.059459;0.0803939;0.0434957;0.00101781;0.0520139;0.0104286;0.025411;0.0222839;1;0.347062;1;0.658626;1;0.651208;
42;-0.293161;0.293161;-0.293161;0.293161;-0.293157;0.293161;0.0642316;0.0178254;0.0646277;0.0177606;0.0679233;0.0150291;0.0254015;0.0256339;0.030377;0.00609292;0.0148398;0.0188485;0;1;0.510182;0.4561;0;1;
43;-0.287142;0.287142;-0.287142;0.287142;-0.28714;0.287142;0.112808;-0.0648716;0.113039;-0.064924;0.114964;-0.0665083;0.0148339;0.0339098;0.0177396;0.00355945;0.00866599;0.0206577;0;1;0;0.557403;0;1;
44;-0.270064;0.270065;-0.270064;0.270064;-0.270063;0.270064;0.168474;-0.140468;0.168609;-0.140509;0.169733;-0.141427;0.00866257;0.0198073;0.0103595;0.00207951;0.00506048;0.0120671;0;1;0;0.43304;0;1;
45;-0.241493;0.241493;-0.241493;0.241493;-0.241492;0.241493;0.209723;-0.193358;0.209802;-0.193391;0.210458;-0.193921;0.00505844;0.0115688;0.00604942;0.00121475;0.00295483;0.00704828;0;1;0;0.459808;0;1;
46;-0.202303;0.202303;-0.202303;0.202303;-0.202302;0.202303;0.234959;-0.209934;0.235006;-0.225421;0.235389;-0.225726;0.00295362;0.00675585;0.00353235;0.000709341;0.00172509;0.00411614;0;1;0;0.662724;0;1;
47;-0.150865;0.150865;-0.150865;0.150865;-0.150864;0.150865;0.248499;-0.205564;0.248526;-0.242927;0.24875;-0.228972;0.00172436;0.00394503;0.00206233;0.000413966;0.0010069;0.00240343;0;1;0;0.453918;0;1;
48;-0.0819839;0.0819844;-0.0819839;0.0819839;-0.0819838;0.081984;0.251164;-0.196962;0.251625;-0.241894;0.251168;-0.226527;0.00100648;0.00230366;0.00120384;0.000241347;0.000587474;0.00140335;0;1;0;0.540632;0;1;
49;0.00835592;-0.00835538;0.00835591;-0.00835594;0.00835586;-0.00835583;0.240159;-0.182457;0.239136;-0.226715;0.233135;-0.215688;0.000587216;0.0013456;0.000702494;0.000140761;0.000342513;0.000819504;0;1;0;0.610297;0;1;
50;0.107335;-0.107334;0.107335;-0.107335;0.107335;-0.107335;0.208051;-0.14949;0.213707;-0.19872;0.21062;-0.201091;0.000342406;0.000786836;0.000409721;8.24082e-05;0.000199492;0.000478856;0;1;0;0.657839;0;1;
51;0.187852;-0.187852;0.187852;-0.187852;0.187852;-0.187852;0.185267;-0.111077;0.200615;-0.156749;0.175357;-0.16285;0.000199505;-0.0121659;0.000238868;0.00175763;-0.0039576;0.00137825;0;1;0;0.724542;0;1;
52;0.240616;-0.240617;0.240616;-0.240617;0.240617;-0.240616;0.173437;-0.0342715;0.1824;-0.0912851;0.136155;-0.126918;0.000116081;0.0565801;0.000138987;0.021062;-0.00231172;0.00762061;0;1;0;0.627303;0;0.966024;
53;0.27144;-0.271441;0.271439;-0.27144;0.27144;-0.271439;0.145708;0.0224274;0.150943;-0.0264235;0.123936;-0.0744281;6.73548e-05;0.0458159;8.07478e-05;0.0392188;-0.00135049;0.00445211;0;1;0;0.998017;0;0.876702;
54;0.287466;-0.287468;0.287466;-0.287467;0.287467;-0.287466;0.102292;0.0637768;0.105344;0.037775;0.0895721;0.0259495;0.00335833;0.0313972;4.67769e-05;0.025947;-0.000789118;0.0345909;0.66027;1;0;0.839382;0;1;
55;0.293158;-0.293159;0.293158;-0.293158;0.293158;-0.293158;0.0397791;0.0704068;0.0415677;0.071659;0.0363324;0.0838545;0.008117;0.0183369;0.0299597;0.0151536;0.0389783;0.0202036;0.731039;0.0739392;1;0.137336;1;0.599741;
56;0.289813;-0.289813;0.289813;-0.289813;0.289813;-0.289813;-0.0409114;0.10526;-0.0398558;0.105992;-0.0429097;0.113114;0.00474161;0.0107083;0.0192704;0.00884923;0.030045;0.0117983;0.573995;0;1;0;0.969899;0;
57;0.275955;-0.275955;0.275955;-0.275955;0.275956;-0.275955;-0.121237;0.158817;-0.120612;0.159244;-0.122392;0.163404;0.00277005;0.00625316;0.0112577;0.0051675;0.0175511;0.00688976;0.633309;0;1;0;1;0;
58;0.250436;-0.250436;0.250436;-0.250436;0.250436;-0.250436;-0.180887;0.202835;-0.180516;0.203084;-0.181552;0.205513;0.00161815;0.00365136;0.00657601;0.00301734;0.0102517;0.00402313;0.522313;0;1;0;1;0;
59;0.214179;-0.214179;0.214179;-0.214179;0.214179;-0.214179;-0.218145;0.230963;-0.217923;0.231108;-0.213417;0.232527;0.000945021;0.00213187;0.00384058;0.00176163;0.00598688;0.002349;0.7157;0;1;0;1;0;
60;0.166496;-0.166496;0.166496;-0.166496;0.166496;-0.166496;-0.239145;0.246632;-0.229669;0.246717;-0.207682;0.247545;0.000551656;0.00124447;0.00224246;0.00102824;0.00349591;0.00137127;0.769864;0;1;0;1;0;
61;0.103062;-0.103062;0.103062;-0.103062;0.103062;-0.103062;-0.245436;0.253618;-0.226113;0.253668;-0.200374;0.253953;0.000321747;0.000726211;0.00130931;0.000599946;0.00204129;0.000800263;0.794751;0;1;0;1;0;
62;0.0184139;-0.0184141;0.0184141;-0.0184141;0.0184154;-0.0184141;-0.23428;0.237818;-0.215026;0.243413;-0.185726;0.243476;0.000187625;0.000423532;0.000764582;0.000349829;0.00119246;0.000466792;0.869465;0;1;0;1;0;
63;-0.0808902;0.0808908;-0.0808901;0.08089;-0.0808888;0.0808899;-0.204982;0.216656;-0.206856;0.226669;-0.16511;0.226857;0.000109524;0.00024679;0.000446717;0.000203828;0.00069654;0.000272065;1;0;0.889735;0;1;0;
64;-0.168492;0.168494;-0.168492;0.168492;-0.168492;0.168492;-0.164785;0.183574;-0.178292;0.217965;-0.116747;0.216682;6.48784e-05;0.000143595;0.000261578;0.000118538;0.0172675;0.000158387;0.991557;0;1;0;1;0;
65;-0.228614;0.228616;-0.228614;0.228614;-0.228615;0.228614;-0.113277;0.146607;-0.139127;0.19756;-0.0563565;0.196811;0.00762765;8.33529e-05;0.00142119;6.87649e-05;0.0264686;9.20167e-05;1;0;1;0;1;0;
66;-0.264691;0.264692;-0.264691;0.264691;-0.264692;0.264691;-0.0497197;0.136259;-0.0911681;0.166016;0.0122951;0.165578;0.0355851;4.82259e-05;0.0108682;3.97385e-05;0.039494;5.33134e-05;1;0;1;0;1;0;
67;-0.284217;0.284217;-0.284216;0.284216;-0.284218;0.284216;0.0330434;0.10513;-0.00744446;0.122511;0.0464627;0.122253;0.0597557;2.76863e-05;0.0175781;0.00556001;0.034084;3.07485e-05;0.973296;0;1;0.411398;1;0;
68;-0.292489;0.292489;-0.292488;0.292488;-0.292489;0.292489;0.0536695;0.0527489;0.0734973;0.0628965;0.0725669;0.0642986;0.0348999;0.0178544;0.0399063;0.0070255;0.0199089;0.0407131;0.669446;0.919266;0.836242;0.435875;0.561337;1;
69;-0.291686;0.293018;-0.291686;0.291685;-0.291733;0.291796;0.0834414;-0.0212775;0.0950209;-0.0153664;0.0944774;-0.0145361;0.0203809;0.0297035;0.0233047;0.00410439;0.0116263;0.0237838;0;1;0;0.511199;0;1;
70;-0.280941;0.281719;-0.280941;0.280941;-0.280968;0.281005;0.139115;-0.102798;0.145877;-0.099358;0.14556;-0.0988644;0.011902;0.0212052;0.0136095;0.00239803;0.00678928;0.0138942;0;1;0;0.407686;0;1;
71;-0.258577;0.259032;-0.258577;0.258577;-0.258593;0.258615;0.189348;-0.168128;0.193297;-0.166129;0.193112;-0.165834;0.00695028;0.0123864;0.00794743;0.00140103;0.00396447;0.00811633;0;1;0;0.441975;0;1;
72;-0.225211;0.225477;-0.225211;0.225211;-0.225221;0.225234;0.222901;-0.2105;0.225208;-0.209341;0.2251;-0.209164;0.00405845;0.00723406;0.00464077;0.000818335;0.00231474;0.00474044;0;1;0;0.471095;0;1;
73;-0.180948;0.181104;-0.180948;0.180948;-0.180954;0.180961;0.242294;-0.205567;0.243641;-0.234374;0.243578;-0.233334;0.00236959;0.00422423;0.00270967;0.000477728;0.00135127;0.00276808;0;1;0;0.489556;0;1;
74;-0.122469;0.122561;-0.12247;0.122469;-0.122474;0.122477;0.251815;-0.20151;0.252602;-0.247189;0.252565;-0.228746;0.00138329;0.00246658;0.00158188;0.000278628;0.000788588;0.00161621;0;1;0;0.608993;0;1;
75;-0.0438942;0.0439489;-0.0438943;0.0438943;-0.0438976;0.0438987;0.246808;-0.190728;0.247081;-0.236684;0.245748;-0.223391;0.000807279;0.00144043;0.00092326;0.000162375;0.000459973;0.000943686;0;1;0;0.572186;0;1;
76;0.053451;-0.0534173;0.0534509;-0.053451;0.0534475;-0.0534484;0.231543;-0.169593;0.232569;-0.213667;0.221761;-0.208954;0.000470894;0.000841908;0.000538623;9.48003e-05;0.00026808;0.000551209;0;1;0;0.632836;0;1;
77;0.146926;-0.146905;0.146926;-0.146926;0.146923;-0.146924;0.195552;-0.137911;0.197805;-0.173735;0.197268;-0.185669;0.000274697;0.0050985;0.000314249;5.59388e-05;-0.000985892;0.000322426;0;1;0;0.894183;0;1;
78;0.214779;-0.214766;0.214779;-0.214779;0.214776;-0.214778;0.164465;-0.0720119;0.152565;-0.125163;0.164639;-0.147332;0.000159823;0.0198565;0.000182868;0.00656799;-0.000576298;0.000189334;0;1;0;0.919463;0;1;
79;0.256705;-0.256697;0.256704;-0.256705;0.256703;-0.256704;0.152504;-0.0208013;0.138365;-0.071668;0.152606;-0.104226;9.29345e-05;0.0394968;0.000106472;0.0302227;-0.000337006;0.0187884;0;1;0;0.641751;0;1;
80;0.280132;-0.280128;0.280132;-0.280132;0.280131;-0.280131;0.122277;0.0472342;0.114017;0.0106709;0.122334;-0.0284874;0.0263412;0.0425047;6.17188e-05;0.0453559;-0.000197267;0.0109748;0.806845;1;0;0.881282;0;0.971649;
81;0.29115;-0.291148;0.29115;-0.291151;0.29115;-0.29115;0.0732674;0.0541837;0.0684429;0.0599747;0.0732987;0.051306;0.0153855;0.0248285;0.0159662;0.026493;0.0135577;0.0486002;0.682931;1;0.553152;0.649191;0.466341;1;
82;0.292813;-0.292812;0.292813;-0.292813;0.292813;-0.292813;0.00308269;0.0713506;0.000275231;0.0747327;0.00353673;0.0696713;0.00898726;0.0144995;0.0216812;0.0154716;0.0261858;0.0283827;0.563944;0;1;0;1;0.287595;
83;0.285021;-0.285021;0.285021;-0.285021;0.285021;-0.285021;-0.0798531;0.123323;-0.0814834;0.125298;-0.0795744;0.122342;0.00524973;0.00846723;0.0184363;0.00903494;0.029174;0.016575;0.611853;0;1;0;1;0;
84;0.265889;-0.265889;0.26589;-0.265889;0.26589;-0.265889;-0.151759;0.177146;-0.152704;0.1783;-0.151586;0.176573;0.00306656;0.0049444;0.0107694;0.00527595;0.017041;0.00967931;0.654164;0;1;0;1;0;
85;0.23544;-0.23544;0.235441;-0.23544;0.235441;-0.23544;-0.200469;0.215296;-0.201016;0.21597;-0.200359;0.214961;0.00179111;0.00288703;0.00629016;0.00308066;0.00995289;0.0056522;0.696489;0;1;0;1;0;
86;0.194344;-0.194343;0.194344;-0.194344;0.194344;-0.194344;-0.229455;0.238115;-0.22977;0.238508;-0.206868;0.237919;0.00104589;0.00168548;0.00367326;0.00179861;0.00581206;0.00330037;0.738786;0;1;0;1;0;
87;0.140327;-0.140326;0.140327;-0.140327;0.140326;-0.140327;-0.24494;0.249998;-0.229849;0.250228;-0.203301;0.249884;0.000610485;0.000983764;0.00214482;0.00104984;0.00339385;0.00192685;0.764135;0;1;0;1;0;
88;0.0677854;-0.0677846;0.0677855;-0.0677854;0.067785;-0.0677854;-0.239506;0.251127;-0.225121;0.249746;-0.194864;0.249974;0.000356123;0.000573959;0.00125233;0.000612563;0.00198184;0.00112473;0.826206;0;1;0;1;0;
89;-0.0257055;0.0257069;-0.0257054;0.0257055;-0.0257066;0.0257055;-0.221424;0.228488;-0.214507;0.237823;-0.176852;0.237103;0.00020787;0.000334616;0.000731387;0.000357187;0.00115787;0.000656301;0.930503;0;1;0;1;0;
90;-0.12325;0.123252;-0.12325;0.12325;-0.123252;0.12325;-0.1899;0.204807;-0.195837;0.205851;-0.146797;0.201588;0.000121793;0.000194847;0.000427472;0.000208101;0.000677422;0.000382769;1;0;1;0;1;0;
91;-0.198941;0.198943;-0.198941;0.198941;-0.198943;0.198941;-0.140045;0.170522;-0.157751;0.168499;-0.0933359;0.164317;0.00787759;0.000113254;0.00216678;0.000121097;0.0112567;0.000223031;1;0;1;0;1;0;
92;-0.247326;0.247327;-0.247326;0.247326;-0.247328;0.247326;-0.0889839;0.161518;-0.116586;0.157955;-0.0309163;0.14221;0.0131814;6.56873e-05;0.00126672;7.02745e-05;0.0269688;0.000130008;1;0;0.926052;0;1;0;
93;-0.275123;0.275124;-0.275123;0.275123;-0.275125;0.275123;-0.0200497;0.134581;-0.0624409;0.132499;0.0368793;0.123305;0.0303322;3.78862e-05;0.0224524;4.06765e-05;0.0546241;7.54706e-05;0.975169;0;0.827818;0;1;0;
94;-0.289121;0.289121;-0.28912;0.28912;-0.289122;0.28912;0.0442877;0.090112;0.0416432;0.0889024;0.0610548;0.0835284;0.0489698;2.16911e-05;0.0250438;0.0120088;0.0319081;0.0144146;1;0.0135307;1;0.509699;1;0.781786;
95;-0.293238;0.293238;-0.293238;0.293238;-0.293239;0.293238;0.0537462;0.025182;0.0773932;0.0244656;0.0522732;0.0213349;0.0285986;0.0283641;0.0146265;0.00701559;0.0186341;0.0245295;0.5304;1;0.497915;0.356435;0.145094;1;
96;-0.288223;0.288224;-0.288223;0.288223;-0.288224;0.288223;0.10271;-0.0566005;0.116519;-0.0570335;0.10185;-0.058851;0.016701;0.0341611;0.00854136;0.00409832;0.0108819;0.018597;0;1;0;0.542386;0;1;
97;-0.27234;0.272341;-0.27234;0.27234;-0.27234;0.27234;0.160829;-0.133889;0.168894;-0.134153;0.160327;-0.135207;0.00975295;0.0199544;0.00498771;0.00239427;0.00635458;0.0108639;0;1;0;0.428997;0;0.977761;
98;-0.244882;0.244882;-0.244882;0.244882;-0.244882;0.244882;0.204869;-0.189125;0.209578;-0.189289;0.204575;-0.189899;0.00569518;0.0116549;0.0029123;0.00139863;0.0037106;0.00634575;0;1;0;0.60447;0;1;
