1;-0.000363589;0.000116065;9.9484e-05;-0.000363589;0.000116065;9.9484e-05;0.0349769;0.0347456;0.0352594;0.0349769;0.0347456;0.0352595;0.808667;0.808665;0.808666;0.808667;0.808665;0.808666;0;0;0;0;0;0;
2;-0.00212198;-0.0306259;4.27828e-06;-0.00222806;0.000663226;0.00482911;0.144409;0.151893;0.146684;0.1649;0.159836;0.167237;0.472449;0.472455;0.472452;0.472453;0.472454;0.472465;1;1;1;1;1;1;
3;0.00241382;-0.0345061;0.00525531;-0.00312478;-0.000584647;0.00275248;0.0844259;0.0886242;0.0857532;0.0962211;0.093433;0.0975875;0.275927;0.27593;0.275928;0.275928;0.275927;0.275936;1;0.462252;0.953517;0.659356;0.477089;1;
4;0.00204444;-0.0207861;0.00370392;-0.00245975;0.000293456;0.000972818;0.0492841;0.0517873;0.0500588;0.0562249;0.0545428;0.0570243;0.161147;0.161147;0.161147;0.161147;0.161147;0.161153;0.851277;0.681223;0.868037;0.642058;0.9485;1;
5;0.00192379;-0.0130151;0.00303925;-0.00244554;0.00104749;-0.000307919;0.0296553;0.0305034;0.0310482;0.0330955;0.0316021;0.0346201;0.094113;0.0941127;0.0941133;0.0941128;0.0941125;0.0941169;1;0.84498;1;0.523287;0.808382;1;
6;0.00223091;-0.00870808;0.00289292;-0.00305584;0.00171911;-0.00128706;0.0282789;0.0360466;0.0320101;0.033678;0.0327426;0.0383197;0.0549644;0.0549643;0.054965;0.0549643;0.0549644;0.0549672;0.732;0.875218;1;0.638132;0.883453;1;
7;0.00254619;-0.00632874;0.00320617;-0.00326277;0.00224723;-0.0019948;0.0265145;0.0314137;0.0304983;0.0308398;0.0303497;0.0348492;0.0321017;0.0321015;0.0321023;0.0321016;0.0321021;0.0321036;1;0.849101;1;0.622406;1;1;
8;0.00324141;-0.00482952;0.00300601;-0.00303904;0.00244593;-0.00196446;0.0235178;0.0295812;0.0276236;0.0315161;0.0289701;0.0348832;0.0187499;0.0187495;0.0187507;0.0187497;0.0187507;0.0187513;1;0.744758;1;0.61942;1;1;
9;0.0024314;-0.00335879;0.00229391;-0.00231319;0.00196676;0.000124524;0.0218653;0.0301338;0.0267743;0.0332639;0.0287248;0.0366402;0.0109526;0.0109517;0.0109535;0.0109521;0.0109538;0.0109533;1;0.70035;1;0.603258;1;1;
10;0.000524718;-0.00106622;0.000444411;-0.000455639;0.000253314;0.000968106;0.0201615;0.0310555;0.024997;0.035036;0.0277174;0.037527;0.0063991;0.00639748;0.00640003;0.00639811;0.00640057;0.00639921;1;0.640873;1;0.575963;0.90464;1;
11;-0.00333959;0.0030234;-0.00338649;0.00337994;-0.00349817;0.00421153;0.0160235;0.0308491;0.0228531;0.0370176;0.0264877;0.0408393;0.00373998;0.00373765;0.00772468;0.00373859;0.00945164;0.00373942;1;0.609792;1;0.572353;1;1;
12;-0.01025;0.0100655;-0.0102775;0.0102736;-0.0103427;0.0107594;0.0155072;0.0323301;0.0206199;0.040301;0.0267796;0.0417295;0.00367746;0.00218405;0.00717581;0.00218531;0.0102195;0.00218596;1;0.563977;1;0.565863;1;0.991164;
13;-0.021444;0.0213363;-0.02146;0.0214578;-0.0214982;0.0217416;0.0142119;0.0317586;0.0191489;0.0417345;0.0272495;0.0422972;0.00399021;0.00127672;0.0068438;0.00127818;0.00860017;0.00127869;1;0.551495;1;0.559206;1;0.953927;
14;-0.0380197;0.0379568;-0.0380291;0.0380278;-0.0380514;0.0381937;0.0168925;0.0318096;0.022357;0.0388551;0.0273653;0.0389464;0.00448886;0.000747151;0.00668159;0.000748595;0.00703693;0.000748949;1;0.602442;1;0.583038;1;1;
15;-0.0602849;0.0602482;-0.0602904;0.0602896;-0.0603034;0.0603869;0.0233184;0.0265011;0.0292026;0.0303472;0.027472;0.0279209;0.00262394;0.00379931;0.00408839;0.00316146;0.00411241;0.00163561;0.835472;0.748138;1;0.651242;0.820289;1;
16;-0.0867227;0.0867013;-0.0867259;0.0867255;-0.0867335;0.0867823;0.0436584;0.0249528;0.0505904;0.0118634;0.0353772;0.0157833;0.00153376;0.0140266;0.00356712;0.0095291;0.0024024;0.00784283;0.657487;0.94716;1;1;0.448869;1;
17;-0.113112;0.113099;-0.113114;0.113113;-0.113118;0.113147;0.0583736;0.0163607;0.062424;-0.0259436;0.0535371;-0.023591;0.000895548;0.0481436;0.00208406;0.00812696;0.00140263;0.0213511;0.195265;1;0.60588;0.95296;0;1;
18;-0.132797;0.13279;-0.132798;0.132797;-0.1328;0.132817;0.0956549;-0.0519953;0.0980203;-0.0767126;0.0928304;-0.0753336;0.000522628;0.0281235;0.00121672;0.00474838;0.000818756;0.0124734;0;1;0;0.96035;0;1;
19;-0.138309;0.138305;-0.13831;0.13831;-0.138312;0.138321;0.143645;-0.118135;0.145027;-0.132581;0.141996;-0.13177;0.000304816;0.0265197;0.000710162;0.00277453;0.000477736;0.00728759;0;1;0;0.831817;0;1;
20;-0.123565;0.123563;-0.123566;0.123565;-0.123567;0.123572;0.186013;-0.171104;0.186819;-0.179549;0.185049;-0.179071;0.00017758;0.0154902;0.000414304;0.00162118;0.000278538;0.00425761;0;1;0;0.910146;0;1;
21;-0.0843844;0.0843835;-0.0843846;0.0843844;-0.0843853;0.0843888;0.214953;-0.188411;0.215424;-0.211176;0.21439;-0.209427;0.000103272;0.00904718;0.000241513;0.000947119;0.000162152;0.00248707;0;1;0;0.844341;0;1;
22;-0.017304;0.017304;-0.0173041;0.017304;-0.0173048;0.0173068;0.23055;-0.184396;0.230826;-0.228343;0.230222;-0.217046;5.97764e-05;0.00528438;0.000140534;0.000553258;9.4204e-05;0.00145247;0;1;0;0.907433;0;1;
23;0.0725462;-0.0725455;0.0725461;-0.0725462;0.0725453;-0.0725445;0.228717;-0.163516;0.228991;-0.206165;0.228547;-0.208344;3.4397e-05;0.00308745;8.15245e-05;0.000323344;5.4495e-05;0.000848392;0;1;0;1;0;1;
24;0.159619;-0.159619;0.159619;-0.159619;0.159619;-0.159618;0.195025;-0.131837;0.191812;-0.165842;0.19475;-0.178521;1.97934e-05;0.00632947;4.72961e-05;0.000189876;3.12962e-05;0.000496058;0;1;0;1;0;1;
25;0.222491;-0.22249;0.222491;-0.222491;0.22249;-0.22249;0.177824;-0.0650871;0.161897;-0.120538;0.186978;-0.145101;1.10406e-05;0.0250727;2.69764e-05;0.00312539;1.77918e-05;0.000290651;0;1;0;1;0;1;
26;0.261128;-0.261128;0.261128;-0.261128;0.261128;-0.261128;0.158184;-0.00538999;0.148882;-0.0615377;0.163529;-0.0996694;6.00129e-06;0.0558725;1.53572e-05;0.0246107;9.88332e-06;0.0107392;0;1;0;1;0;1;
27;0.282492;-0.282493;0.282492;-0.282493;0.282493;-0.282493;0.122843;0.038476;0.117408;0.0148007;0.125962;-0.0217621;0.00542056;0.0396793;8.56619e-06;0.0312146;5.26518e-06;0.0105029;1;1;0;1;0;1;
28;0.292154;-0.292155;0.292154;-0.292155;0.292155;-0.292155;0.0698218;0.0543383;0.0666487;0.0576971;0.0716422;0.0542315;0.00438699;0.0231779;0.0169454;0.0182338;0.00868154;0.0384098;0.88632;1;1;1;0.667749;1;
29;0.29273;-0.2929;0.29273;-0.29273;0.297441;-0.292753;-0.0035027;0.0760141;-0.00534753;0.0779762;-0.00242845;0.0759533;0.00470806;0.0135355;0.0218924;0.0106485;0.0256756;0.0224317;0.79494;0;1;0;1;0.465168;
30;0.283765;-0.283864;0.283765;-0.283765;0.286517;-0.283778;-0.0871162;0.129463;-0.0881822;0.130609;-0.0864739;0.129428;0.00275065;0.00790428;0.0207758;0.00621828;0.0393558;0.0130996;0.825301;0;1;0;1;0;
31;0.263375;-0.263434;0.263376;-0.263376;0.264983;-0.263383;-0.157233;0.181964;-0.157848;0.182634;-0.156847;0.181944;0.00160731;0.00461563;0.012136;0.00363106;0.0229875;0.00764973;0.795656;0;1;0;1;0;
32;0.23181;-0.231844;0.23181;-0.23181;0.232749;-0.231815;-0.203883;0.218328;-0.204237;0.218718;-0.203649;0.218315;0.000939173;0.00269502;0.00708864;0.00212003;0.0134261;0.00446693;0.687078;0;1;0;1;0;
33;0.189549;-0.18957;0.189549;-0.18955;0.190098;-0.189552;-0.231366;0.239802;-0.231482;0.24003;-0.204091;0.239795;0.000548625;0.00157335;0.00413998;0.0012376;0.00784092;0.00260818;1;0;1;0;1;0;
34;0.133931;-0.133944;0.133931;-0.133931;0.134253;-0.133933;-0.245837;0.250765;-0.226046;0.250899;-0.199958;0.250761;0.000320351;0.000918277;0.00241786;0.000722218;0.0045791;0.00152262;1;0;1;0;1;0;
35;0.0591835;-0.0591913;0.0591836;-0.0591836;0.0593722;-0.0591845;-0.237942;0.250051;-0.221547;0.249731;-0.19017;0.248896;0.000187004;0.000535712;0.00141225;0.000421235;0.00267458;0.000888667;1;0;1;0;1;0;
36;-0.0359187;0.0359135;-0.0359186;0.0359184;-0.0358058;0.0359179;-0.224051;0.225573;-0.208866;0.236347;-0.175914;0.235076;0.000109333;0.00031227;0.000825291;0.000245511;0.00156231;0.000518409;1;0;1;0;1;0;
37;-0.132208;0.132205;-0.132207;0.132207;-0.132141;0.132207;-0.183359;0.202073;-0.19123;0.223571;-0.148356;0.203024;6.42745e-05;0.000154525;0.000482808;0.000143007;0.00091275;0.00030244;1;0;1;0;1;0;
38;-0.20502;0.205019;-0.20502;0.20502;-0.204982;0.20502;-0.127964;0.166461;-0.157805;0.208529;-0.0710495;0.175651;0.010015;8.97129e-05;0.00131821;8.29933e-05;0.050271;0.000176033;1;0;1;0;1;0;
39;-0.250954;0.250954;-0.250954;0.250954;-0.250934;0.250954;-0.0753722;0.157163;-0.114744;0.181731;-0.0219066;0.162531;0.0278842;5.19178e-05;0.00715059;4.79851e-05;0.0401393;0.000102396;1;0;1;0;1;0;
40;-0.277083;0.277082;-0.277083;0.277083;-0.277072;0.277083;-0.0154582;0.129507;-0.0545486;0.143856;0.0384025;0.132642;0.0211241;2.98571e-05;0.00417771;0.00486234;0.0475145;5.94304e-05;1;0;1;0.325929;1;0;
41;-0.289951;0.289951;-0.289951;0.289951;-0.289945;0.289951;0.0448617;0.0836853;0.0445058;0.0920686;0.0569516;0.0855173;0.0335646;1.76522e-05;0.0445325;0.00656622;0.0277554;0.0165554;1;0.381555;1;0.66667;1;0.989216;
42;-0.293161;0.293161;-0.293161;0.293161;-0.293157;0.293161;0.0611044;0.0230151;0.0579254;0.0218413;0.065769;0.0180203;0.0196023;0.0325709;0.0260085;0.0045657;0.0162091;0.0251391;0.119751;1;0.755191;0.799308;0;1;
43;-0.287142;0.287142;-0.287142;0.287142;-0.28714;0.287142;0.110982;-0.0618405;0.109125;-0.0625408;0.113706;-0.0647612;0.0114473;0.0240289;0.0151885;0.00266769;0.00946567;0.0265572;0;1;0;0.453252;0;1;
44;-0.270064;0.270065;-0.270064;0.270064;-0.270063;0.270064;0.167408;-0.138697;0.166324;-0.139117;0.168999;-0.140406;0.00668479;0.02028;0.00886967;0.00155887;0.0055275;0.0155132;0;1;0;0.530756;0;1;
45;-0.241493;0.241493;-0.241493;0.241492;-0.241492;0.241492;0.2091;-0.192323;0.208467;-0.192578;0.210029;-0.193324;0.0039034;0.0118455;0.00517938;0.000910843;0.00322757;0.00906136;0;1;0;0.588402;0;1;
46;-0.202303;0.202303;-0.202303;0.202303;-0.202302;0.202303;0.234596;-0.207538;0.234226;-0.224946;0.235138;-0.225377;0.00227909;0.00691792;0.00302426;0.000531994;0.00188437;0.00529224;0;1;0;0.466225;0;1;
47;-0.150864;0.150865;-0.150864;0.150864;-0.150865;0.150864;0.248286;-0.20165;0.24807;-0.24265;0.248603;-0.226674;0.00133044;0.00404004;0.00176562;0.000310493;0.00109991;0.00309073;0;1;0;0.776969;0;1;
48;-0.0819837;0.0819848;-0.0819837;0.0819836;-0.0819842;0.0819836;0.251542;-0.195608;0.250959;-0.24142;0.252355;-0.224171;0.000776449;0.00235944;0.00103057;0.000181;0.000641795;0.00180519;0;1;0;0.973598;0;1;
49;0.00835591;-0.00835356;0.00835588;-0.00835615;0.00835554;-0.00835614;0.23974;-0.181814;0.240528;-0.226987;0.234478;-0.21372;0.000452933;0.00137821;0.000601286;0.000105475;0.000374229;0.00105468;0;1;0;1;0;1;
50;0.107335;-0.107333;0.107335;-0.107335;0.107334;-0.107335;0.21142;-0.151234;0.211598;-0.19858;0.210971;-0.199922;0.000263995;0.000805763;0.000350639;6.19256e-05;0.000217988;0.000616547;0;1;0;1;0;1;
51;0.187852;-0.187852;0.187852;-0.187852;0.187852;-0.187852;0.177778;-0.103921;0.175738;-0.151578;0.174387;-0.165508;0.000153738;0.0130451;0.000204288;0.00175725;0.000126741;0.00181969;0;1;0;1;0;1;
52;0.240617;-0.240617;0.240617;-0.240617;0.240616;-0.240617;0.166397;-0.0495143;0.157063;-0.0950453;0.137855;-0.123916;8.92968e-05;0.0304878;0.000118946;0.00666436;7.3568e-05;0.00251923;0;1;0;1;0;1;
53;0.27144;-0.271441;0.27144;-0.27144;0.27144;-0.27144;0.141597;0.027118;0.136146;-0.0343139;0.124928;-0.0779855;5.17643e-05;0.0373457;6.90396e-05;0.0170959;4.25016e-05;0.0105326;0.00566326;1;0;1;0;1;
54;0.287466;-0.287468;0.287466;-0.287467;0.287466;-0.287467;0.0998915;0.0496287;0.0967034;0.0330621;0.0901518;0.0227171;0.00635558;0.0401301;0.000752109;0.0362664;2.43852e-05;0.0295984;0.944834;1;0.272987;1;0;1;
55;0.293158;-0.293159;0.293158;-0.293159;0.293158;-0.293158;0.0383776;0.0653958;0.0365207;0.0678537;0.0326961;0.0747832;0.0037146;0.0234369;0.0189554;0.0211805;0.0270508;0.0172879;1;0.317308;1;0.307687;1;1;
56;0.289813;-0.289813;0.289813;-0.289813;0.28855;-0.289813;-0.0417297;0.102334;-0.0428032;0.103769;-0.0450331;0.107816;0.00592113;0.0136867;0.0171353;0.0123689;0.0245943;0.0100957;0.850931;0;1;0;1;0;
57;0.275955;-0.275955;0.275955;-0.275955;0.275218;-0.275955;-0.121714;0.157108;-0.122333;0.157946;-0.123632;0.16031;0.00345906;0.00799254;0.0100111;0.00722297;0.0228662;0.00589546;0.637197;0;1;0;1;0;
58;0.250436;-0.250436;0.250436;-0.250436;0.250006;-0.250436;-0.181166;0.201837;-0.181521;0.202326;-0.182276;0.203707;0.00202064;0.00466715;0.00584848;0.00421774;0.0133559;0.00344248;0.863631;0;1;0;1;0;
59;0.214179;-0.214179;0.214179;-0.214179;0.213928;-0.214179;-0.218307;0.23038;-0.21851;0.230666;-0.21325;0.231472;0.00118013;0.00272507;0.0034161;0.0024627;0.00780048;0.00200994;0.907862;0;1;0;1;0;
60;0.166496;-0.166496;0.166496;-0.166496;0.166349;-0.166496;-0.23924;0.246291;-0.223941;0.246458;-0.200898;0.246929;0.000689024;0.00159091;0.00199498;0.00143762;0.00455538;0.00117326;1;0;1;0;1;0;
61;0.103062;-0.103062;0.103062;-0.103062;0.102977;-0.103062;-0.245863;0.253419;-0.226739;0.253517;-0.202174;0.253792;0.000402031;0.000928519;0.00116523;0.000839034;0.00265987;0.000684637;1;0;1;0;1;0;
62;0.0184136;-0.0184145;0.0184138;-0.0184137;0.0183651;-0.0184137;-0.233366;0.238098;-0.216127;0.24494;-0.183074;0.24436;0.000234562;0.000541678;0.000680724;0.00048946;0.00155352;0.000399302;1;0;1;0;1;0;
63;-0.0808911;0.0808899;-0.0808909;0.080891;-0.0809185;0.080891;-0.200057;0.216952;-0.199958;0.22212;-0.151124;0.223563;0.000137079;0.000315825;0.000398015;0.000285278;0.000908218;0.000232607;1;0;1;0;1;0;
64;-0.168493;0.168492;-0.168493;0.168493;-0.168509;0.168493;-0.161916;0.184859;-0.171753;0.185798;-0.118262;0.194976;8.0816e-05;0.00018397;0.000232885;0.000166392;0.0172292;0.000135546;1;0;1;0;1;0;
65;-0.228615;0.228615;-0.228615;0.228615;-0.228624;0.228615;-0.105965;0.149382;-0.137829;0.154988;-0.0556016;0.184135;0.00702375;0.000106921;0.000530661;9.65498e-05;0.0251031;7.85408e-05;1;0;1;0;1;0;
66;-0.264692;0.264691;-0.264692;0.264692;-0.264698;0.264691;-0.0536723;0.137879;-0.0931674;0.141153;0.00520403;0.158175;0.017154;6.19673e-05;0.00549165;5.5981e-05;0.0364084;4.5463e-05;1;0;1;0;1;0;
67;-0.284217;0.284216;-0.284217;0.284216;-0.284221;0.284216;0.0177884;0.106077;-0.00736432;0.107992;0.03847;0.117929;0.026207;3.57224e-05;0.0268941;0.0030507;0.0358811;2.61817e-05;1;0;1;0.473236;1;0;
68;-0.292489;0.292489;-0.292489;0.292489;-0.292491;0.292489;0.0629125;0.0533011;0.0698276;0.0544181;0.0613892;0.0602231;0.0153078;0.0246367;0.0236331;0.0069256;0.0209584;0.0263103;0.999107;0.982845;1;0.890659;0.798898;1;
69;-0.291686;0.289537;-0.291686;0.291686;-0.291755;0.291686;0.0888394;-0.0209558;0.0928784;-0.0203173;0.0879496;-0.0169168;0.00893933;0.0295302;0.0138016;0.00534416;0.0122392;0.0211821;0;1;0;0.497813;0;1;
70;-0.280941;0.279686;-0.280941;0.280941;-0.280981;0.280941;0.142267;-0.102609;0.144626;-0.102249;0.141748;-0.100254;0.00522008;0.0320652;0.00805963;0.00312222;0.00714723;0.0175601;0;1;0;0.491264;0;1;
71;-0.258577;0.257844;-0.258577;0.258577;-0.258601;0.258577;0.191189;-0.168018;0.192566;-0.167818;0.190885;-0.166645;0.0030481;0.0187289;0.00470639;0.00182406;0.0041735;0.0102576;0;1;0;0.428983;0;1;
72;-0.225211;0.224784;-0.225211;0.225211;-0.225225;0.225211;0.223977;-0.210435;0.224781;-0.210327;0.223799;-0.209637;0.0017796;0.0109383;0.00274803;0.00106547;0.00243681;0.00599143;0;1;0;0.609632;0;1;
73;-0.180948;0.180698;-0.180948;0.180948;-0.180956;0.180948;0.242922;-0.20441;0.243392;-0.23495;0.242819;-0.231819;0.00103877;0.00638754;0.00160434;0.000622119;0.00142255;0.00349905;0;1;0;0.660805;0;1;
74;-0.12247;0.122325;-0.12247;0.122469;-0.122475;0.122469;0.252182;-0.197538;0.252456;-0.247525;0.252122;-0.225373;0.000606109;0.00373011;0.000936387;0.000363006;0.000830202;0.00204354;0;1;0;0.681695;0;1;
75;-0.0438945;0.0438109;-0.0438945;0.0438943;-0.0438978;0.0438943;0.24735;-0.186621;0.247484;-0.236014;0.245597;-0.21919;0.000353443;0.00217866;0.00054631;0.000211664;0.000484272;0.00119367;0;1;0;0.753748;0;1;
76;0.0534505;-0.0534982;0.0534505;-0.0534507;0.0534482;-0.0534507;0.232627;-0.163085;0.232118;-0.214788;0.222141;-0.206182;0.000205871;0.00279432;0.00031849;0.000123596;0.000282264;0.000697566;0;1;0;0.856781;0;1;
77;0.146925;-0.146953;0.146925;-0.146926;0.146924;-0.146925;0.214811;-0.137372;0.208994;-0.177662;0.196999;-0.184697;0.000119824;0.00800318;0.000185624;7.27725e-05;0.000164331;0.000408266;0;1;0;0.955398;0;1;
78;0.214779;-0.214795;0.214779;-0.214779;0.214778;-0.214779;0.200508;-0.0767205;0.197111;-0.1236;0.160124;-0.146669;6.94264e-05;0.022905;0.000107811;0.00358025;9.54558e-05;0.00358531;0;1;0;1;0;1;
79;0.256704;-0.256714;0.256704;-0.256705;0.256704;-0.256704;0.173553;-0.0128665;0.171569;-0.0707379;0.149969;-0.10466;4.01113e-05;0.0366913;6.25426e-05;0.0211351;5.52702e-05;0.0046834;0;1;0;1;0;1;
80;0.280132;-0.280139;0.280132;-0.280132;0.280131;-0.280132;0.134569;0.0410409;0.133409;0.00766738;0.120795;-0.0383791;0.012824;0.0449147;3.61205e-05;0.0431961;3.1817e-05;0.00530529;0.564038;1;0;1;0;1;
81;0.29115;-0.291155;0.29115;-0.291151;0.29115;-0.29115;0.0804456;0.0622572;0.0797677;0.0495105;0.0724;0.0477182;0.00823494;0.0262366;0.0213665;0.0252319;0.00329029;0.0395747;0.741098;1;1;0.832558;0.582615;1;
82;0.292813;-0.292816;0.292813;-0.292813;0.292813;-0.292813;0.00727494;0.0760661;0.00688649;0.0686228;0.00258625;0.0675767;0.00481149;0.0153221;0.0194088;0.0147357;0.0268503;0.0231121;0.867345;0;1;0;1;0.446901;
83;0.285021;-0.285023;0.285021;-0.285021;0.28417;-0.285021;-0.0774048;0.126077;-0.0776208;0.12173;-0.0801279;0.121119;0.00281113;0.00894768;0.0258505;0.00860513;0.0341868;0.0134969;0.810777;0;1;0;1;0;
84;0.265889;-0.26589;0.265889;-0.265889;0.265392;-0.265889;-0.150329;0.178754;-0.150448;0.176216;-0.151909;0.175859;0.00164253;0.00522496;0.0151;0.00502497;0.0199688;0.00788179;0.805241;0;1;0;1;0;
85;0.23544;-0.235441;0.23544;-0.23544;0.23515;-0.23544;-0.199634;0.216235;-0.199698;0.214753;-0.200548;0.214544;0.000959586;0.00305087;0.00881971;0.00293409;0.0116629;0.00460247;0.906026;0;1;0;1;0;
86;0.194343;-0.194344;0.194343;-0.194343;0.194174;-0.194343;-0.228967;0.238663;-0.229;0.237797;-0.210069;0.237676;0.000560344;0.00178116;0.00515094;0.001713;0.00681061;0.00268734;0.971709;0;1;0;1;0;
87;0.140326;-0.140327;0.140326;-0.140326;0.140227;-0.140326;-0.244655;0.250318;-0.227887;0.249813;-0.203686;0.249742;0.000326949;0.00103963;0.0030081;0.000999852;0.00397673;0.00156886;1;0;1;0;1;0;
88;0.0677846;-0.0677852;0.0677846;-0.0677846;0.0677277;-0.0677847;-0.239812;0.25095;-0.223501;0.250298;-0.196128;0.250218;0.000190521;0.000606575;0.00175686;0.000583387;0.00232196;0.000915666;1;0;1;0;1;0;
89;-0.0257068;0.0257059;-0.0257067;0.0257066;-0.0257389;0.0257066;-0.223662;0.228835;-0.211499;0.238026;-0.172018;0.238045;0.000111136;0.00035367;0.0010263;0.000340153;0.00135674;0.000534208;1;0;1;0;1;0;
90;-0.123252;0.123251;-0.123252;0.123252;-0.12327;0.123252;-0.190206;0.204813;-0.193208;0.204707;-0.149534;0.203387;6.52756e-05;0.000205979;0.00060004;0.000198206;0.00544958;0.000311447;1;0;1;0;1;0;
91;-0.198943;0.198942;-0.198943;0.198943;-0.198953;0.198943;-0.141762;0.172355;-0.156417;0.170117;-0.0913127;0.16647;0.00504632;0.000119756;0.00172056;0.000115233;0.017903;0.000181387;1;0;1;0;1;0;
92;-0.247327;0.247327;-0.247327;0.247327;-0.247334;0.247327;-0.0818581;0.162589;-0.120146;0.161282;-0.0384691;0.15485;0.0190957;6.95023e-05;0.00680514;6.6845e-05;0.0284772;0.000105518;1;0;1;0;1;0;
93;-0.275125;0.275124;-0.275124;0.275124;-0.275129;0.275124;-0.01446;0.135206;-0.0591593;0.134443;0.0262777;0.130686;0.024841;4.0131e-05;0.0039757;0.00615574;0.0389491;6.12044e-05;1;0;1;0.320182;1;0;
94;-0.289122;0.289121;-0.289121;0.289121;-0.289124;0.289121;0.0352634;0.090477;0.0383713;0.0900371;0.0516638;0.0878392;0.0289827;2.30072e-05;0.0228134;0.00967796;0.0277853;0.00772846;1;0;1;0.622065;1;0.620936;
95;-0.293239;0.286965;-0.293238;0.293238;-0.29324;0.293238;0.0774344;0.0268334;0.0899152;0.0251297;0.0561967;0.0238508;0.0169264;0.0373534;0.0133251;0.00648991;0.016227;0.0244875;0.228773;1;0.871862;0.712804;0.33681;1;
96;-0.288224;0.27854;-0.288223;0.288223;-0.288224;0.288223;0.116543;-0.0556329;0.123832;-0.0566453;0.104141;-0.0573809;0.00988446;0.045546;0.0077813;0.0038153;0.00947613;0.016883;0;1;0;0.448413;0;1;
97;-0.27234;0.266685;-0.27234;0.27234;-0.272341;0.27234;0.168908;-0.133323;0.173165;-0.133926;0.161665;-0.134348;0.00577206;0.0278534;0.00454382;0.0022293;0.00553364;0.00986323;0;1;0;0.779586;0;1;
98;-0.244882;0.24158;-0.244882;0.244882;-0.244882;0.244882;0.209587;-0.188796;0.212073;-0.189157;0.205357;-0.189397;0.00337042;0.0162668;0.00265313;0.00130253;0.00323113;0.00576157;0;1;0;0.720913;0;1;
