1;-0.000363589;0.000116065;9.94839e-05;-0.000363588;0.000116065;9.94841e-05;0.0349769;0.0347456;0.0352595;0.0349769;0.0347456;0.0352594;0.808667;0.808665;0.808666;0.808667;0.808665;0.808666;0;0;0;0;0;0;
2;0.00212791;0.00172978;0.00193051;0.00960101;0.00881827;0.0424461;0.172983;0.165758;0.167985;0.161943;0.154036;0.163643;0.472434;0.472419;0.472422;0.472487;0.47246;0.472492;1;1;1;1;1;1;
3;-0.00135391;0.000613817;0.0016049;0.010992;0.005575;0.0243635;0.103712;0.0989371;0.100398;0.0944928;0.0900469;0.0957611;0.275921;0.275908;0.27591;0.275947;0.275932;0.275955;1;0.649575;0.829391;0.484206;0.642101;1;
4;-0.000155882;-0.000276326;0.00181945;0.00578438;0.00389054;0.0135933;0.0609087;0.0578093;0.058608;0.0552124;0.0525648;0.0564836;0.161147;0.161134;0.161135;0.161156;0.161149;0.161166;1;0.765309;1;0.436841;0.70379;1;
5;0.000785289;-0.0010375;0.00193873;0.00250185;0.00314815;0.00706219;0.0432903;0.0340194;0.0339755;0.0325021;0.0304473;0.0428195;0.094115;0.0941045;0.0941055;0.0941169;0.0941141;0.0941257;1;0.658618;1;0.664577;0.771044;1;
6;0.0015661;-0.00171327;0.00223965;0.000353631;0.00294589;0.00301682;0.0374974;0.0266956;0.0275818;0.0258813;0.0276639;0.0421114;0.0549667;0.0549589;0.0549599;0.0549662;0.054965;0.0549728;1;0.495583;1;0.563372;1;1;
7;0.00215801;-0.00224382;0.00255128;-0.00103683;0.00267633;0.000518474;0.0344562;0.0255543;0.0253669;0.0245491;0.0251908;0.0407454;0.0321043;0.0320979;0.032099;0.0321023;0.0321022;0.0321075;1;0.692328;1;0.574175;0.810009;1;
8;0.00383142;-0.00244395;0.00311976;-0.00173913;0.00246347;-0.000830863;0.0331152;0.0264195;0.0235793;0.028185;0.0264832;0.0423921;0.0187525;0.018747;0.0187483;0.0187497;0.0187504;0.018754;1;0.690593;1;0.575289;0.811758;1;
9;0.00277603;-0.00196562;0.00236034;-0.00155406;0.00197699;-0.00103733;0.0308642;0.0275355;0.0218766;0.0303795;0.0260105;0.0431984;0.0109551;0.0109499;0.0109516;0.0109518;0.0109532;0.0109554;1;0.651576;1;0.398415;0.841173;0.976554;
10;0.000726047;-0.000252623;0.000483185;-1.24405e-05;0.000259255;0.000289454;0.0269835;0.0279016;0.0192475;0.0323596;0.0251418;0.0444516;0.00640146;0.00639621;0.00639843;0.00639768;0.00639987;0.00640089;1;0.612837;1;0.723167;0.887101;1;
11;-0.00322192;0.00349854;-0.00336379;0.00363881;-0.00349473;0.00381502;0.0239316;0.0299794;0.0178579;0.0347438;0.0238517;0.0457173;0.00736916;0.00373666;0.00373951;0.00373809;0.00699992;0.00374086;1;0.57992;1;0.657692;0.938595;1;
12;-0.0101812;0.0103429;-0.0102642;0.0104248;-0.0103408;0.0105277;0.0219676;0.0314619;0.0138567;0.0379483;0.0225414;0.0475097;0.00732414;0.00218333;0.00531094;0.00218479;0.00769304;0.00483128;1;0.55264;1;0.521324;0.762355;1;
13;-0.0214037;0.0214983;-0.0214523;0.0215461;-0.0214971;0.0216061;0.0185762;0.0322362;0.0154458;0.0395512;0.0240801;0.0481907;0.00783012;0.00127618;0.00411098;0.00127774;0.00727739;0.00282395;1;0.726508;1;0.524194;1;1;
14;-0.0379957;0.0380514;-0.0380247;0.0380793;-0.0380508;0.0381144;0.0249988;0.0310322;0.0162364;0.0346893;0.0235874;0.0448427;0.00457574;0.000746724;0.00332315;0.000747927;0.00855176;0.0022134;1;0.774547;1;0.702107;1;1;
15;-0.0602708;0.0603034;-0.0602878;0.0603197;-0.0603031;0.0603401;0.0279213;0.0291092;0.0247603;0.0248807;0.0267943;0.0357316;0.00267491;0.00400225;0.00194313;0.00073323;0.00499685;0.00411404;1;0.803933;1;0.599256;0.91567;1;
16;-0.0867145;0.0867335;-0.0867244;0.086743;-0.0867335;0.0867551;0.0460949;0.024938;0.0443878;0.00665287;0.0314071;0.0217971;0.00156368;0.0134211;0.00113646;0.00671457;0.00291867;0.0111285;0.814988;0.930281;0.913321;0.663477;0.485058;1;
17;-0.113107;0.113118;-0.113113;0.113124;-0.113118;0.113131;0.0597968;0.00733846;0.0588007;-0.0289877;0.0512186;-0.0201395;0.000913101;0.0163099;0.000664043;0.00508927;0.00170412;0.0127953;0.392248;1;0.521287;0.997081;0;1;
18;-0.132794;0.132801;-0.132797;0.132803;-0.1328;0.132808;0.096486;-0.0572634;0.0959042;-0.0784906;0.0914764;-0.0733173;0.000532854;0.0297133;0.000387408;0.00586298;0.000994851;0.0106222;0;1;0;0.650365;0;1;
19;-0.138308;0.138312;-0.13831;0.138313;-0.138312;0.138316;0.144131;-0.121212;0.143791;-0.133619;0.141205;-0.130593;0.000310781;0.0201727;0.000225853;0.00342519;0.000580594;0.00620634;0;1;0;0.785477;0;1;
20;-0.123564;0.123567;-0.123565;0.123567;-0.123567;0.123569;0.186296;-0.172901;0.186098;-0.180155;0.184587;-0.178384;0.000181078;0.0117826;0.000131481;0.0020014;0.000338596;0.00362605;0;1;0;0.669855;0;1;
21;-0.0843838;0.0843857;-0.0843845;0.0843853;-0.0843853;0.0843869;0.215118;-0.20525;0.215002;-0.21153;0.21412;-0.210493;0.000105319;0.00688005;7.63356e-05;0.00116946;0.000197221;0.00211821;0;1;0;0.696517;0;1;
22;-0.0173036;0.0173053;-0.017304;0.0173042;-0.0173049;0.0173056;0.230647;-0.196191;0.230579;-0.228549;0.230064;-0.219751;6.10582e-05;0.00401552;4.41162e-05;0.000683342;0.000114626;0.00123715;0;1;0;0.703795;0;1;
23;0.0725465;-0.0725443;0.0725462;-0.0725463;0.0725452;-0.0725451;0.229544;-0.163159;0.228947;-0.206786;0.228057;-0.207049;3.51769e-05;0.00234503;2.5233e-05;0.000399649;6.63952e-05;0.000722921;0;1;0;0.696566;0;1;
24;0.159619;-0.159618;0.159619;-0.15962;0.159619;-0.159619;0.221256;-0.130255;0.195112;-0.164258;0.191846;-0.183195;2.00795e-05;0.0104421;1.44589e-05;0.00383723;3.82138e-05;0.000422972;0;1;0;0.941094;0;1;
25;0.222491;-0.222491;0.222491;-0.222491;0.22249;-0.22249;0.202458;-0.0753705;0.154646;-0.110947;0.156829;-0.146875;1.1272e-05;0.0205089;8.02392e-06;0.015286;2.17813e-05;0.00140531;0;1;0;1;0;1;
26;0.261128;-0.26113;0.261128;-0.261128;0.261128;-0.261127;0.172569;-0.0142477;0.144648;-0.0530069;0.145922;-0.103415;6.16242e-06;0.0386111;4.19645e-06;0.0262168;1.22296e-05;0.00400911;0;1;0;1;0;0.861464;
27;0.282492;-0.282495;0.282493;-0.282494;0.282493;-0.282492;0.131244;0.0320907;0.114935;0.0261373;0.115679;-0.021111;0.0135023;0.0327493;2.11537e-06;0.0455886;6.68837e-06;0.0359037;0.676436;1;0;1;0;0.894383;
28;0.292154;-0.292156;0.292154;-0.292155;0.292155;-0.292154;0.074729;0.0592558;0.0652045;0.057829;0.0656378;0.0697995;0.00788821;0.0191307;0.0237964;0.0266282;0.0120439;0.0293705;0.89024;1;1;0.917437;0.755829;1;
29;0.29273;-0.293248;0.277599;-0.292205;0.288215;-0.291862;-0.00063638;0.0788858;-0.00619105;0.0780528;-0.00593504;0.0850453;0.00497783;0.011172;0.0386605;0.0155505;0.0264892;0.0171529;0.754655;0;1;0;1;0.496333;
30;0.283765;-0.284068;0.260582;-0.283458;0.281129;-0.283258;-0.0854418;0.13114;-0.0886743;0.130654;-0.0885211;0.134737;0.00878026;0.00652396;0.0298079;0.00908106;0.03892;0.0100168;0.642971;0;1;0;1;0;
31;0.263375;-0.263552;0.249837;-0.263197;0.261837;-0.26308;-0.156255;0.182944;-0.158135;0.18266;-0.158041;0.185044;0.00512855;0.00380956;0.0174107;0.00530287;0.0227349;0.00584934;0.82783;0;1;0;1;0;
32;0.23181;-0.231913;0.223903;-0.231705;0.230911;-0.231637;-0.203312;0.218899;-0.204405;0.218734;-0.204347;0.220126;0.0029954;0.00222428;0.0101687;0.00309638;0.0132778;0.00341552;0.88972;0;1;0;1;0;
33;0.18955;-0.18961;0.184932;-0.189489;0.189025;-0.189449;-0.231033;0.240136;-0.231667;0.240039;-0.215438;0.240853;0.00174922;0.00129841;0.00593838;0.00180781;0.00775205;0.00199417;0.925169;0;1;0;1;0;
34;0.133932;-0.133967;0.131235;-0.133896;0.133626;-0.133873;-0.245643;0.25096;-0.231048;0.250904;-0.2135;0.251379;0.00102121;0.00075769;0.00346759;0.00105524;0.00452419;0.00116407;0.992736;0;1;0;1;0;
35;0.0591838;-0.0592045;0.0576092;-0.059163;0.0590057;-0.0591494;-0.239023;0.249423;-0.223456;0.250096;-0.195646;0.248812;0.000595966;0.000441915;0.00202489;0.000615734;0.002641;0.000679261;1;0;1;0;1;0;
36;-0.0359181;0.0359063;-0.0368377;0.0359302;-0.0360218;0.0359382;-0.219472;0.22616;-0.212876;0.23682;-0.172833;0.235864;0.000347879;0.00025751;0.00118257;0.00035907;0.00154232;0.000396152;1;0;1;0;1;0;
37;-0.132207;0.132201;-0.132744;0.132214;-0.132268;0.132219;-0.183159;0.201329;-0.192112;0.217744;-0.146046;0.202494;0.00020353;0.000149869;0.000691049;0.000209306;0.00680674;0.000231029;1;0;1;0;1;0;
38;-0.20502;0.205017;-0.205334;0.205024;-0.205056;0.205027;-0.135591;0.167216;-0.159006;0.205126;-0.0896267;0.175433;0.00544055;8.69753e-05;0.000404439;0.000121688;0.0140448;0.000134324;1;0;1;0;1;0;
39;-0.250955;0.250952;-0.251138;0.250957;-0.250977;0.250958;-0.083288;0.157605;-0.115507;0.179744;-0.0379849;0.162404;0.0222909;5.0309e-05;0.000936068;7.06207e-05;0.023899;7.80551e-05;1;0;1;0;1;0;
40;-0.277084;0.277082;-0.27719;0.277084;-0.277097;0.277085;-0.0200221;0.129765;-0.0545436;0.142695;0.0340232;0.132568;0.0130221;2.89274e-05;0.00378159;4.12658e-05;0.0456522;4.51824e-05;1;0;1;0.272029;1;0;
41;-0.289952;0.28995;-0.290014;0.289952;-0.289959;0.289952;0.0454528;0.0838348;0.0536851;0.0913904;0.0490516;0.0854741;0.0212295;1.6631e-05;0.0232407;0.0039922;0.0266666;0.0162208;1;0.149263;1;0.478494;1;1;
42;-0.293161;0.280457;-0.293197;0.293161;-0.293166;0.293162;0.0645286;0.0189909;0.089118;0.0214443;0.0610261;0.0179957;0.0123986;0.0306156;0.0135737;0.00499388;0.0155734;0.0185281;0.235179;1;0.828154;0.820889;0;1;
43;-0.287143;0.268119;-0.287163;0.287142;-0.287145;0.287143;0.112981;-0.0641888;0.127341;-0.062772;0.110936;-0.0647758;0.00724028;0.0407059;0.0079265;0.00363329;0.00909446;0.0175025;0;1;0;0.388124;0;1;
44;-0.270065;0.258955;-0.270077;0.270064;-0.270066;0.270065;0.168576;-0.140068;0.176962;-0.139252;0.167381;-0.140415;0.00422789;0.0246773;0.00462861;0.00212294;0.00531073;0.0102246;0;1;0;0.52187;0;1;
45;-0.241493;0.235006;-0.2415;0.241492;-0.241494;0.241494;0.209782;-0.193126;0.21468;-0.192657;0.209085;-0.19333;0.00246865;0.0144109;0.00270265;0.0012403;0.00310095;0.00597224;0;1;0;0.561911;0;1;
46;-0.202303;0.198515;-0.202307;0.202303;-0.202303;0.202304;0.234994;-0.224773;0.237854;-0.224992;0.234587;-0.225381;0.00144122;0.00841292;0.00157786;0.000724436;0.00181039;0.00348771;0;1;0;0.66263;0;1;
47;-0.150865;0.148653;-0.150867;0.150865;-0.150865;0.150866;0.248519;-0.216076;0.250189;-0.242677;0.248281;-0.232439;0.00084118;-0.00785074;0.000920973;0.000422899;0.00105669;0.00203626;0;1;0;0.886377;0;1;
48;-0.0819841;0.080693;-0.0819856;0.0819841;-0.0819841;0.0819849;0.251772;-0.214215;0.251448;-0.243631;0.25218;-0.228999;0.000490771;-0.00834326;0.000537314;0.000246602;0.000616526;0.00118869;0;1;0;0.808;0;1;
49;0.0083554;-0.0091094;0.00835454;-0.00835538;0.00835589;-0.00835471;0.24049;-0.183796;0.239433;-0.22799;0.234696;-0.218604;0.000286074;-0.00487363;0.000313263;0.000143891;0.000359455;0.000693943;0;1;0;1;0;1;
50;0.107334;-0.107774;0.107333;-0.107334;0.107335;-0.107333;0.211677;-0.155991;0.212752;-0.200179;0.211553;-0.201677;0.000166567;-0.00284652;0.000182427;8.42802e-05;0.000209363;0.000405354;0;1;0;1;0;1;
51;0.187851;-0.18811;0.187851;-0.187851;0.187853;-0.187851;0.178213;-0.109734;0.178538;-0.153103;0.178692;-0.166968;9.68179e-05;0.0122398;0.000106095;0.00549485;0.000121692;0.000237311;0;1;0;1;0;1;
52;0.240616;-0.240768;0.240616;-0.240616;0.240617;-0.240616;0.169317;-0.0569015;0.169507;-0.0995806;0.169597;-0.125762;5.60893e-05;0.0208458;6.15116e-05;0.00986902;7.05759e-05;0.000588705;0;1;0;1;0;1;
53;0.271439;-0.271529;0.271439;-0.271439;0.27144;-0.271439;0.143302;0.00613102;0.143413;-0.032141;0.143466;-0.0769408;3.24141e-05;0.0335281;3.55798e-05;0.0229706;4.06941e-05;0.00469753;0;1;0;1;0;1;
54;0.287466;-0.28752;0.287466;-0.287466;0.287467;-0.287466;0.100887;0.0555807;0.100947;0.0476622;0.100978;0.0211808;0.0161845;0.0264919;2.04619e-05;0.0443694;2.32851e-05;0.0415993;0.733656;1;0;1;0;1;
55;0.293158;-0.29319;0.293158;-0.293158;0.293158;-0.293158;0.0389586;0.069878;0.0390002;0.0764929;0.039019;0.0787658;0.00945455;0.0154724;0.0216564;0.0259134;0.0295013;0.0242966;0.851461;0.280392;1;0.335481;1;0.79701;
56;0.289813;-0.289831;0.270953;-0.289813;0.289813;-0.289813;-0.0413905;0.104952;-0.0413535;0.108815;-0.0413392;0.110142;0.00552296;0.00903541;0.0354274;0.0151328;0.029864;0.0141887;0.645978;0;1;0;1;0;
57;0.275955;-0.275966;0.264941;-0.275955;0.275955;-0.275955;-0.121516;0.158637;-0.121487;0.160893;-0.121474;0.161668;0.00322661;0.00527624;0.0206937;0.00883706;0.0178659;0.00828574;0.757633;0;1;0;1;0;
58;0.250435;-0.250442;0.244004;-0.250436;0.250436;-0.250436;-0.18105;0.202729;-0.181027;0.204047;-0.181015;0.2045;0.00188498;0.00308085;0.0120871;0.00516033;0.0104367;0.00483837;0.661814;0;1;0;1;0;
59;0.214178;-0.214183;0.210423;-0.214179;0.214179;-0.214179;-0.218239;0.230901;-0.218221;0.231671;-0.206137;0.231935;0.00110102;0.00179871;0.00705915;0.00301312;0.00609604;0.00282509;0.941316;0;1;0;1;0;
60;0.166495;-0.166498;0.164302;-0.166496;0.166497;-0.166496;-0.2392;0.246596;-0.229115;0.247045;-0.202065;0.2472;0.000642903;0.00104991;0.00412228;0.00175913;0.00356039;0.00164929;0.977029;0;1;0;1;0;
61;0.103061;-0.103064;0.101781;-0.103062;0.103064;-0.103062;-0.249085;0.253597;-0.225061;0.25386;-0.201592;0.25395;0.00037517;0.000612573;0.00240739;0.00102682;0.00207896;0.000962605;0.967898;0;1;0;1;0;
62;0.0184134;-0.018415;0.017666;-0.0184142;0.0184167;-0.0184142;-0.234507;0.239271;-0.218835;0.242424;-0.193817;0.242679;0.000218913;0.000357139;0.00140596;0.000599169;0.00106269;0.000561608;1;0;1;0;1;0;
63;-0.0808908;0.0808904;-0.0813268;0.0808899;-0.0808887;0.0808899;-0.207804;0.216933;-0.207251;0.22544;-0.176633;0.2269;0.000127981;0.000207988;0.00082133;0.000349438;-0.00168842;0.000327454;1;0;1;0;1;0;
64;-0.168493;0.168493;-0.168747;0.168492;-0.168492;0.168492;-0.164456;0.186767;-0.179292;0.218162;-0.129554;0.219014;7.5773e-05;0.000120907;0.00048031;0.00020362;-0.000985795;0.000190751;1;0;1;0;1;0;
65;-0.228615;0.228616;-0.228763;0.228614;-0.228616;0.228614;-0.113421;0.17934;-0.139771;0.197675;-0.0743104;0.198173;0.0190405;7.01065e-05;0.0041578;0.000118457;0.0131401;0.00011095;0.993257;0;1;0;1;0;
66;-0.264691;0.264692;-0.264778;0.264691;-0.264693;0.264691;-0.0582925;0.155375;-0.0932978;0.166083;-0.0134345;0.166374;0.0111238;4.04085e-05;0.00352591;6.87706e-05;0.0296807;6.44303e-05;1;0;1;0;1;0;
67;-0.284217;0.284217;-0.284267;0.284216;-0.284218;0.284216;0.0257736;0.116294;-0.00155175;0.122551;0.0339656;0.122717;0.0299103;2.31076e-05;0.0179844;0.00720934;0.0391496;3.72434e-05;1;0;1;0.613616;1;0;
68;-0.292489;0.292489;-0.292518;0.292488;-0.29249;0.292489;0.0591658;0.0592668;0.0808625;0.0629215;0.0631733;0.0630191;0.0174704;0.0204046;0.0224052;0.00747098;0.0228667;0.028659;1;1;1;0.688092;0.670759;1;
69;-0.291686;0.293208;-0.291703;0.291685;-0.291695;0.293361;0.0866513;-0.0174716;0.0993231;-0.0153506;0.0889916;-0.0152849;0.0102023;0.0332206;0.0130847;0.00891543;0.0133537;0.0236386;0;1;0.182257;0.461802;0;1;
70;-0.280941;0.281831;-0.280951;0.28094;-0.280946;0.281919;0.140989;-0.100573;0.148389;-0.0993493;0.142356;-0.0992999;0.00595769;0.0314693;0.00764093;0.00520773;0.0077981;0.0208871;0;1;0;0.546367;0;1;
71;-0.258577;0.259097;-0.258583;0.258577;-0.25858;0.259149;0.190443;-0.166829;0.194764;-0.166124;0.191241;-0.166089;0.00347885;0.0183803;0.00446185;0.00304213;0.00455361;0.0122003;0;1;0;0.696654;0;1;
72;-0.225212;0.225516;-0.225215;0.225211;-0.225213;0.225546;0.223541;-0.209743;0.226065;-0.209338;0.224007;-0.209312;0.00203122;0.0107315;0.00260525;0.00177686;0.00265871;0.00712568;0;1;0;0.57179;0;1;
73;-0.180948;0.181126;-0.18095;0.180948;-0.180949;0.181143;0.242668;-0.211755;0.244142;-0.234373;0.24294;-0.232159;0.00118576;-0.0165448;0.00152101;0.00103761;0.00155212;0.00416189;0;1;0;0.616558;0;1;
74;-0.12247;0.122575;-0.122471;0.12247;-0.122471;0.122584;0.252034;-0.209743;0.252894;-0.247189;0.252192;-0.216766;0.000692015;-0.0196803;0.000887776;0.000605635;0.000905819;0.00243078;0;1;0;0.631357;0;1;
75;-0.0438947;0.0439571;-0.0438955;0.0438947;-0.0438952;0.0439615;0.248126;-0.186394;0.247879;-0.235349;0.247797;-0.223634;0.000403621;-0.0114943;0.000517899;0.000353382;0.000528428;0.00141932;0;1;0;0.718074;0;1;
76;0.0534499;-0.0534132;0.0534495;-0.0534499;0.0534501;-0.0534108;0.231641;-0.165324;0.232312;-0.21404;0.223831;-0.212236;0.000235189;-0.00671246;0.000301907;0.000206336;0.00030805;0.000828762;0;1;0;0.869465;0;1;
77;0.146925;-0.146904;0.146924;-0.146925;0.146925;-0.146902;0.214304;-0.136431;0.214106;-0.177963;0.195512;-0.187373;0.000136949;0.0064767;0.000175912;0.000121159;0.000179375;-0.000308046;0;1;0;1;0;1;
78;0.214778;-0.214767;0.214778;-0.214778;0.214779;-0.214764;0.200212;-0.0856423;0.200096;-0.128698;0.159325;-0.151092;7.9446e-05;0.015734;0.000102206;0.00302006;0.000104205;-0.0001792;0;1;0;1;0;1;
79;0.256704;-0.256699;0.256704;-0.256704;0.256704;-0.256696;0.17338;-0.016882;0.173313;-0.069464;0.149502;-0.107064;4.5942e-05;0.0343821;5.9267e-05;0.00952784;6.0392e-05;0.00457732;0;1;0;1;0;1;
80;0.280131;-0.28013;0.280131;-0.280131;0.280132;-0.280127;0.134469;0.0251031;0.134427;0.00785281;0.120522;-0.0329612;0.00124366;0.0331416;3.42472e-05;0.0406366;3.47727e-05;0.0122007;0.665649;1;0;1;0;1;
81;0.29115;-0.29115;0.29115;-0.29115;0.29115;-0.291147;0.0803882;0.0621421;0.0803629;0.0458913;0.0722405;0.0569725;0.00767552;0.0271302;0.0262499;0.0237364;0.00894228;0.0464729;0.89542;1;1;0.873735;0.63169;1;
82;0.292813;-0.292813;0.289368;-0.292813;0.292974;-0.292811;0.00724234;0.0759983;0.00723398;0.0665085;0.00249313;0.072982;0.00557679;0.0158436;0.0350738;0.013862;0.0233488;0.027141;0.880446;0;1;0;1;0.582544;
83;0.285021;-0.285021;0.283009;-0.285021;0.285116;-0.28502;-0.0774244;0.126037;-0.0774163;0.120495;-0.0801827;0.124275;0.00325785;0.00925219;0.0342682;0.00809495;0.0267066;0.0158498;0.652814;0;1;0;1;0;
84;0.265889;-0.265889;0.264714;-0.265889;0.265945;-0.265889;-0.150341;0.178731;-0.150329;0.175495;-0.151941;0.177702;0.00190338;0.00540283;0.0200157;0.00472702;0.0156002;0.00925586;0.80714;0;1;0;1;0;
85;0.23544;-0.235441;0.234755;-0.23544;0.235473;-0.23544;-0.199641;0.216222;-0.199628;0.214331;-0.198072;0.215621;0.00111192;0.00315476;0.0116906;0.00276005;0.00911096;0.00540491;0.894965;0;1;0;1;0;
86;0.194344;-0.194344;0.193943;-0.194343;0.194362;-0.194343;-0.228971;0.238655;-0.228959;0.237551;-0.21973;0.238304;0.000649322;0.00184183;0.00682753;0.00161138;0.00532001;0.003156;0.937338;0;1;0;1;0;
87;0.140326;-0.140327;0.140093;-0.140326;0.140337;-0.140326;-0.244657;0.250314;-0.226946;0.249669;-0.204132;0.250109;0.000378932;0.00107507;0.00398677;0.00094048;0.00310592;0.00184255;1;0;1;0;1;0;
88;0.0677847;-0.0677859;0.0676484;-0.0677844;0.0677917;-0.0677844;-0.237771;0.251305;-0.226353;0.24897;-0.186805;0.249387;0.000220946;0.000627288;0.00232798;0.000548701;0.001813;0.00107553;1;0;1;0;1;0;
89;-0.0257067;0.0257043;-0.0257863;0.025707;-0.0257007;0.025707;-0.218739;0.228915;-0.212522;0.235085;-0.166711;0.236066;0.000128887;0.000365817;0.00135944;0.000319884;0.00733183;0.000627557;1;0;1;0;1;0;
90;-0.123252;0.123249;-0.123298;0.123252;-0.123246;0.123252;-0.193144;0.204131;-0.194083;0.204752;-0.140192;0.206553;7.58203e-05;0.000213107;0.000794431;0.00018625;0.00632631;0.000365911;1;0;1;0;1;0;
91;-0.198943;0.19894;-0.19897;0.198943;-0.198937;0.198943;-0.148136;0.167071;-0.151492;0.166172;-0.102609;0.155487;0.00591199;0.000124057;0.000464907;0.000108362;0.0184552;0.000213336;1;0;1;0;1;0;
92;-0.247328;0.247325;-0.247343;0.247327;-0.247321;0.247327;-0.0790346;0.127869;-0.111873;0.121052;-0.0275491;0.135985;0.0427196;7.18753e-05;0.00411109;6.28442e-05;0.0351475;0.000123984;1;0;1;0;1;0;
93;-0.275125;0.275123;-0.275133;0.275123;-0.27512;0.275123;-0.030312;0.114929;-0.0619862;0.110949;0.0096905;0.119669;0.0249533;4.15578e-05;0.0116033;3.68592e-05;0.0306024;7.19901e-05;1;0;1;0.299056;1;0;
94;-0.289122;0.28912;-0.289126;0.28912;-0.289119;0.289121;0.0428619;0.0786357;0.0434026;0.0763173;0.0485055;0.0814062;0.0203887;2.38883e-05;0.0419986;0.0133971;0.0407963;0.0160987;1;0;1;0.631037;1;1;
95;-0.293239;0.294237;-0.293241;0.293238;-0.293237;0.293239;0.0811194;0.0211514;0.088694;0.0171172;0.0576388;0.0200939;0.0119075;0.0339267;0.0245294;0.00782708;0.0238251;0.0167672;0.246003;1;0.938017;0.68311;0;1;
96;-0.288224;0.292744;-0.288225;0.288223;-0.288223;0.288223;0.118696;-0.0561357;0.123119;-0.0613252;0.104983;-0.0595739;0.00695348;0.0485507;0.0143246;0.00457226;0.0139135;0.0287861;0;1;0;0.329182;0;1;
97;-0.272341;0.274982;-0.272341;0.27234;-0.27234;0.27234;0.170165;-0.133616;0.172748;-0.13666;0.162157;-0.135627;0.00406041;0.0316841;0.00836512;0.00267112;0.00812502;0.024077;0;1;0;0.502753;0;1;
98;-0.244882;0.246425;-0.244883;0.244882;-0.244882;0.244881;0.210321;-0.188964;0.211829;-0.190753;0.205644;-0.190143;0.0023708;0.0185484;0.00488473;0.00156049;0.00474453;0.0140636;0;1;0;0.556962;0;1;
