1;-0.00036359;0.000116065;9.94842e-05;-0.00036359;0.000116065;9.94843e-05;0.0349769;0.0347456;0.0352594;0.0349769;0.0347456;0.0352595;0.808667;0.808665;0.808666;0.808667;0.808665;0.808666;0;0;0;0;0;0;
2;-0.020563;-0.00803801;0.00107635;0.0123983;0.0199039;0.0103746;0.0575677;0.0462295;0.252096;0.118635;0.145748;0.237085;0.472324;0.472302;0.472443;0.472339;0.472344;0.472373;0;0.663662;1;0;0;1;
3;-0.0121104;-0.014449;-0.0428317;0.0369578;0.0545115;0.0334764;0.126993;0.0606602;0.326135;0.107591;0.168488;0.268351;0.275859;0.275837;0.462646;0.275867;0.279135;0.303532;0;0.234293;1;0;0;1;
4;0.0519309;-0.0135085;-0.0255823;0.0119172;0.0201408;0.0194959;0.177024;0.0727215;0.283727;0.118092;0.176478;0.17119;0.165004;0.161094;0.301411;0.161121;0.215283;0.215833;1;0;0.00303564;0;0.823284;0;
5;0.0365611;-0.0073613;-0.0547501;0.0179503;0.0432166;0.0204918;0.128125;0.0422131;0.221422;0.125061;0.126737;0.110257;0.119319;0.0940794;0.176061;0.104122;0.132336;0.126052;0.224901;0;0.01596;0.698008;0.232918;0.411191;
6;0.0409479;-0.00461523;-0.0431;-0.00306193;0.0219171;0.00091392;0.148524;0.0239923;0.21636;0.113859;0.108113;0.0815721;0.143617;0.0549415;0.168879;0.0654693;0.0876088;0.0736257;0.937749;0;0.063502;0.691853;0.515613;0.982841;
7;0.0444858;-0.00305044;-0.0351532;-0.0134645;0.00956842;-0.00962901;0.15243;0.0127093;0.174279;0.106373;0.102963;0.0808245;0.132338;0.0320852;0.135161;0.0788469;0.0905215;0.0610684;0.916029;0;0.19841;0.633468;0.534342;1;
8;0.0428187;0.000679808;-0.0348294;-0.012262;0.00984373;-0.00930638;0.161051;-0.0254136;0.168749;0.0995422;0.0953505;0.0716367;0.136187;0.0187375;0.120687;0.0715519;0.0857797;0.0610074;0.883756;0;0.468691;0.651004;0.519487;1;
9;0.0446794;0.00160681;-0.0333969;-0.0136203;0.0077051;-0.010894;0.15264;-0.0222847;0.158162;0.109149;0.104628;0.0776321;0.129792;0.0109423;0.116317;0.0737237;0.0866305;0.0637582;0.922224;0;0.0939312;0.670118;0.48963;1;
10;0.0395066;2.09999e-05;-0.0344392;-0.0189606;0.00375383;-0.0150033;0.16527;-0.0294448;0.16255;0.0918836;0.0937686;0.0654406;0.142015;0.00638995;0.112184;0.0667028;0.0717844;0.0522854;0.905104;0;0.490678;0.607053;0.465091;1;
11;0.0392934;0.00105404;-0.035307;-0.0197029;0.0026094;-0.016126;0.161239;-0.0269622;0.152627;0.0991445;0.101941;0.0716285;0.123935;0.00373146;0.101282;0.0777378;0.0816579;0.0644307;0.890505;0;0.437236;0.666902;0.453859;1;
12;0.0366581;0.002987;-0.0362222;-0.0281047;-0.00442061;-0.0235839;0.165325;-0.0336754;0.158193;0.0947982;0.0984776;0.0639779;0.131324;0.00217882;0.107943;0.0693528;0.0691784;0.0545438;0.935155;0;0.102909;0.703215;0.480227;1;
13;0.0233272;0.00616106;-0.0462723;-0.0427666;-0.0193882;-0.0388402;0.179563;-0.0305365;0.155195;0.0871461;0.0926591;0.0588345;0.121749;0.00127234;0.094917;0.0696622;0.0674272;0.053994;0.882715;0;0.0519118;0.678606;0.458942;1;
14;0.0158796;0.0108828;-0.0498472;-0.0557538;-0.0289279;-0.0501058;0.169422;-0.0273282;0.141457;0.0893115;0.0914804;0.0596398;0.133095;0.000742712;0.0911632;0.066624;0.0669882;0.0497934;0.926366;0;0.198997;0.575229;0.50424;1;
15;0.00240102;0.0172361;-0.0537433;-0.0798033;-0.0482126;-0.0714321;0.165953;-0.0170958;0.122424;0.083252;0.0835693;0.0613037;0.147565;0.000433542;0.0882598;0.0645471;0.0634342;0.0317156;0.982081;0;0.302226;0.509416;0.607037;1;
16;0.00221812;0.024785;-0.0514699;-0.102802;-0.0532;-0.0792264;0.136501;0.00145014;0.0787486;0.107409;0.0914363;0.0930139;0.124053;0.000252892;0.0665132;0.0648282;0.10462;0.03721;1;0;0.32994;0.453208;0.766068;1;
17;0.0205276;0.0323219;-0.0371141;-0.184959;-0.027287;-0.0589425;0.0822835;0.0337239;0.0344988;0.134533;0.0969132;0.130323;0.138132;0.000147406;0.0723623;0.0409806;0.148286;0.0415846;1;0;0.703054;0.648837;0.970516;0.648861;
18;0.0272982;0.0379443;-0.0230648;-0.136165;0.0809703;-0.148272;0.0352717;0.0812592;-0.0414037;0.149503;0.0905259;0.138885;0.182728;8.55938e-05;0.0602023;0.0239271;0.219403;0.0242863;0.905335;0;0.854661;0.820737;0.713067;0;
19;-0.0156772;0.0829152;-0.0742309;-0.0198043;-0.0134687;-0.0258345;0.165976;-0.0403262;0.0635992;-0.000476234;0.140648;-0.00667901;0.106741;0.000863253;-0.152009;0.113339;0.128132;0.0141831;0.625648;0;1;0.780395;0;0;
20;-0.000219423;0.0606493;-0.0613427;-0.0891353;0.0558912;-0.100673;-0.00516767;0.0785683;-0.064971;0.101878;0.0130311;0.0982248;0.197977;-0.0274859;-0.0887654;0.108511;0.187841;0.00828267;1;0;0.671356;0.0806041;0.734669;0;
21;0.060808;0.0476417;0.00990369;-0.0512523;0.0271759;-0.0465698;0.111061;-0.0604329;0.0683763;-0.0434061;0.113925;-0.0489632;0.177997;-0.0160527;-0.0903201;0.140135;0.105934;0.00483686;0.633227;0;1;1;0;0;
22;0.0766361;-0.00415326;0.0374702;-0.0562848;0.0478462;-0.0591725;0.227539;-0.140313;0.14497;-0.120458;0.17155;-0.133616;0.103963;-0.00937515;-0.00660415;0.0820012;0.0618656;0.0028245;0.341995;0;1;1;0;0;
23;0.146687;-0.0260398;0.141368;0.132402;-0.111432;0.130741;0.0334418;0.0175059;-0.0147932;0.0291265;0.000801327;0.0214324;0.155524;-0.0102653;0.00818329;0.050131;0.0710916;0.00164948;0;0;1;1;0.0857478;0;
24;0.181026;-0.132456;0.198114;-0.0399287;0.0521663;-0.0408805;0.130456;-0.0784751;0.0800718;-0.0519339;0.0891303;-0.0761904;0.090832;-0.00599483;0.0454663;0.147864;0.041521;-0.11628;1;0;0.194893;0.779278;0;1;
25;0.173617;-0.197032;0.241318;-0.152578;0.159737;-0.153145;0.266925;-0.119074;0.120007;-0.0951432;0.125297;-0.233318;0.0550771;0.0513122;0.0388454;0.0863634;0.0242478;-0.108396;1;0.373428;0;0.718089;0;1;
26;0.208619;-0.24626;0.272123;-0.190678;0.22448;-0.220636;0.210232;-0.14646;0.119748;-0.0301771;0.119107;-0.216173;0.0405036;0.0299663;0.0226851;0.087097;0.0141603;-0.124977;1;0;0;0.808077;0;1;
27;0.161147;-0.180959;0.203872;0.148598;-0.128819;0.131116;0.130687;-0.0550733;0.0394696;0.0160632;0.0391068;-0.0957702;0.168189;0.0175006;-0.0111125;0.0269423;0.00827097;0.034282;1;0;0.993411;0.263089;0;1;
28;0.142883;-0.142017;0.232654;0.341115;-0.301985;0.329377;0.156806;-0.0340837;0.0181069;0.0489628;0.0247515;-0.0292551;0.163194;0.0102204;-0.096614;0.00231007;-0.00310292;0.0514441;0.80139;0;1;1;0;0;
29;0.118333;-0.117827;0.18072;0.443441;-0.420583;0.435069;0.135855;-0.0641878;0.0569086;-0.0156925;0.0587346;-0.0613673;0.0953044;0.00596845;-0.0593387;-0.107767;-0.00181238;0.019923;0;0;0.971469;0.846002;0;0.970743;
30;0.181916;-0.181621;0.213093;0.146187;-0.413421;0.181769;-0.00573399;0.0475818;-0.0518463;0.0759147;0.0630037;0.0492345;0.0067902;-0.0153765;-0.1031;0.0795918;0.274798;-0.0222431;0.797108;0;1;0.836966;0.119864;1;
31;0.199025;-0.203724;0.26789;-0.0122805;-0.205034;0.087421;-0.0634902;0.134144;-0.132975;0.150694;0.0314344;0.135102;0.172687;-0.00898029;-0.0642424;0.0552945;0.208798;-0.0393269;0.786711;0;1;0;0.725458;0;
32;0.150252;-0.196974;0.2615;-0.0851706;-0.0417564;-0.0269434;0.00497234;0.190401;-0.18971;0.200067;-0.00424041;0.190961;0.231637;-0.00524498;-0.0237009;0.0322914;0.184417;-0.0229668;0.939778;0;0.939079;0;0.560475;0;
33;0.110861;-0.130511;0.188996;0.0223802;-0.124261;0.0926112;0.177079;-0.00112518;0.00149217;0.00456694;0.109811;-0.000812403;0.173106;-0.00306343;-0.209819;0.0739417;0.0898974;-0.0134139;0.153095;0;1;1;0;0;
34;0.0776223;-0.0828562;0.138245;-0.0182446;-0.13037;0.100556;0.328784;-0.111356;0.11159;-0.108059;0.174849;-0.111178;0.101107;-0.00178926;-0.125023;-0.011434;0.0525008;-0.00783402;0;0;1;1;0;0;
35;0.0431599;-0.09362;0.113006;-0.166862;-0.0380738;0.0206616;0.324381;-0.143692;0.1729;-0.155255;0.209843;-0.172661;0.0877817;0.0718577;-0.0730203;0.0286996;0.0306603;-0.00457509;0;0.660864;1;1;0;0;
36;0.00506744;-0.0695009;0.136977;-0.246577;0.118721;-0.128882;0.29869;-0.135349;0.206878;-0.130085;0.22486;-0.203145;0.0512659;0.0523503;-0.0426428;0.0743995;0.0179047;-0.0147602;0.768142;0.887529;1;0.639477;0;1;
37;0.0144919;-0.0511514;0.0607239;-0.366467;0.29179;-0.297716;0.306321;-0.121546;0.207462;-0.097613;0.210324;-0.249679;0.0299444;0.0760606;-0.0249034;0.0799309;0.0104556;-0.0347947;1;0.347131;0;0.621811;0;1;
38;0.00120931;-0.0453073;-0.00105529;-0.465234;0.426025;-0.429485;0.287889;-0.107921;0.199122;-0.0619445;0.200152;-0.237858;0.0429171;0.0688467;-0.0145439;0.0901145;0.00610548;-0.0828544;1;0.265262;0;0.502314;0;1;
39;-0.0484708;-0.0234763;-0.0381089;-0.519195;0.511242;-0.513268;0.267144;-0.109847;0.176237;-0.0353585;0.17684;-0.207073;0.0811751;0.0402111;-0.00849393;0.0941248;0.0187228;-0.0891533;1;0.0233641;0;0.647567;0.340269;1;
40;-0.0695224;0.0212893;-0.0595484;-0.543764;0.51506;-0.55451;0.260366;-0.0957827;0.140647;-0.0492098;0.156038;-0.188144;0.13734;0.0234835;-0.00496083;0.0866302;-0.00553531;-0.120976;1;0.374588;0;0.605671;0.475562;1;
41;-0.109384;0.0490429;-0.0713866;-0.528359;0.499498;-0.515214;0.222636;-0.0639918;0.0901892;-0.019735;0.156133;-0.118829;0.148697;0.0137141;-0.00289756;0.0842102;0.0335171;-0.13652;1;0;0;0.406716;0.547634;1;
42;-0.148785;0.0640216;-0.0770693;-0.49986;0.483431;-0.499105;0.138396;-0.00544128;0.0207373;0.010831;0.160514;-0.0374787;0.157452;0.00800899;-0.00169231;0.0899662;0.0852175;-0.131124;1;0;0;0.50494;0.653;1;
43;-0.172357;0.0705133;-0.0864464;-0.531814;0.598638;-0.518597;0.00554369;0.0721183;-0.0631892;-0.0437245;0.0533239;0.0534034;0.109188;0.00467684;-0.00107026;-0.0834167;0.0984346;-0.0968459;1;0;0.391431;0.333834;0.370439;1;
44;-0.181614;0.143549;-0.133749;-0.233711;0.429129;-0.203107;0.105831;-0.060473;-0.0392857;-0.0527662;0.000213385;0.000583248;0.0457757;0.00273194;-0.251152;-0.252447;0.321276;0.0969621;1;0;1;1;1;1;
45;-0.108769;0.167607;-0.0194081;-0.0527379;0.166851;-0.0348549;0.174975;-0.146648;0.0883601;-0.173567;0.111429;-0.111004;0.085132;0.00159539;-0.21039;-0.206044;0.187647;0.0566269;0.466222;0;1;0;0;0;
46;-0.124243;0.102441;-0.0496633;0.0304705;0.0361715;0.0365949;0.297127;-0.13105;0.161249;-0.352948;0.177555;-0.177311;0.0679289;0.112011;-0.122902;-0.120351;0.109585;-0.034986;0;0.748646;1;0.895492;0;0.786542;
47;-0.105412;0.151748;-0.00996501;0.0497178;-0.0115978;0.0460429;0.282432;-0.123043;0.168744;-0.356808;0.214975;-0.197569;0.0396672;0.10299;-0.11294;-0.0911785;0.0639962;-0.027715;0.495293;0.694868;1;0.664669;0;1;
48;-0.0935979;0.158762;0.0010055;0.02291;-0.000653102;0.0207627;0.275995;-0.12876;0.16404;-0.348685;0.234277;-0.212133;0.0231634;0.103067;-0.0981571;-0.0816465;0.0373727;-0.0161837;0.831591;0.573718;1;0.471344;0;1;
49;-0.0762283;0.1633;0.0166044;-0.04286;0.0558524;-0.0441094;0.273882;-0.132872;0.169403;-0.336071;0.240968;-0.218157;-0.0110299;0.0996332;-0.0790171;-0.0652199;0.0218248;-0.0335958;1;0.473058;1;0.171207;0;1;
50;-0.0827;0.133072;0.041255;-0.127487;0.135072;-0.128215;0.278913;-0.121141;0.183435;-0.295395;0.208827;-0.21704;-0.0235909;0.0884353;-0.0512186;-0.0416516;0.012745;-0.0663293;1;0.420035;0.81064;0;0;1;
51;-0.140288;0.0360812;0.106368;-0.199621;0.204051;-0.200045;0.246965;-0.137112;0.164776;-0.254881;0.179052;-0.178557;-0.00595498;0.058541;-0.0299171;-0.0243242;0.0074425;-0.0536058;1;0.305831;0.465115;0;0;1;
52;-0.191366;-0.053061;0.193025;-0.24749;0.250076;-0.247734;0.225403;-0.143671;0.148184;-0.214094;0.169807;-0.14199;0.0131223;0.0341922;-0.0174719;-0.0142052;0.00434579;-0.0435231;1;0.38727;0;0;0;1;
53;-0.00867468;-0.153727;0.243646;-0.240062;0.276964;-0.2754;0.176066;-0.131527;0.130961;-0.169452;0.143589;-0.203916;-0.0470539;0.0199679;-0.0102037;-0.00954477;0.00253738;-0.118981;1;0;0;0.438513;0;1;
54;0.12386;-0.218723;0.271235;-0.225961;0.290692;-0.289779;0.120015;-0.0940086;0.0936748;-0.116152;0.10105;-0.18985;-0.0823345;0.0116609;-0.00595943;0.0135569;0.00148152;-0.192208;1;0;0;0.38291;0;1;
55;0.169887;-0.253013;0.283679;-0.200267;0.295042;-0.246576;0.050116;-0.034939;0.0347407;-0.0478611;0.0390484;-0.108257;-0.121896;0.00680986;-0.00348075;0.0494545;0.000864874;-0.204713;1;0;0;0.255548;0;1;
56;0.12839;-0.266368;0.287944;-0.221806;0.280198;-0.197824;-0.034887;0.0437382;-0.0438574;0.0361941;-0.0286313;0.000898891;-0.107155;0.00397675;-0.00203291;0.0288832;0.11172;-0.183024;1;0;0;0;0.609568;1;
57;0.14254;-0.262263;0.274864;-0.236239;0.269006;-0.16945;-0.117721;0.122888;-0.122961;0.118483;-0.0594758;0.0900909;-0.072801;0.00232192;-0.00118753;0.0168676;0.165437;-0.206178;1;0;0;0;0;1;
58;0.138943;-0.242441;0.285577;-0.227243;0.257835;-0.105185;-0.178842;0.181852;-0.181897;0.17928;-0.115403;0.16269;-0.0996036;0.00135555;-0.0362545;0.00985036;0.122598;-0.127037;0.959566;0;1;0;0;1;
59;0.0816027;-0.20951;0.235808;-0.200635;0.218498;-0.123926;-0.215015;0.218709;-0.218739;0.217207;-0.117159;0.187095;-0.0635292;0.000791258;-0.0309111;0.00575201;0.108637;-0.113127;0.904709;0;1;0;0.448406;0.993045;
60;0.0161521;-0.16377;0.179133;-0.158586;0.170214;-0.15258;-0.235212;0.239476;-0.239497;0.238598;-0.115483;0.193209;-0.0371007;0.000461555;-0.0249604;0.00335869;0.104531;-0.0970938;0.839183;0;1;0;0.591393;0.798767;
61;-0.0612022;-0.10147;0.110446;-0.0984428;0.157372;-0.148519;-0.231875;0.249439;-0.266684;0.248927;-0.105024;0.201486;-0.0216661;0.000268989;-0.030372;0.00196097;0.0944825;-0.0634087;0.660856;0;1;0;0.866003;0.915378;
62;-0.155347;-0.017485;0.0227284;-0.0157171;0.084637;-0.0917941;-0.223272;0.244185;-0.265999;0.242872;-0.106419;0.190607;-0.0126503;0.000156487;-0.0337014;0.00114477;0.0804057;-0.0658306;0.574613;0;1;0;1;0.881545;
63;-0.251839;0.081433;-0.0783699;0.0824652;-0.0241226;-0.0376618;-0.190332;0.22059;-0.237686;0.221679;-0.117193;0.170398;0.00601046;9.07749e-05;-0.0196866;0.000668072;0.046971;-0.0674696;0.709897;0;1;0;1;0.589405;
64;-0.329352;0.16881;-0.167017;0.169412;-0.135324;0.0992441;-0.140159;0.187839;-0.193355;0.188371;-0.134131;0.158485;0.0167451;5.25594e-05;-0.0115008;0.000389827;0.0274363;-0.0481044;0.725647;0;1;0;1;0;
65;-0.37303;0.2288;-0.227746;0.229152;-0.209244;0.188174;-0.107187;0.179966;-0.176231;0.180037;-0.111504;0.15706;0.0122003;3.00454e-05;-0.00671796;0.000227192;-0.00798846;-0.0280928;0.78907;0;0.854812;0;1;0;
66;-0.397981;0.264799;-0.264008;0.265005;-0.253377;0.241073;-0.0689047;0.155741;-0.15356;0.155782;-0.0986788;0.142363;0.0071246;1.70554e-05;-0.00657449;0.00013222;-0.0405528;-0.0164064;0.745878;0;0.876925;0;1;0;
67;-0.396147;0.284279;-0.270462;0.284399;-0.277609;0.268507;-0.0164918;0.116508;-0.115237;0.116531;-0.0945271;0.108696;-0.0160443;9.47823e-06;-0.019973;7.68262e-05;-0.0812684;-0.00958159;0.827365;0;0.89076;0;1;0.331146;
68;-0.379719;0.292525;-0.255623;0.292595;-0.289045;0.280984;0.0330009;0.0593853;-0.0586515;0.0593989;-0.100503;0.0548325;-0.0344918;5.17279e-06;-0.0497317;4.44691e-05;-0.126293;0.0195014;0.790428;0;1;0;0.945882;1;
69;-0.375408;0.274964;-0.262663;0.293632;-0.321318;0.27908;0.0953159;-0.0174188;0.0178334;-0.017413;-0.049285;-0.0180125;-0.0202721;0.0237326;-0.0662467;2.5516e-05;-0.136809;0.0335743;1;0.159802;0.991559;0;0.021723;1;
70;-0.334381;0.296103;-0.260137;0.282077;-0.298246;0.291667;0.146052;-0.0392389;0.100797;-0.100557;0.0616015;-0.0955791;-0.0504051;0.128182;-0.0430671;1.48817e-05;-0.0798996;0.0464206;0.812408;0.5559;0;0;0;1;
71;-0.295523;0.269287;-0.246428;0.253877;-0.268683;0.259219;0.193397;-0.0648719;0.16697;-0.166827;0.14408;-0.127973;-0.0410869;0.110669;-0.0251518;0.0364511;-0.0466622;0.0907806;0;1;0;0.555302;0;1;
72;-0.246787;0.231459;-0.218117;0.216158;-0.231114;0.225593;0.225266;-0.0588453;0.209833;-0.203977;0.196465;-0.145128;-0.0239949;0.125408;-0.0146889;0.0461425;-0.0272512;0.0617873;0;1;0;0.348932;0;1;
73;-0.193548;0.184592;-0.176805;0.168306;-0.184395;0.181179;0.243675;-0.0654133;0.234662;-0.20525;0.226856;-0.156865;-0.0140134;0.124674;-0.0085788;0.0309083;-0.015915;0.0564592;0;1;0;0.499974;0;1;
74;-0.129828;0.124595;-0.12005;0.110677;-0.124483;0.122618;0.252622;-0.0825144;0.247358;-0.197086;0.242799;-0.142919;-0.00818423;0.097626;-0.00501043;0.037885;-0.0092948;0.065118;0;1;0;0.490328;0;1;
75;-0.0481921;0.0451363;-0.0424818;0.0321106;-0.0450704;0.0439997;0.24653;-0.0797914;0.247867;-0.201952;0.248805;-0.155939;-0.00477999;0.09678;-0.00292653;0.0245234;-0.00542868;0.0536493;0;1;0;0.543653;0;1;
76;0.0509405;-0.0527203;0.0542753;-0.0667162;0.0527636;-0.0533654;0.230002;-0.0827839;0.230631;-0.18324;0.225709;-0.146982;-0.00279207;0.0788857;-0.00170965;0.016168;-0.00317083;0.0521746;0;1;0;0.619916;0;1;
77;0.14546;-0.146491;0.147407;-0.170018;0.146524;-0.146852;0.197459;-0.0822268;0.200079;-0.15043;0.200086;-0.128245;-0.001631;0.0500275;-0.000998849;0.0225248;-0.00185234;0.0579881;0;1;0;0.489453;0;1;
78;0.213923;-0.214517;0.21506;-0.252621;0.214544;-0.214723;0.190375;-0.0668811;0.191905;-0.117752;0.191909;-0.105663;-0.000952903;0.0298588;-0.000583771;0.0131577;-0.00108227;0.0433125;0;1;0;0.565168;0;0.955647;
79;0.256205;-0.256549;0.256869;-0.302459;0.256568;-0.25667;0.167635;-0.0584742;0.168529;-0.0888078;0.168531;-0.0799866;-0.000556938;0.0174392;-0.000341374;0.00768283;-0.000632513;0.0252996;0;1;0;0.636522;0;1;
80;0.265727;-0.280038;0.280228;-0.323856;0.280052;-0.280111;0.131114;-0.0533087;0.131633;-0.0359137;0.131635;-0.0530583;-0.00579851;-0.0106009;-0.000199816;-0.0200158;-0.000369801;0.0147713;0.876195;0.847233;0;0.502087;0;1;
81;0.267602;-0.291094;0.291206;-0.335704;0.291104;-0.290479;0.0784344;-0.0386187;0.0787264;-0.0180304;0.0787275;-0.00665161;0.0304702;-0.047107;-0.000117079;-0.0116874;-0.0002163;-0.0324869;1;0.508;0;0.414098;0;1;
82;0.274316;-0.297255;0.292911;-0.323617;0.272345;-0.277251;0.00782915;0.0171526;0.00626577;0.0291789;0.00627022;0.0451397;0.0384506;-0.0495591;-6.87483e-05;-0.0070858;0.0614835;-0.0222052;1;0;0;0;0.358848;1;
83;0.218421;-0.287615;0.285078;-0.303011;0.245904;-0.287868;-0.0565144;0.0916715;-0.0779975;0.0986946;-0.069638;0.108862;0.0696854;-0.0289427;-4.03677e-05;-0.00413829;0.121998;-0.0154831;1;0;0;0;0;1;
84;0.225177;-0.267405;0.278649;-0.276395;0.220917;-0.267721;-0.128189;0.158662;-0.150677;0.162763;-0.0880304;0.168713;0.0712206;-0.0169029;-0.00731995;-0.00241716;0.144349;0.0140303;1;0;1;0;0.565636;1;
85;0.182387;-0.236326;0.242894;-0.241576;0.215613;-0.254947;-0.144079;0.204501;-0.199831;0.206897;-0.068595;0.210377;0.0884339;-0.00987164;0.00815672;-0.00141205;0.130291;0.0104527;1;0;1;0;1;0.534419;
86;0.147125;-0.194861;0.198705;-0.197927;0.182991;-0.23563;-0.149978;0.231811;-0.212746;0.233209;-0.0659929;0.235244;0.0847806;-0.00576542;0.00678431;-0.000825112;0.125843;0.00684453;0.80786;0;1;0;1;0.354384;
87;0.112749;-0.140629;0.142881;-0.142419;0.133689;-0.164438;-0.132551;0.246317;-0.189952;0.247133;-0.0900487;0.248322;0.101454;-0.00336752;0.0244762;-0.000482319;0.0932784;0.00399671;0.816939;0;1;0;1;0;
88;0.0516735;-0.067962;0.0692901;-0.0690077;0.0639022;-0.0818663;-0.13998;0.250825;-0.206545;0.249754;-0.0815959;0.250447;0.082911;-0.00196722;0.0142982;-0.000282087;0.0988829;0.00233362;0.873836;0;1;0;1;0;
89;-0.0351208;0.0256026;-0.0248149;0.0249917;-0.0279773;0.0174822;-0.131899;0.234693;-0.20319;0.23474;-0.0747162;0.233175;0.0708111;-0.00114934;0.00835004;-0.000165332;0.0877456;0.00136223;1;0;1;0;1;0;
90;-0.12875;0.123191;-0.122723;0.122834;-0.124579;0.118448;-0.110794;0.208187;-0.185433;0.215973;-0.0706132;0.209364;0.0693287;-0.000671828;0.00466867;-9.69799e-05;0.0757574;0.000795103;1;0;1;0;0.916617;0;
91;-0.202148;0.198907;-0.198632;0.198698;-0.199719;0.196137;-0.0908349;0.201198;-0.170933;0.205745;-0.0482843;0.201885;0.0518885;-0.000392853;-0.00705862;-5.71303e-05;0.0675721;0.000463846;1;0;1;0;0.859016;0;
92;-0.249191;0.247306;-0.247147;0.247184;-0.247782;0.245688;-0.0612722;0.179433;-0.161232;0.182088;-0.0243591;0.179834;0.0336865;-0.000229924;-0.00414607;-3.38567e-05;0.0439492;0.0002704;1;0;0.96579;0;0.949436;0;
93;-0.274989;0.275111;-0.275022;0.27504;-0.275392;0.274166;-0.0242205;0.145042;-0.134415;0.146593;-0.0182829;0.145277;0.0196767;-0.000134774;-0.017795;-2.02134e-05;0.0256684;0.000157473;1;0;0.996367;0;1;0;
94;-0.281594;0.277237;-0.289063;0.289072;-0.293908;0.284875;0.0272114;0.0962238;-0.0900219;0.0971272;0.00369524;0.0963615;0.00353681;0.0235653;-0.0456901;-1.22276e-05;-0.0368098;0.00763694;1;0.177298;0.898684;0;1;1;
95;-0.274762;0.268787;-0.275134;0.293209;-0.309779;0.263343;0.0476948;0.0720605;-0.02513;0.0292632;0.0262599;0.0288329;-0.000262193;0.0844775;-0.0704221;-7.54751e-06;-0.0366552;0.0267668;1;1;0.686863;0;0;1;
96;-0.277433;0.3367;-0.276111;0.288206;-0.297883;0.245046;0.0991752;0.00640439;0.0566432;-0.0542329;0.0866581;0.00076384;-0.000153531;0.111443;-0.0465306;-4.36442e-06;-0.0214067;0.0991197;0;1;0;0;0;1;
97;-0.266039;0.309943;-0.265267;0.197096;-0.277982;0.178458;0.158765;-0.0100196;0.133927;-0.132513;0.151454;-0.0889788;-8.97909e-05;0.160204;-0.0271741;0.0413621;-0.0125022;0.105584;0;1;0;0.505156;0;1;
98;-0.241202;0.26684;-0.240751;0.177236;-0.248176;0.163828;0.203663;0.00731492;0.189158;-0.188324;0.199394;-0.12669;-5.29966e-05;0.200924;-0.0158701;0.0343333;-0.00730159;0.075638;0;1;0;0.646027;0;1;
