1;-0.000363588;0.000116065;9.94842e-05;-0.000363588;0.000116065;9.94841e-05;0.0349769;0.0347456;0.0352595;0.0349769;0.0347455;0.0352594;0.808667;0.808665;0.808666;0.808667;0.808665;0.808666;0;0;0;0;0;0;
2;-0.0130069;-0.0272565;-0.0709552;0.0507644;0.0317363;0.00162051;0.0594306;0.0664108;0.15463;0.12418;-0.016713;-0.0455578;0.472308;0.472298;0.472332;0.472342;0.472413;0.472375;0;0;1;0.509411;0;0;
3;-0.007171;-0.0168006;-0.131303;0.127468;0.0936479;0.00236675;0.0347908;0.0545049;0.266654;0.153045;0.0750705;-0.0107882;0.275829;0.275825;0.275887;0.275875;0.275899;0.275872;0;0.511792;0.925225;0.399576;0;0.00494034;
4;-0.00355337;-0.0201598;-0.144732;0.133328;0.0980529;-0.0135659;0.0202888;0.116603;0.246457;0.221235;0.143651;-0.0132024;0.161083;0.161103;0.236219;0.213851;0.161151;0.161108;0;0.54731;1;0.360616;0.108469;0;
5;-0.00119914;-0.0278147;-0.152243;0.116428;0.0855566;-0.00879873;0.0140342;0.134557;0.236251;0.210082;0.142358;-0.0140417;0.0940729;0.130431;0.238264;0.219287;0.138265;0.0940861;0.418191;0.565709;1;0.229408;0.160552;0;
6;0.0039742;-0.0243846;-0.148413;0.117551;0.0858285;-0.00624617;0.00896528;0.121592;0.234191;0.222705;0.143791;-0.00760659;0.054939;0.141023;0.235228;0.206069;0.138693;0.0549455;0.628878;0.472122;1;0.119949;0.407594;0;
7;0.0105057;-0.015238;-0.140354;0.104523;0.0837357;-0.00609134;0.00947711;0.124963;0.238733;0.202633;0.138639;-0.00863464;0.032085;0.127403;0.224386;0.202865;0.150749;0.0320876;0.571881;0.53605;1;0.335982;0.306492;0;
8;0.00726898;-0.0122937;-0.137447;0.106403;0.0856383;-0.00527334;0.00980999;0.123349;0.239051;0.203812;0.137861;-0.00634716;0.0187384;0.127911;0.221014;0.19893;0.150174;0.0187388;0.668407;0.446904;1;0.317688;0.384658;0;
9;-0.00244191;0.0455289;-0.132902;0.0958918;0.0896204;-0.00975473;0.0443317;0.792596;0.21704;0.190579;0.12708;-0.0246856;-0.0160115;1.17797;0.254762;0.187844;0.152941;0.0109432;0.0373191;0;1;0.470907;0.487925;0;
10;0.0463101;-0.288752;-0.0586161;0.0973295;0.0679562;-0.0188466;0.569919;-1.74511;0.59621;-0.0791569;0.0329414;-0.333256;0.0612644;0.464375;0.174573;0.15114;0.13264;0.0875038;0;1;0.364887;0;0;0;
11;0.263476;-0.39499;0.0189626;-0.0893602;0.0417223;-0.0473097;0.392123;-0.900897;0.628923;-0.218419;-0.277879;-0.187716;0.565116;-0.860663;0.651191;0.0883921;-0.0490444;0.0512043;0;0;0.0905101;0;0;0;
12;0.145551;-0.222383;0.00275985;-0.0438752;0.0160676;-0.0193293;0.220604;-0.517905;0.358947;-0.119186;-0.170632;-0.101278;0.330061;-0.502972;0.380361;0.0516193;-0.0286416;0.029903;0;0;0;0;0;0;
13;0.0695288;-0.114422;-0.0138458;-0.0101647;-0.00607237;0.00417045;0.119993;-0.293673;0.200795;-0.0607738;-0.10848;-0.0503175;0.192736;-0.293875;0.222133;0.0301446;-0.016727;0.0174634;0;0;0;0;0;0;
14;0.0216861;-0.0413359;-0.0375998;0.0151853;-0.059805;0.00965697;0.0851811;-0.327251;0.110213;-0.0284401;-0.0704117;-0.022335;0.143612;-0.44328;0.129145;0.0176048;-0.00976945;0.0101982;0;1;0.946344;0;0;0;
15;-0.0127039;0.0139363;-0.0554155;0.0469483;-0.0852429;0.0437172;0.0486207;-0.288536;0.0632377;-0.0154787;-0.0422635;-0.0119126;0.0850233;-0.294468;0.0650729;0.0102825;-0.00570681;0.00595631;0;1;0;0;0;0;
16;-0.0589298;0.0596457;-0.0838762;0.170879;-0.101296;0.169672;0.0634175;-0.0659263;0.0483681;-0.0720891;-0.0243191;-0.0342835;0.0496603;-0.172016;0.0380064;-0.226996;-0.00333287;-0.265669;0;1;0;1;0;1;
17;-0.09688;0.0972992;-0.111449;0.162259;-0.121622;0.161554;0.0658119;0.0299913;0.0573268;-0.091887;0.0186752;-0.0528933;0.0290011;-0.10045;0.0221952;-0.132569;-0.00194587;-0.155152;0;1;0;0.522916;0;0;
18;-0.123318;0.123562;-0.131826;0.149942;-0.137766;0.159836;0.0999985;-0.0393104;0.0950431;-0.112897;0.0724707;-0.0947397;0.0169359;-0.0396944;0.0129611;-0.0818606;-0.00113652;-0.0906122;0;1;0;0.206724;0;0.342288;
19;-0.132774;0.121332;-0.137743;0.159595;-0.141212;0.155428;0.146182;-0.0944858;0.143288;-0.153481;0.130106;-0.143107;0.00988997;0.0625688;0.00756873;-0.0477997;-0.000663928;-0.0529166;0;1;0;0.558367;0;1;
20;-0.120333;0.11365;-0.123235;0.136002;-0.12526;0.133559;0.187494;-0.0945725;0.185804;-0.191749;0.178106;-0.185229;0.00577504;0.084236;0.00441945;-0.00831551;-0.000387947;-0.0309006;0;1;0;0.532721;0;1;
21;-0.082497;0.0785992;-0.0841915;0.0916535;-0.0853744;0.0902194;0.215818;-0.0983633;0.214831;-0.212605;0.210335;-0.202663;0.00337194;0.0934303;0.00258026;0.0110165;-0.000226816;-0.0180443;0;1;0;0.513069;0;1;
22;-0.0162021;0.0139357;-0.0171917;0.0215565;-0.0178823;0.0207152;0.231056;-0.097213;0.230479;-0.217187;0.227854;-0.208254;0.00196852;0.0889219;0.00150618;0.00875627;-0.000132766;-0.0105391;0;1;0;0.520386;0;1;
23;0.0731893;-0.074497;0.0726114;-0.070059;0.0722082;-0.0705411;0.23023;-0.0936259;0.228895;-0.213224;0.229628;-0.20078;0.00114893;0.0820427;0.000878916;0.00511434;-7.78531e-05;-0.00994149;0;1;0;0.54093;0;1;
24;0.159995;-0.160741;0.159657;-0.158166;0.159422;-0.158435;0.223154;-0.0872364;0.222375;-0.189258;0.222803;-0.180603;0.000670286;0.0692553;0.000512612;-0.00614641;-4.58033e-05;-0.0119753;0;1;0;0.599018;0;1;
25;0.22271;-0.223134;0.222513;-0.221643;0.222375;-0.221791;0.203566;-0.0739769;0.203111;-0.154562;0.203361;-0.158264;0.000390739;0.0468098;0.000298671;-0.023102;-2.70518e-05;-0.00866369;0;1;0;0.658242;0;1;
26;0.261256;-0.261421;0.261141;-0.260636;0.26106;-0.260712;0.173217;-0.0562882;0.172951;-0.144554;0.173097;-0.146762;0.000227551;0.0273423;0.00017378;-0.0181049;-1.61022e-05;-0.00525326;0;1;0;0.703227;0;0.775932;
27;0.282568;-0.282351;0.2825;-0.282205;0.282453;-0.28225;0.131619;-0.0338284;0.131464;-0.114884;0.131549;-0.116172;0.000132238;0.0159664;0.000100857;-0.072019;-9.63604e-06;-0.00354721;0;1;0;0.69195;0;0;
28;0.292199;-0.266711;0.292159;-0.294538;0.292131;-0.292012;0.0749419;-0.0178335;0.0748513;-0.0651767;0.0749016;-0.0659237;7.66249e-05;-0.0504682;5.8342e-05;-0.0634691;-5.79077e-06;-0.00207149;0;1;0;0.6296;0;0;
29;0.292957;-0.271202;0.290009;-0.31842;0.290269;-0.292647;-0.000517937;0.021526;-0.000568504;0.00620931;-0.000540931;0.00578142;4.42734e-05;-0.107574;0.0229405;-0.124794;-3.49678e-06;-0.00120977;0;1;0.934434;0.557587;0;0;
30;0.296302;-0.277817;0.333821;-0.326077;0.282327;-0.283717;-0.0853756;0.0976413;-0.085388;0.0886955;-0.0853884;0.088448;-0.00772371;-0.0628254;0.0848859;-0.0819588;-1.9678e-06;-0.000706518;0.42002;0;1;0.629821;0;0;
31;0.260638;-0.259902;0.299264;-0.303688;0.258733;-0.263347;-0.156212;0.16338;-0.14041;0.158153;-0.131652;0.158012;0.0544335;-0.0366909;0.0783398;-0.0714608;0.0493023;-0.000412807;0.629982;0;1;0;0.772003;0;
32;0.20695;-0.229782;0.252777;-0.255354;0.229095;-0.231793;-0.178177;0.207474;-0.161433;0.204421;-0.125278;0.20434;0.0701821;-0.0214282;0.0591081;-0.0425469;0.0454315;-0.000241167;0.694688;0;1;0.0389562;1;0;
33;0.155624;-0.188366;0.201806;-0.254612;0.188313;-0.18954;-0.195905;0.233464;-0.206243;0.231205;-0.109318;0.231633;0.0475746;-0.0125146;0.0345224;-0.0248523;0.0708726;-0.000141127;0.664263;0;1;0.479889;1;0;
34;0.0975253;-0.116645;0.147785;-0.138561;0.0752729;-0.06422;-0.00368585;0.0256474;-0.00973964;0.0243109;0.0468656;0.0245537;0.0258875;-0.00731003;-0.240175;0.0408751;0.00512967;0.00574848;1;0;1;1;0;0;
35;0.0515178;-0.068243;0.0840782;-0.157797;0.0711346;-0.0755662;0.105579;-0.0442104;0.10204;-0.0935242;0.135098;-0.0933929;0.0362704;0.172468;-0.145452;-0.00671885;0.00299606;0.00335738;0;0.790197;0.509907;1;0;0;
36;-0.0403953;0.0306241;-0.0122976;-0.0216991;-0.0289361;0.02635;-0.0406568;0.0764873;-0.0427173;0.0476714;-0.0234095;0.0477691;0.0211817;0.100727;-0.0846629;-0.279281;0.0084935;0.00196058;0;0;1;1;0;0;
37;-0.134822;0.129114;-0.117015;0.0712582;-0.122268;0.12662;-0.116302;0.137224;-0.129011;0.0267974;-0.106226;0.120453;0.0123695;0.0588241;-0.141614;-0.227132;0.0250312;0.0011449;0;0;1;1;0.17599;0;
38;-0.206548;0.203213;-0.196135;0.0997286;-0.1473;0.201757;-0.145888;0.158103;-0.259324;0.0344102;-0.082533;0.148309;0.00722331;0.0343525;-0.0938289;-0.157898;0.0542874;0.000668363;0;0;1;1;0.543642;0;
39;-0.251847;0.249899;-0.245754;0.0921044;-0.18325;0.249048;-0.156455;0.140187;-0.215677;-2.81222e-05;-0.104773;0.126846;0.00421803;0.0200612;-0.0982709;-0.182399;0.0317027;0.000390129;0;0;1;1;0.52611;0;
40;-0.277604;0.276467;-0.228202;0.174623;-0.236256;0.275969;-0.129097;0.119593;-0.190133;-0.0547432;-0.10251;0.111803;0.00246281;0.0117148;-0.129636;-0.189357;0.0185143;0.000227875;0;0;1;1;0;0;
41;-0.290256;0.289591;-0.249464;0.230104;-0.26551;0.2893;-0.0834472;0.0778941;-0.15058;-0.135448;-0.0679203;0.0733449;0.00143797;0.00684078;-0.142777;-0.174067;-0.00136948;0.000132885;0;0;1;1;0.142721;0;
42;-0.293357;0.292951;-0.230165;0.258209;-0.278888;0.29278;-0.0168024;0.013558;-0.0560297;-0.229125;-0.00773557;0.0109003;0.000839256;0.00399451;-0.148594;-0.178821;-0.000799725;7.75353e-05;0;0;0.773199;1;0;0;
43;-0.287257;0.28418;-0.208973;0.263636;-0.273517;0.28692;0.0654843;-0.0673789;0.0425613;-0.325543;0.0707776;-0.0689339;0.000489548;0.0151484;-0.14107;-0.163308;-0.000467023;4.5369e-05;0;0.0761158;1;1;0;0;
44;-0.270132;0.320445;-0.224414;0.220131;-0.262107;0.25867;0.140837;-0.141163;0.12745;-0.326756;0.143929;-0.142851;0.000285179;0.0684134;-0.0823868;-0.0953972;-0.000272792;0.0375451;0;0.691871;0;0.966204;0;0.340325;
45;-0.241532;0.273562;-0.214834;0.187434;-0.236846;0.234834;0.193583;-0.148132;0.185765;-0.349824;0.195389;-0.16404;0.000166078;0.0670934;-0.0481144;-0.0825543;-0.000159585;0.0682011;0;0.954836;0;0.710396;0;0.68696;
46;-0.202326;0.221045;-0.186734;0.140302;-0.199589;0.198416;0.225534;-0.150041;0.220968;-0.35993;0.226588;-0.17188;9.63139e-05;0.0685361;-0.0280992;-0.0905808;-9.34802e-05;0.0621213;0;0.677292;0;0.866552;0;0.86849;
47;-0.150879;0.161827;-0.141773;0.0689222;-0.14928;0.148599;0.242994;-0.156124;0.240328;-0.36044;0.24361;-0.169862;5.55406e-05;0.0585758;-0.0164104;-0.0961836;-5.49018e-05;0.0631708;0;0.700263;0;0.937141;0;0.92281;
48;-0.0819924;0.0884053;-0.0766747;-0.0295161;-0.0810586;0.0806702;0.25064;-0.164011;0.249083;-0.354336;0.251;-0.159997;3.16971e-05;0.0444119;-0.00958428;-0.0974735;-3.23917e-05;0.0612045;0;0.75122;0;1;0;1;
49;0.00835074;-0.00458465;0.0114562;-0.165868;0.00889603;-0.00911279;0.240097;-0.172233;0.237855;-0.339687;0.239042;-0.147413;1.779e-05;0.0293294;-0.00559784;-0.0908235;-1.92754e-05;0.0628067;0;0.855247;0;0.991055;0;0.948055;
50;0.107332;-0.105113;0.109145;-0.314151;0.10765;-0.107773;0.21788;-0.17912;0.214946;-0.304818;0.211108;-0.126532;9.67779e-06;0.0171303;-0.00326986;-0.0841931;-1.15323e-05;0.0624877;0;0.969144;0;0.841693;0;0.883787;
51;0.187851;-0.186535;0.18891;-0.394328;0.188036;-0.188101;0.20961;-0.178801;0.207897;-0.260903;0.205508;-0.104336;4.94658e-06;0.00308067;-0.00191026;-0.0842188;-6.98593e-06;0.0631461;0;0.926577;0;1;0;0.926944;
52;0.240616;-0.224946;0.241234;-0.419568;0.240724;-0.240752;0.187653;-0.17243;0.186652;-0.217617;0.185258;-0.0803144;2.21084e-06;-0.0405077;-0.00111626;-0.0688721;-4.35214e-06;0.0645253;0;0.9286;0;1;0;0.780958;
53;0.271439;-0.244679;0.2718;-0.435219;0.271502;-0.265688;0.15401;-0.162246;0.153426;-0.171519;0.152612;-0.0565635;6.46595e-07;-0.0700772;-0.000652564;-0.0929664;-2.79136e-06;0.0500331;0;0.825493;0;1;0;0.494653;
54;0.287467;-0.253627;0.287677;-0.4356;0.287502;-0.278367;0.107136;-0.149381;0.106794;-0.119625;0.106319;-0.0273016;-3.00198e-07;-0.117196;-0.00038175;-0.113984;-1.79066e-06;0.0292247;0;0.678878;0;1;0;0.237765;
55;0.293158;-0.263131;0.293281;-0.433725;0.293179;-0.287844;0.0426018;-0.118632;0.0424025;-0.0679724;0.0421252;0.00401829;-7.63531e-07;-0.18501;-0.000223522;-0.146221;-1.16759e-06;0.0170671;0;0.882996;0;1;0;0;
56;0.298939;-0.235481;0.314788;-0.387961;0.278574;-0.287377;-0.0392646;-0.00515069;-0.039378;0.0244381;-0.0395443;0.0664891;-9.10058e-07;-0.228392;0.0157144;-0.115367;-6.35245e-07;0.00996725;0;0.699401;0.901318;1;0;0;
57;0.281284;-0.244766;0.35997;-0.366007;0.269391;-0.274532;-0.120279;0.094333;-0.120335;0.11162;-0.12044;0.136175;-9.24633e-07;-0.14622;0.0247156;-0.0717663;-3.05051e-07;0.00582075;0;0;1;1;0;0;
58;0.253548;-0.232223;0.30624;-0.372544;0.246677;-0.249605;-0.180331;0.165176;-0.180357;0.162309;-0.13916;0.189612;-8.11114e-07;-0.0853941;-0.00678727;-0.0999546;0.0514612;0.00339904;0;0;1;0.761886;0.275719;0;
59;0.215997;-0.203543;0.246781;-0.385633;0.212776;-0.213694;-0.217823;0.20897;-0.217834;0.191878;-0.135282;0.22324;-7.20494e-07;-0.0498705;-0.0338878;-0.0802483;0.0693594;0.00198468;0;0;1;0.921193;0.394872;0;
60;0.13798;-0.172608;0.158383;-0.148903;0.0414498;-0.0419651;-0.015468;0.0103291;-0.0242706;0.000446743;0.0327279;0.0186224;-7.52142e-07;0.00280165;-0.34393;-0.0323496;0.0405135;0.010009;0;1;0;1;0;0;
61;0.0822469;-0.104184;0.0941615;-0.0752977;0.0125483;-0.00544873;0.100549;-0.0910568;0.0954081;-0.108384;0.128695;-0.0987071;-5.27662e-07;0.10574;-0.200876;0.113706;0.0236594;0.0129284;0;1;0;0.552977;0;1;
62;0.00625881;-0.0493788;0.0147242;-0.00220196;-0.0344457;0.0882843;-0.0469791;0.0525177;-0.0499808;0.0424007;-0.030542;0.0480404;0.0104673;0.0413832;-0.115259;0.0505214;0.0138181;-0.17875;0;0.322082;0.7607;0.432959;0;0.429667;
63;-0.0225285;-0.0287406;-0.0153164;-0.184562;0.16316;-0.131722;0.0711339;-0.0253477;0.0693784;-0.0109517;0.0807334;-0.0705227;0.00611241;0.137032;-0.0759487;0.166551;0.00807009;-0.111331;0;1;0;0.426416;0;1;
64;-0.0477998;-0.00160712;-0.0435879;-0.350272;0.337784;-0.319426;0.128047;-0.0228336;0.127022;-0.00953211;0.133655;-0.127706;0.0035691;0.142797;-0.0443544;0.162383;0.00471278;-0.0871072;0;1;0;0;0;0.797337;
65;-0.065119;0.0359479;-0.0626594;-0.458727;0.446066;-0.446968;0.145049;0.00892791;0.144451;-0.0439484;0.13029;-0.191452;0.00208398;0.134111;-0.0259031;0.122552;-0.0223821;-0.0508797;0;0.892068;0;0.196404;0.603426;1;
66;-0.0755093;0.0385605;-0.074073;-0.489831;0.459038;-0.523374;0.133673;0.0450867;0.135;-0.0725286;0.0964499;-0.195763;0.00121641;0.153648;-0.0151278;0.107879;-0.042951;-0.0942705;0;0.800075;0;0.317293;0.650878;1;
67;-0.0811362;0.0155;-0.0802975;-0.492572;0.471471;-0.517284;0.10362;0.077263;0.104395;-0.0720273;0.0818836;-0.172005;0.000709841;0.123161;-0.0088351;0.0791778;-0.0361753;-0.12124;0;0.655762;0;0.275099;0.637108;1;
68;-0.0835282;-0.00485852;-0.0830295;-0.514664;0.482754;-0.531898;0.0518588;0.114946;0.0523111;-0.0751718;0.0457423;-0.131607;0.000414099;0.0752408;-0.00516023;0.0462459;-0.0286747;-0.159094;0;0.616858;0;0.32208;0.647449;1;
69;-0.0718169;0.021548;-0.0866886;-0.497081;0.507999;-0.544777;-0.0218161;0.134472;-0.0215389;-0.0445851;0.0427929;-0.0247611;0.000241484;0.0439416;0.0654598;-0.0363832;-0.00918203;-0.107227;0;0;1;0.330088;0.440428;0.658679;
70;-0.0714063;0.0441839;-0.147752;-0.476244;0.521279;-0.514017;-0.103129;0.168916;-0.102951;-0.032383;0.0230065;0.0759266;0.000140631;0.0256611;0.0680388;-0.0629762;0.0455541;-0.0626213;0;0;1;0.386663;0.429702;0.516613;
71;-0.0687033;0.0528062;-0.116466;-0.440116;0.501278;-0.4892;-0.168335;0.206751;-0.133723;0.0150724;0.0469691;0.152448;8.18085e-05;0.0149854;0.0724395;-0.0721972;0.0879472;-0.0365701;0;0;1;0.595321;0.366903;0.603455;
72;-0.0613235;0.0443796;-0.124962;-0.405433;0.441156;-0.434098;-0.210633;0.233065;-0.180024;0.106444;-0.0434764;0.201351;4.75887e-05;0.00875079;0.0653531;-0.0586243;0.0689154;-0.0225859;0;0;1;0;0;0.473854;
73;-0.049934;0.042067;-0.0945376;-0.335623;0.356499;-0.352365;-0.235132;0.24823;-0.137185;0.174283;-0.113951;0.229709;2.75659e-05;0.00510977;0.0677732;-0.034237;0.0820229;-0.0138934;0;0;1;0;0.544119;0;
74;-0.0339605;0.0293661;-0.0600149;-0.310354;0.298097;-0.239375;-0.247635;0.249758;-0.135711;0.212094;-0.0818405;0.244466;1.5872e-05;0.00298326;0.0733875;-0.0213139;0.0594013;-0.00811386;0;0;1;0.63913;0.524142;0;
75;-0.0119394;0.00925626;-0.0289834;-0.234018;0.210949;-0.0845426;-0.26735;0.243465;-0.175908;0.237989;-0.0924717;0.239929;9.03914e-06;0.00174148;0.0239606;0.00178553;0.0734757;-0.00473877;0;0;1;1;1;0;
76;0.0156232;-0.0171901;0.00566377;-0.236911;0.16302;0.108788;-0.257114;0.225559;-0.162497;0.235338;-0.0732986;0.222163;5.16278e-06;0.00101635;0.0163423;0.0603691;0.0674825;-0.00276773;0;0;1;1;1;0;
77;0.0421842;-0.0430994;0.027947;-0.230224;0.143545;0.294947;-0.240484;0.201564;-0.153581;0.23072;-0.0710097;0.20194;2.78493e-06;0.000592764;0.018331;0.0754122;0.0642153;-0.00161646;0;0;1;1;1;0;
78;0.0614856;-0.06202;0.0373839;-0.227582;0.125517;0.430195;-0.215504;0.192772;-0.138307;0.218195;-0.0673903;0.192992;1.37612e-06;0.000345463;0.0107057;0.0917463;0.0503607;-0.000944204;0;0;1;1;0.83724;0;
79;0.0734145;-0.0737265;0.0413011;-0.227148;0.109315;0.51378;-0.182314;0.169035;-0.116475;0.203843;-0.063606;0.169164;5.19385e-07;0.000201042;-0.00614444;0.104578;0.0328003;-0.000551634;0;0;1;1;0.853101;0;
80;0.0800786;-0.080261;0.0606611;-0.0235085;-0.133158;0.560478;-0.139687;0.13193;-0.169294;0.157513;-0.0537217;0.132005;1.23739e-07;0.000116584;-0.139746;0.0783332;0.0191593;-0.000321847;0;0;1;1;0;0;
81;0.0942723;-0.0942881;0.150548;0.237968;-0.332853;0.582425;-0.0834335;0.0789019;-0.225175;0.0938416;-0.0332316;0.078944;-2.30389e-07;6.76816e-05;-0.217778;0.0461684;0.0111887;-0.000188416;0;0;1;1;0;0;
82;0.0925525;-0.028801;0.188299;0.371223;-0.43995;0.60381;-0.00901743;0.0449367;-0.110757;0.0150931;0.0202997;0.00639303;-3.8571e-07;0.167801;-0.213188;-0.00101361;0.00653379;-0.000110521;0;0.076795;1;1;0;0;
83;0.0866277;-0.0281769;0.16257;0.441057;-0.484968;0.580662;0.0763879;0.0426995;0.0169517;-0.0728412;0.0935093;-0.0779235;-6.0533e-07;0.25227;-0.156659;-0.0602234;0.00381543;-6.45863e-05;0;0;1;1;0;0;
84;0.0790012;-0.020913;0.149701;0.3812;-0.475458;0.548243;0.149735;0.0130572;0.115009;-0.147658;0.159735;-0.150633;-8.32036e-07;0.29207;-0.156181;-0.037949;0.00222788;-0.00506226;0;0.184458;1;1;0;0.929808;
85;0.126298;-0.0923746;0.10628;0.142433;-0.197528;0.240089;-0.0244002;0.119461;-0.0446921;0.0256253;-0.0185478;0.0238672;-1.0569e-06;0.170575;-0.165692;-0.0268459;0.0346248;-0.141035;0;0;1;1;0;1;
86;0.132452;-0.110794;0.0965681;0.0146389;-0.0585101;0.0833829;-0.126634;0.182147;-0.138486;0.127361;-0.123211;0.126305;-7.77751e-07;0.0996147;-0.135386;0.0240177;0.0202208;-0.0985646;0;0;1;0.984663;0;0;
87;0.0850187;-0.0720003;0.0838962;0.0068334;-0.0878284;0.102356;0.0369837;-0.00453097;0.0300538;-0.0365462;0.0389676;-0.0371787;-0.00167861;0.203039;-0.118194;0.0822945;0.0118104;-0.057562;0;1;0;1;0;0;
88;0.0456042;-0.0456308;0.0449483;-0.0243373;-0.0229627;0.036026;0.129715;0.00390538;0.125668;-0.0852296;0.130875;-0.129823;-0.000980645;0.155048;-0.069029;0.166891;0.00689712;-0.0265727;0;1;0;0.15501;0;1;
89;-0.0386595;0.0179121;0.0119947;0.0505088;-0.0787018;0.0863337;-0.0272725;0.1053;-0.0296214;0.0532493;-0.0265929;0.0272089;0.00322763;0.0893297;0.0764685;0.060525;0.00402845;-0.0652958;0;0;0.82536;1;0;0;
90;-0.0535016;0.0158244;-0.0239205;-0.186952;0.170495;-0.166052;0.0778565;0.00912179;0.0764913;-0.0375317;0.0782557;-0.0778884;-0.00110542;0.167925;0.0378035;0.147833;-0.00681523;-0.0347921;0;0.7938;0;0.0590962;0;1;
91;-0.158203;0.133993;-0.0626745;0.0177405;-0.0273836;0.0299838;-0.0341466;0.0849344;-0.0349345;0.0576951;-0.0339214;0.0341318;-0.000645626;0.0920051;0.0359417;0.00489174;-0.00398019;-0.0203203;0;0;1;1;0;0;
92;-0.129862;0.117372;-0.0733927;-0.251886;0.24627;-0.244768;0.0419874;0.0083621;0.0415348;-0.0282335;0.0421255;-0.041993;-0.0120601;0.0916586;0.00865596;0.093753;-0.00232468;0.0178979;0;1;0.390992;0;0;1;
93;-0.206519;0.198717;-0.173545;-0.0164683;0.0131569;-0.0122698;-0.0157337;0.0451392;-0.0159997;0.0237678;-0.0156589;0.0157331;-0.00704346;0.0451771;0.00505474;-0.0296513;-0.00135763;0.0104505;0;1;0;1;0;0;
94;-0.234651;0.207294;-0.227784;0.118799;-0.120765;0.12129;0.00379598;0.105775;0.0098236;-0.00382503;-0.0431185;0.0680985;0.0226509;0.0321725;-0.0408459;-0.0716373;-0.000792975;-0.0282894;0.884399;0.99046;0;1;0;0.646809;
95;-0.205618;0.228495;-0.257418;0.19375;-0.194919;0.19521;0.0296696;0.0944035;0.0331925;-0.029697;0.00227529;0.0152011;0.0149585;0.0782369;-0.0238541;-0.0632171;-0.000463168;0.0603609;0.694081;1;0;1;0;0.830373;
96;-0.187944;0.219196;-0.267305;0.230114;-0.230806;0.229442;0.0886384;0.0779218;0.0907066;-0.0886637;0.0726502;-0.0380158;-0.00724249;0.156525;-0.0139311;-0.036922;-0.000270699;0.108641;0.0991107;1;0;0.794753;0;1;
97;-0.213777;0.226627;-0.260124;0.194135;-0.238809;0.20644;0.152611;0.0490766;0.153819;-0.15262;0.143274;-0.0828756;-0.00423005;0.206777;-0.00813615;0.0387585;-0.000158346;0.105532;0;1;0;0.466398;0;1;
98;-0.210682;0.212335;-0.237748;0.159353;-0.225299;0.177693;0.200069;0.0407179;0.200775;-0.179632;0.194617;-0.113477;-0.00247087;0.241566;-0.00475212;0.0486568;-9.28066e-05;0.0947978;0;1;0;0.626845;0;1;
