1;-0.000363587;0.000116064;9.94838e-05;-0.000363587;0.000116064;9.94836e-05;0.0349769;0.0347456;0.0352594;0.034977;0.0347457;0.0352595;0.808667;0.808665;0.808666;0.808667;0.808665;0.808666;0;0;0;0;0;0;
2;0.0191213;-0.0287987;-0.036981;0.0394125;0.0142758;0.0226431;0.0768288;0.150405;0.143321;0.160417;0.211226;0.207996;0.472403;0.472389;0.472389;0.472401;0.472349;0.472383;0;0.968867;1;1;1;1;
3;0.017567;-0.0189467;-0.0234761;0.0255405;0.0277749;0.0271072;0.0449538;0.106938;0.0969833;0.0936069;0.123446;0.121388;0.275899;0.275899;0.275896;0.275899;0.275869;0.275887;0.320792;1;1;0.932829;0.695757;0.180509;
4;0.0108939;-0.0117012;-0.013075;0.0142814;0.016855;0.0151961;0.0262243;0.0625059;0.0566197;0.0547029;0.0720707;0.0709201;0.161124;0.161136;0.161132;0.161134;0.161113;0.161123;0.35285;1;1;1;1;1;
5;0.00723854;-0.00770981;-0.00675976;0.00746418;0.0107193;0.00799849;0.0150597;0.0542543;0.0439731;0.04113;0.0418393;0.041675;0.0940965;0.0941094;0.0941059;0.0941065;0.0940936;0.0940976;0.673875;1;1;1;1;1;
6;0.00649565;-0.00561017;-0.00284049;0.00325199;0.0073672;0.00356361;0.00813802;0.0508423;0.0381516;0.040795;0.0318209;0.0249986;0.0549529;0.0549649;0.054962;0.0549615;0.0549536;0.0549543;0.795916;1;1;1;1;1;
7;0.00683191;-0.00492273;-0.00041578;0.000655674;-0.00166012;0.000838297;0.00609805;0.0533299;0.0366478;0.0417889;0.0376116;0.0235094;0.0320935;0.0321046;0.0321019;0.0321006;0.0320967;0.0320954;0.846673;1;1;1;1;1;
8;0.00559244;-0.00465556;0.000890492;-0.000750719;-0.00394428;-0.000153917;0.0016305;0.0552636;0.0360518;0.040469;0.0347562;0.0168971;0.0187435;0.018754;0.0187515;0.0187492;0.0187484;0.0187446;0.746266;1;1;0.977276;1;1;
9;0.0038048;-0.00380657;-0.000933793;0.000191045;-0.00418346;0.0025608;-0.00258077;0.0653754;0.0356634;0.042805;0.0340852;0.0181565;0.010947;0.0174983;0.0109553;0.0109519;0.0109528;0.0109476;0.817808;1;1;1;1;1;
10;0.00132704;-0.00132813;-0.00573905;0.00100681;-0.00867763;0.00440918;-0.00663587;0.0604466;0.0328638;0.0500345;0.0251794;0.0196679;0.00639347;0.0143424;0.0161227;0.00639828;0.00639952;0.00639379;0.713031;1;1;1;1;0.80935;
11;-0.0028707;0.00287004;-0.00699792;0.00423372;-0.0114503;0.00622129;-0.0107416;0.064277;0.031337;0.0548595;0.0217959;0.0219075;0.00373428;0.0128727;0.0125454;0.00373924;0.00373987;0.00373456;0.712806;1;1;1;1;0.799843;
12;-0.00997597;0.00997548;-0.0123869;0.0107719;-0.0149871;0.011933;-0.0146236;0.0678922;0.0300248;0.0587291;0.021693;0.0213602;0.00218114;0.0133309;0.0154811;0.00280942;0.00772224;0.00218132;0.602359;1;1;1;1;0.765926;
13;-0.0212838;0.0212833;-0.0226923;0.0217485;-0.0242106;0.0224269;-0.0176702;0.0689221;0.0302202;0.0611489;0.0204223;0.0215544;0.00127391;0.0150366;0.0121728;0.00325632;0.00451226;0.00127418;0.538691;1;1;1;1;0.625556;
14;-0.0379261;0.0379255;-0.038749;0.0381971;-0.0396356;0.0385937;-0.0213812;0.068206;0.0328781;0.057878;0.0219752;0.0196428;0.00074401;0.0150968;0.0119018;0.0029873;0.00263773;0.000744538;0.563335;1;1;1;1;0.859988;
15;-0.0602302;0.0602294;-0.060711;0.0603878;-0.0612287;0.0606201;-0.0136228;0.0598192;0.039282;0.0456496;0.0312909;0.0126075;0.000434218;0.0190686;0.0101299;0.00488143;0.00537928;0.000435573;0;1;1;1;1;1;
16;-0.0866908;0.0866896;-0.0869717;0.0867822;-0.0872738;0.0869185;0.00347831;0.0456078;0.0566473;0.0157058;0.0364569;-0.000871789;0.000253244;0.0262453;0.00591905;0.00634509;0.00314229;0.000256087;0;1;1;1;0.724679;1;
17;-0.113093;0.113092;-0.113257;0.113146;-0.113433;0.113226;0.0349085;0.0055852;0.0659614;-0.0237003;0.0541678;-0.0288194;0.000147559;0.0294677;0.00345789;0.00822957;0.00183484;0.014894;0;1;0.812018;1;0;1;
18;-0.132786;0.132785;-0.132881;0.132817;-0.132985;0.132863;0.0819513;-0.03652;0.100086;-0.0754028;0.0931988;-0.0783872;8.57591e-05;0.0332715;0.00201906;0.00515102;0.00107123;0.0127867;0;1;0;1;0;1;
19;-0.138303;0.138303;-0.138359;0.138322;-0.138419;0.138348;0.135642;-0.109096;0.146233;-0.131816;0.142211;-0.133554;4.95813e-05;0.0232646;0.00117862;0.0030087;0.000625272;0.00748065;0;1;0;1;0;1;
20;-0.123562;0.123561;-0.123594;0.123572;-0.123629;0.123589;0.181339;-0.165824;0.187524;-0.179103;0.185175;-0.180115;2.84442e-05;0.0135915;0.000687786;0.00175677;0.000364814;0.00436714;0;1;0;1;0;1;
21;-0.0843824;0.0843819;-0.0844014;0.0843885;-0.0844219;0.0843992;0.212223;-0.182659;0.215835;-0.210916;0.214463;-0.211506;1.60708e-05;0.00794079;0.000401108;0.00102514;0.000212674;-0.00930723;0;1;0;1;0;1;
22;-0.017303;0.0173026;-0.0173142;0.0173068;-0.0173261;0.0173136;0.228956;-0.176441;0.231066;-0.228191;0.230265;-0.228537;8.78062e-06;0.0055215;0.0002336;0.000597871;0.000123809;-0.0123523;0;1;0;1;0;1;
23;0.0725466;-0.0725468;0.0725401;-0.072544;0.0725331;-0.0725401;0.229439;-0.160179;0.229211;-0.214339;0.230739;-0.222496;4.52501e-06;0.0101274;0.000135798;0.000347634;7.19058e-05;-0.00783078;0;1;0;1;0;1;
24;0.15962;-0.159619;0.159616;-0.159618;0.159612;-0.159616;0.215607;-0.114953;0.21098;-0.18286;0.223452;-0.182893;2.11203e-06;0.0244508;7.88259e-05;-0.0124814;4.15625e-05;-0.00457362;0;1;0;1;0;1;
25;0.222491;-0.22249;0.222489;-0.222491;0.222486;-0.222489;0.199158;-0.0516742;0.196456;-0.130363;0.20374;-0.14551;6.26095e-07;0.0422512;4.53883e-05;-0.00728896;2.38156e-05;-0.00267064;0;1;0;1;0;1;
26;0.261128;-0.261128;0.261127;-0.261129;0.261125;-0.261127;0.170643;-0.0126198;0.169065;-0.0769363;0.173318;-0.109142;-1.6388e-07;0.0343896;2.59731e-05;-0.00425588;1.35225e-05;-0.00701835;0;1;0;1;0;1;
27;0.282493;-0.282494;0.282492;-0.282495;0.282491;-0.282492;0.130116;0.0692912;0.129195;0.00267848;0.131679;-0.0941978;-6.37056e-07;0.0744066;1.50667e-05;0.00824522;7.60209e-06;-0.00409814;0;1;0.44919;1;0;1;
28;0.292154;-0.292156;0.292154;-0.29243;0.292153;-0.292154;0.0740697;0.0723;0.0735304;0.0840963;0.0749825;-0.0530863;0.0116527;0.0434619;0.00287329;0.0506613;0.0169472;-0.00239241;1;1;1;1;1;1;
29;0.290844;-0.296412;0.284667;-0.297599;0.284843;-0.293511;-0.00102408;0.0921979;-0.00132784;0.0961423;0.00434213;0.0132789;0.00680653;0.0253828;0.0324857;0.0295865;0.0444693;-0.00139732;1;0.351072;1;0.228753;1;0;
30;0.282663;-0.285915;0.279055;-0.286608;0.279159;-0.284221;-0.0856673;0.138914;-0.085834;0.141218;-0.0825178;0.092826;0.0154306;0.014823;0.0257172;0.017278;0.0402976;-0.000816375;1;0;1;0;1;0;
31;0.262731;-0.264631;0.260624;-0.265036;0.260684;-0.263642;-0.156384;0.187484;-0.156477;0.188829;-0.154536;0.160568;0.0152379;0.00865604;0.0150225;0.0100899;0.0235375;-0.000477076;1;0;1;0;1;0;
32;0.231433;-0.232543;0.230203;-0.232779;0.230237;-0.231965;-0.203386;0.221551;-0.203436;0.222337;-0.202302;0.205832;0.0089014;0.00505448;0.00877555;0.00589205;0.0137439;-0.000278978;1;0;1;0;1;0;
33;0.189329;-0.189978;0.188611;-0.190116;0.18863;-0.18964;-0.231074;0.241685;-0.2311;0.242144;-0.219774;0.232505;0.00520059;0.00295114;0.00512644;0.00344056;-0.00966753;-0.000163308;1;0;1;0;1;0;
34;0.133803;-0.134181;0.133383;-0.134262;0.133394;-0.133985;-0.239888;0.251865;-0.225278;0.252133;-0.227987;0.246504;0.00303932;0.00172279;0.00299518;0.00200885;-0.0195686;-9.5803e-05;1;0;1;0;1;0;
35;0.0591094;-0.0593293;0.0588646;-0.0593779;0.0588689;-0.0592159;-0.224316;0.249351;-0.216309;0.248817;-0.213875;0.249493;0.00177713;0.00100542;0.00175061;0.0011728;-0.0167094;-5.63647e-05;1;0;1;0;1;0;
36;-0.0359607;0.0358339;-0.0361034;0.0358038;-0.0361039;0.0358984;-0.210322;0.229152;-0.208117;0.236317;-0.171501;0.236751;0.00440952;0.000586478;0.00778734;0.000684478;-0.0130955;-3.32663e-05;1;0;1;0;1;0;
37;-0.132232;0.132159;-0.132315;0.13214;-0.132318;0.132195;-0.176728;0.200021;-0.190614;0.226744;-0.140251;0.224664;0.0025767;0.000341923;0.00454944;0.000399338;-0.00764763;-1.98061e-05;1;0;1;0;1;0;
38;-0.205034;0.204993;-0.205083;0.204981;-0.205088;0.205013;-0.126921;0.164975;-0.160089;0.210382;-0.0985489;0.209167;0.0177398;0.000199099;0.00265852;0.000232801;-0.00446637;-1.19808e-05;1;0;1;0;1;0;
39;-0.250963;0.250939;-0.250991;0.250931;-0.250998;0.25095;-0.0728168;0.156296;-0.111823;0.182815;-0.0517587;0.182104;0.0162871;0.00011573;0.00155415;0.000136318;0.0175116;-7.32778e-06;1;0;1;0.5167;1;0;
40;-0.277088;0.277074;-0.277105;0.277069;-0.277111;0.27708;-0.0347866;0.129001;-0.0257162;0.144493;-0.00105055;0.144073;0.0316873;6.71048e-05;0.0160311;0.00562411;0.0285913;-4.602e-06;1;0;1;0.81666;1;0;
41;-0.289954;0.289947;-0.289964;0.289942;-0.289967;0.28995;0.0133389;0.0833934;0.0761276;0.0924452;0.0560782;0.0921904;0.0185076;0.016028;0.039642;0.0234245;0.0321361;-2.7767e-06;0.966859;0.991974;1;1;1;0.331975;
42;-0.293163;0.319609;-0.293169;0.302291;-0.293171;0.292518;0.0397203;0.0167817;0.125533;0.0220632;0.0676561;0.0219155;0.0108082;0.0208452;0.0231561;0.0136838;0.018768;0.0296888;0;1;1;1;0.418946;1;
43;-0.287144;0.302591;-0.287147;0.292474;-0.287148;0.263241;0.0984937;-0.0654829;0.148934;-0.0624095;0.114808;-0.0624862;0.00631164;0.026301;0.0135256;0.0100706;0.01096;0.0308396;0;1;1;0.749478;0;1;
44;-0.270065;0.279089;-0.270068;0.273179;-0.270068;0.216714;0.160115;-0.14082;0.189572;-0.139041;0.169642;-0.139074;0.00368556;0.0237464;0.00789854;0.00588145;0.00640019;0.020777;0;1;0;0.674183;0;1;
45;-0.241493;0.246763;-0.241495;0.243312;-0.241495;0.186365;0.204841;-0.179169;0.222044;-0.192534;0.210405;-0.192547;0.0021519;0.0138709;0.00461223;0.00343437;0.00373722;0.0121352;0;1;0;1;0;1;
46;-0.202303;0.205379;-0.202304;0.203366;-0.202304;0.170107;0.232108;-0.17757;0.242155;-0.22492;0.235358;-0.224924;0.00125612;0.0285676;0.00269296;0.00200474;0.00218209;0.0070867;0;1;0;1;0;1;
47;-0.150865;0.152659;-0.150866;0.151486;-0.150865;0.132062;0.246834;-0.170384;0.252701;-0.242635;0.248731;-0.227105;0.000732838;0.0279684;0.001572;0.00116949;0.00127393;0.0041375;0;1;0;1;0;1;
48;-0.0819841;0.0830307;-0.0819844;0.0823466;-0.0819842;0.0710029;0.252882;-0.16192;0.25278;-0.234353;0.251605;-0.215326;0.000427364;0.0263335;0.000917478;0.000682275;0.000743514;0.00241702;0;1;0;1;0;1;
49;0.00835603;-0.00774478;0.00835589;-0.00814411;0.00835524;-0.0147689;0.234084;-0.129414;0.234693;-0.194185;0.235543;-0.204941;0.000248938;0.0317935;0.000535178;0.0116682;0.000433739;0.00141202;0;1;0;0.876548;0;1;
50;0.107335;-0.106977;0.107335;-0.107211;0.107334;-0.11108;0.218455;-0.151825;0.22075;-0.193339;0.21168;-0.199067;0.000144882;0.0185707;0.000312026;0.00681556;0.00025276;-0.00181683;0;1;0;1;0;1;
51;0.187853;-0.187643;0.187853;-0.18778;0.187852;-0.19004;0.209946;-0.0964935;0.211286;-0.140843;0.180171;-0.171075;8.41193e-05;0.0176377;0.000181694;0.00436743;0.000147098;-0.00398617;0;1;0;1;0;1;
52;0.240617;-0.240495;0.240617;-0.240575;0.240616;-0.241894;0.187849;-0.0476101;0.188632;-0.097722;0.170461;-0.127568;4.86374e-05;0.024104;0.000105586;0.00624778;8.54611e-05;-0.00232728;0;1;0;1;0;1;
53;0.27144;-0.271369;0.27144;-0.271416;0.271439;-0.272186;0.154125;-0.00727174;0.154584;-0.0307193;0.14397;-0.0776834;2.78934e-05;0.0312748;0.00477554;0.015009;4.95062e-05;0.000362682;0;1;0.837362;1;0;1;
54;0.287467;-0.287426;0.287468;-0.287455;0.287466;-0.287902;0.107202;0.0317409;0.107478;0.0616331;0.101273;-0.0625603;1.58246e-05;0.0233606;0.0109499;0.0310732;2.85951e-05;0.0002127;0;1;1;1;0;1;
55;0.203676;-0.203656;0.203677;0.0826421;-0.0825939;0.0824031;0.0825676;0.0157023;0.0839456;0.031739;0.0791078;-0.0533484;8.87155e-06;0.0191992;0.00822474;0.0186557;1.68519e-05;0.000124686;0;1;1;1;0;0;
56;0.152836;-0.152825;0.152836;0.285481;-0.285431;0.285341;0.112362;-0.0535793;0.113168;-0.0456035;0.110338;-0.0414852;4.85799e-06;0.0249499;0.00480362;0.0186946;9.51734e-06;0.0681136;0;1;0.463386;1;0;1;
57;0.195958;-0.195955;0.195963;0.0600369;-0.0599908;0.0599537;-0.0317217;0.0660545;-0.0312402;0.0707146;-0.0328975;0.0731253;0.0602183;0.0145715;0.0549094;0.013484;0.0768009;0.0397812;1;0;1;0.673741;1;0;
58;0.188277;-0.203716;0.203723;-0.0542159;0.0542434;-0.0542647;-0.1286;0.148661;-0.128321;0.151384;-0.129272;0.152792;0.0351773;0.00850953;0.0320735;0.00787415;0.0787735;0.0232312;1;0;1;0;1;0;
59;0.177876;-0.186895;0.186901;-0.0995875;0.099605;-0.099616;-0.187606;0.199325;-0.187437;0.200916;-0.187987;0.201739;0.0205472;0.0049691;0.0187367;0.00459808;0.046012;0.0135664;1;0;1;0;1;0;
60;0.145294;-0.150563;0.150567;-0.102633;0.113523;-0.102567;-0.221309;0.228156;-0.213046;0.229085;-0.21367;0.229565;0.0120029;0.00290135;0.0131661;0.00268487;0.0268699;0.00792229;1;0;1;0;1;0;
61;0.090679;-0.0937577;0.093762;-0.0657662;0.072129;-0.0657278;-0.238829;0.242829;-0.179337;0.243371;-0.213005;0.243651;0.0070111;0.00169386;0.024059;0.0015676;0.0156892;0.00462613;1;0;1;0;1;0;
62;0.0111837;-0.0129828;0.0129828;0.00336634;0.000354523;0.00338871;-0.213067;0.235151;-0.201536;0.240606;-0.189285;0.234474;-0.0811232;0.000988564;0.014054;0.000914944;-0.00295006;0.00270117;1;0;1;0;1;0;
63;-0.0851123;0.0840593;-0.084063;0.0936105;-0.0914326;0.0936235;-0.223003;0.225754;-0.196648;0.224614;-0.19721;0.226073;-0.0473785;0.000576846;0.00820895;0.000533809;-0.0137114;0.00157702;1;0;1;0;1;0;
64;-0.170957;0.17034;-0.170346;0.175921;-0.174645;0.175929;-0.216738;0.218345;-0.172489;0.217679;-0.161974;0.218531;-0.0276723;0.000336336;0.00479544;0.000311303;-0.0257423;0.000920554;1;0;1;0;1;0;
65;-0.230054;0.229691;-0.229697;0.232952;-0.232206;0.232957;-0.0909265;0.197782;-0.130037;0.197393;-0.0917589;0.197891;-0.0161631;0.000196058;0.015342;0.000181318;-0.0163874;0.000537146;1;0;1;0;1;0;
66;-0.375647;0.26532;-0.265322;0.267224;-0.26679;0.267226;-0.0101382;0.166145;-0.0926314;0.16592;-0.0166884;0.166209;0.0474731;0.000113887;0.0089618;0.011508;0.0497665;0.000313277;1;0;1;0.654664;1;0;
67;-0.256422;0.19199;-0.19199;-0.103153;0.103441;-0.103149;0.025812;0.071478;-0.0285338;0.07136;0.0907688;0.0715275;0.0277274;0.0190034;0.0116128;0.0215819;0.0292594;0.0599371;0.969444;1;1;1;0.755357;1;
68;-0.276257;0.238631;-0.238629;0.066261;-0.0660886;0.0662687;0.0504583;0.0330958;-0.00777235;0.0380548;0.0616589;0.0331271;0.0161955;0.0111009;0.0067838;0.017534;0.0170883;0.0350057;1;1;1;1;0;1;
69;-0.282206;0.245733;-0.260231;0.159568;-0.159468;0.159576;0.0815666;-0.0265467;0.047561;-0.0298693;0.0881063;-0.0327425;0.00945788;0.0308144;0.00396205;0.0138784;0.00997897;0.0340214;0;1;0.0648579;0.987202;0;1;
70;-0.275405;0.258725;-0.262571;0.203784;-0.203727;0.203786;0.13802;-0.0935188;0.11816;-0.107827;0.141839;-0.109492;0.00552301;0.0456375;0.00231343;0.00810641;0.00582721;0.0401609;0;1;0;0.521027;0;1;
71;-0.255344;0.245603;-0.24785;0.209673;-0.213484;0.213518;0.188708;-0.161842;0.177111;-0.171073;0.190939;-0.172039;0.00322504;0.0295722;0.00135061;0.00473574;0.00340262;0.0281811;0;1;0;0.839884;0;1;
72;-0.223323;0.217636;-0.218947;0.196649;-0.198878;0.198898;0.222528;-0.183142;0.215755;-0.212229;0.22383;-0.203179;0.001883;0.0172755;0.000788314;0.00276627;0.00198656;0.022095;0;1;0;0.678088;0;1;
73;-0.179845;0.176525;-0.17729;0.164264;-0.165569;0.165584;0.242076;-0.193006;0.238121;-0.23606;0.242837;-0.220047;0.00109918;0.0100923;0.000459903;0.00161604;0.0011596;0.0129067;0;1;0;1;0;1;
74;-0.121826;0.119887;-0.120333;0.112724;-0.113489;0.1135;0.251688;-0.183461;0.249378;-0.248173;0.252132;-0.206883;0.000641422;0.00589543;0.000268096;0.000944089;0.000676604;0.00754043;0;1;0;0.633407;0;1;
75;-0.0435187;0.0423878;-0.0426471;0.0382013;-0.03865;0.0386584;0.248172;-0.175024;0.247515;-0.22759;0.24777;-0.218518;0.000374063;0.00576997;0.000156048;0.000551666;0.000394571;0.00440562;0;1;0;0.959163;0;1;
76;0.0536697;-0.0543298;0.0541787;-0.0567767;0.0565133;-0.0565068;0.231545;-0.157563;0.232852;-0.206985;0.224348;-0.209923;0.000217941;0.00776636;9.05982e-05;0.000322856;0.000229872;0.00257397;0;1;0;1;0;1;
77;0.147053;-0.147439;0.14735;-0.148868;0.148714;-0.14871;0.218166;-0.133324;0.221511;-0.186182;0.193346;-0.186568;0.000126834;0.0116091;5.24429e-05;0.000188065;0.000133725;0.00150362;0;1;0;1;0;1;
78;0.214853;-0.215077;0.215024;-0.215913;0.215823;-0.215821;0.202468;-0.118016;0.21094;-0.116793;0.160614;-0.149205;7.34927e-05;0.00867593;0.0119331;0.00426114;7.76167e-05;0.000878949;0;1;1;1;0;1;
79;0.256747;-0.256879;0.256844;-0.257367;0.257315;-0.257313;0.174701;-0.0967209;0.183074;-0.0669165;0.150255;-0.103481;4.31766e-05;0.00506795;0.0354818;0.0247391;4.48941e-05;0.000514255;0.970494;1;1;1;0;1;
80;0.280155;-0.280234;0.368226;-0.280519;0.280488;-0.280484;0.135243;-0.0599319;0.14453;-0.0249011;0.120962;-0.0287503;2.58212e-05;0.00296092;0.0265305;0.0144501;2.57078e-05;0.0139141;1;0.847446;1;1;0;1;
81;0.291162;-0.29121;0.342602;-0.291377;0.291358;-0.291355;0.0808402;-0.0368532;0.0862684;0.0454013;0.0724971;0.0547314;1.55495e-05;0.00173036;0.0215429;0.0129485;0.00170486;0.0289038;1;1;1;1;0.978902;1;
82;0.240995;-0.302513;0.326196;-0.292945;0.297138;-0.290867;0.00750696;0.018186;0.0106816;0.0662224;0.00263773;0.0897386;8.40116e-06;0.00101049;0.0168866;0.0075619;0.00269243;0.0168822;1;0.158396;1;0;1;1;
83;0.246124;-0.290686;0.304515;-0.285098;0.287587;-0.283885;-0.0772669;0.0922744;-0.0754058;0.120328;-0.0801049;0.134066;0.0019744;0.000589617;0.0237938;0.00441589;0.0122247;0.0098612;1;0;1;0;1;1;
84;0.225108;-0.269197;0.277271;-0.265934;0.267391;-0.265226;-0.150249;0.159014;-0.149148;0.175397;-0.145804;0.183421;0.0011537;0.000343872;0.0429266;0.00257856;0.0322188;0.00575869;0.845227;0;1;0;1;0;
85;0.211623;-0.237373;0.242087;-0.235467;0.236321;-0.235053;-0.199588;0.204707;-0.198473;0.214275;-0.179611;0.21896;0.000674142;0.000200347;0.0250775;0.0015055;0.0225355;0.00336262;1;0;1;0;1;0;
86;0.180432;-0.195472;0.198226;-0.194359;0.194861;-0.194118;-0.228941;0.231931;-0.212031;0.237518;-0.199924;0.240255;0.000393878;0.000116498;0.014649;0.000878762;0.0131637;0.00196326;1;0;1;0;1;0;
87;0.132201;-0.140986;0.142597;-0.140336;0.140631;-0.140195;-0.244641;0.246387;-0.209284;0.24965;-0.205324;0.251248;0.000230084;6.74458e-05;0.00855786;0.000512759;0.00768665;0.00114608;1;0;1;0;1;0;
88;0.0630378;-0.0681702;0.0691144;-0.0677908;0.0679652;-0.0677084;-0.240788;0.250529;-0.210912;0.25146;-0.19842;0.250795;0.000134474;3.88226e-05;0.00499961;0.000298991;0.00448732;0.00066882;1;0;1;0;1;0;
89;-0.0284807;0.0254813;-0.0249255;0.0257023;-0.0255993;0.0257504;-0.216724;0.231667;-0.21012;0.235947;-0.180367;0.23637;7.92404e-05;2.20669e-05;0.00292037;0.000174146;0.00182191;0.000390103;1;0;1;0;1;0;
90;-0.124874;0.12312;-0.122791;0.123248;-0.123189;0.123276;-0.179702;0.208416;-0.204058;0.210188;-0.155871;0.206707;0.00797404;1.23334e-05;-0.00243831;0.000101298;-0.00280324;0.000227282;1;0;1;0;1;0;
91;-0.199893;0.198866;-0.198669;0.198939;-0.198907;0.198955;-0.127624;0.201331;-0.169144;0.202366;-0.104611;0.197755;0.0228123;6.6447e-06;-0.00142536;5.8828e-05;-0.0097563;0.000132336;1;0;1;0;1;0;
92;-0.247885;0.247282;-0.247164;0.247324;-0.24731;0.247334;-0.0858468;0.179511;-0.155621;0.182815;-0.0693798;0.177423;0.0168907;3.37698e-06;-0.000833945;0.0199558;0.0220733;7.69038e-05;1;0;1;1;1;0;
93;-0.275453;0.275097;-0.275025;0.275119;-0.275114;0.275128;-0.0380274;0.145088;-0.131134;0.147025;-0.0517513;0.143869;0.0182468;1.58137e-06;-0.00115588;0.0156839;0.0128916;4.45414e-05;1;0;1;1;1;0;
94;-0.366153;0.289105;-0.286495;0.289116;-0.289115;0.289123;0.0472183;0.0962483;-0.0880945;0.0973904;0.0237769;0.0955361;0.0333404;5.59285e-07;-0.000675883;0.0299305;0.00753075;2.5581e-05;1;0;1;0.952938;1;0;
95;-0.338228;0.293229;-0.288364;0.293299;-0.293235;0.29324;0.114761;0.0287522;-0.0239813;0.0294284;0.0417399;0.0283367;0.0236276;9.92199e-07;0.00728713;0.020122;0.00439989;0.00495158;1;0.580303;1;1;0.960814;1;
96;-0.314498;0.2879;-0.285376;0.288258;-0.288221;0.287673;0.138347;-0.0462466;0.0573196;-0.0541334;0.095698;-0.0547632;0.0138011;0.0626097;0.00425634;0.0117536;0.00256921;0.0168535;0.733516;1;0.322152;0.938573;0;1;
97;-0.287685;0.272151;-0.270678;0.27236;-0.272339;0.272017;0.181641;-0.116948;0.134321;-0.132458;0.156734;-0.132814;0.00805926;0.0594485;0.00248529;0.00686731;0.00150006;0.0362071;0;1;0;0.719918;0;1;
98;-0.253843;0.244772;-0.243911;0.244892;-0.244881;0.244691;0.217023;-0.16136;0.189388;-0.188297;0.202477;-0.188495;0.00470614;0.0380344;0.00145102;0.00401362;0.000875543;0.0254873;0;1;0;0.877054;0;1;
