1;-0.000363587;0.000116064;9.94837e-05;-0.000363587;0.000116064;9.94837e-05;0.0349769;0.0347456;0.0352595;0.0349769;0.0347456;0.0352595;0.808667;0.808665;0.808666;0.808667;0.808665;0.808666;0;0;0;0;0;0;
2;-0.00104179;0.000798649;0.000897805;-0.00166519;0.00113603;0.000661692;0.121451;0.122986;0.122924;0.120163;0.123549;0.125634;0.472386;0.472389;0.472387;0.472377;0.472378;0.472389;1;0.797196;1;0.718552;0.93661;1;
3;-0.000960102;0.000193011;0.000744312;-0.00163212;0.00148071;0.000536698;0.071012;0.0717396;0.0718719;0.0700906;0.0722375;0.0732848;0.275879;0.275882;0.27588;0.275875;0.275876;0.275882;0;0;0;0;0;0;
4;-0.00453557;-0.00874875;-0.00504035;0.00468535;0.0100739;0.00745714;0.0866211;0.0957316;0.104996;0.0815098;0.0971913;0.105783;0.161119;0.161119;0.161123;0.161115;0.161118;0.161123;0.153521;0.81962;0.394157;0.81247;0.576012;0.967857;
5;-0.00263711;-0.0067885;-0.00331251;0.00411753;0.0091967;0.00653474;0.122998;0.126477;0.130332;0.12543;0.133154;0.139332;0.109312;0.12047;0.126541;0.105258;0.115272;0.117099;1;0.74679;0.871121;0.72347;0.692445;1;
6;-0.00196961;-0.00595651;-0.002565;0.00198669;0.00672958;0.00451186;0.116611;0.123911;0.125822;0.127676;0.136409;0.144015;0.105399;0.113335;0.123593;0.111354;0.119089;0.117404;1;0.667573;0.899398;0.704486;0.673623;1;
7;-0.00180145;-0.00588255;-0.00251348;0.00187303;0.00651998;0.00431455;0.119866;0.127511;0.129593;0.127522;0.135222;0.14211;0.108736;0.116257;0.126307;0.101757;0.111288;0.110053;1;0.628056;0.851813;0.709561;0.701488;1;
8;-0.00187654;-0.0062071;-0.0027921;0.00167161;0.00603514;0.00393047;0.118823;0.127482;0.127337;0.122964;0.128475;0.139324;0.112646;0.118814;0.131536;0.102655;0.114948;0.10906;1;0.611682;0.874482;0.696111;0.7532;1;
9;-0.00119601;-0.00524195;-0.00199738;0.00158982;0.0058719;0.00383113;0.112795;0.125153;0.124517;0.127912;0.129777;0.145999;0.108755;0.11081;0.124693;0.105603;0.122026;0.108746;1;0.608203;0.962258;0.726385;0.994863;1;
10;-0.00152975;-0.0052361;-0.00211327;0.00176191;0.00620108;0.00425759;0.113185;0.126922;0.124251;0.131528;0.131807;0.14622;0.103647;0.103653;0.119512;0.103509;0.122267;0.111442;1;0.603671;0.999166;0.752526;1;1;
11;-0.0025621;-0.00635189;-0.00336085;0.00262989;0.00663476;0.00487405;0.111233;0.1273;0.122128;0.130401;0.127502;0.1444;0.112288;0.108376;0.126082;0.0964803;0.119782;0.107218;1;0.537777;1;0.714595;1;1;
12;-0.00403378;-0.00724245;-0.00465094;0.00484432;0.00880793;0.00722768;0.107601;0.127144;0.11797;0.130265;0.125915;0.144662;0.117786;0.107751;0.128001;0.0934952;0.120139;0.107673;1;0.49871;1;0.700574;1;1;
13;-0.0077259;-0.0108014;-0.00854799;0.00729557;0.0104083;0.00941257;0.104441;0.123291;0.11603;0.133076;0.12823;0.148671;0.115347;0.103209;0.117118;0.0942751;0.124237;0.113593;1;0.51701;1;0.735748;1;1;
14;-0.0108356;-0.0130177;-0.0117419;0.0116077;0.0138877;0.013587;0.108495;0.124063;0.119523;0.130762;0.12867;0.147647;0.115754;0.10437;0.110494;0.0894477;0.119116;0.114663;1;0.551958;1;0.822629;1;1;
15;-0.0160566;-0.0172387;-0.0171197;0.0167543;0.0178263;0.0185686;0.124449;0.13054;0.133042;0.113569;0.118478;0.128458;0.115442;0.111116;0.102514;0.089223;0.114605;0.127191;0.914587;0.658377;1;0.928734;0.916331;1;
16;-0.0203001;-0.0200208;-0.0215917;0.0219893;0.0213109;0.0235083;0.139136;0.128139;0.145333;0.0984767;0.122197;0.11387;0.110287;0.123072;0.0915397;0.0931253;0.0988447;0.138988;0.596518;0.885596;1;1;0.627677;1;
17;-0.0460995;-0.000934806;-0.007034;0.0713624;-0.00230369;0.0708985;0.142271;0.114911;0.178528;0.0530766;0.111812;0.0994956;0.0745287;0.176036;0.0668162;0.0958713;0.0577293;0.142149;0.313257;0.782926;1;0.928424;0.761644;1;
18;-0.0843408;0.00262358;-0.00510242;0.108413;-0.0680848;0.106608;0.174144;0.113039;0.22252;-0.00516608;0.126862;0.0538485;0.0435278;0.243552;0.0587331;0.0938751;0.0337134;0.157523;0.613659;0.783084;0.817252;1;0;1;
19;-0.10664;0.00670051;-0.0131967;0.124069;-0.100519;0.118186;0.19043;0.108663;0.254766;-0.0468468;0.16187;0.0174929;0.025421;0.275143;0.0434394;0.119735;0.0196879;0.181211;0.482757;1;0.577432;0.894102;0;1;
20;-0.0747973;0.0417749;-0.0421716;0.0779968;-0.109869;0.0789613;0.213336;0.106331;0.265249;-0.0740304;0.196656;-0.0446388;0.0148432;0.339794;0.0253698;0.134123;0.0114972;0.142239;1;0.763641;0.35914;0.687269;0;1;
21;-0.0741443;0.041295;-0.038146;0.0577721;-0.076386;0.0573018;0.23091;0.103914;0.242686;-0.072647;0.221168;-0.0478691;-0.0377194;0.311507;0.0148162;0.162147;0.00671375;0.154366;1;1;0.47962;0.807721;0;1;
22;-0.081571;0.0260972;0.00700126;0.00176677;-0.0126335;0.00148967;0.224447;0.0930517;0.228397;-0.0702743;0.23418;-0.0696814;-0.0428659;0.320831;0.0160708;0.142219;0.00392024;0.153492;1;0.510541;0;0.79122;0;1;
23;-0.0884436;0.0157615;0.0848336;-0.0816068;0.0752729;-0.0817805;0.22482;0.0949574;0.223188;-0.0626106;0.227668;-0.0783949;-0.0500593;0.334943;0.0165664;0.147569;0.00228879;0.108925;1;0.411148;0;0.563855;0;1;
24;-0.0884001;0.0127316;0.163709;-0.152836;0.161212;-0.165016;0.219998;0.108626;0.202162;-0.0403109;0.188786;-0.0792001;-0.0672341;0.315222;0.0183652;0.157245;0.00133612;0.0753075;1;0.43201;0.0243798;0.400036;0;1;
25;-0.0385874;-0.0168829;0.22488;-0.191747;0.22342;-0.225642;0.205442;0.077718;0.191307;-0.018207;0.153701;-0.111244;-0.0419486;0.275888;0.0107248;0.120823;0.000779713;0.0262388;1;0.798522;0;0.599848;0;1;
26;0.0018654;-0.0419909;0.262522;-0.21167;0.26167;-0.262966;0.174316;0.0826573;0.166057;-0.00550702;0.144096;-0.0899584;-0.0279154;0.205117;0.00626254;0.127879;0.000454944;-0.0454857;1;0.215872;0;0.267416;0;1;
27;-0.0430553;-0.104261;0.283307;-0.23256;0.28281;-0.283545;0.132265;0.0680279;0.127438;0.0741941;0.114613;-0.0221624;-0.0461953;0.137565;0.0036571;0.119329;0.000265211;-0.0289255;1;0.349347;0;0.700245;0;1;
28;0.099645;-0.188066;0.29263;-0.223253;0.325475;-0.293254;0.0834883;0.0416482;0.0725005;0.0794358;0.0650132;-0.0794786;0.0190461;0.0803376;0.00213545;0.0730095;0.00857172;-0.11766;1;0;0;0.232485;0.323978;1;
29;0.179373;-0.231944;0.300298;-0.251397;0.315589;-0.264066;0.00448164;0.0686026;-0.00194359;0.0956888;0.0275143;-0.00956266;0.0288476;0.0469159;0.00124659;0.0426381;0.147235;-0.181423;1;0;0;0;0.0430287;1;
30;0.159629;-0.248266;0.294443;-0.259627;0.279816;-0.241428;-0.0824415;0.125134;-0.086211;0.140953;0.0306174;0.0794693;0.0300967;0.0273985;-0.0256958;0.0249;0.208458;-0.158574;1;0;0.61728;0;0.342049;1;
31;0.128035;-0.242645;0.269611;-0.249279;0.256109;-0.240057;-0.145103;0.179436;-0.156703;0.188675;0.036509;0.137142;0.0650174;0.0160003;-0.0150055;0.014541;0.249627;-0.145857;1;0;1;0;1;1;
32;0.0867844;-0.219703;0.235452;-0.223578;0.227573;-0.250303;-0.166415;0.216851;-0.203571;0.222246;0.0552682;0.16328;0.058617;0.00934357;-0.00681521;0.00849139;0.251466;-0.118903;1;0;1;0;1;1;
33;0.0711455;-0.182479;0.191681;-0.184742;0.200655;-0.213499;-0.137746;0.23894;-0.156074;0.24209;-0.00686827;0.197905;0.114506;0.0054563;0.062203;0.00495815;0.196622;-0.0743157;1;0;1;0;1;0;
34;0.0262678;-0.129803;0.135182;-0.131124;0.140407;-0.147918;-0.104915;0.250261;-0.11945;0.252102;-0.0351977;0.226298;0.129024;0.00318545;0.0991394;0.00289552;0.136229;-0.0434;0.872826;0;1;0;1;0;
35;-0.0541378;-0.0567728;0.0599211;-0.0575444;0.0629588;-0.0673519;-0.133926;0.250842;-0.172394;0.247889;0.000120572;0.239889;0.0765085;0.0018598;0.0579081;0.00169037;0.178631;-0.0253458;1;0;1;0;1;0;
36;-0.129453;0.0373264;-0.0354735;0.0368755;-0.0337148;0.0311477;-0.103112;0.234062;-0.131371;0.233412;-0.0210493;0.232258;0.0940019;0.00108564;0.0615535;0.000986536;0.145375;-0.0148024;1;0;1;0;1;0;
37;-0.215886;0.13303;-0.131932;0.132767;-0.130917;0.129421;-0.0823333;0.205277;-0.125251;0.203956;-0.00363925;0.204856;0.0832695;0.000633284;0.0638206;0.000575843;0.133287;-0.00864484;1;0;1;0;1;0;
38;-0.289033;0.205501;-0.20485;0.205347;-0.204262;0.203394;-0.0643668;0.196846;-0.109562;0.197074;0.0200028;0.1976;0.0768723;0.000369388;0.053083;0.000335765;0.126375;-0.00504901;1;0;1;0;1;0;
39;-0.327639;0.251236;-0.250851;0.251145;-0.250509;0.250005;-0.0148505;0.174909;-0.0748296;0.175041;0.0314354;0.175349;0.0676461;0.000215179;0.0445866;0.000195714;0.0932021;-0.00294898;1;0;0.91267;0;1;0;
40;-0.342091;0.277247;-0.276357;0.266355;-0.267261;0.276528;0.0206528;0.139871;-0.0388944;0.139949;0.0344514;0.140127;0.0766041;0.000125216;0.026042;-0.00900481;0.0595393;-0.00172258;1;0;1;0.490685;1;0;
41;-0.335281;0.290047;-0.267473;0.268947;-0.282492;0.289627;0.0700764;0.0897368;0.00358796;0.0897883;0.0239496;0.0898861;0.0547984;0.00915676;0.0142418;0.010643;0.0347714;-0.00100632;1;0.438587;1;0.733506;1;0;
42;-0.334034;0.27547;-0.279976;0.263188;-0.290782;0.291911;0.0786472;0.0320598;0.0340295;0.0300181;0.0459159;0.0205642;0.0320024;0.084169;-0.019312;0.0716022;0.0049867;0.0297093;0;1;1;0.717231;0.374545;1;
43;-0.311012;0.217434;-0.300204;0.253282;-0.285753;0.284532;0.121227;0.0331952;0.095174;-0.0577506;0.102111;-0.0632737;0.0186887;0.148077;-0.014303;0.0892059;0.00291184;0.0586723;0;1;0.622644;0.605461;0;1;
44;-0.284004;0.174591;-0.277693;0.232;-0.269253;0.265616;0.173391;0.0298456;0.158176;-0.120331;0.162227;-0.126106;0.0109137;0.21151;-0.0089748;0.0975256;0.00170011;0.0619866;0;1;0;0.456044;0;1;
45;-0.249633;0.135334;-0.245947;0.215383;-0.241019;0.23889;0.212594;0.0162504;0.203709;-0.127034;0.206075;-0.125646;0.00637298;0.205542;-0.00524174;0.100651;0.000992432;0.0766238;0;1;0;0.591403;0;1;
46;-0.207057;0.0871678;-0.204904;0.18705;-0.202026;0.200783;0.236636;0.0103971;0.231447;-0.130813;0.232829;-0.121806;0.00372143;0.186894;-0.00306153;0.101725;0.000578939;0.0869571;0;1;0;0.550207;0;1;
47;-0.153641;0.0248131;-0.152384;0.14195;-0.150703;0.149981;0.249478;0.0150262;0.246448;-0.14376;0.247254;-0.140019;0.00217275;0.195748;-0.00178839;0.0809849;0.000337542;0.0848717;0;1;0;0.715136;0;1;
48;-0.0836051;0.00836705;-0.0828711;0.0767666;-0.0818898;0.0814776;0.249756;-0.00256563;0.249353;-0.127958;0.247112;-0.136442;0.00126837;0.176567;-0.00104492;0.108671;0.000196583;0.0833843;0;1;0;0.613615;0;1;
49;0.00740908;-0.0513489;0.00783772;-0.0114138;0.0084107;-0.00864012;0.234963;0.00872004;0.239182;-0.116049;0.236625;-0.144226;0.000740295;0.169333;-0.000610675;0.0904548;0.000114131;0.0685379;0;1;0;0.792724;0;1;
50;0.106782;-0.132441;0.107032;-0.109126;0.107367;-0.107494;0.215171;0.0139239;0.213682;-0.092824;0.214345;-0.129838;0.00043181;0.160239;-0.000357173;0.0815892;6.61494e-05;0.0601134;0;1;0;0.886616;0;1;
51;0.187529;-0.202512;0.187676;-0.18889;0.187871;-0.187949;0.208028;0.0227763;0.204978;-0.0600058;0.207546;-0.107698;0.000251776;0.141677;-0.000208969;0.0811045;3.80655e-05;0.0599648;0;1;0;0.858308;0;1;
52;0.240428;-0.249177;0.240514;-0.241214;0.240628;-0.240677;0.186729;0.0453151;0.184948;-0.0325806;0.186447;-0.0835031;0.000146594;0.121924;-0.000122483;0.0692293;2.17014e-05;0.0436203;0;1;0;0.94374;0;1;
53;0.262669;-0.273286;0.27138;-0.266311;0.271446;-0.271479;0.153471;0.0498091;0.152431;0.0119875;0.153306;-0.0467032;-0.0117426;0.083948;-7.19495e-05;0.0716981;1.22017e-05;0.0308764;0.645556;1;0;0.946649;0;1;
54;0.269305;-0.288543;0.287432;-0.277389;0.287471;-0.287489;0.106825;0.0476538;0.106213;0.0561397;0.106725;-0.00758764;-0.00889373;0.0490368;-4.24133e-05;0.0726094;6.71715e-06;0.0180281;1;1;0;0.690652;0;1;
55;0.263075;-0.297324;0.291296;-0.286337;0.286338;-0.293555;0.0522369;0.0630843;0.042066;0.0712076;0.0423704;0.0155371;0.051272;0.0286357;0.0263025;0.0424072;0.0577797;-0.00418275;1;0.480207;0.929917;0.196921;0.815133;1;
56;0.259646;-0.292246;0.286822;-0.286545;0.238044;-0.304037;-0.0336218;0.100984;-0.0395642;0.105728;0.0317174;0.0732228;0.0762847;0.0167227;0.0536281;0.0247652;0.133876;0.000933492;0.969954;0;1;0;0.963215;1;
57;0.230384;-0.277376;0.252203;-0.274046;0.17715;-0.284263;-0.111785;0.15632;-0.112172;0.159091;0.031431;0.140108;0.0988478;0.00976567;0.0629637;0.0144623;0.188403;0.000505786;0.691595;0;1;0;1;0.343448;
58;0.178359;-0.251266;0.206659;-0.249321;0.15511;-0.255287;-0.123782;0.201376;-0.136565;0.202994;0.0178748;0.191909;0.107823;0.00570272;0.0632013;0.00844535;0.202044;0.00029491;0.753311;0;1;0;1;0;
59;0.163454;-0.214663;0.183406;-0.213528;0.09855;-0.217012;-0.135265;0.230111;-0.1287;0.231056;-0.000809495;0.224582;0.108538;0.00332974;0.0810552;0.00493166;0.204564;0.000171823;0.819237;0;1;0;1;0;
60;0.136869;-0.166779;0.148525;-0.166116;0.0526797;-0.16815;-0.134719;0.246134;-0.136706;0.246686;0.00718563;0.242905;0.0848152;0.00194398;0.0827792;0.00287952;0.19613;9.98446e-05;1;0;1;0;1;0;
61;0.0857505;-0.103227;0.0925749;-0.10284;0.036484;-0.104028;-0.125081;0.252285;-0.137258;0.252611;-0.000462717;0.251442;0.0985296;0.0011347;0.0751013;0.00168115;0.182394;5.78062e-05;0.978797;0;1;0;1;0;
62;0.00829393;-0.0185107;0.0123;-0.0182843;-0.0204695;-0.0189783;-0.118202;0.241173;-0.144381;0.24022;0.00413331;0.243878;0.0918704;0.000662027;0.0710742;0.000981317;0.172316;3.32878e-05;1;0;1;0;1;0;
63;-0.086807;0.0808342;-0.0844535;0.0809663;-0.103597;0.080561;-0.101543;0.220994;-0.133403;0.221936;0.00782323;0.220677;0.085177;0.000386073;0.0651046;0.000572592;0.163837;1.89279e-05;1;0;1;0;1;0;
64;-0.171945;0.16846;-0.170573;0.168537;-0.181751;0.168301;-0.0732732;0.188953;-0.112964;0.191444;0.0145981;0.187685;0.0875393;0.000224884;0.0679438;0.000334096;0.146845;1.07285e-05;1;0;1;0;1;0;
65;-0.230622;0.228596;-0.229835;0.228641;-0.236356;0.228503;-0.0449424;0.180617;-0.0913017;0.182072;0.0398259;0.179876;0.0731015;0.000130782;0.0558852;0.000194626;0.125219;5.79429e-06;1;0;1;0;1;0;
66;-0.259047;0.264681;-0.265408;0.259059;-0.26781;0.264626;-0.000233942;0.156121;-0.053028;0.15697;0.0461131;0.155688;0.0658553;7.59297e-05;0.0387751;-0.00366555;0.0941207;2.95238e-06;1;0;1;0.350436;1;0;
67;-0.274077;0.28421;-0.284636;0.262845;-0.285701;0.284178;0.0429401;0.11673;-0.0126915;0.117228;0.0443086;0.116477;0.0668335;4.3913e-05;0.0226449;-0.00876271;0.0613627;1.33973e-06;1;0;1;0.652176;1;0;
68;-0.283894;0.289985;-0.292094;0.255538;-0.294089;0.291515;0.0695467;0.0595198;0.0329038;0.0671346;0.0612387;0.0593676;0.0466677;0.0273157;-0.0271648;0.0408186;0.0358369;0.00692654;0.480031;0.883896;1;0.957804;0.532003;0.414957;
69;-0.286647;0.24283;-0.310082;0.266309;-0.293702;0.29724;0.0927138;0.033933;0.0713211;-0.0128778;0.0878609;-0.017417;0.0272534;0.110288;-0.0237768;0.0662255;0.0169284;0.0572696;0;1;1;0.726808;0;1;
70;-0.277998;0.211722;-0.293245;0.246162;-0.282118;0.280281;0.14453;0.0261533;0.13204;-0.0922867;0.141695;-0.097625;0.0159154;0.187291;-0.0123606;0.0998355;0.00988575;0.0646406;0;1;0.657451;0.501833;0;1;
71;-0.256858;0.150983;-0.265762;0.222608;-0.259265;0.252519;0.19251;0.0248892;0.185216;-0.130973;0.190855;-0.13092;0.00929396;0.216192;-0.00721903;0.0886337;0.00577289;0.0675321;0;1;0;0.769202;0;1;
72;-0.224208;0.12145;-0.229408;0.197784;-0.225613;0.221672;0.224748;0.00821595;0.220488;-0.129473;0.223782;-0.121207;0.00542721;0.191847;-0.00421631;0.107104;0.00337077;0.0897277;0;1;0;0.665832;0;1;
73;-0.180362;0.0582558;-0.183398;0.163451;-0.181183;0.178884;0.243373;0.00994422;0.240885;-0.145479;0.242808;-0.131507;0.00316902;0.196201;-0.00246271;0.0925067;0.00196788;0.0876761;0;1;0;0.755612;0;1;
74;-0.122127;0.0101308;-0.123901;0.11224;-0.122607;0.121273;0.252445;0.00290835;0.250992;-0.143066;0.252116;-0.129879;0.00185015;0.190949;-0.00143878;0.0898221;0.0011487;0.0809724;0;1;0;0.716827;0;1;
75;-0.0436946;-0.0217141;-0.0447303;0.0379061;-0.043975;0.0432097;0.246435;0.00175525;0.247019;-0.12233;0.244864;-0.138106;0.00108001;0.167498;-0.000840665;0.0934098;0.000670191;0.0836004;0;1;0;0.89159;0;1;
76;0.0535672;-0.0917644;0.0529622;-0.0569607;0.0534033;-0.0538366;0.228814;0.00737811;0.229488;-0.110462;0.226822;-0.134898;0.000630227;0.170705;-0.000491465;0.0801598;0.000390833;0.0623607;0;1;0;0.86515;0;1;
77;0.146994;-0.169296;0.14664;-0.148984;0.146898;-0.147141;0.200131;0.0168488;0.198011;-0.0809276;0.198655;-0.117791;0.00036759;0.147027;-0.000287495;0.0819767;0.000227696;0.0657747;0;1;0;0.974869;0;1;
78;0.214818;-0.22784;0.214612;-0.21598;0.214763;-0.214902;0.191935;0.0305579;0.190697;-0.0496114;0.191073;-0.0949798;0.000214264;0.130713;-0.000168304;0.0774729;0.000132415;0.0585945;0;1;0;0.990682;0;0.926345;
79;0.253055;-0.264146;0.256607;-0.255809;0.256695;-0.256781;0.168547;0.0518482;0.167824;-0.0154661;0.168043;-0.0686552;6.77577e-05;0.100646;-9.87415e-05;0.0664896;7.68608e-05;0.0445557;0.343958;1;0;1;0;1;
80;0.265644;-0.283195;0.280075;-0.273744;0.280126;-0.280179;0.131645;0.0457615;0.131222;0.0332116;0.13135;-0.023485;-0.015623;0.0669477;-5.80434e-05;0.0702772;4.44254e-05;0.0260232;1;1;0;0.907071;0;1;
81;0.262524;-0.29294;0.291117;-0.285528;0.288984;-0.291103;0.0787415;0.0565253;0.0784861;0.068725;0.0785633;0.0198525;0.0234609;0.0391012;-3.41903e-05;0.0538741;0.0105508;-0.0123465;1;1;0;0.595209;0.458404;1;
82;0.26448;-0.302666;0.291164;-0.289041;0.251044;-0.306994;0.00629201;0.0680846;0.00613635;0.0800175;0.0394283;0.0558971;0.05583;0.0228325;0.0517961;0.0314629;0.0971922;-0.0155436;1;0;1;0.0324359;0.880054;1;
83;0.243082;-0.290775;0.277839;-0.282818;0.230263;-0.293306;-0.0726453;0.121415;-0.075905;0.128384;0.0395901;0.114303;0.0977468;0.0133338;0.0686502;0.0183738;0.15716;-0.00271272;1;0;1;0;1;0.547047;
84;0.218992;-0.26925;0.246933;-0.264603;0.158988;-0.270774;-0.130625;0.176032;-0.128848;0.180102;0.0337977;0.171879;0.0876982;0.00778655;0.0674037;0.0107297;0.216243;-0.0010101;1;0;1;0;1;0;
85;0.195912;-0.237403;0.222384;-0.234689;0.141527;-0.238293;-0.128179;0.214645;-0.119403;0.217022;0.0103589;0.21222;0.108146;0.00454682;0.0839433;0.00626555;0.20541;-0.000590353;1;0;1;0;1;0;
86;0.171256;-0.19549;0.186718;-0.193905;0.0779366;-0.19601;-0.138115;0.237734;-0.122053;0.239123;0.00855634;0.236318;0.0922221;0.00265467;0.091197;0.0036587;0.201271;-0.000345185;1;0;1;0;1;0;
87;0.126835;-0.140996;0.135876;-0.14007;0.0205349;-0.141299;-0.143977;0.249776;-0.129004;0.250587;0.0119349;0.248949;0.077492;0.00154979;0.0863366;0.00213607;0.198428;-0.000202097;1;0;1;0;1;0;
88;0.0598942;-0.068176;0.0651971;-0.0676351;-0.00217435;-0.068353;-0.125308;0.248405;-0.126549;0.248539;-0.00410068;0.247211;0.0985594;0.000904451;0.0871181;0.00124698;0.179208;-0.000118519;1;0;1;0;1;0;
89;-0.0303277;0.0254778;-0.0272044;0.0257939;-0.0665613;0.0253745;-0.117678;0.23248;-0.138977;0.234773;0.0133414;0.237725;0.079581;0.000527571;0.074456;0.000727788;0.173221;-6.96754e-05;1;0;1;0;1;0;
90;-0.12596;0.123118;-0.124115;0.123302;-0.147107;0.123058;-0.092384;0.211238;-0.117249;0.212425;0.0152788;0.206209;0.0858386;0.000307575;0.0709573;0.000424532;0.155218;-4.1205e-05;1;0;1;0;1;0;
91;-0.200528;0.198865;-0.199441;0.198972;-0.212868;0.198829;-0.0608343;0.20298;-0.0950406;0.203673;0.0277874;0.197901;0.0813848;0.000179043;0.0658572;0.000247536;0.138686;-2.44392e-05;1;0;0.98779;0;1;0;
92;-0.248251;0.247282;-0.247617;0.247344;-0.255456;0.247261;-0.0293492;0.180474;-0.0734185;0.180878;0.0499278;0.177507;0.0675833;0.000104037;0.055213;0.000144134;0.115231;-1.47138e-05;1;0;0.964232;0;1;0;
93;-0.27042;0.275097;-0.275297;0.26378;-0.270717;0.275085;0.0163268;0.14565;-0.0302534;0.145886;0.0482649;0.143918;0.074532;6.02855e-05;0.0322503;-0.0194967;0.0785977;-8.98199e-06;1;0;1;0.49396;1;0;
94;-0.283262;0.289106;-0.288857;0.265526;-0.286457;0.289098;0.0665802;0.0965767;0.009406;0.0967199;0.0460804;0.0955648;0.0657001;3.48205e-05;0.0188301;-0.0113858;0.0459099;-5.65138e-06;1;0.0333257;1;0.794215;0.847668;0;
95;-0.289565;0.278789;-0.293218;0.26564;-0.292824;0.292617;0.0770201;0.0377036;0.0329538;0.0290397;0.0538625;0.0283551;0.0383683;0.0863425;0.00256339;0.0565649;0.0268088;0.03232;0.0427265;0.768918;1;0.836473;0.317194;0.93602;
96;-0.286078;0.232937;-0.302334;0.246164;-0.287982;0.275441;0.116302;0.0381032;0.0905724;-0.0543464;0.102777;-0.0547489;0.0224065;0.141561;0.0134053;0.0870994;0.0156559;0.0552781;0;1;0.757669;0.623733;0;1;
97;-0.271088;0.171447;-0.280582;0.22398;-0.272199;0.245869;0.168767;0.0302688;0.153742;-0.121223;0.160868;-0.116723;0.0130848;0.203793;0.00868551;0.0960039;0.00914266;0.0626877;0;1;0.153742;0.422028;0;1;
98;-0.24415;0.150448;-0.249695;0.173786;-0.2448;0.199401;0.209504;0.0152013;0.20073;-0.125218;0.204892;-0.131819;0.00764091;0.200191;0.00507187;0.111177;0.00533884;0.071931;0;1;0;0.567489;0;1;
